
iteration: 1
best: [1000.0, 1000.0, 1000.0, 1000.0, 1000.0, 1000.0, 1000.0, 1000.0, 1000.0, 1000.0, 1000.0, 1000.0, 1000.0, 1000.0]
time: [6.56, 9.05, 13.55, 17.4, 21.37, 25.69, 46.13, 50.15, 52.35, 55.17, 60.02, 63.57, 69.41, 71.22]
current_hyper_parameter
v: [12.0, 12.0, 12.0, 12.0, 12.0, 12.0, 12.0, 12.0, 12.0, 12.0, 12.0, 12.0, 12.0, 12.0]
a: [50.0, 50.0, 50.0, 50.0, 50.0, 50.0, 50.0, 50.0, 50.0, 50.0, 50.0, 50.0, 50.0, 50.0]
d: [3.5, 3.5, 3.5, 3.5, 3.5, 3.5, 3.5, 3.5, 3.5, 3.5, 3.5, 3.5, 3.5, 2.0]
BEST_hyper_parameter
v: [-1.0, -1.0, -1.0, -1.0, -1.0, -1.0, -1.0, -1.0, -1.0, -1.0, -1.0, -1.0, -1.0, -1.0]
a: [-1.0, -1.0, -1.0, -1.0, -1.0, -1.0, -1.0, -1.0, -1.0, -1.0, -1.0, -1.0, -1.0, -1.0]
d: [-1.0, -1.0, -1.0, -1.0, -1.0, -1.0, -1.0, -1.0, -1.0, -1.0, -1.0, -1.0, -1.0, -1.0]
WIN: random_idx = 11

iteration: 2
best: [6.56, 9.05, 13.55, 17.4, 21.37, 25.69, 46.13, 50.15, 52.35, 55.17, 60.02, 63.57, 69.41, 71.22]
time: [6.71, 9.17, 13.57, 17.34, 21.2, 25.46, 45.88, 49.91, 52.07, 55.01, 56.96, 59.52, 62.53, 64.34]
current_hyper_parameter
v: [12.0, 12.0, 12.0, 12.0, 12.0, 12.0, 12.0, 12.0, 12.0, 12.0, 12.0, 21.94, 12.0, 12.0]
a: [50.0, 50.0, 50.0, 50.0, 50.0, 50.0, 50.0, 50.0, 50.0, 50.0, 50.0, 50.0, 50.0, 50.0]
d: [3.5, 3.5, 3.5, 3.5, 3.5, 3.5, 3.5, 3.5, 3.5, 3.5, 3.5, 5.0, 3.5, 2.0]
BEST_hyper_parameter
v: [12.0, 12.0, 12.0, 12.0, 12.0, 12.0, 12.0, 12.0, 12.0, 12.0, 12.0, 12.0, 12.0, 12.0]
a: [50.0, 50.0, 50.0, 50.0, 50.0, 50.0, 50.0, 50.0, 50.0, 50.0, 50.0, 50.0, 50.0, 50.0]
d: [3.5, 3.5, 3.5, 3.5, 3.5, 3.5, 3.5, 3.5, 3.5, 3.5, 3.5, 3.5, 3.5, 2.0]
WIN: random_idx = 6

iteration: 3
best: [6.56, 9.05, 13.55, 17.4, 21.37, 25.69, 46.13, 50.15, 52.35, 55.17, 56.96, 59.52, 62.53, 64.34]
time: [6.69, 9.17, 13.62, 17.44, 21.3, 25.56, 41.62, 1000, 1000, 1000, 1000, 1000, 1000, 1000]
current_hyper_parameter
v: [12.0, 12.0, 12.0, 12.0, 12.0, 12.0, 16.25, 12.0, 12.0, 12.0, 12.0, 21.94, 12.0, 12.0]
a: [50.0, 50.0, 50.0, 50.0, 50.0, 50.0, 107.22, 50.0, 50.0, 50.0, 50.0, 50.0, 50.0, 50.0]
d: [3.5, 3.5, 3.5, 3.5, 3.5, 3.5, 3.5, 3.5, 3.5, 3.5, 3.5, 5.0, 3.5, 2.0]
BEST_hyper_parameter
v: [12.0, 12.0, 12.0, 12.0, 12.0, 12.0, 12.0, 12.0, 12.0, 12.0, 12.0, 21.94, 12.0, 12.0]
a: [50.0, 50.0, 50.0, 50.0, 50.0, 50.0, 50.0, 50.0, 50.0, 50.0, 50.0, 50.0, 50.0, 50.0]
d: [3.5, 3.5, 3.5, 3.5, 3.5, 3.5, 3.5, 3.5, 3.5, 3.5, 3.5, 5.0, 3.5, 2.0]

iteration: 4
best: [6.56, 9.05, 13.55, 17.4, 21.37, 25.69, 41.62, 50.15, 52.35, 55.17, 56.96, 59.52, 62.53, 64.34]
time: [6.7, 9.19, 13.58, 17.45, 24.54, 28.41, 44.56, 49.91, 1000, 1000, 1000, 1000, 1000, 1000]
current_hyper_parameter
v: [12.0, 12.0, 12.0, 12.0, 12.0, 12.0, 16.25, 34.96, 34.65, 11.04, 12.0, 17.66, 12.0, 12.0]
a: [50.0, 50.0, 50.0, 50.0, 50.0, 50.0, 107.22, 167.46, 163.29, 20.07, 50.0, 148.48, 50.0, 50.0]
d: [3.5, 3.5, 3.5, 3.5, 3.5, 3.5, 3.5, 3.5, 5.46, 3.5, 3.5, 5.0, 3.5, 2.0]
BEST_hyper_parameter
v: [12.0, 12.0, 12.0, 12.0, 12.0, 12.0, 16.25, 12.0, 12.0, 12.0, 12.0, 21.94, 12.0, 12.0]
a: [50.0, 50.0, 50.0, 50.0, 50.0, 50.0, 107.22, 50.0, 50.0, 50.0, 50.0, 50.0, 50.0, 50.0]
d: [3.5, 3.5, 3.5, 3.5, 3.5, 3.5, 3.5, 3.5, 3.5, 3.5, 3.5, 5.0, 3.5, 2.0]

iteration: 5
best: [6.56, 9.05, 13.55, 17.4, 21.37, 25.69, 41.62, 50.15, 52.35, 55.17, 56.96, 59.52, 62.53, 64.34]
time: [6.71, 9.17, 13.56, 17.28, 19.72, 23.34, 36.28, 1000, 1000, 1000, 1000, 1000, 1000, 1000]
current_hyper_parameter
v: [12.0, 12.0, 12.0, 12.0, 32.53, 26.91, 16.25, 21.68, 23.03, 12.0, 23.97, 11.98, 33.29, 12.0]
a: [50.0, 50.0, 50.0, 50.0, 124.47, 172.09, 107.22, 35.35, 40.01, 50.0, 50.0, 143.46, 128.31, 50.0]
d: [3.5, 3.5, 3.5, 3.5, 3.5, 3.5, 3.5, 3.85, 3.5, 3.5, 3.5, 4.83, 3.5, 2.0]
BEST_hyper_parameter
v: [12.0, 12.0, 12.0, 12.0, 12.0, 12.0, 16.25, 12.0, 12.0, 12.0, 12.0, 21.94, 12.0, 12.0]
a: [50.0, 50.0, 50.0, 50.0, 50.0, 50.0, 107.22, 50.0, 50.0, 50.0, 50.0, 50.0, 50.0, 50.0]
d: [3.5, 3.5, 3.5, 3.5, 3.5, 3.5, 3.5, 3.5, 3.5, 3.5, 3.5, 5.0, 3.5, 2.0]
mutation at idx = 1

iteration: 6
best: [6.56, 9.05, 13.55, 17.4, 19.72, 23.34, 36.28, 50.15, 52.35, 55.17, 56.96, 59.52, 62.53, 64.34]
time: [6.6, 8.46, 12.03, 15.74, 21.33, 24.35, 37.28, 39.72, 1000, 1000, 1000, 1000, 1000, 1000]
current_hyper_parameter
v: [12.0, 20.03, 12.0, 12.0, 32.53, 26.91, 16.25, 34.49, 12.0, 12.0, 28.74, 16.15, 12.0, 12.0]
a: [50.0, 93.86, 50.0, 50.0, 124.47, 172.09, 107.22, 133.38, 50.0, 50.0, 50.0, 50.0, 50.0, 50.0]
d: [3.5, 3.5, 3.5, 3.5, 3.5, 3.5, 3.5, 3.5, 3.5, 3.5, 3.5, 4.02, 3.5, 2.0]
BEST_hyper_parameter
v: [12.0, 12.0, 12.0, 12.0, 32.53, 26.91, 16.25, 12.0, 12.0, 12.0, 12.0, 21.94, 12.0, 12.0]
a: [50.0, 50.0, 50.0, 50.0, 124.47, 172.09, 107.22, 50.0, 50.0, 50.0, 50.0, 50.0, 50.0, 50.0]
d: [3.5, 3.5, 3.5, 3.5, 3.5, 3.5, 3.5, 3.5, 3.5, 3.5, 3.5, 5.0, 3.5, 2.0]

iteration: 7
best: [6.56, 9.05, 12.03, 15.74, 19.72, 23.34, 36.28, 50.15, 52.35, 55.17, 56.96, 59.52, 62.53, 64.34]
time: [6.71, 9.18, 13.56, 17.4, 20.4, 23.6, 34.9, 41.9, 48.52, 50.7, 1000, 1000, 1000, 1000]
current_hyper_parameter
v: [12.0, 12.0, 12.0, 12.0, 17.73, 26.91, 15.76, 12.0, 23.16, 24.94, 12.0, 22.71, 11.93, 20.55]
a: [50.0, 50.0, 50.0, 50.0, 89.43, 172.09, 107.22, 50.0, 50.0, 62.57, 50.0, 50.0, 113.96, 50.0]
d: [3.5, 3.5, 3.5, 3.5, 3.5, 3.5, 5.68, 3.5, 3.5, 5.11, 3.5, 5.0, 3.57, 2.0]
BEST_hyper_parameter
v: [12.0, 12.0, 12.0, 12.0, 32.53, 26.91, 16.25, 12.0, 12.0, 12.0, 12.0, 21.94, 12.0, 12.0]
a: [50.0, 50.0, 50.0, 50.0, 124.47, 172.09, 107.22, 50.0, 50.0, 50.0, 50.0, 50.0, 50.0, 50.0]
d: [3.5, 3.5, 3.5, 3.5, 3.5, 3.5, 3.5, 3.5, 3.5, 3.5, 3.5, 5.0, 3.5, 2.0]

iteration: 8
best: [6.56, 9.05, 12.03, 15.74, 19.72, 23.34, 36.28, 50.15, 52.35, 55.17, 56.96, 59.52, 62.53, 64.34]
time: [6.71, 9.16, 11.72, 21.38, 24.69, 27.66, 38.93, 45.21, 1000, 1000, 1000, 1000, 1000, 1000]
current_hyper_parameter
v: [12.0, 12.0, 31.14, 11.3, 18.48, 26.5, 20.09, 14.68, 28.38, 10.72, 15.57, 16.36, 27.6, 12.01]
a: [50.0, 50.0, 147.97, 169.17, 99.06, 193.58, 26.45, 181.88, 50.0, 50.0, 117.68, 50.0, 58.24, 23.98]
d: [3.5, 3.5, 3.85, 4.34, 3.5, 3.5, 3.5, 5.98, 3.5, 5.64, 3.5, 5.42, 3.5, 2.0]
BEST_hyper_parameter
v: [12.0, 12.0, 12.0, 12.0, 32.53, 26.91, 16.25, 12.0, 12.0, 12.0, 12.0, 21.94, 12.0, 12.0]
a: [50.0, 50.0, 50.0, 50.0, 124.47, 172.09, 107.22, 50.0, 50.0, 50.0, 50.0, 50.0, 50.0, 50.0]
d: [3.5, 3.5, 3.5, 3.5, 3.5, 3.5, 3.5, 3.5, 3.5, 3.5, 3.5, 5.0, 3.5, 2.0]
mutation at idx = 2

iteration: 9
best: [6.56, 9.05, 12.03, 15.74, 19.72, 23.34, 36.28, 50.15, 52.35, 55.17, 56.96, 59.52, 62.53, 64.34]
time: [6.58, 9.06, 13.06, 15.37, 17.89, 21.87, 35.16, 38.58, 1000, 1000, 1000, 1000, 1000, 1000]
current_hyper_parameter
v: [12.0, 12.0, 23.75, 28.74, 24.03, 14.23, 18.94, 20.03, 24.74, 12.0, 27.71, 12.52, 12.0, 12.0]
a: [50.0, 50.0, 50.0, 183.57, 88.28, 123.23, 48.98, 118.67, 195.23, 50.0, 194.5, 145.76, 50.0, 50.0]
d: [3.5, 3.5, 3.5, 3.5, 3.7, 3.5, 3.5, 4.95, 3.85, 3.5, 3.5, 5.0, 3.5, 2.0]
BEST_hyper_parameter
v: [12.0, 12.0, 12.0, 12.0, 32.53, 26.91, 16.25, 12.0, 12.0, 12.0, 12.0, 21.94, 12.0, 12.0]
a: [50.0, 50.0, 50.0, 50.0, 124.47, 172.09, 107.22, 50.0, 50.0, 50.0, 50.0, 50.0, 50.0, 50.0]
d: [3.5, 3.5, 3.5, 3.5, 3.5, 3.5, 3.5, 3.5, 3.5, 3.5, 3.5, 5.0, 3.5, 2.0]

iteration: 10
best: [6.56, 9.05, 12.03, 15.74, 19.72, 23.34, 36.28, 50.15, 52.35, 55.17, 56.96, 59.52, 62.53, 64.34]
time: [6.7, 9.18, 13.57, 17.39, 20.46, 23.05, 33.05, 35.76, 37.05, 39.7, 41.44, 43.5, 46.42, 47.63]
current_hyper_parameter
v: [12.0, 12.0, 12.0, 11.35, 12.61, 26.91, 21.93, 34.53, 14.17, 12.0, 12.0, 16.45, 34.53, 21.54]
a: [50.0, 50.0, 50.0, 50.0, 159.39, 172.09, 107.22, 113.39, 95.11, 50.0, 50.0, 112.06, 50.0, 108.2]
d: [3.5, 3.5, 3.5, 3.5, 4.87, 3.5, 3.5, 4.9, 3.59, 3.5, 3.5, 5.0, 3.5, 2.0]
BEST_hyper_parameter
v: [12.0, 12.0, 12.0, 12.0, 32.53, 26.91, 16.25, 12.0, 12.0, 12.0, 12.0, 21.94, 12.0, 12.0]
a: [50.0, 50.0, 50.0, 50.0, 124.47, 172.09, 107.22, 50.0, 50.0, 50.0, 50.0, 50.0, 50.0, 50.0]
d: [3.5, 3.5, 3.5, 3.5, 3.5, 3.5, 3.5, 3.5, 3.5, 3.5, 3.5, 5.0, 3.5, 2.0]
WIN: random_idx = 6

iteration: 11
best: [6.56, 9.05, 13.57, 17.39, 20.46, 23.34, 33.05, 35.76, 37.05, 39.7, 41.44, 43.5, 46.42, 47.63]
time: [6.58, 9.07, 13.55, 17.44, 20.65, 23.65, 36.59, 42.3, 44.81, 47.27, 1000, 1000, 1000, 1000]
current_hyper_parameter
v: [12.0, 12.0, 12.0, 11.35, 12.61, 26.91, 12.8, 34.53, 14.17, 12.0, 12.0, 16.45, 34.53, 21.54]
a: [50.0, 50.0, 50.0, 50.0, 159.39, 172.09, 37.63, 113.39, 95.11, 50.0, 50.0, 112.06, 50.0, 108.2]
d: [3.5, 3.5, 3.5, 3.5, 4.87, 3.5, 5.99, 4.9, 3.59, 3.5, 3.5, 5.0, 3.5, 2.0]
BEST_hyper_parameter
v: [12.0, 12.0, 12.0, 11.35, 12.61, 26.91, 21.93, 34.53, 14.17, 12.0, 12.0, 16.45, 34.53, 21.54]
a: [50.0, 50.0, 50.0, 50.0, 159.39, 172.09, 107.22, 113.39, 95.11, 50.0, 50.0, 112.06, 50.0, 108.2]
d: [3.5, 3.5, 3.5, 3.5, 4.87, 3.5, 3.5, 4.9, 3.59, 3.5, 3.5, 5.0, 3.5, 2.0]

iteration: 12
best: [6.56, 9.05, 13.57, 17.39, 20.46, 23.34, 33.05, 35.76, 37.05, 39.7, 41.44, 43.5, 46.42, 47.63]
time: [6.71, 9.18, 13.56, 17.38, 23.66, 26.75, 37.74, 1000, 1000, 1000, 1000, 1000, 1000, 1000]
current_hyper_parameter
v: [12.0, 12.0, 12.0, 11.35, 12.61, 26.91, 21.93, 33.12, 14.17, 12.0, 12.0, 16.45, 11.97, 21.54]
a: [50.0, 50.0, 50.0, 50.0, 159.39, 172.09, 107.22, 22.18, 95.11, 50.0, 50.0, 112.06, 84.04, 108.2]
d: [3.5, 3.5, 3.5, 3.5, 4.87, 3.5, 3.5, 4.9, 3.59, 3.5, 3.5, 5.0, 4.76, 2.0]
BEST_hyper_parameter
v: [12.0, 12.0, 12.0, 11.35, 12.61, 26.91, 21.93, 34.53, 14.17, 12.0, 12.0, 16.45, 34.53, 21.54]
a: [50.0, 50.0, 50.0, 50.0, 159.39, 172.09, 107.22, 113.39, 95.11, 50.0, 50.0, 112.06, 50.0, 108.2]
d: [3.5, 3.5, 3.5, 3.5, 4.87, 3.5, 3.5, 4.9, 3.59, 3.5, 3.5, 5.0, 3.5, 2.0]

iteration: 13
best: [6.56, 9.05, 13.57, 17.39, 20.46, 23.34, 33.05, 35.76, 37.05, 39.7, 41.44, 43.5, 46.42, 47.63]
time: [6.69, 9.16, 13.56, 17.35, 23.64, 27.9, 46.71, 1000, 1000, 1000, 1000, 1000, 1000, 1000]
current_hyper_parameter
v: [12.0, 12.0, 12.0, 11.35, 16.58, 13.1, 30.74, 28.67, 31.2, 16.87, 30.27, 11.14, 34.53, 21.54]
a: [50.0, 50.0, 50.0, 50.0, 63.59, 27.17, 21.53, 81.45, 112.25, 78.11, 182.43, 100.33, 50.0, 108.2]
d: [3.5, 3.5, 3.5, 3.5, 4.87, 3.5, 4.41, 4.9, 5.87, 3.5, 3.5, 5.0, 3.5, 2.0]
BEST_hyper_parameter
v: [12.0, 12.0, 12.0, 11.35, 12.61, 26.91, 21.93, 34.53, 14.17, 12.0, 12.0, 16.45, 34.53, 21.54]
a: [50.0, 50.0, 50.0, 50.0, 159.39, 172.09, 107.22, 113.39, 95.11, 50.0, 50.0, 112.06, 50.0, 108.2]
d: [3.5, 3.5, 3.5, 3.5, 4.87, 3.5, 3.5, 4.9, 3.59, 3.5, 3.5, 5.0, 3.5, 2.0]

iteration: 14
best: [6.56, 9.05, 13.57, 17.39, 20.46, 23.34, 33.05, 35.76, 37.05, 39.7, 41.44, 43.5, 46.42, 47.63]
time: [6.61, 9.07, 13.52, 17.35, 20.4, 23.3, 38.34, 40.85, 42.12, 44.15, 1000, 1000, 1000, 1000]
current_hyper_parameter
v: [12.0, 12.0, 12.0, 11.35, 14.53, 24.07, 21.93, 34.53, 31.6, 12.0, 29.55, 32.84, 34.53, 21.54]
a: [50.0, 50.0, 50.0, 50.0, 105.73, 143.32, 107.22, 113.39, 64.95, 50.0, 159.75, 112.06, 50.0, 108.2]
d: [3.5, 3.5, 3.5, 3.5, 4.87, 3.5, 3.5, 4.9, 5.31, 3.5, 3.5, 5.0, 3.5, 2.0]
BEST_hyper_parameter
v: [12.0, 12.0, 12.0, 11.35, 12.61, 26.91, 21.93, 34.53, 14.17, 12.0, 12.0, 16.45, 34.53, 21.54]
a: [50.0, 50.0, 50.0, 50.0, 159.39, 172.09, 107.22, 113.39, 95.11, 50.0, 50.0, 112.06, 50.0, 108.2]
d: [3.5, 3.5, 3.5, 3.5, 4.87, 3.5, 3.5, 4.9, 3.59, 3.5, 3.5, 5.0, 3.5, 2.0]
mutation at idx = 4

iteration: 15
best: [6.56, 9.05, 13.57, 17.39, 20.46, 23.34, 33.05, 35.76, 37.05, 39.7, 41.44, 43.5, 46.42, 47.63]
time: [6.71, 9.17, 13.55, 17.37, 23.38, 26.32, 36.12, 38.85, 1000, 1000, 1000, 1000, 1000, 1000]
current_hyper_parameter
v: [12.0, 12.0, 12.0, 11.35, 17.08, 26.91, 23.43, 33.75, 22.83, 12.0, 12.0, 16.45, 19.94, 12.75]
a: [50.0, 50.0, 50.0, 50.0, 124.79, 172.09, 191.19, 113.39, 193.96, 50.0, 50.0, 112.06, 60.0, 21.15]
d: [3.5, 3.5, 3.5, 3.5, 4.87, 3.5, 3.5, 4.9, 5.16, 3.5, 3.5, 5.0, 3.5, 2.0]
BEST_hyper_parameter
v: [12.0, 12.0, 12.0, 11.35, 12.61, 26.91, 21.93, 34.53, 14.17, 12.0, 12.0, 16.45, 34.53, 21.54]
a: [50.0, 50.0, 50.0, 50.0, 159.39, 172.09, 107.22, 113.39, 95.11, 50.0, 50.0, 112.06, 50.0, 108.2]
d: [3.5, 3.5, 3.5, 3.5, 4.87, 3.5, 3.5, 4.9, 3.59, 3.5, 3.5, 5.0, 3.5, 2.0]

iteration: 16
best: [6.56, 9.05, 13.57, 17.39, 20.46, 23.34, 33.05, 35.76, 37.05, 39.7, 41.44, 43.5, 46.42, 47.63]
time: [6.71, 9.17, 13.56, 17.33, 23.18, 26.12, 41.87, 47.82, 1000, 1000, 1000, 1000, 1000, 1000]
current_hyper_parameter
v: [12.0, 12.0, 12.0, 11.35, 33.63, 26.91, 15.79, 20.41, 16.45, 23.29, 12.0, 14.75, 26.3, 15.0]
a: [50.0, 50.0, 50.0, 50.0, 159.39, 172.09, 107.22, 113.39, 95.11, 50.0, 50.0, 177.31, 163.49, 150.17]
d: [3.5, 3.5, 3.5, 3.5, 4.87, 3.5, 3.5, 4.9, 4.66, 3.5, 3.5, 5.0, 5.17, 2.0]
BEST_hyper_parameter
v: [12.0, 12.0, 12.0, 11.35, 12.61, 26.91, 21.93, 34.53, 14.17, 12.0, 12.0, 16.45, 34.53, 21.54]
a: [50.0, 50.0, 50.0, 50.0, 159.39, 172.09, 107.22, 113.39, 95.11, 50.0, 50.0, 112.06, 50.0, 108.2]
d: [3.5, 3.5, 3.5, 3.5, 4.87, 3.5, 3.5, 4.9, 3.59, 3.5, 3.5, 5.0, 3.5, 2.0]

iteration: 17
best: [6.56, 9.05, 13.57, 17.39, 20.46, 23.34, 33.05, 35.76, 37.05, 39.7, 41.44, 43.5, 46.42, 47.63]
time: [6.61, 9.06, 13.51, 17.42, 22.95, 26.3, 37.51, 40.09, 41.32, 1000, 1000, 1000, 1000, 1000]
current_hyper_parameter
v: [12.0, 12.0, 12.0, 11.35, 30.34, 29.01, 21.93, 27.8, 26.78, 12.0, 12.0, 15.06, 19.59, 21.54]
a: [50.0, 50.0, 50.0, 50.0, 159.39, 79.79, 107.22, 113.39, 95.11, 50.0, 50.0, 22.49, 50.0, 108.2]
d: [3.5, 3.5, 3.5, 3.5, 4.96, 3.65, 3.5, 5.25, 5.46, 3.5, 3.5, 5.0, 3.5, 2.0]
BEST_hyper_parameter
v: [12.0, 12.0, 12.0, 11.35, 12.61, 26.91, 21.93, 34.53, 14.17, 12.0, 12.0, 16.45, 34.53, 21.54]
a: [50.0, 50.0, 50.0, 50.0, 159.39, 172.09, 107.22, 113.39, 95.11, 50.0, 50.0, 112.06, 50.0, 108.2]
d: [3.5, 3.5, 3.5, 3.5, 4.87, 3.5, 3.5, 4.9, 3.59, 3.5, 3.5, 5.0, 3.5, 2.0]

iteration: 18
best: [6.56, 9.05, 13.57, 17.39, 20.46, 23.34, 33.05, 35.76, 37.05, 39.7, 41.44, 43.5, 46.42, 47.63]
time: [6.72, 9.19, 13.56, 17.34, 22.72, 26.03, 36.65, 40.0, 41.69, 44.07, 45.72, 47.44, 1000, 1000]
current_hyper_parameter
v: [12.0, 12.0, 12.0, 11.35, 30.68, 20.29, 21.93, 11.61, 13.1, 30.3, 10.57, 28.44, 15.07, 30.53]
a: [50.0, 50.0, 50.0, 50.0, 159.39, 172.09, 107.22, 152.7, 171.96, 50.0, 196.48, 103.02, 50.0, 142.05]
d: [3.5, 3.5, 3.5, 3.5, 4.87, 3.62, 3.5, 3.91, 3.59, 3.5, 4.99, 5.0, 3.66, 2.0]
BEST_hyper_parameter
v: [12.0, 12.0, 12.0, 11.35, 12.61, 26.91, 21.93, 34.53, 14.17, 12.0, 12.0, 16.45, 34.53, 21.54]
a: [50.0, 50.0, 50.0, 50.0, 159.39, 172.09, 107.22, 113.39, 95.11, 50.0, 50.0, 112.06, 50.0, 108.2]
d: [3.5, 3.5, 3.5, 3.5, 4.87, 3.5, 3.5, 4.9, 3.59, 3.5, 3.5, 5.0, 3.5, 2.0]
mutation at idx = 2

iteration: 19
best: [6.56, 9.05, 13.57, 17.39, 20.46, 23.34, 33.05, 35.76, 37.05, 39.7, 41.44, 43.5, 46.42, 47.63]
time: [6.71, 9.16, 13.72, 17.62, 1000, 1000, 1000, 1000, 1000, 1000, 1000, 1000, 1000, 1000]
current_hyper_parameter
v: [12.0, 12.0, 10.58, 11.35, 12.61, 11.34, 21.93, 15.98, 14.17, 12.0, 31.3, 27.6, 34.53, 21.54]
a: [50.0, 50.0, 50.0, 50.0, 159.39, 22.71, 107.22, 149.74, 95.11, 50.0, 179.46, 191.12, 50.0, 108.2]
d: [3.5, 3.5, 4.2, 3.5, 4.87, 3.5, 3.5, 5.13, 3.59, 3.5, 4.86, 5.0, 3.5, 2.0]
BEST_hyper_parameter
v: [12.0, 12.0, 12.0, 11.35, 12.61, 26.91, 21.93, 34.53, 14.17, 12.0, 12.0, 16.45, 34.53, 21.54]
a: [50.0, 50.0, 50.0, 50.0, 159.39, 172.09, 107.22, 113.39, 95.11, 50.0, 50.0, 112.06, 50.0, 108.2]
d: [3.5, 3.5, 3.5, 3.5, 4.87, 3.5, 3.5, 4.9, 3.59, 3.5, 3.5, 5.0, 3.5, 2.0]

iteration: 20
best: [6.56, 9.05, 13.57, 17.39, 20.46, 23.34, 33.05, 35.76, 37.05, 39.7, 41.44, 43.5, 46.42, 47.63]
time: [6.69, 9.18, 13.56, 17.43, 19.91, 28.18, 1000, 1000, 1000, 1000, 1000, 1000, 1000, 1000]
current_hyper_parameter
v: [12.0, 12.0, 12.0, 11.35, 28.64, 23.82, 14.3, 31.57, 14.17, 17.35, 12.0, 28.2, 34.53, 23.87]
a: [50.0, 50.0, 50.0, 50.0, 136.78, 132.85, 140.64, 79.35, 95.11, 60.83, 50.0, 188.36, 50.0, 160.28]
d: [3.5, 3.5, 3.5, 3.5, 4.87, 5.05, 3.5, 4.9, 3.59, 5.58, 3.5, 5.22, 3.5, 2.0]
BEST_hyper_parameter
v: [12.0, 12.0, 12.0, 11.35, 12.61, 26.91, 21.93, 34.53, 14.17, 12.0, 12.0, 16.45, 34.53, 21.54]
a: [50.0, 50.0, 50.0, 50.0, 159.39, 172.09, 107.22, 113.39, 95.11, 50.0, 50.0, 112.06, 50.0, 108.2]
d: [3.5, 3.5, 3.5, 3.5, 4.87, 3.5, 3.5, 4.9, 3.59, 3.5, 3.5, 5.0, 3.5, 2.0]

iteration: 21
best: [6.56, 9.05, 13.57, 17.39, 20.46, 23.34, 33.05, 35.76, 37.05, 39.7, 41.44, 43.5, 46.42, 47.63]
time: [6.69, 9.13, 13.52, 17.37, 23.99, 34.24, 47.91, 1000, 1000, 1000, 1000, 1000, 1000, 1000]
current_hyper_parameter
v: [12.0, 12.0, 12.0, 11.35, 12.61, 24.55, 16.69, 34.53, 20.28, 12.0, 12.0, 16.07, 27.06, 27.64]
a: [50.0, 50.0, 50.0, 50.0, 159.39, 86.07, 107.22, 113.39, 143.43, 50.0, 50.0, 112.06, 60.49, 81.38]
d: [3.5, 3.5, 3.5, 3.5, 4.87, 3.5, 4.17, 4.9, 3.59, 3.5, 3.5, 4.31, 3.5, 2.0]
BEST_hyper_parameter
v: [12.0, 12.0, 12.0, 11.35, 12.61, 26.91, 21.93, 34.53, 14.17, 12.0, 12.0, 16.45, 34.53, 21.54]
a: [50.0, 50.0, 50.0, 50.0, 159.39, 172.09, 107.22, 113.39, 95.11, 50.0, 50.0, 112.06, 50.0, 108.2]
d: [3.5, 3.5, 3.5, 3.5, 4.87, 3.5, 3.5, 4.9, 3.59, 3.5, 3.5, 5.0, 3.5, 2.0]

iteration: 22
best: [6.56, 9.05, 13.57, 17.39, 20.46, 23.34, 33.05, 35.76, 37.05, 39.7, 41.44, 43.5, 46.42, 47.63]
time: [6.62, 9.06, 13.5, 17.36, 23.61, 26.53, 41.03, 43.72, 1000, 1000, 1000, 1000, 1000, 1000]
current_hyper_parameter
v: [12.0, 12.0, 12.0, 11.35, 14.88, 13.82, 15.1, 26.97, 14.17, 29.14, 12.0, 28.81, 34.53, 13.58]
a: [50.0, 50.0, 50.0, 50.0, 80.79, 172.09, 107.22, 113.39, 95.11, 50.0, 50.0, 131.34, 50.0, 116.04]
d: [3.5, 3.5, 3.5, 3.5, 5.91, 3.5, 4.53, 4.9, 3.59, 3.5, 3.5, 5.86, 3.5, 2.0]
BEST_hyper_parameter
v: [12.0, 12.0, 12.0, 11.35, 12.61, 26.91, 21.93, 34.53, 14.17, 12.0, 12.0, 16.45, 34.53, 21.54]
a: [50.0, 50.0, 50.0, 50.0, 159.39, 172.09, 107.22, 113.39, 95.11, 50.0, 50.0, 112.06, 50.0, 108.2]
d: [3.5, 3.5, 3.5, 3.5, 4.87, 3.5, 3.5, 4.9, 3.59, 3.5, 3.5, 5.0, 3.5, 2.0]

iteration: 23
best: [6.56, 9.05, 13.57, 17.39, 20.46, 23.34, 33.05, 35.76, 37.05, 39.7, 41.44, 43.5, 46.42, 47.63]
time: [6.61, 9.09, 13.5, 17.35, 1000, 1000, 1000, 1000, 1000, 1000, 1000, 1000, 1000, 1000]
current_hyper_parameter
v: [12.0, 12.0, 12.0, 11.35, 20.15, 34.69, 21.93, 34.89, 21.05, 33.11, 34.43, 18.67, 19.43, 34.49]
a: [50.0, 50.0, 50.0, 50.0, 36.07, 164.53, 107.22, 87.21, 126.39, 50.0, 52.36, 168.64, 50.0, 21.13]
d: [3.5, 3.5, 3.5, 3.5, 4.87, 5.92, 3.5, 4.73, 4.73, 3.8, 3.93, 5.4, 4.93, 2.0]
BEST_hyper_parameter
v: [12.0, 12.0, 12.0, 11.35, 12.61, 26.91, 21.93, 34.53, 14.17, 12.0, 12.0, 16.45, 34.53, 21.54]
a: [50.0, 50.0, 50.0, 50.0, 159.39, 172.09, 107.22, 113.39, 95.11, 50.0, 50.0, 112.06, 50.0, 108.2]
d: [3.5, 3.5, 3.5, 3.5, 4.87, 3.5, 3.5, 4.9, 3.59, 3.5, 3.5, 5.0, 3.5, 2.0]
mutation at idx = 0

iteration: 24
best: [6.56, 9.05, 13.57, 17.39, 20.46, 23.34, 33.05, 35.76, 37.05, 39.7, 41.44, 43.5, 46.42, 47.63]
time: [6.49, 8.92, 13.46, 17.37, 20.41, 23.3, 36.15, 38.87, 41.24, 44.29, 1000, 1000, 1000, 1000]
current_hyper_parameter
v: [26.94, 12.0, 12.0, 11.35, 12.61, 18.73, 30.9, 22.8, 14.17, 33.46, 27.47, 23.61, 11.26, 33.28]
a: [50.0, 50.0, 50.0, 50.0, 159.39, 172.09, 24.54, 159.73, 95.11, 50.0, 50.0, 81.56, 50.0, 108.2]
d: [5.59, 3.5, 3.5, 3.5, 4.87, 5.85, 3.5, 4.9, 3.59, 3.5, 3.5, 5.0, 3.5, 2.0]
BEST_hyper_parameter
v: [12.0, 12.0, 12.0, 11.35, 12.61, 26.91, 21.93, 34.53, 14.17, 12.0, 12.0, 16.45, 34.53, 21.54]
a: [50.0, 50.0, 50.0, 50.0, 159.39, 172.09, 107.22, 113.39, 95.11, 50.0, 50.0, 112.06, 50.0, 108.2]
d: [3.5, 3.5, 3.5, 3.5, 4.87, 3.5, 3.5, 4.9, 3.59, 3.5, 3.5, 5.0, 3.5, 2.0]
mutation at idx = 3

iteration: 25
best: [6.56, 9.05, 13.57, 17.39, 20.46, 23.34, 33.05, 35.76, 37.05, 39.7, 41.44, 43.5, 46.42, 47.63]
time: [6.61, 9.07, 13.51, 16.58, 22.66, 26.58, 36.82, 39.47, 40.8, 42.42, 1000, 1000, 1000, 1000]
current_hyper_parameter
v: [12.0, 12.0, 12.0, 28.11, 12.61, 26.91, 21.93, 24.13, 14.0, 34.02, 28.04, 16.45, 15.37, 21.54]
a: [50.0, 50.0, 50.0, 63.39, 159.39, 172.09, 107.22, 113.39, 145.51, 121.65, 99.68, 112.06, 105.86, 108.2]
d: [3.5, 3.5, 3.5, 5.57, 4.87, 3.5, 3.5, 4.89, 5.18, 3.5, 3.5, 5.0, 3.67, 2.0]
BEST_hyper_parameter
v: [12.0, 12.0, 12.0, 11.35, 12.61, 26.91, 21.93, 34.53, 14.17, 12.0, 12.0, 16.45, 34.53, 21.54]
a: [50.0, 50.0, 50.0, 50.0, 159.39, 172.09, 107.22, 113.39, 95.11, 50.0, 50.0, 112.06, 50.0, 108.2]
d: [3.5, 3.5, 3.5, 3.5, 4.87, 3.5, 3.5, 4.9, 3.59, 3.5, 3.5, 5.0, 3.5, 2.0]

iteration: 26
best: [6.56, 9.05, 13.57, 16.58, 20.46, 23.34, 33.05, 35.76, 37.05, 39.7, 41.44, 43.5, 46.42, 47.63]
time: [6.7, 9.17, 13.58, 16.65, 20.09, 23.06, 38.33, 41.11, 1000, 1000, 1000, 1000, 1000, 1000]
current_hyper_parameter
v: [12.0, 12.0, 12.0, 28.11, 13.08, 34.53, 15.42, 34.53, 14.17, 30.71, 15.67, 28.14, 12.66, 26.28]
a: [50.0, 50.0, 50.0, 63.39, 54.9, 74.24, 107.22, 113.39, 95.11, 50.0, 78.94, 112.06, 155.06, 108.2]
d: [3.5, 3.5, 3.5, 5.57, 3.94, 3.5, 3.5, 4.9, 3.59, 3.59, 5.7, 5.0, 3.5, 2.0]
BEST_hyper_parameter
v: [12.0, 12.0, 12.0, 28.11, 12.61, 26.91, 21.93, 34.53, 14.17, 12.0, 12.0, 16.45, 34.53, 21.54]
a: [50.0, 50.0, 50.0, 63.39, 159.39, 172.09, 107.22, 113.39, 95.11, 50.0, 50.0, 112.06, 50.0, 108.2]
d: [3.5, 3.5, 3.5, 5.57, 4.87, 3.5, 3.5, 4.9, 3.59, 3.5, 3.5, 5.0, 3.5, 2.0]

iteration: 27
best: [6.56, 9.05, 13.57, 16.58, 20.46, 23.34, 33.05, 35.76, 37.05, 39.7, 41.44, 43.5, 46.42, 47.63]
time: [6.72, 9.16, 13.56, 16.59, 22.8, 35.85, 44.34, 46.98, 48.47, 1000, 1000, 1000, 1000, 1000]
current_hyper_parameter
v: [12.0, 12.0, 12.0, 28.11, 12.61, 26.91, 29.56, 32.82, 18.36, 12.0, 25.12, 28.7, 19.0, 27.84]
a: [50.0, 50.0, 50.0, 63.39, 159.39, 172.09, 129.04, 113.39, 52.11, 50.0, 43.95, 112.06, 50.0, 26.45]
d: [3.5, 3.5, 3.5, 5.57, 4.87, 3.5, 3.5, 4.95, 3.59, 3.5, 3.5, 3.94, 4.62, 2.0]
BEST_hyper_parameter
v: [12.0, 12.0, 12.0, 28.11, 12.61, 26.91, 21.93, 34.53, 14.17, 12.0, 12.0, 16.45, 34.53, 21.54]
a: [50.0, 50.0, 50.0, 63.39, 159.39, 172.09, 107.22, 113.39, 95.11, 50.0, 50.0, 112.06, 50.0, 108.2]
d: [3.5, 3.5, 3.5, 5.57, 4.87, 3.5, 3.5, 4.9, 3.59, 3.5, 3.5, 5.0, 3.5, 2.0]

iteration: 28
best: [6.56, 9.05, 13.57, 16.58, 20.46, 23.34, 33.05, 35.76, 37.05, 39.7, 41.44, 43.5, 46.42, 47.63]
time: [6.62, 9.08, 13.51, 19.63, 27.0, 41.87, 1000, 1000, 1000, 1000, 1000, 1000, 1000, 1000]
current_hyper_parameter
v: [12.0, 12.0, 12.0, 28.11, 25.55, 34.91, 21.93, 14.13, 14.17, 27.86, 12.0, 16.45, 19.19, 34.4]
a: [50.0, 50.0, 50.0, 63.39, 33.52, 97.66, 107.22, 113.39, 95.11, 50.0, 50.0, 112.06, 88.17, 199.06]
d: [3.5, 3.5, 3.5, 5.57, 4.72, 3.5, 3.5, 5.57, 3.59, 3.5, 3.5, 5.0, 3.73, 2.0]
BEST_hyper_parameter
v: [12.0, 12.0, 12.0, 28.11, 12.61, 26.91, 21.93, 34.53, 14.17, 12.0, 12.0, 16.45, 34.53, 21.54]
a: [50.0, 50.0, 50.0, 63.39, 159.39, 172.09, 107.22, 113.39, 95.11, 50.0, 50.0, 112.06, 50.0, 108.2]
d: [3.5, 3.5, 3.5, 5.57, 4.87, 3.5, 3.5, 4.9, 3.59, 3.5, 3.5, 5.0, 3.5, 2.0]
mutation at idx = 2

iteration: 29
best: [6.56, 9.05, 13.57, 16.58, 20.46, 23.34, 33.05, 35.76, 37.05, 39.7, 41.44, 43.5, 46.42, 47.63]
time: [6.71, 9.16, 12.47, 1000, 1000, 1000, 1000, 1000, 1000, 1000, 1000, 1000, 1000, 1000]
current_hyper_parameter
v: [12.0, 12.0, 33.52, 28.11, 12.61, 14.2, 15.87, 10.62, 31.01, 12.0, 33.49, 30.94, 34.53, 17.39]
a: [50.0, 50.0, 71.42, 63.39, 159.39, 172.09, 107.22, 117.79, 118.95, 50.0, 148.1, 112.06, 50.0, 108.2]
d: [3.5, 3.5, 3.5, 5.57, 4.87, 4.11, 4.65, 4.41, 3.59, 3.5, 3.75, 4.81, 3.5, 2.0]
BEST_hyper_parameter
v: [12.0, 12.0, 12.0, 28.11, 12.61, 26.91, 21.93, 34.53, 14.17, 12.0, 12.0, 16.45, 34.53, 21.54]
a: [50.0, 50.0, 50.0, 63.39, 159.39, 172.09, 107.22, 113.39, 95.11, 50.0, 50.0, 112.06, 50.0, 108.2]
d: [3.5, 3.5, 3.5, 5.57, 4.87, 3.5, 3.5, 4.9, 3.59, 3.5, 3.5, 5.0, 3.5, 2.0]
mutation at idx = 1

iteration: 30
best: [6.56, 9.05, 12.47, 16.58, 20.46, 23.34, 33.05, 35.76, 37.05, 39.7, 41.44, 43.5, 46.42, 47.63]
time: [6.68, 8.16, 10.65, 12.88, 14.94, 23.64, 36.08, 39.06, 48.47, 1000, 1000, 1000, 1000, 1000]
current_hyper_parameter
v: [12.0, 33.02, 33.52, 33.65, 31.35, 14.05, 21.48, 34.53, 16.06, 18.03, 20.58, 31.82, 22.3, 15.12]
a: [50.0, 145.42, 71.42, 108.02, 150.66, 65.25, 107.22, 113.39, 95.11, 50.0, 50.0, 174.55, 50.0, 41.6]
d: [3.5, 5.01, 3.5, 4.07, 4.87, 4.61, 3.5, 4.9, 5.99, 3.5, 3.5, 5.0, 3.5, 2.0]
BEST_hyper_parameter
v: [12.0, 12.0, 33.52, 28.11, 12.61, 26.91, 21.93, 34.53, 14.17, 12.0, 12.0, 16.45, 34.53, 21.54]
a: [50.0, 50.0, 71.42, 63.39, 159.39, 172.09, 107.22, 113.39, 95.11, 50.0, 50.0, 112.06, 50.0, 108.2]
d: [3.5, 3.5, 3.5, 5.57, 4.87, 3.5, 3.5, 4.9, 3.59, 3.5, 3.5, 5.0, 3.5, 2.0]

iteration: 31
best: [6.56, 8.16, 10.65, 12.88, 14.94, 23.34, 33.05, 35.76, 37.05, 39.7, 41.44, 43.5, 46.42, 47.63]
time: [6.59, 8.11, 10.61, 12.91, 18.69, 1000, 1000, 1000, 1000, 1000, 1000, 1000, 1000, 1000]
current_hyper_parameter
v: [12.0, 33.02, 33.52, 33.65, 31.35, 26.91, 10.63, 28.02, 13.74, 12.0, 15.34, 16.45, 34.2, 10.7]
a: [50.0, 145.42, 71.42, 108.02, 150.66, 172.09, 67.33, 113.39, 95.11, 50.0, 67.19, 112.06, 79.27, 35.02]
d: [3.5, 5.01, 3.5, 4.07, 4.87, 3.5, 5.63, 4.9, 3.59, 3.5, 3.5, 5.0, 5.34, 2.0]
BEST_hyper_parameter
v: [12.0, 33.02, 33.52, 33.65, 31.35, 26.91, 21.93, 34.53, 14.17, 12.0, 12.0, 16.45, 34.53, 21.54]
a: [50.0, 145.42, 71.42, 108.02, 150.66, 172.09, 107.22, 113.39, 95.11, 50.0, 50.0, 112.06, 50.0, 108.2]
d: [3.5, 5.01, 3.5, 4.07, 4.87, 3.5, 3.5, 4.9, 3.59, 3.5, 3.5, 5.0, 3.5, 2.0]

iteration: 32
best: [6.56, 8.16, 10.65, 12.88, 14.94, 23.34, 33.05, 35.76, 37.05, 39.7, 41.44, 43.5, 46.42, 47.63]
time: [6.61, 8.11, 10.61, 12.87, 1000, 1000, 1000, 1000, 1000, 1000, 1000, 1000, 1000, 1000]
current_hyper_parameter
v: [12.0, 33.02, 33.52, 33.65, 32.49, 27.42, 26.27, 34.53, 21.51, 24.96, 11.3, 34.58, 34.53, 21.54]
a: [50.0, 145.42, 71.42, 108.02, 180.72, 144.79, 178.99, 113.39, 131.33, 195.91, 80.53, 112.06, 50.0, 108.2]
d: [3.5, 5.01, 3.5, 4.07, 4.34, 3.5, 4.75, 4.9, 3.96, 3.5, 4.06, 5.0, 3.5, 2.0]
BEST_hyper_parameter
v: [12.0, 33.02, 33.52, 33.65, 31.35, 26.91, 21.93, 34.53, 14.17, 12.0, 12.0, 16.45, 34.53, 21.54]
a: [50.0, 145.42, 71.42, 108.02, 150.66, 172.09, 107.22, 113.39, 95.11, 50.0, 50.0, 112.06, 50.0, 108.2]
d: [3.5, 5.01, 3.5, 4.07, 4.87, 3.5, 3.5, 4.9, 3.59, 3.5, 3.5, 5.0, 3.5, 2.0]

iteration: 33
best: [6.56, 8.16, 10.65, 12.88, 14.94, 23.34, 33.05, 35.76, 37.05, 39.7, 41.44, 43.5, 46.42, 47.63]
time: [6.59, 8.1, 10.6, 12.86, 19.38, 22.34, 37.39, 43.13, 1000, 1000, 1000, 1000, 1000, 1000]
current_hyper_parameter
v: [12.0, 33.02, 33.52, 33.65, 34.79, 19.31, 18.85, 29.97, 15.91, 30.11, 16.51, 16.45, 34.53, 25.75]
a: [50.0, 145.42, 71.42, 108.02, 37.98, 172.09, 25.41, 143.4, 95.11, 163.01, 50.0, 112.06, 50.0, 183.06]
d: [3.5, 5.01, 3.5, 4.07, 4.87, 3.5, 3.5, 4.9, 4.73, 4.9, 4.7, 5.0, 3.5, 2.0]
BEST_hyper_parameter
v: [12.0, 33.02, 33.52, 33.65, 31.35, 26.91, 21.93, 34.53, 14.17, 12.0, 12.0, 16.45, 34.53, 21.54]
a: [50.0, 145.42, 71.42, 108.02, 150.66, 172.09, 107.22, 113.39, 95.11, 50.0, 50.0, 112.06, 50.0, 108.2]
d: [3.5, 5.01, 3.5, 4.07, 4.87, 3.5, 3.5, 4.9, 3.59, 3.5, 3.5, 5.0, 3.5, 2.0]

iteration: 34
best: [6.56, 8.16, 10.65, 12.88, 14.94, 23.34, 33.05, 35.76, 37.05, 39.7, 41.44, 43.5, 46.42, 47.63]
time: [6.6, 8.11, 10.59, 12.88, 18.29, 38.33, 1000, 1000, 1000, 1000, 1000, 1000, 1000, 1000]
current_hyper_parameter
v: [12.0, 33.02, 33.52, 33.65, 31.35, 16.14, 24.24, 34.53, 21.91, 27.27, 20.6, 16.45, 21.97, 33.16]
a: [50.0, 145.42, 71.42, 108.02, 150.66, 172.09, 59.41, 113.39, 31.75, 179.57, 185.43, 112.06, 50.0, 78.54]
d: [3.5, 5.01, 3.5, 4.07, 4.87, 3.5, 3.74, 4.9, 3.59, 3.5, 5.7, 5.0, 3.5, 2.0]
BEST_hyper_parameter
v: [12.0, 33.02, 33.52, 33.65, 31.35, 26.91, 21.93, 34.53, 14.17, 12.0, 12.0, 16.45, 34.53, 21.54]
a: [50.0, 145.42, 71.42, 108.02, 150.66, 172.09, 107.22, 113.39, 95.11, 50.0, 50.0, 112.06, 50.0, 108.2]
d: [3.5, 5.01, 3.5, 4.07, 4.87, 3.5, 3.5, 4.9, 3.59, 3.5, 3.5, 5.0, 3.5, 2.0]
mutation at idx = 0

iteration: 35
best: [6.56, 8.16, 10.65, 12.88, 14.94, 23.34, 33.05, 35.76, 37.05, 39.7, 41.44, 43.5, 46.42, 47.63]
time: [6.3, 7.76, 10.43, 12.73, 18.76, 31.19, 46.73, 1000, 1000, 1000, 1000, 1000, 1000, 1000]
current_hyper_parameter
v: [31.73, 33.02, 33.52, 33.65, 17.69, 34.13, 21.31, 34.53, 14.17, 23.43, 12.52, 17.43, 24.62, 21.54]
a: [50.0, 145.42, 71.42, 108.02, 70.99, 46.65, 31.31, 113.39, 95.11, 87.55, 50.0, 128.65, 194.98, 108.2]
d: [3.5, 5.01, 3.5, 4.07, 4.87, 3.5, 3.5, 4.9, 3.59, 3.5, 3.5, 5.0, 3.5, 2.0]
BEST_hyper_parameter
v: [12.0, 33.02, 33.52, 33.65, 31.35, 26.91, 21.93, 34.53, 14.17, 12.0, 12.0, 16.45, 34.53, 21.54]
a: [50.0, 145.42, 71.42, 108.02, 150.66, 172.09, 107.22, 113.39, 95.11, 50.0, 50.0, 112.06, 50.0, 108.2]
d: [3.5, 5.01, 3.5, 4.07, 4.87, 3.5, 3.5, 4.9, 3.59, 3.5, 3.5, 5.0, 3.5, 2.0]
mutation at idx = 1

iteration: 36
best: [6.56, 8.16, 10.65, 12.88, 14.94, 23.34, 33.05, 35.76, 37.05, 39.7, 41.44, 43.5, 46.42, 47.63]
time: [6.68, 8.16, 10.87, 1000, 1000, 1000, 1000, 1000, 1000, 1000, 1000, 1000, 1000, 1000]
current_hyper_parameter
v: [12.0, 34.06, 33.52, 33.65, 20.61, 13.16, 19.67, 33.54, 14.17, 24.2, 12.79, 19.92, 19.41, 21.54]
a: [50.0, 145.42, 71.42, 108.02, 29.99, 172.09, 191.8, 113.39, 95.11, 46.29, 187.8, 175.9, 45.59, 108.2]
d: [3.5, 3.68, 3.5, 4.07, 4.42, 3.5, 5.7, 4.22, 3.59, 5.5, 3.5, 5.87, 5.75, 2.0]
BEST_hyper_parameter
v: [12.0, 33.02, 33.52, 33.65, 31.35, 26.91, 21.93, 34.53, 14.17, 12.0, 12.0, 16.45, 34.53, 21.54]
a: [50.0, 145.42, 71.42, 108.02, 150.66, 172.09, 107.22, 113.39, 95.11, 50.0, 50.0, 112.06, 50.0, 108.2]
d: [3.5, 5.01, 3.5, 4.07, 4.87, 3.5, 3.5, 4.9, 3.59, 3.5, 3.5, 5.0, 3.5, 2.0]
mutation at idx = 0

iteration: 37
best: [6.56, 8.16, 10.65, 12.88, 14.94, 23.34, 33.05, 35.76, 37.05, 39.7, 41.44, 43.5, 46.42, 47.63]
time: [5.77, 7.07, 9.54, 11.77, 21.34, 27.54, 36.91, 39.88, 1000, 1000, 1000, 1000, 1000, 1000]
current_hyper_parameter
v: [21.22, 33.02, 33.52, 24.19, 13.29, 26.91, 27.13, 34.53, 22.87, 21.99, 33.26, 30.86, 11.95, 23.56]
a: [140.28, 145.42, 71.42, 186.98, 150.66, 172.09, 99.49, 113.39, 185.6, 176.65, 50.0, 57.02, 50.0, 76.1]
d: [5.54, 5.01, 3.5, 4.11, 5.51, 3.5, 3.5, 4.9, 4.19, 3.5, 3.5, 4.55, 3.5, 2.0]
BEST_hyper_parameter
v: [12.0, 33.02, 33.52, 33.65, 31.35, 26.91, 21.93, 34.53, 14.17, 12.0, 12.0, 16.45, 34.53, 21.54]
a: [50.0, 145.42, 71.42, 108.02, 150.66, 172.09, 107.22, 113.39, 95.11, 50.0, 50.0, 112.06, 50.0, 108.2]
d: [3.5, 5.01, 3.5, 4.07, 4.87, 3.5, 3.5, 4.9, 3.59, 3.5, 3.5, 5.0, 3.5, 2.0]

iteration: 38
best: [5.77, 7.07, 9.54, 11.77, 14.94, 23.34, 33.05, 35.76, 37.05, 39.7, 41.44, 43.5, 46.42, 47.63]
time: [5.77, 7.02, 9.48, 11.76, 17.69, 22.7, 31.42, 1000, 1000, 1000, 1000, 1000, 1000, 1000]
current_hyper_parameter
v: [21.22, 33.02, 33.52, 24.19, 33.83, 11.42, 34.02, 33.65, 14.17, 20.25, 20.05, 16.45, 22.99, 15.21]
a: [140.28, 145.42, 71.42, 186.98, 150.66, 47.77, 177.33, 113.39, 95.11, 104.58, 84.79, 112.06, 50.0, 113.95]
d: [5.54, 5.01, 3.5, 4.11, 3.51, 3.5, 4.93, 4.9, 3.59, 3.5, 3.5, 5.0, 3.5, 2.0]
BEST_hyper_parameter
v: [21.22, 33.02, 33.52, 24.19, 31.35, 26.91, 21.93, 34.53, 14.17, 12.0, 12.0, 16.45, 34.53, 21.54]
a: [140.28, 145.42, 71.42, 186.98, 150.66, 172.09, 107.22, 113.39, 95.11, 50.0, 50.0, 112.06, 50.0, 108.2]
d: [5.54, 5.01, 3.5, 4.11, 4.87, 3.5, 3.5, 4.9, 3.59, 3.5, 3.5, 5.0, 3.5, 2.0]

iteration: 39
best: [5.77, 7.07, 9.54, 11.77, 14.94, 23.34, 33.05, 35.76, 37.05, 39.7, 41.44, 43.5, 46.42, 47.63]
time: [5.79, 7.05, 9.78, 16.22, 22.6, 25.48, 36.7, 39.48, 43.76, 45.92, 47.59, 1000, 1000, 1000]
current_hyper_parameter
v: [21.22, 33.02, 33.52, 24.19, 20.9, 20.2, 21.93, 20.18, 19.04, 13.79, 21.41, 16.45, 23.03, 21.54]
a: [140.28, 145.42, 71.42, 186.98, 119.49, 158.33, 107.22, 143.24, 194.05, 50.0, 89.22, 112.06, 50.0, 108.2]
d: [5.54, 5.01, 3.5, 4.11, 5.54, 5.66, 3.5, 4.9, 3.72, 3.5, 3.5, 5.0, 5.59, 2.0]
BEST_hyper_parameter
v: [21.22, 33.02, 33.52, 24.19, 31.35, 26.91, 21.93, 34.53, 14.17, 12.0, 12.0, 16.45, 34.53, 21.54]
a: [140.28, 145.42, 71.42, 186.98, 150.66, 172.09, 107.22, 113.39, 95.11, 50.0, 50.0, 112.06, 50.0, 108.2]
d: [5.54, 5.01, 3.5, 4.11, 4.87, 3.5, 3.5, 4.9, 3.59, 3.5, 3.5, 5.0, 3.5, 2.0]

iteration: 40
best: [5.77, 7.07, 9.54, 11.77, 14.94, 23.34, 33.05, 35.76, 37.05, 39.7, 41.44, 43.5, 46.42, 47.63]
time: [5.79, 7.14, 9.81, 15.99, 22.54, 1000, 1000, 1000, 1000, 1000, 1000, 1000, 1000, 1000]
current_hyper_parameter
v: [21.22, 33.02, 33.52, 26.83, 23.37, 31.45, 34.91, 26.72, 15.1, 14.21, 31.17, 23.0, 13.46, 21.54]
a: [140.28, 145.42, 71.42, 186.98, 150.66, 187.66, 191.62, 198.69, 105.38, 179.89, 50.0, 143.96, 50.0, 108.2]
d: [5.54, 5.01, 3.5, 5.49, 5.76, 5.65, 3.5, 4.9, 5.94, 3.88, 3.53, 5.0, 4.22, 2.0]
BEST_hyper_parameter
v: [21.22, 33.02, 33.52, 24.19, 31.35, 26.91, 21.93, 34.53, 14.17, 12.0, 12.0, 16.45, 34.53, 21.54]
a: [140.28, 145.42, 71.42, 186.98, 150.66, 172.09, 107.22, 113.39, 95.11, 50.0, 50.0, 112.06, 50.0, 108.2]
d: [5.54, 5.01, 3.5, 4.11, 4.87, 3.5, 3.5, 4.9, 3.59, 3.5, 3.5, 5.0, 3.5, 2.0]
mutation at idx = 1
mutation at idx = 2

iteration: 41
best: [5.77, 7.07, 9.54, 11.77, 14.94, 23.34, 33.05, 35.76, 37.05, 39.7, 41.44, 43.5, 46.42, 47.63]
time: [5.82, 7.54, 11.35, 17.01, 1000, 1000, 1000, 1000, 1000, 1000, 1000, 1000, 1000, 1000]
current_hyper_parameter
v: [21.22, 14.97, 10.59, 24.42, 25.74, 26.91, 19.38, 21.79, 20.44, 10.88, 24.19, 11.21, 25.61, 24.01]
a: [140.28, 71.17, 71.33, 186.98, 153.24, 172.09, 107.22, 171.12, 170.32, 50.0, 48.84, 83.11, 150.62, 108.2]
d: [5.54, 5.01, 4.72, 4.11, 5.85, 3.5, 3.5, 4.9, 4.87, 4.6, 3.5, 4.46, 3.5, 2.0]
BEST_hyper_parameter
v: [21.22, 33.02, 33.52, 24.19, 31.35, 26.91, 21.93, 34.53, 14.17, 12.0, 12.0, 16.45, 34.53, 21.54]
a: [140.28, 145.42, 71.42, 186.98, 150.66, 172.09, 107.22, 113.39, 95.11, 50.0, 50.0, 112.06, 50.0, 108.2]
d: [5.54, 5.01, 3.5, 4.11, 4.87, 3.5, 3.5, 4.9, 3.59, 3.5, 3.5, 5.0, 3.5, 2.0]

iteration: 42
best: [5.77, 7.07, 9.54, 11.77, 14.94, 23.34, 33.05, 35.76, 37.05, 39.7, 41.44, 43.5, 46.42, 47.63]
time: [5.76, 7.01, 9.58, 14.67, 1000, 1000, 1000, 1000, 1000, 1000, 1000, 1000, 1000, 1000]
current_hyper_parameter
v: [21.22, 33.02, 14.7, 33.07, 29.71, 26.91, 26.66, 34.53, 22.62, 19.32, 30.43, 16.45, 31.54, 13.06]
a: [140.28, 145.42, 161.14, 181.48, 89.9, 172.09, 107.22, 113.39, 95.11, 144.98, 110.57, 112.06, 50.0, 42.2]
d: [5.54, 5.01, 4.39, 5.02, 4.52, 3.5, 3.5, 4.9, 3.59, 3.5, 3.5, 5.0, 3.5, 2.0]
BEST_hyper_parameter
v: [21.22, 33.02, 33.52, 24.19, 31.35, 26.91, 21.93, 34.53, 14.17, 12.0, 12.0, 16.45, 34.53, 21.54]
a: [140.28, 145.42, 71.42, 186.98, 150.66, 172.09, 107.22, 113.39, 95.11, 50.0, 50.0, 112.06, 50.0, 108.2]
d: [5.54, 5.01, 3.5, 4.11, 4.87, 3.5, 3.5, 4.9, 3.59, 3.5, 3.5, 5.0, 3.5, 2.0]

iteration: 43
best: [5.77, 7.07, 9.54, 11.77, 14.94, 23.34, 33.05, 35.76, 37.05, 39.7, 41.44, 43.5, 46.42, 47.63]
time: [5.77, 7.01, 9.42, 1000, 1000, 1000, 1000, 1000, 1000, 1000, 1000, 1000, 1000, 1000]
current_hyper_parameter
v: [21.22, 33.02, 33.52, 33.84, 31.35, 15.12, 17.37, 31.69, 11.94, 23.91, 12.0, 21.33, 27.6, 21.54]
a: [140.28, 145.42, 71.42, 143.57, 150.66, 165.97, 107.22, 113.39, 95.11, 187.33, 50.0, 153.26, 91.7, 108.2]
d: [5.54, 5.01, 3.5, 5.5, 4.87, 3.5, 3.5, 5.6, 3.59, 5.48, 3.5, 5.0, 3.95, 2.0]
BEST_hyper_parameter
v: [21.22, 33.02, 33.52, 24.19, 31.35, 26.91, 21.93, 34.53, 14.17, 12.0, 12.0, 16.45, 34.53, 21.54]
a: [140.28, 145.42, 71.42, 186.98, 150.66, 172.09, 107.22, 113.39, 95.11, 50.0, 50.0, 112.06, 50.0, 108.2]
d: [5.54, 5.01, 3.5, 4.11, 4.87, 3.5, 3.5, 4.9, 3.59, 3.5, 3.5, 5.0, 3.5, 2.0]

iteration: 44
best: [5.77, 7.07, 9.54, 11.77, 14.94, 23.34, 33.05, 35.76, 37.05, 39.7, 41.44, 43.5, 46.42, 47.63]
time: [5.77, 7.0, 9.47, 13.05, 19.33, 24.06, 33.43, 1000, 1000, 1000, 1000, 1000, 1000, 1000]
current_hyper_parameter
v: [21.22, 33.02, 33.52, 14.89, 14.65, 12.72, 30.06, 34.72, 14.17, 22.05, 12.0, 23.1, 18.85, 21.54]
a: [140.28, 145.42, 71.42, 37.82, 127.67, 56.6, 195.11, 113.39, 95.11, 65.95, 50.0, 172.89, 80.5, 108.2]
d: [5.54, 5.01, 3.5, 3.59, 5.01, 3.5, 3.5, 4.9, 3.59, 3.5, 3.5, 5.0, 4.04, 2.0]
BEST_hyper_parameter
v: [21.22, 33.02, 33.52, 24.19, 31.35, 26.91, 21.93, 34.53, 14.17, 12.0, 12.0, 16.45, 34.53, 21.54]
a: [140.28, 145.42, 71.42, 186.98, 150.66, 172.09, 107.22, 113.39, 95.11, 50.0, 50.0, 112.06, 50.0, 108.2]
d: [5.54, 5.01, 3.5, 4.11, 4.87, 3.5, 3.5, 4.9, 3.59, 3.5, 3.5, 5.0, 3.5, 2.0]
mutation at idx = 0

iteration: 45
best: [5.77, 7.07, 9.54, 11.77, 14.94, 23.34, 33.05, 35.76, 37.05, 39.7, 41.44, 43.5, 46.42, 47.63]
time: [5.97, 7.29, 9.85, 16.03, 1000, 1000, 1000, 1000, 1000, 1000, 1000, 1000, 1000, 1000]
current_hyper_parameter
v: [13.41, 33.02, 33.52, 11.57, 14.58, 16.19, 11.62, 34.53, 33.88, 13.52, 16.31, 12.05, 34.53, 30.97]
a: [140.28, 145.42, 71.42, 156.29, 80.92, 176.46, 23.49, 113.39, 188.34, 73.72, 50.0, 107.34, 50.0, 162.94]
d: [5.54, 5.01, 3.5, 4.11, 5.51, 4.06, 3.5, 4.9, 3.59, 4.18, 5.0, 4.63, 3.5, 2.0]
BEST_hyper_parameter
v: [21.22, 33.02, 33.52, 24.19, 31.35, 26.91, 21.93, 34.53, 14.17, 12.0, 12.0, 16.45, 34.53, 21.54]
a: [140.28, 145.42, 71.42, 186.98, 150.66, 172.09, 107.22, 113.39, 95.11, 50.0, 50.0, 112.06, 50.0, 108.2]
d: [5.54, 5.01, 3.5, 4.11, 4.87, 3.5, 3.5, 4.9, 3.59, 3.5, 3.5, 5.0, 3.5, 2.0]
mutation at idx = 1

iteration: 46
best: [5.77, 7.07, 9.54, 11.77, 14.94, 23.34, 33.05, 35.76, 37.05, 39.7, 41.44, 43.5, 46.42, 47.63]
time: [5.76, 7.03, 9.52, 15.09, 18.85, 22.13, 33.8, 1000, 1000, 1000, 1000, 1000, 1000, 1000]
current_hyper_parameter
v: [21.22, 29.33, 33.52, 32.72, 31.35, 26.91, 14.06, 11.72, 22.81, 17.88, 26.72, 16.45, 31.48, 22.22]
a: [140.28, 145.42, 71.42, 81.65, 150.66, 172.09, 107.22, 31.77, 35.15, 50.0, 50.0, 112.06, 181.6, 25.43]
d: [5.54, 4.81, 3.5, 4.11, 4.87, 3.5, 3.5, 4.9, 5.73, 3.5, 4.39, 5.0, 5.42, 2.0]
BEST_hyper_parameter
v: [21.22, 33.02, 33.52, 24.19, 31.35, 26.91, 21.93, 34.53, 14.17, 12.0, 12.0, 16.45, 34.53, 21.54]
a: [140.28, 145.42, 71.42, 186.98, 150.66, 172.09, 107.22, 113.39, 95.11, 50.0, 50.0, 112.06, 50.0, 108.2]
d: [5.54, 5.01, 3.5, 4.11, 4.87, 3.5, 3.5, 4.9, 3.59, 3.5, 3.5, 5.0, 3.5, 2.0]

iteration: 47
best: [5.77, 7.07, 9.54, 11.77, 14.94, 23.34, 33.05, 35.76, 37.05, 39.7, 41.44, 43.5, 46.42, 47.63]
time: [5.77, 7.02, 9.48, 11.93, 1000, 1000, 1000, 1000, 1000, 1000, 1000, 1000, 1000, 1000]
current_hyper_parameter
v: [21.22, 33.02, 33.52, 18.68, 34.2, 32.88, 16.7, 30.82, 24.62, 26.65, 30.39, 16.45, 34.53, 18.63]
a: [140.28, 145.42, 71.42, 186.98, 150.66, 46.94, 115.77, 31.92, 162.36, 50.0, 28.24, 112.06, 50.0, 49.1]
d: [5.54, 5.01, 3.5, 5.3, 5.74, 5.34, 5.25, 4.9, 4.39, 5.4, 5.27, 5.0, 3.5, 2.0]
BEST_hyper_parameter
v: [21.22, 33.02, 33.52, 24.19, 31.35, 26.91, 21.93, 34.53, 14.17, 12.0, 12.0, 16.45, 34.53, 21.54]
a: [140.28, 145.42, 71.42, 186.98, 150.66, 172.09, 107.22, 113.39, 95.11, 50.0, 50.0, 112.06, 50.0, 108.2]
d: [5.54, 5.01, 3.5, 4.11, 4.87, 3.5, 3.5, 4.9, 3.59, 3.5, 3.5, 5.0, 3.5, 2.0]

iteration: 48
best: [5.77, 7.07, 9.54, 11.77, 14.94, 23.34, 33.05, 35.76, 37.05, 39.7, 41.44, 43.5, 46.42, 47.63]
time: [5.76, 7.01, 9.47, 11.73, 17.8, 23.39, 35.12, 41.05, 1000, 1000, 1000, 1000, 1000, 1000]
current_hyper_parameter
v: [21.22, 33.02, 33.52, 24.19, 18.71, 34.56, 18.3, 25.63, 12.04, 15.02, 29.64, 32.71, 34.77, 14.5]
a: [140.28, 145.42, 71.42, 186.98, 191.0, 172.09, 50.75, 113.39, 126.88, 50.0, 50.0, 112.06, 49.44, 122.03]
d: [5.54, 5.01, 3.5, 4.11, 4.87, 5.6, 3.5, 5.89, 3.59, 3.5, 4.15, 4.16, 3.5, 2.0]
BEST_hyper_parameter
v: [21.22, 33.02, 33.52, 24.19, 31.35, 26.91, 21.93, 34.53, 14.17, 12.0, 12.0, 16.45, 34.53, 21.54]
a: [140.28, 145.42, 71.42, 186.98, 150.66, 172.09, 107.22, 113.39, 95.11, 50.0, 50.0, 112.06, 50.0, 108.2]
d: [5.54, 5.01, 3.5, 4.11, 4.87, 3.5, 3.5, 4.9, 3.59, 3.5, 3.5, 5.0, 3.5, 2.0]

iteration: 49
best: [5.77, 7.07, 9.54, 11.77, 14.94, 23.34, 33.05, 35.76, 37.05, 39.7, 41.44, 43.5, 46.42, 47.63]
time: [5.72, 6.96, 9.39, 19.44, 22.48, 26.69, 37.6, 46.61, 1000, 1000, 1000, 1000, 1000, 1000]
current_hyper_parameter
v: [21.22, 33.02, 33.52, 24.19, 23.7, 31.96, 25.26, 23.05, 22.05, 12.8, 33.32, 14.85, 19.51, 14.79]
a: [140.28, 145.42, 71.42, 186.98, 150.66, 57.66, 107.22, 39.52, 95.11, 31.24, 143.79, 83.76, 20.39, 89.18]
d: [5.54, 5.01, 3.5, 4.11, 4.87, 3.5, 3.85, 4.9, 3.59, 3.71, 4.3, 3.95, 5.85, 2.0]
BEST_hyper_parameter
v: [21.22, 33.02, 33.52, 24.19, 31.35, 26.91, 21.93, 34.53, 14.17, 12.0, 12.0, 16.45, 34.53, 21.54]
a: [140.28, 145.42, 71.42, 186.98, 150.66, 172.09, 107.22, 113.39, 95.11, 50.0, 50.0, 112.06, 50.0, 108.2]
d: [5.54, 5.01, 3.5, 4.11, 4.87, 3.5, 3.5, 4.9, 3.59, 3.5, 3.5, 5.0, 3.5, 2.0]
mutation at idx = 1
mutation at idx = 2

iteration: 50
best: [5.77, 7.07, 9.54, 11.77, 14.94, 23.34, 33.05, 35.76, 37.05, 39.7, 41.44, 43.5, 46.42, 47.63]
time: [5.79, 7.31, 10.16, 12.32, 17.65, 20.73, 46.48, 1000, 1000, 1000, 1000, 1000, 1000, 1000]
current_hyper_parameter
v: [21.22, 19.46, 31.99, 24.19, 31.92, 26.91, 11.47, 33.47, 29.17, 12.0, 12.0, 30.76, 11.84, 28.12]
a: [140.28, 100.59, 85.11, 186.98, 150.66, 172.09, 27.39, 113.39, 176.41, 50.0, 50.0, 98.97, 51.18, 86.15]
d: [5.54, 4.0, 3.74, 4.11, 3.98, 3.5, 3.5, 5.82, 3.59, 3.5, 3.5, 4.21, 3.5, 2.0]
BEST_hyper_parameter
v: [21.22, 33.02, 33.52, 24.19, 31.35, 26.91, 21.93, 34.53, 14.17, 12.0, 12.0, 16.45, 34.53, 21.54]
a: [140.28, 145.42, 71.42, 186.98, 150.66, 172.09, 107.22, 113.39, 95.11, 50.0, 50.0, 112.06, 50.0, 108.2]
d: [5.54, 5.01, 3.5, 4.11, 4.87, 3.5, 3.5, 4.9, 3.59, 3.5, 3.5, 5.0, 3.5, 2.0]
mutation at idx = 2

iteration: 51
best: [5.77, 7.07, 9.54, 11.77, 14.94, 23.34, 33.05, 35.76, 37.05, 39.7, 41.44, 43.5, 46.42, 47.63]
time: [5.79, 7.0, 9.59, 11.86, 1000, 1000, 1000, 1000, 1000, 1000, 1000, 1000, 1000, 1000]
current_hyper_parameter
v: [21.22, 33.02, 19.84, 24.19, 31.35, 21.34, 21.93, 29.77, 31.08, 34.11, 31.41, 19.88, 19.09, 26.88]
a: [140.28, 145.42, 71.42, 186.98, 150.66, 172.09, 107.22, 29.35, 155.67, 50.0, 50.0, 112.06, 50.0, 154.73]
d: [5.54, 5.01, 3.5, 4.11, 4.87, 5.78, 3.5, 4.95, 4.17, 3.5, 3.5, 5.0, 5.79, 2.0]
BEST_hyper_parameter
v: [21.22, 33.02, 33.52, 24.19, 31.35, 26.91, 21.93, 34.53, 14.17, 12.0, 12.0, 16.45, 34.53, 21.54]
a: [140.28, 145.42, 71.42, 186.98, 150.66, 172.09, 107.22, 113.39, 95.11, 50.0, 50.0, 112.06, 50.0, 108.2]
d: [5.54, 5.01, 3.5, 4.11, 4.87, 3.5, 3.5, 4.9, 3.59, 3.5, 3.5, 5.0, 3.5, 2.0]
mutation at idx = 2

iteration: 52
best: [5.77, 7.07, 9.54, 11.77, 14.94, 23.34, 33.05, 35.76, 37.05, 39.7, 41.44, 43.5, 46.42, 47.63]
time: [5.74, 6.97, 12.82, 15.43, 1000, 1000, 1000, 1000, 1000, 1000, 1000, 1000, 1000, 1000]
current_hyper_parameter
v: [21.22, 33.02, 11.17, 24.19, 30.69, 32.75, 16.47, 25.48, 12.62, 12.0, 30.55, 18.05, 34.53, 34.04]
a: [140.28, 145.42, 71.42, 186.98, 136.7, 61.08, 107.22, 113.39, 44.52, 50.0, 50.0, 112.06, 50.0, 151.3]
d: [5.54, 5.01, 4.01, 4.11, 4.87, 5.18, 5.17, 4.4, 3.75, 3.5, 4.04, 3.67, 3.5, 2.0]
BEST_hyper_parameter
v: [21.22, 33.02, 33.52, 24.19, 31.35, 26.91, 21.93, 34.53, 14.17, 12.0, 12.0, 16.45, 34.53, 21.54]
a: [140.28, 145.42, 71.42, 186.98, 150.66, 172.09, 107.22, 113.39, 95.11, 50.0, 50.0, 112.06, 50.0, 108.2]
d: [5.54, 5.01, 3.5, 4.11, 4.87, 3.5, 3.5, 4.9, 3.59, 3.5, 3.5, 5.0, 3.5, 2.0]

iteration: 53
best: [5.77, 7.07, 9.54, 11.77, 14.94, 23.34, 33.05, 35.76, 37.05, 39.7, 41.44, 43.5, 46.42, 47.63]
time: [5.77, 7.01, 9.55, 1000, 1000, 1000, 1000, 1000, 1000, 1000, 1000, 1000, 1000, 1000]
current_hyper_parameter
v: [21.22, 33.02, 28.51, 34.55, 20.05, 14.19, 22.71, 18.04, 24.63, 12.0, 12.0, 16.45, 34.53, 13.53]
a: [140.28, 145.42, 61.13, 21.72, 73.56, 172.09, 107.22, 96.33, 192.71, 50.0, 50.0, 112.06, 50.0, 110.54]
d: [5.54, 5.01, 3.5, 4.11, 4.87, 4.53, 3.5, 4.9, 3.95, 3.5, 3.5, 5.0, 3.5, 2.0]
BEST_hyper_parameter
v: [21.22, 33.02, 33.52, 24.19, 31.35, 26.91, 21.93, 34.53, 14.17, 12.0, 12.0, 16.45, 34.53, 21.54]
a: [140.28, 145.42, 71.42, 186.98, 150.66, 172.09, 107.22, 113.39, 95.11, 50.0, 50.0, 112.06, 50.0, 108.2]
d: [5.54, 5.01, 3.5, 4.11, 4.87, 3.5, 3.5, 4.9, 3.59, 3.5, 3.5, 5.0, 3.5, 2.0]
mutation at idx = 1

iteration: 54
best: [5.77, 7.07, 9.54, 11.77, 14.94, 23.34, 33.05, 35.76, 37.05, 39.7, 41.44, 43.5, 46.42, 47.63]
time: [5.79, 7.29, 10.13, 13.1, 16.06, 34.71, 45.82, 1000, 1000, 1000, 1000, 1000, 1000, 1000]
current_hyper_parameter
v: [21.22, 17.75, 33.52, 23.51, 26.6, 30.01, 23.4, 34.53, 14.17, 11.64, 23.44, 16.45, 25.84, 33.0]
a: [140.28, 169.76, 71.42, 58.52, 75.88, 74.96, 141.59, 113.39, 95.11, 32.6, 50.0, 112.06, 87.02, 108.2]
d: [5.54, 4.87, 3.5, 3.95, 4.39, 3.5, 3.55, 4.9, 3.59, 4.66, 4.27, 5.0, 5.29, 2.0]
BEST_hyper_parameter
v: [21.22, 33.02, 33.52, 24.19, 31.35, 26.91, 21.93, 34.53, 14.17, 12.0, 12.0, 16.45, 34.53, 21.54]
a: [140.28, 145.42, 71.42, 186.98, 150.66, 172.09, 107.22, 113.39, 95.11, 50.0, 50.0, 112.06, 50.0, 108.2]
d: [5.54, 5.01, 3.5, 4.11, 4.87, 3.5, 3.5, 4.9, 3.59, 3.5, 3.5, 5.0, 3.5, 2.0]

iteration: 55
best: [5.77, 7.07, 9.54, 11.77, 14.94, 23.34, 33.05, 35.76, 37.05, 39.7, 41.44, 43.5, 46.42, 47.63]
time: [5.73, 6.97, 9.38, 14.79, 1000, 1000, 1000, 1000, 1000, 1000, 1000, 1000, 1000, 1000]
current_hyper_parameter
v: [21.22, 33.02, 33.52, 24.8, 21.84, 26.91, 12.91, 34.53, 26.49, 30.89, 12.0, 16.45, 25.41, 13.25]
a: [140.28, 145.42, 71.42, 186.98, 150.66, 172.09, 69.41, 113.39, 199.94, 188.23, 50.0, 112.06, 94.24, 50.62]
d: [5.54, 5.01, 3.5, 4.11, 5.36, 3.5, 3.5, 4.9, 3.75, 3.5, 3.5, 5.0, 3.89, 2.0]
BEST_hyper_parameter
v: [21.22, 33.02, 33.52, 24.19, 31.35, 26.91, 21.93, 34.53, 14.17, 12.0, 12.0, 16.45, 34.53, 21.54]
a: [140.28, 145.42, 71.42, 186.98, 150.66, 172.09, 107.22, 113.39, 95.11, 50.0, 50.0, 112.06, 50.0, 108.2]
d: [5.54, 5.01, 3.5, 4.11, 4.87, 3.5, 3.5, 4.9, 3.59, 3.5, 3.5, 5.0, 3.5, 2.0]

iteration: 56
best: [5.77, 7.07, 9.54, 11.77, 14.94, 23.34, 33.05, 35.76, 37.05, 39.7, 41.44, 43.5, 46.42, 47.63]
time: [5.76, 7.02, 9.41, 1000, 1000, 1000, 1000, 1000, 1000, 1000, 1000, 1000, 1000, 1000]
current_hyper_parameter
v: [21.22, 33.02, 33.52, 34.39, 31.35, 15.1, 33.65, 20.67, 18.81, 12.0, 12.0, 16.45, 13.92, 22.7]
a: [140.28, 145.42, 71.42, 186.98, 150.66, 20.28, 157.13, 162.08, 118.22, 50.0, 50.0, 112.06, 65.69, 52.71]
d: [5.54, 5.01, 3.5, 4.6, 4.87, 3.5, 3.5, 4.9, 5.48, 3.5, 3.5, 5.0, 3.93, 2.0]
BEST_hyper_parameter
v: [21.22, 33.02, 33.52, 24.19, 31.35, 26.91, 21.93, 34.53, 14.17, 12.0, 12.0, 16.45, 34.53, 21.54]
a: [140.28, 145.42, 71.42, 186.98, 150.66, 172.09, 107.22, 113.39, 95.11, 50.0, 50.0, 112.06, 50.0, 108.2]
d: [5.54, 5.01, 3.5, 4.11, 4.87, 3.5, 3.5, 4.9, 3.59, 3.5, 3.5, 5.0, 3.5, 2.0]
mutation at idx = 1

iteration: 57
best: [5.77, 7.07, 9.54, 11.77, 14.94, 23.34, 33.05, 35.76, 37.05, 39.7, 41.44, 43.5, 46.42, 47.63]
time: [5.74, 7.12, 9.75, 13.07, 19.22, 22.53, 33.77, 1000, 1000, 1000, 1000, 1000, 1000, 1000]
current_hyper_parameter
v: [21.22, 20.22, 33.52, 24.11, 31.35, 34.63, 21.93, 26.03, 14.17, 20.03, 22.07, 34.07, 10.95, 29.24]
a: [140.28, 145.42, 71.42, 40.07, 150.66, 82.59, 107.22, 26.7, 95.11, 151.86, 50.0, 66.1, 57.04, 111.51]
d: [5.54, 4.42, 3.5, 4.11, 4.87, 5.09, 3.5, 3.85, 3.59, 3.5, 3.5, 3.72, 3.5, 2.0]
BEST_hyper_parameter
v: [21.22, 33.02, 33.52, 24.19, 31.35, 26.91, 21.93, 34.53, 14.17, 12.0, 12.0, 16.45, 34.53, 21.54]
a: [140.28, 145.42, 71.42, 186.98, 150.66, 172.09, 107.22, 113.39, 95.11, 50.0, 50.0, 112.06, 50.0, 108.2]
d: [5.54, 5.01, 3.5, 4.11, 4.87, 3.5, 3.5, 4.9, 3.59, 3.5, 3.5, 5.0, 3.5, 2.0]

iteration: 58
best: [5.77, 7.07, 9.54, 11.77, 14.94, 23.34, 33.05, 35.76, 37.05, 39.7, 41.44, 43.5, 46.42, 47.63]
time: [5.75, 6.98, 9.43, 1000, 1000, 1000, 1000, 1000, 1000, 1000, 1000, 1000, 1000, 1000]
current_hyper_parameter
v: [21.22, 33.02, 33.52, 24.19, 11.4, 23.95, 21.93, 12.1, 11.8, 26.04, 31.59, 16.45, 11.8, 21.54]
a: [140.28, 145.42, 71.42, 186.98, 150.66, 127.21, 107.22, 155.16, 95.11, 77.96, 143.34, 112.06, 115.26, 108.2]
d: [5.54, 5.01, 3.5, 4.11, 4.87, 4.61, 3.5, 4.9, 3.59, 3.5, 4.07, 5.0, 3.5, 2.0]
BEST_hyper_parameter
v: [21.22, 33.02, 33.52, 24.19, 31.35, 26.91, 21.93, 34.53, 14.17, 12.0, 12.0, 16.45, 34.53, 21.54]
a: [140.28, 145.42, 71.42, 186.98, 150.66, 172.09, 107.22, 113.39, 95.11, 50.0, 50.0, 112.06, 50.0, 108.2]
d: [5.54, 5.01, 3.5, 4.11, 4.87, 3.5, 3.5, 4.9, 3.59, 3.5, 3.5, 5.0, 3.5, 2.0]

iteration: 59
best: [5.77, 7.07, 9.54, 11.77, 14.94, 23.34, 33.05, 35.76, 37.05, 39.7, 41.44, 43.5, 46.42, 47.63]
time: [5.73, 6.98, 9.39, 14.63, 1000, 1000, 1000, 1000, 1000, 1000, 1000, 1000, 1000, 1000]
current_hyper_parameter
v: [21.22, 33.02, 33.52, 31.23, 17.88, 11.89, 31.13, 34.53, 14.17, 13.02, 32.28, 16.45, 18.63, 21.54]
a: [140.28, 145.42, 71.42, 182.89, 185.79, 53.98, 174.02, 113.39, 95.11, 50.0, 196.96, 112.06, 50.0, 108.2]
d: [5.54, 5.01, 3.5, 4.11, 4.87, 3.5, 5.74, 4.9, 3.59, 3.5, 4.91, 5.0, 5.54, 2.0]
BEST_hyper_parameter
v: [21.22, 33.02, 33.52, 24.19, 31.35, 26.91, 21.93, 34.53, 14.17, 12.0, 12.0, 16.45, 34.53, 21.54]
a: [140.28, 145.42, 71.42, 186.98, 150.66, 172.09, 107.22, 113.39, 95.11, 50.0, 50.0, 112.06, 50.0, 108.2]
d: [5.54, 5.01, 3.5, 4.11, 4.87, 3.5, 3.5, 4.9, 3.59, 3.5, 3.5, 5.0, 3.5, 2.0]
mutation at idx = 0

iteration: 60
best: [5.77, 7.07, 9.54, 11.77, 14.94, 23.34, 33.05, 35.76, 37.05, 39.7, 41.44, 43.5, 46.42, 47.63]
time: [5.81, 7.07, 9.53, 12.78, 1000, 1000, 1000, 1000, 1000, 1000, 1000, 1000, 1000, 1000]
current_hyper_parameter
v: [17.87, 33.02, 33.52, 13.11, 31.35, 29.61, 21.93, 16.92, 22.62, 15.4, 19.47, 16.01, 18.43, 31.45]
a: [140.28, 145.42, 71.42, 63.46, 150.66, 38.7, 107.22, 33.43, 122.07, 50.0, 167.05, 124.84, 50.0, 56.0]
d: [5.54, 5.01, 3.5, 3.97, 4.87, 5.36, 3.5, 5.6, 3.59, 5.03, 5.39, 4.47, 3.5, 2.0]
BEST_hyper_parameter
v: [21.22, 33.02, 33.52, 24.19, 31.35, 26.91, 21.93, 34.53, 14.17, 12.0, 12.0, 16.45, 34.53, 21.54]
a: [140.28, 145.42, 71.42, 186.98, 150.66, 172.09, 107.22, 113.39, 95.11, 50.0, 50.0, 112.06, 50.0, 108.2]
d: [5.54, 5.01, 3.5, 4.11, 4.87, 3.5, 3.5, 4.9, 3.59, 3.5, 3.5, 5.0, 3.5, 2.0]

iteration: 61
best: [5.77, 7.07, 9.54, 11.77, 14.94, 23.34, 33.05, 35.76, 37.05, 39.7, 41.44, 43.5, 46.42, 47.63]
time: [5.78, 7.0, 9.47, 18.74, 25.25, 29.48, 38.07, 1000, 1000, 1000, 1000, 1000, 1000, 1000]
current_hyper_parameter
v: [21.22, 33.02, 33.52, 34.93, 19.7, 11.72, 32.64, 25.77, 14.17, 21.35, 12.0, 25.58, 34.53, 21.54]
a: [140.28, 145.42, 71.42, 186.98, 150.66, 106.95, 188.36, 33.71, 95.11, 141.91, 50.0, 88.48, 50.0, 108.2]
d: [5.54, 5.01, 3.5, 4.51, 4.87, 5.09, 3.5, 4.9, 3.59, 3.77, 3.5, 5.0, 3.5, 2.0]
BEST_hyper_parameter
v: [21.22, 33.02, 33.52, 24.19, 31.35, 26.91, 21.93, 34.53, 14.17, 12.0, 12.0, 16.45, 34.53, 21.54]
a: [140.28, 145.42, 71.42, 186.98, 150.66, 172.09, 107.22, 113.39, 95.11, 50.0, 50.0, 112.06, 50.0, 108.2]
d: [5.54, 5.01, 3.5, 4.11, 4.87, 3.5, 3.5, 4.9, 3.59, 3.5, 3.5, 5.0, 3.5, 2.0]
mutation at idx = 2

iteration: 62
best: [5.77, 7.07, 9.54, 11.77, 14.94, 23.34, 33.05, 35.76, 37.05, 39.7, 41.44, 43.5, 46.42, 47.63]
time: [5.78, 7.02, 9.77, 12.31, 14.94, 18.21, 28.83, 31.34, 32.45, 33.78, 1000, 1000, 1000, 1000]
current_hyper_parameter
v: [21.22, 33.02, 13.56, 24.19, 24.97, 23.44, 24.25, 34.03, 21.32, 20.65, 12.0, 17.67, 34.53, 34.43]
a: [140.28, 145.42, 71.42, 186.98, 81.06, 172.09, 142.6, 126.79, 115.99, 171.87, 50.0, 32.57, 50.0, 80.89]
d: [5.54, 5.01, 3.5, 4.11, 4.83, 3.5, 5.62, 4.9, 5.41, 5.27, 3.5, 5.0, 3.5, 2.0]
BEST_hyper_parameter
v: [21.22, 33.02, 33.52, 24.19, 31.35, 26.91, 21.93, 34.53, 14.17, 12.0, 12.0, 16.45, 34.53, 21.54]
a: [140.28, 145.42, 71.42, 186.98, 150.66, 172.09, 107.22, 113.39, 95.11, 50.0, 50.0, 112.06, 50.0, 108.2]
d: [5.54, 5.01, 3.5, 4.11, 4.87, 3.5, 3.5, 4.9, 3.59, 3.5, 3.5, 5.0, 3.5, 2.0]
mutation at idx = 3

iteration: 63
best: [5.77, 7.07, 9.54, 11.77, 14.94, 18.21, 28.83, 31.34, 32.45, 33.78, 41.44, 43.5, 46.42, 47.63]
time: [5.79, 7.02, 9.48, 15.06, 1000, 1000, 1000, 1000, 1000, 1000, 1000, 1000, 1000, 1000]
current_hyper_parameter
v: [21.22, 33.02, 33.52, 17.19, 31.35, 23.44, 24.25, 34.03, 21.32, 20.65, 12.0, 23.57, 34.9, 21.54]
a: [140.28, 145.42, 71.42, 186.98, 150.66, 172.09, 142.6, 126.79, 115.99, 171.87, 50.0, 132.14, 151.91, 108.2]
d: [5.54, 5.01, 3.5, 4.11, 4.87, 3.5, 5.62, 4.9, 5.41, 5.27, 3.5, 5.0, 3.5, 2.0]
BEST_hyper_parameter
v: [21.22, 33.02, 33.52, 24.19, 31.35, 23.44, 24.25, 34.03, 21.32, 20.65, 12.0, 16.45, 34.53, 21.54]
a: [140.28, 145.42, 71.42, 186.98, 150.66, 172.09, 142.6, 126.79, 115.99, 171.87, 50.0, 112.06, 50.0, 108.2]
d: [5.54, 5.01, 3.5, 4.11, 4.87, 3.5, 5.62, 4.9, 5.41, 5.27, 3.5, 5.0, 3.5, 2.0]
mutation at idx = 0

iteration: 64
best: [5.77, 7.07, 9.54, 11.77, 14.94, 18.21, 28.83, 31.34, 32.45, 33.78, 41.44, 43.5, 46.42, 47.63]
time: [5.82, 7.06, 9.53, 15.12, 1000, 1000, 1000, 1000, 1000, 1000, 1000, 1000, 1000, 1000]
current_hyper_parameter
v: [22.88, 33.02, 33.52, 16.01, 31.35, 23.44, 32.43, 34.03, 22.94, 12.18, 25.83, 16.45, 20.47, 19.09]
a: [109.31, 145.42, 71.42, 186.98, 150.66, 172.09, 142.6, 126.79, 159.5, 90.25, 198.17, 112.06, 50.0, 108.2]
d: [5.54, 5.01, 3.5, 3.98, 4.87, 3.5, 5.59, 4.9, 4.22, 5.27, 5.29, 5.0, 4.83, 2.0]
BEST_hyper_parameter
v: [21.22, 33.02, 33.52, 24.19, 31.35, 23.44, 24.25, 34.03, 21.32, 20.65, 12.0, 16.45, 34.53, 21.54]
a: [140.28, 145.42, 71.42, 186.98, 150.66, 172.09, 142.6, 126.79, 115.99, 171.87, 50.0, 112.06, 50.0, 108.2]
d: [5.54, 5.01, 3.5, 4.11, 4.87, 3.5, 5.62, 4.9, 5.41, 5.27, 3.5, 5.0, 3.5, 2.0]

iteration: 65
best: [5.77, 7.07, 9.54, 11.77, 14.94, 18.21, 28.83, 31.34, 32.45, 33.78, 41.44, 43.5, 46.42, 47.63]
time: [5.76, 7.0, 9.46, 15.46, 21.77, 24.8, 38.84, 1000, 1000, 1000, 1000, 1000, 1000, 1000]
current_hyper_parameter
v: [21.22, 33.02, 33.52, 34.16, 31.35, 25.01, 16.75, 25.54, 19.55, 20.65, 24.4, 16.33, 10.78, 13.49]
a: [140.28, 145.42, 71.42, 120.14, 150.66, 172.09, 142.6, 35.94, 115.99, 171.87, 66.69, 48.45, 50.0, 75.72]
d: [5.54, 5.01, 3.5, 5.42, 4.87, 4.03, 5.32, 4.87, 4.63, 5.27, 4.79, 5.0, 3.5, 2.0]
BEST_hyper_parameter
v: [21.22, 33.02, 33.52, 24.19, 31.35, 23.44, 24.25, 34.03, 21.32, 20.65, 12.0, 16.45, 34.53, 21.54]
a: [140.28, 145.42, 71.42, 186.98, 150.66, 172.09, 142.6, 126.79, 115.99, 171.87, 50.0, 112.06, 50.0, 108.2]
d: [5.54, 5.01, 3.5, 4.11, 4.87, 3.5, 5.62, 4.9, 5.41, 5.27, 3.5, 5.0, 3.5, 2.0]

iteration: 66
best: [5.77, 7.07, 9.54, 11.77, 14.94, 18.21, 28.83, 31.34, 32.45, 33.78, 41.44, 43.5, 46.42, 47.63]
time: [5.79, 7.02, 9.47, 12.46, 15.45, 18.42, 30.77, 33.85, 35.27, 36.98, 42.45, 47.9, 1000, 1000]
current_hyper_parameter
v: [21.22, 33.02, 33.52, 14.6, 12.64, 23.44, 18.82, 13.17, 21.32, 27.61, 12.0, 16.45, 12.71, 21.54]
a: [140.28, 145.42, 71.42, 95.12, 150.66, 172.09, 59.98, 179.3, 115.99, 109.25, 50.0, 112.06, 50.0, 108.2]
d: [5.54, 5.01, 3.5, 4.11, 3.58, 3.5, 5.91, 3.66, 5.41, 4.68, 3.5, 5.0, 3.5, 2.0]
BEST_hyper_parameter
v: [21.22, 33.02, 33.52, 24.19, 31.35, 23.44, 24.25, 34.03, 21.32, 20.65, 12.0, 16.45, 34.53, 21.54]
a: [140.28, 145.42, 71.42, 186.98, 150.66, 172.09, 142.6, 126.79, 115.99, 171.87, 50.0, 112.06, 50.0, 108.2]
d: [5.54, 5.01, 3.5, 4.11, 4.87, 3.5, 5.62, 4.9, 5.41, 5.27, 3.5, 5.0, 3.5, 2.0]

iteration: 67
best: [5.77, 7.07, 9.54, 11.77, 14.94, 18.21, 28.83, 31.34, 32.45, 33.78, 41.44, 43.5, 46.42, 47.63]
time: [5.77, 7.02, 9.43, 1000, 1000, 1000, 1000, 1000, 1000, 1000, 1000, 1000, 1000, 1000]
current_hyper_parameter
v: [21.22, 33.02, 33.52, 24.19, 31.35, 23.44, 25.57, 17.58, 19.76, 32.81, 34.84, 12.48, 15.38, 20.77]
a: [140.28, 145.42, 71.42, 186.98, 150.66, 172.09, 196.94, 108.73, 47.29, 94.32, 77.92, 90.4, 34.85, 108.2]
d: [5.54, 5.01, 3.5, 4.11, 4.87, 3.5, 5.57, 5.4, 4.76, 5.27, 5.64, 4.14, 3.5, 2.0]
BEST_hyper_parameter
v: [21.22, 33.02, 33.52, 24.19, 31.35, 23.44, 24.25, 34.03, 21.32, 20.65, 12.0, 16.45, 34.53, 21.54]
a: [140.28, 145.42, 71.42, 186.98, 150.66, 172.09, 142.6, 126.79, 115.99, 171.87, 50.0, 112.06, 50.0, 108.2]
d: [5.54, 5.01, 3.5, 4.11, 4.87, 3.5, 5.62, 4.9, 5.41, 5.27, 3.5, 5.0, 3.5, 2.0]

iteration: 68
best: [5.77, 7.07, 9.54, 11.77, 14.94, 18.21, 28.83, 31.34, 32.45, 33.78, 41.44, 43.5, 46.42, 47.63]
time: [5.79, 7.01, 9.48, 12.96, 1000, 1000, 1000, 1000, 1000, 1000, 1000, 1000, 1000, 1000]
current_hyper_parameter
v: [21.22, 33.02, 33.52, 28.0, 15.8, 26.03, 23.22, 16.56, 21.58, 29.08, 10.79, 16.45, 27.46, 21.54]
a: [140.28, 145.42, 71.42, 39.01, 150.66, 23.52, 59.99, 33.57, 34.54, 66.13, 50.0, 112.06, 143.16, 108.2]
d: [5.54, 5.01, 3.5, 4.11, 5.7, 3.5, 5.62, 4.9, 5.55, 4.12, 5.41, 5.0, 3.5, 2.0]
BEST_hyper_parameter
v: [21.22, 33.02, 33.52, 24.19, 31.35, 23.44, 24.25, 34.03, 21.32, 20.65, 12.0, 16.45, 34.53, 21.54]
a: [140.28, 145.42, 71.42, 186.98, 150.66, 172.09, 142.6, 126.79, 115.99, 171.87, 50.0, 112.06, 50.0, 108.2]
d: [5.54, 5.01, 3.5, 4.11, 4.87, 3.5, 5.62, 4.9, 5.41, 5.27, 3.5, 5.0, 3.5, 2.0]
mutation at idx = 0

iteration: 69
best: [5.77, 7.07, 9.54, 11.77, 14.94, 18.21, 28.83, 31.34, 32.45, 33.78, 41.44, 43.5, 46.42, 47.63]
time: [5.94, 7.28, 9.96, 12.39, 1000, 1000, 1000, 1000, 1000, 1000, 1000, 1000, 1000, 1000]
current_hyper_parameter
v: [31.62, 33.02, 33.52, 24.19, 31.35, 23.44, 33.92, 23.0, 21.32, 28.22, 32.97, 15.15, 14.9, 25.47]
a: [74.06, 145.42, 71.42, 186.98, 150.66, 172.09, 142.6, 126.79, 115.99, 171.87, 148.18, 112.06, 51.79, 35.63]
d: [5.34, 5.01, 3.5, 4.11, 4.87, 3.5, 5.89, 3.53, 5.41, 5.27, 3.5, 5.0, 5.79, 2.0]
BEST_hyper_parameter
v: [21.22, 33.02, 33.52, 24.19, 31.35, 23.44, 24.25, 34.03, 21.32, 20.65, 12.0, 16.45, 34.53, 21.54]
a: [140.28, 145.42, 71.42, 186.98, 150.66, 172.09, 142.6, 126.79, 115.99, 171.87, 50.0, 112.06, 50.0, 108.2]
d: [5.54, 5.01, 3.5, 4.11, 4.87, 3.5, 5.62, 4.9, 5.41, 5.27, 3.5, 5.0, 3.5, 2.0]
mutation at idx = 3

iteration: 70
best: [5.77, 7.07, 9.54, 11.77, 14.94, 18.21, 28.83, 31.34, 32.45, 33.78, 41.44, 43.5, 46.42, 47.63]
time: [5.73, 6.97, 9.4, 14.71, 22.55, 25.73, 42.6, 45.22, 1000, 1000, 1000, 1000, 1000, 1000]
current_hyper_parameter
v: [21.22, 33.02, 33.52, 24.74, 15.59, 23.44, 13.37, 29.29, 33.23, 20.65, 24.96, 15.84, 12.89, 21.54]
a: [140.28, 145.42, 71.42, 186.98, 150.66, 172.09, 142.6, 118.64, 180.84, 171.87, 152.85, 129.36, 186.66, 108.2]
d: [5.54, 5.01, 3.5, 5.8, 5.67, 3.5, 4.46, 4.69, 5.63, 5.27, 3.5, 5.0, 5.01, 2.0]
BEST_hyper_parameter
v: [21.22, 33.02, 33.52, 24.19, 31.35, 23.44, 24.25, 34.03, 21.32, 20.65, 12.0, 16.45, 34.53, 21.54]
a: [140.28, 145.42, 71.42, 186.98, 150.66, 172.09, 142.6, 126.79, 115.99, 171.87, 50.0, 112.06, 50.0, 108.2]
d: [5.54, 5.01, 3.5, 4.11, 4.87, 3.5, 5.62, 4.9, 5.41, 5.27, 3.5, 5.0, 3.5, 2.0]

iteration: 71
best: [5.77, 7.07, 9.54, 11.77, 14.94, 18.21, 28.83, 31.34, 32.45, 33.78, 41.44, 43.5, 46.42, 47.63]
time: [5.73, 6.96, 9.38, 12.39, 1000, 1000, 1000, 1000, 1000, 1000, 1000, 1000, 1000, 1000]
current_hyper_parameter
v: [21.22, 33.02, 33.52, 15.86, 32.2, 23.44, 10.73, 34.08, 21.32, 20.65, 12.0, 16.45, 33.45, 21.54]
a: [140.28, 145.42, 71.42, 45.82, 143.96, 172.09, 35.5, 126.79, 115.99, 171.87, 50.0, 112.06, 50.0, 108.2]
d: [5.54, 5.01, 3.5, 4.04, 4.87, 3.5, 3.75, 4.9, 5.41, 5.27, 3.5, 5.0, 3.5, 2.0]
BEST_hyper_parameter
v: [21.22, 33.02, 33.52, 24.19, 31.35, 23.44, 24.25, 34.03, 21.32, 20.65, 12.0, 16.45, 34.53, 21.54]
a: [140.28, 145.42, 71.42, 186.98, 150.66, 172.09, 142.6, 126.79, 115.99, 171.87, 50.0, 112.06, 50.0, 108.2]
d: [5.54, 5.01, 3.5, 4.11, 4.87, 3.5, 5.62, 4.9, 5.41, 5.27, 3.5, 5.0, 3.5, 2.0]
mutation at idx = 3

iteration: 72
best: [5.77, 7.07, 9.54, 11.77, 14.94, 18.21, 28.83, 31.34, 32.45, 33.78, 41.44, 43.5, 46.42, 47.63]
time: [5.77, 7.0, 9.47, 12.23, 17.52, 21.04, 29.33, 1000, 1000, 1000, 1000, 1000, 1000, 1000]
current_hyper_parameter
v: [21.22, 33.02, 33.52, 14.36, 31.35, 17.82, 30.89, 18.61, 12.56, 26.13, 12.0, 16.45, 34.53, 21.69]
a: [140.28, 145.42, 71.42, 186.18, 150.66, 166.26, 187.02, 126.79, 54.85, 87.01, 50.0, 112.06, 50.0, 51.94]
d: [5.54, 5.01, 3.5, 4.11, 4.87, 3.5, 5.62, 4.19, 5.41, 4.43, 3.5, 5.0, 3.5, 2.0]
BEST_hyper_parameter
v: [21.22, 33.02, 33.52, 24.19, 31.35, 23.44, 24.25, 34.03, 21.32, 20.65, 12.0, 16.45, 34.53, 21.54]
a: [140.28, 145.42, 71.42, 186.98, 150.66, 172.09, 142.6, 126.79, 115.99, 171.87, 50.0, 112.06, 50.0, 108.2]
d: [5.54, 5.01, 3.5, 4.11, 4.87, 3.5, 5.62, 4.9, 5.41, 5.27, 3.5, 5.0, 3.5, 2.0]
mutation at idx = 3

iteration: 73
best: [5.77, 7.07, 9.54, 11.77, 14.94, 18.21, 28.83, 31.34, 32.45, 33.78, 41.44, 43.5, 46.42, 47.63]
time: [5.76, 7.0, 9.46, 13.3, 15.8, 19.8, 31.7, 33.91, 1000, 1000, 1000, 1000, 1000, 1000]
current_hyper_parameter
v: [21.22, 33.02, 33.52, 34.78, 31.35, 23.44, 33.43, 34.68, 21.32, 23.65, 18.9, 30.2, 34.53, 11.51]
a: [140.28, 145.42, 71.42, 27.14, 150.66, 172.09, 44.68, 173.51, 115.99, 36.46, 89.59, 42.52, 50.0, 174.78]
d: [5.54, 5.01, 3.5, 4.11, 4.87, 3.5, 5.62, 4.9, 5.41, 4.98, 4.4, 5.0, 3.5, 2.0]
BEST_hyper_parameter
v: [21.22, 33.02, 33.52, 24.19, 31.35, 23.44, 24.25, 34.03, 21.32, 20.65, 12.0, 16.45, 34.53, 21.54]
a: [140.28, 145.42, 71.42, 186.98, 150.66, 172.09, 142.6, 126.79, 115.99, 171.87, 50.0, 112.06, 50.0, 108.2]
d: [5.54, 5.01, 3.5, 4.11, 4.87, 3.5, 5.62, 4.9, 5.41, 5.27, 3.5, 5.0, 3.5, 2.0]
mutation at idx = 1

iteration: 74
best: [5.77, 7.07, 9.54, 11.77, 14.94, 18.21, 28.83, 31.34, 32.45, 33.78, 41.44, 43.5, 46.42, 47.63]
time: [5.81, 7.36, 10.31, 13.26, 18.73, 21.84, 33.56, 1000, 1000, 1000, 1000, 1000, 1000, 1000]
current_hyper_parameter
v: [21.22, 23.23, 33.52, 18.72, 31.35, 34.68, 18.25, 14.23, 21.32, 20.65, 30.5, 19.31, 34.53, 17.47]
a: [140.28, 73.55, 71.42, 60.46, 150.66, 153.79, 142.6, 24.22, 115.99, 171.87, 50.0, 137.07, 50.0, 117.14]
d: [5.54, 5.01, 3.5, 4.11, 4.87, 3.5, 5.62, 4.9, 5.41, 5.27, 3.5, 5.0, 3.5, 2.0]
BEST_hyper_parameter
v: [21.22, 33.02, 33.52, 24.19, 31.35, 23.44, 24.25, 34.03, 21.32, 20.65, 12.0, 16.45, 34.53, 21.54]
a: [140.28, 145.42, 71.42, 186.98, 150.66, 172.09, 142.6, 126.79, 115.99, 171.87, 50.0, 112.06, 50.0, 108.2]
d: [5.54, 5.01, 3.5, 4.11, 4.87, 3.5, 5.62, 4.9, 5.41, 5.27, 3.5, 5.0, 3.5, 2.0]

iteration: 75
best: [5.77, 7.07, 9.54, 11.77, 14.94, 18.21, 28.83, 31.34, 32.45, 33.78, 41.44, 43.5, 46.42, 47.63]
time: [5.78, 7.0, 9.35, 1000, 1000, 1000, 1000, 1000, 1000, 1000, 1000, 1000, 1000, 1000]
current_hyper_parameter
v: [21.22, 33.02, 28.97, 28.13, 15.4, 32.94, 14.1, 28.16, 16.37, 18.77, 28.17, 26.62, 34.53, 22.87]
a: [140.28, 145.42, 90.79, 149.78, 150.66, 172.09, 142.6, 126.79, 115.99, 32.37, 157.56, 112.06, 50.0, 30.05]
d: [5.54, 5.01, 3.5, 5.1, 4.87, 3.5, 5.03, 4.9, 5.41, 5.84, 3.5, 4.42, 3.5, 2.0]
BEST_hyper_parameter
v: [21.22, 33.02, 33.52, 24.19, 31.35, 23.44, 24.25, 34.03, 21.32, 20.65, 12.0, 16.45, 34.53, 21.54]
a: [140.28, 145.42, 71.42, 186.98, 150.66, 172.09, 142.6, 126.79, 115.99, 171.87, 50.0, 112.06, 50.0, 108.2]
d: [5.54, 5.01, 3.5, 4.11, 4.87, 3.5, 5.62, 4.9, 5.41, 5.27, 3.5, 5.0, 3.5, 2.0]

iteration: 76
best: [5.77, 7.07, 9.54, 11.77, 14.94, 18.21, 28.83, 31.34, 32.45, 33.78, 41.44, 43.5, 46.42, 47.63]
time: [5.78, 7.02, 9.42, 11.74, 17.56, 21.54, 31.72, 34.79, 36.62, 38.03, 42.42, 45.01, 47.46, 1000]
current_hyper_parameter
v: [21.22, 33.02, 33.52, 18.48, 27.41, 14.03, 28.22, 33.3, 12.0, 34.04, 27.44, 31.16, 27.38, 21.54]
a: [140.28, 145.42, 71.42, 198.8, 150.66, 190.36, 84.36, 65.35, 88.43, 171.87, 50.0, 84.66, 88.56, 108.2]
d: [5.54, 5.01, 3.5, 4.11, 4.87, 3.5, 5.62, 4.28, 5.41, 5.27, 3.5, 5.0, 3.5, 2.0]
BEST_hyper_parameter
v: [21.22, 33.02, 33.52, 24.19, 31.35, 23.44, 24.25, 34.03, 21.32, 20.65, 12.0, 16.45, 34.53, 21.54]
a: [140.28, 145.42, 71.42, 186.98, 150.66, 172.09, 142.6, 126.79, 115.99, 171.87, 50.0, 112.06, 50.0, 108.2]
d: [5.54, 5.01, 3.5, 4.11, 4.87, 3.5, 5.62, 4.9, 5.41, 5.27, 3.5, 5.0, 3.5, 2.0]
mutation at idx = 2

iteration: 77
best: [5.77, 7.07, 9.54, 11.77, 14.94, 18.21, 28.83, 31.34, 32.45, 33.78, 41.44, 43.5, 46.42, 47.63]
time: [5.79, 7.03, 9.47, 1000, 1000, 1000, 1000, 1000, 1000, 1000, 1000, 1000, 1000, 1000]
current_hyper_parameter
v: [21.22, 33.02, 24.48, 24.19, 14.59, 23.44, 18.39, 19.76, 20.22, 20.65, 24.22, 24.36, 23.91, 16.82]
a: [140.28, 145.42, 71.42, 186.98, 54.55, 172.09, 142.6, 126.79, 115.99, 171.87, 129.32, 70.52, 50.0, 134.5]
d: [5.54, 5.01, 3.5, 4.11, 4.87, 3.5, 5.62, 5.94, 5.41, 5.27, 3.5, 5.0, 3.5, 2.0]
BEST_hyper_parameter
v: [21.22, 33.02, 33.52, 24.19, 31.35, 23.44, 24.25, 34.03, 21.32, 20.65, 12.0, 16.45, 34.53, 21.54]
a: [140.28, 145.42, 71.42, 186.98, 150.66, 172.09, 142.6, 126.79, 115.99, 171.87, 50.0, 112.06, 50.0, 108.2]
d: [5.54, 5.01, 3.5, 4.11, 4.87, 3.5, 5.62, 4.9, 5.41, 5.27, 3.5, 5.0, 3.5, 2.0]

iteration: 78
best: [5.77, 7.07, 9.54, 11.77, 14.94, 18.21, 28.83, 31.34, 32.45, 33.78, 41.44, 43.5, 46.42, 47.63]
time: [5.74, 6.96, 9.43, 12.55, 18.92, 45.22, 1000, 1000, 1000, 1000, 1000, 1000, 1000, 1000]
current_hyper_parameter
v: [21.22, 33.02, 33.52, 20.66, 19.25, 18.45, 24.25, 24.75, 24.36, 18.0, 12.0, 19.69, 25.12, 31.49]
a: [140.28, 145.42, 71.42, 55.05, 94.67, 102.5, 142.6, 141.72, 115.99, 194.99, 50.0, 128.14, 50.0, 70.21]
d: [5.54, 5.01, 3.5, 3.65, 4.87, 4.33, 5.62, 4.9, 5.41, 3.84, 3.5, 5.0, 3.5, 2.0]
BEST_hyper_parameter
v: [21.22, 33.02, 33.52, 24.19, 31.35, 23.44, 24.25, 34.03, 21.32, 20.65, 12.0, 16.45, 34.53, 21.54]
a: [140.28, 145.42, 71.42, 186.98, 150.66, 172.09, 142.6, 126.79, 115.99, 171.87, 50.0, 112.06, 50.0, 108.2]
d: [5.54, 5.01, 3.5, 4.11, 4.87, 3.5, 5.62, 4.9, 5.41, 5.27, 3.5, 5.0, 3.5, 2.0]

iteration: 79
best: [5.77, 7.07, 9.54, 11.77, 14.94, 18.21, 28.83, 31.34, 32.45, 33.78, 41.44, 43.5, 46.42, 47.63]
time: [5.77, 7.0, 9.46, 12.24, 17.51, 20.73, 29.91, 41.17, 48.46, 1000, 1000, 1000, 1000, 1000]
current_hyper_parameter
v: [21.22, 33.02, 33.52, 16.47, 31.35, 23.44, 27.98, 34.03, 21.32, 13.94, 12.0, 32.99, 21.28, 26.01]
a: [140.28, 145.42, 71.42, 106.82, 150.66, 172.09, 142.6, 126.79, 115.99, 171.87, 50.0, 186.39, 197.49, 108.2]
d: [5.54, 5.01, 3.5, 4.24, 4.87, 3.5, 5.62, 4.9, 5.41, 3.6, 3.5, 5.0, 3.5, 2.0]
BEST_hyper_parameter
v: [21.22, 33.02, 33.52, 24.19, 31.35, 23.44, 24.25, 34.03, 21.32, 20.65, 12.0, 16.45, 34.53, 21.54]
a: [140.28, 145.42, 71.42, 186.98, 150.66, 172.09, 142.6, 126.79, 115.99, 171.87, 50.0, 112.06, 50.0, 108.2]
d: [5.54, 5.01, 3.5, 4.11, 4.87, 3.5, 5.62, 4.9, 5.41, 5.27, 3.5, 5.0, 3.5, 2.0]

iteration: 80
best: [5.77, 7.07, 9.54, 11.77, 14.94, 18.21, 28.83, 31.34, 32.45, 33.78, 41.44, 43.5, 46.42, 47.63]
time: [5.73, 6.95, 9.43, 11.75, 17.73, 1000, 1000, 1000, 1000, 1000, 1000, 1000, 1000, 1000]
current_hyper_parameter
v: [21.22, 33.02, 33.52, 24.19, 31.35, 26.41, 34.61, 27.46, 25.88, 20.65, 28.95, 31.81, 34.53, 21.56]
a: [140.28, 145.42, 71.42, 186.98, 150.66, 142.19, 142.6, 33.37, 115.99, 171.87, 23.8, 112.06, 50.0, 57.77]
d: [5.54, 5.01, 3.5, 4.11, 4.87, 3.5, 5.62, 4.9, 5.99, 5.27, 3.5, 4.21, 3.5, 2.0]
BEST_hyper_parameter
v: [21.22, 33.02, 33.52, 24.19, 31.35, 23.44, 24.25, 34.03, 21.32, 20.65, 12.0, 16.45, 34.53, 21.54]
a: [140.28, 145.42, 71.42, 186.98, 150.66, 172.09, 142.6, 126.79, 115.99, 171.87, 50.0, 112.06, 50.0, 108.2]
d: [5.54, 5.01, 3.5, 4.11, 4.87, 3.5, 5.62, 4.9, 5.41, 5.27, 3.5, 5.0, 3.5, 2.0]

iteration: 81
best: [5.77, 7.07, 9.54, 11.77, 14.94, 18.21, 28.83, 31.34, 32.45, 33.78, 41.44, 43.5, 46.42, 47.63]
time: [5.77, 7.0, 9.46, 11.74, 30.23, 1000, 1000, 1000, 1000, 1000, 1000, 1000, 1000, 1000]
current_hyper_parameter
v: [21.22, 33.02, 33.52, 24.19, 25.4, 23.44, 31.76, 28.1, 21.39, 24.42, 14.02, 23.08, 24.32, 21.54]
a: [140.28, 145.42, 71.42, 186.98, 36.03, 172.09, 36.73, 126.79, 43.95, 138.87, 184.47, 124.58, 50.0, 108.2]
d: [5.54, 5.01, 3.5, 4.11, 4.71, 3.5, 4.8, 3.96, 5.41, 5.5, 3.5, 5.09, 3.5, 2.0]
BEST_hyper_parameter
v: [21.22, 33.02, 33.52, 24.19, 31.35, 23.44, 24.25, 34.03, 21.32, 20.65, 12.0, 16.45, 34.53, 21.54]
a: [140.28, 145.42, 71.42, 186.98, 150.66, 172.09, 142.6, 126.79, 115.99, 171.87, 50.0, 112.06, 50.0, 108.2]
d: [5.54, 5.01, 3.5, 4.11, 4.87, 3.5, 5.62, 4.9, 5.41, 5.27, 3.5, 5.0, 3.5, 2.0]

iteration: 82
best: [5.77, 7.07, 9.54, 11.77, 14.94, 18.21, 28.83, 31.34, 32.45, 33.78, 41.44, 43.5, 46.42, 47.63]
time: [5.78, 7.02, 9.47, 11.74, 17.57, 21.0, 36.08, 38.61, 1000, 1000, 1000, 1000, 1000, 1000]
current_hyper_parameter
v: [21.22, 33.02, 33.52, 24.19, 16.34, 13.09, 16.37, 34.03, 21.32, 29.22, 16.5, 16.45, 28.84, 15.99]
a: [140.28, 145.42, 71.42, 186.98, 190.34, 172.09, 46.41, 126.79, 115.99, 104.48, 50.0, 112.06, 50.44, 189.2]
d: [5.54, 5.01, 3.5, 4.11, 3.59, 5.97, 4.28, 4.9, 5.41, 3.7, 3.5, 5.0, 3.5, 2.0]
BEST_hyper_parameter
v: [21.22, 33.02, 33.52, 24.19, 31.35, 23.44, 24.25, 34.03, 21.32, 20.65, 12.0, 16.45, 34.53, 21.54]
a: [140.28, 145.42, 71.42, 186.98, 150.66, 172.09, 142.6, 126.79, 115.99, 171.87, 50.0, 112.06, 50.0, 108.2]
d: [5.54, 5.01, 3.5, 4.11, 4.87, 3.5, 5.62, 4.9, 5.41, 5.27, 3.5, 5.0, 3.5, 2.0]

iteration: 83
best: [5.77, 7.07, 9.54, 11.77, 14.94, 18.21, 28.83, 31.34, 32.45, 33.78, 41.44, 43.5, 46.42, 47.63]
time: [5.78, 7.0, 9.48, 11.77, 17.91, 20.66, 29.79, 32.31, 33.43, 34.88, 1000, 1000, 1000, 1000]
current_hyper_parameter
v: [21.22, 33.02, 33.52, 24.19, 31.35, 31.48, 24.25, 23.22, 29.65, 20.65, 14.97, 21.28, 33.26, 14.78]
a: [140.28, 145.42, 71.42, 186.98, 150.66, 172.09, 142.6, 110.39, 176.92, 171.87, 76.37, 173.07, 50.0, 89.13]
d: [5.54, 5.01, 3.5, 4.11, 4.87, 5.17, 5.62, 4.9, 4.52, 5.27, 5.82, 5.0, 3.5, 2.0]
BEST_hyper_parameter
v: [21.22, 33.02, 33.52, 24.19, 31.35, 23.44, 24.25, 34.03, 21.32, 20.65, 12.0, 16.45, 34.53, 21.54]
a: [140.28, 145.42, 71.42, 186.98, 150.66, 172.09, 142.6, 126.79, 115.99, 171.87, 50.0, 112.06, 50.0, 108.2]
d: [5.54, 5.01, 3.5, 4.11, 4.87, 3.5, 5.62, 4.9, 5.41, 5.27, 3.5, 5.0, 3.5, 2.0]

iteration: 84
best: [5.77, 7.07, 9.54, 11.77, 14.94, 18.21, 28.83, 31.34, 32.45, 33.78, 41.44, 43.5, 46.42, 47.63]
time: [5.77, 7.01, 9.43, 1000, 1000, 1000, 1000, 1000, 1000, 1000, 1000, 1000, 1000, 1000]
current_hyper_parameter
v: [21.22, 33.02, 33.52, 24.19, 31.35, 21.8, 24.25, 25.07, 31.04, 26.3, 20.42, 27.57, 18.15, 13.56]
a: [140.28, 145.42, 71.42, 186.98, 150.66, 172.09, 142.6, 173.0, 33.94, 167.27, 50.0, 40.28, 85.49, 118.3]
d: [5.54, 5.01, 3.5, 4.11, 4.87, 3.67, 5.62, 5.55, 5.41, 5.27, 5.66, 5.0, 5.32, 2.0]
BEST_hyper_parameter
v: [21.22, 33.02, 33.52, 24.19, 31.35, 23.44, 24.25, 34.03, 21.32, 20.65, 12.0, 16.45, 34.53, 21.54]
a: [140.28, 145.42, 71.42, 186.98, 150.66, 172.09, 142.6, 126.79, 115.99, 171.87, 50.0, 112.06, 50.0, 108.2]
d: [5.54, 5.01, 3.5, 4.11, 4.87, 3.5, 5.62, 4.9, 5.41, 5.27, 3.5, 5.0, 3.5, 2.0]
mutation at idx = 2

iteration: 85
best: [5.77, 7.07, 9.54, 11.77, 14.94, 18.21, 28.83, 31.34, 32.45, 33.78, 41.44, 43.5, 46.42, 47.63]
time: [5.73, 6.96, 1000, 1000, 1000, 1000, 1000, 1000, 1000, 1000, 1000, 1000, 1000, 1000]
current_hyper_parameter
v: [21.22, 33.02, 33.07, 24.19, 31.35, 23.44, 12.76, 31.23, 13.31, 30.06, 16.51, 16.45, 34.53, 31.08]
a: [140.28, 145.42, 155.89, 186.98, 150.66, 172.09, 144.39, 179.61, 98.32, 171.87, 85.32, 112.06, 50.0, 87.91]
d: [5.54, 5.01, 5.27, 4.11, 4.87, 3.5, 5.62, 5.96, 5.41, 5.27, 4.51, 5.0, 3.5, 2.0]
BEST_hyper_parameter
v: [21.22, 33.02, 33.52, 24.19, 31.35, 23.44, 24.25, 34.03, 21.32, 20.65, 12.0, 16.45, 34.53, 21.54]
a: [140.28, 145.42, 71.42, 186.98, 150.66, 172.09, 142.6, 126.79, 115.99, 171.87, 50.0, 112.06, 50.0, 108.2]
d: [5.54, 5.01, 3.5, 4.11, 4.87, 3.5, 5.62, 4.9, 5.41, 5.27, 3.5, 5.0, 3.5, 2.0]

iteration: 86
best: [5.77, 7.07, 9.54, 11.77, 14.94, 18.21, 28.83, 31.34, 32.45, 33.78, 41.44, 43.5, 46.42, 47.63]
time: [5.73, 6.96, 9.4, 1000, 1000, 1000, 1000, 1000, 1000, 1000, 1000, 1000, 1000, 1000]
current_hyper_parameter
v: [21.22, 33.02, 33.52, 21.07, 31.95, 29.11, 24.25, 23.6, 23.18, 21.12, 19.57, 16.45, 20.08, 16.22]
a: [140.28, 145.42, 71.42, 186.98, 150.66, 172.09, 142.6, 134.95, 115.99, 174.88, 195.09, 112.06, 48.45, 108.2]
d: [5.54, 5.01, 3.5, 4.11, 4.87, 4.86, 5.62, 4.9, 3.81, 5.27, 3.55, 5.0, 5.93, 2.0]
BEST_hyper_parameter
v: [21.22, 33.02, 33.52, 24.19, 31.35, 23.44, 24.25, 34.03, 21.32, 20.65, 12.0, 16.45, 34.53, 21.54]
a: [140.28, 145.42, 71.42, 186.98, 150.66, 172.09, 142.6, 126.79, 115.99, 171.87, 50.0, 112.06, 50.0, 108.2]
d: [5.54, 5.01, 3.5, 4.11, 4.87, 3.5, 5.62, 4.9, 5.41, 5.27, 3.5, 5.0, 3.5, 2.0]
mutation at idx = 0

iteration: 87
best: [5.77, 7.07, 9.54, 11.77, 14.94, 18.21, 28.83, 31.34, 32.45, 33.78, 41.44, 43.5, 46.42, 47.63]
time: [5.84, 7.15, 9.8, 12.39, 1000, 1000, 1000, 1000, 1000, 1000, 1000, 1000, 1000, 1000]
current_hyper_parameter
v: [18.64, 33.02, 33.52, 17.77, 31.35, 33.73, 27.28, 34.03, 34.94, 33.09, 12.47, 15.06, 27.97, 33.97]
a: [106.68, 145.42, 71.42, 113.1, 150.66, 24.33, 142.6, 126.79, 115.99, 109.99, 46.06, 112.06, 105.74, 191.5]
d: [5.52, 5.01, 3.5, 4.11, 4.87, 4.44, 5.62, 4.9, 4.41, 5.27, 5.29, 3.94, 3.5, 2.0]
BEST_hyper_parameter
v: [21.22, 33.02, 33.52, 24.19, 31.35, 23.44, 24.25, 34.03, 21.32, 20.65, 12.0, 16.45, 34.53, 21.54]
a: [140.28, 145.42, 71.42, 186.98, 150.66, 172.09, 142.6, 126.79, 115.99, 171.87, 50.0, 112.06, 50.0, 108.2]
d: [5.54, 5.01, 3.5, 4.11, 4.87, 3.5, 5.62, 4.9, 5.41, 5.27, 3.5, 5.0, 3.5, 2.0]
mutation at idx = 2

iteration: 88
best: [5.77, 7.07, 9.54, 11.77, 14.94, 18.21, 28.83, 31.34, 32.45, 33.78, 41.44, 43.5, 46.42, 47.63]
time: [5.76, 7.0, 9.44, 1000, 1000, 1000, 1000, 1000, 1000, 1000, 1000, 1000, 1000, 1000]
current_hyper_parameter
v: [21.22, 33.02, 17.43, 24.19, 31.35, 19.65, 29.69, 31.63, 21.32, 20.65, 24.07, 16.45, 33.23, 20.52]
a: [140.28, 145.42, 159.43, 186.98, 150.66, 98.05, 136.72, 126.79, 115.99, 171.87, 50.0, 112.06, 154.45, 105.58]
d: [5.54, 5.01, 3.5, 4.11, 4.87, 3.5, 5.05, 4.0, 5.41, 5.27, 4.84, 5.0, 4.55, 2.0]
BEST_hyper_parameter
v: [21.22, 33.02, 33.52, 24.19, 31.35, 23.44, 24.25, 34.03, 21.32, 20.65, 12.0, 16.45, 34.53, 21.54]
a: [140.28, 145.42, 71.42, 186.98, 150.66, 172.09, 142.6, 126.79, 115.99, 171.87, 50.0, 112.06, 50.0, 108.2]
d: [5.54, 5.01, 3.5, 4.11, 4.87, 3.5, 5.62, 4.9, 5.41, 5.27, 3.5, 5.0, 3.5, 2.0]

iteration: 89
best: [5.77, 7.07, 9.54, 11.77, 14.94, 18.21, 28.83, 31.34, 32.45, 33.78, 41.44, 43.5, 46.42, 47.63]
time: [5.74, 6.97, 9.46, 12.33, 1000, 1000, 1000, 1000, 1000, 1000, 1000, 1000, 1000, 1000]
current_hyper_parameter
v: [21.22, 33.02, 33.52, 13.27, 22.42, 31.4, 24.25, 34.03, 15.91, 14.62, 14.87, 14.95, 22.4, 32.61]
a: [140.28, 145.42, 71.42, 186.98, 150.66, 171.79, 142.6, 126.79, 185.54, 171.87, 115.06, 42.57, 80.91, 108.2]
d: [5.54, 5.01, 3.5, 4.21, 5.46, 3.5, 5.62, 4.9, 5.41, 5.27, 5.56, 5.04, 3.85, 2.0]
BEST_hyper_parameter
v: [21.22, 33.02, 33.52, 24.19, 31.35, 23.44, 24.25, 34.03, 21.32, 20.65, 12.0, 16.45, 34.53, 21.54]
a: [140.28, 145.42, 71.42, 186.98, 150.66, 172.09, 142.6, 126.79, 115.99, 171.87, 50.0, 112.06, 50.0, 108.2]
d: [5.54, 5.01, 3.5, 4.11, 4.87, 3.5, 5.62, 4.9, 5.41, 5.27, 3.5, 5.0, 3.5, 2.0]

iteration: 90
best: [5.77, 7.07, 9.54, 11.77, 14.94, 18.21, 28.83, 31.34, 32.45, 33.78, 41.44, 43.5, 46.42, 47.63]
time: [5.76, 7.0, 9.47, 11.76, 1000, 1000, 1000, 1000, 1000, 1000, 1000, 1000, 1000, 1000]
current_hyper_parameter
v: [21.22, 33.02, 33.52, 24.19, 17.31, 11.31, 28.66, 34.69, 21.49, 12.33, 30.89, 17.0, 34.53, 24.32]
a: [140.28, 145.42, 71.42, 186.98, 192.81, 172.09, 132.7, 126.79, 49.93, 176.47, 50.0, 112.06, 50.0, 108.2]
d: [5.54, 5.01, 3.5, 4.11, 5.34, 3.5, 5.49, 3.78, 5.41, 5.27, 4.94, 5.0, 3.5, 2.0]
BEST_hyper_parameter
v: [21.22, 33.02, 33.52, 24.19, 31.35, 23.44, 24.25, 34.03, 21.32, 20.65, 12.0, 16.45, 34.53, 21.54]
a: [140.28, 145.42, 71.42, 186.98, 150.66, 172.09, 142.6, 126.79, 115.99, 171.87, 50.0, 112.06, 50.0, 108.2]
d: [5.54, 5.01, 3.5, 4.11, 4.87, 3.5, 5.62, 4.9, 5.41, 5.27, 3.5, 5.0, 3.5, 2.0]

iteration: 91
best: [5.77, 7.07, 9.54, 11.77, 14.94, 18.21, 28.83, 31.34, 32.45, 33.78, 41.44, 43.5, 46.42, 47.63]
time: [5.73, 6.94, 9.38, 14.92, 18.45, 21.81, 31.07, 1000, 1000, 1000, 1000, 1000, 1000, 1000]
current_hyper_parameter
v: [21.22, 33.02, 33.52, 24.19, 29.84, 24.97, 27.04, 23.47, 14.31, 31.7, 26.17, 32.44, 30.62, 15.9]
a: [140.28, 145.42, 71.42, 186.98, 150.66, 172.09, 143.5, 182.65, 23.64, 168.29, 161.86, 141.94, 50.0, 108.2]
d: [5.54, 5.01, 3.5, 4.11, 4.87, 3.5, 5.62, 3.92, 5.41, 5.44, 5.53, 5.0, 3.87, 2.0]
BEST_hyper_parameter
v: [21.22, 33.02, 33.52, 24.19, 31.35, 23.44, 24.25, 34.03, 21.32, 20.65, 12.0, 16.45, 34.53, 21.54]
a: [140.28, 145.42, 71.42, 186.98, 150.66, 172.09, 142.6, 126.79, 115.99, 171.87, 50.0, 112.06, 50.0, 108.2]
d: [5.54, 5.01, 3.5, 4.11, 4.87, 3.5, 5.62, 4.9, 5.41, 5.27, 3.5, 5.0, 3.5, 2.0]
mutation at idx = 1

iteration: 92
best: [5.77, 7.07, 9.54, 11.77, 14.94, 18.21, 28.83, 31.34, 32.45, 33.78, 41.44, 43.5, 46.42, 47.63]
time: [5.83, 7.59, 10.69, 12.93, 23.2, 1000, 1000, 1000, 1000, 1000, 1000, 1000, 1000, 1000]
current_hyper_parameter
v: [21.22, 14.44, 33.52, 26.37, 21.32, 13.79, 16.7, 15.53, 27.55, 25.49, 30.45, 10.65, 26.83, 13.15]
a: [140.28, 73.17, 71.42, 153.88, 182.33, 80.61, 184.82, 198.82, 65.04, 176.57, 176.6, 112.06, 176.35, 108.2]
d: [5.54, 5.01, 3.5, 4.11, 5.97, 3.5, 5.36, 4.9, 5.41, 4.43, 5.46, 4.56, 3.5, 2.0]
BEST_hyper_parameter
v: [21.22, 33.02, 33.52, 24.19, 31.35, 23.44, 24.25, 34.03, 21.32, 20.65, 12.0, 16.45, 34.53, 21.54]
a: [140.28, 145.42, 71.42, 186.98, 150.66, 172.09, 142.6, 126.79, 115.99, 171.87, 50.0, 112.06, 50.0, 108.2]
d: [5.54, 5.01, 3.5, 4.11, 4.87, 3.5, 5.62, 4.9, 5.41, 5.27, 3.5, 5.0, 3.5, 2.0]
mutation at idx = 0

iteration: 93
best: [5.77, 7.07, 9.54, 11.77, 14.94, 18.21, 28.83, 31.34, 32.45, 33.78, 41.44, 43.5, 46.42, 47.63]
time: [5.7, 6.9, 9.34, 11.98, 1000, 1000, 1000, 1000, 1000, 1000, 1000, 1000, 1000, 1000]
current_hyper_parameter
v: [33.13, 33.02, 33.52, 14.17, 24.41, 17.63, 17.72, 19.44, 26.57, 12.54, 32.29, 25.13, 13.59, 22.71]
a: [140.28, 145.42, 71.42, 186.98, 150.66, 158.27, 39.64, 25.06, 58.94, 171.87, 50.0, 27.08, 50.0, 33.39]
d: [5.54, 5.01, 3.5, 4.11, 4.87, 3.75, 4.05, 5.02, 5.41, 5.27, 3.5, 5.0, 4.45, 2.0]
BEST_hyper_parameter
v: [21.22, 33.02, 33.52, 24.19, 31.35, 23.44, 24.25, 34.03, 21.32, 20.65, 12.0, 16.45, 34.53, 21.54]
a: [140.28, 145.42, 71.42, 186.98, 150.66, 172.09, 142.6, 126.79, 115.99, 171.87, 50.0, 112.06, 50.0, 108.2]
d: [5.54, 5.01, 3.5, 4.11, 4.87, 3.5, 5.62, 4.9, 5.41, 5.27, 3.5, 5.0, 3.5, 2.0]
mutation at idx = 2

iteration: 94
best: [5.77, 7.07, 9.54, 11.77, 14.94, 18.21, 28.83, 31.34, 32.45, 33.78, 41.44, 43.5, 46.42, 47.63]
time: [5.75, 7.05, 9.77, 15.0, 1000, 1000, 1000, 1000, 1000, 1000, 1000, 1000, 1000, 1000]
current_hyper_parameter
v: [21.22, 33.02, 14.52, 24.19, 21.59, 13.06, 33.38, 34.03, 12.41, 29.64, 14.07, 21.5, 34.53, 20.19]
a: [140.28, 145.42, 73.64, 186.98, 80.96, 53.18, 110.77, 126.79, 159.46, 171.87, 50.0, 196.07, 50.0, 187.07]
d: [5.54, 5.01, 4.53, 4.11, 4.87, 3.5, 4.56, 4.9, 5.41, 5.27, 5.35, 4.52, 3.5, 2.0]
BEST_hyper_parameter
v: [21.22, 33.02, 33.52, 24.19, 31.35, 23.44, 24.25, 34.03, 21.32, 20.65, 12.0, 16.45, 34.53, 21.54]
a: [140.28, 145.42, 71.42, 186.98, 150.66, 172.09, 142.6, 126.79, 115.99, 171.87, 50.0, 112.06, 50.0, 108.2]
d: [5.54, 5.01, 3.5, 4.11, 4.87, 3.5, 5.62, 4.9, 5.41, 5.27, 3.5, 5.0, 3.5, 2.0]

iteration: 95
best: [5.77, 7.07, 9.54, 11.77, 14.94, 18.21, 28.83, 31.34, 32.45, 33.78, 41.44, 43.5, 46.42, 47.63]
time: [5.78, 7.0, 9.46, 11.77, 17.76, 20.96, 30.55, 33.31, 38.16, 1000, 1000, 1000, 1000, 1000]
current_hyper_parameter
v: [21.22, 33.02, 33.52, 24.19, 31.35, 25.14, 24.25, 26.66, 23.92, 23.89, 12.0, 26.41, 11.89, 26.22]
a: [140.28, 145.42, 71.42, 186.98, 150.66, 172.09, 142.6, 126.79, 115.99, 172.48, 50.0, 112.06, 95.57, 108.2]
d: [5.54, 5.01, 3.5, 4.11, 4.87, 4.24, 5.62, 4.9, 5.08, 5.27, 3.5, 5.45, 3.5, 2.0]
BEST_hyper_parameter
v: [21.22, 33.02, 33.52, 24.19, 31.35, 23.44, 24.25, 34.03, 21.32, 20.65, 12.0, 16.45, 34.53, 21.54]
a: [140.28, 145.42, 71.42, 186.98, 150.66, 172.09, 142.6, 126.79, 115.99, 171.87, 50.0, 112.06, 50.0, 108.2]
d: [5.54, 5.01, 3.5, 4.11, 4.87, 3.5, 5.62, 4.9, 5.41, 5.27, 3.5, 5.0, 3.5, 2.0]

iteration: 96
best: [5.77, 7.07, 9.54, 11.77, 14.94, 18.21, 28.83, 31.34, 32.45, 33.78, 41.44, 43.5, 46.42, 47.63]
time: [5.73, 6.95, 9.39, 11.57, 39.7, 42.45, 1000, 1000, 1000, 1000, 1000, 1000, 1000, 1000]
current_hyper_parameter
v: [21.22, 33.02, 33.52, 24.19, 20.57, 18.93, 31.44, 27.24, 28.96, 26.34, 17.37, 16.45, 34.53, 28.35]
a: [140.28, 145.42, 71.42, 186.98, 24.72, 172.09, 142.6, 126.79, 115.99, 171.87, 21.74, 112.06, 50.0, 83.0]
d: [5.54, 5.01, 3.5, 4.11, 3.53, 5.13, 5.26, 4.9, 5.41, 5.27, 4.35, 5.0, 3.5, 2.0]
BEST_hyper_parameter
v: [21.22, 33.02, 33.52, 24.19, 31.35, 23.44, 24.25, 34.03, 21.32, 20.65, 12.0, 16.45, 34.53, 21.54]
a: [140.28, 145.42, 71.42, 186.98, 150.66, 172.09, 142.6, 126.79, 115.99, 171.87, 50.0, 112.06, 50.0, 108.2]
d: [5.54, 5.01, 3.5, 4.11, 4.87, 3.5, 5.62, 4.9, 5.41, 5.27, 3.5, 5.0, 3.5, 2.0]

iteration: 97
best: [5.77, 7.07, 9.54, 11.77, 14.94, 18.21, 28.83, 31.34, 32.45, 33.78, 41.44, 43.5, 46.42, 47.63]
time: [5.72, 6.95, 9.43, 11.75, 17.64, 1000, 1000, 1000, 1000, 1000, 1000, 1000, 1000, 1000]
current_hyper_parameter
v: [21.22, 33.02, 33.52, 24.19, 31.35, 23.44, 24.94, 17.0, 32.05, 25.48, 20.39, 16.45, 14.7, 23.05]
a: [140.28, 145.42, 71.42, 186.98, 150.66, 172.09, 95.58, 148.26, 126.37, 179.94, 50.0, 112.06, 50.0, 108.7]
d: [5.54, 5.01, 3.5, 4.11, 4.87, 3.5, 3.94, 4.9, 5.41, 5.27, 4.24, 5.0, 5.5, 2.0]
BEST_hyper_parameter
v: [21.22, 33.02, 33.52, 24.19, 31.35, 23.44, 24.25, 34.03, 21.32, 20.65, 12.0, 16.45, 34.53, 21.54]
a: [140.28, 145.42, 71.42, 186.98, 150.66, 172.09, 142.6, 126.79, 115.99, 171.87, 50.0, 112.06, 50.0, 108.2]
d: [5.54, 5.01, 3.5, 4.11, 4.87, 3.5, 5.62, 4.9, 5.41, 5.27, 3.5, 5.0, 3.5, 2.0]

iteration: 98
best: [5.77, 7.07, 9.54, 11.77, 14.94, 18.21, 28.83, 31.34, 32.45, 33.78, 41.44, 43.5, 46.42, 47.63]
time: [5.75, 6.96, 9.4, 14.81, 21.53, 62.75, 1000, 1000, 1000, 1000, 1000, 1000, 1000, 1000]
current_hyper_parameter
v: [21.22, 33.02, 33.52, 24.19, 24.32, 17.4, 28.87, 34.03, 21.32, 31.49, 12.35, 33.83, 32.75, 21.54]
a: [140.28, 145.42, 71.42, 186.98, 150.66, 23.75, 31.04, 126.79, 115.99, 111.25, 50.0, 112.06, 50.0, 108.2]
d: [5.54, 5.01, 3.5, 4.11, 4.87, 5.88, 5.62, 4.9, 5.41, 5.27, 4.98, 5.0, 3.79, 2.0]
BEST_hyper_parameter
v: [21.22, 33.02, 33.52, 24.19, 31.35, 23.44, 24.25, 34.03, 21.32, 20.65, 12.0, 16.45, 34.53, 21.54]
a: [140.28, 145.42, 71.42, 186.98, 150.66, 172.09, 142.6, 126.79, 115.99, 171.87, 50.0, 112.06, 50.0, 108.2]
d: [5.54, 5.01, 3.5, 4.11, 4.87, 3.5, 5.62, 4.9, 5.41, 5.27, 3.5, 5.0, 3.5, 2.0]
mutation at idx = 2

iteration: 99
best: [5.77, 7.07, 9.54, 11.77, 14.94, 18.21, 28.83, 31.34, 32.45, 33.78, 41.44, 43.5, 46.42, 47.63]
time: [5.8, 7.03, 9.35, 14.7, 25.0, 28.06, 38.73, 1000, 1000, 1000, 1000, 1000, 1000, 1000]
current_hyper_parameter
v: [21.22, 33.02, 21.15, 23.29, 11.13, 23.44, 21.18, 31.93, 12.02, 21.44, 31.35, 16.45, 20.78, 31.24]
a: [140.28, 145.42, 144.16, 186.98, 150.66, 172.09, 142.6, 46.16, 127.36, 171.87, 58.32, 112.06, 50.0, 110.24]
d: [5.54, 5.01, 3.5, 4.11, 4.87, 3.5, 5.39, 4.9, 5.41, 5.27, 5.87, 5.0, 4.32, 2.0]
BEST_hyper_parameter
v: [21.22, 33.02, 33.52, 24.19, 31.35, 23.44, 24.25, 34.03, 21.32, 20.65, 12.0, 16.45, 34.53, 21.54]
a: [140.28, 145.42, 71.42, 186.98, 150.66, 172.09, 142.6, 126.79, 115.99, 171.87, 50.0, 112.06, 50.0, 108.2]
d: [5.54, 5.01, 3.5, 4.11, 4.87, 3.5, 5.62, 4.9, 5.41, 5.27, 3.5, 5.0, 3.5, 2.0]

iteration: 100
best: [5.77, 7.07, 9.54, 11.77, 14.94, 18.21, 28.83, 31.34, 32.45, 33.78, 41.44, 43.5, 46.42, 47.63]
time: [5.74, 6.96, 9.39, 19.44, 22.4, 25.88, 41.04, 47.26, 1000, 1000, 1000, 1000, 1000, 1000]
current_hyper_parameter
v: [21.22, 33.02, 33.52, 34.5, 31.35, 23.44, 12.24, 17.0, 23.79, 27.54, 12.0, 25.98, 15.23, 26.17]
a: [140.28, 145.42, 71.42, 156.71, 150.66, 172.09, 142.6, 113.59, 57.14, 138.76, 50.0, 42.58, 50.0, 46.32]
d: [5.54, 5.01, 3.5, 4.29, 4.87, 3.5, 5.78, 4.9, 4.72, 3.58, 3.5, 3.83, 4.62, 2.0]
BEST_hyper_parameter
v: [21.22, 33.02, 33.52, 24.19, 31.35, 23.44, 24.25, 34.03, 21.32, 20.65, 12.0, 16.45, 34.53, 21.54]
a: [140.28, 145.42, 71.42, 186.98, 150.66, 172.09, 142.6, 126.79, 115.99, 171.87, 50.0, 112.06, 50.0, 108.2]
d: [5.54, 5.01, 3.5, 4.11, 4.87, 3.5, 5.62, 4.9, 5.41, 5.27, 3.5, 5.0, 3.5, 2.0]

iteration: 101
best: [5.77, 7.07, 9.54, 11.77, 14.94, 18.21, 28.83, 31.34, 32.45, 33.78, 41.44, 43.5, 46.42, 47.63]
time: [5.75, 6.99, 9.45, 11.9, 1000, 1000, 1000, 1000, 1000, 1000, 1000, 1000, 1000, 1000]
current_hyper_parameter
v: [21.22, 33.02, 33.52, 22.49, 18.49, 11.12, 29.38, 27.31, 21.04, 20.65, 12.0, 14.31, 19.23, 34.97]
a: [140.28, 145.42, 71.42, 136.14, 150.66, 161.73, 142.6, 163.94, 35.4, 171.87, 50.0, 157.93, 108.05, 105.5]
d: [5.54, 5.01, 3.5, 4.11, 3.62, 5.33, 5.62, 3.84, 5.41, 5.27, 3.5, 5.0, 3.5, 2.0]
BEST_hyper_parameter
v: [21.22, 33.02, 33.52, 24.19, 31.35, 23.44, 24.25, 34.03, 21.32, 20.65, 12.0, 16.45, 34.53, 21.54]
a: [140.28, 145.42, 71.42, 186.98, 150.66, 172.09, 142.6, 126.79, 115.99, 171.87, 50.0, 112.06, 50.0, 108.2]
d: [5.54, 5.01, 3.5, 4.11, 4.87, 3.5, 5.62, 4.9, 5.41, 5.27, 3.5, 5.0, 3.5, 2.0]

iteration: 102
best: [5.77, 7.07, 9.54, 11.77, 14.94, 18.21, 28.83, 31.34, 32.45, 33.78, 41.44, 43.5, 46.42, 47.63]
time: [5.76, 7.01, 9.47, 11.74, 17.16, 20.45, 29.51, 35.91, 41.17, 45.75, 1000, 1000, 1000, 1000]
current_hyper_parameter
v: [21.22, 33.02, 33.52, 24.19, 21.23, 31.85, 27.25, 28.47, 18.12, 22.87, 13.15, 33.55, 29.74, 33.07]
a: [140.28, 145.42, 71.42, 186.98, 115.09, 113.1, 142.6, 143.85, 128.43, 171.87, 98.54, 112.06, 80.19, 123.41]
d: [5.54, 5.01, 3.5, 4.11, 4.87, 3.5, 5.62, 4.67, 5.41, 5.27, 4.02, 5.0, 4.29, 2.0]
BEST_hyper_parameter
v: [21.22, 33.02, 33.52, 24.19, 31.35, 23.44, 24.25, 34.03, 21.32, 20.65, 12.0, 16.45, 34.53, 21.54]
a: [140.28, 145.42, 71.42, 186.98, 150.66, 172.09, 142.6, 126.79, 115.99, 171.87, 50.0, 112.06, 50.0, 108.2]
d: [5.54, 5.01, 3.5, 4.11, 4.87, 3.5, 5.62, 4.9, 5.41, 5.27, 3.5, 5.0, 3.5, 2.0]

iteration: 103
best: [5.77, 7.07, 9.54, 11.77, 14.94, 18.21, 28.83, 31.34, 32.45, 33.78, 41.44, 43.5, 46.42, 47.63]
time: [5.76, 7.04, 9.79, 1000, 1000, 1000, 1000, 1000, 1000, 1000, 1000, 1000, 1000, 1000]
current_hyper_parameter
v: [21.22, 33.02, 33.52, 24.19, 31.35, 23.44, 12.92, 34.03, 16.22, 31.97, 13.58, 16.45, 34.37, 21.54]
a: [140.28, 145.42, 71.42, 186.98, 150.66, 172.09, 48.33, 126.79, 55.7, 171.87, 98.2, 112.06, 50.0, 108.2]
d: [5.54, 5.01, 3.5, 4.11, 4.87, 3.5, 5.62, 4.9, 5.41, 5.27, 3.5, 5.0, 3.5, 2.0]
BEST_hyper_parameter
v: [21.22, 33.02, 33.52, 24.19, 31.35, 23.44, 24.25, 34.03, 21.32, 20.65, 12.0, 16.45, 34.53, 21.54]
a: [140.28, 145.42, 71.42, 186.98, 150.66, 172.09, 142.6, 126.79, 115.99, 171.87, 50.0, 112.06, 50.0, 108.2]
d: [5.54, 5.01, 3.5, 4.11, 4.87, 3.5, 5.62, 4.9, 5.41, 5.27, 3.5, 5.0, 3.5, 2.0]
mutation at idx = 0

iteration: 104
best: [5.77, 7.07, 9.54, 11.77, 14.94, 18.21, 28.83, 31.34, 32.45, 33.78, 41.44, 43.5, 46.42, 47.63]
time: [6.01, 7.36, 9.91, 12.38, 18.01, 35.86, 1000, 1000, 1000, 1000, 1000, 1000, 1000, 1000]
current_hyper_parameter
v: [17.99, 33.02, 33.52, 19.84, 12.84, 25.71, 13.84, 34.03, 17.0, 26.13, 12.0, 16.45, 34.53, 21.54]
a: [67.66, 145.42, 71.42, 186.98, 150.66, 56.36, 191.88, 126.79, 179.13, 53.89, 50.0, 112.06, 50.0, 108.2]
d: [5.84, 5.01, 3.5, 3.71, 4.87, 3.5, 3.54, 4.9, 5.41, 5.27, 3.5, 5.0, 3.5, 2.0]
BEST_hyper_parameter
v: [21.22, 33.02, 33.52, 24.19, 31.35, 23.44, 24.25, 34.03, 21.32, 20.65, 12.0, 16.45, 34.53, 21.54]
a: [140.28, 145.42, 71.42, 186.98, 150.66, 172.09, 142.6, 126.79, 115.99, 171.87, 50.0, 112.06, 50.0, 108.2]
d: [5.54, 5.01, 3.5, 4.11, 4.87, 3.5, 5.62, 4.9, 5.41, 5.27, 3.5, 5.0, 3.5, 2.0]

iteration: 105
best: [5.77, 7.07, 9.54, 11.77, 14.94, 18.21, 28.83, 31.34, 32.45, 33.78, 41.44, 43.5, 46.42, 47.63]
time: [5.81, 7.03, 9.5, 11.84, 17.49, 21.0, 33.86, 36.29, 1000, 1000, 1000, 1000, 1000, 1000]
current_hyper_parameter
v: [21.22, 33.02, 33.52, 24.19, 31.35, 24.88, 15.16, 30.9, 21.32, 33.24, 26.31, 11.49, 28.61, 17.54]
a: [140.28, 145.42, 71.42, 186.98, 150.66, 172.09, 170.58, 126.79, 115.99, 104.95, 65.62, 112.06, 100.44, 187.33]
d: [5.54, 5.01, 3.5, 4.11, 4.87, 3.5, 5.39, 4.9, 5.41, 5.27, 4.52, 5.0, 3.5, 2.0]
BEST_hyper_parameter
v: [21.22, 33.02, 33.52, 24.19, 31.35, 23.44, 24.25, 34.03, 21.32, 20.65, 12.0, 16.45, 34.53, 21.54]
a: [140.28, 145.42, 71.42, 186.98, 150.66, 172.09, 142.6, 126.79, 115.99, 171.87, 50.0, 112.06, 50.0, 108.2]
d: [5.54, 5.01, 3.5, 4.11, 4.87, 3.5, 5.62, 4.9, 5.41, 5.27, 3.5, 5.0, 3.5, 2.0]
mutation at idx = 3

iteration: 106
best: [5.77, 7.07, 9.54, 11.77, 14.94, 18.21, 28.83, 31.34, 32.45, 33.78, 41.44, 43.5, 46.42, 47.63]
time: [5.74, 6.95, 9.38, 12.23, 19.66, 24.57, 41.82, 47.28, 1000, 1000, 1000, 1000, 1000, 1000]
current_hyper_parameter
v: [21.22, 33.02, 33.52, 17.08, 13.22, 28.11, 11.81, 30.21, 21.04, 32.13, 12.0, 29.95, 13.19, 17.62]
a: [140.28, 145.42, 71.42, 70.07, 34.08, 121.88, 174.79, 133.79, 61.13, 59.38, 50.0, 50.64, 50.0, 180.53]
d: [5.54, 5.01, 3.5, 4.67, 4.87, 5.81, 5.62, 4.9, 5.41, 4.18, 3.5, 5.92, 3.5, 2.0]
BEST_hyper_parameter
v: [21.22, 33.02, 33.52, 24.19, 31.35, 23.44, 24.25, 34.03, 21.32, 20.65, 12.0, 16.45, 34.53, 21.54]
a: [140.28, 145.42, 71.42, 186.98, 150.66, 172.09, 142.6, 126.79, 115.99, 171.87, 50.0, 112.06, 50.0, 108.2]
d: [5.54, 5.01, 3.5, 4.11, 4.87, 3.5, 5.62, 4.9, 5.41, 5.27, 3.5, 5.0, 3.5, 2.0]

iteration: 107
best: [5.77, 7.07, 9.54, 11.77, 14.94, 18.21, 28.83, 31.34, 32.45, 33.78, 41.44, 43.5, 46.42, 47.63]
time: [5.78, 7.01, 9.46, 11.76, 1000, 1000, 1000, 1000, 1000, 1000, 1000, 1000, 1000, 1000]
current_hyper_parameter
v: [21.22, 33.02, 33.52, 24.19, 31.76, 23.44, 24.25, 34.03, 11.26, 20.13, 12.0, 20.48, 21.32, 14.2]
a: [140.28, 145.42, 71.42, 186.98, 195.67, 172.09, 142.6, 126.79, 115.99, 193.8, 50.0, 112.06, 50.0, 30.58]
d: [5.54, 5.01, 3.5, 4.11, 3.67, 3.5, 5.62, 4.9, 5.41, 5.27, 3.5, 5.0, 5.78, 2.0]
BEST_hyper_parameter
v: [21.22, 33.02, 33.52, 24.19, 31.35, 23.44, 24.25, 34.03, 21.32, 20.65, 12.0, 16.45, 34.53, 21.54]
a: [140.28, 145.42, 71.42, 186.98, 150.66, 172.09, 142.6, 126.79, 115.99, 171.87, 50.0, 112.06, 50.0, 108.2]
d: [5.54, 5.01, 3.5, 4.11, 4.87, 3.5, 5.62, 4.9, 5.41, 5.27, 3.5, 5.0, 3.5, 2.0]

iteration: 108
best: [5.77, 7.07, 9.54, 11.77, 14.94, 18.21, 28.83, 31.34, 32.45, 33.78, 41.44, 43.5, 46.42, 47.63]
time: [5.77, 7.01, 9.43, 14.93, 1000, 1000, 1000, 1000, 1000, 1000, 1000, 1000, 1000, 1000]
current_hyper_parameter
v: [21.22, 33.02, 33.52, 24.19, 31.35, 12.87, 31.92, 17.25, 13.87, 20.65, 30.44, 13.25, 33.3, 21.54]
a: [140.28, 145.42, 71.42, 186.98, 150.66, 198.77, 191.16, 118.05, 115.99, 171.87, 132.13, 112.06, 72.98, 108.2]
d: [5.54, 5.01, 3.5, 4.11, 4.87, 3.5, 5.94, 4.9, 5.41, 5.27, 3.69, 5.0, 3.5, 2.0]
BEST_hyper_parameter
v: [21.22, 33.02, 33.52, 24.19, 31.35, 23.44, 24.25, 34.03, 21.32, 20.65, 12.0, 16.45, 34.53, 21.54]
a: [140.28, 145.42, 71.42, 186.98, 150.66, 172.09, 142.6, 126.79, 115.99, 171.87, 50.0, 112.06, 50.0, 108.2]
d: [5.54, 5.01, 3.5, 4.11, 4.87, 3.5, 5.62, 4.9, 5.41, 5.27, 3.5, 5.0, 3.5, 2.0]

iteration: 109
best: [5.77, 7.07, 9.54, 11.77, 14.94, 18.21, 28.83, 31.34, 32.45, 33.78, 41.44, 43.5, 46.42, 47.63]
time: [5.76, 7.01, 9.47, 11.67, 17.53, 20.92, 29.15, 31.82, 41.26, 43.45, 50.23, 1000, 1000, 1000]
current_hyper_parameter
v: [21.22, 33.02, 33.52, 30.94, 12.97, 23.44, 34.4, 31.17, 21.32, 22.64, 14.46, 17.61, 24.41, 19.76]
a: [140.28, 145.42, 71.42, 186.98, 178.89, 172.09, 117.04, 126.79, 115.99, 192.31, 64.75, 112.06, 50.0, 54.68]
d: [5.54, 5.01, 3.5, 4.14, 4.87, 3.5, 3.77, 4.9, 5.41, 5.27, 3.5, 4.79, 4.27, 2.0]
BEST_hyper_parameter
v: [21.22, 33.02, 33.52, 24.19, 31.35, 23.44, 24.25, 34.03, 21.32, 20.65, 12.0, 16.45, 34.53, 21.54]
a: [140.28, 145.42, 71.42, 186.98, 150.66, 172.09, 142.6, 126.79, 115.99, 171.87, 50.0, 112.06, 50.0, 108.2]
d: [5.54, 5.01, 3.5, 4.11, 4.87, 3.5, 5.62, 4.9, 5.41, 5.27, 3.5, 5.0, 3.5, 2.0]
mutation at idx = 0
mutation at idx = 1

iteration: 110
best: [5.77, 7.07, 9.54, 11.77, 14.94, 18.21, 28.83, 31.34, 32.45, 33.78, 41.44, 43.5, 46.42, 47.63]
time: [1000, 1000, 1000, 1000, 1000, 1000, 1000, 1000, 1000, 1000, 1000, 1000, 1000, 1000]
current_hyper_parameter
v: [30.65, 23.35, 33.52, 24.19, 21.95, 29.16, 21.66, 26.04, 18.98, 27.62, 29.8, 17.83, 28.86, 21.54]
a: [23.13, 145.42, 71.42, 186.98, 82.7, 113.15, 149.62, 125.91, 45.87, 45.78, 28.82, 112.06, 152.34, 108.2]
d: [5.54, 5.01, 3.5, 4.11, 4.87, 3.64, 5.62, 5.25, 5.9, 3.77, 4.34, 5.0, 3.5, 2.0]
BEST_hyper_parameter
v: [21.22, 33.02, 33.52, 24.19, 31.35, 23.44, 24.25, 34.03, 21.32, 20.65, 12.0, 16.45, 34.53, 21.54]
a: [140.28, 145.42, 71.42, 186.98, 150.66, 172.09, 142.6, 126.79, 115.99, 171.87, 50.0, 112.06, 50.0, 108.2]
d: [5.54, 5.01, 3.5, 4.11, 4.87, 3.5, 5.62, 4.9, 5.41, 5.27, 3.5, 5.0, 3.5, 2.0]

iteration: 111
best: [5.77, 7.07, 9.54, 11.77, 14.94, 18.21, 28.83, 31.34, 32.45, 33.78, 41.44, 43.5, 46.42, 47.63]
time: [5.78, 7.11, 9.7, 15.14, 38.17, 41.37, 1000, 1000, 1000, 1000, 1000, 1000, 1000, 1000]
current_hyper_parameter
v: [20.27, 29.17, 26.48, 24.19, 18.69, 23.44, 24.25, 31.04, 30.56, 30.89, 14.75, 34.5, 22.33, 34.37]
a: [168.5, 145.42, 64.73, 186.98, 150.66, 172.09, 142.6, 76.28, 74.29, 171.87, 50.0, 112.06, 100.57, 199.93]
d: [4.04, 4.31, 3.5, 4.11, 3.76, 3.5, 5.62, 4.72, 5.41, 4.5, 3.5, 4.23, 3.5, 2.0]
BEST_hyper_parameter
v: [21.22, 33.02, 33.52, 24.19, 31.35, 23.44, 24.25, 34.03, 21.32, 20.65, 12.0, 16.45, 34.53, 21.54]
a: [140.28, 145.42, 71.42, 186.98, 150.66, 172.09, 142.6, 126.79, 115.99, 171.87, 50.0, 112.06, 50.0, 108.2]
d: [5.54, 5.01, 3.5, 4.11, 4.87, 3.5, 5.62, 4.9, 5.41, 5.27, 3.5, 5.0, 3.5, 2.0]
