iteration: 1, best:[1000.0, 1000.0, 1000.0, 1000.0, 1000.0, 1000.0, 1000.0, 1000.0, 1000.0, 1000.0, 1000.0, 1000.0, 1000.0, 1000.0]
time: [6.55, 9.03, 13.53, 17.4, 21.31, 25.64, 46.08, 50.34, 52.58, 55.44, 57.28, 60.33, 74.23, 76.52]
v: [12.0, 12.0, 12.0, 12.0, 12.0, 12.0, 12.0, 12.0, 12.0, 12.0, 12.0, 12.0, 12.0, 12.0]
a: [50.0, 50.0, 50.0, 50.0, 50.0, 50.0, 50.0, 50.0, 50.0, 50.0, 50.0, 50.0, 50.0, 50.0]
d: [3.5, 3.5, 3.5, 3.5, 3.5, 3.5, 3.5, 3.5, 3.5, 3.5, 3.5, 3.5, 3.5, 2.0]

iteration: 2, best:[6.55, 9.03, 13.53, 17.4, 21.31, 25.64, 46.08, 50.34, 52.58, 55.44, 57.28, 60.33, 74.23, 76.52]
time: [6.49, 8.9, 13.36, 17.26, 21.09, 25.41, 45.66, 49.76, 52.0, 54.88, 56.68, 59.76, 70.27, 72.63]
v: [15.18, 12.0, 12.0, 12.0, 12.0, 12.0, 12.0, 12.0, 12.0, 12.0, 12.0, 12.0, 12.0, 12.0]
a: [50.0, 50.0, 50.0, 50.0, 50.0, 50.0, 50.0, 50.0, 50.0, 50.0, 50.0, 50.0, 50.0, 50.0]
d: [5.27, 3.5, 3.5, 3.5, 3.5, 3.5, 3.5, 3.5, 3.5, 3.5, 3.5, 3.5, 3.5, 2.0]

iteration: 3, best:[6.49, 8.9, 13.36, 17.26, 21.09, 25.41, 45.66, 49.76, 52.0, 54.88, 56.68, 59.76, 70.27, 72.63]
time: [6.58, 9.0, 13.49, 17.34, 21.22, 25.41, 45.91, 50.16, 52.34, 53.86, 62.21, 70.95, 1000, 1000]
v: [15.18, 12.0, 12.0, 12.0, 12.0, 12.0, 12.0, 12.0, 12.0, 34.4, 12.0, 12.0, 12.0, 12.0]
a: [50.0, 50.0, 50.0, 50.0, 50.0, 50.0, 50.0, 50.0, 50.0, 179.13, 50.0, 50.0, 50.0, 50.0]
d: [5.27, 3.5, 3.5, 3.5, 3.5, 3.5, 3.5, 3.5, 3.5, 5.67, 3.5, 3.5, 3.5, 2.0]

mutation at idx = 1
iteration: 4, best:[6.49, 8.9, 13.36, 17.26, 21.09, 25.41, 45.66, 49.76, 52.0, 54.88, 56.68, 59.76, 70.27, 72.63]
time: [6.57, 8.79, 12.99, 16.75, 20.63, 24.89, 45.35, 49.21, 50.62, 1000, 1000, 1000, 1000, 1000]
v: [15.18, 24.69, 12.0, 12.0, 12.0, 12.0, 12.0, 17.84, 24.79, 12.0, 12.0, 12.0, 19.28, 10.69]
a: [50.0, 50.0, 50.0, 50.0, 50.0, 50.0, 50.0, 81.76, 154.73, 50.0, 50.0, 50.0, 50.0, 116.99]
d: [5.27, 3.5, 3.5, 3.5, 3.5, 3.5, 3.5, 3.5, 3.5, 3.5, 3.5, 3.5, 3.5, 2.0]

iteration: 5, best:[6.49, 8.9, 12.99, 16.75, 20.63, 24.89, 45.35, 49.21, 50.62, 54.88, 56.68, 59.76, 70.27, 72.63]
time: [6.57, 9.03, 13.5, 17.3, 21.1, 25.35, 45.74, 49.53, 50.88, 52.49, 54.99, 57.1, 60.66, 62.48]
v: [15.18, 12.0, 12.0, 12.0, 12.0, 12.0, 12.0, 17.84, 24.79, 14.91, 17.42, 21.94, 12.0, 12.0]
a: [50.0, 50.0, 50.0, 50.0, 50.0, 50.0, 50.0, 81.76, 154.73, 50.0, 50.0, 103.01, 50.0, 50.0]
d: [5.27, 3.5, 3.5, 3.5, 3.5, 3.5, 3.5, 3.5, 3.5, 4.58, 3.5, 5.94, 3.5, 2.0]

iteration: 6, best:[6.49, 8.9, 12.99, 16.75, 20.63, 24.89, 45.35, 49.21, 50.62, 52.49, 54.99, 57.1, 60.66, 62.48]
time: [6.49, 8.89, 13.37, 17.19, 21.15, 25.48, 45.86, 49.41, 53.83, 1000, 1000, 1000, 1000, 1000]
v: [15.18, 12.0, 12.0, 12.0, 12.0, 12.0, 12.0, 17.84, 24.79, 14.91, 17.42, 21.94, 29.63, 12.0]
a: [50.0, 50.0, 50.0, 50.0, 50.0, 50.0, 50.0, 81.76, 154.73, 50.0, 50.0, 103.01, 50.0, 50.0]
d: [5.27, 3.5, 3.5, 3.5, 3.5, 3.5, 3.5, 3.5, 3.5, 4.58, 3.5, 5.94, 4.79, 2.0]

iteration: 7, best:[6.49, 8.9, 12.99, 16.75, 20.63, 24.89, 45.35, 49.21, 50.62, 52.49, 54.99, 57.1, 60.66, 62.48]
time: [6.57, 9.01, 12.09, 15.41, 19.51, 23.12, 44.23, 47.25, 48.9, 50.99, 53.24, 55.08, 57.82, 59.62]
v: [15.18, 12.0, 25.86, 30.74, 28.51, 21.94, 10.87, 32.71, 15.82, 22.65, 17.7, 16.25, 14.2, 10.89]
a: [50.0, 50.0, 96.98, 33.53, 41.63, 50.0, 50.0, 81.76, 154.73, 50.0, 50.0, 163.59, 74.64, 91.68]
d: [5.27, 3.5, 3.5, 3.5, 3.5, 3.5, 5.08, 3.5, 3.5, 3.7, 3.77, 5.94, 3.5, 2.0]

iteration: 8, best:[6.49, 8.9, 12.09, 15.41, 19.51, 23.12, 44.23, 47.25, 48.9, 50.99, 53.24, 55.08, 57.82, 59.62]
time: [6.58, 9.02, 12.08, 15.28, 19.0, 23.31, 44.1, 47.23, 1000, 1000, 1000, 1000, 1000, 1000]
v: [15.18, 12.0, 25.86, 30.74, 28.51, 21.94, 10.87, 32.71, 25.42, 22.65, 17.7, 16.25, 14.2, 10.89]
a: [50.0, 50.0, 96.98, 33.53, 41.63, 50.0, 50.0, 81.76, 127.42, 50.0, 50.0, 163.59, 74.64, 91.68]
d: [5.27, 3.5, 3.5, 3.5, 3.5, 3.5, 5.08, 3.5, 4.74, 3.7, 3.77, 5.94, 3.5, 2.0]

iteration: 9, best:[6.49, 8.9, 12.09, 15.41, 19.0, 23.12, 44.23, 47.25, 48.9, 50.99, 53.24, 55.08, 57.82, 59.62]
time: [6.58, 9.01, 12.07, 15.31, 19.02, 23.22, 43.64, 46.71, 52.52, 56.57, 1000, 1000, 1000, 1000]
v: [15.18, 12.0, 25.86, 30.74, 28.51, 21.94, 10.87, 32.71, 10.78, 30.76, 17.7, 16.25, 23.24, 33.45]
a: [50.0, 50.0, 96.98, 33.53, 41.63, 50.0, 50.0, 81.76, 154.73, 50.0, 50.0, 163.59, 85.28, 91.68]
d: [5.27, 3.5, 3.5, 3.5, 3.5, 3.5, 5.08, 3.5, 5.53, 3.7, 3.77, 5.94, 3.5, 2.0]

iteration: 10, best:[6.49, 8.9, 12.09, 15.41, 19.0, 23.12, 43.64, 46.71, 48.9, 50.99, 53.24, 55.08, 57.82, 59.62]
time: [6.57, 8.99, 12.09, 15.43, 19.55, 23.89, 44.86, 47.83, 49.45, 51.12, 1000, 1000, 1000, 1000]
v: [15.18, 12.0, 25.86, 30.74, 28.51, 21.94, 10.87, 32.71, 15.82, 24.64, 26.55, 21.26, 14.2, 29.08]
a: [50.0, 50.0, 96.98, 33.53, 41.63, 50.0, 50.0, 81.76, 154.73, 106.45, 138.51, 163.59, 74.64, 72.18]
d: [5.27, 3.5, 3.5, 3.5, 3.5, 3.5, 5.08, 3.5, 3.5, 4.02, 3.77, 5.94, 3.5, 2.0]

mutation at idx = 1
mutation at idx = 2
iteration: 11, best:[6.49, 8.9, 12.09, 15.41, 19.0, 23.12, 43.64, 46.71, 48.9, 50.99, 53.24, 55.08, 57.82, 59.62]
time: [6.49, 8.11, 10.41, 20.69, 33.27, 37.1, 47.21, 50.38, 51.74, 1000, 1000, 1000, 1000, 1000]
v: [15.18, 30.04, 26.29, 30.74, 11.5, 21.94, 27.68, 28.69, 22.19, 22.65, 13.0, 33.19, 14.2, 15.48]
a: [50.0, 92.55, 176.7, 33.53, 41.63, 50.0, 150.35, 81.76, 190.4, 50.0, 50.0, 163.59, 74.64, 84.45]
d: [5.27, 5.24, 4.68, 3.5, 4.07, 3.5, 3.82, 3.5, 3.71, 3.7, 3.74, 3.86, 3.5, 2.0]

iteration: 12, best:[6.49, 8.11, 10.41, 15.41, 19.0, 23.12, 43.64, 46.71, 48.9, 50.99, 53.24, 55.08, 57.82, 59.62]
time: [6.48, 8.12, 10.42, 17.35, 20.27, 24.93, 35.1, 38.16, 39.56, 41.36, 46.45, 1000, 1000, 1000]
v: [15.18, 30.04, 26.29, 29.39, 28.46, 21.74, 32.42, 27.44, 18.55, 22.65, 17.7, 13.03, 21.4, 10.89]
a: [50.0, 92.55, 176.7, 183.28, 175.01, 56.36, 77.72, 81.76, 154.73, 50.0, 50.0, 125.14, 69.76, 91.68]
d: [5.27, 5.24, 4.68, 5.57, 3.5, 3.72, 5.08, 4.14, 5.38, 3.7, 3.77, 5.94, 3.92, 2.0]

iteration: 13, best:[6.49, 8.11, 10.41, 15.41, 19.0, 23.12, 43.64, 46.71, 48.9, 50.99, 53.24, 55.08, 57.82, 59.62]
time: [6.48, 8.12, 10.41, 1000, 1000, 1000, 1000, 1000, 1000, 1000, 1000, 1000, 1000, 1000]
v: [15.18, 30.04, 26.29, 30.74, 30.06, 19.17, 10.87, 12.87, 16.52, 19.68, 28.11, 12.91, 24.83, 10.89]
a: [50.0, 92.55, 176.7, 33.53, 35.72, 147.98, 50.0, 81.76, 150.47, 67.44, 76.7, 109.35, 35.32, 91.68]
d: [5.27, 5.24, 4.68, 3.5, 5.87, 3.5, 5.08, 3.5, 4.11, 3.7, 5.18, 5.83, 3.5, 2.0]

iteration: 14, best:[6.49, 8.11, 10.41, 15.41, 19.0, 23.12, 43.64, 46.71, 48.9, 50.99, 53.24, 55.08, 57.82, 59.62]
time: [6.49, 8.12, 10.4, 15.63, 23.23, 27.15, 39.66, 42.7, 47.09, 1000, 1000, 1000, 1000, 1000]
v: [15.18, 30.04, 26.29, 27.97, 28.51, 17.48, 30.92, 27.19, 22.03, 22.65, 17.83, 28.24, 17.95, 10.89]
a: [50.0, 92.55, 176.7, 104.24, 41.63, 50.0, 46.16, 81.76, 189.3, 50.0, 90.9, 163.59, 151.63, 91.68]
d: [5.27, 5.24, 4.68, 3.5, 3.5, 5.37, 5.08, 5.55, 3.63, 3.7, 3.77, 5.88, 3.5, 2.0]

mutation at idx = 2
iteration: 15, best:[6.49, 8.11, 10.41, 15.41, 19.0, 23.12, 43.64, 46.71, 48.9, 50.99, 53.24, 55.08, 57.82, 59.62]
time: [6.47, 8.1, 11.03, 14.61, 18.64, 21.31, 32.77, 35.0, 39.33, 41.58, 43.59, 53.23, 56.2, 57.7]
v: [15.18, 30.04, 14.56, 30.74, 28.51, 28.51, 17.65, 29.65, 21.41, 31.68, 27.47, 16.25, 14.2, 28.51]
a: [50.0, 92.55, 146.62, 33.53, 41.63, 164.03, 197.85, 140.94, 138.45, 72.02, 50.0, 163.59, 74.64, 61.22]
d: [5.27, 5.24, 4.68, 3.5, 3.5, 3.5, 5.92, 3.5, 3.65, 4.88, 3.77, 5.94, 3.5, 2.0]

iteration: 16, best:[6.47, 8.1, 10.41, 14.61, 18.64, 21.31, 32.77, 35.0, 39.33, 41.58, 43.59, 53.23, 56.2, 57.7]
time: [6.4, 8.05, 10.95, 14.11, 18.15, 20.77, 32.84, 35.06, 36.23, 37.9, 39.62, 49.31, 1000, 1000]
v: [15.18, 30.04, 14.56, 30.74, 28.51, 28.51, 17.65, 29.65, 21.41, 31.68, 15.0, 16.25, 14.2, 28.51]
a: [50.0, 92.55, 146.62, 33.53, 41.63, 164.03, 197.85, 140.94, 138.45, 72.02, 142.28, 163.59, 74.64, 61.22]
d: [5.27, 5.24, 4.68, 3.5, 3.5, 3.5, 5.92, 3.5, 3.65, 4.88, 3.56, 5.94, 3.5, 2.0]

iteration: 17, best:[6.47, 8.1, 10.41, 14.61, 18.64, 21.31, 32.77, 35.0, 39.33, 41.58, 43.59, 53.23, 56.2, 57.7]
time: [6.45, 8.08, 10.57, 13.7, 16.83, 19.88, 30.29, 33.05, 34.52, 1000, 1000, 1000, 1000, 1000]
v: [15.18, 30.04, 23.84, 13.15, 17.54, 28.51, 19.28, 18.48, 26.01, 25.76, 29.08, 24.62, 33.56, 28.51]
a: [50.0, 92.55, 136.41, 33.53, 72.55, 164.03, 171.75, 113.04, 90.73, 42.28, 50.0, 163.59, 164.57, 61.22]
d: [5.27, 5.24, 3.58, 3.5, 3.5, 3.5, 5.92, 3.93, 3.65, 4.26, 3.82, 5.94, 3.5, 2.0]

iteration: 18, best:[6.47, 8.1, 10.41, 13.7, 16.83, 19.88, 30.29, 33.05, 34.52, 41.58, 43.59, 53.23, 56.2, 57.7]
time: [6.4, 8.05, 11.04, 14.55, 20.84, 23.32, 34.73, 37.35, 38.77, 40.52, 1000, 1000, 1000, 1000]
v: [15.18, 30.04, 14.56, 13.15, 17.54, 28.51, 19.28, 18.48, 26.01, 16.79, 15.77, 34.94, 15.09, 29.05]
a: [50.0, 92.55, 146.62, 33.53, 72.55, 164.03, 171.75, 113.04, 90.73, 107.7, 50.0, 76.08, 186.28, 61.55]
d: [5.27, 5.24, 4.68, 3.5, 3.5, 3.5, 5.92, 3.93, 3.65, 4.88, 5.96, 5.94, 4.04, 2.0]

iteration: 19, best:[6.47, 8.1, 10.41, 13.7, 16.83, 19.88, 30.29, 33.05, 34.52, 41.58, 43.59, 53.23, 56.2, 57.7]
time: [6.48, 8.11, 11.04, 14.58, 1000, 1000, 1000, 1000, 1000, 1000, 1000, 1000, 1000, 1000]
v: [15.18, 30.04, 14.56, 13.15, 32.09, 15.1, 28.24, 27.99, 27.23, 31.68, 27.57, 16.25, 29.27, 34.07]
a: [50.0, 92.55, 146.62, 33.53, 131.97, 134.53, 88.78, 56.36, 90.73, 72.02, 50.0, 163.59, 88.61, 61.22]
d: [5.27, 5.24, 4.68, 3.5, 5.06, 4.85, 5.92, 3.93, 5.27, 4.88, 4.04, 5.94, 4.19, 2.0]

mutation at idx = 0
iteration: 20, best:[6.47, 8.1, 10.41, 13.7, 16.83, 19.88, 30.29, 33.05, 34.52, 41.58, 43.59, 53.23, 56.2, 57.7]
time: [5.9, 7.38, 10.1, 13.32, 16.48, 19.54, 28.46, 31.95, 34.29, 36.26, 1000, 1000, 1000, 1000]
v: [14.78, 30.04, 27.34, 29.09, 14.07, 28.51, 24.01, 15.31, 30.56, 31.68, 14.7, 31.37, 33.36, 31.7]
a: [195.0, 92.55, 88.06, 39.37, 103.61, 164.03, 171.75, 113.04, 53.9, 72.02, 50.0, 163.59, 134.72, 61.22]
d: [5.27, 5.24, 4.36, 3.5, 3.98, 3.5, 4.52, 3.93, 4.66, 4.88, 5.19, 5.94, 3.5, 2.0]

mutation at idx = 4
iteration: 21, best:[5.9, 7.38, 10.1, 13.32, 16.48, 19.54, 28.46, 31.95, 34.52, 36.26, 43.59, 53.23, 56.2, 57.7]
time: [5.9, 7.38, 10.11, 13.24, 19.88, 22.25, 32.03, 35.25, 37.07, 38.88, 1000, 1000, 1000, 1000]
v: [14.78, 30.04, 27.34, 29.09, 10.9, 28.51, 24.01, 15.31, 26.01, 31.68, 23.15, 33.69, 25.23, 14.72]
a: [195.0, 92.55, 88.06, 39.37, 103.61, 164.03, 171.75, 113.04, 90.73, 72.02, 172.47, 61.03, 99.77, 185.67]
d: [5.27, 5.24, 4.36, 3.5, 5.66, 3.5, 4.52, 3.93, 3.65, 4.88, 3.77, 5.66, 5.2, 2.0]

iteration: 22, best:[5.9, 7.38, 10.1, 13.32, 16.48, 19.54, 28.46, 31.95, 34.52, 36.26, 43.59, 53.23, 56.2, 57.7]
time: [5.91, 7.38, 10.09, 13.25, 16.58, 19.31, 33.2, 36.23, 41.69, 44.2, 45.68, 47.59, 49.22, 54.57]
v: [14.78, 30.04, 27.34, 29.09, 13.82, 32.34, 13.21, 15.31, 28.34, 29.81, 24.94, 16.25, 32.79, 23.63]
a: [195.0, 92.55, 88.06, 39.37, 72.03, 171.12, 120.3, 113.04, 148.13, 72.02, 50.0, 163.59, 123.34, 61.22]
d: [5.27, 5.24, 4.36, 3.5, 3.98, 4.67, 3.73, 3.93, 4.63, 4.88, 4.85, 5.94, 3.5, 2.0]

iteration: 23, best:[5.9, 7.38, 10.09, 13.25, 16.48, 19.31, 28.46, 31.95, 34.52, 36.26, 43.59, 47.59, 49.22, 54.57]
time: [5.9, 7.39, 9.82, 12.91, 16.41, 19.25, 33.57, 36.69, 38.05, 1000, 1000, 1000, 1000, 1000]
v: [14.78, 30.04, 32.78, 29.09, 13.82, 32.34, 13.21, 15.31, 28.34, 29.81, 24.94, 16.25, 32.79, 23.63]
a: [195.0, 92.55, 123.84, 39.37, 72.03, 171.12, 120.3, 113.04, 148.13, 72.02, 50.0, 163.59, 123.34, 61.22]
d: [5.27, 5.24, 4.16, 3.5, 3.98, 4.67, 3.73, 3.93, 4.63, 4.88, 4.85, 5.94, 3.5, 2.0]

iteration: 24, best:[5.9, 7.38, 10.09, 12.91, 16.48, 19.31, 28.46, 31.95, 34.52, 36.26, 43.59, 47.59, 49.22, 54.57]
time: [5.89, 7.37, 10.07, 13.21, 16.56, 19.31, 31.49, 34.76, 36.51, 38.31, 43.97, 1000, 1000, 1000]
v: [14.78, 30.04, 27.34, 29.09, 13.82, 32.34, 30.63, 15.31, 22.66, 26.18, 24.94, 16.25, 17.37, 33.04]
a: [195.0, 92.55, 88.06, 39.37, 72.03, 171.12, 28.08, 113.04, 75.95, 72.02, 50.0, 163.59, 180.71, 61.22]
d: [5.27, 5.24, 4.36, 3.5, 3.98, 4.67, 3.73, 3.93, 4.63, 5.15, 4.85, 5.94, 5.23, 2.0]

iteration: 25, best:[5.9, 7.38, 10.09, 12.91, 16.48, 19.31, 28.46, 31.95, 34.52, 36.26, 43.59, 47.59, 49.22, 54.57]
time: [5.8, 7.26, 9.9, 13.24, 18.74, 21.59, 30.69, 34.07, 35.49, 36.9, 1000, 1000, 1000, 1000]
v: [14.78, 30.04, 27.34, 29.09, 32.84, 32.34, 30.01, 12.84, 29.15, 29.81, 30.4, 16.25, 26.96, 23.63]
a: [195.0, 92.55, 88.06, 39.37, 172.87, 171.12, 120.3, 191.88, 195.56, 72.02, 50.0, 163.59, 123.34, 61.22]
d: [5.27, 5.24, 4.36, 3.5, 5.01, 4.67, 4.98, 4.62, 4.63, 4.88, 4.99, 5.94, 3.5, 2.0]

iteration: 26, best:[5.9, 7.38, 10.09, 12.91, 16.48, 19.31, 28.46, 31.95, 34.52, 36.26, 43.59, 47.59, 49.22, 54.57]
time: [5.9, 7.38, 10.07, 13.26, 15.73, 19.29, 32.04, 42.7, 46.33, 51.43, 53.42, 1000, 1000, 1000]
v: [14.78, 30.04, 27.34, 25.55, 32.39, 33.65, 13.21, 34.22, 26.68, 29.81, 21.35, 18.82, 32.79, 23.63]
a: [195.0, 92.55, 88.06, 36.7, 153.63, 171.12, 120.3, 184.66, 33.44, 72.02, 50.0, 63.7, 123.34, 61.22]
d: [5.27, 5.24, 4.36, 4.58, 3.98, 4.67, 3.73, 5.2, 4.63, 4.88, 4.85, 5.94, 3.5, 2.0]

mutation at idx = 0
iteration: 27, best:[5.9, 7.38, 10.09, 12.91, 16.48, 19.31, 28.46, 31.95, 34.52, 36.26, 43.59, 47.59, 49.22, 54.57]
time: [5.75, 7.18, 9.88, 13.31, 16.16, 20.52, 34.1, 1000, 1000, 1000, 1000, 1000, 1000, 1000]
v: [22.6, 30.04, 27.34, 26.63, 32.61, 24.19, 19.41, 17.66, 28.02, 11.04, 18.58, 21.59, 22.48, 23.63]
a: [160.03, 92.55, 88.06, 39.37, 72.03, 48.21, 133.38, 26.94, 148.13, 76.03, 72.51, 56.44, 123.34, 61.22]
d: [5.27, 5.24, 4.36, 3.55, 3.98, 4.67, 5.99, 3.93, 4.63, 4.88, 4.18, 5.94, 3.5, 2.0]

mutation at idx = 0
iteration: 28, best:[5.9, 7.38, 10.09, 12.91, 16.48, 19.31, 28.46, 31.95, 34.52, 36.26, 43.59, 47.59, 49.22, 54.57]
time: [6.0, 7.51, 10.17, 15.77, 1000, 1000, 1000, 1000, 1000, 1000, 1000, 1000, 1000, 1000]
v: [13.78, 30.04, 27.34, 26.75, 25.69, 29.54, 27.06, 34.28, 33.36, 29.81, 18.47, 21.92, 12.36, 15.47]
a: [137.81, 92.55, 88.06, 82.54, 72.03, 104.25, 130.51, 133.86, 148.13, 72.02, 151.78, 163.59, 98.58, 78.37]
d: [5.27, 5.24, 4.36, 3.5, 4.21, 4.67, 4.53, 4.39, 4.55, 4.88, 4.85, 4.05, 3.5, 2.0]

iteration: 29, best:[5.9, 7.38, 10.09, 12.91, 16.48, 19.31, 28.46, 31.95, 34.52, 36.26, 43.59, 47.59, 49.22, 54.57]
time: [5.89, 7.38, 10.1, 12.53, 18.27, 20.92, 33.39, 36.66, 37.99, 42.45, 1000, 1000, 1000, 1000]
v: [14.78, 30.04, 27.34, 17.22, 24.9, 32.34, 15.24, 15.31, 34.58, 26.12, 34.61, 29.35, 32.79, 15.04]
a: [195.0, 92.55, 88.06, 139.97, 72.03, 171.12, 129.52, 113.04, 148.13, 126.86, 112.09, 58.05, 123.34, 196.31]
d: [5.27, 5.24, 4.36, 3.5, 4.58, 4.67, 3.73, 3.93, 4.63, 4.88, 3.99, 3.97, 3.5, 2.0]

iteration: 30, best:[5.9, 7.38, 10.09, 12.53, 16.48, 19.31, 28.46, 31.95, 34.52, 36.26, 43.59, 47.59, 49.22, 54.57]
time: [5.89, 7.39, 10.09, 1000, 1000, 1000, 1000, 1000, 1000, 1000, 1000, 1000, 1000, 1000]
v: [14.78, 30.04, 27.34, 17.22, 12.39, 25.09, 13.21, 15.31, 24.56, 12.91, 11.48, 16.25, 29.05, 23.63]
a: [195.0, 92.55, 88.06, 139.97, 174.45, 28.7, 120.3, 113.04, 77.46, 107.32, 72.27, 163.59, 61.45, 61.22]
d: [5.27, 5.24, 4.36, 3.5, 3.98, 4.67, 3.73, 3.93, 4.18, 4.88, 3.94, 5.94, 3.5, 2.0]

iteration: 31, best:[5.9, 7.38, 10.09, 12.53, 16.48, 19.31, 28.46, 31.95, 34.52, 36.26, 43.59, 47.59, 49.22, 54.57]
time: [5.81, 7.28, 9.92, 15.54, 21.92, 27.73, 43.41, 53.64, 1000, 1000, 1000, 1000, 1000, 1000]
v: [14.78, 30.04, 27.34, 16.46, 13.82, 32.49, 13.21, 28.51, 17.12, 29.55, 17.08, 16.25, 34.3, 23.63]
a: [195.0, 92.55, 88.06, 139.97, 72.03, 183.31, 120.3, 113.04, 20.63, 176.97, 179.34, 163.59, 127.34, 61.22]
d: [5.27, 5.24, 4.36, 3.5, 3.98, 3.83, 3.73, 3.93, 4.63, 4.88, 4.12, 5.94, 3.5, 2.0]

mutation at idx = 1
iteration: 32, best:[5.9, 7.38, 10.09, 12.53, 16.48, 19.31, 28.46, 31.95, 34.52, 36.26, 43.59, 47.59, 49.22, 54.57]
time: [5.76, 7.05, 9.5, 11.67, 14.33, 17.37, 30.34, 33.47, 34.76, 36.19, 1000, 1000, 1000, 1000]
v: [14.78, 31.76, 27.34, 29.49, 22.1, 32.34, 13.21, 15.31, 34.06, 29.81, 23.8, 16.85, 25.01, 30.11]
a: [195.0, 122.79, 88.06, 139.97, 72.03, 171.12, 120.3, 113.04, 148.13, 72.02, 50.0, 163.59, 123.34, 138.65]
d: [5.27, 5.24, 4.36, 3.5, 3.98, 4.67, 3.73, 3.93, 4.63, 4.88, 4.85, 4.11, 4.33, 2.0]

mutation at idx = 4
iteration: 33, best:[5.9, 7.05, 9.5, 11.67, 14.33, 17.37, 28.46, 31.95, 34.52, 36.26, 43.59, 47.59, 49.22, 54.57]
time: [5.88, 7.26, 9.84, 15.08, 19.95, 22.97, 37.51, 40.84, 1000, 1000, 1000, 1000, 1000, 1000]
v: [14.78, 31.76, 27.34, 29.49, 15.39, 32.34, 10.72, 14.05, 15.11, 29.81, 25.04, 16.25, 16.79, 29.58]
a: [195.0, 122.79, 88.06, 139.97, 90.53, 171.12, 84.2, 113.04, 59.42, 72.02, 50.0, 163.59, 123.34, 61.22]
d: [5.27, 5.24, 4.36, 3.5, 3.98, 4.67, 4.91, 3.93, 4.86, 4.88, 4.85, 5.94, 3.5, 2.0]

iteration: 34, best:[5.9, 7.05, 9.5, 11.67, 14.33, 17.37, 28.46, 31.95, 34.52, 36.26, 43.59, 47.59, 49.22, 54.57]
time: [5.88, 7.24, 10.17, 16.11, 18.88, 21.98, 30.94, 1000, 1000, 1000, 1000, 1000, 1000, 1000]
v: [14.78, 31.76, 19.0, 14.36, 29.47, 32.34, 32.07, 29.96, 17.03, 27.1, 24.94, 16.25, 32.79, 11.81]
a: [195.0, 122.79, 65.99, 139.97, 72.03, 171.12, 120.3, 52.6, 148.13, 83.7, 50.0, 163.59, 123.34, 187.89]
d: [5.27, 5.24, 5.02, 5.85, 4.18, 4.67, 4.96, 4.85, 4.63, 3.71, 4.85, 5.94, 3.5, 2.0]

iteration: 35, best:[5.9, 7.05, 9.5, 11.67, 14.33, 17.37, 28.46, 31.95, 34.52, 36.26, 43.59, 47.59, 49.22, 54.57]
time: [5.9, 7.26, 1000, 1000, 1000, 1000, 1000, 1000, 1000, 1000, 1000, 1000, 1000, 1000]
v: [14.78, 31.76, 17.08, 24.18, 22.1, 32.34, 30.96, 29.57, 28.34, 24.42, 23.98, 34.85, 32.79, 25.18]
a: [195.0, 122.79, 31.6, 78.71, 72.03, 171.12, 57.24, 113.04, 148.13, 72.02, 50.0, 32.53, 123.34, 36.68]
d: [5.27, 5.24, 5.73, 3.5, 3.98, 4.67, 3.71, 4.7, 4.63, 4.88, 4.85, 5.94, 3.5, 2.0]

iteration: 36, best:[5.9, 7.05, 9.5, 11.67, 14.33, 17.37, 28.46, 31.95, 34.52, 36.26, 43.59, 47.59, 49.22, 54.57]
time: [5.81, 7.18, 9.78, 12.72, 18.98, 21.31, 31.15, 33.93, 35.48, 37.25, 39.09, 44.93, 46.47, 47.73]
v: [14.78, 31.76, 27.34, 13.47, 15.21, 32.34, 25.06, 15.31, 28.34, 29.81, 18.83, 11.1, 32.79, 18.19]
a: [195.0, 122.79, 88.06, 139.97, 74.94, 171.12, 97.03, 113.04, 148.13, 72.02, 124.21, 54.71, 123.34, 151.6]
d: [5.27, 5.24, 4.36, 3.5, 4.71, 4.67, 3.73, 3.93, 4.63, 4.88, 5.15, 5.94, 3.5, 2.0]

iteration: 37, best:[5.81, 7.05, 9.5, 11.67, 14.33, 17.37, 28.46, 31.95, 34.52, 36.26, 39.09, 44.93, 46.47, 47.73]
time: [5.86, 7.22, 9.82, 12.43, 18.53, 20.8, 29.27, 32.7, 34.07, 1000, 1000, 1000, 1000, 1000]
v: [14.78, 31.76, 27.34, 13.47, 15.21, 32.34, 34.12, 15.31, 28.34, 29.81, 18.83, 11.1, 32.79, 18.19]
a: [195.0, 122.79, 88.06, 139.97, 74.94, 171.12, 103.17, 113.04, 148.13, 72.02, 124.21, 54.71, 123.34, 151.6]
d: [5.27, 5.24, 4.36, 3.5, 4.71, 4.67, 3.73, 3.93, 4.63, 4.88, 5.15, 5.94, 3.5, 2.0]
