
iteration: 1
best: [5.77, 7.26, 9.2, 11.65, 14.83, 18.47, 27.65, 33.64, 38.74, 43.2, 44.9, 46.83, 50.29, 51.24]
time: [5.7, 7.14, 9.45, 14.72, 17.04, 1000, 1000, 1000, 1000, 1000, 1000, 1000, 1000, 1000]
current_hyper_parameter
v: [32.32, 17.5, 28.41, 24.01, 34.94, 31.78, 21.19, 25.55, 33.69, 17.14, 20.4, 16.18, 11.7, 33.22]
a: [109.41, 142.36, 173.54, 126.35, 106.84, 78.8, 156.04, 163.12, 120.11, 122.11, 117.34, 178.7, 50.0, 146.64]
d: [3.5, 4.12, 3.66, 4.74, 3.92, 4.67, 4.34, 5.38, 3.5, 3.5, 3.87, 3.6, 4.62, 2.0]
BEST_hyper_parameter
v: [32.32, 17.5, 28.41, 24.01, 34.94, 31.78, 21.19, 25.55, 33.69, 17.14, 20.4, 16.18, 11.7, 33.22]
a: [109.41, 142.36, 173.54, 126.35, 106.84, 78.8, 156.04, 163.12, 120.11, 122.11, 117.34, 178.7, 50.0, 146.64]
d: [3.5, 4.12, 3.66, 4.74, 3.92, 4.67, 4.34, 5.38, 3.5, 3.5, 3.87, 3.6, 4.62, 2.0]

iteration: 2
best: [5.77, 7.26, 9.2, 11.65, 14.83, 18.47, 27.65, 33.64, 38.74, 43.2, 44.9, 46.83, 50.29, 51.24]
time: [5.75, 7.24, 9.71, 15.67, 19.38, 23.73, 38.64, 41.4, 42.53, 44.01, 1000, 1000, 1000, 1000]
current_hyper_parameter
v: [32.32, 17.5, 28.41, 24.01, 12.43, 11.67, 15.73, 25.55, 17.91, 24.19, 26.0, 18.24, 34.48, 33.22]
a: [109.41, 142.36, 173.54, 126.35, 188.1, 78.8, 196.01, 163.12, 120.11, 124.33, 146.16, 128.77, 87.21, 146.64]
d: [3.5, 4.12, 3.66, 4.74, 3.92, 4.67, 4.34, 5.38, 5.73, 5.43, 3.87, 3.6, 4.62, 2.0]
BEST_hyper_parameter
v: [32.32, 17.5, 28.41, 24.01, 34.94, 31.78, 21.19, 25.55, 33.69, 17.14, 20.4, 16.18, 11.7, 33.22]
a: [109.41, 142.36, 173.54, 126.35, 106.84, 78.8, 156.04, 163.12, 120.11, 122.11, 117.34, 178.7, 50.0, 146.64]
d: [3.5, 4.12, 3.66, 4.74, 3.92, 4.67, 4.34, 5.38, 3.5, 3.5, 3.87, 3.6, 4.62, 2.0]

iteration: 3
best: [5.77, 7.26, 9.2, 11.65, 14.83, 18.47, 27.65, 33.64, 38.74, 43.2, 44.9, 46.83, 50.29, 51.24]
time: [5.78, 7.26, 9.98, 13.13, 16.59, 20.15, 28.51, 1000, 1000, 1000, 1000, 1000, 1000, 1000]
current_hyper_parameter
v: [32.32, 17.5, 18.89, 26.53, 29.68, 20.51, 33.6, 22.17, 14.12, 21.22, 14.39, 16.18, 11.7, 18.65]
a: [109.41, 142.36, 173.54, 31.91, 55.24, 78.8, 156.04, 188.03, 196.33, 127.51, 117.34, 178.7, 50.0, 176.13]
d: [3.5, 4.12, 4.56, 4.5, 3.92, 4.03, 5.19, 5.38, 3.5, 3.5, 4.75, 3.6, 4.62, 2.0]
BEST_hyper_parameter
v: [32.32, 17.5, 28.41, 24.01, 34.94, 31.78, 21.19, 25.55, 33.69, 17.14, 20.4, 16.18, 11.7, 33.22]
a: [109.41, 142.36, 173.54, 126.35, 106.84, 78.8, 156.04, 163.12, 120.11, 122.11, 117.34, 178.7, 50.0, 146.64]
d: [3.5, 4.12, 3.66, 4.74, 3.92, 4.67, 4.34, 5.38, 3.5, 3.5, 3.87, 3.6, 4.62, 2.0]
mutation at idx = 1

iteration: 4
best: [5.77, 7.26, 9.2, 11.65, 14.83, 18.47, 27.65, 33.64, 38.74, 43.2, 44.9, 46.83, 50.29, 51.24]
time: [5.78, 7.12, 10.07, 15.88, 22.5, 36.19, 48.71, 51.61, 1000, 1000, 1000, 1000, 1000, 1000]
current_hyper_parameter
v: [32.32, 32.71, 27.56, 20.64, 16.18, 16.35, 21.19, 26.71, 33.69, 17.14, 32.93, 17.51, 28.12, 33.22]
a: [109.41, 142.36, 50.87, 126.35, 106.84, 52.26, 156.04, 163.12, 120.11, 122.11, 146.77, 166.65, 49.68, 146.64]
d: [3.5, 4.56, 3.66, 4.74, 3.71, 3.87, 4.34, 5.38, 3.5, 3.5, 3.87, 5.99, 4.1, 2.0]
BEST_hyper_parameter
v: [32.32, 17.5, 28.41, 24.01, 34.94, 31.78, 21.19, 25.55, 33.69, 17.14, 20.4, 16.18, 11.7, 33.22]
a: [109.41, 142.36, 173.54, 126.35, 106.84, 78.8, 156.04, 163.12, 120.11, 122.11, 117.34, 178.7, 50.0, 146.64]
d: [3.5, 4.12, 3.66, 4.74, 3.92, 4.67, 4.34, 5.38, 3.5, 3.5, 3.87, 3.6, 4.62, 2.0]

iteration: 5
best: [5.77, 7.26, 9.2, 11.65, 14.83, 18.47, 27.65, 33.64, 38.74, 43.2, 44.9, 46.83, 50.29, 51.24]
time: [5.77, 7.25, 9.71, 16.06, 25.82, 28.75, 45.73, 48.14, 1000, 1000, 1000, 1000, 1000, 1000]
current_hyper_parameter
v: [32.32, 17.5, 26.04, 24.01, 14.29, 20.87, 19.87, 29.54, 33.69, 33.84, 30.71, 20.82, 11.7, 33.22]
a: [109.41, 142.36, 173.54, 126.35, 106.84, 141.7, 68.69, 182.22, 120.11, 142.65, 160.25, 98.38, 50.0, 146.64]
d: [3.5, 4.12, 3.69, 4.74, 4.45, 4.67, 4.34, 5.39, 3.5, 3.5, 3.87, 4.15, 4.62, 2.0]
BEST_hyper_parameter
v: [32.32, 17.5, 28.41, 24.01, 34.94, 31.78, 21.19, 25.55, 33.69, 17.14, 20.4, 16.18, 11.7, 33.22]
a: [109.41, 142.36, 173.54, 126.35, 106.84, 78.8, 156.04, 163.12, 120.11, 122.11, 117.34, 178.7, 50.0, 146.64]
d: [3.5, 4.12, 3.66, 4.74, 3.92, 4.67, 4.34, 5.38, 3.5, 3.5, 3.87, 3.6, 4.62, 2.0]

iteration: 6
best: [5.77, 7.26, 9.2, 11.65, 14.83, 18.47, 27.65, 33.64, 38.74, 43.2, 44.9, 46.83, 50.29, 51.24]
time: [5.73, 7.24, 9.77, 12.35, 14.71, 19.08, 33.31, 36.33, 37.99, 39.85, 1000, 1000, 1000, 1000]
current_hyper_parameter
v: [32.32, 17.5, 24.8, 15.97, 34.94, 17.79, 15.76, 26.89, 10.64, 17.14, 30.56, 24.1, 14.84, 21.61]
a: [109.41, 142.36, 173.54, 143.46, 106.84, 78.8, 156.04, 80.09, 173.38, 122.11, 99.66, 199.06, 50.0, 38.11]
d: [3.5, 4.12, 5.21, 4.38, 3.92, 4.36, 5.2, 5.38, 3.5, 3.5, 3.87, 5.74, 4.62, 2.0]
BEST_hyper_parameter
v: [32.32, 17.5, 28.41, 24.01, 34.94, 31.78, 21.19, 25.55, 33.69, 17.14, 20.4, 16.18, 11.7, 33.22]
a: [109.41, 142.36, 173.54, 126.35, 106.84, 78.8, 156.04, 163.12, 120.11, 122.11, 117.34, 178.7, 50.0, 146.64]
d: [3.5, 4.12, 3.66, 4.74, 3.92, 4.67, 4.34, 5.38, 3.5, 3.5, 3.87, 3.6, 4.62, 2.0]

iteration: 7
best: [5.77, 7.26, 9.2, 11.65, 14.83, 18.47, 27.65, 33.64, 38.74, 43.2, 44.9, 46.83, 50.29, 51.24]
time: [5.74, 7.24, 10.04, 12.91, 18.18, 31.2, 1000, 1000, 1000, 1000, 1000, 1000, 1000, 1000]
current_hyper_parameter
v: [32.32, 17.5, 27.83, 12.24, 28.79, 30.56, 14.83, 27.69, 33.69, 12.92, 13.65, 11.37, 28.4, 19.54]
a: [109.41, 142.36, 91.29, 119.04, 139.41, 42.88, 89.16, 96.67, 120.11, 95.21, 117.34, 83.82, 30.19, 146.64]
d: [3.5, 4.12, 5.13, 5.02, 3.92, 5.94, 5.51, 4.94, 3.5, 3.5, 3.9, 3.6, 4.62, 2.0]
BEST_hyper_parameter
v: [32.32, 17.5, 28.41, 24.01, 34.94, 31.78, 21.19, 25.55, 33.69, 17.14, 20.4, 16.18, 11.7, 33.22]
a: [109.41, 142.36, 173.54, 126.35, 106.84, 78.8, 156.04, 163.12, 120.11, 122.11, 117.34, 178.7, 50.0, 146.64]
d: [3.5, 4.12, 3.66, 4.74, 3.92, 4.67, 4.34, 5.38, 3.5, 3.5, 3.87, 3.6, 4.62, 2.0]

iteration: 8
best: [5.77, 7.26, 9.2, 11.65, 14.83, 18.47, 27.65, 33.64, 38.74, 43.2, 44.9, 46.83, 50.29, 51.24]
time: [5.78, 7.29, 10.45, 15.96, 30.94, 34.36, 46.45, 49.08, 53.59, 1000, 1000, 1000, 1000, 1000]
current_hyper_parameter
v: [32.32, 17.5, 12.2, 30.37, 16.62, 31.78, 18.85, 20.04, 27.16, 26.62, 11.56, 17.79, 25.16, 18.63]
a: [109.41, 142.36, 153.36, 162.86, 128.61, 78.8, 156.04, 148.7, 75.23, 157.52, 175.99, 99.18, 179.9, 92.23]
d: [3.5, 4.12, 3.66, 5.22, 3.92, 4.67, 5.84, 3.65, 4.8, 3.5, 3.87, 3.91, 4.62, 2.0]
BEST_hyper_parameter
v: [32.32, 17.5, 28.41, 24.01, 34.94, 31.78, 21.19, 25.55, 33.69, 17.14, 20.4, 16.18, 11.7, 33.22]
a: [109.41, 142.36, 173.54, 126.35, 106.84, 78.8, 156.04, 163.12, 120.11, 122.11, 117.34, 178.7, 50.0, 146.64]
d: [3.5, 4.12, 3.66, 4.74, 3.92, 4.67, 4.34, 5.38, 3.5, 3.5, 3.87, 3.6, 4.62, 2.0]

iteration: 9
best: [5.77, 7.26, 9.2, 11.65, 14.83, 18.47, 27.65, 33.64, 38.74, 43.2, 44.9, 46.83, 50.29, 51.24]
time: [5.78, 7.27, 1000, 1000, 1000, 1000, 1000, 1000, 1000, 1000, 1000, 1000, 1000, 1000]
current_hyper_parameter
v: [32.32, 17.5, 26.11, 16.54, 30.14, 25.64, 34.25, 25.52, 27.0, 14.92, 18.06, 24.86, 16.5, 34.66]
a: [109.41, 142.36, 23.7, 126.35, 106.84, 89.93, 103.59, 163.12, 69.28, 196.85, 55.39, 134.22, 63.19, 146.64]
d: [3.5, 4.12, 3.66, 4.74, 3.92, 5.35, 5.89, 5.38, 3.5, 3.5, 3.95, 3.6, 4.62, 2.0]
BEST_hyper_parameter
v: [32.32, 17.5, 28.41, 24.01, 34.94, 31.78, 21.19, 25.55, 33.69, 17.14, 20.4, 16.18, 11.7, 33.22]
a: [109.41, 142.36, 173.54, 126.35, 106.84, 78.8, 156.04, 163.12, 120.11, 122.11, 117.34, 178.7, 50.0, 146.64]
d: [3.5, 4.12, 3.66, 4.74, 3.92, 4.67, 4.34, 5.38, 3.5, 3.5, 3.87, 3.6, 4.62, 2.0]

iteration: 10
best: [5.77, 7.26, 9.2, 11.65, 14.83, 18.47, 27.65, 33.64, 38.74, 43.2, 44.9, 46.83, 50.29, 51.24]
time: [5.8, 7.28, 10.33, 13.3, 35.43, 50.8, 1000, 1000, 1000, 1000, 1000, 1000, 1000, 1000]
current_hyper_parameter
v: [32.32, 17.5, 18.68, 14.71, 24.33, 22.63, 21.19, 23.91, 33.69, 12.29, 20.4, 16.18, 19.94, 32.29]
a: [109.41, 142.36, 71.91, 96.84, 106.84, 43.28, 156.04, 169.12, 120.11, 148.57, 117.34, 178.7, 151.36, 75.87]
d: [3.5, 4.12, 4.38, 4.74, 5.9, 4.67, 4.34, 5.66, 3.5, 5.08, 3.87, 3.6, 5.99, 2.0]
BEST_hyper_parameter
v: [32.32, 17.5, 28.41, 24.01, 34.94, 31.78, 21.19, 25.55, 33.69, 17.14, 20.4, 16.18, 11.7, 33.22]
a: [109.41, 142.36, 173.54, 126.35, 106.84, 78.8, 156.04, 163.12, 120.11, 122.11, 117.34, 178.7, 50.0, 146.64]
d: [3.5, 4.12, 3.66, 4.74, 3.92, 4.67, 4.34, 5.38, 3.5, 3.5, 3.87, 3.6, 4.62, 2.0]

iteration: 11
best: [5.77, 7.26, 9.2, 11.65, 14.83, 18.47, 27.65, 33.64, 38.74, 43.2, 44.9, 46.83, 50.29, 51.24]
time: [5.75, 7.25, 9.74, 12.31, 1000, 1000, 1000, 1000, 1000, 1000, 1000, 1000, 1000, 1000]
current_hyper_parameter
v: [32.32, 17.5, 33.67, 15.88, 26.94, 18.0, 17.26, 25.55, 30.23, 17.14, 15.87, 32.01, 26.24, 22.35]
a: [109.41, 142.36, 137.04, 126.35, 106.84, 134.92, 169.09, 163.12, 176.82, 122.11, 185.08, 178.7, 83.77, 188.61]
d: [3.5, 4.12, 4.48, 4.74, 3.92, 4.98, 4.34, 5.38, 5.64, 3.5, 4.1, 3.6, 4.62, 2.0]
BEST_hyper_parameter
v: [32.32, 17.5, 28.41, 24.01, 34.94, 31.78, 21.19, 25.55, 33.69, 17.14, 20.4, 16.18, 11.7, 33.22]
a: [109.41, 142.36, 173.54, 126.35, 106.84, 78.8, 156.04, 163.12, 120.11, 122.11, 117.34, 178.7, 50.0, 146.64]
d: [3.5, 4.12, 3.66, 4.74, 3.92, 4.67, 4.34, 5.38, 3.5, 3.5, 3.87, 3.6, 4.62, 2.0]

iteration: 12
best: [5.77, 7.26, 9.2, 11.65, 14.83, 18.47, 27.65, 33.64, 38.74, 43.2, 44.9, 46.83, 50.29, 51.24]
time: [5.78, 7.28, 13.82, 16.79, 25.0, 28.72, 42.23, 44.66, 49.66, 51.59, 1000, 1000, 1000, 1000]
current_hyper_parameter
v: [32.32, 17.5, 19.47, 24.01, 32.9, 23.88, 15.25, 26.03, 11.75, 26.62, 19.77, 16.18, 30.53, 16.95]
a: [109.41, 142.36, 31.56, 126.35, 124.15, 104.41, 101.04, 144.28, 120.11, 122.11, 43.96, 178.7, 100.92, 110.73]
d: [3.5, 4.12, 3.66, 4.74, 3.78, 4.67, 4.9, 4.16, 3.5, 3.7, 4.86, 3.6, 3.7, 2.0]
BEST_hyper_parameter
v: [32.32, 17.5, 28.41, 24.01, 34.94, 31.78, 21.19, 25.55, 33.69, 17.14, 20.4, 16.18, 11.7, 33.22]
a: [109.41, 142.36, 173.54, 126.35, 106.84, 78.8, 156.04, 163.12, 120.11, 122.11, 117.34, 178.7, 50.0, 146.64]
d: [3.5, 4.12, 3.66, 4.74, 3.92, 4.67, 4.34, 5.38, 3.5, 3.5, 3.87, 3.6, 4.62, 2.0]

iteration: 13
best: [5.77, 7.26, 9.2, 11.65, 14.83, 18.47, 27.65, 33.64, 38.74, 43.2, 44.9, 46.83, 50.29, 51.24]
time: [5.78, 7.26, 9.68, 1000, 1000, 1000, 1000, 1000, 1000, 1000, 1000, 1000, 1000, 1000]
current_hyper_parameter
v: [32.32, 17.5, 28.41, 24.01, 21.15, 31.78, 21.19, 18.75, 33.7, 31.52, 14.99, 30.72, 21.57, 33.22]
a: [109.41, 142.36, 173.54, 126.35, 106.84, 78.8, 156.04, 35.58, 107.19, 34.35, 117.34, 65.77, 107.87, 146.64]
d: [3.5, 4.12, 3.66, 4.74, 3.92, 4.67, 4.34, 3.9, 4.5, 3.5, 5.03, 3.6, 4.62, 2.0]
BEST_hyper_parameter
v: [32.32, 17.5, 28.41, 24.01, 34.94, 31.78, 21.19, 25.55, 33.69, 17.14, 20.4, 16.18, 11.7, 33.22]
a: [109.41, 142.36, 173.54, 126.35, 106.84, 78.8, 156.04, 163.12, 120.11, 122.11, 117.34, 178.7, 50.0, 146.64]
d: [3.5, 4.12, 3.66, 4.74, 3.92, 4.67, 4.34, 5.38, 3.5, 3.5, 3.87, 3.6, 4.62, 2.0]

iteration: 14
best: [5.77, 7.26, 9.2, 11.65, 14.83, 18.47, 27.65, 33.64, 38.74, 43.2, 44.9, 46.83, 50.29, 51.24]
time: [5.78, 7.26, 9.9, 15.46, 24.11, 27.24, 37.32, 39.83, 40.92, 42.2, 1000, 1000, 1000, 1000]
current_hyper_parameter
v: [32.32, 17.5, 22.26, 24.01, 25.01, 19.83, 21.19, 23.8, 33.69, 26.53, 20.22, 23.44, 32.21, 25.56]
a: [109.41, 142.36, 144.64, 126.35, 106.84, 184.25, 156.04, 163.12, 120.11, 122.11, 117.34, 114.57, 34.64, 59.04]
d: [3.5, 4.12, 3.66, 4.74, 3.92, 4.67, 4.34, 5.38, 3.5, 3.5, 3.87, 3.6, 5.04, 2.0]
BEST_hyper_parameter
v: [32.32, 17.5, 28.41, 24.01, 34.94, 31.78, 21.19, 25.55, 33.69, 17.14, 20.4, 16.18, 11.7, 33.22]
a: [109.41, 142.36, 173.54, 126.35, 106.84, 78.8, 156.04, 163.12, 120.11, 122.11, 117.34, 178.7, 50.0, 146.64]
d: [3.5, 4.12, 3.66, 4.74, 3.92, 4.67, 4.34, 5.38, 3.5, 3.5, 3.87, 3.6, 4.62, 2.0]

iteration: 15
best: [5.77, 7.26, 9.2, 11.65, 14.83, 18.47, 27.65, 33.64, 38.74, 43.2, 44.9, 46.83, 50.29, 51.24]
time: [5.74, 7.25, 9.73, 15.46, 26.41, 33.62, 46.21, 49.38, 50.43, 1000, 1000, 1000, 1000, 1000]
current_hyper_parameter
v: [32.32, 17.5, 28.41, 19.28, 16.59, 10.64, 21.19, 17.0, 26.49, 28.27, 20.4, 16.18, 11.7, 33.22]
a: [109.41, 142.36, 173.54, 126.35, 106.84, 78.8, 156.04, 163.12, 199.44, 77.93, 117.34, 178.7, 50.0, 146.64]
d: [3.5, 4.12, 3.66, 4.74, 5.65, 5.24, 4.34, 5.38, 3.5, 3.5, 3.87, 3.6, 4.62, 2.0]
BEST_hyper_parameter
v: [32.32, 17.5, 28.41, 24.01, 34.94, 31.78, 21.19, 25.55, 33.69, 17.14, 20.4, 16.18, 11.7, 33.22]
a: [109.41, 142.36, 173.54, 126.35, 106.84, 78.8, 156.04, 163.12, 120.11, 122.11, 117.34, 178.7, 50.0, 146.64]
d: [3.5, 4.12, 3.66, 4.74, 3.92, 4.67, 4.34, 5.38, 3.5, 3.5, 3.87, 3.6, 4.62, 2.0]

iteration: 16
best: [5.77, 7.26, 9.2, 11.65, 14.83, 18.47, 27.65, 33.64, 38.74, 43.2, 44.9, 46.83, 50.29, 51.24]
time: [5.77, 7.24, 10.17, 13.11, 27.64, 1000, 1000, 1000, 1000, 1000, 1000, 1000, 1000, 1000]
current_hyper_parameter
v: [32.32, 17.5, 15.37, 11.5, 17.16, 13.21, 21.9, 23.67, 15.42, 17.14, 30.81, 27.16, 21.97, 33.22]
a: [109.41, 142.36, 186.92, 129.66, 106.84, 148.56, 156.04, 51.52, 120.11, 122.11, 53.63, 168.53, 194.06, 146.64]
d: [3.5, 4.12, 3.66, 4.74, 3.84, 4.8, 4.64, 5.38, 3.82, 3.5, 3.87, 3.6, 4.51, 2.0]
BEST_hyper_parameter
v: [32.32, 17.5, 28.41, 24.01, 34.94, 31.78, 21.19, 25.55, 33.69, 17.14, 20.4, 16.18, 11.7, 33.22]
a: [109.41, 142.36, 173.54, 126.35, 106.84, 78.8, 156.04, 163.12, 120.11, 122.11, 117.34, 178.7, 50.0, 146.64]
d: [3.5, 4.12, 3.66, 4.74, 3.92, 4.67, 4.34, 5.38, 3.5, 3.5, 3.87, 3.6, 4.62, 2.0]

iteration: 17
best: [5.77, 7.26, 9.2, 11.65, 14.83, 18.47, 27.65, 33.64, 38.74, 43.2, 44.9, 46.83, 50.29, 51.24]
time: [5.76, 7.26, 9.68, 12.29, 1000, 1000, 1000, 1000, 1000, 1000, 1000, 1000, 1000, 1000]
current_hyper_parameter
v: [32.32, 17.5, 28.41, 23.47, 29.63, 17.1, 21.5, 19.14, 27.0, 16.6, 24.35, 16.18, 31.4, 17.96]
a: [109.41, 142.36, 173.54, 78.95, 106.84, 146.59, 57.06, 184.74, 115.32, 122.11, 36.44, 178.7, 180.47, 65.13]
d: [3.5, 4.12, 3.66, 4.74, 4.56, 5.6, 5.76, 5.56, 3.5, 3.5, 3.87, 3.6, 4.62, 2.0]
BEST_hyper_parameter
v: [32.32, 17.5, 28.41, 24.01, 34.94, 31.78, 21.19, 25.55, 33.69, 17.14, 20.4, 16.18, 11.7, 33.22]
a: [109.41, 142.36, 173.54, 126.35, 106.84, 78.8, 156.04, 163.12, 120.11, 122.11, 117.34, 178.7, 50.0, 146.64]
d: [3.5, 4.12, 3.66, 4.74, 3.92, 4.67, 4.34, 5.38, 3.5, 3.5, 3.87, 3.6, 4.62, 2.0]

iteration: 18
best: [5.77, 7.26, 9.2, 11.65, 14.83, 18.47, 27.65, 33.64, 38.74, 43.2, 44.9, 46.83, 50.29, 51.24]
time: [5.74, 7.24, 9.62, 11.85, 1000, 1000, 1000, 1000, 1000, 1000, 1000, 1000, 1000, 1000]
current_hyper_parameter
v: [32.32, 17.5, 28.41, 19.27, 29.37, 31.78, 28.32, 26.11, 13.13, 12.6, 24.64, 26.58, 17.34, 11.2]
a: [109.41, 142.36, 173.54, 126.35, 123.39, 78.8, 146.47, 134.34, 120.11, 122.11, 54.77, 23.61, 50.0, 146.64]
d: [3.5, 4.12, 3.66, 4.37, 5.12, 4.67, 4.34, 5.38, 3.5, 4.83, 3.87, 3.6, 5.59, 2.0]
BEST_hyper_parameter
v: [32.32, 17.5, 28.41, 24.01, 34.94, 31.78, 21.19, 25.55, 33.69, 17.14, 20.4, 16.18, 11.7, 33.22]
a: [109.41, 142.36, 173.54, 126.35, 106.84, 78.8, 156.04, 163.12, 120.11, 122.11, 117.34, 178.7, 50.0, 146.64]
d: [3.5, 4.12, 3.66, 4.74, 3.92, 4.67, 4.34, 5.38, 3.5, 3.5, 3.87, 3.6, 4.62, 2.0]

iteration: 19
best: [5.77, 7.26, 9.2, 11.65, 14.83, 18.47, 27.65, 33.64, 38.74, 43.2, 44.9, 46.83, 50.29, 51.24]
time: [5.77, 7.26, 10.04, 16.07, 24.55, 26.87, 35.66, 38.8, 40.18, 1000, 1000, 1000, 1000, 1000]
current_hyper_parameter
v: [32.32, 17.5, 23.44, 13.68, 30.23, 24.85, 31.47, 14.58, 33.69, 27.26, 18.54, 18.18, 26.96, 33.22]
a: [109.41, 142.36, 98.54, 126.35, 36.65, 191.62, 136.29, 163.12, 120.11, 22.46, 117.34, 120.17, 58.09, 146.64]
d: [3.5, 4.12, 3.66, 4.74, 4.5, 3.59, 4.71, 4.5, 3.5, 3.5, 5.3, 3.6, 4.62, 2.0]
BEST_hyper_parameter
v: [32.32, 17.5, 28.41, 24.01, 34.94, 31.78, 21.19, 25.55, 33.69, 17.14, 20.4, 16.18, 11.7, 33.22]
a: [109.41, 142.36, 173.54, 126.35, 106.84, 78.8, 156.04, 163.12, 120.11, 122.11, 117.34, 178.7, 50.0, 146.64]
d: [3.5, 4.12, 3.66, 4.74, 3.92, 4.67, 4.34, 5.38, 3.5, 3.5, 3.87, 3.6, 4.62, 2.0]

iteration: 20
best: [5.77, 7.26, 9.2, 11.65, 14.83, 18.47, 27.65, 33.64, 38.74, 43.2, 44.9, 46.83, 50.29, 51.24]
time: [5.77, 7.27, 10.39, 15.56, 21.69, 32.45, 44.77, 50.69, 52.27, 1000, 1000, 1000, 1000, 1000]
current_hyper_parameter
v: [32.32, 17.5, 12.25, 25.97, 34.94, 25.29, 24.07, 30.52, 12.86, 30.16, 19.43, 29.6, 11.7, 33.22]
a: [109.41, 142.36, 177.36, 143.03, 106.84, 28.21, 156.04, 101.58, 120.11, 109.49, 117.34, 89.4, 50.0, 146.64]
d: [3.5, 4.12, 5.43, 5.35, 3.92, 4.67, 4.43, 5.54, 5.34, 3.7, 4.44, 3.6, 4.62, 2.0]
BEST_hyper_parameter
v: [32.32, 17.5, 28.41, 24.01, 34.94, 31.78, 21.19, 25.55, 33.69, 17.14, 20.4, 16.18, 11.7, 33.22]
a: [109.41, 142.36, 173.54, 126.35, 106.84, 78.8, 156.04, 163.12, 120.11, 122.11, 117.34, 178.7, 50.0, 146.64]
d: [3.5, 4.12, 3.66, 4.74, 3.92, 4.67, 4.34, 5.38, 3.5, 3.5, 3.87, 3.6, 4.62, 2.0]
mutation at idx = 0
