iteration: 1, best:[1000.0, 1000.0, 1000.0, 1000.0, 1000.0, 1000.0, 1000.0, 1000.0, 1000.0, 1000.0, 1000.0, 1000.0, 1000.0, 1000.0]
time: [6.47, 8.9, 13.28, 17.06, 20.96, 25.24, 45.44, 49.7, 51.94, 54.56, 56.86, 59.87, 65.58, 67.36]
v: [12.0, 12.0, 12.0, 12.0, 12.0, 12.0, 12.0, 12.0, 12.0, 12.0, 12.0, 12.0, 12.0, 12.0]
a: [50.0, 50.0, 50.0, 50.0, 50.0, 50.0, 50.0, 50.0, 50.0, 50.0, 50.0, 50.0, 50.0, 50.0]
d: [3.5, 3.5, 3.5, 3.5, 3.5, 3.5, 3.5, 3.5, 3.5, 3.5, 3.5, 3.5, 3.5, 2.0]

iteration: 2, best:[6.47, 8.9, 13.28, 17.06, 20.96, 25.24, 45.44, 49.7, 51.94, 54.56, 56.86, 59.87, 65.58, 67.36]
time: [6.57, 9.09, 13.55, 17.46, 21.38, 25.7, 46.28, 50.29, 52.5, 55.32, 57.14, 60.23, 66.11, 67.97]
v: [12.0, 12.0, 12.0, 12.0, 12.0, 12.0, 12.0, 33.84, 12.0, 12.0, 12.0, 12.0, 12.0, 12.0]
a: [50.0, 50.0, 50.0, 50.0, 50.0, 50.0, 50.0, 50.0, 50.0, 50.0, 50.0, 50.0, 50.0, 50.0]
d: [3.5, 3.5, 3.5, 3.5, 3.5, 3.5, 3.5, 3.5, 3.5, 3.5, 3.5, 3.5, 3.5, 2.0]

iteration: 3, best:[6.47, 8.9, 13.28, 17.06, 20.96, 25.24, 45.44, 49.7, 51.94, 54.56, 56.86, 59.87, 65.58, 67.36]
time: [6.6, 9.05, 13.54, 19.1, 25.38, 28.48, 44.78, 48.6, 50.85, 53.52, 58.74, 1000, 1000, 1000]
v: [12.0, 12.0, 12.0, 32.2, 12.0, 21.31, 12.0, 32.78, 17.22, 13.19, 31.67, 12.0, 27.96, 20.09]
a: [50.0, 50.0, 50.0, 127.24, 50.0, 96.45, 50.0, 50.0, 39.33, 35.44, 34.16, 50.0, 68.04, 180.53]
d: [3.5, 3.5, 3.5, 3.5, 3.5, 4.63, 3.5, 3.5, 5.55, 5.24, 4.46, 3.5, 4.72, 2.0]

iteration: 4, best:[6.47, 8.9, 13.28, 17.06, 20.96, 25.24, 45.44, 49.7, 51.94, 54.56, 56.86, 59.87, 65.58, 67.36]
time: [6.74, 9.17, 13.6, 16.36, 19.71, 22.54, 31.45, 34.75, 1000, 1000, 1000, 1000, 1000, 1000]
v: [12.0, 12.26, 12.0, 21.75, 17.29, 25.25, 28.53, 25.35, 12.0, 34.22, 12.0, 29.27, 21.58, 30.76]
a: [50.0, 50.0, 50.0, 102.04, 50.0, 188.0, 164.61, 87.21, 50.0, 164.76, 50.0, 109.35, 126.72, 50.0]
d: [3.5, 5.19, 3.5, 3.5, 3.5, 3.5, 3.5, 4.32, 3.5, 5.46, 3.5, 4.35, 5.67, 2.0]

iteration: 5, best:[6.47, 8.9, 13.28, 17.06, 20.96, 25.24, 45.44, 49.7, 51.94, 54.56, 56.86, 59.87, 65.58, 67.36]
time: [6.58, 9.08, 12.03, 1000, 1000, 1000, 1000, 1000, 1000, 1000, 1000, 1000, 1000, 1000]
v: [12.0, 12.0, 23.96, 23.51, 34.02, 29.74, 29.51, 25.56, 30.47, 12.0, 12.0, 12.0, 32.34, 30.9]
a: [50.0, 50.0, 120.56, 21.62, 48.58, 62.06, 50.0, 48.87, 194.43, 50.0, 50.0, 50.0, 111.03, 146.29]
d: [3.5, 3.5, 5.14, 5.13, 5.09, 4.03, 4.7, 3.5, 3.5, 3.5, 3.5, 3.5, 5.1, 2.0]

iteration: 6, best:[6.47, 8.9, 12.03, 17.06, 20.96, 25.24, 45.44, 49.7, 51.94, 54.56, 56.86, 59.87, 65.58, 67.36]
time: [6.73, 9.18, 12.12, 15.25, 22.28, 25.12, 40.06, 43.79, 45.67, 47.92, 49.92, 51.76, 55.24, 56.96]
v: [12.0, 12.0, 23.96, 12.0, 12.0, 20.38, 15.57, 19.72, 18.7, 12.0, 20.53, 30.19, 26.43, 12.0]
a: [50.0, 50.0, 120.56, 50.0, 50.0, 136.88, 50.43, 50.0, 61.77, 50.0, 50.0, 104.8, 39.34, 50.0]
d: [3.5, 3.5, 5.14, 3.5, 3.5, 5.78, 3.5, 4.48, 5.3, 3.5, 3.5, 3.5, 3.5, 2.0]

iteration: 7, best:[6.47, 8.9, 12.03, 15.25, 20.96, 25.12, 40.06, 43.79, 45.67, 47.92, 49.92, 51.76, 55.24, 56.96]
time: [6.58, 9.04, 12.07, 15.3, 19.23, 22.35, 35.67, 39.3, 41.16, 43.44, 45.33, 47.22, 50.37, 52.04]
v: [12.0, 12.0, 23.96, 12.0, 12.0, 20.38, 15.57, 19.72, 18.7, 12.0, 20.53, 24.25, 26.43, 12.0]
a: [50.0, 50.0, 120.56, 50.0, 50.0, 136.88, 50.43, 50.0, 61.77, 50.0, 50.0, 104.8, 39.34, 50.0]
d: [3.5, 3.5, 5.14, 3.5, 3.5, 5.78, 3.5, 4.48, 5.3, 3.5, 3.5, 3.5, 3.5, 2.0]

iteration: 8, best:[6.47, 8.9, 12.03, 15.25, 19.23, 22.35, 35.67, 39.3, 41.16, 43.44, 45.33, 47.22, 50.37, 52.04]
time: [6.72, 9.18, 12.09, 15.21, 19.34, 22.06, 37.05, 40.76, 42.63, 45.0, 49.7, 51.84, 57.38, 1000]
v: [12.0, 12.0, 23.96, 12.0, 12.0, 20.38, 15.57, 19.72, 18.7, 12.0, 20.53, 24.25, 12.63, 12.0]
a: [50.0, 50.0, 120.56, 50.0, 50.0, 136.88, 50.43, 50.0, 61.77, 50.0, 50.0, 104.8, 142.36, 50.0]
d: [3.5, 3.5, 5.14, 3.5, 3.5, 5.78, 3.5, 4.48, 5.3, 3.5, 3.5, 3.5, 4.06, 2.0]

iteration: 9, best:[6.47, 8.9, 12.03, 15.25, 19.23, 22.06, 35.67, 39.3, 41.16, 43.44, 45.33, 47.22, 50.37, 52.04]
time: [6.64, 9.12, 12.05, 17.29, 27.83, 30.67, 42.77, 46.09, 48.07, 50.4, 52.08, 1000, 1000, 1000]
v: [12.0, 12.0, 23.96, 31.28, 12.0, 20.38, 21.27, 19.72, 13.81, 12.0, 13.55, 10.71, 20.45, 12.0]
a: [50.0, 50.0, 120.56, 165.24, 50.0, 136.88, 58.45, 50.0, 95.03, 50.0, 142.6, 27.63, 120.81, 50.0]
d: [3.5, 3.5, 5.14, 3.5, 3.5, 5.78, 4.47, 4.48, 5.52, 3.5, 5.05, 4.28, 3.5, 2.0]

iteration: 10, best:[6.47, 8.9, 12.03, 15.25, 19.23, 22.06, 35.67, 39.3, 41.16, 43.44, 45.33, 47.22, 50.37, 52.04]
time: [6.7, 9.16, 12.04, 15.18, 18.08, 24.73, 1000, 1000, 1000, 1000, 1000, 1000, 1000, 1000]
v: [12.0, 12.0, 23.96, 12.0, 34.24, 20.38, 29.03, 19.72, 26.57, 12.0, 11.67, 19.52, 25.78, 13.72]
a: [50.0, 50.0, 120.56, 50.0, 73.28, 136.88, 44.44, 50.0, 79.87, 50.0, 50.0, 167.84, 40.51, 37.03]
d: [3.5, 3.5, 5.14, 3.5, 5.19, 5.78, 3.5, 4.48, 5.3, 3.5, 4.24, 4.09, 3.5, 2.0]

iteration: 11, best:[6.47, 8.9, 12.03, 15.25, 18.08, 22.06, 35.67, 39.3, 41.16, 43.44, 45.33, 47.22, 50.37, 52.04]
time: [6.69, 9.18, 12.08, 15.21, 21.58, 33.47, 47.08, 50.83, 52.77, 54.06, 1000, 1000, 1000, 1000]
v: [12.0, 12.0, 23.96, 12.0, 34.24, 20.38, 15.57, 21.22, 18.7, 30.98, 14.51, 24.25, 26.77, 22.05]
a: [50.0, 50.0, 120.56, 50.0, 73.28, 136.88, 50.43, 50.0, 61.77, 68.25, 50.0, 104.8, 147.83, 50.0]
d: [3.5, 3.5, 5.14, 3.5, 5.19, 5.78, 3.5, 4.03, 5.3, 3.9, 5.51, 3.5, 3.5, 2.0]

iteration: 12, best:[6.47, 8.9, 12.03, 15.25, 18.08, 22.06, 35.67, 39.3, 41.16, 43.44, 45.33, 47.22, 50.37, 52.04]
time: [6.59, 9.05, 12.01, 21.97, 25.02, 28.9, 53.81, 1000, 1000, 1000, 1000, 1000, 1000, 1000]
v: [12.0, 12.0, 23.96, 33.71, 26.95, 20.38, 12.83, 25.09, 18.7, 18.49, 20.83, 24.25, 18.67, 32.13]
a: [50.0, 50.0, 120.56, 141.92, 122.46, 136.88, 50.43, 70.52, 61.77, 127.44, 40.6, 104.8, 163.94, 38.65]
d: [3.5, 3.5, 5.14, 4.04, 3.84, 5.78, 5.64, 4.48, 5.3, 3.5, 4.95, 3.5, 3.74, 2.0]

iteration: 13, best:[6.47, 8.9, 12.03, 15.25, 18.08, 22.06, 35.67, 39.3, 41.16, 43.44, 45.33, 47.22, 50.37, 52.04]
time: [5.87, 7.6, 10.35, 13.04, 18.89, 1000, 1000, 1000, 1000, 1000, 1000, 1000, 1000, 1000]
v: [19.64, 12.0, 23.96, 14.46, 16.9, 28.49, 16.81, 11.22, 13.72, 12.0, 34.84, 24.25, 21.11, 19.97]
a: [123.77, 50.0, 120.56, 63.24, 152.58, 160.31, 197.11, 118.99, 171.91, 50.0, 50.0, 104.8, 53.22, 50.0]
d: [3.77, 3.5, 5.14, 3.5, 5.95, 5.78, 3.5, 4.48, 5.3, 3.5, 5.37, 3.5, 3.57, 2.0]

iteration: 14, best:[5.87, 7.6, 10.35, 13.04, 18.08, 22.06, 35.67, 39.3, 41.16, 43.44, 45.33, 47.22, 50.37, 52.04]
time: [5.85, 7.59, 10.33, 13.03, 18.95, 21.73, 30.03, 34.23, 35.85, 1000, 1000, 1000, 1000, 1000]
v: [19.64, 12.0, 23.96, 14.46, 32.7, 22.25, 32.94, 29.7, 22.44, 12.0, 20.53, 21.17, 25.7, 12.0]
a: [123.77, 50.0, 120.56, 63.24, 73.28, 136.88, 121.92, 50.0, 172.72, 50.0, 50.0, 148.46, 39.34, 50.0]
d: [3.77, 3.5, 5.14, 3.5, 5.77, 5.78, 3.5, 4.48, 5.3, 3.5, 3.5, 5.96, 3.81, 2.0]

iteration: 15, best:[5.87, 7.6, 10.35, 13.04, 18.08, 22.06, 35.67, 39.3, 41.16, 43.44, 45.33, 47.22, 50.37, 52.04]
time: [5.84, 7.6, 10.32, 20.05, 37.33, 40.4, 53.69, 1000, 1000, 1000, 1000, 1000, 1000, 1000]
v: [19.64, 12.0, 23.96, 34.09, 34.24, 30.66, 15.57, 11.88, 26.63, 29.35, 14.49, 14.76, 28.81, 12.0]
a: [123.77, 50.0, 120.56, 196.3, 73.28, 111.62, 50.43, 50.0, 61.77, 50.0, 51.72, 104.8, 39.34, 50.0]
d: [3.77, 3.5, 5.14, 5.77, 5.19, 4.21, 3.5, 4.48, 5.3, 5.17, 5.8, 3.5, 3.5, 2.0]

iteration: 16, best:[5.87, 7.6, 10.35, 13.04, 18.08, 22.06, 35.67, 39.3, 41.16, 43.44, 45.33, 47.22, 50.37, 52.04]
time: [5.79, 7.53, 11.12, 14.09, 17.41, 19.96, 37.3, 40.49, 41.98, 43.99, 45.65, 47.63, 54.1, 1000]
v: [19.64, 12.0, 11.7, 22.41, 12.56, 22.57, 24.98, 28.79, 18.33, 12.0, 32.85, 24.25, 17.33, 14.58]
a: [123.77, 50.0, 186.81, 63.24, 73.28, 180.59, 50.43, 50.0, 126.26, 50.0, 78.98, 104.8, 182.24, 176.72]
d: [3.77, 3.5, 4.9, 5.35, 5.19, 5.78, 5.0, 5.59, 4.42, 3.5, 3.64, 3.5, 5.71, 2.0]

iteration: 17, best:[5.87, 7.6, 10.35, 13.04, 18.08, 22.06, 35.67, 39.3, 41.16, 43.44, 45.33, 47.22, 50.37, 52.04]
time: [5.92, 7.78, 1000, 1000, 1000, 1000, 1000, 1000, 1000, 1000, 1000, 1000, 1000, 1000]
v: [23.7, 12.0, 31.31, 14.46, 34.24, 20.63, 23.37, 16.64, 17.97, 12.0, 30.0, 29.57, 28.89, 34.68]
a: [93.46, 50.0, 20.15, 63.24, 73.28, 136.88, 161.86, 50.0, 171.49, 50.0, 50.0, 186.07, 92.96, 50.0]
d: [3.77, 3.5, 3.64, 3.5, 5.19, 5.78, 5.01, 3.64, 5.3, 3.5, 3.5, 4.57, 3.5, 2.0]

iteration: 18, best:[5.87, 7.6, 10.35, 13.04, 18.08, 22.06, 35.67, 39.3, 41.16, 43.44, 45.33, 47.22, 50.37, 52.04]
time: [5.85, 7.58, 10.95, 13.28, 19.8, 30.67, 41.99, 48.69, 50.63, 52.77, 1000, 1000, 1000, 1000]
v: [19.64, 12.0, 23.21, 27.91, 23.22, 26.96, 20.64, 19.72, 28.15, 18.05, 20.53, 24.25, 17.63, 27.84]
a: [123.77, 50.0, 62.22, 138.47, 73.28, 169.78, 59.05, 50.0, 61.77, 50.0, 50.0, 104.8, 39.34, 194.52]
d: [3.77, 3.5, 4.09, 3.5, 4.84, 4.23, 3.5, 4.48, 5.48, 4.4, 3.5, 3.5, 3.5, 2.0]

iteration: 19, best:[5.87, 7.6, 10.35, 13.04, 18.08, 22.06, 35.67, 39.3, 41.16, 43.44, 45.33, 47.22, 50.37, 52.04]
time: [5.79, 7.52, 10.1, 12.68, 18.63, 21.95, 34.8, 38.11, 39.76, 42.03, 1000, 1000, 1000, 1000]
v: [19.64, 12.0, 34.89, 21.33, 32.45, 32.73, 15.57, 20.36, 18.7, 12.0, 25.64, 17.76, 17.85, 18.33]
a: [123.77, 50.0, 120.56, 63.24, 127.44, 126.08, 50.43, 78.02, 61.77, 50.0, 168.81, 99.39, 157.12, 50.0]
d: [3.77, 3.5, 5.14, 3.5, 4.49, 5.78, 3.5, 4.7, 5.3, 3.5, 3.63, 4.66, 3.5, 2.0]

iteration: 20, best:[5.87, 7.6, 10.35, 12.68, 18.08, 22.06, 35.67, 39.3, 41.16, 43.44, 45.33, 47.22, 50.37, 52.04]
time: [5.84, 7.58, 10.33, 12.88, 15.43, 19.29, 30.32, 33.92, 35.66, 37.99, 1000, 1000, 1000, 1000]
v: [19.64, 12.0, 23.96, 21.33, 26.2, 14.84, 30.0, 12.53, 22.49, 12.0, 27.29, 13.35, 33.58, 25.15]
a: [123.77, 50.0, 120.56, 63.24, 164.36, 146.85, 50.43, 119.99, 61.77, 50.0, 198.46, 104.8, 191.24, 50.0]
d: [3.77, 3.5, 5.14, 3.5, 4.01, 5.15, 3.5, 4.48, 5.84, 3.5, 5.77, 3.5, 5.78, 2.0]

iteration: 21, best:[5.87, 7.6, 10.35, 12.68, 15.43, 19.29, 30.32, 33.92, 35.66, 37.99, 45.33, 47.22, 50.37, 52.04]
time: [5.85, 7.59, 10.32, 12.93, 15.4, 22.18, 33.31, 36.91, 38.72, 41.16, 1000, 1000, 1000, 1000]
v: [19.64, 12.0, 23.96, 21.33, 26.2, 14.84, 30.0, 12.53, 22.49, 12.0, 33.79, 18.3, 21.96, 21.45]
a: [123.77, 50.0, 120.56, 63.24, 164.36, 146.85, 50.43, 119.99, 61.77, 50.0, 198.43, 104.8, 179.1, 87.18]
d: [3.77, 3.5, 5.14, 3.5, 4.01, 5.15, 3.5, 4.48, 5.84, 3.5, 3.81, 3.5, 5.92, 2.0]

iteration: 22, best:[5.87, 7.6, 10.35, 12.68, 15.43, 19.29, 30.32, 33.92, 35.66, 37.99, 45.33, 47.22, 50.37, 52.04]
time: [5.81, 7.61, 10.38, 12.94, 15.5, 19.1, 28.22, 31.04, 1000, 1000, 1000, 1000, 1000, 1000]
v: [19.64, 12.0, 23.96, 21.33, 26.2, 21.0, 30.66, 24.31, 22.49, 16.88, 20.53, 27.04, 26.43, 22.46]
a: [123.77, 50.0, 120.56, 63.24, 164.36, 155.76, 93.32, 119.99, 61.77, 50.0, 50.0, 104.8, 39.34, 50.0]
d: [3.77, 3.5, 5.14, 3.5, 4.01, 5.15, 3.5, 4.48, 5.84, 5.5, 3.5, 5.58, 3.5, 2.0]

iteration: 23, best:[5.87, 7.6, 10.35, 12.68, 15.43, 19.29, 28.22, 31.04, 35.66, 37.99, 45.33, 47.22, 50.37, 52.04]
time: [5.85, 7.59, 10.32, 12.89, 18.45, 22.25, 31.7, 34.94, 36.72, 38.49, 1000, 1000, 1000, 1000]
v: [19.64, 12.0, 23.96, 21.33, 26.2, 14.84, 30.66, 29.12, 22.49, 25.19, 20.52, 32.11, 22.61, 11.67]
a: [123.77, 50.0, 120.56, 63.24, 164.36, 146.85, 93.32, 64.84, 61.77, 91.64, 50.0, 66.86, 112.05, 63.84]
d: [3.77, 3.5, 5.14, 3.5, 4.01, 5.15, 3.5, 4.7, 5.84, 3.5, 3.9, 4.09, 5.96, 2.0]

iteration: 24, best:[5.87, 7.6, 10.35, 12.68, 15.43, 19.29, 28.22, 31.04, 35.66, 37.99, 45.33, 47.22, 50.37, 52.04]
time: [5.85, 7.58, 10.33, 12.9, 15.41, 19.31, 28.7, 32.09, 33.75, 35.78, 1000, 1000, 1000, 1000]
v: [19.64, 12.0, 23.96, 21.33, 26.2, 14.84, 30.66, 11.39, 14.62, 18.33, 21.3, 34.75, 26.43, 16.43]
a: [123.77, 50.0, 120.56, 63.24, 164.36, 146.85, 93.32, 187.22, 108.17, 50.0, 45.48, 104.8, 39.34, 136.09]
d: [3.77, 3.5, 5.14, 3.5, 4.01, 5.15, 3.5, 4.06, 5.84, 3.5, 5.85, 3.5, 3.5, 2.0]

iteration: 25, best:[5.87, 7.6, 10.35, 12.68, 15.43, 19.29, 28.22, 31.04, 35.66, 37.99, 45.33, 47.22, 50.37, 52.04]
time: [5.86, 7.59, 10.32, 12.9, 15.45, 22.92, 39.12, 43.23, 44.73, 46.4, 1000, 1000, 1000, 1000]
v: [19.64, 12.0, 23.96, 21.33, 26.2, 14.84, 33.92, 16.93, 23.35, 34.41, 25.88, 24.25, 18.54, 19.44]
a: [123.77, 50.0, 120.56, 63.24, 164.36, 146.85, 76.27, 59.45, 121.99, 87.71, 86.55, 104.8, 169.64, 91.89]
d: [3.77, 3.5, 5.14, 3.5, 4.01, 5.15, 4.04, 4.48, 5.84, 3.5, 5.56, 3.5, 5.63, 2.0]

iteration: 26, best:[5.87, 7.6, 10.35, 12.68, 15.43, 19.29, 28.22, 31.04, 35.66, 37.99, 45.33, 47.22, 50.37, 52.04]
time: [5.84, 7.58, 10.31, 12.89, 23.05, 30.36, 44.41, 47.25, 52.2, 1000, 1000, 1000, 1000, 1000]
v: [19.64, 12.0, 23.96, 21.33, 33.05, 23.28, 21.86, 24.31, 13.39, 12.0, 11.72, 12.98, 26.43, 14.98]
a: [123.77, 50.0, 120.56, 63.24, 199.13, 105.15, 22.02, 119.99, 107.03, 50.0, 180.12, 104.8, 39.34, 50.0]
d: [3.77, 3.5, 5.14, 3.5, 5.74, 5.15, 3.5, 4.48, 3.54, 3.5, 4.51, 3.84, 3.5, 2.0]

iteration: 27, best:[5.87, 7.6, 10.35, 12.68, 15.43, 19.29, 28.22, 31.04, 35.66, 37.99, 45.33, 47.22, 50.37, 52.04]
time: [5.83, 7.59, 10.32, 15.42, 1000, 1000, 1000, 1000, 1000, 1000, 1000, 1000, 1000, 1000]
v: [19.64, 12.0, 23.96, 26.22, 32.95, 12.44, 30.66, 30.51, 25.38, 24.97, 11.85, 24.25, 26.43, 15.97]
a: [123.77, 50.0, 120.56, 168.5, 164.36, 146.85, 93.32, 41.67, 121.34, 39.81, 50.0, 104.8, 39.34, 135.61]
d: [3.77, 3.5, 5.14, 3.5, 4.01, 5.15, 3.5, 4.48, 4.64, 3.5, 3.71, 3.5, 3.5, 2.0]

iteration: 28, best:[5.87, 7.6, 10.35, 12.68, 15.43, 19.29, 28.22, 31.04, 35.66, 37.99, 45.33, 47.22, 50.37, 52.04]
time: [5.86, 7.62, 10.4, 12.99, 18.52, 21.79, 30.27, 33.0, 37.24, 46.82, 53.15, 1000, 1000, 1000]
v: [19.64, 12.0, 23.96, 27.06, 26.2, 23.95, 32.53, 33.83, 19.49, 20.8, 32.41, 31.32, 30.89, 21.89]
a: [123.77, 50.0, 120.56, 63.24, 164.36, 178.34, 93.32, 119.99, 37.65, 128.8, 50.0, 104.8, 101.35, 24.14]
d: [3.77, 3.5, 5.14, 3.5, 4.01, 5.15, 5.95, 4.48, 4.49, 5.03, 3.5, 3.5, 3.5, 2.0]

iteration: 29, best:[5.87, 7.6, 10.35, 12.68, 15.43, 19.29, 28.22, 31.04, 35.66, 37.99, 45.33, 47.22, 50.37, 52.04]
time: [5.79, 7.54, 10.31, 12.95, 15.43, 19.98, 29.11, 1000, 1000, 1000, 1000, 1000, 1000, 1000]
v: [19.64, 12.0, 23.96, 21.33, 26.2, 21.01, 32.41, 24.31, 34.58, 22.91, 27.54, 17.37, 12.19, 24.68]
a: [123.77, 50.0, 120.56, 63.24, 164.36, 51.29, 124.43, 119.99, 61.77, 88.85, 186.6, 23.75, 107.03, 64.26]
d: [3.77, 3.5, 5.14, 3.5, 4.01, 3.63, 4.39, 4.48, 5.98, 3.83, 5.4, 3.5, 4.3, 2.0]

iteration: 30, best:[5.87, 7.6, 10.35, 12.68, 15.43, 19.29, 28.22, 31.04, 35.66, 37.99, 45.33, 47.22, 50.37, 52.04]
time: [5.79, 7.54, 10.3, 12.93, 18.45, 22.65, 41.18, 43.9, 1000, 1000, 1000, 1000, 1000, 1000]
v: [19.64, 12.0, 23.96, 21.33, 26.2, 17.67, 10.59, 34.39, 22.07, 26.41, 20.53, 24.25, 26.43, 12.0]
a: [123.77, 50.0, 120.56, 63.24, 164.36, 67.54, 129.68, 119.99, 118.04, 50.0, 50.0, 104.8, 39.34, 50.0]
d: [3.77, 3.5, 5.14, 3.5, 4.01, 5.15, 3.5, 4.45, 5.84, 3.5, 3.5, 3.5, 3.5, 2.0]

iteration: 31, best:[5.87, 7.6, 10.35, 12.68, 15.43, 19.29, 28.22, 31.04, 35.66, 37.99, 45.33, 47.22, 50.37, 52.04]
time: [5.84, 7.59, 10.35, 13.34, 19.77, 1000, 1000, 1000, 1000, 1000, 1000, 1000, 1000, 1000]
v: [19.64, 12.0, 23.96, 21.33, 33.05, 14.84, 30.66, 24.31, 22.49, 12.0, 34.75, 23.07, 16.19, 12.0]
a: [123.77, 50.0, 120.56, 63.24, 60.0, 146.85, 93.32, 119.99, 61.77, 50.0, 100.25, 104.8, 186.63, 50.0]
d: [3.77, 3.5, 5.14, 3.5, 5.97, 5.15, 3.5, 4.48, 5.84, 3.5, 3.5, 4.91, 3.5, 2.0]

iteration: 32, best:[5.87, 7.6, 10.35, 12.68, 15.43, 19.29, 28.22, 31.04, 35.66, 37.99, 45.33, 47.22, 50.37, 52.04]
time: [5.84, 7.57, 10.34, 13.56, 19.79, 1000, 1000, 1000, 1000, 1000, 1000, 1000, 1000, 1000]
v: [19.64, 12.0, 23.96, 23.65, 14.12, 14.84, 29.89, 18.0, 22.49, 26.43, 30.02, 34.77, 30.93, 12.0]
a: [123.77, 50.0, 120.56, 49.16, 185.32, 146.85, 115.09, 119.99, 61.77, 30.3, 75.21, 31.22, 81.13, 50.0]
d: [3.77, 3.5, 5.14, 3.5, 4.45, 5.15, 3.5, 4.48, 5.84, 3.5, 3.5, 5.11, 3.5, 2.0]

iteration: 33, best:[5.87, 7.6, 10.35, 12.68, 15.43, 19.29, 28.22, 31.04, 35.66, 37.99, 45.33, 47.22, 50.37, 52.04]
time: [5.84, 7.57, 10.45, 13.37, 19.46, 22.58, 33.93, 42.96, 1000, 1000, 1000, 1000, 1000, 1000]
v: [19.64, 12.0, 21.35, 21.33, 21.55, 16.67, 22.43, 24.31, 34.13, 12.0, 32.87, 24.25, 10.64, 12.0]
a: [123.77, 50.0, 120.56, 63.24, 83.63, 199.63, 65.77, 119.99, 27.1, 50.0, 162.07, 104.8, 112.95, 50.0]
d: [3.77, 3.5, 5.14, 3.5, 5.05, 5.15, 4.78, 4.48, 5.84, 3.5, 4.63, 3.5, 4.26, 2.0]

iteration: 34, best:[5.87, 7.6, 10.35, 12.68, 15.43, 19.29, 28.22, 31.04, 35.66, 37.99, 45.33, 47.22, 50.37, 52.04]
time: [5.84, 7.58, 10.37, 13.35, 30.55, 37.53, 46.59, 49.65, 51.19, 1000, 1000, 1000, 1000, 1000]
v: [19.64, 12.0, 23.96, 21.33, 20.51, 32.85, 31.89, 16.52, 13.45, 29.28, 20.53, 24.69, 26.43, 14.86]
a: [123.77, 50.0, 120.56, 63.24, 164.36, 111.02, 93.32, 119.99, 61.77, 92.26, 50.0, 99.73, 39.34, 50.0]
d: [3.77, 3.5, 5.14, 3.5, 4.97, 3.84, 5.26, 4.48, 5.84, 5.5, 3.5, 5.09, 3.5, 2.0]

iteration: 35, best:[5.87, 7.6, 10.35, 12.68, 15.43, 19.29, 28.22, 31.04, 35.66, 37.99, 45.33, 47.22, 50.37, 52.04]
time: [5.84, 7.57, 10.32, 1000, 1000, 1000, 1000, 1000, 1000, 1000, 1000, 1000, 1000, 1000]
v: [19.64, 12.0, 23.96, 26.94, 11.83, 14.84, 34.37, 19.01, 17.96, 18.74, 20.53, 23.12, 27.95, 19.65]
a: [123.77, 50.0, 120.56, 199.83, 164.36, 146.85, 92.96, 199.39, 61.77, 100.66, 50.0, 49.25, 117.51, 46.32]
d: [3.77, 3.5, 5.14, 3.5, 4.01, 5.15, 3.5, 5.25, 5.84, 3.5, 3.5, 3.5, 5.27, 2.0]

iteration: 36, best:[5.87, 7.6, 10.35, 12.68, 15.43, 19.29, 28.22, 31.04, 35.66, 37.99, 45.33, 47.22, 50.37, 52.04]
time: [5.84, 7.59, 10.3, 12.96, 18.87, 21.89, 31.41, 33.88, 43.54, 46.72, 1000, 1000, 1000, 1000]
v: [19.64, 12.0, 28.93, 18.14, 17.22, 25.37, 30.66, 34.42, 22.79, 29.71, 26.52, 22.01, 21.36, 10.97]
a: [123.77, 50.0, 107.61, 63.24, 111.25, 146.85, 93.32, 119.99, 198.07, 50.0, 50.0, 104.8, 39.34, 50.0]
d: [3.77, 3.5, 4.14, 5.34, 5.91, 3.75, 3.5, 4.48, 4.55, 3.5, 3.5, 3.99, 3.54, 2.0]

iteration: 37, best:[5.87, 7.6, 10.35, 12.68, 15.43, 19.29, 28.22, 31.04, 35.66, 37.99, 45.33, 47.22, 50.37, 52.04]
time: [5.84, 7.53, 10.25, 12.21, 1000, 1000, 1000, 1000, 1000, 1000, 1000, 1000, 1000, 1000]
v: [19.64, 10.81, 23.96, 33.33, 15.13, 27.28, 13.93, 34.49, 22.49, 12.0, 11.83, 12.44, 26.43, 12.0]
a: [123.77, 102.84, 120.56, 127.82, 191.11, 24.27, 65.34, 118.29, 61.77, 50.0, 83.3, 43.42, 39.34, 50.0]
d: [3.77, 3.5, 5.14, 3.5, 3.81, 3.55, 3.5, 4.48, 5.84, 3.5, 3.5, 3.5, 3.5, 2.0]

iteration: 38, best:[5.87, 7.6, 10.35, 12.21, 15.43, 19.29, 28.22, 31.04, 35.66, 37.99, 45.33, 47.22, 50.37, 52.04]
time: [5.85, 7.58, 10.32, 15.49, 1000, 1000, 1000, 1000, 1000, 1000, 1000, 1000, 1000, 1000]
v: [19.64, 12.0, 29.84, 33.33, 26.2, 19.77, 16.08, 34.62, 23.02, 29.4, 20.53, 12.7, 26.43, 12.0]
a: [123.77, 50.0, 105.5, 127.82, 164.36, 28.57, 137.04, 119.99, 128.96, 63.29, 50.0, 75.04, 39.34, 50.0]
d: [3.77, 3.5, 4.16, 3.5, 4.01, 5.15, 3.72, 4.48, 5.84, 3.5, 3.5, 3.5, 3.5, 2.0]

iteration: 39, best:[5.87, 7.6, 10.35, 12.21, 15.43, 19.29, 28.22, 31.04, 35.66, 37.99, 45.33, 47.22, 50.37, 52.04]
time: [5.83, 7.57, 10.32, 1000, 1000, 1000, 1000, 1000, 1000, 1000, 1000, 1000, 1000, 1000]
v: [19.64, 12.0, 23.96, 20.74, 13.8, 32.2, 30.66, 23.49, 22.49, 33.28, 20.53, 20.77, 26.43, 21.96]
a: [123.77, 50.0, 120.56, 132.05, 48.63, 158.46, 93.32, 40.81, 61.77, 58.9, 50.0, 104.8, 39.34, 175.28]
d: [3.77, 3.5, 5.14, 5.49, 4.44, 5.15, 3.5, 4.48, 5.84, 3.5, 3.5, 3.5, 3.5, 2.0]

iteration: 40, best:[5.87, 7.6, 10.35, 12.21, 15.43, 19.29, 28.22, 31.04, 35.66, 37.99, 45.33, 47.22, 50.37, 52.04]
time: [5.8, 7.54, 10.3, 12.76, 18.26, 22.51, 31.09, 39.02, 41.7, 44.01, 45.94, 47.86, 52.26, 1000]
v: [19.64, 12.0, 23.96, 14.61, 26.2, 14.84, 32.71, 17.57, 22.49, 12.0, 28.36, 24.25, 18.87, 15.6]
a: [123.77, 50.0, 120.56, 179.78, 164.36, 146.85, 146.53, 66.49, 61.77, 50.0, 50.0, 104.8, 22.3, 160.02]
d: [3.77, 3.5, 5.14, 3.5, 4.01, 5.15, 4.29, 3.93, 5.84, 3.5, 3.5, 3.5, 3.58, 2.0]

iteration: 41, best:[5.87, 7.6, 10.35, 12.21, 15.43, 19.29, 28.22, 31.04, 35.66, 37.99, 45.33, 47.22, 50.37, 52.04]
time: [5.83, 7.57, 10.34, 12.67, 18.07, 21.41, 32.28, 36.0, 37.88, 40.19, 49.16, 52.11, 1000, 1000]
v: [19.64, 12.0, 23.96, 33.33, 28.72, 23.76, 27.74, 34.07, 22.49, 12.0, 25.17, 16.94, 19.18, 26.25]
a: [123.77, 50.0, 120.56, 127.82, 196.02, 146.85, 53.79, 50.54, 61.77, 50.0, 49.95, 146.61, 145.92, 59.11]
d: [3.77, 3.5, 5.14, 3.5, 4.01, 5.15, 3.5, 5.0, 5.84, 3.5, 3.5, 5.48, 4.91, 2.0]

iteration: 42, best:[5.87, 7.6, 10.35, 12.21, 15.43, 19.29, 28.22, 31.04, 35.66, 37.99, 45.33, 47.22, 50.37, 52.04]
time: [5.85, 7.59, 10.36, 16.26, 18.91, 22.34, 30.38, 32.99, 1000, 1000, 1000, 1000, 1000, 1000]
v: [19.64, 12.0, 23.96, 27.27, 16.96, 27.15, 32.57, 24.31, 27.62, 18.83, 32.8, 28.81, 18.24, 12.0]
a: [123.77, 50.0, 120.56, 67.96, 195.03, 192.28, 144.44, 119.99, 61.77, 121.59, 50.0, 106.4, 157.57, 50.0]
d: [3.77, 3.5, 5.14, 3.5, 4.01, 5.15, 3.5, 4.48, 4.16, 5.22, 3.5, 5.39, 5.93, 2.0]

iteration: 43, best:[5.87, 7.6, 10.35, 12.21, 15.43, 19.29, 28.22, 31.04, 35.66, 37.99, 45.33, 47.22, 50.37, 52.04]
time: [5.83, 7.57, 10.33, 12.81, 18.08, 21.5, 33.04, 36.16, 37.92, 40.51, 1000, 1000, 1000, 1000]
v: [19.64, 12.0, 23.96, 21.79, 23.4, 17.97, 24.48, 28.08, 11.72, 12.0, 20.24, 24.25, 22.18, 23.19]
a: [123.77, 50.0, 120.56, 130.86, 167.52, 169.53, 48.75, 66.7, 140.82, 50.0, 20.99, 104.8, 184.7, 199.21]
d: [3.77, 3.5, 5.14, 3.5, 4.01, 5.15, 5.39, 4.75, 4.05, 3.5, 5.31, 3.5, 5.2, 2.0]

iteration: 44, best:[5.87, 7.6, 10.35, 12.21, 15.43, 19.29, 28.22, 31.04, 35.66, 37.99, 45.33, 47.22, 50.37, 52.04]
time: [5.81, 7.49, 10.3, 1000, 1000, 1000, 1000, 1000, 1000, 1000, 1000, 1000, 1000, 1000]
v: [26.97, 12.0, 23.96, 16.13, 19.74, 15.63, 30.66, 24.31, 33.5, 12.0, 12.61, 24.25, 22.74, 12.85]
a: [111.46, 50.0, 120.56, 127.82, 81.98, 146.85, 93.32, 119.99, 100.73, 50.0, 41.76, 104.8, 39.34, 50.0]
d: [3.77, 3.5, 5.14, 4.01, 5.09, 4.35, 3.5, 4.48, 5.53, 3.5, 3.5, 3.5, 3.5, 2.0]

iteration: 45, best:[5.87, 7.6, 10.35, 12.21, 15.43, 19.29, 28.22, 31.04, 35.66, 37.99, 45.33, 47.22, 50.37, 52.04]
time: [5.79, 7.54, 10.3, 12.87, 15.36, 22.6, 38.39, 41.56, 1000, 1000, 1000, 1000, 1000, 1000]
v: [19.64, 12.0, 23.96, 12.39, 26.2, 20.66, 30.66, 14.32, 22.49, 34.33, 10.5, 26.25, 22.04, 16.89]
a: [123.77, 50.0, 120.56, 194.05, 164.36, 171.62, 93.32, 88.06, 61.77, 69.91, 44.44, 44.03, 39.34, 44.08]
d: [3.77, 3.5, 5.14, 3.5, 4.01, 5.28, 3.5, 4.48, 5.84, 3.5, 3.6, 5.34, 5.62, 2.0]

iteration: 46, best:[5.87, 7.6, 10.35, 12.21, 15.43, 19.29, 28.22, 31.04, 35.66, 37.99, 45.33, 47.22, 50.37, 52.04]
time: [5.87, 7.66, 10.41, 13.12, 18.98, 42.31, 1000, 1000, 1000, 1000, 1000, 1000, 1000, 1000]
v: [19.64, 12.0, 23.96, 14.44, 16.15, 26.46, 22.97, 19.85, 15.71, 31.51, 34.67, 24.25, 22.51, 16.98]
a: [123.77, 50.0, 120.56, 131.89, 189.26, 182.44, 191.06, 198.92, 61.77, 90.01, 77.89, 104.8, 39.34, 50.0]
d: [3.77, 3.5, 5.14, 3.5, 4.01, 5.15, 3.75, 4.63, 4.04, 4.86, 3.5, 3.5, 4.94, 2.0]

iteration: 47, best:[5.87, 7.6, 10.35, 12.21, 15.43, 19.29, 28.22, 31.04, 35.66, 37.99, 45.33, 47.22, 50.37, 52.04]
time: [5.89, 7.63, 10.43, 13.74, 19.86, 22.9, 40.69, 46.41, 1000, 1000, 1000, 1000, 1000, 1000]
v: [19.64, 12.0, 23.96, 26.32, 13.09, 33.74, 12.46, 24.31, 19.06, 13.72, 30.43, 24.25, 23.09, 23.28]
a: [123.77, 50.0, 120.56, 48.08, 164.36, 146.85, 180.13, 119.99, 61.77, 146.26, 50.0, 104.8, 29.84, 104.98]
d: [3.77, 3.5, 5.14, 5.67, 4.01, 5.65, 3.5, 4.48, 5.84, 5.09, 3.5, 3.5, 4.3, 2.0]

iteration: 48, best:[5.87, 7.6, 10.35, 12.21, 15.43, 19.29, 28.22, 31.04, 35.66, 37.99, 45.33, 47.22, 50.37, 52.04]
time: [5.85, 7.6, 10.38, 12.87, 15.53, 18.99, 32.17, 35.43, 1000, 1000, 1000, 1000, 1000, 1000]
v: [19.64, 12.0, 23.96, 22.27, 14.25, 17.84, 16.7, 24.31, 15.47, 12.0, 17.58, 24.25, 26.3, 12.0]
a: [123.77, 50.0, 120.56, 127.82, 164.36, 161.71, 93.32, 119.99, 35.71, 50.0, 92.04, 104.8, 39.34, 50.0]
d: [3.77, 3.5, 5.14, 3.83, 4.28, 4.51, 3.5, 4.48, 4.26, 3.5, 5.63, 3.5, 3.5, 2.0]

iteration: 49, best:[5.87, 7.6, 10.35, 12.21, 15.43, 19.29, 28.22, 31.04, 35.66, 37.99, 45.33, 47.22, 50.37, 52.04]
time: [5.84, 7.59, 10.31, 12.83, 15.36, 19.16, 28.2, 31.02, 1000, 1000, 1000, 1000, 1000, 1000]
v: [19.64, 12.0, 23.96, 13.03, 22.91, 14.84, 34.32, 24.31, 26.95, 12.0, 20.53, 29.87, 15.0, 17.93]
a: [123.77, 50.0, 120.56, 196.83, 156.74, 146.85, 93.32, 119.99, 61.77, 50.0, 50.0, 104.8, 45.93, 182.88]
d: [3.77, 3.5, 5.14, 3.5, 4.01, 5.15, 5.53, 4.48, 5.84, 3.5, 3.5, 5.5, 4.41, 2.0]

iteration: 50, best:[5.87, 7.6, 10.35, 12.21, 15.43, 19.29, 28.22, 31.04, 35.66, 37.99, 45.33, 47.22, 50.37, 52.04]
time: [5.78, 7.51, 10.29, 12.54, 1000, 1000, 1000, 1000, 1000, 1000, 1000, 1000, 1000, 1000]
v: [19.64, 12.0, 23.96, 26.28, 34.83, 14.69, 11.73, 24.31, 23.93, 19.85, 13.76, 15.48, 28.01, 14.98]
a: [123.77, 50.0, 120.56, 99.22, 136.6, 110.91, 100.54, 119.99, 128.95, 50.0, 162.03, 104.8, 54.25, 50.0]
d: [3.77, 3.5, 5.14, 3.5, 5.14, 4.32, 5.59, 4.48, 5.8, 5.2, 3.5, 3.5, 4.18, 2.0]

iteration: 51, best:[5.87, 7.6, 10.35, 12.21, 15.43, 19.29, 28.22, 31.04, 35.66, 37.99, 45.33, 47.22, 50.37, 52.04]
time: [5.84, 7.58, 10.95, 16.03, 1000, 1000, 1000, 1000, 1000, 1000, 1000, 1000, 1000, 1000]
v: [19.64, 12.0, 27.63, 30.04, 26.2, 18.07, 14.56, 24.31, 33.21, 23.47, 20.01, 28.53, 16.77, 14.05]
a: [123.77, 50.0, 57.03, 148.52, 164.36, 146.85, 93.32, 119.99, 91.82, 99.85, 50.0, 66.66, 74.83, 50.0]
d: [3.77, 3.5, 5.14, 3.5, 4.01, 5.15, 3.5, 4.48, 4.71, 3.72, 4.95, 3.5, 3.69, 2.0]

iteration: 52, best:[5.87, 7.6, 10.35, 12.21, 15.43, 19.29, 28.22, 31.04, 35.66, 37.99, 45.33, 47.22, 50.37, 52.04]
time: [5.86, 7.66, 11.47, 14.43, 1000, 1000, 1000, 1000, 1000, 1000, 1000, 1000, 1000, 1000]
v: [19.64, 12.0, 30.93, 21.15, 26.2, 14.84, 30.66, 27.43, 12.34, 12.0, 23.09, 20.06, 20.52, 25.74]
a: [123.77, 50.0, 43.9, 66.49, 164.36, 146.85, 93.32, 25.68, 123.47, 50.0, 50.0, 104.8, 193.41, 50.0]
d: [3.77, 3.5, 5.14, 3.57, 4.01, 5.15, 3.5, 3.85, 5.4, 3.5, 3.5, 3.5, 3.5, 2.0]

iteration: 53, best:[5.87, 7.6, 10.35, 12.21, 15.43, 19.29, 28.22, 31.04, 35.66, 37.99, 45.33, 47.22, 50.37, 52.04]
time: [5.79, 7.55, 11.15, 13.46, 1000, 1000, 1000, 1000, 1000, 1000, 1000, 1000, 1000, 1000]
v: [19.64, 12.0, 12.06, 33.33, 31.15, 14.84, 30.66, 24.47, 11.19, 28.3, 20.53, 22.67, 26.43, 12.0]
a: [123.77, 50.0, 138.8, 127.82, 179.21, 146.85, 93.32, 43.43, 73.09, 20.7, 50.0, 174.67, 39.34, 50.0]
d: [3.77, 3.5, 5.14, 3.5, 4.01, 5.15, 3.5, 5.3, 4.03, 3.5, 3.5, 3.72, 3.5, 2.0]

iteration: 54, best:[5.87, 7.6, 10.35, 12.21, 15.43, 19.29, 28.22, 31.04, 35.66, 37.99, 45.33, 47.22, 50.37, 52.04]
time: [5.8, 7.54, 10.31, 20.31, 23.31, 28.9, 42.53, 48.54, 1000, 1000, 1000, 1000, 1000, 1000]
v: [19.64, 12.0, 23.96, 25.95, 26.2, 15.07, 20.93, 24.31, 22.49, 24.58, 31.12, 17.86, 25.95, 10.68]
a: [123.77, 50.0, 120.56, 94.21, 164.36, 38.94, 94.33, 119.99, 61.77, 50.0, 50.0, 118.93, 130.63, 100.84]
d: [3.77, 3.5, 5.14, 5.21, 4.01, 3.73, 3.5, 4.48, 5.84, 4.5, 4.85, 5.84, 5.61, 2.0]

iteration: 55, best:[5.87, 7.6, 10.35, 12.21, 15.43, 19.29, 28.22, 31.04, 35.66, 37.99, 45.33, 47.22, 50.37, 52.04]
time: [5.84, 7.57, 10.31, 15.64, 24.96, 31.11, 47.2, 50.44, 52.47, 1000, 1000, 1000, 1000, 1000]
v: [19.64, 12.0, 23.96, 20.53, 24.74, 30.84, 20.37, 20.79, 15.66, 33.9, 20.53, 12.35, 14.97, 12.0]
a: [123.77, 50.0, 120.56, 137.26, 108.02, 30.54, 44.71, 172.0, 85.1, 193.08, 50.0, 104.8, 198.63, 50.0]
d: [3.77, 3.5, 5.14, 3.5, 4.03, 5.15, 3.77, 4.95, 5.84, 3.72, 3.5, 3.5, 3.5, 2.0]

iteration: 56, best:[5.87, 7.6, 10.35, 12.21, 15.43, 19.29, 28.22, 31.04, 35.66, 37.99, 45.33, 47.22, 50.37, 52.04]
time: [5.89, 7.7, 10.42, 16.65, 27.14, 33.98, 1000, 1000, 1000, 1000, 1000, 1000, 1000, 1000]
v: [34.65, 12.0, 23.96, 27.28, 30.26, 19.02, 14.42, 19.13, 22.49, 12.0, 30.7, 22.57, 26.43, 21.32]
a: [82.18, 50.0, 120.56, 127.82, 106.31, 128.15, 93.32, 20.45, 61.77, 50.0, 34.7, 110.68, 39.34, 96.35]
d: [3.77, 3.5, 5.14, 4.64, 5.85, 4.58, 3.5, 4.79, 5.84, 3.5, 3.5, 3.5, 3.5, 2.0]

iteration: 57, best:[5.87, 7.6, 10.35, 12.21, 15.43, 19.29, 28.22, 31.04, 35.66, 37.99, 45.33, 47.22, 50.37, 52.04]
time: [5.8, 7.37, 10.8, 13.71, 19.27, 23.32, 36.53, 46.61, 49.48, 51.61, 53.07, 1000, 1000, 1000]
v: [19.64, 16.22, 11.69, 18.35, 33.67, 31.64, 21.32, 24.31, 22.49, 22.26, 20.53, 24.25, 29.67, 25.66]
a: [123.77, 129.95, 120.56, 81.09, 164.36, 65.83, 51.68, 119.99, 61.77, 50.75, 50.0, 104.8, 175.34, 50.0]
d: [3.77, 3.5, 5.24, 3.5, 4.59, 5.82, 5.31, 4.48, 5.84, 4.64, 3.5, 3.5, 5.36, 2.0]

iteration: 58, best:[5.87, 7.6, 10.35, 12.21, 15.43, 19.29, 28.22, 31.04, 35.66, 37.99, 45.33, 47.22, 50.37, 52.04]
time: [6.55, 8.97, 13.07, 16.5, 21.02, 23.76, 32.04, 38.34, 1000, 1000, 1000, 1000, 1000, 1000]
v: [30.25, 12.0, 19.07, 26.67, 20.58, 24.34, 31.95, 18.91, 22.49, 12.0, 20.41, 28.77, 30.12, 20.64]
a: [48.34, 50.0, 48.69, 40.45, 31.34, 100.0, 179.63, 139.92, 61.77, 50.0, 50.0, 104.8, 39.34, 50.0]
d: [3.77, 3.5, 4.69, 3.5, 4.01, 5.15, 3.5, 4.48, 5.84, 3.5, 4.97, 4.32, 5.81, 2.0]

iteration: 59, best:[5.87, 7.6, 10.35, 12.21, 15.43, 19.29, 28.22, 31.04, 35.66, 37.99, 45.33, 47.22, 50.37, 52.04]
time: [6.29, 7.74, 10.78, 13.95, 17.21, 20.89, 36.01, 41.94, 44.91, 47.24, 49.2, 1000, 1000, 1000]
v: [10.83, 31.3, 21.58, 29.49, 27.05, 15.62, 15.68, 29.05, 29.5, 12.0, 18.51, 23.56, 26.43, 26.58]
a: [123.77, 122.02, 30.07, 59.39, 49.92, 83.04, 54.78, 119.99, 61.77, 50.0, 56.68, 100.83, 39.34, 50.0]
d: [4.83, 5.51, 5.52, 5.93, 4.06, 5.15, 3.5, 3.95, 5.84, 3.5, 3.5, 3.5, 3.5, 2.0]

iteration: 60, best:[5.87, 7.6, 10.35, 12.21, 15.43, 19.29, 28.22, 31.04, 35.66, 37.99, 45.33, 47.22, 50.37, 52.04]
time: [5.72, 7.32, 11.36, 16.69, 21.82, 29.76, 43.06, 48.92, 1000, 1000, 1000, 1000, 1000, 1000]
v: [34.09, 11.33, 27.33, 33.33, 26.2, 14.84, 18.59, 18.56, 22.49, 12.0, 21.43, 25.35, 34.96, 12.0]
a: [123.77, 82.78, 33.18, 127.82, 164.36, 146.85, 47.94, 141.83, 61.77, 50.0, 50.0, 104.8, 148.05, 50.0]
d: [3.77, 3.5, 5.14, 3.5, 4.01, 5.15, 5.58, 5.17, 5.84, 3.5, 3.5, 3.5, 3.92, 2.0]

iteration: 61, best:[5.87, 7.6, 10.35, 12.21, 15.43, 19.29, 28.22, 31.04, 35.66, 37.99, 45.33, 47.22, 50.37, 52.04]
time: [5.84, 7.57, 10.16, 15.15, 21.0, 24.25, 33.73, 1000, 1000, 1000, 1000, 1000, 1000, 1000]
v: [19.64, 12.0, 32.63, 33.33, 19.45, 32.92, 30.66, 27.8, 34.42, 12.0, 20.53, 34.95, 25.6, 23.39]
a: [123.77, 50.0, 120.56, 127.82, 140.21, 84.28, 93.32, 43.14, 32.36, 50.0, 50.0, 47.39, 87.68, 178.67]
d: [3.77, 3.5, 5.66, 3.5, 4.01, 3.65, 3.5, 4.27, 5.84, 3.5, 3.5, 3.5, 5.75, 2.0]

iteration: 62, best:[5.87, 7.6, 10.35, 12.21, 15.43, 19.29, 28.22, 31.04, 35.66, 37.99, 45.33, 47.22, 50.37, 52.04]
time: [5.83, 7.58, 10.31, 15.57, 34.32, 37.23, 46.09, 56.34, 1000, 1000, 1000, 1000, 1000, 1000]
v: [19.64, 12.0, 23.96, 21.77, 21.56, 27.0, 30.66, 30.48, 11.47, 26.37, 28.04, 23.1, 27.9, 28.9]
a: [123.77, 50.0, 120.56, 127.82, 99.85, 146.85, 93.32, 119.99, 53.68, 199.22, 50.0, 196.99, 39.34, 180.11]
d: [3.77, 3.5, 5.14, 3.5, 4.94, 5.31, 3.5, 4.82, 5.6, 5.09, 5.21, 3.5, 3.5, 2.0]

iteration: 63, best:[5.87, 7.6, 10.35, 12.21, 15.43, 19.29, 28.22, 31.04, 35.66, 37.99, 45.33, 47.22, 50.37, 52.04]
time: [5.84, 7.59, 10.32, 12.88, 1000, 1000, 1000, 1000, 1000, 1000, 1000, 1000, 1000, 1000]
v: [19.64, 12.0, 23.96, 22.8, 11.55, 19.98, 30.66, 13.9, 23.83, 23.77, 20.53, 33.75, 27.23, 19.39]
a: [123.77, 50.0, 120.56, 66.51, 20.08, 146.85, 93.32, 105.9, 109.35, 50.0, 50.0, 104.8, 39.34, 50.0]
d: [3.77, 3.5, 5.14, 3.5, 4.65, 5.94, 3.5, 4.48, 4.26, 3.5, 3.5, 3.5, 4.51, 2.0]

iteration: 64, best:[5.87, 7.6, 10.35, 12.21, 15.43, 19.29, 28.22, 31.04, 35.66, 37.99, 45.33, 47.22, 50.37, 52.04]
time: [5.96, 7.88, 10.8, 12.83, 18.23, 22.86, 32.97, 36.0, 37.5, 39.29, 1000, 1000, 1000, 1000]
v: [26.17, 12.0, 23.96, 33.33, 28.78, 12.72, 30.66, 18.24, 19.91, 17.24, 20.53, 20.94, 26.43, 11.29]
a: [88.68, 50.0, 120.56, 127.82, 147.86, 78.31, 93.32, 71.93, 142.87, 50.0, 50.0, 104.8, 39.34, 50.0]
d: [5.86, 3.5, 5.14, 3.5, 4.01, 5.15, 3.5, 4.48, 4.4, 3.5, 3.5, 3.5, 3.5, 2.0]

iteration: 65, best:[5.87, 7.6, 10.35, 12.21, 15.43, 19.29, 28.22, 31.04, 35.66, 37.99, 45.33, 47.22, 50.37, 52.04]
time: [5.85, 7.6, 11.07, 1000, 1000, 1000, 1000, 1000, 1000, 1000, 1000, 1000, 1000, 1000]
v: [19.64, 12.0, 24.9, 33.33, 23.16, 24.11, 12.91, 22.22, 22.49, 34.18, 26.32, 21.48, 26.43, 15.51]
a: [123.77, 50.0, 53.67, 127.82, 69.46, 198.55, 93.32, 119.99, 61.77, 67.29, 125.88, 104.8, 39.34, 117.24]
d: [3.77, 3.5, 5.91, 3.5, 3.62, 5.17, 5.76, 4.48, 5.84, 3.5, 3.57, 4.79, 3.5, 2.0]

iteration: 66, best:[5.87, 7.6, 10.35, 12.21, 15.43, 19.29, 28.22, 31.04, 35.66, 37.99, 45.33, 47.22, 50.37, 52.04]
time: [5.84, 7.58, 10.33, 12.26, 14.88, 22.13, 1000, 1000, 1000, 1000, 1000, 1000, 1000, 1000]
v: [19.64, 12.0, 24.38, 33.33, 24.3, 14.84, 13.52, 20.0, 23.3, 19.18, 18.8, 24.25, 12.78, 14.35]
a: [123.77, 50.0, 115.57, 127.82, 70.17, 146.85, 20.85, 173.06, 61.77, 44.6, 91.83, 104.8, 142.69, 176.4]
d: [3.77, 3.5, 5.98, 3.5, 3.61, 5.15, 4.24, 5.8, 5.84, 5.37, 3.5, 3.5, 6.0, 2.0]

iteration: 67, best:[5.87, 7.6, 10.35, 12.21, 14.88, 19.29, 28.22, 31.04, 35.66, 37.99, 45.33, 47.22, 50.37, 52.04]
time: [5.88, 7.61, 10.38, 16.18, 1000, 1000, 1000, 1000, 1000, 1000, 1000, 1000, 1000, 1000]
v: [19.64, 12.0, 23.96, 27.01, 24.3, 22.32, 14.96, 30.07, 16.59, 12.0, 21.93, 24.25, 21.96, 29.4]
a: [123.77, 50.0, 120.56, 150.01, 70.17, 146.85, 136.98, 196.4, 121.1, 50.0, 183.72, 104.8, 39.34, 131.58]
d: [3.77, 3.5, 5.14, 4.25, 3.61, 5.15, 4.42, 4.48, 5.84, 3.5, 3.5, 3.5, 3.5, 2.0]

iteration: 68, best:[5.87, 7.6, 10.35, 12.21, 14.88, 19.29, 28.22, 31.04, 35.66, 37.99, 45.33, 47.22, 50.37, 52.04]
time: [5.78, 7.52, 10.28, 15.67, 23.65, 27.24, 36.72, 39.85, 44.42, 46.52, 1000, 1000, 1000, 1000]
v: [19.64, 12.0, 23.96, 27.94, 30.81, 14.84, 30.66, 24.31, 23.74, 28.83, 34.96, 24.25, 19.54, 29.22]
a: [123.77, 50.0, 120.56, 196.27, 70.17, 146.85, 93.32, 119.99, 61.77, 50.0, 50.0, 104.8, 35.15, 50.0]
d: [3.77, 3.5, 5.14, 4.59, 4.74, 5.15, 3.5, 4.48, 5.84, 5.76, 3.5, 3.5, 3.5, 2.0]

iteration: 69, best:[5.87, 7.6, 10.35, 12.21, 14.88, 19.29, 28.22, 31.04, 35.66, 37.99, 45.33, 47.22, 50.37, 52.04]
time: [5.84, 7.47, 10.12, 15.2, 17.92, 21.19, 30.22, 33.01, 34.29, 36.69, 38.19, 40.42, 43.75, 45.57]
v: [19.64, 19.29, 23.96, 27.99, 24.3, 17.78, 30.66, 20.82, 30.25, 27.83, 20.53, 24.25, 26.43, 24.57]
a: [123.77, 63.28, 120.56, 150.8, 70.17, 199.08, 93.32, 159.33, 61.77, 50.0, 50.0, 104.8, 39.34, 50.0]
d: [3.77, 5.91, 5.14, 3.5, 3.61, 3.89, 3.5, 3.73, 3.88, 3.5, 3.5, 3.5, 3.5, 2.0]

iteration: 70, best:[5.84, 7.47, 10.12, 12.21, 14.88, 19.29, 28.22, 31.04, 34.29, 36.69, 38.19, 40.42, 43.75, 45.57]
time: [5.84, 7.47, 10.11, 12.19, 14.91, 18.06, 27.0, 30.05, 32.21, 34.98, 37.02, 39.0, 42.24, 43.83]
v: [19.64, 19.29, 23.96, 27.99, 24.3, 20.97, 30.66, 20.82, 30.25, 27.83, 20.53, 24.25, 26.43, 24.57]
a: [123.77, 63.28, 120.56, 150.8, 70.17, 185.92, 93.32, 159.33, 61.77, 50.0, 50.0, 104.8, 39.34, 50.0]
d: [3.77, 5.91, 5.14, 3.5, 3.61, 3.89, 3.5, 3.73, 3.88, 3.5, 3.5, 3.5, 3.5, 2.0]

iteration: 71, best:[5.84, 7.47, 10.11, 12.19, 14.88, 18.06, 27.0, 30.05, 32.21, 34.98, 37.02, 39.0, 42.24, 43.83]
time: [5.78, 7.42, 10.06, 15.16, 17.89, 21.02, 29.97, 33.11, 34.94, 37.38, 39.33, 41.05, 1000, 1000]
v: [19.64, 19.29, 23.96, 27.99, 24.3, 20.97, 30.66, 20.82, 30.25, 27.83, 20.53, 24.25, 14.26, 24.57]
a: [123.77, 63.28, 120.56, 150.8, 70.17, 185.92, 93.32, 159.33, 61.77, 50.0, 50.0, 104.8, 39.34, 50.0]
d: [3.77, 5.91, 5.14, 3.5, 3.61, 3.89, 3.5, 3.73, 3.88, 3.5, 3.5, 3.5, 3.5, 2.0]

iteration: 72, best:[5.84, 7.47, 10.11, 12.19, 14.88, 18.06, 27.0, 30.05, 32.21, 34.98, 37.02, 39.0, 42.24, 43.83]
time: [5.8, 7.43, 10.09, 1000, 1000, 1000, 1000, 1000, 1000, 1000, 1000, 1000, 1000, 1000]
v: [19.64, 19.29, 23.96, 16.94, 31.83, 17.05, 30.66, 20.82, 10.73, 33.58, 13.58, 26.22, 13.03, 34.66]
a: [123.77, 63.28, 120.56, 21.23, 138.47, 185.92, 93.32, 159.33, 40.99, 40.61, 53.45, 177.4, 39.34, 121.86]
d: [3.77, 5.91, 5.14, 3.5, 3.61, 3.89, 3.5, 3.73, 4.0, 4.28, 3.5, 3.5, 5.84, 2.0]

iteration: 73, best:[5.84, 7.47, 10.11, 12.19, 14.88, 18.06, 27.0, 30.05, 32.21, 34.98, 37.02, 39.0, 42.24, 43.83]
time: [5.83, 7.46, 13.11, 18.2, 24.09, 39.84, 1000, 1000, 1000, 1000, 1000, 1000, 1000, 1000]
v: [19.64, 19.29, 23.96, 27.99, 19.16, 19.36, 30.89, 18.02, 29.77, 24.05, 19.53, 20.74, 18.35, 12.88]
a: [123.77, 63.28, 120.56, 150.8, 79.06, 70.79, 35.93, 159.33, 20.24, 50.0, 180.24, 99.72, 39.34, 50.0]
d: [3.77, 5.91, 5.14, 3.5, 5.62, 3.89, 3.5, 4.17, 3.57, 4.31, 4.29, 3.5, 4.32, 2.0]

iteration: 74, best:[5.84, 7.47, 10.11, 12.19, 14.88, 18.06, 27.0, 30.05, 32.21, 34.98, 37.02, 39.0, 42.24, 43.83]
time: [5.9, 7.64, 11.3, 16.57, 1000, 1000, 1000, 1000, 1000, 1000, 1000, 1000, 1000, 1000]
v: [17.94, 19.29, 32.6, 27.99, 24.66, 20.97, 29.57, 29.77, 15.53, 11.91, 13.45, 14.34, 26.43, 24.57]
a: [98.99, 63.28, 43.78, 150.8, 173.74, 185.92, 140.74, 167.83, 194.73, 134.22, 118.98, 104.8, 39.34, 50.0]
d: [3.77, 5.91, 5.14, 3.5, 3.61, 3.89, 3.58, 3.73, 4.48, 4.3, 3.62, 4.62, 3.5, 2.0]

iteration: 75, best:[5.84, 7.47, 10.11, 12.19, 14.88, 18.06, 27.0, 30.05, 32.21, 34.98, 37.02, 39.0, 42.24, 43.83]
time: [5.86, 7.5, 10.15, 20.15, 23.64, 27.64, 36.39, 42.95, 1000, 1000, 1000, 1000, 1000, 1000]
v: [19.64, 19.29, 23.76, 13.01, 16.35, 28.74, 30.75, 20.82, 17.4, 12.15, 28.59, 26.95, 32.29, 31.22]
a: [123.77, 63.28, 120.56, 148.43, 95.26, 61.99, 182.48, 159.33, 97.05, 50.0, 50.0, 104.8, 80.74, 53.58]
d: [3.77, 5.91, 5.5, 3.5, 4.51, 4.61, 4.57, 3.73, 3.88, 5.45, 3.5, 5.13, 3.5, 2.0]

iteration: 76, best:[5.84, 7.47, 10.11, 12.19, 14.88, 18.06, 27.0, 30.05, 32.21, 34.98, 37.02, 39.0, 42.24, 43.83]
time: [5.83, 7.46, 13.1, 1000, 1000, 1000, 1000, 1000, 1000, 1000, 1000, 1000, 1000, 1000]
v: [19.64, 19.29, 23.96, 17.2, 15.48, 32.68, 30.66, 31.26, 30.25, 30.67, 20.53, 28.81, 26.43, 29.68]
a: [123.77, 63.28, 120.56, 160.37, 75.45, 193.67, 93.32, 45.57, 61.77, 50.0, 50.0, 52.55, 39.34, 166.65]
d: [3.77, 5.91, 5.14, 4.53, 3.61, 5.14, 3.5, 3.55, 3.88, 4.72, 3.5, 3.63, 3.5, 2.0]

iteration: 77, best:[5.84, 7.47, 10.11, 12.19, 14.88, 18.06, 27.0, 30.05, 32.21, 34.98, 37.02, 39.0, 42.24, 43.83]
time: [5.84, 7.5, 10.8, 13.79, 20.12, 24.16, 35.26, 1000, 1000, 1000, 1000, 1000, 1000, 1000]
v: [19.64, 19.29, 13.58, 15.08, 17.27, 17.05, 25.37, 12.29, 26.04, 27.83, 20.53, 33.45, 23.08, 24.57]
a: [123.77, 63.28, 120.56, 71.76, 70.17, 64.97, 93.32, 35.08, 183.39, 50.0, 50.0, 104.8, 39.34, 50.0]
d: [3.77, 5.91, 4.54, 5.88, 4.35, 3.56, 4.55, 5.34, 3.88, 3.5, 3.5, 3.5, 3.5, 2.0]

iteration: 78, best:[5.84, 7.47, 10.11, 12.19, 14.88, 18.06, 27.0, 30.05, 32.21, 34.98, 37.02, 39.0, 42.24, 43.83]
time: [5.83, 7.46, 13.1, 1000, 1000, 1000, 1000, 1000, 1000, 1000, 1000, 1000, 1000, 1000]
v: [19.64, 19.29, 23.96, 21.73, 16.3, 25.1, 21.41, 26.68, 34.71, 27.83, 20.53, 24.25, 26.43, 18.59]
a: [123.77, 63.28, 120.56, 166.97, 44.64, 168.16, 81.88, 159.33, 147.35, 50.0, 50.0, 104.8, 39.34, 147.34]
d: [3.77, 5.91, 5.14, 4.72, 3.61, 3.84, 3.5, 5.97, 3.88, 3.5, 3.5, 3.5, 3.5, 2.0]

iteration: 79, best:[5.84, 7.47, 10.11, 12.19, 14.88, 18.06, 27.0, 30.05, 32.21, 34.98, 37.02, 39.0, 42.24, 43.83]
time: [5.86, 1000, 1000, 1000, 1000, 1000, 1000, 1000, 1000, 1000, 1000, 1000, 1000, 1000]
v: [19.64, 19.29, 13.55, 33.11, 21.79, 12.19, 21.06, 20.82, 28.77, 32.25, 20.53, 23.74, 17.62, 21.68]
a: [123.77, 63.28, 120.56, 150.8, 70.17, 128.92, 50.06, 159.33, 61.77, 64.88, 50.0, 177.87, 39.34, 151.5]
d: [3.77, 5.91, 4.06, 4.91, 5.74, 3.89, 3.5, 3.73, 3.88, 3.5, 3.5, 3.84, 5.49, 2.0]

iteration: 80, best:[5.84, 7.47, 10.11, 12.19, 14.88, 18.06, 27.0, 30.05, 32.21, 34.98, 37.02, 39.0, 42.24, 43.83]
time: [5.83, 7.47, 10.1, 12.16, 17.98, 22.0, 38.35, 43.76, 1000, 1000, 1000, 1000, 1000, 1000]
v: [20.95, 28.8, 23.96, 27.99, 11.13, 32.26, 25.88, 32.17, 19.35, 30.7, 20.53, 22.48, 23.02, 12.11]
a: [102.23, 63.28, 120.56, 150.8, 117.47, 43.25, 22.38, 27.5, 28.38, 147.99, 50.0, 94.62, 39.34, 144.78]
d: [3.77, 5.91, 5.14, 3.5, 5.0, 3.89, 4.29, 3.73, 4.77, 5.34, 3.5, 3.5, 3.5, 2.0]

iteration: 81, best:[5.84, 7.47, 10.11, 12.19, 14.88, 18.06, 27.0, 30.05, 32.21, 34.98, 37.02, 39.0, 42.24, 43.83]
time: [5.84, 7.47, 13.1, 18.19, 1000, 1000, 1000, 1000, 1000, 1000, 1000, 1000, 1000, 1000]
v: [19.64, 19.29, 23.96, 27.99, 30.69, 24.96, 27.24, 30.28, 30.25, 27.4, 22.07, 24.25, 34.42, 24.57]
a: [123.77, 63.28, 120.56, 150.8, 70.17, 36.99, 172.57, 112.51, 61.77, 112.15, 41.88, 104.8, 48.81, 50.0]
d: [3.77, 5.91, 5.14, 3.5, 5.69, 3.84, 3.5, 3.73, 3.88, 4.4, 5.94, 3.5, 5.55, 2.0]

iteration: 82, best:[5.84, 7.47, 10.11, 12.19, 14.88, 18.06, 27.0, 30.05, 32.21, 34.98, 37.02, 39.0, 42.24, 43.83]
time: [5.87, 7.47, 13.03, 15.96, 22.5, 25.31, 35.97, 42.96, 45.06, 1000, 1000, 1000, 1000, 1000]
v: [19.64, 19.29, 26.56, 16.43, 12.8, 23.1, 21.87, 15.89, 30.25, 12.83, 19.25, 19.29, 26.43, 30.94]
a: [123.77, 63.28, 116.76, 53.11, 92.72, 97.85, 149.3, 74.24, 61.77, 50.0, 83.76, 49.0, 39.34, 78.79]
d: [3.77, 5.91, 5.14, 3.5, 4.17, 4.12, 4.47, 4.21, 3.88, 3.5, 3.57, 3.5, 3.5, 2.0]

iteration: 83, best:[5.84, 7.47, 10.11, 12.19, 14.88, 18.06, 27.0, 30.05, 32.21, 34.98, 37.02, 39.0, 42.24, 43.83]
time: [5.86, 7.46, 9.9, 12.22, 15.06, 18.63, 28.38, 30.98, 40.83, 44.48, 45.61, 1000, 1000, 1000]
v: [19.64, 19.29, 26.32, 20.21, 21.33, 29.64, 30.91, 30.31, 30.25, 27.83, 20.53, 25.05, 31.85, 24.57]
a: [123.77, 63.28, 144.83, 150.8, 70.17, 77.89, 93.32, 117.05, 61.77, 50.0, 50.0, 110.37, 39.34, 50.0]
d: [3.77, 5.91, 5.14, 3.5, 3.9, 5.52, 5.29, 3.73, 3.88, 3.5, 3.5, 4.24, 3.85, 2.0]

iteration: 84, best:[5.84, 7.47, 10.11, 12.19, 14.88, 18.06, 27.0, 30.05, 32.21, 34.98, 37.02, 39.0, 42.24, 43.83]
time: [5.84, 7.47, 10.09, 15.18, 17.9, 22.15, 36.88, 39.9, 1000, 1000, 1000, 1000, 1000, 1000]
v: [19.64, 19.29, 23.96, 27.99, 24.3, 29.02, 18.14, 33.22, 22.06, 27.83, 25.51, 22.45, 24.12, 24.57]
a: [123.77, 63.28, 120.56, 150.8, 70.17, 53.75, 53.29, 118.41, 83.23, 50.0, 192.23, 104.8, 118.62, 50.0]
d: [3.77, 5.91, 5.14, 3.5, 3.61, 3.89, 3.5, 3.83, 4.15, 3.5, 3.5, 3.5, 3.5, 2.0]

iteration: 85, best:[5.84, 7.47, 10.11, 12.19, 14.88, 18.06, 27.0, 30.05, 32.21, 34.98, 37.02, 39.0, 42.24, 43.83]
time: [5.85, 7.47, 10.1, 15.2, 1000, 1000, 1000, 1000, 1000, 1000, 1000, 1000, 1000, 1000]
v: [19.64, 19.29, 23.96, 27.99, 27.12, 20.97, 23.78, 20.82, 24.37, 15.18, 20.53, 27.38, 20.64, 24.81]
a: [123.77, 63.28, 120.56, 150.8, 191.59, 185.92, 171.12, 159.33, 61.77, 68.03, 50.0, 60.62, 33.64, 186.46]
d: [3.77, 5.91, 5.14, 3.5, 3.83, 3.89, 3.5, 3.73, 5.27, 3.5, 3.5, 3.5, 3.5, 2.0]

iteration: 86, best:[5.84, 7.47, 10.11, 12.19, 14.88, 18.06, 27.0, 30.05, 32.21, 34.98, 37.02, 39.0, 42.24, 43.83]
time: [5.8, 7.43, 10.09, 12.14, 17.81, 20.84, 35.34, 38.73, 40.53, 42.77, 44.41, 1000, 1000, 1000]
v: [19.64, 19.29, 23.96, 32.22, 31.91, 29.7, 30.87, 30.2, 30.25, 22.16, 19.17, 16.91, 32.23, 19.74]
a: [123.77, 63.28, 120.56, 150.8, 102.66, 185.92, 37.3, 54.0, 61.77, 50.0, 50.0, 25.91, 114.82, 62.37]
d: [3.77, 5.91, 5.14, 3.5, 3.61, 4.47, 5.42, 3.73, 3.88, 4.42, 3.5, 3.5, 3.74, 2.0]

iteration: 87, best:[5.84, 7.47, 10.11, 12.19, 14.88, 18.06, 27.0, 30.05, 32.21, 34.98, 37.02, 39.0, 42.24, 43.83]
time: [5.84, 7.47, 10.1, 12.18, 15.24, 18.02, 27.04, 33.0, 1000, 1000, 1000, 1000, 1000, 1000]
v: [19.64, 19.29, 23.96, 27.99, 10.7, 20.97, 28.96, 34.3, 19.04, 27.83, 15.98, 24.25, 15.0, 19.89]
a: [123.77, 63.28, 120.56, 150.8, 70.17, 185.92, 115.41, 153.58, 61.77, 50.0, 177.21, 104.8, 101.82, 176.72]
d: [3.77, 5.91, 5.14, 3.5, 4.87, 3.89, 3.5, 3.51, 5.05, 3.5, 4.88, 3.5, 3.5, 2.0]

iteration: 88, best:[5.84, 7.47, 10.11, 12.19, 14.88, 18.06, 27.0, 30.05, 32.21, 34.98, 37.02, 39.0, 42.24, 43.83]
time: [5.85, 7.46, 13.11, 15.18, 17.88, 20.99, 29.9, 32.46, 33.75, 36.29, 38.25, 40.23, 43.19, 45.67]
v: [19.64, 19.29, 23.96, 27.99, 24.3, 26.11, 30.66, 20.82, 30.25, 30.91, 11.57, 25.31, 15.9, 29.34]
a: [123.77, 63.28, 120.56, 150.8, 70.17, 185.92, 93.32, 159.33, 61.77, 43.64, 35.57, 87.22, 39.34, 25.2]
d: [3.77, 5.91, 5.14, 3.5, 3.61, 3.89, 3.5, 3.73, 3.88, 3.59, 3.5, 3.5, 3.5, 2.0]

