iteration: 1, best:[1000.0, 1000.0, 1000.0, 1000.0, 1000.0, 1000.0, 1000.0, 1000.0, 1000.0, 1000.0, 1000.0, 1000.0, 1000.0, 1000.0]
time: [6.69, 9.18, 13.71, 17.58, 21.47, 25.74, 46.06, 50.18, 52.36, 55.0, 56.81, 59.92, 65.79, 67.78]
v: [12.0, 12.0, 12.0, 12.0, 12.0, 12.0, 12.0, 12.0, 12.0, 12.0, 12.0, 12.0, 12.0, 12.0]
a: [50.0, 50.0, 50.0, 50.0, 50.0, 50.0, 50.0, 50.0, 50.0, 50.0, 50.0, 50.0, 50.0, 50.0]
d: [3.5, 3.5, 3.5, 3.5, 3.5, 3.5, 3.5, 3.5, 3.5, 3.5, 3.5, 3.5, 3.5, 2.0]

iteration: 2, best:[6.69, 9.18, 13.71, 17.58, 21.47, 25.74, 46.06, 50.18, 52.36, 55.0, 56.81, 59.92, 65.79, 67.78]
time: [6.7, 9.17, 13.58, 17.5, 27.63, 31.54, 51.8, 56.68, 58.92, 61.55, 63.43, 1000, 1000, 1000]
v: [12.0, 12.0, 12.0, 12.0, 12.0, 12.0, 12.0, 12.0, 12.0, 12.0, 12.0, 28.5, 12.0, 12.0]
a: [50.0, 50.0, 50.0, 50.0, 50.0, 50.0, 50.0, 50.0, 50.0, 50.0, 50.0, 105.39, 50.0, 50.0]
d: [3.5, 3.5, 3.5, 3.5, 3.5, 3.5, 3.5, 3.5, 3.5, 3.5, 3.5, 4.79, 3.5, 2.0]

iteration: 3, best:[6.69, 9.18, 13.71, 17.58, 21.47, 25.74, 46.06, 50.18, 52.36, 55.0, 56.81, 59.92, 65.79, 67.78]
time: [6.71, 9.17, 13.56, 17.47, 21.57, 24.35, 38.13, 49.7, 69.15, 1000, 1000, 1000, 1000, 1000]
v: [12.0, 12.0, 12.0, 12.0, 12.0, 25.23, 15.23, 12.0, 12.0, 12.0, 24.24, 14.03, 22.03, 14.45]
a: [50.0, 50.0, 50.0, 50.0, 50.0, 90.13, 133.61, 50.0, 50.0, 50.0, 98.29, 175.31, 127.7, 50.0]
d: [3.5, 3.5, 3.5, 3.5, 3.5, 4.05, 3.5, 3.5, 3.5, 3.5, 4.26, 5.57, 3.5, 2.0]

mutation at idx = 1
mutation at idx = 2
iteration: 4, best:[6.69, 9.18, 13.71, 17.58, 21.47, 24.35, 38.13, 49.7, 52.36, 55.0, 56.81, 59.92, 65.79, 67.78]
time: [6.67, 8.31, 11.16, 14.49, 18.5, 21.55, 37.12, 48.78, 51.93, 54.4, 1000, 1000, 1000, 1000]
v: [12.0, 23.94, 15.55, 12.0, 12.0, 25.23, 15.23, 12.0, 12.0, 20.37, 32.75, 12.0, 19.66, 30.7]
a: [50.0, 124.69, 140.84, 50.0, 50.0, 90.13, 133.61, 50.0, 50.0, 50.0, 157.04, 50.0, 27.15, 143.22]
d: [3.5, 3.5, 3.5, 3.5, 3.5, 4.05, 3.5, 3.5, 3.5, 3.5, 5.67, 3.5, 3.5, 2.0]

iteration: 5, best:[6.69, 8.31, 11.16, 14.49, 18.5, 21.55, 37.12, 48.78, 51.93, 54.4, 56.81, 59.92, 65.79, 67.78]
time: [6.68, 8.3, 11.14, 14.49, 18.61, 21.89, 42.13, 50.01, 52.94, 55.34, 1000, 1000, 1000, 1000]
v: [12.0, 23.94, 15.55, 12.0, 12.0, 25.23, 15.23, 12.0, 12.0, 20.37, 32.72, 12.0, 12.0, 18.58]
a: [50.0, 124.69, 140.84, 50.0, 50.0, 90.13, 133.61, 50.0, 50.0, 50.0, 139.45, 50.0, 50.0, 186.4]
d: [3.5, 3.5, 3.5, 3.5, 3.5, 4.05, 3.5, 3.5, 3.5, 3.5, 3.5, 3.5, 3.5, 2.0]

iteration: 6, best:[6.69, 8.31, 11.16, 14.49, 18.5, 21.55, 37.12, 48.78, 51.93, 54.4, 56.81, 59.92, 65.79, 67.78]
time: [6.68, 8.3, 11.09, 14.09, 21.06, 25.3, 44.39, 47.06, 1000, 1000, 1000, 1000, 1000, 1000]
v: [12.0, 23.94, 15.55, 12.0, 12.0, 25.28, 14.14, 21.86, 33.94, 14.63, 23.9, 15.19, 12.0, 30.59]
a: [50.0, 124.69, 140.84, 50.0, 50.0, 38.33, 67.17, 150.62, 177.35, 82.7, 176.95, 55.78, 50.0, 64.54]
d: [3.5, 3.5, 3.5, 3.5, 3.5, 5.14, 5.39, 3.5, 3.5, 4.67, 4.29, 5.84, 3.5, 2.0]

mutation at idx = 1
iteration: 7, best:[6.69, 8.31, 11.16, 14.09, 18.5, 21.55, 37.12, 48.78, 51.93, 54.4, 56.81, 59.92, 65.79, 67.78]
time: [6.69, 8.48, 11.44, 15.02, 18.99, 22.14, 36.28, 39.72, 41.27, 43.57, 52.25, 67.08, 1000, 1000]
v: [12.0, 17.29, 15.55, 12.0, 12.0, 13.45, 15.23, 34.8, 14.43, 22.06, 14.34, 12.0, 31.09, 34.7]
a: [50.0, 124.69, 140.84, 50.0, 50.0, 171.92, 133.61, 78.58, 154.81, 79.77, 140.0, 50.0, 37.17, 175.12]
d: [3.5, 3.5, 3.5, 3.5, 3.5, 3.7, 3.5, 5.11, 3.5, 3.5, 4.83, 3.5, 3.93, 2.0]

iteration: 8, best:[6.69, 8.31, 11.16, 14.09, 18.5, 21.55, 37.12, 48.78, 51.93, 54.4, 56.81, 59.92, 65.79, 67.78]
time: [6.6, 8.25, 11.07, 14.48, 18.47, 21.5, 40.58, 44.01, 46.26, 49.03, 50.84, 56.76, 59.44, 60.56]
v: [12.0, 23.94, 15.55, 12.0, 12.0, 22.81, 12.45, 34.17, 14.39, 34.71, 13.01, 12.0, 12.0, 28.75]
a: [50.0, 124.69, 140.84, 50.0, 50.0, 90.13, 97.66, 50.0, 55.04, 50.0, 109.33, 50.0, 50.0, 153.38]
d: [3.5, 3.5, 3.5, 3.5, 3.5, 5.25, 5.11, 3.66, 3.5, 3.73, 5.4, 3.5, 3.5, 2.0]

iteration: 9, best:[6.6, 8.25, 11.07, 14.09, 18.47, 21.5, 37.12, 44.01, 46.26, 49.03, 50.84, 56.76, 59.44, 60.56]
time: [6.6, 8.28, 11.11, 14.5, 18.61, 21.95, 44.86, 48.4, 50.44, 52.86, 54.58, 57.09, 59.99, 61.05]
v: [12.0, 23.94, 15.55, 12.0, 12.0, 22.81, 12.45, 34.17, 17.05, 34.71, 13.01, 12.0, 12.0, 28.75]
a: [50.0, 124.69, 140.84, 50.0, 50.0, 90.13, 97.66, 50.0, 47.25, 50.0, 109.33, 50.0, 50.0, 153.38]
d: [3.5, 3.5, 3.5, 3.5, 3.5, 5.25, 5.11, 3.66, 3.5, 3.73, 5.4, 3.5, 3.5, 2.0]

iteration: 10, best:[6.6, 8.25, 11.07, 14.09, 18.47, 21.5, 37.12, 44.01, 46.26, 49.03, 50.84, 56.76, 59.44, 60.56]
time: [6.68, 8.3, 11.1, 13.21, 16.15, 19.14, 30.82, 34.17, 36.11, 38.76, 40.63, 42.92, 47.55, 1000]
v: [12.0, 23.94, 15.55, 29.08, 30.76, 23.42, 21.38, 34.17, 14.39, 12.94, 28.21, 33.07, 29.09, 26.73]
a: [50.0, 124.69, 140.84, 131.22, 53.87, 129.04, 46.2, 50.0, 55.04, 28.14, 52.11, 50.0, 185.61, 168.45]
d: [3.5, 3.5, 3.5, 3.5, 4.05, 5.02, 5.58, 3.66, 3.5, 3.73, 5.4, 3.5, 3.5, 2.0]

iteration: 11, best:[6.6, 8.25, 11.07, 13.21, 16.15, 19.14, 30.82, 34.17, 36.11, 38.76, 40.63, 42.92, 47.55, 60.56]
time: [6.58, 8.24, 11.15, 13.39, 16.61, 19.56, 31.42, 35.08, 37.13, 39.81, 41.41, 43.89, 45.43, 55.21]
v: [12.0, 23.94, 15.55, 29.08, 30.76, 23.42, 21.38, 34.17, 14.39, 12.94, 28.21, 33.07, 29.09, 24.95]
a: [50.0, 124.69, 140.84, 131.22, 53.87, 129.04, 46.2, 50.0, 55.04, 28.14, 52.11, 50.0, 185.61, 109.13]
d: [3.5, 3.5, 3.5, 3.5, 4.05, 5.02, 5.58, 3.66, 3.5, 3.73, 5.4, 3.5, 3.5, 2.0]

iteration: 12, best:[6.58, 8.24, 11.07, 13.21, 16.15, 19.14, 30.82, 34.17, 36.11, 38.76, 40.63, 42.92, 45.43, 55.21]
time: [6.69, 8.29, 11.16, 13.44, 16.54, 21.96, 38.16, 41.72, 43.73, 46.45, 48.33, 50.63, 52.2, 1000]
v: [12.0, 23.94, 23.42, 29.08, 30.76, 23.42, 21.38, 34.17, 14.39, 12.94, 28.21, 33.07, 29.09, 24.95]
a: [50.0, 124.69, 71.44, 131.22, 53.87, 129.04, 46.2, 50.0, 55.04, 28.14, 52.11, 50.0, 185.61, 109.13]
d: [3.5, 3.5, 5.76, 3.5, 4.05, 5.02, 5.58, 3.66, 3.5, 3.73, 5.4, 3.5, 3.5, 2.0]

iteration: 13, best:[6.58, 8.24, 11.07, 13.21, 16.15, 19.14, 30.82, 34.17, 36.11, 38.76, 40.63, 42.92, 45.43, 55.21]
time: [6.6, 8.24, 11.06, 13.31, 16.16, 19.2, 29.17, 1000, 1000, 1000, 1000, 1000, 1000, 1000]
v: [12.0, 23.94, 15.55, 29.08, 23.69, 23.42, 24.34, 16.11, 12.64, 18.77, 26.63, 15.2, 33.01, 24.95]
a: [50.0, 124.69, 140.84, 131.22, 53.87, 129.04, 98.45, 34.34, 69.93, 147.49, 52.11, 161.37, 190.38, 109.13]
d: [3.5, 3.5, 3.5, 3.5, 4.58, 5.02, 5.58, 4.54, 3.92, 3.73, 5.8, 3.5, 3.62, 2.0]

iteration: 14, best:[6.58, 8.24, 11.07, 13.21, 16.15, 19.14, 29.17, 34.17, 36.11, 38.76, 40.63, 42.92, 45.43, 55.21]
time: [6.59, 8.25, 11.16, 13.36, 16.05, 19.13, 29.2, 32.01, 1000, 1000, 1000, 1000, 1000, 1000]
v: [12.0, 23.94, 15.55, 29.08, 30.76, 23.42, 24.34, 24.27, 14.39, 19.95, 34.42, 32.38, 31.5, 16.05]
a: [50.0, 124.69, 140.84, 131.22, 53.87, 129.04, 98.45, 115.6, 55.04, 95.8, 64.0, 48.72, 185.61, 116.38]
d: [3.5, 3.5, 3.5, 3.5, 4.05, 5.02, 5.58, 5.53, 3.5, 3.73, 5.02, 3.5, 5.75, 2.0]

mutation at idx = 0
iteration: 15, best:[6.58, 8.24, 11.07, 13.21, 16.15, 19.14, 29.17, 32.01, 36.11, 38.76, 40.63, 42.92, 45.43, 55.21]
time: [6.29, 7.83, 10.73, 1000, 1000, 1000, 1000, 1000, 1000, 1000, 1000, 1000, 1000, 1000]
v: [13.81, 23.94, 15.55, 29.08, 30.76, 23.42, 24.34, 24.27, 21.65, 18.91, 32.38, 21.68, 23.05, 28.27]
a: [50.0, 124.69, 140.84, 131.22, 53.87, 129.04, 98.45, 115.6, 44.48, 28.14, 120.99, 195.53, 185.61, 109.13]
d: [5.53, 3.5, 3.5, 3.5, 4.05, 5.02, 5.58, 5.53, 3.5, 3.73, 4.64, 5.65, 4.2, 2.0]

iteration: 16, best:[6.29, 7.83, 10.73, 13.21, 16.15, 19.14, 29.17, 32.01, 36.11, 38.76, 40.63, 42.92, 45.43, 55.21]
time: [6.3, 7.81, 10.72, 1000, 1000, 1000, 1000, 1000, 1000, 1000, 1000, 1000, 1000, 1000]
v: [13.81, 23.94, 15.55, 23.67, 17.62, 23.42, 33.95, 12.32, 25.93, 19.38, 15.42, 16.66, 20.69, 24.95]
a: [50.0, 124.69, 140.84, 131.22, 122.71, 129.04, 183.38, 109.39, 182.61, 162.57, 43.12, 45.82, 169.85, 109.13]
d: [5.53, 3.5, 3.5, 3.63, 4.05, 5.02, 5.46, 5.1, 4.36, 3.73, 5.4, 3.5, 3.56, 2.0]

mutation at idx = 2
iteration: 17, best:[6.29, 7.83, 10.73, 13.21, 16.15, 19.14, 29.17, 32.01, 36.11, 38.76, 40.63, 42.92, 45.43, 55.21]
time: [6.51, 8.06, 1000, 1000, 1000, 1000, 1000, 1000, 1000, 1000, 1000, 1000, 1000, 1000]
v: [13.81, 23.94, 13.83, 22.73, 30.76, 34.96, 21.02, 13.06, 21.44, 14.53, 19.85, 32.86, 11.21, 21.61]
a: [50.0, 124.69, 23.17, 131.22, 53.87, 87.41, 98.45, 25.94, 171.5, 28.14, 160.65, 50.0, 28.78, 62.73]
d: [5.53, 3.5, 3.5, 3.5, 4.05, 4.68, 5.87, 5.07, 3.5, 4.84, 5.4, 3.5, 3.95, 2.0]

iteration: 18, best:[6.29, 7.83, 10.73, 13.21, 16.15, 19.14, 29.17, 32.01, 36.11, 38.76, 40.63, 42.92, 45.43, 55.21]
time: [6.29, 7.82, 10.52, 12.72, 18.85, 21.54, 29.95, 1000, 1000, 1000, 1000, 1000, 1000, 1000]
v: [13.81, 23.94, 19.31, 29.08, 20.44, 23.42, 29.85, 24.27, 13.78, 24.09, 23.4, 28.67, 29.09, 25.66]
a: [50.0, 124.69, 140.84, 131.22, 53.87, 129.04, 191.73, 115.6, 121.33, 138.6, 160.54, 50.0, 185.61, 63.52]
d: [5.53, 3.5, 4.68, 3.5, 4.05, 5.02, 4.73, 5.53, 3.5, 4.67, 3.83, 3.5, 3.5, 2.0]

mutation at idx = 0
iteration: 19, best:[6.29, 7.83, 10.73, 12.72, 16.15, 19.14, 29.17, 32.01, 36.11, 38.76, 40.63, 42.92, 45.43, 55.21]
time: [6.41, 7.98, 10.78, 16.75, 24.81, 29.63, 41.2, 43.82, 1000, 1000, 1000, 1000, 1000, 1000]
v: [30.15, 23.94, 15.55, 29.08, 30.76, 12.77, 24.34, 24.27, 14.39, 12.94, 25.6, 28.13, 19.77, 15.89]
a: [50.0, 124.69, 140.84, 131.22, 53.87, 51.53, 98.45, 115.6, 55.04, 28.14, 145.41, 193.33, 94.54, 190.64]
d: [5.53, 3.5, 3.5, 3.5, 4.05, 5.02, 5.58, 5.53, 3.5, 3.73, 4.57, 4.37, 3.5, 2.0]

mutation at idx = 2
iteration: 20, best:[6.29, 7.83, 10.73, 12.72, 16.15, 19.14, 29.17, 32.01, 36.11, 38.76, 40.63, 42.92, 45.43, 55.21]
time: [6.5, 8.06, 10.7, 1000, 1000, 1000, 1000, 1000, 1000, 1000, 1000, 1000, 1000, 1000]
v: [13.81, 23.94, 18.61, 20.78, 17.49, 23.42, 27.16, 24.27, 14.39, 12.94, 21.09, 33.07, 34.21, 24.95]
a: [50.0, 124.69, 132.91, 131.22, 53.87, 129.04, 79.58, 115.6, 55.04, 28.14, 100.5, 50.0, 79.8, 109.13]
d: [5.53, 3.5, 5.23, 3.5, 4.46, 5.02, 5.58, 5.53, 3.5, 3.73, 4.03, 3.5, 3.99, 2.0]

iteration: 21, best:[6.29, 7.83, 10.73, 12.72, 16.15, 19.14, 29.17, 32.01, 36.11, 38.76, 40.63, 42.92, 45.43, 55.21]
time: [6.5, 8.05, 10.82, 16.89, 1000, 1000, 1000, 1000, 1000, 1000, 1000, 1000, 1000, 1000]
v: [13.81, 23.94, 15.55, 10.84, 14.53, 33.12, 24.34, 20.59, 24.73, 12.94, 24.28, 13.59, 12.97, 18.63]
a: [50.0, 124.69, 140.84, 131.22, 196.75, 126.04, 98.45, 115.6, 149.97, 28.14, 52.11, 50.0, 135.74, 187.65]
d: [5.53, 3.5, 3.5, 4.73, 4.05, 5.78, 5.58, 5.53, 3.87, 3.73, 4.14, 5.15, 3.5, 2.0]

iteration: 22, best:[6.29, 7.83, 10.73, 12.72, 16.15, 19.14, 29.17, 32.01, 36.11, 38.76, 40.63, 42.92, 45.43, 55.21]
time: [6.5, 8.05, 10.83, 13.95, 17.4, 20.13, 31.41, 34.05, 46.79, 56.39, 1000, 1000, 1000, 1000]
v: [13.81, 23.94, 15.55, 19.43, 14.79, 22.33, 19.81, 24.27, 28.3, 27.38, 27.83, 17.45, 21.65, 27.81]
a: [50.0, 124.69, 140.84, 41.71, 72.5, 129.04, 114.16, 115.6, 54.24, 28.6, 133.91, 133.29, 185.61, 109.13]
d: [5.53, 3.5, 3.5, 5.01, 4.05, 3.89, 5.29, 5.53, 3.64, 3.73, 5.86, 3.5, 3.5, 2.0]

mutation at idx = 1
iteration: 23, best:[6.29, 7.83, 10.73, 12.72, 16.15, 19.14, 29.17, 32.01, 36.11, 38.76, 40.63, 42.92, 45.43, 55.21]
time: [6.27, 10.72, 13.65, 16.94, 19.51, 57.4, 1000, 1000, 1000, 1000, 1000, 1000, 1000, 1000]
v: [13.81, 32.97, 15.55, 29.46, 20.05, 27.28, 31.99, 11.08, 28.35, 26.25, 28.21, 16.05, 27.65, 25.91]
a: [50.0, 110.63, 140.84, 42.44, 161.07, 129.04, 98.45, 158.93, 21.72, 118.03, 52.11, 50.0, 185.61, 109.13]
d: [5.53, 3.5, 3.5, 5.31, 4.25, 5.02, 5.58, 5.53, 3.5, 3.85, 5.4, 5.78, 4.26, 2.0]

mutation at idx = 0
iteration: 24, best:[6.29, 7.83, 10.73, 12.72, 16.15, 19.14, 29.17, 32.01, 36.11, 38.76, 40.63, 42.92, 45.43, 55.21]
time: [6.54, 9.19, 17.72, 20.82, 23.84, 27.38, 38.42, 41.12, 52.08, 54.54, 1000, 1000, 1000, 1000]
v: [19.23, 13.55, 34.05, 29.08, 30.76, 28.1, 24.34, 30.51, 15.83, 28.62, 34.12, 13.62, 20.71, 29.58]
a: [50.0, 30.28, 29.3, 131.22, 53.87, 66.52, 98.45, 75.8, 55.04, 83.64, 66.14, 180.6, 185.61, 93.15]
d: [5.53, 3.5, 4.49, 3.5, 4.05, 5.02, 5.58, 5.53, 5.88, 3.73, 5.4, 3.5, 3.5, 2.0]

mutation at idx = 0
iteration: 25, best:[6.29, 7.83, 10.73, 12.72, 16.15, 19.14, 29.17, 32.01, 36.11, 38.76, 40.63, 42.92, 45.43, 55.21]
time: [6.5, 8.06, 10.47, 13.41, 18.95, 45.61, 1000, 1000, 1000, 1000, 1000, 1000, 1000, 1000]
v: [11.83, 23.34, 23.99, 10.51, 26.36, 30.8, 20.6, 31.78, 14.39, 34.78, 31.64, 21.45, 28.17, 17.59]
a: [50.0, 124.69, 140.84, 64.4, 181.48, 129.04, 98.45, 108.43, 55.04, 66.79, 52.11, 96.58, 92.95, 109.13]
d: [5.33, 3.5, 3.5, 5.42, 5.89, 5.02, 3.72, 5.53, 3.5, 5.93, 5.4, 4.83, 4.58, 2.0]

iteration: 26, best:[6.29, 7.83, 10.73, 12.72, 16.15, 19.14, 29.17, 32.01, 36.11, 38.76, 40.63, 42.92, 45.43, 55.21]
time: [6.52, 8.05, 10.82, 13.59, 19.77, 34.68, 48.72, 51.13, 1000, 1000, 1000, 1000, 1000, 1000]
v: [13.81, 23.94, 15.55, 30.8, 28.22, 22.9, 24.34, 32.35, 20.6, 21.42, 26.92, 27.92, 29.09, 32.89]
a: [50.0, 124.69, 140.84, 57.99, 102.84, 137.72, 98.45, 115.6, 69.95, 119.6, 52.11, 176.26, 185.61, 198.27]
d: [5.53, 3.5, 3.5, 3.73, 4.05, 5.01, 5.58, 5.53, 4.19, 3.73, 5.08, 3.5, 3.5, 2.0]

iteration: 27, best:[6.29, 7.83, 10.73, 12.72, 16.15, 19.14, 29.17, 32.01, 36.11, 38.76, 40.63, 42.92, 45.43, 55.21]
time: [6.31, 7.83, 10.73, 1000, 1000, 1000, 1000, 1000, 1000, 1000, 1000, 1000, 1000, 1000]
v: [13.81, 23.94, 15.55, 29.08, 10.83, 28.62, 34.63, 13.73, 14.39, 32.67, 32.3, 33.07, 29.49, 12.91]
a: [50.0, 124.69, 140.84, 131.22, 146.5, 129.04, 98.45, 37.03, 55.04, 29.41, 140.59, 50.0, 67.95, 143.87]
d: [5.53, 3.5, 3.5, 3.5, 4.05, 5.02, 5.58, 5.53, 3.5, 3.73, 5.57, 3.5, 3.5, 2.0]

mutation at idx = 2
iteration: 28, best:[6.29, 7.83, 10.73, 12.72, 16.15, 19.14, 29.17, 32.01, 36.11, 38.76, 40.63, 42.92, 45.43, 55.21]
time: [6.49, 8.04, 11.09, 13.33, 16.17, 19.07, 28.56, 1000, 1000, 1000, 1000, 1000, 1000, 1000]
v: [13.81, 23.94, 10.87, 31.64, 17.07, 32.16, 24.34, 34.93, 34.07, 12.94, 23.39, 33.97, 20.73, 15.74]
a: [50.0, 124.69, 183.99, 131.22, 53.87, 164.57, 98.45, 25.89, 120.93, 28.14, 52.11, 50.0, 185.61, 95.8]
d: [5.53, 3.5, 3.73, 3.5, 3.58, 5.02, 5.58, 5.53, 3.93, 3.73, 5.4, 3.63, 3.5, 2.0]

iteration: 29, best:[6.29, 7.83, 10.73, 12.72, 16.15, 19.14, 29.17, 32.01, 36.11, 38.76, 40.63, 42.92, 45.43, 55.21]
time: [6.26, 7.75, 10.44, 13.06, 18.53, 33.5, 48.14, 51.54, 53.03, 1000, 1000, 1000, 1000, 1000]
v: [13.81, 23.94, 32.09, 16.66, 18.93, 18.73, 31.35, 14.32, 25.08, 12.94, 25.01, 33.07, 20.29, 24.95]
a: [50.0, 124.69, 97.72, 112.53, 144.91, 129.04, 150.51, 114.96, 135.39, 28.14, 29.08, 50.0, 73.81, 109.13]
d: [5.53, 3.5, 3.5, 3.5, 5.05, 5.38, 5.58, 5.58, 3.5, 3.73, 5.15, 3.5, 3.5, 2.0]

iteration: 30, best:[6.29, 7.83, 10.44, 12.72, 16.15, 19.14, 29.17, 32.01, 36.11, 38.76, 40.63, 42.92, 45.43, 55.21]
time: [6.49, 8.06, 10.53, 12.71, 15.68, 19.06, 27.62, 1000, 1000, 1000, 1000, 1000, 1000, 1000]
v: [13.81, 23.94, 32.09, 29.08, 30.76, 14.6, 31.49, 34.27, 18.73, 29.04, 17.46, 29.81, 31.49, 18.98]
a: [50.0, 124.69, 97.72, 131.22, 53.87, 129.04, 192.48, 175.48, 68.68, 190.55, 52.11, 118.97, 167.54, 183.99]
d: [5.53, 3.5, 3.5, 3.5, 4.05, 5.02, 3.98, 5.53, 3.5, 4.51, 5.4, 3.5, 4.72, 2.0]

iteration: 31, best:[6.29, 7.83, 10.44, 12.72, 15.68, 19.14, 27.62, 32.01, 36.11, 38.76, 40.63, 42.92, 45.43, 55.21]
time: [6.31, 7.82, 10.42, 15.7, 18.71, 21.64, 29.57, 40.1, 1000, 1000, 1000, 1000, 1000, 1000]
v: [13.81, 23.94, 32.09, 29.08, 30.76, 23.42, 31.49, 29.98, 14.39, 14.44, 15.42, 33.07, 15.42, 24.95]
a: [50.0, 124.69, 97.72, 131.22, 53.87, 129.04, 192.48, 115.6, 55.04, 167.56, 52.11, 50.0, 87.97, 109.13]
d: [5.53, 3.5, 3.5, 3.5, 4.05, 5.02, 3.98, 5.53, 3.5, 3.73, 5.74, 3.5, 3.5, 2.0]

iteration: 32, best:[6.29, 7.83, 10.44, 12.72, 15.68, 19.14, 27.62, 32.01, 36.11, 38.76, 40.63, 42.92, 45.43, 55.21]
time: [6.29, 7.79, 10.48, 1000, 1000, 1000, 1000, 1000, 1000, 1000, 1000, 1000, 1000, 1000]
v: [13.81, 23.94, 32.09, 24.28, 13.69, 12.35, 28.06, 12.45, 32.52, 13.42, 28.21, 33.07, 12.68, 30.4]
a: [50.0, 124.69, 97.72, 131.22, 53.87, 187.14, 194.3, 115.6, 44.37, 28.14, 52.11, 50.0, 132.51, 109.13]
d: [5.53, 3.5, 3.5, 5.83, 4.05, 5.02, 5.36, 5.62, 3.5, 3.95, 5.4, 3.5, 3.5, 2.0]

iteration: 33, best:[6.29, 7.83, 10.44, 12.72, 15.68, 19.14, 27.62, 32.01, 36.11, 38.76, 40.63, 42.92, 45.43, 55.21]
time: [6.3, 7.83, 10.44, 12.68, 15.63, 19.55, 28.26, 39.06, 45.44, 46.91, 1000, 1000, 1000, 1000]
v: [13.81, 23.94, 32.09, 28.4, 30.06, 33.24, 31.49, 29.89, 22.67, 31.87, 21.81, 33.07, 29.4, 25.7]
a: [50.0, 124.69, 97.72, 148.53, 53.87, 57.78, 192.48, 115.6, 117.98, 128.72, 61.42, 50.0, 185.61, 194.03]
d: [5.53, 3.5, 3.5, 3.64, 4.05, 5.02, 3.98, 4.82, 4.22, 5.45, 4.56, 3.5, 3.5, 2.0]

mutation at idx = 0
iteration: 34, best:[6.29, 7.83, 10.44, 12.72, 15.68, 19.14, 27.62, 32.01, 36.11, 38.76, 40.63, 42.92, 45.43, 55.21]
time: [6.2, 7.66, 10.37, 12.7, 15.66, 20.32, 38.77, 1000, 1000, 1000, 1000, 1000, 1000, 1000]
v: [10.61, 23.94, 32.09, 29.08, 30.76, 15.92, 15.75, 31.09, 29.77, 17.71, 12.1, 30.36, 14.82, 13.95]
a: [174.34, 124.69, 97.72, 131.22, 53.87, 37.24, 34.39, 22.13, 142.88, 46.72, 147.07, 54.17, 185.61, 29.03]
d: [5.58, 3.5, 3.5, 3.5, 4.05, 4.31, 5.63, 5.53, 5.32, 3.73, 5.92, 4.22, 4.64, 2.0]

iteration: 35, best:[6.29, 7.83, 10.44, 12.72, 15.68, 19.14, 27.62, 32.01, 36.11, 38.76, 40.63, 42.92, 45.43, 55.21]
time: [6.48, 8.05, 10.52, 12.7, 15.69, 18.6, 30.83, 36.73, 39.3, 41.43, 51.3, 54.24, 1000, 1000]
v: [13.81, 23.94, 32.09, 29.08, 30.76, 23.42, 17.77, 24.27, 17.21, 14.01, 30.17, 33.07, 10.58, 24.95]
a: [50.0, 124.69, 97.72, 131.22, 53.87, 129.04, 63.85, 115.6, 100.53, 116.83, 52.11, 50.0, 185.61, 109.13]
d: [5.53, 3.5, 3.5, 3.5, 4.05, 5.02, 3.98, 5.53, 3.5, 3.73, 4.38, 3.5, 3.5, 2.0]

mutation at idx = 0
mutation at idx = 1
iteration: 36, best:[6.29, 7.83, 10.44, 12.72, 15.68, 18.6, 27.62, 32.01, 36.11, 38.76, 40.63, 42.92, 45.43, 55.21]
time: [5.68, 7.14, 9.58, 11.7, 14.64, 17.58, 25.55, 1000, 1000, 1000, 1000, 1000, 1000, 1000]
v: [33.57, 16.2, 32.09, 29.08, 30.76, 23.42, 31.49, 24.87, 31.93, 32.28, 18.2, 27.71, 15.24, 23.34]
a: [188.6, 197.46, 97.72, 131.22, 53.87, 129.04, 192.48, 145.46, 55.04, 67.53, 171.55, 76.15, 131.03, 109.13]
d: [5.53, 4.08, 3.5, 3.5, 4.05, 5.02, 3.98, 5.53, 4.31, 3.58, 5.37, 4.85, 3.5, 2.0]

mutation at idx = 0
iteration: 37, best:[5.68, 7.14, 9.58, 11.7, 14.64, 17.58, 25.55, 32.01, 36.11, 38.76, 40.63, 42.92, 45.43, 55.21]
time: [6.23, 7.83, 10.46, 15.73, 18.74, 21.67, 29.69, 1000, 1000, 1000, 1000, 1000, 1000, 1000]
v: [31.5, 16.2, 32.09, 29.08, 30.76, 23.42, 31.49, 12.8, 15.01, 12.94, 33.81, 19.78, 24.86, 24.95]
a: [58.34, 197.46, 97.72, 131.22, 53.87, 129.04, 192.48, 32.4, 55.04, 28.14, 52.11, 22.18, 185.61, 109.13]
d: [4.49, 4.08, 3.5, 3.5, 4.05, 5.02, 3.98, 5.53, 3.5, 3.73, 5.19, 4.88, 5.42, 2.0]

iteration: 38, best:[5.68, 7.14, 9.58, 11.7, 14.64, 17.58, 25.55, 32.01, 36.11, 38.76, 40.63, 42.92, 45.43, 55.21]
time: [10.04, 11.83, 14.71, 18.33, 24.39, 27.34, 36.02, 1000, 1000, 1000, 1000, 1000, 1000, 1000]
v: [19.33, 20.4, 25.91, 32.9, 16.84, 28.97, 26.4, 34.02, 31.68, 29.23, 18.69, 24.71, 32.34, 32.53]
a: [30.0, 89.35, 72.39, 27.6, 101.67, 139.29, 192.48, 150.11, 73.97, 173.85, 49.51, 50.0, 74.26, 103.05]
d: [5.53, 5.05, 4.65, 4.63, 4.69, 5.02, 4.61, 4.76, 3.5, 3.73, 5.4, 4.35, 5.76, 2.0]

iteration: 39, best:[5.68, 7.14, 9.58, 11.7, 14.64, 17.58, 25.55, 32.01, 36.11, 38.76, 40.63, 42.92, 45.43, 55.21]
time: [5.73, 7.32, 10.59, 12.95, 18.99, 21.5, 32.02, 43.63, 48.89, 50.96, 1000, 1000, 1000, 1000]
v: [23.44, 20.58, 24.77, 26.39, 30.76, 23.42, 21.51, 29.45, 34.21, 17.34, 28.21, 34.06, 29.85, 24.95]
a: [188.6, 78.08, 64.38, 154.23, 53.87, 129.04, 192.48, 95.42, 55.04, 78.26, 52.11, 98.16, 73.13, 109.13]
d: [4.03, 4.08, 3.5, 4.46, 4.05, 5.02, 3.98, 5.32, 3.5, 3.73, 5.4, 4.63, 4.35, 2.0]

mutation at idx = 0
iteration: 40, best:[5.68, 7.14, 9.58, 11.7, 14.64, 17.58, 25.55, 32.01, 36.11, 38.76, 40.63, 42.92, 45.43, 55.21]
time: [5.74, 7.2, 9.96, 12.17, 18.14, 20.96, 32.55, 35.82, 38.21, 1000, 1000, 1000, 1000, 1000]
v: [20.7, 16.2, 34.31, 34.37, 24.39, 23.42, 31.49, 23.22, 14.22, 30.36, 28.79, 33.07, 32.64, 12.8]
a: [188.6, 197.46, 97.72, 131.22, 57.63, 129.04, 192.48, 115.6, 55.04, 29.87, 118.0, 50.0, 28.8, 109.13]
d: [3.91, 4.08, 3.5, 3.5, 5.47, 5.02, 3.98, 5.53, 3.5, 5.83, 3.81, 3.5, 5.53, 2.0]

iteration: 41, best:[5.68, 7.14, 9.58, 11.7, 14.64, 17.58, 25.55, 32.01, 36.11, 38.76, 40.63, 42.92, 45.43, 55.21]
time: [5.65, 7.09, 9.68, 15.54, 1000, 1000, 1000, 1000, 1000, 1000, 1000, 1000, 1000, 1000]
v: [33.57, 16.2, 23.58, 13.87, 10.67, 23.42, 30.85, 24.27, 24.15, 12.06, 28.21, 28.85, 25.37, 24.95]
a: [188.6, 197.46, 97.72, 139.38, 63.79, 129.04, 47.71, 115.6, 183.52, 154.4, 52.11, 50.0, 96.85, 109.13]
d: [5.53, 4.08, 4.47, 4.48, 5.78, 5.02, 3.98, 5.53, 3.5, 4.19, 5.4, 3.5, 3.5, 2.0]

mutation at idx = 1
iteration: 42, best:[5.68, 7.14, 9.58, 11.7, 14.64, 17.58, 25.55, 32.01, 36.11, 38.76, 40.63, 42.92, 45.43, 55.21]
time: [5.7, 6.88, 9.24, 15.01, 1000, 1000, 1000, 1000, 1000, 1000, 1000, 1000, 1000, 1000]
v: [33.57, 30.03, 32.09, 15.26, 33.18, 18.62, 31.49, 18.27, 32.13, 13.9, 28.21, 25.26, 29.09, 25.52]
a: [188.6, 167.62, 97.72, 126.31, 21.92, 91.47, 192.48, 55.22, 55.04, 36.32, 52.11, 50.0, 185.61, 186.53]
d: [5.53, 4.08, 3.5, 4.04, 4.05, 5.02, 3.98, 5.53, 5.75, 4.34, 5.4, 5.43, 3.5, 2.0]

iteration: 43, best:[5.68, 7.14, 9.24, 11.7, 14.64, 17.58, 25.55, 32.01, 36.11, 38.76, 40.63, 42.92, 45.43, 55.21]
time: [5.72, 7.13, 9.6, 14.66, 27.11, 29.74, 39.15, 1000, 1000, 1000, 1000, 1000, 1000, 1000]
v: [33.57, 16.2, 32.09, 32.02, 32.56, 23.42, 24.72, 18.33, 30.43, 12.94, 18.24, 33.07, 24.43, 24.95]
a: [188.6, 197.46, 97.72, 183.52, 53.87, 129.04, 192.48, 72.91, 114.68, 28.14, 179.98, 50.0, 185.61, 109.13]
d: [5.53, 4.08, 3.5, 3.5, 4.05, 5.02, 4.68, 5.53, 3.5, 3.73, 5.4, 3.5, 5.99, 2.0]

iteration: 44, best:[5.68, 7.14, 9.24, 11.7, 14.64, 17.58, 25.55, 32.01, 36.11, 38.76, 40.63, 42.92, 45.43, 55.21]
time: [5.67, 7.09, 9.64, 12.42, 19.13, 21.8, 33.62, 37.14, 39.06, 41.04, 42.75, 45.88, 50.46, 1000]
v: [33.57, 16.2, 26.24, 14.95, 11.9, 27.48, 34.8, 14.05, 27.26, 34.75, 28.21, 20.41, 29.09, 28.29]
a: [188.6, 197.46, 97.72, 101.74, 53.87, 129.04, 116.38, 115.0, 64.83, 64.71, 52.11, 36.49, 185.61, 117.7]
d: [5.53, 4.08, 3.5, 4.12, 4.9, 5.07, 4.39, 4.36, 3.5, 3.73, 5.4, 3.5, 3.5, 2.0]

iteration: 45, best:[5.68, 7.14, 9.24, 11.7, 14.64, 17.58, 25.55, 32.01, 36.11, 38.76, 40.63, 42.92, 45.43, 55.21]
time: [5.74, 7.28, 9.88, 15.46, 1000, 1000, 1000, 1000, 1000, 1000, 1000, 1000, 1000, 1000]
v: [33.57, 16.2, 33.95, 21.79, 15.71, 10.93, 11.86, 12.49, 32.28, 21.57, 28.21, 29.34, 17.59, 24.95]
a: [188.6, 197.46, 97.72, 89.92, 121.39, 129.04, 171.53, 42.87, 147.47, 57.82, 52.11, 185.9, 185.61, 109.13]
d: [5.53, 4.08, 3.5, 5.61, 3.63, 5.02, 4.65, 5.53, 4.93, 3.85, 5.4, 4.52, 3.5, 2.0]

iteration: 46, best:[5.68, 7.14, 9.24, 11.7, 14.64, 17.58, 25.55, 32.01, 36.11, 38.76, 40.63, 42.92, 45.43, 55.21]
time: [5.67, 7.08, 9.54, 15.68, 1000, 1000, 1000, 1000, 1000, 1000, 1000, 1000, 1000, 1000]
v: [33.57, 16.2, 32.09, 21.01, 12.36, 23.42, 15.38, 21.02, 20.22, 14.75, 28.21, 31.09, 26.74, 13.51]
a: [188.6, 197.46, 97.72, 29.99, 24.87, 129.04, 87.11, 122.09, 45.3, 174.35, 52.11, 50.0, 77.74, 171.91]
d: [5.53, 4.08, 3.5, 3.5, 4.05, 5.02, 3.98, 3.9, 4.87, 5.16, 5.4, 3.5, 3.5, 2.0]

iteration: 47, best:[5.68, 7.14, 9.24, 11.7, 14.64, 17.58, 25.55, 32.01, 36.11, 38.76, 40.63, 42.92, 45.43, 55.21]
time: [5.66, 7.09, 9.85, 12.28, 15.24, 18.52, 29.5, 32.79, 34.38, 37.49, 39.08, 41.26, 43.48, 44.6]
v: [33.57, 16.2, 16.05, 29.08, 34.9, 14.83, 24.39, 20.51, 32.32, 12.94, 28.21, 33.07, 11.23, 24.95]
a: [188.6, 197.46, 154.56, 131.22, 49.22, 129.04, 115.77, 129.64, 42.07, 28.14, 52.11, 50.0, 185.61, 109.13]
d: [5.53, 4.08, 3.5, 3.5, 4.05, 5.02, 3.58, 4.64, 4.37, 3.73, 5.4, 3.5, 3.5, 2.0]

iteration: 48, best:[5.66, 7.09, 9.24, 11.7, 14.64, 17.58, 25.55, 32.01, 34.38, 37.49, 39.08, 41.26, 43.48, 44.6]
time: [5.65, 7.14, 10.13, 12.31, 18.13, 44.0, 1000, 1000, 1000, 1000, 1000, 1000, 1000, 1000]
v: [33.57, 16.2, 16.05, 29.08, 34.9, 14.83, 24.39, 20.51, 15.88, 12.94, 28.21, 33.07, 11.23, 24.95]
a: [188.6, 197.46, 154.56, 131.22, 49.22, 129.04, 115.77, 129.64, 84.12, 28.14, 52.11, 50.0, 185.61, 109.13]
d: [5.53, 4.08, 3.5, 3.5, 4.05, 5.02, 3.58, 4.64, 4.37, 3.73, 5.4, 3.5, 3.5, 2.0]

mutation at idx = 1
iteration: 49, best:[5.66, 7.09, 9.24, 11.7, 14.64, 17.58, 25.55, 32.01, 34.38, 37.49, 39.08, 41.26, 43.48, 44.6]
time: [5.71, 7.02, 16.61, 20.15, 1000, 1000, 1000, 1000, 1000, 1000, 1000, 1000, 1000, 1000]
v: [33.57, 20.05, 31.95, 27.42, 15.35, 30.92, 13.15, 17.26, 23.28, 29.15, 22.7, 33.07, 11.23, 24.95]
a: [188.6, 197.46, 197.68, 133.78, 49.22, 150.86, 180.68, 69.01, 53.55, 50.33, 166.51, 50.0, 185.61, 109.13]
d: [5.53, 6.0, 5.84, 3.5, 5.42, 5.02, 3.58, 4.12, 4.6, 3.73, 4.14, 3.5, 3.5, 2.0]

mutation at idx = 0
iteration: 50, best:[5.66, 7.09, 9.24, 11.7, 14.64, 17.58, 25.55, 32.01, 34.38, 37.49, 39.08, 41.26, 43.48, 44.6]
time: [5.92, 7.48, 10.3, 13.49, 19.98, 22.32, 32.22, 34.96, 1000, 1000, 1000, 1000, 1000, 1000]
v: [14.55, 16.2, 16.05, 12.03, 27.87, 33.64, 24.04, 30.58, 24.86, 32.93, 16.74, 33.07, 18.18, 34.05]
a: [188.6, 197.46, 154.56, 137.96, 49.22, 162.03, 165.92, 129.64, 42.07, 28.14, 20.59, 50.0, 58.37, 109.13]
d: [5.53, 4.08, 3.5, 3.5, 4.05, 4.35, 4.3, 4.64, 5.56, 3.73, 5.4, 3.5, 3.5, 2.0]

iteration: 51, best:[5.66, 7.09, 9.24, 11.7, 14.64, 17.58, 25.55, 32.01, 34.38, 37.49, 39.08, 41.26, 43.48, 44.6]
time: [5.7, 7.17, 10.33, 15.81, 20.0, 23.79, 37.0, 43.01, 1000, 1000, 1000, 1000, 1000, 1000]
v: [33.57, 15.79, 29.76, 29.08, 12.17, 14.83, 16.72, 20.51, 32.32, 26.3, 29.94, 27.36, 11.23, 22.09]
a: [188.6, 197.46, 41.93, 131.22, 163.35, 129.04, 99.66, 129.64, 42.07, 195.01, 52.11, 185.57, 185.61, 30.41]
d: [5.53, 4.08, 5.1, 3.5, 4.05, 5.02, 3.58, 4.64, 4.37, 3.73, 5.09, 3.5, 3.5, 2.0]

iteration: 52, best:[5.66, 7.09, 9.24, 11.7, 14.64, 17.58, 25.55, 32.01, 34.38, 37.49, 39.08, 41.26, 43.48, 44.6]
time: [5.69, 7.11, 9.86, 12.96, 19.59, 21.92, 37.64, 40.89, 42.94, 45.69, 1000, 1000, 1000, 1000]
v: [33.57, 16.2, 16.05, 19.12, 34.9, 32.64, 19.97, 25.25, 11.39, 24.54, 30.09, 19.14, 30.53, 20.82]
a: [188.6, 197.46, 154.56, 65.03, 49.22, 129.04, 55.12, 49.85, 42.07, 28.14, 52.11, 28.58, 185.61, 41.27]
d: [5.53, 4.08, 3.5, 3.5, 4.05, 5.01, 3.58, 5.65, 4.81, 3.73, 3.87, 3.5, 5.66, 2.0]

iteration: 53, best:[5.66, 7.09, 9.24, 11.7, 14.64, 17.58, 25.55, 32.01, 34.38, 37.49, 39.08, 41.26, 43.48, 44.6]
time: [5.68, 7.17, 10.0, 12.24, 18.04, 20.9, 38.53, 41.67, 1000, 1000, 1000, 1000, 1000, 1000]
v: [33.57, 16.2, 17.31, 29.08, 23.7, 32.18, 10.74, 23.17, 32.32, 31.16, 28.21, 27.29, 21.48, 24.18]
a: [188.6, 197.46, 161.89, 131.22, 193.2, 129.04, 115.77, 80.65, 42.07, 28.14, 52.11, 50.0, 115.64, 143.8]
d: [5.53, 4.08, 3.5, 3.5, 3.51, 5.02, 4.3, 4.64, 4.37, 3.73, 5.4, 3.5, 3.5, 2.0]

iteration: 54, best:[5.66, 7.09, 9.24, 11.7, 14.64, 17.58, 25.55, 32.01, 34.38, 37.49, 39.08, 41.26, 43.48, 44.6]
time: [5.66, 7.09, 10.02, 15.66, 26.39, 44.36, 1000, 1000, 1000, 1000, 1000, 1000, 1000, 1000]
v: [33.57, 16.2, 21.36, 32.87, 31.62, 18.73, 23.6, 30.78, 32.32, 20.3, 25.7, 24.69, 11.23, 32.13]
a: [188.6, 197.46, 54.89, 176.47, 79.17, 129.04, 145.36, 34.52, 42.07, 165.43, 52.11, 87.49, 185.61, 109.13]
d: [5.53, 4.08, 4.95, 5.61, 4.15, 5.02, 5.75, 5.02, 4.37, 3.73, 5.4, 5.13, 3.5, 2.0]

iteration: 55, best:[5.66, 7.09, 9.24, 11.7, 14.64, 17.58, 25.55, 32.01, 34.38, 37.49, 39.08, 41.26, 43.48, 44.6]
time: [5.69, 7.11, 9.41, 11.77, 15.15, 18.84, 28.22, 30.98, 1000, 1000, 1000, 1000, 1000, 1000]
v: [33.57, 16.2, 27.16, 20.09, 15.11, 30.96, 33.02, 27.18, 34.77, 12.94, 18.9, 33.1, 32.81, 33.75]
a: [188.6, 197.46, 154.56, 131.22, 49.22, 48.29, 115.77, 129.64, 42.07, 28.14, 138.46, 65.33, 172.68, 162.38]
d: [5.53, 4.08, 3.5, 3.5, 4.05, 4.18, 3.58, 3.98, 4.37, 3.73, 5.4, 3.5, 3.5, 2.0]

iteration: 56, best:[5.66, 7.09, 9.24, 11.7, 14.64, 17.58, 25.55, 32.01, 34.38, 37.49, 39.08, 41.26, 43.48, 44.6]
time: [5.66, 7.08, 9.82, 15.66, 24.13, 26.77, 36.06, 39.26, 1000, 1000, 1000, 1000, 1000, 1000]
v: [33.57, 16.2, 16.05, 29.08, 25.66, 30.95, 32.92, 20.51, 14.15, 15.83, 18.14, 33.07, 14.84, 33.61]
a: [188.6, 197.46, 154.56, 131.22, 49.22, 98.07, 130.69, 129.64, 117.25, 75.98, 113.58, 50.0, 30.95, 109.13]
d: [5.53, 4.08, 3.5, 3.5, 4.05, 5.02, 3.58, 4.64, 4.22, 3.73, 5.82, 3.5, 3.5, 2.0]

iteration: 57, best:[5.66, 7.09, 9.24, 11.7, 14.64, 17.58, 25.55, 32.01, 34.38, 37.49, 39.08, 41.26, 43.48, 44.6]
time: [5.66, 7.08, 9.53, 11.72, 14.8, 17.41, 25.59, 28.61, 31.24, 32.98, 1000, 1000, 1000, 1000]
v: [33.57, 16.2, 26.42, 22.64, 15.89, 27.27, 33.49, 20.51, 32.32, 28.4, 20.13, 33.07, 33.14, 27.32]
a: [188.6, 197.46, 116.21, 156.39, 49.22, 187.93, 142.54, 129.64, 42.07, 106.47, 80.33, 50.0, 185.61, 109.13]
d: [5.53, 4.08, 3.5, 3.5, 4.34, 3.86, 3.58, 4.64, 4.37, 5.18, 5.4, 3.5, 3.5, 2.0]

iteration: 58, best:[5.66, 7.09, 9.24, 11.7, 14.64, 17.58, 25.55, 32.01, 34.38, 37.49, 39.08, 41.26, 43.48, 44.6]
time: [5.68, 7.11, 10.05, 12.46, 17.98, 21.25, 33.92, 44.42, 50.13, 1000, 1000, 1000, 1000, 1000]
v: [33.57, 16.2, 17.56, 30.19, 21.63, 27.61, 12.59, 20.51, 33.77, 12.94, 28.21, 28.7, 26.2, 14.78]
a: [188.6, 197.46, 62.6, 101.47, 150.86, 129.04, 179.48, 129.64, 42.07, 28.14, 52.11, 50.0, 145.37, 125.31]
d: [5.53, 4.08, 3.5, 4.99, 4.05, 5.89, 5.64, 4.64, 4.37, 3.73, 5.4, 3.5, 3.5, 2.0]

mutation at idx = 1
iteration: 59, best:[5.66, 7.09, 9.24, 11.7, 14.64, 17.58, 25.55, 32.01, 34.38, 37.49, 39.08, 41.26, 43.48, 44.6]
time: [5.66, 7.17, 10.15, 16.25, 27.05, 29.92, 1000, 1000, 1000, 1000, 1000, 1000, 1000, 1000]
v: [33.57, 24.43, 16.05, 15.76, 34.9, 18.15, 14.36, 20.51, 25.19, 33.08, 22.22, 21.51, 33.44, 23.23]
a: [188.6, 82.23, 154.56, 135.3, 49.22, 108.54, 24.0, 129.64, 42.07, 88.65, 52.11, 157.01, 185.61, 109.13]
d: [5.53, 4.07, 3.5, 4.22, 4.05, 5.02, 3.58, 4.64, 4.37, 3.73, 5.4, 5.05, 5.26, 2.0]

iteration: 60, best:[5.66, 7.09, 9.24, 11.7, 14.64, 17.58, 25.55, 32.01, 34.38, 37.49, 39.08, 41.26, 43.48, 44.6]
time: [5.7, 7.12, 9.9, 15.03, 1000, 1000, 1000, 1000, 1000, 1000, 1000, 1000, 1000, 1000]
v: [33.57, 16.2, 30.21, 29.08, 15.03, 18.78, 24.39, 31.72, 20.93, 27.26, 28.21, 33.07, 11.23, 10.71]
a: [188.6, 197.46, 64.6, 131.22, 109.51, 129.04, 115.77, 144.12, 26.66, 28.14, 52.11, 50.0, 185.61, 113.87]
d: [5.53, 4.08, 4.84, 3.5, 5.96, 5.02, 3.58, 4.64, 3.55, 4.32, 5.4, 3.5, 3.5, 2.0]

iteration: 61, best:[5.66, 7.09, 9.24, 11.7, 14.64, 17.58, 25.55, 32.01, 34.38, 37.49, 39.08, 41.26, 43.48, 44.6]
time: [5.69, 7.12, 9.73, 15.29, 19.57, 22.67, 30.63, 39.15, 1000, 1000, 1000, 1000, 1000, 1000]
v: [33.57, 16.2, 18.51, 29.08, 33.44, 28.96, 30.93, 18.8, 20.0, 29.64, 14.54, 34.54, 17.52, 25.88]
a: [188.6, 197.46, 154.56, 131.22, 58.04, 109.76, 194.08, 44.84, 42.07, 108.25, 52.11, 64.84, 185.61, 198.77]
d: [5.53, 4.08, 3.5, 3.5, 4.02, 4.88, 5.58, 4.64, 4.37, 3.73, 5.4, 5.89, 5.06, 2.0]

iteration: 62, best:[5.66, 7.09, 9.24, 11.7, 14.64, 17.58, 25.55, 32.01, 34.38, 37.49, 39.08, 41.26, 43.48, 44.6]
time: [5.74, 7.3, 10.44, 12.75, 15.6, 18.99, 34.92, 41.97, 48.3, 1000, 1000, 1000, 1000, 1000]
v: [33.57, 16.2, 12.98, 29.08, 12.29, 21.68, 32.19, 25.75, 32.32, 25.89, 12.43, 33.03, 19.17, 24.95]
a: [188.6, 197.46, 115.29, 131.22, 86.42, 95.9, 37.38, 129.64, 42.07, 151.86, 47.74, 156.67, 185.61, 109.13]
d: [5.53, 4.08, 3.5, 3.5, 5.06, 5.02, 3.58, 4.64, 4.37, 3.85, 5.31, 5.15, 3.5, 2.0]

iteration: 63, best:[5.66, 7.09, 9.24, 11.7, 14.64, 17.58, 25.55, 32.01, 34.38, 37.49, 39.08, 41.26, 43.48, 44.6]
time: [5.65, 7.08, 9.95, 13.52, 16.67, 20.1, 36.75, 39.58, 41.16, 46.95, 48.14, 1000, 1000, 1000]
v: [33.57, 16.2, 30.39, 25.61, 20.3, 15.16, 11.03, 20.51, 29.27, 29.48, 28.21, 33.07, 29.8, 24.95]
a: [188.6, 197.46, 56.85, 29.63, 68.07, 129.04, 115.77, 129.64, 71.28, 28.14, 52.11, 50.0, 185.61, 109.13]
d: [5.53, 4.08, 5.32, 4.35, 4.05, 4.06, 3.58, 4.64, 4.37, 4.76, 5.4, 3.5, 3.5, 2.0]

iteration: 64, best:[5.66, 7.09, 9.24, 11.7, 14.64, 17.58, 25.55, 32.01, 34.38, 37.49, 39.08, 41.26, 43.48, 44.6]
time: [5.69, 7.11, 9.84, 1000, 1000, 1000, 1000, 1000, 1000, 1000, 1000, 1000, 1000, 1000]
v: [33.57, 16.2, 16.05, 29.08, 12.42, 18.7, 32.63, 22.55, 27.61, 18.98, 15.79, 31.39, 31.76, 13.82]
a: [188.6, 197.46, 154.56, 131.22, 125.34, 103.21, 139.03, 173.67, 22.84, 57.39, 115.86, 50.0, 123.77, 146.68]
d: [5.53, 4.08, 3.5, 3.5, 4.42, 4.06, 4.04, 4.62, 4.37, 5.26, 5.4, 3.5, 4.58, 2.0]

iteration: 65, best:[5.66, 7.09, 9.24, 11.7, 14.64, 17.58, 25.55, 32.01, 34.38, 37.49, 39.08, 41.26, 43.48, 44.6]
time: [5.65, 7.08, 9.22, 15.28, 19.5, 25.08, 35.54, 40.84, 1000, 1000, 1000, 1000, 1000, 1000]
v: [33.57, 16.2, 35.0, 20.15, 34.9, 23.27, 22.93, 31.73, 20.08, 24.75, 23.76, 11.97, 32.38, 24.95]
a: [188.6, 197.46, 177.76, 131.22, 49.22, 136.43, 102.89, 159.76, 42.07, 193.59, 52.11, 50.0, 127.64, 109.13]
d: [5.53, 4.08, 3.5, 3.5, 4.05, 5.02, 3.58, 4.64, 5.86, 3.73, 5.4, 5.6, 3.5, 2.0]

iteration: 66, best:[5.66, 7.09, 9.24, 11.7, 14.64, 17.58, 25.55, 32.01, 34.38, 37.49, 39.08, 41.26, 43.48, 44.6]
time: [5.74, 7.3, 10.18, 13.51, 16.03, 27.26, 1000, 1000, 1000, 1000, 1000, 1000, 1000, 1000]
v: [33.57, 16.2, 16.05, 25.16, 33.58, 22.5, 24.39, 11.06, 33.52, 15.05, 25.67, 31.14, 11.23, 13.46]
a: [188.6, 197.46, 154.56, 28.1, 120.07, 123.79, 115.77, 129.64, 177.35, 28.14, 176.46, 169.35, 185.61, 109.13]
d: [5.53, 4.08, 3.5, 5.31, 4.05, 5.02, 3.58, 4.64, 5.47, 4.64, 5.4, 5.91, 3.5, 2.0]

mutation at idx = 0
iteration: 67, best:[5.66, 7.09, 9.24, 11.7, 14.64, 17.58, 25.55, 32.01, 34.38, 37.49, 39.08, 41.26, 43.48, 44.6]
time: [5.91, 7.45, 10.73, 13.37, 19.52, 22.51, 39.73, 42.57, 47.94, 1000, 1000, 1000, 1000, 1000]
v: [29.72, 16.2, 25.62, 18.42, 32.35, 14.83, 13.68, 20.51, 15.15, 12.94, 24.57, 28.57, 14.96, 16.46]
a: [89.83, 197.46, 35.12, 131.22, 49.22, 129.04, 48.45, 129.64, 88.51, 28.14, 193.6, 39.13, 43.89, 46.48]
d: [5.51, 4.08, 3.5, 4.5, 4.25, 5.02, 3.58, 4.64, 4.37, 3.73, 5.4, 4.11, 3.5, 2.0]

iteration: 68, best:[5.66, 7.09, 9.24, 11.7, 14.64, 17.58, 25.55, 32.01, 34.38, 37.49, 39.08, 41.26, 43.48, 44.6]
time: [5.67, 7.1, 9.85, 13.26, 23.41, 1000, 1000, 1000, 1000, 1000, 1000, 1000, 1000, 1000]
v: [33.57, 16.2, 16.0, 11.43, 32.86, 34.88, 17.38, 26.79, 27.51, 14.58, 17.19, 29.88, 11.11, 13.77]
a: [188.6, 197.46, 154.56, 96.57, 67.0, 92.54, 191.68, 144.23, 42.07, 28.14, 161.64, 132.12, 170.86, 109.13]
d: [5.53, 4.08, 4.79, 4.29, 4.05, 5.02, 3.58, 4.64, 4.37, 4.79, 5.4, 5.6, 3.74, 2.0]

mutation at idx = 1
