iteration: 1, time: [7.16, 10.03, 12.23, 13.64, 15.46, 19.38, 20.68, 1000, 1000, 1000, 1000, 1000], last_race_time:[1000. 1000. 1000. 1000. 1000. 1000. 1000. 1000. 1000. 1000. 1000. 1000.]
v: [12.0, 12.0, 12.0, 9.182512975220524, 12.0, 12.906587790610747, 12.0, 12.0, 12.0, 12.0, 12.0, 12.0]
a: [100.0, 100.0, 100.0, 100.0, 100.0, 100.0, 100.0, 100.0, 81.22351681394488, 100.0, 100.0, 100.0]
d: [5.0, 5.0, 5.0, 5.0, 5.0, 4.750758597544794, 5.0, 6.775556378494994, 5.0, 4.414147142284089, 5.0, 5.0]
iteration: 2, time: [6.95, 9.88, 12.12, 13.55, 19.52, 21.27, 22.65, 23.95, 24.98, 27.0, 29.44, 35.05], last_race_time:[   7.16   10.03   12.23   13.64   15.46   19.38   20.68 1000.   1000.
 1000.   1000.   1000.  ]
v: [12.0, 12.0, 12.0, 9.182512975220524, 12.0, 12.906587790610747, 12.0, 21.856846760119637, 12.0, 14.693942104989368, 11.207000692536589, 7.939769357775209]
a: [100.0, 100.0, 100.0, 100.0, 100.0, 100.0, 100.0, 100.0, 67.55600768850852, 113.65376620716884, 100.0, 100.0]
d: [5.0, 5.0, 5.0, 5.0, 5.0, 4.750758597544794, 5.0, 8.134282831994778, 13.248736057710925, 4.414147142284089, 5.0, 7.603398960718257]
iteration: 3, time: [6.98, 9.9, 12.13, 13.55, 19.51, 21.24, 22.56, 23.93, 25.07, 27.4, 30.42, 1000], last_race_time:[   6.95    9.88   12.12   13.55   15.46   19.38   20.68 1000.   1000.
 1000.   1000.   1000.  ]
v: [12.0, 12.0, 12.0, 9.182512975220524, 12.0, 12.906587790610747, 10.493985227778701, 12.0, 12.006385433515447, 12.0, 13.798177208552115, 17.69216164172935]
a: [100.0, 100.0, 100.0, 100.0, 100.0, 144.70209183068755, 100.0, 121.3999542241323, 81.22351681394488, 75.64122221443964, 100.0, 100.0]
d: [5.0, 5.0, 5.0, 5.0, 5.0, 4.750758597544794, 5.0, 6.775556378494994, 10.465391427739451, 12.025413367021946, 14.340167916383702, 5.0]
iteration: 4, time: [6.99, 9.93, 12.2, 13.62, 18.64, 26.14, 30.04, 31.48, 32.7, 34.97, 37.52, 41.49], last_race_time:[   6.95    9.88   12.12   13.55   15.46   19.38   20.68 1000.   1000.
 1000.   1000.   1000.  ]
v: [12.0, 12.0, 12.0, 9.182512975220524, 11.60445070628942, 12.906587790610747, 12.0, 12.295989128361676, 12.0, 12.0, 12.0, 20.014607626099377]
a: [100.0, 100.0, 100.0, 100.0, 134.93169102747527, 119.45795238513287, 100.0, 115.32469149339556, 81.22351681394488, 144.8815292156723, 100.0, 78.73374756075194]
d: [5.0, 5.0, 5.0, 5.0, 5.0, 11.232914790660145, 5.0, 11.259204626399956, 11.917061875062295, 4.414147142284089, 5.0, 5.0]
iteration: 5, time: [6.99, 9.92, 12.13, 13.56, 22.95, 24.58, 25.89, 27.05, 28.03, 30.1, 32.56, 36.28], last_race_time:[   6.95    9.88   12.12   13.55   15.46   19.38   20.68 1000.   1000.
 1000.   1000.   1000.  ]
v: [12.0, 12.0, 12.0, 9.182512975220524, 12.0, 16.25084522803811, 11.721357760783098, 18.484718308274815, 12.0, 12.0, 12.087079796635145, 19.904856999810946]
a: [100.0, 100.0, 100.0, 100.0, 100.0, 100.0, 142.94550046317232, 136.80618119836353, 117.25187019252473, 130.69642823486507, 100.0, 100.0]
d: [5.0, 5.0, 5.0, 5.0, 5.911470691388592, 4.750758597544794, 5.0, 11.699955573570906, 5.7215880178654, 8.113836895146123, 5.0, 5.0]
iteration: 6, time: [6.98, 9.92, 12.18, 13.61, 19.11, 20.81, 22.22, 23.63, 24.9, 1000, 1000, 1000], last_race_time:[   6.95    9.88   12.12   13.55   15.46   19.38   20.68 1000.   1000.
 1000.   1000.   1000.  ]
v: [12.0, 12.0, 12.0, 9.182512975220524, 10.877735486851147, 19.0581828209683, 12.0, 12.0, 8.039746581608549, 21.868886026840585, 12.0, 20.638112271590767]
a: [100.0, 100.0, 100.0, 100.0, 108.01487425414018, 121.17087015776224, 100.0, 100.0, 81.22351681394488, 100.0, 100.0, 100.0]
d: [5.0, 5.0, 5.0, 5.0, 5.0, 6.7607790548711595, 11.505574900553999, 6.775556378494994, 5.0, 14.106574575269304, 5.0, 5.0]
iteration: 7, time: [6.99, 9.92, 12.17, 13.6, 19.45, 21.04, 22.41, 23.69, 24.77, 26.75, 29.12, 1000], last_race_time:[   6.95    9.88   12.12   13.55   15.46   19.38   20.68 1000.   1000.
 1000.   1000.   1000.  ]
v: [12.0, 12.0, 12.0, 9.182512975220524, 12.36233918996504, 12.906587790610747, 12.0, 15.925628682233752, 11.59157661920817, 16.72245590242867, 12.0, 12.0]
a: [100.0, 100.0, 100.0, 100.0, 91.70966011633959, 124.6464511665587, 100.0, 100.0, 79.5679789526216, 100.0, 100.0, 100.0]
d: [5.0, 5.0, 5.0, 5.0, 5.0, 4.750758597544794, 4.219447668515989, 13.35711303607024, 7.499421552503226, 4.414147142284089, 10.620319154008858, 14.053531295190812]
iteration: 8, time: [7.22, 10.12, 12.34, 13.75, 15.63, 19.91, 21.07, 22.11, 23.49, 1000, 1000, 1000], last_race_time:[   6.95    9.88   12.12   13.55   15.46   19.38   20.68 1000.   1000.
 1000.   1000.   1000.  ]
v: [12.0, 12.0, 12.0, 9.182512975220524, 12.0, 15.397157852854242, 12.0, 11.283528507555685, 12.0, 18.375243817076058, 18.897120250673147, 21.48218289905757]
a: [100.0, 100.0, 100.0, 100.0, 100.0, 111.50943298330547, 100.0, 100.0, 134.7455130258473, 94.46423351077954, 100.0, 100.0]
d: [5.0, 5.0, 5.0, 5.0, 5.0, 4.750758597544794, 12.797077435694506, 6.191778742618428, 13.650404059817244, 8.225356400859132, 5.0, 5.035502682130168]
iteration: 9, time: [7.25, 10.14, 12.35, 13.78, 15.61, 19.55, 20.74, 1000, 1000, 1000, 1000, 1000], last_race_time:[   6.95    9.88   12.12   13.55   15.46   19.38   20.68 1000.   1000.
 1000.   1000.   1000.  ]
v: [12.0, 12.0, 12.0, 9.182512975220524, 12.0, 12.906587790610747, 12.0, 15.301250994294735, 20.784626951098737, 19.601492275511035, 15.816594868008735, 19.947228301070254]
a: [100.0, 100.0, 100.0, 100.0, 100.0, 132.1776815919672, 95.4322922369679, 89.34521829368276, 81.43319281949246, 100.0, 141.38251951088546, 80.96231506678279]
d: [5.0, 5.0, 5.0, 5.0, 5.0, 6.145905481549681, 5.0, 7.55589572083408, 5.0, 4.414147142284089, 8.947475988546648, 11.438772294093749]
iteration: 10, time: [6.99, 9.91, 12.16, 13.6, 19.63, 21.16, 22.55, 32.02, 34.73, 44.34, 47.58, 52.17], last_race_time:[   6.95    9.88   12.12   13.55   15.46   19.38   20.68 1000.   1000.
 1000.   1000.   1000.  ]
v: [12.0, 12.0, 12.0, 9.182512975220524, 12.0, 12.906587790610747, 12.0, 6.983696802229177, 6.185172664324301, 19.944442174509224, 16.08595412105963, 10.829334390399982]
a: [100.0, 100.0, 100.0, 100.0, 100.0, 100.0, 100.0, 106.33231149704142, 143.09930325215777, 100.0, 100.0, 100.0]
d: [5.0, 5.0, 5.0, 5.0, 5.0, 4.750758597544794, 5.0, 7.579631154293107, 5.0, 12.080968997340655, 5.0, 5.0]
iteration: 11, time: [7.25, 10.14, 12.36, 13.76, 15.27, 18.52, 1000, 1000, 1000, 1000, 1000, 1000], last_race_time:[   6.95    9.88   12.12   13.55   15.46   19.38   20.68 1000.   1000.
 1000.   1000.   1000.  ]
v: [12.0, 12.0, 12.0, 9.182512975220524, 22.899069808201503, 8.447620476888098, 15.992765473946593, 14.264402615178156, 12.0, 11.64013935175355, 12.0, 23.72992608453939]
a: [100.0, 100.0, 100.0, 100.0, 100.0, 100.0, 100.0, 100.0, 81.22351681394488, 128.72586580868705, 100.0, 77.59148098295478]
d: [5.0, 5.0, 5.0, 5.0, 5.0, 4.750758597544794, 5.0, 12.714718746563614, 5.188965486209873, 8.114508157395463, 5.0, 11.383132019900446]
iteration: 12, time: [7.22, 10.11, 12.34, 13.8, 15.31, 20.02, 1000, 1000, 1000, 1000, 1000, 1000], last_race_time:[   6.95    9.88   12.12   13.55   15.27   18.52   20.68 1000.   1000.
 1000.   1000.   1000.  ]
v: [12.0, 12.0, 12.0, 9.182512975220524, 22.899069808201503, 8.447620476888098, 12.0, 12.0, 12.0, 12.0, 12.0, 17.40480481943482]
a: [100.0, 100.0, 100.0, 100.0, 100.0, 100.0, 100.0, 65.64846298815918, 62.23615072533791, 109.96021255550264, 141.05106316645893, 105.3437485462838]
d: [5.0, 5.0, 5.0, 5.0, 5.0, 4.750758597544794, 6.118727397028079, 10.007792933950565, 4.5697911754203915, 4.414147142284089, 4.514101364643542, 13.223047654114627]
iteration: 13, time: [6.98, 9.93, 12.19, 13.6, 20.43, 21.76, 27.87, 30.54, 31.84, 33.91, 36.45, 1000], last_race_time:[   6.95    9.88   12.12   13.55   15.27   18.52   20.68 1000.   1000.
 1000.   1000.   1000.  ]
v: [12.0, 12.0, 12.0, 9.182512975220524, 12.0, 21.03466437043249, 12.0, 12.0, 12.0, 23.167381027147474, 8.460279116744916, 12.0]
a: [100.0, 100.0, 100.0, 100.0, 100.0, 100.0, 97.72258966719546, 100.0, 81.22351681394488, 73.06984455807853, 100.0, 100.0]
d: [5.0, 5.0, 5.0, 5.0, 5.0, 4.750758597544794, 5.0, 10.671222352988831, 7.190028475279317, 5.279722302099459, 5.0, 11.817310745238972]
iteration: 14, time: [6.99, 9.92, 12.15, 13.58, 17.88, 18.89, 1000, 1000, 1000, 1000, 1000, 1000], last_race_time:[   6.95    9.88   12.12   13.55   15.27   18.52   20.68 1000.   1000.
 1000.   1000.   1000.  ]
v: [12.0, 12.0, 12.0, 9.182512975220524, 24.73181668406633, 18.42616499363361, 24.20497577023218, 12.0, 6.066794762248415, 12.0, 17.108806088068985, 21.796120592157685]
a: [100.0, 100.0, 100.0, 100.0, 91.86390266883842, 100.0, 100.0, 118.46135784093352, 100.43255155433268, 83.73706603255818, 100.0, 100.0]
d: [5.0, 5.0, 5.0, 5.0, 12.61567813866511, 4.750758597544794, 5.0, 6.775556378494994, 5.0, 14.465033455773206, 12.971015373313408, 9.851324717523326]
iteration: 15, time: [6.98, 9.91, 12.16, 13.58, 15.25, 18.02, 1000, 1000, 1000, 1000, 1000, 1000], last_race_time:[   6.95    9.88   12.12   13.55   15.27   18.52   20.68 1000.   1000.
 1000.   1000.   1000.  ]
v: [12.0, 12.0, 12.0, 9.182512975220524, 20.05977362875032, 12.906587790610747, 24.430960224851823, 12.0, 24.13390720069341, 23.658843809687788, 12.0, 14.651368815589658]
a: [100.0, 100.0, 100.0, 100.0, 100.0, 100.0, 100.0, 100.0, 86.6736252869353, 100.0, 100.0, 100.0]
d: [5.0, 5.0, 5.0, 5.0, 5.0, 4.750758597544794, 5.143319607106504, 5.013083980255306, 5.0, 14.09855118524334, 5.0, 11.81601009068993]
iteration: 16, time: [6.92, 9.84, 12.09, 13.51, 18.23, 18.86, 20.44, 1000, 1000, 1000, 1000, 1000], last_race_time:[   6.95    9.88   12.12   13.55   15.25   18.02   20.68 1000.   1000.
 1000.   1000.   1000.  ]
v: [12.0, 12.0, 12.0, 9.182512975220524, 20.05977362875032, 12.906587790610747, 19.44381230264867, 23.971121790678932, 12.0, 12.0, 12.0, 7.0196615918346055]
a: [100.0, 100.0, 100.0, 100.0, 100.0, 100.0, 100.0, 98.75836345289389, 81.22351681394488, 100.0, 122.43895088659468, 104.18172311436783]
d: [5.0, 5.0, 5.0, 5.0, 5.0, 4.750758597544794, 14.102813075560924, 6.775556378494994, 5.0, 4.414147142284089, 5.0, 12.851887296285867]
iteration: 17, time: [6.98, 9.91, 12.13, 13.55, 19.65, 21.52, 26.12, 28.84, 30.09, 32.48, 35.12, 39.77], last_race_time:[   6.92    9.84   12.09   13.51   15.25   18.02   20.68 1000.   1000.
 1000.   1000.   1000.  ]
v: [12.0, 12.0, 12.0, 9.182512975220524, 12.0, 11.554828461132924, 12.0, 17.39773556045364, 12.0, 12.0, 12.0, 12.0]
a: [100.0, 100.0, 100.0, 100.0, 100.0, 96.53841701926969, 100.0, 100.0, 81.22351681394488, 100.0, 98.0874356995073, 76.18159963882411]
d: [5.0, 5.0, 5.0, 5.0, 7.519686287957695, 7.195355631268803, 12.190549555490728, 6.775556378494994, 5.0, 4.414147142284089, 5.0, 5.0]
iteration: 18, time: [6.97, 9.92, 12.18, 13.61, 18.28, 20.73, 21.86, 1000, 1000, 1000, 1000, 1000], last_race_time:[   6.92    9.84   12.09   13.51   15.25   18.02   20.68 1000.   1000.
 1000.   1000.   1000.  ]
v: [12.0, 12.0, 12.0, 9.182512975220524, 20.196934897854625, 22.35405922809538, 12.0, 11.401007452304125, 12.0, 19.432432081465635, 23.26949697333667, 12.0]
a: [100.0, 100.0, 100.0, 100.0, 100.0, 119.9171913378838, 67.86734663319969, 147.25990516626084, 81.22351681394488, 118.58539158553063, 100.0, 114.21407419439802]
d: [5.0, 5.0, 5.0, 5.0, 5.0, 12.995369300244887, 4.975625763342228, 6.775556378494994, 5.0, 12.34808269871922, 5.0, 4.3171547593794894]
iteration: 19, time: [7.03, 9.97, 12.22, 13.64, 15.22, 18.92, 20.74, 1000, 1000, 1000, 1000, 1000], last_race_time:[   6.92    9.84   12.09   13.51   15.25   18.02   20.68 1000.   1000.
 1000.   1000.   1000.  ]
v: [12.0, 12.0, 12.0, 9.182512975220524, 22.8287153957657, 19.442039705552695, 12.336357823536906, 12.0, 7.667109180465532, 12.0, 12.0, 12.516416528345829]
a: [100.0, 100.0, 100.0, 100.0, 100.08529136577874, 120.63191690800532, 100.0, 100.0, 81.22351681394488, 93.25694086160189, 74.98722721122427, 96.50107522040345]
d: [5.0, 5.0, 5.0, 5.0, 5.0, 6.35130355148325, 5.0, 6.775556378494994, 14.063322353927992, 4.414147142284089, 5.0, 11.71527263760348]
iteration: 20, time: [6.98, 9.93, 12.19, 13.65, 15.23, 18.48, 1000, 1000, 1000, 1000, 1000, 1000], last_race_time:[   6.92    9.84   12.09   13.51   15.22   18.02   20.68 1000.   1000.
 1000.   1000.   1000.  ]
v: [12.0, 12.0, 12.0, 9.182512975220524, 22.8287153957657, 9.784047397132309, 24.946210829775673, 23.746775098300084, 11.080069662554, 12.0, 12.0, 7.8750851862342275]
a: [100.0, 100.0, 100.0, 100.0, 100.08529136577874, 69.34752502225689, 100.0, 100.0, 111.9058899671324, 100.0, 146.5924854509885, 75.31666817902337]
d: [5.0, 5.0, 5.0, 5.0, 5.0, 9.735566771751095, 5.607771953194266, 11.342623454783222, 5.0, 4.414147142284089, 7.266022904838715, 8.967467906961666]
iteration: 21, time: [6.83, 9.68, 11.89, 13.32, 15.16, 18.27, 20.05, 21.33, 22.54, 24.93, 27.39, 1000], last_race_time:[   6.92    9.84   12.09   13.51   15.22   18.02   20.68 1000.   1000.
 1000.   1000.   1000.  ]
v: [12.0, 12.0, 12.0, 9.182512975220524, 12.0, 12.906587790610747, 12.0, 23.244470328640276, 8.436264929974978, 12.0, 16.38938637301046, 12.0]
a: [100.0, 100.0, 100.0, 100.0, 100.0, 100.0, 100.0, 92.49041763081308, 81.22351681394488, 100.0, 100.0, 60.56703315028371]
d: [5.0, 5.0, 5.0, 5.0, 5.0, 4.750758597544794, 5.0, 13.868979544895424, 5.0, 4.414147142284089, 11.425495879745998, 14.588257135302488]
iteration: 22, time: [6.97, 9.92, 12.16, 13.59, 19.48, 21.27, 22.61, 21.93, 24.02, 1000, 1000, 1000], last_race_time:[   6.83    9.68   11.89   13.32   15.16   18.02   20.05   21.33   22.54
   24.93   27.39 1000.  ]
v: [12.0, 12.0, 12.0, 9.182512975220524, 12.0, 12.906587790610747, 12.0, 23.244470328640276, 8.436264929974978, 12.0, 16.38938637301046, 17.983000333434298]
a: [100.0, 100.0, 100.0, 100.0, 100.0, 100.0, 100.0, 92.49041763081308, 81.22351681394488, 100.0, 100.0, 100.0]
d: [5.0, 5.0, 5.0, 5.0, 5.0, 4.750758597544794, 5.0, 13.868979544895424, 5.0, 4.414147142284089, 11.425495879745998, 5.092479584903288]
iteration: 23, time: [6.97, 9.92, 12.16, 13.58, 18.25, 1000, 1000, 1000, 1000, 1000, 1000, 1000], last_race_time:[   6.83    9.68   11.89   13.32   15.16   18.02   20.05   21.33   22.54
   24.93   27.39 1000.  ]
v: [12.0, 12.0, 12.0, 9.182512975220524, 9.225054766158696, 12.906587790610747, 17.740767131311472, 19.26430568354168, 13.080293297679813, 12.0, 12.0, 23.50167311685361]
a: [100.0, 100.0, 100.0, 100.0, 80.74310368821341, 121.72174721063583, 125.45855564107853, 100.0, 126.11869016518992, 100.0, 75.56559515432751, 125.37122817997148]
d: [5.0, 5.0, 5.0, 5.0, 4.666259145309916, 4.750758597544794, 8.037480356201389, 13.433117738897954, 14.491168193594664, 13.453758321916496, 11.843518435135579, 5.0]
iteration: 24, time: [6.98, 9.91, 12.15, 13.58, 19.55, 20.79, 1000, 1000, 1000, 1000, 1000, 1000], last_race_time:[   6.83    9.68   11.89   13.32   15.16   18.02   20.05   21.33   22.54
   24.93   27.39 1000.  ]
v: [12.0, 12.0, 12.0, 9.182512975220524, 10.089067997149353, 5.315191388905038, 14.513322659700268, 12.0, 13.698723298785518, 12.0, 21.969465612603038, 22.386610594528506]
a: [100.0, 100.0, 100.0, 100.0, 100.0, 140.31854424797828, 99.89262129709284, 104.84819869915042, 147.9732426651798, 110.38402138278072, 100.0, 67.72887209158822]
d: [5.0, 5.0, 5.0, 5.0, 5.0, 4.750758597544794, 5.0, 6.775556378494994, 5.0, 5.68168319148879, 5.0587295341653125, 6.577897332516872]
iteration: 25, time: [6.96, 9.9, 12.15, 13.59, 19.82, 21.6, 22.78, 1000, 1000, 1000, 1000, 1000], last_race_time:[   6.83    9.68   11.89   13.32   15.16   18.02   20.05   21.33   22.54
   24.93   27.39 1000.  ]
v: [12.0, 12.0, 12.0, 9.182512975220524, 12.0, 12.906587790610747, 21.701271594006876, 15.504657065543402, 12.0, 5.686950243964127, 8.935459515121885, 19.415525177966376]
a: [100.0, 100.0, 100.0, 100.0, 100.0, 66.24419066101602, 100.0, 85.99420030481386, 74.20242126241405, 100.0, 100.0, 129.19891172141763]
d: [5.0, 5.0, 5.0, 5.0, 8.234106001223635, 13.946526157646508, 5.697492036409487, 6.775556378494994, 6.011768925763466, 9.318377209010926, 5.22460643674599, 5.0]
iteration: 26, time: [6.92, 9.85, 12.07, 13.51, 18.32, 19.66, 1000, 1000, 1000, 1000, 1000, 1000], last_race_time:[   6.83    9.68   11.89   13.32   15.16   18.02   20.05   21.33   22.54
   24.93   27.39 1000.  ]
v: [12.0, 12.0, 12.0, 9.182512975220524, 12.0, 12.906587790610747, 12.0, 12.0, 22.323367599821008, 15.677148490842189, 12.0, 12.0]
a: [100.0, 100.0, 100.0, 100.0, 63.24085866522374, 100.90017446787547, 140.55452140967543, 100.0, 142.58803947028588, 80.62112397482895, 100.0, 100.0]
d: [5.0, 5.0, 5.0, 5.0, 13.631790216448985, 14.011591819747022, 9.988578074461987, 7.85441736125909, 13.402299608439023, 4.414147142284089, 5.746565902187845, 12.19361239370382]
iteration: 27, time: [6.93, 9.79, 11.99, 13.41, 15.0, 19.4, 21.88, 23.28, 24.38, 26.56, 29.01, 32.58], last_race_time:[   6.83    9.68   11.89   13.32   15.16   18.02   20.05   21.33   22.54
   24.93   27.39 1000.  ]
v: [12.0, 12.0, 12.0, 9.182512975220524, 19.191187316900685, 12.906587790610747, 12.0, 12.0, 12.057190829312143, 12.0, 14.208374213900415, 22.100823290503676]
a: [100.0, 100.0, 100.0, 100.0, 94.01535318998728, 100.0, 100.0, 100.0, 119.68088870521815, 130.7097406522735, 87.88337864170943, 107.6973198617582]
d: [5.0, 5.0, 5.0, 5.0, 8.747032396148217, 5.738033168365257, 5.0, 6.775556378494994, 5.0, 10.841667506055781, 5.0, 5.0]
iteration: 28, time: [6.99, 9.93, 12.15, 13.56, 15.26, 22.27, 23.72, 1000, 1000, 1000, 1000, 1000], last_race_time:[   6.83    9.68   11.89   13.32   15.     18.02   20.05   21.33   22.54
   24.93   27.39 1000.  ]
v: [12.0, 12.0, 12.0, 9.182512975220524, 19.191187316900685, 24.781883194124145, 12.0, 12.0, 12.0, 12.0, 12.0, 13.52640214102708]
a: [100.0, 100.0, 100.0, 100.0, 94.01535318998728, 100.0, 100.0, 100.0, 81.22351681394488, 100.0, 117.48191618485575, 100.0]
d: [5.0, 5.0, 5.0, 5.0, 8.747032396148217, 10.65050117039775, 5.0, 9.174383505115639, 11.935543873101809, 14.219155867732088, 9.924703749219612, 5.7825850608157365]
iteration: 29, time: [6.98, 9.9, 12.14, 13.56, 1000, 1000, 1000, 1000, 1000, 1000, 1000, 1000], last_race_time:[   6.83    9.68   11.89   13.32   15.     18.02   20.05   21.33   22.54
   24.93   27.39 1000.  ]
v: [12.0, 12.0, 12.0, 9.182512975220524, 12.0, 10.346642019344142, 12.0, 12.0, 16.915913561299327, 12.0, 24.5744493579514, 12.0]
a: [100.0, 100.0, 100.0, 100.0, 100.0, 114.1787037896284, 100.0, 89.64397447637606, 122.07129429826836, 129.47430499266716, 100.0, 100.0]
d: [5.0, 5.0, 5.0, 5.0, 5.0, 4.09741967964762, 5.0, 6.369435881182429, 5.0, 4.22513792542557, 13.377289937383452, 14.728311488992366]
iteration: 30, time: [6.97, 9.91, 12.13, 13.55, 19.45, 21.28, 23.0, 26.53, 1000, 1000, 1000, 1000], last_race_time:[   6.83    9.68   11.89   13.32   15.     18.02   20.05   21.33   22.54
   24.93   27.39 1000.  ]
v: [12.0, 12.0, 12.0, 9.182512975220524, 12.0, 12.906587790610747, 7.303536242273179, 18.60529480532574, 5.075314206428663, 6.429398745029722, 18.864194737251267, 12.0]
a: [100.0, 100.0, 100.0, 100.0, 100.0, 100.0, 100.0, 100.0, 81.22351681394488, 100.0, 90.52801122834529, 100.0]
d: [5.0, 5.0, 5.0, 5.0, 5.0, 5.124496782159157, 4.631887953026602, 11.996324467586703, 9.85514307515004, 9.394623436605613, 9.190648543306425, 5.0]
iteration: 31, time: [6.94, 9.79, 12.0, 13.4, 18.94, 20.52, 22.0, 23.37, 24.3, 26.13, 28.5, 32.17], last_race_time:[   6.83    9.68   11.89   13.32   15.     18.02   20.05   21.33   22.54
   24.93   27.39 1000.  ]
v: [12.0, 12.0, 12.0, 9.182512975220524, 12.0, 12.906587790610747, 10.808716379942782, 12.0, 18.395668529031838, 23.63595563263194, 10.572317875206132, 18.435531196480667]
a: [100.0, 100.0, 100.0, 100.0, 98.20273909869965, 100.0, 100.0, 101.6924680583976, 81.22351681394488, 61.94195149458782, 100.0, 113.03676032673692]
d: [5.0, 5.0, 5.0, 5.0, 4.272473274312322, 4.750758597544794, 5.0, 7.5928359969229176, 11.17053675565947, 10.93708716906133, 7.454061822928837, 5.0]
iteration: 32, time: [7.24, 10.14, 12.35, 13.75, 18.54, 19.53, 1000, 1000, 1000, 1000, 1000, 1000], last_race_time:[   6.83    9.68   11.89   13.32   15.     18.02   20.05   21.33   22.54
   24.93   27.39 1000.  ]
v: [12.0, 12.0, 12.0, 9.182512975220524, 7.257384849724073, 23.903610238443274, 12.0, 23.27852704991826, 19.88810688710997, 16.691782729415365, 17.873755694980133, 12.602936512051922]
a: [100.0, 100.0, 100.0, 100.0, 124.65893030092292, 100.0, 142.27282178568905, 100.0, 135.218582921576, 143.30716597009757, 100.0, 100.0]
d: [5.0, 5.0, 5.0, 5.0, 5.0, 4.750758597544794, 14.842804262652098, 4.8827165144701485, 4.406364723109009, 11.554257914315688, 4.455705104317766, 5.0]
iteration: 33, time: [6.91, 9.83, 12.05, 13.48, 18.47, 1000, 1000, 1000, 1000, 1000, 1000, 1000], last_race_time:[   6.83    9.68   11.89   13.32   15.     18.02   20.05   21.33   22.54
   24.93   27.39 1000.  ]
v: [12.0, 12.0, 12.0, 9.182512975220524, 13.45399712977752, 10.466935647410935, 12.0, 15.515487879480753, 12.0, 12.0, 12.0, 12.0]
a: [100.0, 100.0, 100.0, 100.0, 100.0, 100.0, 100.0, 100.0, 81.22351681394488, 100.0, 100.0, 100.0]
d: [5.0, 5.0, 5.0, 5.0, 8.19580500406687, 10.85918927478308, 14.13588126913938, 6.775556378494994, 5.0, 4.414147142284089, 5.0, 12.38704614380721]
iteration: 34, time: [7.24, 10.12, 12.35, 13.76, 15.58, 20.99, 21.93, 1000, 1000, 1000, 1000, 1000], last_race_time:[   6.83    9.68   11.89   13.32   15.     18.02   20.05   21.33   22.54
   24.93   27.39 1000.  ]
v: [12.0, 12.0, 12.0, 9.182512975220524, 12.0, 12.906587790610747, 16.46090218534609, 19.519688590266952, 12.0, 12.0, 12.0, 11.242580785559069]
a: [100.0, 100.0, 100.0, 100.0, 124.44909661264458, 90.38745683334275, 114.75051713649557, 131.30064974373954, 140.1048544912997, 142.39424072193708, 149.59682226984995, 88.58391110454659]
d: [5.0, 5.0, 5.0, 5.0, 5.0, 11.350487539396637, 11.828811030261607, 11.801239430027834, 5.0, 12.63544794649119, 7.22635481742463, 5.0]
iteration: 35, time: [7.24, 10.13, 12.35, 13.82, 15.64, 20.98, 22.78, 24.01, 24.94, 25.75, 1000, 1000], last_race_time:[   6.83    9.68   11.89   13.32   15.     18.02   20.05   21.33   22.54
   24.93   27.39 1000.  ]
v: [12.0, 12.0, 12.0, 9.182512975220524, 12.0, 13.233238310401884, 17.420240500578842, 12.0, 12.0, 23.21964549561448, 12.0, 12.0]
a: [100.0, 100.0, 100.0, 100.0, 140.35587441182116, 100.0, 101.51555845578034, 100.0, 141.2591343845207, 142.8838946319649, 100.0, 87.20438932211283]
d: [5.0, 5.0, 5.0, 5.0, 5.510863657676445, 14.067643178117217, 5.0, 5.1863503360862095, 13.808561131558385, 12.5046838490159, 8.631839620052965, 5.0]
iteration: 36, time: [7.28, 10.17, 12.41, 13.82, 18.63, 18.54, 1000, 1000, 1000, 1000, 1000, 1000], last_race_time:[   6.83    9.68   11.89   13.32   15.     18.02   20.05   21.33   22.54
   24.93   27.39 1000.  ]
v: [12.0, 12.0, 12.0, 9.182512975220524, 12.0, 12.906587790610747, 12.0, 12.0, 18.398429329443985, 12.0, 9.110794794225889, 12.0]
a: [100.0, 100.0, 100.0, 100.0, 100.0, 100.0, 136.85336858418685, 100.0, 81.22351681394488, 121.54559163218809, 68.87161006263415, 101.67962340784848]
d: [5.0, 5.0, 5.0, 5.0, 6.754858534510932, 13.453168182309605, 5.0, 6.775556378494994, 5.0, 14.89151725820947, 5.0, 9.14359371569476]
iteration: 37, time: [6.93, 9.85, 12.08, 13.47, 23.27, 29.69, 33.37, 34.74, 35.63, 1000, 1000, 1000], last_race_time:[   6.83    9.68   11.89   13.32   15.     18.02   20.05   21.33   22.54
   24.93   27.39 1000.  ]
v: [12.0, 12.0, 12.0, 9.182512975220524, 12.0, 6.161762379377203, 12.0, 12.0, 20.490252158108202, 7.20888850352228, 12.0, 6.959036732796626]
a: [100.0, 100.0, 100.0, 116.0865955179874, 100.0, 103.01500143734904, 100.0, 115.43772629507409, 106.92685169246572, 100.0, 100.0, 100.0]
d: [5.0, 5.0, 4.348643870305873, 5.6443052116480175, 5.0, 4.750758597544794, 5.0, 6.775556378494994, 5.0, 4.414147142284089, 8.757238744676062, 5.0]
iteration: 38, time: [6.98, 9.9, 12.12, 13.53, 19.33, 20.98, 25.3, 28.66, 30.12, 32.62, 35.25, 39.82], last_race_time:[   6.83    9.68   11.89   13.32   15.     18.02   20.05   21.33   22.54
   24.93   27.39 1000.  ]
v: [12.0, 12.0, 12.0, 9.182512975220524, 12.0, 19.207548831448445, 9.725676551409475, 10.156983009916583, 6.4671144278268455, 12.0, 12.0, 12.0]
a: [100.0, 100.0, 100.0, 100.0, 100.0, 126.67082564524283, 100.0, 75.09156737808415, 81.22351681394488, 113.70558763757812, 98.60356683819919, 92.54701376856667]
d: [5.0, 5.0, 5.0, 5.0, 5.0, 4.750758597544794, 10.343193115768177, 6.775556378494994, 10.909159115108377, 6.145280735058639, 8.095167308984092, 5.0]
iteration: 39, time: [7.24, 10.12, 12.33, 13.75, 19.3, 1000, 1000, 1000, 1000, 1000, 1000, 1000], last_race_time:[   6.83    9.68   11.89   13.32   15.     18.02   20.05   21.33   22.54
   24.93   27.39 1000.  ]
v: [12.0, 12.0, 12.0, 9.182512975220524, 13.676496254484363, 12.906587790610747, 9.47645716956352, 5.120348312503689, 12.0, 12.0, 12.0, 12.0]
a: [100.0, 100.0, 100.0, 100.0, 100.0, 112.8195128871403, 100.0, 100.0, 136.91537447367892, 147.65926666494755, 124.82046212774618, 100.0]
d: [5.0, 5.0, 5.0, 5.0, 10.80900890575387, 13.72151645012628, 5.0, 12.802228905763542, 14.136175716659038, 4.414147142284089, 5.0, 5.0]
iteration: 40, time: [6.94, 9.87, 12.1, 13.51, 17.25, 1000, 1000, 1000, 1000, 1000, 1000, 1000], last_race_time:[   6.83    9.68   11.89   13.32   15.     18.02   20.05   21.33   22.54
   24.93   27.39 1000.  ]
v: [12.0, 12.0, 12.0, 9.182512975220524, 8.02163090200372, 12.906587790610747, 10.303484582496212, 12.0, 12.0, 21.957820370143082, 16.870523839700194, 18.712985921199916]
a: [100.0, 100.0, 100.0, 100.0, 100.0, 102.36169415859177, 100.0, 100.0, 81.22351681394488, 100.0, 140.89781684752285, 100.0]
d: [5.0, 5.0, 5.0, 5.0, 5.226865466144286, 4.750758597544794, 5.0, 13.348674068142305, 12.769525435804622, 11.444922690591767, 10.194855622706761, 5.0]
iteration: 41, time: [7.0, 9.93, 12.15, 13.57, 19.45, 21.24, 26.74, 28.68, 29.84, 32.16, 34.73, 39.19], last_race_time:[   6.83    9.68   11.89   13.32   15.     18.02   20.05   21.33   22.54
   24.93   27.39 1000.  ]
v: [12.0, 12.0, 12.0, 9.182512975220524, 12.241147498435955, 12.906587790610747, 6.137464278847866, 12.0, 12.0, 12.0, 12.0, 12.0]
a: [100.0, 100.0, 100.0, 100.0, 100.0, 100.0, 108.47855216205403, 100.0, 129.33498727785482, 127.86600397141417, 100.0, 100.0]
d: [5.0, 5.0, 5.0, 5.0, 6.133413101184866, 4.750758597544794, 5.0, 6.775556378494994, 12.138487309929063, 4.414147142284089, 5.0, 9.463712272544942]
iteration: 42, time: [6.93, 9.87, 12.11, 13.54, 19.46, 25.17, 30.58, 31.92, 33.08, 35.42, 37.95, 42.55], last_race_time:[   6.83    9.68   11.89   13.32   15.     18.02   20.05   21.33   22.54
   24.93   27.39 1000.  ]
v: [12.0, 12.0, 12.0, 9.182512975220524, 12.0, 16.27293539891393, 20.625522281152517, 12.0, 9.459755245883754, 12.0, 13.023727168031344, 12.0]
a: [100.0, 100.0, 100.0, 100.0, 100.0, 122.84728045378094, 84.92153872842736, 100.0, 91.0977425685165, 112.96269661496304, 111.2235243555099, 74.30159795899361]
d: [5.0, 5.0, 5.0, 5.0, 5.0, 14.979738219950667, 5.0, 6.775556378494994, 5.0, 11.284644746690917, 4.254641230319061, 5.0]
iteration: 43, time: [7.24, 10.11, 12.34, 13.73, 15.22, 18.5, 1000, 1000, 1000, 1000, 1000, 1000], last_race_time:[   6.83    9.68   11.89   13.32   15.     18.02   20.05   21.33   22.54
   24.93   27.39 1000.  ]
v: [12.0, 12.0, 12.0, 9.182512975220524, 24.181098688982633, 12.906587790610747, 12.0, 23.422020744633564, 12.0, 12.0, 19.344394157624023, 12.0]
a: [100.0, 100.0, 100.0, 100.0, 117.56587209771452, 93.92598967843723, 100.0, 100.0, 81.66838636862941, 100.0, 100.0, 100.0]
d: [5.0, 5.0, 5.0, 5.0, 7.634833301457848, 4.702696973359381, 5.0, 10.463687097661742, 5.0, 4.414147142284089, 6.441464091091893, 5.0]
iteration: 44, time: [6.92, 9.86, 12.07, 13.5, 19.48, 21.26, 22.43, 27.72, 29.99, 33.49, 1000, 1000], last_race_time:[   6.83    9.68   11.89   13.32   15.     18.02   20.05   21.33   22.54
   24.93   27.39 1000.  ]
v: [12.0, 12.0, 12.0, 9.182512975220524, 12.0, 12.906587790610747, 21.51274711470226, 9.7493421538361, 9.192113842648144, 7.982648554889369, 7.228668383291135, 9.65386423478378]
a: [100.0, 100.0, 100.0, 100.0, 100.0, 100.0, 100.0, 100.0, 81.22351681394488, 75.30472952603316, 100.0, 100.0]
d: [5.0, 5.0, 5.0, 5.0, 5.0, 4.750758597544794, 8.764616382177813, 6.775556378494994, 5.0, 4.955852448834085, 14.58945322494731, 11.264825187740419]
iteration: 45, time: [6.94, 9.79, 12.0, 13.4, 18.8, 20.32, 21.33, 22.32, 23.23, 25.37, 28.27, 1000], last_race_time:[   6.83    9.68   11.89   13.32   15.     18.02   20.05   21.33   22.54
   24.93   27.39 1000.  ]
v: [12.0, 12.0, 12.0, 9.182512975220524, 12.0, 19.102076825654038, 24.791974231686268, 19.30034327468443, 12.0, 10.224233083934958, 6.564520307297523, 12.0]
a: [100.0, 100.0, 100.0, 100.0, 100.0, 100.0, 100.0, 114.61259830552686, 81.22351681394488, 100.0, 100.0, 149.8630120756132]
d: [5.0, 5.0, 5.0, 5.0, 5.936287150208573, 6.078257710718624, 5.0, 13.758062582408797, 5.0, 4.414147142284089, 11.481715843677232, 13.236765660449498]
iteration: 46, time: [6.97, 9.92, 12.13, 13.54, 18.47, 1000, 1000, 1000, 1000, 1000, 1000, 1000], last_race_time:[   6.83    9.68   11.89   13.32   15.     18.02   20.05   21.33   22.54
   24.93   27.39 1000.  ]
v: [12.0, 12.0, 12.0, 9.182512975220524, 13.253202078155395, 12.906587790610747, 20.835497774773415, 19.353051668835246, 12.0, 12.0, 12.0, 12.0]
a: [100.0, 100.0, 100.0, 100.0, 100.0, 68.81610198097785, 100.0, 100.0, 68.2697808479153, 100.0, 125.07330274589602, 119.70912743792496]
d: [5.0, 5.0, 5.0, 5.0, 5.0, 4.750758597544794, 5.0, 6.775556378494994, 12.279843854216567, 12.095764314255552, 6.625710095750048, 11.448886207511077]
iteration: 47, time: [6.92, 9.84, 12.07, 13.5, 15.11, 1000, 1000, 1000, 1000, 1000, 1000, 1000], last_race_time:[   6.83    9.68   11.89   13.32   15.     18.02   20.05   21.33   22.54
   24.93   27.39 1000.  ]
v: [12.0, 12.0, 12.0, 9.182512975220524, 22.877801806570496, 20.933714666847766, 12.0, 13.460615899991888, 5.412220554793359, 17.260698537113974, 12.0, 21.284618903606585]
a: [100.0, 100.0, 100.0, 100.0, 135.86207423391244, 100.0, 106.48647514950089, 100.0, 81.22351681394488, 100.0, 100.0, 100.0]
d: [5.0, 5.0, 5.0, 5.0, 8.71086537925262, 4.750758597544794, 10.57334983854081, 6.775556378494994, 5.0, 7.8723623794438335, 12.374475483193907, 5.0]
iteration: 48, time: [6.93, 9.77, 11.97, 13.39, 18.21, 17.98, 1000, 1000, 1000, 1000, 1000, 1000], last_race_time:[   6.83    9.68   11.89   13.32   15.     18.02   20.05   21.33   22.54
   24.93   27.39 1000.  ]
v: [12.0, 12.0, 12.0, 9.182512975220524, 12.0, 16.502051584399908, 12.0, 11.47641837811193, 15.445609661281747, 24.129461772487776, 12.0, 12.0]
a: [100.0, 100.0, 100.0, 100.0, 100.0, 146.21787300387652, 128.8995406416932, 111.74567738944805, 110.43418932388562, 100.0, 92.74767823386804, 100.0]
d: [5.0, 5.0, 5.0, 5.0, 5.0, 9.611145494016272, 5.0, 6.926008625301526, 13.498846484089189, 4.414147142284089, 12.780206285066456, 7.680739393663556]
iteration: 49, time: [6.92, 9.77, 11.98, 13.4, 15.21, 20.66, 22.79, 1000, 1000, 1000, 1000, 1000], last_race_time:[   6.83    9.68   11.89   13.32   15.     18.02   20.05   21.33   22.54
   24.93   27.39 1000.  ]
v: [12.0, 12.0, 12.0, 9.182512975220524, 12.0, 12.906587790610747, 5.222682959071889, 12.0, 12.0, 12.0, 11.450642202341337, 12.0]
a: [100.0, 100.0, 100.0, 100.0, 114.34703421974764, 66.09195616911238, 129.14298245146472, 107.78300449527997, 81.22351681394488, 70.2311745544944, 134.29256325263276, 100.0]
d: [5.0, 5.0, 5.0, 5.0, 5.0, 4.750758597544794, 10.495173435093006, 14.183045171340206, 5.0, 14.269647257362791, 12.823673014803317, 5.0]
iteration: 50, time: [7.23, 10.12, 12.34, 13.81, 15.67, 24.02, 27.72, 29.11, 30.12, 32.47, 34.78, 1000], last_race_time:[   6.83    9.68   11.89   13.32   15.     18.02   20.05   21.33   22.54
   24.93   27.39 1000.  ]
v: [12.0, 12.0, 12.0, 9.182512975220524, 12.0, 12.906587790610747, 12.0, 12.0, 24.231735719006494, 6.765543607416964, 17.837783718934993, 8.704036992376746]
a: [100.0, 100.0, 100.0, 100.0, 100.0, 65.32746448922587, 100.0, 100.0, 70.37869821178154, 100.0, 144.53894957266664, 100.0]
d: [5.0, 5.0, 5.0, 5.0, 5.0, 8.357203465728468, 5.0, 6.775556378494994, 13.46783938387632, 4.414147142284089, 5.0, 5.0]
iteration: 51, time: [7.22, 10.11, 12.32, 13.73, 1000, 1000, 1000, 1000, 1000, 1000, 1000, 1000], last_race_time:[   6.83    9.68   11.89   13.32   15.     18.02   20.05   21.33   22.54
   24.93   27.39 1000.  ]
v: [12.0, 12.0, 12.0, 9.182512975220524, 11.138564208568349, 10.13373673882478, 12.0, 12.0, 16.243171110537105, 12.0, 12.0, 12.0]
a: [100.0, 100.0, 100.0, 100.0, 100.0, 135.42433582889691, 89.72515068257437, 100.0, 70.36402648132551, 101.99839374671004, 100.0, 146.13645647159896]
d: [5.0, 5.0, 5.0, 5.0, 9.508018237143316, 5.443991533992673, 5.0, 4.259079854854251, 5.0, 9.310652127997107, 10.88649725297719, 8.702399905793662]
iteration: 52, time: [6.94, 9.86, 12.1, 13.53, 1000, 1000, 1000, 1000, 1000, 1000, 1000, 1000], last_race_time:[   6.83    9.68   11.89   13.32   15.     18.02   20.05   21.33   22.54
   24.93   27.39 1000.  ]
v: [12.0, 12.0, 12.0, 9.182512975220524, 17.75888299496777, 13.658802139469824, 9.423458947188347, 12.0, 7.2614657952980055, 12.0, 13.042829845195858, 12.0]
a: [100.0, 100.0, 100.0, 100.0, 148.50074356970586, 100.0, 74.0039118678717, 61.561755318491194, 81.22351681394488, 74.6356486213286, 138.80789719080389, 100.0]
d: [5.0, 5.0, 5.0, 5.0, 14.264888341131961, 12.040788972910818, 12.714609383313372, 7.583600239584541, 5.0, 4.414147142284089, 7.023210685116952, 13.06507633626471]
iteration: 53, time: [6.92, 9.79, 12.0, 13.4, 14.75, 1000, 1000, 1000, 1000, 1000, 1000, 1000], last_race_time:[   6.83    9.68   11.89   13.32   15.     18.02   20.05   21.33   22.54
   24.93   27.39 1000.  ]
v: [12.0, 12.0, 12.0, 9.182512975220524, 22.196803922418386, 12.906587790610747, 14.65701457330679, 12.0, 12.0, 16.650600333643702, 22.567869688149496, 12.0]
a: [100.0, 100.0, 100.0, 100.0, 144.9604648642471, 88.00284995478015, 100.0, 100.0, 81.22351681394488, 126.16303661008574, 81.57799352150147, 61.31610117050773]
d: [5.0, 5.0, 5.0, 5.0, 7.226992518430695, 4.750758597544794, 5.0, 8.102640873205296, 9.562621034531512, 4.414147142284089, 12.564084668557497, 7.259958376420736]
iteration: 54, time: [6.94, 9.79, 11.99, 13.38, 14.75, 1000, 1000, 1000, 1000, 1000, 1000, 1000], last_race_time:[   6.83    9.68   11.89   13.32   14.75   18.02   20.05   21.33   22.54
   24.93   27.39 1000.  ]
v: [12.0, 12.0, 12.0, 9.182512975220524, 22.196803922418386, 12.906587790610747, 8.464268003439962, 12.0, 5.678790691654864, 24.600887158191366, 5.195231323694154, 12.0]
a: [100.0, 100.0, 100.0, 100.0, 144.9604648642471, 135.74107514514887, 100.0, 100.0, 81.22351681394488, 144.21190376794, 100.0, 100.0]
d: [5.0, 5.0, 5.0, 5.0, 7.226992518430695, 4.750758597544794, 5.0, 6.775556378494994, 5.0, 4.414147142284089, 11.59003109357484, 11.684568725470381]
iteration: 55, time: [6.93, 9.86, 12.09, 13.51, 19.65, 21.53, 22.58, 22.49, 1000, 1000, 1000, 1000], last_race_time:[   6.83    9.68   11.89   13.32   14.75   18.02   20.05   21.33   22.54
   24.93   27.39 1000.  ]
v: [12.0, 12.0, 12.0, 9.182512975220524, 12.0, 12.906587790610747, 21.955786167045478, 7.9995386881599595, 20.71251086784026, 16.786264800455584, 16.750617155195037, 10.358461574563464]
a: [100.0, 100.0, 100.0, 100.0, 100.0, 68.24568267898475, 133.10741031824128, 100.0, 118.77971010088127, 122.75967152562318, 100.0, 81.23633281017707]
d: [5.0, 5.0, 5.0, 5.0, 5.0, 4.750758597544794, 5.0, 8.534091677801891, 4.76688742357393, 4.414147142284089, 5.0, 11.940650813915257]
iteration: 56, time: [6.91, 9.76, 11.98, 13.39, 14.94, 17.96, 1000, 1000, 1000, 1000, 1000, 1000], last_race_time:[   6.83    9.68   11.89   13.32   14.75   18.02   20.05   21.33   22.54
   24.93   27.39 1000.  ]
v: [12.0, 12.0, 12.0, 9.182512975220524, 21.820108281125485, 12.906587790610747, 12.20040737103246, 12.0, 6.895027755347593, 12.0, 21.6792478984654, 9.720342203163119]
a: [100.0, 100.0, 100.0, 100.0, 100.0, 73.11600722565399, 100.0, 134.33643023173573, 86.60080830734648, 100.0, 89.83641834159192, 100.0]
d: [5.0, 5.0, 5.0, 5.0, 9.251268117803768, 4.750758597544794, 5.0, 8.316456063695526, 7.390147589307112, 10.737035664090683, 5.0, 12.905581372194582]
iteration: 57, time: [6.94, 9.87, 12.12, 13.54, 19.6, 21.4, 22.88, 24.45, 25.94, 28.6, 30.77, 34.99], last_race_time:[   6.83    9.68   11.89   13.32   14.75   17.96   20.05   21.33   22.54
   24.93   27.39 1000.  ]
v: [12.0, 12.0, 12.0, 9.182512975220524, 12.0, 12.906587790610747, 12.0, 8.051762105061213, 6.575009021609349, 12.0, 23.943581924154323, 12.656065114664148]
a: [100.0, 100.0, 100.0, 100.0, 100.0, 73.11600722565399, 72.60626481085869, 100.0, 81.22351681394488, 100.0, 100.0, 100.0]
d: [5.0, 5.0, 5.0, 5.0, 5.0, 4.750758597544794, 5.0, 6.775556378494994, 5.0, 6.615724316529869, 5.0, 7.7644473039078665]
iteration: 58, time: [7.23, 10.11, 12.33, 13.74, 15.6, 19.59, 1000, 1000, 1000, 1000, 1000, 1000], last_race_time:[   6.83    9.68   11.89   13.32   14.75   17.96   20.05   21.33   22.54
   24.93   27.39 1000.  ]
v: [12.0, 12.0, 12.0, 9.182512975220524, 12.0, 17.93204098038934, 5.462866482812618, 12.0, 8.19809932219097, 11.556466468544702, 12.0, 12.0]
a: [100.0, 100.0, 100.0, 100.0, 95.97059195655038, 100.0, 89.33185511053759, 133.14897722512686, 81.22351681394488, 100.0, 139.2198291517062, 124.0598365059362]
d: [5.0, 5.0, 5.0, 5.0, 7.475317725848804, 11.111511421262517, 5.0, 14.83807550066551, 6.828329300270581, 4.341270794021684, 7.406119357061599, 4.647292612394395]
iteration: 59, time: [6.96, 9.88, 12.09, 13.51, 19.66, 20.96, 1000, 1000, 1000, 1000, 1000, 1000], last_race_time:[   6.83    9.68   11.89   13.32   14.75   17.96   20.05   21.33   22.54
   24.93   27.39 1000.  ]
v: [12.0, 12.0, 12.0, 9.182512975220524, 12.0, 12.906587790610747, 12.0, 12.0, 12.0, 12.0, 23.18806164023947, 10.135976220810656]
a: [100.0, 100.0, 100.0, 100.0, 100.0, 143.39294866115347, 100.0, 100.0, 81.22351681394488, 100.0, 105.23970255709654, 92.63007664830657]
d: [5.0, 5.0, 5.0, 5.0, 10.648471719161654, 4.750758597544794, 5.0, 6.775556378494994, 12.436398137767696, 4.57806401862153, 7.992341988589715, 5.0]
iteration: 60, time: [6.98, 9.91, 12.15, 13.57, 19.64, 21.2, 22.32, 23.42, 24.46, 26.64, 29.23, 33.67], last_race_time:[   6.83    9.68   11.89   13.32   14.75   17.96   20.05   21.33   22.54
   24.93   27.39 1000.  ]
v: [12.0, 12.0, 12.0, 9.182512975220524, 12.0, 11.736716587178922, 19.118986443915208, 12.0, 12.0, 12.0, 12.0, 12.0]
a: [100.0, 100.0, 100.0, 100.0, 100.0, 100.0, 107.65959606482434, 96.1625445529879, 81.22351681394488, 100.0, 100.0, 144.51984090638268]
d: [5.0, 5.0, 5.0, 5.0, 5.0, 5.532230032152899, 5.0, 7.1493618926615135, 14.876889508233512, 4.414147142284089, 6.48949077484285, 6.199201391268147]
iteration: 61, time: [6.97, 9.9, 12.12, 13.53, 23.72, 25.28, 29.31, 1000, 1000, 1000, 1000, 1000], last_race_time:[   6.83    9.68   11.89   13.32   14.75   17.96   20.05   21.33   22.54
   24.93   27.39 1000.  ]
v: [12.0, 12.0, 12.0, 9.182512975220524, 12.0, 11.37713813765765, 12.0, 22.78073339103359, 12.0, 12.0, 24.68244788643792, 12.0]
a: [100.0, 100.0, 100.0, 100.0, 147.6320263176101, 100.0, 82.39930656719115, 100.0, 120.61318529924802, 100.0, 123.98819567090504, 128.99169391759787]
d: [5.0, 5.0, 5.0, 5.0, 5.0, 13.324068866431821, 5.0, 6.775556378494994, 12.86438573408523, 6.807183485175211, 5.0, 11.36490456495484]
iteration: 62, time: [6.99, 9.92, 12.15, 13.58, 17.28, 1000, 1000, 1000, 1000, 1000, 1000, 1000], last_race_time:[   6.83    9.68   11.89   13.32   14.75   17.96   20.05   21.33   22.54
   24.93   27.39 1000.  ]
v: [12.0, 12.0, 12.0, 9.182512975220524, 7.853958501888652, 12.906587790610747, 14.924990097996282, 11.48997408365567, 12.0, 13.376673517103299, 12.0, 12.0]
a: [100.0, 100.0, 100.0, 100.0, 100.0, 132.9016275994183, 100.0, 100.0, 81.22351681394488, 100.0, 100.0, 100.0]
d: [5.0, 5.0, 5.0, 5.0, 5.0, 4.750758597544794, 5.0, 6.775556378494994, 14.878598645200055, 10.74176485357943, 11.166427332290821, 12.085165437634604]
iteration: 63, time: [6.97, 9.89, 12.11, 13.54, 19.47, 21.3, 22.66, 27.73, 29.77, 32.48, 35.35, 39.91], last_race_time:[   6.83    9.68   11.89   13.32   14.75   17.96   20.05   21.33   22.54
   24.93   27.39 1000.  ]
v: [12.0, 12.0, 12.0, 9.182512975220524, 12.0, 12.906587790610747, 12.0, 8.57211904641817, 18.632482608562924, 8.668403922102728, 12.0, 12.0]
a: [100.0, 100.0, 100.0, 100.0, 147.82433575125282, 100.0, 89.60658191908993, 100.0, 81.22351681394488, 105.01641632844853, 100.0, 100.0]
d: [5.0, 5.0, 5.0, 5.0, 9.635581644871905, 4.750758597544794, 5.0, 14.24176489515863, 5.0, 4.414147142284089, 5.0, 5.0]
iteration: 64, time: [6.96, 9.89, 12.11, 13.53, 19.31, 1000, 1000, 1000, 1000, 1000, 1000, 1000], last_race_time:[   6.83    9.68   11.89   13.32   14.75   17.96   20.05   21.33   22.54
   24.93   27.39 1000.  ]
v: [12.0, 12.0, 12.0, 9.182512975220524, 21.946742040318924, 12.906587790610747, 12.25478673207607, 8.860078691942924, 8.466608130170115, 23.636674718360574, 14.188945414015157, 12.0]
a: [100.0, 100.0, 100.0, 100.0, 131.10535187156967, 67.39396043821507, 100.0, 100.0, 62.43030667826624, 101.58458028366496, 100.0, 100.0]
d: [5.0, 5.0, 5.0, 5.0, 11.563426035149831, 14.302812686410421, 5.0, 11.530366452029075, 5.0, 4.414147142284089, 5.0, 11.327634824500173]
iteration: 65, time: [6.97, 9.9, 12.12, 13.55, 18.56, 20.68, 1000, 1000, 1000, 1000, 1000, 1000], last_race_time:[   6.83    9.68   11.89   13.32   14.75   17.96   20.05   21.33   22.54
   24.93   27.39 1000.  ]
v: [12.0, 12.0, 12.0, 9.182512975220524, 14.11246283051373, 12.597841795091123, 12.0, 12.0, 12.0, 16.671241430479366, 12.0, 8.313218247956486]
a: [100.0, 100.0, 100.0, 100.0, 100.0, 149.09045437189388, 100.0, 123.01882914347851, 64.4127824871619, 100.0, 86.25142936806331, 100.0]
d: [5.0, 5.0, 5.0, 5.0, 5.0, 4.750758597544794, 12.50466972634987, 6.775556378494994, 5.0, 4.414147142284089, 12.785470513364986, 5.0]
iteration: 66, time: [6.97, 9.9, 12.14, 13.57, 18.34, 23.69, 25.3, 26.41, 27.43, 29.58, 31.95, 36.08], last_race_time:[   6.83    9.68   11.89   13.32   14.75   17.96   20.05   21.33   22.54
   24.93   27.39 1000.  ]
v: [12.0, 12.0, 12.0, 9.182512975220524, 15.494887751079474, 23.924059445272672, 21.999239510092067, 12.0, 12.0, 12.0, 17.659716542706686, 13.066510340772947]
a: [100.0, 100.0, 100.0, 100.0, 100.0, 100.0, 110.94507993013502, 100.0, 84.92990961944065, 100.0, 100.0, 100.0]
d: [5.0, 5.0, 5.0, 5.0, 5.0, 4.750758597544794, 5.0, 6.775556378494994, 13.427483453963491, 4.414147142284089, 5.0, 5.0]
iteration: 67, time: [6.99, 9.91, 12.15, 13.59, 19.47, 21.12, 22.48, 23.68, 24.66, 29.7, 32.2, 36.07], last_race_time:[   6.83    9.68   11.89   13.32   14.75   17.96   20.05   21.33   22.54
   24.93   27.39 1000.  ]
v: [12.0, 12.0, 12.0, 9.182512975220524, 12.0, 20.263868708226788, 12.0, 19.01690008264526, 14.326651723078614, 14.775854377014637, 12.0, 16.8261300290576]
a: [100.0, 100.0, 100.0, 100.0, 100.0, 67.82209744610837, 100.0, 76.29426004552717, 81.22351681394488, 100.0, 77.73249815830269, 100.0]
d: [5.0, 5.0, 5.0, 5.0, 5.0, 5.604453006275642, 5.0, 6.775556378494994, 5.0, 11.944865775241158, 5.0, 5.0]
iteration: 68, time: [7.22, 10.1, 12.32, 13.74, 17.66, 19.18, 1000, 1000, 1000, 1000, 1000, 1000], last_race_time:[   6.83    9.68   11.89   13.32   14.75   17.96   20.05   21.33   22.54
   24.93   27.39 1000.  ]
v: [12.0, 12.0, 12.0, 9.182512975220524, 12.095690251086937, 12.147455822547212, 24.64662287628108, 12.0, 20.84528784064269, 12.0, 12.0, 6.007838041313402]
a: [100.0, 100.0, 100.0, 100.0, 142.5188000470531, 100.0, 61.795259643571185, 100.0, 102.10021720821837, 100.0, 70.07885980827133, 100.53030455815868]
d: [5.0, 5.0, 5.0, 5.0, 14.605064482987327, 4.750758597544794, 5.0, 6.775556378494994, 8.416235147798773, 4.414147142284089, 5.0, 5.0]
iteration: 69, time: [6.97, 9.9, 12.13, 13.55, 19.47, 21.25, 22.61, 23.94, 24.83, 26.52, 28.77, 33.33], last_race_time:[   6.83    9.68   11.89   13.32   14.75   17.96   20.05   21.33   22.54
   24.93   27.39 1000.  ]
v: [12.0, 12.0, 12.0, 9.182512975220524, 12.0, 12.906587790610747, 12.0, 12.0, 22.401805342263753, 24.689487126942154, 12.0, 12.0]
a: [100.0, 100.0, 100.0, 100.0, 100.0, 100.0, 104.51536237209834, 117.87434473008989, 81.22351681394488, 88.87024726379184, 127.29915507399404, 84.80410271312748]
d: [5.0, 5.0, 5.0, 5.0, 8.629960879410065, 4.750758597544794, 5.0, 12.69523994105303, 10.575524011201843, 4.414147142284089, 9.699063812543375, 5.0]
iteration: 70, time: [6.98, 9.9, 12.13, 13.54, 18.45, 21.12, 22.48, 23.63, 24.45, 25.57, 1000, 1000], last_race_time:[   6.83    9.68   11.89   13.32   14.75   17.96   20.05   21.33   22.54
   24.93   27.39 1000.  ]
v: [12.0, 12.0, 12.0, 9.182512975220524, 12.0, 23.78528701989922, 12.0, 12.0, 21.493710014047913, 6.332986459958465, 12.571570049646354, 12.0]
a: [100.0, 100.0, 100.0, 100.0, 146.53280558508936, 70.57316256806061, 100.0, 133.4834298126745, 111.70064811044958, 100.0, 145.2700674639597, 100.0]
d: [5.0, 5.0, 5.0, 5.0, 5.0, 4.750758597544794, 5.0, 10.455811504989292, 7.65014241083639, 14.253986636311497, 4.360262748013902, 5.0]
iteration: 71, time: [6.97, 9.9, 12.12, 13.54, 18.26, 18.27, 19.56, 1000, 1000, 1000, 1000, 1000], last_race_time:[   6.83    9.68   11.89   13.32   14.75   17.96   20.05   21.33   22.54
   24.93   27.39 1000.  ]
v: [12.0, 12.0, 12.0, 9.182512975220524, 17.36092868069158, 12.906587790610747, 12.0, 12.0, 12.0, 19.942295256902334, 16.469885779238545, 23.648404432296207]
a: [100.0, 100.0, 100.0, 100.0, 132.3698338146967, 147.89650020014076, 100.0, 98.0612717642126, 146.48172276368717, 100.0, 83.96771280383913, 62.45105077761406]
d: [5.0, 5.0, 5.0, 5.0, 9.301728127161045, 4.750758597544794, 6.33259159182054, 9.56098356295479, 14.898695532214486, 4.414147142284089, 4.760009319227407, 5.0]
iteration: 72, time: [6.93, 9.79, 12.01, 13.4, 14.92, 18.7, 1000, 1000, 1000, 1000, 1000, 1000], last_race_time:[   6.83    9.68   11.89   13.32   14.75   17.96   20.05   21.33   22.54
   24.93   27.39 1000.  ]
v: [12.0, 12.0, 12.0, 9.182512975220524, 19.63220536402355, 16.79116791914648, 12.0, 12.896069841806524, 13.024075408955454, 12.0, 12.0, 12.0]
a: [100.0, 100.0, 100.0, 100.0, 100.0, 100.0, 100.0, 100.0, 81.22351681394488, 100.0, 100.0, 110.36359496589434]
d: [5.0, 5.0, 5.0, 5.0, 5.0, 4.750480765321924, 8.565216452355054, 6.775556378494994, 5.0, 4.414147142284089, 9.870851709567361, 8.589331551602118]
iteration: 73, time: [6.98, 9.9, 12.12, 13.53, 19.81, 25.28, 31.42, 34.98, 36.1, 38.37, 40.99, 45.28], last_race_time:[   6.83    9.68   11.89   13.32   14.75   17.96   20.05   21.33   22.54
   24.93   27.39 1000.  ]
v: [12.0, 12.0, 12.0, 9.182512975220524, 12.0, 6.847526605435186, 12.0, 23.93756487897203, 11.198810091676325, 12.0, 12.0, 17.260912417685038]
a: [100.0, 100.0, 100.0, 100.0, 100.0, 100.0, 60.3566829087677, 125.08803260118215, 91.57818282551072, 110.03525737943534, 100.0, 66.43673128370763]
d: [5.0, 5.0, 5.0, 5.0, 5.0, 13.875146608877145, 5.0, 6.775556378494994, 5.0, 5.349900715161892, 4.639674904850581, 5.0]
iteration: 74, time: [6.97, 9.9, 12.14, 13.57, 18.87, 21.48, 23.13, 24.65, 25.88, 25.24, 27.71, 32.07], last_race_time:[   6.83    9.68   11.89   13.32   14.75   17.96   20.05   21.33   22.54
   24.93   27.39 1000.  ]
v: [12.0, 12.0, 12.0, 9.182512975220524, 12.0, 10.670448557753488, 6.493233948912723, 14.816941894088105, 12.0, 12.0, 15.08333684308454, 12.0]
a: [100.0, 100.0, 100.0, 100.0, 100.0, 100.0, 139.70141891178093, 97.77629911736669, 70.30442696195462, 100.0, 100.0, 100.0]
d: [5.0, 5.0, 5.0, 5.0, 6.673820477483407, 4.750758597544794, 8.602285026389925, 13.673449636689883, 5.0, 5.878287738794315, 13.61239268660313, 5.0]
iteration: 75, time: [7.23, 10.1, 12.32, 13.73, 18.62, 18.32, 19.62, 1000, 1000, 1000, 1000, 1000], last_race_time:[   6.83    9.68   11.89   13.32   14.75   17.96   20.05   21.33   22.54
   24.93   27.39 1000.  ]
v: [12.0, 12.0, 12.0, 9.182512975220524, 12.0, 12.906587790610747, 12.0, 12.0, 22.92611260828814, 12.0, 21.792717264054467, 12.0]
a: [100.0, 100.0, 100.0, 100.0, 100.0, 129.49838059778023, 100.0, 100.0, 136.3051101042812, 100.0, 99.49673356420494, 100.0]
d: [5.0, 5.0, 5.0, 5.0, 5.0, 8.071052716549815, 11.654106170700889, 4.39782978034332, 5.0, 4.414147142284089, 14.389740252465312, 5.0]
iteration: 76, time: [6.93, 9.86, 12.08, 13.51, 17.43, 1000, 1000, 1000, 1000, 1000, 1000, 1000], last_race_time:[   6.83    9.68   11.89   13.32   14.75   17.96   20.05   21.33   22.54
   24.93   27.39 1000.  ]
v: [12.0, 12.0, 12.0, 9.182512975220524, 7.372276836814344, 12.906587790610747, 12.0, 12.0, 23.329059986247028, 11.96982913617208, 12.0, 12.0]
a: [100.0, 100.0, 100.0, 100.0, 100.0, 62.87011256976035, 71.33925427343914, 100.0, 137.4141277813324, 123.05914991571673, 100.0, 100.0]
d: [5.0, 5.0, 5.0, 5.0, 5.0, 9.820619584365478, 5.0, 7.7544246537245485, 5.0, 10.53737478863001, 5.0, 5.0]
iteration: 77, time: [6.92, 9.84, 12.09, 13.51, 18.5, 19.67, 21.04, 22.39, 23.48, 25.55, 28.05, 33.76], last_race_time:[   6.83    9.68   11.89   13.32   14.75   17.96   20.05   21.33   22.54
   24.93   27.39 1000.  ]
v: [12.0, 12.0, 12.0, 9.182512975220524, 12.0, 12.906587790610747, 12.0, 12.0, 12.0, 14.431039813943773, 12.0, 7.689089515210563]
a: [100.0, 100.0, 100.0, 100.0, 146.63051923094145, 136.38441740933547, 91.6620111174534, 100.0, 131.62766956549638, 100.0, 100.0, 125.42922637150046]
d: [5.0, 5.0, 5.0, 5.0, 4.370380627537373, 4.750758597544794, 5.0, 6.775556378494994, 5.0, 4.414147142284089, 5.0, 11.778213506759876]
iteration: 78, time: [7.21, 10.1, 12.33, 13.74, 23.32, 1000, 1000, 1000, 1000, 1000, 1000, 1000], last_race_time:[   6.83    9.68   11.89   13.32   14.75   17.96   20.05   21.33   22.54
   24.93   27.39 1000.  ]
v: [12.0, 12.0, 12.0, 9.182512975220524, 12.0, 16.645628036548302, 6.538687978259929, 12.0, 12.548853046317278, 23.7882538529927, 12.0, 11.18567308409624]
a: [100.0, 100.0, 100.0, 100.0, 100.0, 100.0, 76.96673316405077, 100.0, 136.97605552643245, 100.0, 89.41301770735782, 66.74322902128566]
d: [5.0, 5.0, 5.0, 5.0, 9.391498452216386, 11.544191461639034, 12.36123423541888, 14.217653832521084, 7.126917918106969, 4.414147142284089, 5.0, 9.444864062620905]
iteration: 79, time: [6.93, 9.84, 12.06, 13.49, 20.87, 21.92, 1000, 1000, 1000, 1000, 1000, 1000], last_race_time:[   6.83    9.68   11.89   13.32   14.75   17.96   20.05   21.33   22.54
   24.93   27.39 1000.  ]
v: [12.0, 12.0, 12.0, 9.182512975220524, 12.0, 6.463258752243489, 12.0, 17.59758271713416, 14.551553753784601, 12.0, 17.696740260918524, 12.0]
a: [100.0, 100.0, 100.0, 100.0, 100.0, 100.0, 100.0, 96.95702687238088, 81.22351681394488, 100.0, 97.93939060508129, 100.0]
d: [5.0, 5.0, 5.0, 5.0, 11.448200971404445, 4.750758597544794, 5.0, 6.775556378494994, 10.282286246376707, 4.414147142284089, 12.274437606063056, 12.84120152006643]
iteration: 80, time: [6.96, 9.89, 12.11, 13.54, 23.19, 1000, 1000, 1000, 1000, 1000, 1000, 1000], last_race_time:[   6.83    9.68   11.89   13.32   14.75   17.96   20.05   21.33   22.54
   24.93   27.39 1000.  ]
v: [12.0, 12.0, 12.0, 9.182512975220524, 12.0, 12.906587790610747, 12.0, 12.0, 20.226332649384794, 19.18389543644382, 6.839806252717424, 15.699272101645168]
a: [100.0, 100.0, 100.0, 100.0, 96.1905678363425, 135.3102380904761, 94.01456883102558, 134.7140511774944, 119.78689097800527, 100.0, 100.0, 100.0]
d: [5.0, 5.0, 5.0, 5.0, 5.0, 11.204669515708186, 7.461955017731128, 6.775556378494994, 8.762861579742719, 9.697367975080486, 5.0, 11.411341900554095]
iteration: 81, time: [7.23, 10.1, 12.32, 13.73, 15.58, 20.44, 1000, 1000, 1000, 1000, 1000, 1000], last_race_time:[   6.83    9.68   11.89   13.32   14.75   17.96   20.05   21.33   22.54
   24.93   27.39 1000.  ]
v: [12.0, 12.0, 12.0, 9.182512975220524, 12.0, 22.010754918553943, 19.53578705072817, 12.0, 12.0, 13.73875221799523, 24.699900174213198, 12.0]
a: [100.0, 100.0, 100.0, 100.0, 100.0, 80.54697751059484, 100.0, 98.88261372078475, 77.07658266474922, 133.96778934070647, 71.35133395920107, 100.0]
d: [5.0, 5.0, 5.0, 5.0, 5.0, 4.750758597544794, 13.480131489093566, 6.775556378494994, 8.030387532718875, 4.414147142284089, 9.233841862400595, 5.0]
iteration: 82, time: [6.91, 9.85, 12.07, 13.5, 20.87, 1000, 1000, 1000, 1000, 1000, 1000, 1000], last_race_time:[   6.83    9.68   11.89   13.32   14.75   17.96   20.05   21.33   22.54
   24.93   27.39 1000.  ]
v: [12.0, 12.0, 12.0, 9.182512975220524, 22.329213695990244, 12.906587790610747, 21.800972402691205, 12.26608305897756, 12.0, 12.0, 6.5893944867915355, 12.0]
a: [100.0, 100.0, 100.0, 100.0, 100.0, 100.0, 100.0, 100.0, 81.22351681394488, 128.189522871534, 100.0, 100.0]
d: [5.0, 5.0, 5.0, 5.0, 9.28514413628162, 8.403729619170493, 12.144023560152922, 6.775556378494994, 5.0, 6.648719929590198, 5.0, 5.0]
iteration: 83, time: [6.99, 9.9, 12.15, 13.58, 19.79, 21.35, 22.73, 23.91, 24.83, 26.4, 1000, 1000], last_race_time:[   6.83    9.68   11.89   13.32   14.75   17.96   20.05   21.33   22.54
   24.93   27.39 1000.  ]
v: [12.0, 12.0, 12.0, 9.182512975220524, 12.0, 12.906587790610747, 12.0, 23.76962681680316, 12.0, 12.0, 12.992597655818594, 13.056861315005214]
a: [100.0, 100.0, 100.0, 100.0, 65.74729767358583, 100.0, 100.0, 100.0, 70.54603890773157, 100.0, 100.0, 100.0]
d: [5.0, 5.0, 5.0, 5.0, 5.0, 4.750758597544794, 5.0, 5.015920564369657, 14.457985919367166, 10.434283993410755, 5.0, 5.0]
iteration: 84, time: [6.96, 9.88, 12.11, 13.52, 18.35, 18.12, 1000, 1000, 1000, 1000, 1000, 1000], last_race_time:[   6.83    9.68   11.89   13.32   14.75   17.96   20.05   21.33   22.54
   24.93   27.39 1000.  ]
v: [12.0, 12.0, 12.0, 9.182512975220524, 18.799280404993752, 16.387181299030395, 14.791986383264053, 12.0, 12.0, 20.14671058990846, 12.0, 12.0]
a: [100.0, 100.0, 100.0, 100.0, 71.63551812692758, 63.1598217747758, 100.0, 100.0, 81.22351681394488, 102.40170868577084, 100.0, 100.0]
d: [5.0, 5.0, 5.0, 5.0, 5.0, 4.750758597544794, 12.435241600726384, 6.775556378494994, 9.62557463507683, 8.976696466235914, 5.0, 5.0]
iteration: 85, time: [6.91, 9.76, 11.97, 13.36, 18.94, 20.44, 1000, 1000, 1000, 1000, 1000, 1000], last_race_time:[   6.83    9.68   11.89   13.32   14.75   17.96   20.05   21.33   22.54
   24.93   27.39 1000.  ]
v: [12.0, 12.0, 12.0, 9.182512975220524, 7.586941473107773, 5.959357842512418, 16.11473077939792, 12.0, 10.247925239337137, 12.0, 12.0, 13.09792651265968]
a: [100.0, 100.0, 100.0, 100.0, 102.76898828165398, 100.0, 100.0, 100.0, 87.33478416061415, 100.0, 109.27692170126792, 100.0]
d: [5.0, 5.0, 5.0, 5.0, 8.58313757147227, 14.126989724249285, 5.0, 9.666601984429649, 5.0, 9.665400206066439, 5.0, 5.0]
iteration: 86, time: [6.82, 9.65, 11.85, 13.24, 14.69, 20.48, 1000, 1000, 1000, 1000, 1000, 1000], last_race_time:[   6.83    9.68   11.89   13.32   14.75   17.96   20.05   21.33   22.54
   24.93   27.39 1000.  ]
v: [12.0, 12.0, 12.0, 9.182512975220524, 22.969319863048792, 17.69851636922531, 5.157642705941399, 12.0, 12.0, 23.678475283499584, 5.573397385497132, 12.0]
a: [100.0, 100.0, 100.0, 100.0, 123.61119322208478, 79.98145249253257, 100.0, 100.0, 81.22351681394488, 74.30546914983393, 100.0, 100.0]
d: [5.0, 5.0, 5.0, 5.0, 8.062492566571413, 4.750758597544794, 12.642488460892858, 6.775556378494994, 5.0, 10.471000019781979, 5.0, 6.693463504823223]
iteration: 87, time: [7.21, 10.08, 12.31, 13.73, 15.29, 18.96, 20.77, 1000, 1000, 1000, 1000, 1000], last_race_time:[   6.82    9.65   11.85   13.24   14.69   17.96   20.05   21.33   22.54
   24.93   27.39 1000.  ]
v: [12.0, 12.0, 12.0, 9.182512975220524, 22.969319863048792, 12.906587790610747, 12.0, 12.0, 12.0, 12.0, 22.39782821347962, 12.0]
a: [100.0, 100.0, 100.0, 100.0, 123.61119322208478, 100.0, 119.11027776255388, 89.98524773282307, 94.87887735426797, 100.0, 124.70623398822849, 142.65588245404604]
d: [5.0, 5.0, 5.0, 5.0, 8.062492566571413, 4.853678106958788, 6.357932982981677, 6.775556378494994, 5.0, 4.414147142284089, 11.37499065962312, 5.0]
iteration: 88, time: [6.98, 9.91, 12.13, 13.54, 19.49, 21.29, 22.68, 23.87, 24.75, 26.74, 29.57, 1000], last_race_time:[   6.82    9.65   11.85   13.24   14.69   17.96   20.05   21.33   22.54
   24.93   27.39 1000.  ]
v: [12.0, 12.0, 12.0, 9.182512975220524, 12.0, 12.906587790610747, 12.0, 11.467747558266655, 23.752511033506355, 12.0, 6.507804074679138, 12.0]
a: [100.0, 100.0, 100.0, 100.0, 100.0, 100.0, 114.44096448125109, 100.0, 81.22351681394488, 76.96478112262871, 100.0, 100.0]
d: [5.0, 5.0, 5.0, 5.0, 5.0, 4.750758597544794, 11.922084400039488, 12.595898536654435, 10.785897232151903, 4.414147142284089, 8.35031468310471, 14.607820504599186]
iteration: 89, time: [7.23, 10.12, 12.35, 13.75, 18.91, 1000, 1000, 1000, 1000, 1000, 1000, 1000], last_race_time:[   6.82    9.65   11.85   13.24   14.69   17.96   20.05   21.33   22.54
   24.93   27.39 1000.  ]
v: [12.0, 12.0, 12.0, 9.182512975220524, 12.0, 10.43057524169728, 12.0, 22.450748681612968, 12.0, 12.0, 21.12019358760836, 11.113428471495869]
a: [100.0, 100.0, 100.0, 100.0, 106.70415260045755, 100.0, 104.42205416256635, 100.0, 64.05013629608841, 100.0, 139.07474780493516, 103.56875137977482]
d: [5.0, 5.0, 5.0, 5.0, 14.08105304013995, 6.852473777904331, 12.23780315870409, 6.775556378494994, 5.0, 4.414147142284089, 7.026703809269413, 4.04648875984053]
iteration: 90, time: [7.24, 10.12, 12.34, 13.56, 17.9, 20.49, 21.62, 23.55, 1000, 1000, 1000, 1000], last_race_time:[   6.82    9.65   11.85   13.24   14.69   17.96   20.05   21.33   22.54
   24.93   27.39 1000.  ]
v: [12.0, 12.0, 12.0, 14.329027059424718, 20.68650388873506, 16.0574420998839, 22.9104864977863, 12.0, 12.0, 12.0, 18.143724221491865, 8.791061240757811]
a: [100.0, 100.0, 100.0, 110.11643449348443, 100.0, 69.11842871260707, 100.0, 107.02270918074397, 88.55548589851713, 100.0, 128.8355798518225, 122.87377276418462]
d: [5.0, 5.0, 5.0, 7.12696645161487, 5.0, 5.54279648022687, 5.0, 6.775556378494994, 14.713573376638703, 4.414147142284089, 11.02784092915865, 5.0]
iteration: 91, time: [6.97, 9.9, 12.11, 13.52, 23.62, 1000, 1000, 1000, 1000, 1000, 1000, 1000], last_race_time:[   6.82    9.65   11.85   13.24   14.69   17.96   20.05   21.33   22.54
   24.93   27.39 1000.  ]
v: [12.0, 12.0, 12.0, 9.182512975220524, 12.0, 5.465322629776992, 8.483610940434726, 12.0, 12.0, 12.0, 15.440973724642115, 20.573543318981002]
a: [100.0, 100.0, 100.0, 100.0, 100.0, 100.0, 112.23252757605879, 100.0, 81.22351681394488, 147.77632163426836, 100.0, 118.25911231653939]
d: [5.0, 5.0, 5.0, 5.0, 11.9097547556711, 8.654839921211005, 5.0, 9.047420052532036, 5.0, 4.414147142284089, 5.0, 7.816186952329908]
iteration: 92, time: [6.92, 9.85, 12.07, 13.49, 19.52, 21.16, 22.46, 23.75, 24.87, 27.18, 29.83, 1000], last_race_time:[   6.82    9.65   11.85   13.24   14.69   17.96   20.05   21.33   22.54
   24.93   27.39 1000.  ]
v: [12.0, 12.0, 12.0, 9.182512975220524, 12.0, 18.384532356012407, 12.0, 12.0, 12.0, 12.0, 12.629615085319942, 12.90239074466475]
a: [100.0, 100.0, 100.0, 100.0, 96.4336363553747, 131.89574290238187, 100.0, 100.0, 81.22351681394488, 61.8111328294127, 100.0, 100.0]
d: [5.0, 5.0, 5.0, 5.0, 7.277716447082266, 4.750758597544794, 5.0, 7.434421538550876, 11.545387451333994, 4.414147142284089, 12.172309121346542, 14.129000916764236]
iteration: 93, time: [6.99, 9.91, 12.16, 13.57, 18.32, 20.57, 1000, 1000, 1000, 1000, 1000, 1000], last_race_time:[   6.82    9.65   11.85   13.24   14.69   17.96   20.05   21.33   22.54
   24.93   27.39 1000.  ]
v: [12.0, 12.0, 12.0, 9.182512975220524, 16.145663764474236, 19.88633950710271, 18.01705522184527, 12.0, 11.983197775805113, 21.271940408163314, 12.0, 12.0]
a: [100.0, 100.0, 100.0, 100.0, 100.0, 100.0, 100.0, 94.85543173149738, 81.22351681394488, 99.01887848167482, 100.0, 147.97630288158246]
d: [5.0, 5.0, 5.0, 5.0, 5.0, 12.842710722602197, 13.490914251305362, 8.031152604602047, 5.0, 9.933307180710012, 12.90137413938004, 10.39554329847559]
iteration: 94, time: [7.22, 10.11, 12.33, 13.73, 18.37, 19.66, 20.56, 1000, 1000, 1000, 1000, 1000], last_race_time:[   6.82    9.65   11.85   13.24   14.69   17.96   20.05   21.33   22.54
   24.93   27.39 1000.  ]
v: [12.0, 12.0, 12.0, 9.182512975220524, 12.0, 12.906587790610747, 12.0, 12.0, 12.0, 6.045756286773328, 20.024207398953884, 16.473491284455207]
a: [100.0, 100.0, 100.0, 100.0, 100.0, 100.0, 121.18990920356322, 102.6757462275477, 149.8428613690933, 123.52809380068439, 143.35635173374237, 106.75232068857495]
d: [5.0, 5.0, 5.0, 5.0, 14.851930409553239, 7.760758559117318, 11.519547230533908, 10.697542758291984, 14.844816959553835, 7.378953646249659, 6.970234935059747, 5.0]
iteration: 95, time: [6.95, 9.88, 12.1, 13.53, 19.45, 21.2, 22.46, 23.51, 24.41, 26.46, 29.18, 33.93], last_race_time:[   6.82    9.65   11.85   13.24   14.69   17.96   20.05   21.33   22.54
   24.93   27.39 1000.  ]
v: [12.0, 12.0, 12.0, 9.182512975220524, 12.0, 12.906587790610747, 24.86356258076433, 23.709292885296108, 12.0, 12.0, 8.904367746541968, 11.484403872218088]
a: [100.0, 100.0, 100.0, 100.0, 123.20498147344344, 126.80136359365653, 62.01230037821032, 100.0, 81.22351681394488, 80.09223955983863, 100.0, 100.0]
d: [5.0, 5.0, 5.0, 5.0, 5.0, 4.066369123822202, 5.0, 6.775556378494994, 5.0, 5.556610560600709, 5.0, 5.0]
iteration: 96, time: [6.97, 9.89, 12.12, 13.54, 18.33, 18.35, 19.82, 20.67, 1000, 1000, 1000, 1000], last_race_time:[   6.82    9.65   11.85   13.24   14.69   17.96   20.05   21.33   22.54
   24.93   27.39 1000.  ]
v: [12.0, 12.0, 12.0, 9.182512975220524, 15.329290377416303, 12.906587790610747, 12.0, 12.88446211739971, 12.0, 12.0, 12.0, 12.0]
a: [100.0, 100.0, 100.0, 100.0, 135.50105935432128, 100.74450469842026, 61.74059942164356, 100.0, 81.22351681394488, 100.0, 120.48158536311554, 100.0]
d: [5.0, 5.0, 5.0, 5.0, 7.353788824417665, 4.750758597544794, 5.0, 11.274925954127639, 6.7257756463641325, 4.851712426307344, 5.0, 5.0]
iteration: 97, time: [7.23, 10.23, 12.51, 13.93, 18.78, 20.84, 22.17, 23.53, 24.61, 26.83, 29.44, 34.28], last_race_time:[   6.82    9.65   11.85   13.24   14.69   17.96   20.05   21.33   22.54
   24.93   27.39 1000.  ]
v: [12.0, 12.0, 12.0, 9.182512975220524, 12.0, 12.906587790610747, 14.75158171121847, 12.0, 12.0, 12.0, 12.0, 12.0]
a: [100.0, 100.0, 100.0, 100.0, 119.77593063476144, 100.0, 100.0, 62.999126649329895, 113.7424143854936, 100.0, 100.0, 100.0]
d: [5.0, 5.0, 5.0, 5.0, 5.0, 4.9206715252222795, 12.214784654001702, 7.797299772253535, 5.0, 4.414147142284089, 6.2310439381733165, 5.0]
iteration: 98, time: [7.24, 10.21, 12.45, 13.82, 21.16, 22.64, 24.01, 25.36, 26.5, 28.83, 30.76, 1000], last_race_time:[   6.82    9.65   11.85   13.24   14.69   17.96   20.05   21.33   22.54
   24.93   27.39 1000.  ]
v: [12.0, 12.0, 12.0, 11.36438353494292, 5.783039643880512, 12.906587790610747, 12.0, 12.0, 12.0, 10.396894579285938, 23.264707358444532, 12.0]
a: [100.0, 123.60570285813787, 100.0, 100.0, 105.28509453906092, 100.0, 100.0, 100.0, 81.22351681394488, 99.81518338491571, 134.65373310028968, 100.0]
d: [5.0, 5.0, 5.228180385538023, 10.304811480817161, 5.0, 4.750758597544794, 5.0, 6.775556378494994, 11.857219619357494, 10.330678696193214, 5.0, 4.03682370847157]
iteration: 99, time: [7.19, 10.54, 13.06, 14.25, 1000, 1000, 1000, 1000, 1000, 1000, 1000, 1000], last_race_time:[   6.82    9.65   11.85   13.24   14.69   17.96   20.05   21.33   22.54
   24.93   27.39 1000.  ]
v: [12.0, 7.927414610719752, 12.0, 19.908533955173375, 12.0, 13.738721446520298, 23.09893905164356, 12.0, 12.0, 12.0, 12.0, 19.369169251231213]
a: [100.0, 100.0, 113.30185381919259, 85.82771836284229, 60.820576640209, 100.0, 100.0, 100.0, 130.1837878955409, 131.20023924832952, 100.0, 100.0]
d: [5.0, 5.0, 5.0, 5.0, 6.8364706359092695, 4.750758597544794, 5.0, 6.775556378494994, 8.436298842379529, 4.414147142284089, 5.0, 11.175067851949581]
iteration: 100, time: [7.21, 9.86, 11.96, 21.32, 25.51, 26.73, 28.13, 29.53, 30.82, 33.29, 35.97, 40.92], last_race_time:[   6.82    9.65   11.85   13.24   14.69   17.96   20.05   21.33   22.54
   24.93   27.39 1000.  ]
v: [12.0, 18.951020713215776, 12.0, 9.182512975220524, 10.56450472348274, 13.094008542422761, 13.079566243515167, 12.0, 6.3924197146195265, 12.174233745067358, 12.0, 12.0]
a: [100.0, 65.54444708239684, 100.0, 100.0, 66.52005317020338, 100.0, 62.1216950199598, 100.0, 81.22351681394488, 147.3475421235183, 73.63574242815834, 125.00585114396672]
d: [5.0, 5.0, 5.0, 8.906950161572656, 5.0, 7.677594619710231, 6.346099668173506, 6.775556378494994, 5.0, 5.3001655186971295, 10.11870399669738, 5.0]
iteration: 101, time: [7.25, 10.22, 12.51, 13.76, 1000, 1000, 1000, 1000, 1000, 1000, 1000, 1000], last_race_time:[   6.82    9.65   11.85   13.24   14.69   17.96   20.05   21.33   22.54
   24.93   27.39 1000.  ]
v: [12.0, 12.0, 12.0, 19.21046064152981, 7.529820481508878, 5.071606697632591, 11.39887848054228, 13.10841992449375, 13.101878936839311, 12.0, 22.337420961406515, 12.0]
a: [100.0, 100.0, 100.0, 100.0, 100.0, 130.79130924965136, 92.36424366404697, 100.0, 81.22351681394488, 68.1117296141089, 100.0, 112.04335143682798]
d: [5.0, 5.0, 5.0, 8.328808996069915, 5.0, 4.750758597544794, 5.0, 8.251929129544743, 5.425272953079048, 12.137893441197434, 5.0, 10.297346965041077]
iteration: 102, time: [7.23, 10.21, 14.01, 15.81, 1000, 1000, 1000, 1000, 1000, 1000, 1000, 1000], last_race_time:[   6.82    9.65   11.85   13.24   14.69   17.96   20.05   21.33   22.54
   24.93   27.39 1000.  ]
v: [12.0, 12.0, 5.502758378713262, 23.281657309708308, 12.0, 12.906587790610747, 12.0, 13.661853764171594, 11.621648293938451, 5.245768465087446, 12.0, 12.0]
a: [100.0, 127.89897950262744, 100.0, 89.33753902789171, 100.0, 100.0, 100.0, 100.0, 81.22351681394488, 100.0, 100.0, 143.07503370174044]
d: [5.0, 5.0, 5.0, 5.256736394924495, 12.56824306642932, 9.535393727171703, 5.6391884470143125, 4.232236293045953, 5.0, 4.414147142284089, 10.280202259252105, 5.0]
iteration: 103, time: [7.24, 10.29, 15.72, 1000, 1000, 1000, 1000, 1000, 1000, 1000, 1000, 1000], last_race_time:[   6.82    9.65   11.85   13.24   14.69   17.96   20.05   21.33   22.54
   24.93   27.39 1000.  ]
v: [12.0, 12.0, 12.0, 5.0358606503146515, 7.457054267004031, 12.906587790610747, 12.0, 19.32767034708705, 12.0, 11.356529681469398, 6.751572221026394, 20.34026189621315]
a: [100.0, 68.02774057332792, 100.0, 140.93535584464345, 73.56712829373807, 87.41812995290049, 91.2483286221458, 100.0, 65.74688197796137, 100.0, 89.85129743439234, 71.40645164130044]
d: [5.0, 5.154757676360232, 9.74448940969905, 12.290370020460712, 5.0, 4.676834213974824, 5.0, 6.775556378494994, 6.222062615469149, 5.291034624038057, 5.0, 5.0]
iteration: 104, time: [7.25, 10.23, 12.53, 13.99, 19.04, 20.1, 21.38, 22.54, 23.52, 25.52, 27.86, 32.35], last_race_time:[   6.82    9.65   11.85   13.24   14.69   17.96   20.05   21.33   22.54
   24.93   27.39 1000.  ]
v: [12.0, 12.0, 12.0, 9.182512975220524, 11.86403806974981, 16.122858192085694, 12.0, 23.114179821062148, 13.507920347432291, 16.436283674485384, 13.648519955116216, 12.0]
a: [100.0, 132.4473376062021, 100.0, 100.0, 100.0, 112.57674106992299, 100.0, 111.84915825454213, 81.22351681394488, 62.24119369286398, 113.09954471641714, 91.55781836702829]
d: [5.0, 9.336769619403636, 5.0, 5.0, 10.056137727214725, 9.544562844543702, 5.0, 14.832349595214064, 8.416135968430293, 6.07299839524198, 5.0, 5.0]
iteration: 105, time: [7.25, 13.39, 16.02, 20.27, 27.19, 28.43, 1000, 1000, 1000, 1000, 1000, 1000], last_race_time:[   6.82    9.65   11.85   13.24   14.69   17.96   20.05   21.33   22.54
   24.93   27.39 1000.  ]
v: [12.0, 12.0, 9.257224555463532, 24.495752236861332, 12.0, 14.078137333406637, 12.0, 17.067837521852887, 11.410751903570501, 12.0, 12.0, 14.72172395439584]
a: [100.0, 90.2914724860787, 100.0, 113.92669612963981, 100.0, 100.0, 98.79550228889015, 100.0, 81.22351681394488, 63.35398615742211, 122.46913167875971, 99.1263418947169]
d: [5.0, 12.908460031413803, 5.0, 14.014065528195715, 6.373985612959572, 4.750758597544794, 5.0, 11.871856726235421, 7.573371261665283, 4.414147142284089, 7.609039889490301, 5.0]
iteration: 106, time: [7.25, 9.93, 12.04, 13.4, 22.36, 1000, 1000, 1000, 1000, 1000, 1000, 1000], last_race_time:[   6.82    9.65   11.85   13.24   14.69   17.96   20.05   21.33   22.54
   24.93   27.39 1000.  ]
v: [12.0, 15.852954443243867, 10.498717645068005, 14.19653958503103, 12.0, 5.961058595227731, 12.0, 10.005786931786151, 7.549531097064981, 12.0, 16.015740994934262, 12.0]
a: [100.0, 100.0, 117.18908998407822, 61.60080176124522, 130.43555743340238, 100.0, 100.0, 100.0, 81.22351681394488, 100.0, 100.0, 90.97996673563689]
d: [5.0, 5.994935251256399, 5.0, 5.0, 5.0, 4.750758597544794, 5.0, 14.504620052152084, 5.0, 4.414147142284089, 5.0, 14.287683028404347]
iteration: 107, time: [7.24, 10.22, 12.48, 13.93, 15.77, 21.28, 23.2, 24.57, 25.71, 27.97, 30.16, 33.87], last_race_time:[   6.82    9.65   11.85   13.24   14.69   17.96   20.05   21.33   22.54
   24.93   27.39 1000.  ]
v: [12.0, 12.0, 12.0, 9.182512975220524, 12.0, 13.084986246533477, 16.001321912750704, 22.99848047976971, 12.0, 14.043858416305447, 21.065884362342608, 20.896246951519814]
a: [100.0, 100.0, 100.0, 100.0, 100.0, 100.0, 139.5707809438667, 68.9023828699703, 117.84520390010493, 66.5000429691779, 100.0, 100.0]
d: [5.0, 5.0, 5.0, 5.0, 5.0, 4.750758597544794, 12.43147542050504, 14.719784272439394, 12.354642885194494, 4.414147142284089, 5.0, 8.913884474008164]
