iteration: 1, time: [7.63, 11.07, 13.71, 15.36, 17.49, 21.88, 24.32, 26.11, 27.53], last_race_time:[1000. 1000. 1000. 1000. 1000. 1000. 1000. 1000. 1000.]
v: [12.0, 12.0, 12.0, 12.0, 12.0, 12.0, 12.0, 12.0, 12.0]
a: [50.0, 50.0, 50.0, 50.0, 50.0, 50.0, 50.0, 50.0, 50.0]
d: [3.5, 3.5, 3.5, 3.5, 3.5, 3.5, 3.5, 3.5, 3.5]
iteration: 2, time: [7.74, 11.2, 13.87, 15.45, 17.62, 18.97, 25.45, 27.14, 28.53], last_race_time:[ 7.63 11.07 13.71 15.36 17.49 21.88 24.32 26.11 27.53]
v: [12.0, 12.0, 12.0, 12.0, 12.0, 12.0, 12.0, 12.0, 12.0]
a: [50.0, 50.0, 50.0, 50.0, 50.0, 50.0, 50.0, 50.0, 76.8756249644225]
d: [3.5, 3.5, 3.5, 3.5, 3.5, 3.5, 3.5, 3.5, 3.5]
iteration: 3, time: [7.66, 11.15, 13.83, 15.42, 17.61, 19.0, 20.9, 25.33, 26.57], last_race_time:[ 7.63 11.07 13.71 15.36 17.49 18.97 24.32 26.11 27.53]
v: [12.0, 12.0, 12.0, 12.0, 12.0, 12.0, 13.756446122632637, 23.87544210991115, 12.0]
a: [50.0, 50.0, 50.0, 50.0, 50.0, 50.0, 50.0, 50.0, 50.0]
d: [3.5, 3.5, 3.5, 3.5, 3.5, 3.5, 8.518758021358234, 3.5, 3.5]
iteration: 4, time: [7.64, 11.09, 13.77, 15.36, 17.4, 22.94, 25.01, 26.53, 27.93], last_race_time:[ 7.63 11.07 13.71 15.36 17.49 18.97 20.9  25.33 26.57]
v: [12.0, 12.0, 12.0, 12.0, 12.0, 12.0, 13.756446122632637, 23.87544210991115, 12.972457071513617]
a: [50.0, 50.0, 50.0, 50.0, 50.0, 50.0, 50.0, 50.0, 50.0]
d: [3.5, 3.5, 3.5, 3.5, 3.5, 3.5, 8.518758021358234, 3.5, 5.636460827481252]
iteration: 5, time: [7.51, 10.95, 13.64, 15.25, 17.31, 18.24, 1000, 1000, 1000], last_race_time:[ 7.63 11.07 13.71 15.36 17.4  18.97 20.9  25.33 26.57]
v: [12.0, 12.0, 12.0, 12.0, 12.0, 18.259181628117496, 14.249677575321368, 12.057671882505305, 12.437428347092442]
a: [50.0, 50.0, 50.0, 50.0, 50.0, 168.2146783594412, 50.0, 50.0, 137.41713166472687]
d: [3.5, 3.5, 3.5, 3.5, 3.5, 3.5, 8.518758021358234, 5.47000939372622, 3.5]
iteration: 6, time: [7.5, 10.94, 13.72, 15.35, 17.4, 18.32, 1000, 1000, 1000], last_race_time:[ 7.51 10.95 13.64 15.25 17.31 18.24 20.9  25.33 26.57]
v: [12.0, 12.0, 12.0, 12.0, 12.0, 18.259181628117496, 19.477775681174826, 15.105967139006669, 12.0]
a: [50.0, 50.0, 50.0, 50.0, 50.0, 168.2146783594412, 62.2189461826603, 50.0, 115.21772790223486]
d: [3.5, 3.5, 3.5, 3.5, 3.5, 3.5, 5.683415567497664, 3.8537697284473573, 3.5]
iteration: 7, time: [7.72, 11.17, 13.83, 15.42, 17.62, 18.7, 19.64, 1000, 1000], last_race_time:[ 7.5  10.94 13.64 15.25 17.31 18.24 20.9  25.33 26.57]
v: [12.0, 12.0, 12.0, 12.0, 12.0, 18.259181628117496, 20.82737980370311, 5.877522811517073, 13.458281310407854]
a: [50.0, 50.0, 50.0, 50.0, 50.0, 168.2146783594412, 170.89752919208541, 75.25699993738161, 50.0]
d: [3.5, 3.5, 3.5, 3.5, 3.5, 3.5, 8.518758021358234, 3.5, 3.5]
iteration: 8, time: [7.67, 11.16, 13.85, 15.44, 17.63, 18.64, 1000, 1000, 1000], last_race_time:[ 7.5  10.94 13.64 15.25 17.31 18.24 19.64 25.33 26.57]
v: [12.0, 12.0, 12.0, 12.0, 12.0, 18.259181628117496, 20.82737980370311, 23.87544210991115, 12.0]
a: [50.0, 50.0, 50.0, 50.0, 50.0, 168.2146783594412, 170.89752919208541, 50.0, 50.0]
d: [3.5, 3.5, 3.5, 3.5, 3.5, 3.5, 8.518758021358234, 3.5, 4.096843721415315]
iteration: 9, time: [7.51, 10.96, 13.66, 15.28, 17.3, 18.28, 1000, 1000, 1000], last_race_time:[ 7.5  10.94 13.64 15.25 17.31 18.24 19.64 25.33 26.57]
v: [12.0, 12.0, 12.0, 12.0, 12.0, 18.259181628117496, 7.197074749761796, 22.941036838099627, 22.21375351534012]
a: [50.0, 50.0, 50.0, 50.0, 50.0, 168.2146783594412, 170.89752919208541, 159.84885004029292, 122.55147364901408]
d: [3.5, 3.5, 3.5, 3.5, 3.5, 3.5, 8.518758021358234, 5.107370547885345, 3.5]
iteration: 10, time: [7.53, 10.97, 13.68, 15.29, 17.33, 18.29, 1000, 1000, 1000], last_race_time:[ 7.5  10.94 13.64 15.25 17.3  18.24 19.64 25.33 26.57]
v: [12.0, 12.0, 12.0, 12.0, 12.0, 18.259181628117496, 9.617752549029424, 23.87544210991115, 12.0]
a: [50.0, 50.0, 50.0, 50.0, 50.0, 168.2146783594412, 170.89752919208541, 50.0, 50.0]
d: [3.5, 3.5, 3.5, 3.5, 3.5, 3.5, 8.518758021358234, 5.58060107078798, 5.650542687204268]
iteration: 11, time: [7.68, 11.12, 13.77, 15.36, 17.4, 18.3, 24.48, 26.39, 27.49], last_race_time:[ 7.5  10.94 13.64 15.25 17.3  18.24 19.64 25.33 26.57]
v: [12.0, 12.0, 12.0, 12.0, 12.0, 18.259181628117496, 20.82737980370311, 11.475184567853361, 17.53071292023935]
a: [50.0, 50.0, 50.0, 50.0, 50.0, 168.2146783594412, 196.31389344523754, 103.19456792449668, 50.0]
d: [3.5, 3.5, 3.5, 3.5, 3.5, 3.5, 5.208808104306955, 3.5, 7.171211579323758]
iteration: 12, time: [7.68, 11.14, 13.83, 15.44, 17.61, 18.63, 27.79, 1000, 1000], last_race_time:[ 7.5  10.94 13.64 15.25 17.3  18.24 19.64 25.33 26.57]
v: [12.0, 12.0, 12.0, 12.0, 12.0, 18.259181628117496, 12.016474714340264, 23.87544210991115, 12.0]
a: [50.0, 50.0, 50.0, 50.0, 50.0, 168.2146783594412, 170.89752919208541, 106.8478467932419, 50.0]
d: [3.5, 3.5, 3.5, 3.5, 3.5, 3.5, 8.018316552409551, 8.48106586018328, 3.5]
iteration: 13, time: [7.67, 11.12, 13.77, 15.36, 17.39, 18.31, 23.5, 25.06, 25.8], last_race_time:[ 7.5  10.94 13.64 15.25 17.3  18.24 19.64 25.33 26.57]
v: [12.0, 12.0, 12.0, 12.0, 12.0, 18.259181628117496, 20.82737980370311, 23.87544210991115, 17.48485376414498]
a: [50.0, 50.0, 50.0, 50.0, 50.0, 168.2146783594412, 165.49566382473182, 163.9917389760992, 147.79371578345558]
d: [3.5, 3.5, 3.5, 3.5, 3.5, 3.5, 4.321102112242264, 7.620278675132758, 8.887896752407986]
iteration: 14, time: [7.51, 10.99, 13.69, 15.29, 17.32, 18.25, 27.82, 29.33, 30.25], last_race_time:[ 7.5  10.94 13.64 15.25 17.3  18.24 19.64 25.33 26.57]
v: [12.0, 12.0, 12.0, 12.0, 12.0, 18.259181628117496, 20.82737980370311, 23.87544210991115, 17.67416598582198]
a: [50.0, 50.0, 50.0, 50.0, 50.0, 168.2146783594412, 170.89752919208541, 147.4067703246983, 50.0]
d: [3.5, 3.5, 3.5, 3.5, 3.5, 3.5, 8.545886794917882, 3.5, 3.5]
iteration: 15, time: [7.57, 11.06, 13.74, 15.34, 17.37, 18.3, 1000, 1000, 1000], last_race_time:[ 7.5  10.94 13.64 15.25 17.3  18.24 19.64 25.33 26.57]
v: [12.0, 12.0, 12.0, 12.0, 12.0, 18.259181628117496, 16.361620862832098, 10.393542816667638, 12.674810998439662]
a: [50.0, 50.0, 50.0, 50.0, 50.0, 168.2146783594412, 54.22808793801522, 50.0, 50.0]
d: [3.5, 3.5, 3.5, 3.5, 3.5, 3.5, 8.518758021358234, 4.480974010434693, 3.5]
iteration: 16, time: [7.53, 10.96, 13.67, 15.29, 17.33, 18.26, 23.44, 25.22, 26.18], last_race_time:[ 7.5  10.94 13.64 15.25 17.3  18.24 19.64 25.33 26.57]
v: [12.0, 12.0, 12.0, 12.0, 12.0, 18.259181628117496, 20.82737980370311, 23.87544210991115, 8.893030749549265]
a: [50.0, 50.0, 50.0, 50.0, 50.0, 168.2146783594412, 170.89752919208541, 121.24327619375843, 173.01052157868787]
d: [3.5, 3.5, 3.5, 3.5, 3.5, 3.5, 5.82003865752578, 3.5, 3.5]
iteration: 17, time: [7.62, 11.1, 13.8, 15.4, 17.6, 18.61, 1000, 1000, 1000], last_race_time:[ 7.5  10.94 13.64 15.25 17.3  18.24 19.64 25.33 26.57]
v: [12.0, 12.0, 12.0, 12.0, 12.0, 18.259181628117496, 20.82737980370311, 13.975139829148496, 12.0]
a: [50.0, 50.0, 50.0, 50.0, 50.0, 168.2146783594412, 91.24485575224794, 50.0, 50.0]
d: [3.5, 3.5, 3.5, 3.5, 3.5, 3.5, 8.518758021358234, 3.8511428018867235, 3.5]
iteration: 18, time: [7.41, 10.83, 13.47, 15.13, 17.29, 18.24, 24.48, 26.43, 27.63], last_race_time:[ 7.5  10.94 13.64 15.25 17.3  18.24 19.64 25.33 26.57]
v: [12.0, 12.0, 12.0, 12.0, 12.0, 18.259181628117496, 20.82737980370311, 11.694337722869868, 22.538793865319494]
a: [50.0, 50.0, 50.0, 50.0, 50.0, 168.2146783594412, 102.33145666861903, 73.35898449010502, 50.0]
d: [3.5, 3.5, 3.5, 3.5, 3.5, 3.5, 8.518758021358234, 6.775317861129306, 5.767492701501942]
iteration: 19, time: [7.58, 11.05, 13.73, 15.34, 17.4, 18.33, 27.13, 28.86, 30.04], last_race_time:[ 7.41 10.83 13.47 15.13 17.29 18.24 19.64 25.33 26.57]
v: [12.0, 12.0, 12.0, 12.0, 12.0, 18.259181628117496, 24.78581542931318, 23.87544210991115, 10.671765587334468]
a: [50.0, 50.0, 50.0, 50.0, 50.0, 168.2146783594412, 168.09220737697717, 101.46184867924052, 54.34727978550077]
d: [3.5, 3.5, 3.5, 3.5, 3.5, 3.5, 8.518758021358234, 6.453250823233857, 3.5]
iteration: 20, time: [7.71, 11.15, 13.79, 15.38, 17.62, 18.64, 1000, 1000, 1000], last_race_time:[ 7.41 10.83 13.47 15.13 17.29 18.24 19.64 25.33 26.57]
v: [12.0, 12.0, 12.0, 12.0, 12.0, 18.259181628117496, 20.82737980370311, 23.87544210991115, 9.510755066155038]
a: [50.0, 50.0, 50.0, 50.0, 50.0, 168.2146783594412, 74.18645961729584, 50.0, 50.0]
d: [3.5, 3.5, 3.5, 3.5, 3.5, 3.5, 6.845746943043114, 3.5, 3.5]
iteration: 21, time: [7.59, 11.07, 13.75, 15.36, 17.37, 18.31, 26.87, 1000, 1000], last_race_time:[ 7.41 10.83 13.47 15.13 17.29 18.24 19.64 25.33 26.57]
v: [12.0, 12.0, 12.0, 12.0, 12.0, 18.259181628117496, 23.34236199556535, 23.87544210991115, 12.0]
a: [50.0, 50.0, 50.0, 50.0, 50.0, 168.2146783594412, 170.89752919208541, 161.06384128444734, 50.0]
d: [3.5, 3.5, 3.5, 3.5, 3.5, 3.5, 3.8776422543642783, 8.992224968163532, 8.605713324939508]
iteration: 22, time: [7.63, 11.09, 13.77, 15.36, 17.38, 18.62, 19.66, 24.69, 26.51], last_race_time:[ 7.41 10.83 13.47 15.13 17.29 18.24 19.64 25.33 26.57]
v: [12.0, 12.0, 12.0, 12.0, 12.0, 18.259181628117496, 17.019638592679023, 14.480741261881585, 12.0]
a: [50.0, 50.0, 50.0, 50.0, 50.0, 168.2146783594412, 170.89752919208541, 50.0, 87.13217780677927]
d: [3.5, 3.5, 3.5, 3.5, 3.5, 3.5, 5.287341826649842, 3.5, 3.5]
iteration: 23, time: [7.64, 11.1, 13.77, 15.36, 17.37, 21.32, 22.56, 24.44, 1000], last_race_time:[ 7.41 10.83 13.47 15.13 17.29 18.24 19.64 24.69 26.51]
v: [12.0, 12.0, 12.0, 12.0, 12.0, 18.259181628117496, 20.82737980370311, 14.480741261881585, 17.656492346294378]
a: [50.0, 50.0, 50.0, 50.0, 50.0, 168.2146783594412, 170.89752919208541, 50.0, 174.9338740299944]
d: [3.5, 3.5, 3.5, 3.5, 3.5, 3.5, 8.518758021358234, 3.5, 8.356035522771377]
iteration: 24, time: [7.41, 10.83, 13.47, 15.12, 17.25, 1000, 1000, 1000, 1000], last_race_time:[ 7.41 10.83 13.47 15.13 17.29 18.24 19.64 24.69 26.51]
v: [12.0, 12.0, 12.0, 12.0, 12.0, 6.72822342530671, 20.82737980370311, 5.568586594488756, 20.52883838227928]
a: [50.0, 50.0, 50.0, 50.0, 50.0, 150.5982648586494, 170.89752919208541, 105.97082375079125, 183.9519021023657]
d: [3.5, 3.5, 3.5, 3.5, 3.5, 3.5, 8.228665564562501, 3.5, 6.161412582711758]
iteration: 25, time: [7.53, 11.02, 13.71, 15.3, 17.36, 18.42, 19.63, 20.93, 22.18], last_race_time:[ 7.41 10.83 13.47 15.12 17.25 18.24 19.64 24.69 26.51]
v: [12.0, 12.0, 12.0, 12.0, 12.0, 19.058251844110643, 20.82737980370311, 14.480741261881585, 17.669536832544146]
a: [50.0, 50.0, 50.0, 50.0, 50.0, 87.87330437058428, 115.2805533496033, 50.0, 87.13217780677927]
d: [3.5, 3.5, 3.5, 3.5, 3.5, 3.5, 8.518758021358234, 3.5, 7.0050499806863415]
iteration: 26, time: [7.52, 10.95, 13.66, 15.27, 17.3, 18.28, 19.52, 21.43, 22.64], last_race_time:[ 7.41 10.83 13.47 15.12 17.25 18.24 19.63 20.93 22.18]
v: [12.0, 12.0, 12.0, 12.0, 12.0, 18.259181628117496, 20.82737980370311, 14.480741261881585, 17.669536832544146]
a: [50.0, 50.0, 50.0, 50.0, 50.0, 168.2146783594412, 115.2805533496033, 50.0, 132.60176275788336]
d: [3.5, 3.5, 3.5, 3.5, 3.5, 3.5, 8.518758021358234, 3.5, 7.0050499806863415]
iteration: 27, time: [7.61, 11.08, 13.76, 15.35, 17.38, 18.3, 1000, 1000, 1000], last_race_time:[ 7.41 10.83 13.47 15.12 17.25 18.24 19.52 20.93 22.18]
v: [12.0, 12.0, 12.0, 12.0, 12.0, 18.259181628117496, 20.82737980370311, 14.480741261881585, 17.669536832544146]
a: [50.0, 50.0, 50.0, 50.0, 50.0, 168.2146783594412, 115.2805533496033, 50.0, 150.40121127644727]
d: [3.5, 3.5, 3.5, 3.5, 3.5, 3.5, 8.518758021358234, 3.5, 7.0050499806863415]
iteration: 28, time: [7.52, 11.0, 13.68, 15.29, 17.34, 18.26, 24.15, 1000, 1000], last_race_time:[ 7.41 10.83 13.47 15.12 17.25 18.24 19.52 20.93 22.18]
v: [12.0, 12.0, 12.0, 12.0, 12.0, 18.259181628117496, 22.890868491211837, 6.745237354104163, 17.669536832544146]
a: [50.0, 50.0, 50.0, 50.0, 50.0, 168.2146783594412, 115.2805533496033, 50.0, 78.05904466205018]
d: [3.5, 3.5, 3.5, 3.5, 3.5, 3.5, 7.023288600752863, 3.5, 6.1917162595166]
iteration: 29, time: [7.52, 10.99, 13.68, 15.28, 17.33, 18.24, 1000, 1000, 1000], last_race_time:[ 7.41 10.83 13.47 15.12 17.25 18.24 19.52 20.93 22.18]
v: [12.0, 12.0, 12.0, 12.0, 12.0, 18.259181628117496, 21.43386426803453, 14.480741261881585, 17.669536832544146]
a: [50.0, 50.0, 50.0, 50.0, 50.0, 168.2146783594412, 115.2805533496033, 50.0, 89.29364855425234]
d: [3.5, 3.5, 3.5, 3.5, 3.5, 3.5, 7.696990824409483, 3.5, 5.993441757386854]
iteration: 30, time: [7.64, 11.1, 13.76, 15.36, 17.38, 18.31, 1000, 1000, 1000], last_race_time:[ 7.41 10.83 13.47 15.12 17.25 18.24 19.52 20.93 22.18]
v: [12.0, 12.0, 12.0, 12.0, 12.0, 18.259181628117496, 20.82737980370311, 21.299387575295142, 19.97883104359034]
a: [50.0, 50.0, 50.0, 50.0, 50.0, 168.2146783594412, 115.2805533496033, 50.0, 87.13217780677927]
d: [3.5, 3.5, 3.5, 3.5, 3.5, 3.5, 8.518758021358234, 3.5, 3.548458301312655]
iteration: 31, time: [7.76, 11.22, 13.86, 15.43, 17.64, 18.66, 1000, 1000, 1000], last_race_time:[ 7.41 10.83 13.47 15.12 17.25 18.24 19.52 20.93 22.18]
v: [12.0, 12.0, 12.0, 12.0, 12.0, 18.259181628117496, 8.962786547672664, 8.09863010887238, 16.082585717055796]
a: [50.0, 50.0, 50.0, 50.0, 50.0, 168.2146783594412, 115.2805533496033, 70.39120279295773, 87.13217780677927]
d: [3.5, 3.5, 3.5, 3.5, 3.5, 3.5, 8.518758021358234, 5.90914685248298, 3.748222282192846]
iteration: 32, time: [7.4, 10.82, 13.45, 15.15, 17.25, 18.22, 22.54, 24.13, 25.14], last_race_time:[ 7.41 10.83 13.47 15.12 17.25 18.24 19.52 20.93 22.18]
v: [12.0, 12.0, 12.0, 12.0, 12.0, 18.259181628117496, 23.8273369239666, 9.556585869425822, 16.778980647154825]
a: [50.0, 50.0, 50.0, 50.0, 50.0, 168.2146783594412, 91.47470633076696, 90.39758686442744, 87.13217780677927]
d: [3.5, 3.5, 3.5, 3.5, 3.5, 3.5, 6.634781520238793, 7.01136779734046, 7.0050499806863415]
iteration: 33, time: [7.56, 10.99, 13.7, 15.31, 17.38, 18.32, 1000, 1000, 1000], last_race_time:[ 7.4  10.82 13.45 15.12 17.25 18.22 19.52 20.93 22.18]
v: [12.0, 12.0, 12.0, 12.0, 12.0, 18.259181628117496, 5.81851440504119, 14.480741261881585, 17.669536832544146]
a: [50.0, 50.0, 50.0, 50.0, 50.0, 168.2146783594412, 115.2805533496033, 92.38091975846987, 87.13217780677927]
d: [3.5, 3.5, 3.5, 3.5, 3.5, 3.5, 8.518758021358234, 3.5, 4.451605965194391]
iteration: 34, time: [7.39, 10.81, 13.46, 15.12, 17.26, 18.22, 24.51, 26.38, 1000], last_race_time:[ 7.4  10.82 13.45 15.12 17.25 18.22 19.52 20.93 22.18]
v: [12.0, 12.0, 12.0, 12.0, 12.0, 18.259181628117496, 23.88813297778338, 14.480741261881585, 17.669536832544146]
a: [50.0, 50.0, 50.0, 50.0, 50.0, 168.2146783594412, 149.97103123756645, 50.0, 191.59600461684508]
d: [3.5, 3.5, 3.5, 3.5, 3.5, 3.5, 8.518758021358234, 3.5, 5.547845383114852]
iteration: 35, time: [7.57, 10.99, 13.71, 15.32, 17.37, 18.34, 22.59, 27.96, 29.65], last_race_time:[ 7.39 10.81 13.45 15.12 17.25 18.22 19.52 20.93 22.18]
v: [12.0, 12.0, 12.0, 12.0, 12.0, 18.259181628117496, 20.82737980370311, 18.29330063854366, 22.40969586721668]
a: [50.0, 50.0, 50.0, 50.0, 50.0, 168.2146783594412, 115.31823595161148, 50.0, 87.13217780677927]
d: [3.5, 3.5, 3.5, 3.5, 3.5, 3.5, 8.518758021358234, 7.173306807063103, 5.696290445996121]
iteration: 36, time: [7.6, 11.07, 13.74, 15.33, 17.37, 18.61, 19.76, 25.1, 26.71], last_race_time:[ 7.39 10.81 13.45 15.12 17.25 18.22 19.52 20.93 22.18]
v: [12.0, 12.0, 12.0, 12.0, 12.0, 18.259181628117496, 15.818155008548896, 10.205661782796875, 13.25041754346442]
a: [50.0, 50.0, 50.0, 50.0, 50.0, 168.2146783594412, 101.27953831601604, 50.0, 93.34868033130044]
d: [3.5, 3.5, 3.5, 3.5, 3.5, 3.5, 7.386488086406764, 3.5, 4.83997542369517]
iteration: 37, time: [7.56, 11.06, 13.74, 15.35, 17.38, 18.31, 1000, 1000, 1000], last_race_time:[ 7.39 10.81 13.45 15.12 17.25 18.22 19.52 20.93 22.18]
v: [12.0, 12.0, 12.0, 12.0, 12.0, 18.259181628117496, 20.82737980370311, 14.480741261881585, 18.65078269663545]
a: [50.0, 50.0, 50.0, 50.0, 50.0, 168.2146783594412, 115.2805533496033, 50.0, 194.11645475864307]
d: [3.5, 3.5, 3.5, 3.5, 3.5, 3.5, 8.518758021358234, 3.5, 7.0050499806863415]
iteration: 38, time: [7.54, 10.97, 13.68, 15.3, 17.37, 18.3, 23.58, 26.0, 1000], last_race_time:[ 7.39 10.81 13.45 15.12 17.25 18.22 19.52 20.93 22.18]
v: [12.0, 12.0, 12.0, 12.0, 12.0, 18.259181628117496, 20.82737980370311, 14.480741261881585, 17.669536832544146]
a: [50.0, 50.0, 50.0, 50.0, 50.0, 168.2146783594412, 115.2805533496033, 50.0, 87.13217780677927]
d: [3.5, 3.5, 3.5, 3.5, 3.5, 3.5, 8.518758021358234, 3.5, 4.31886174382142]
iteration: 39, time: [7.65, 11.11, 13.79, 15.36, 17.4, 18.31, 24.38, 29.36, 33.61], last_race_time:[ 7.39 10.81 13.45 15.12 17.25 18.22 19.52 20.93 22.18]
v: [12.0, 12.0, 12.0, 12.0, 12.0, 18.259181628117496, 20.82737980370311, 23.45482771539912, 5.050769246367899]
a: [50.0, 50.0, 50.0, 50.0, 50.0, 168.2146783594412, 115.2805533496033, 50.0, 145.70565569681668]
d: [3.5, 3.5, 3.5, 3.5, 3.5, 3.5, 8.518758021358234, 8.61342924253108, 4.353093596049125]
iteration: 40, time: [7.68, 11.12, 13.79, 15.37, 17.41, 18.63, 19.71, 20.75, 21.6], last_race_time:[ 7.39 10.81 13.45 15.12 17.25 18.22 19.52 20.93 22.18]
v: [12.0, 12.0, 12.0, 12.0, 12.0, 18.259181628117496, 20.82737980370311, 15.946360112626865, 17.669536832544146]
a: [50.0, 50.0, 50.0, 50.0, 50.0, 168.2146783594412, 53.93177473954597, 175.28144791242676, 87.13217780677927]
d: [3.5, 3.5, 3.5, 3.5, 3.5, 3.5, 8.518758021358234, 6.783714013144497, 5.330665131531552]
iteration: 41, time: [7.55, 11.03, 13.73, 15.36, 17.37, 18.28, 1000, 1000, 1000], last_race_time:[ 7.39 10.81 13.45 15.12 17.25 18.22 19.52 20.75 21.6 ]
v: [12.0, 12.0, 12.0, 12.0, 12.0, 18.259181628117496, 20.82737980370311, 15.946360112626865, 17.669536832544146]
a: [50.0, 50.0, 50.0, 50.0, 50.0, 168.2146783594412, 115.2805533496033, 175.28144791242676, 87.13217780677927]
d: [3.5, 3.5, 3.5, 3.5, 3.5, 3.5, 8.518758021358234, 6.783714013144497, 7.162325128893775]
iteration: 42, time: [7.8, 11.26, 13.95, 15.66, 17.84, 18.8, 22.88, 23.94, 24.64], last_race_time:[ 7.39 10.81 13.45 15.12 17.25 18.22 19.52 20.75 21.6 ]
v: [12.0, 12.0, 12.0, 12.0, 12.0, 18.259181628117496, 20.82737980370311, 15.946360112626865, 24.714238339821396]
a: [50.0, 50.0, 50.0, 50.0, 50.0, 168.2146783594412, 187.88829637223066, 175.28144791242676, 164.42981696548654]
d: [3.5, 3.5, 3.5, 3.5, 3.5, 3.5, 8.518758021358234, 6.566576504037679, 5.330665131531552]
iteration: 43, time: [7.46, 10.89, 13.53, 15.02, 16.82, 22.25, 24.15, 25.26, 1000], last_race_time:[ 7.39 10.81 13.45 15.12 17.25 18.22 19.52 20.75 21.6 ]
v: [12.0, 12.0, 12.0, 12.0, 12.0, 18.259181628117496, 20.82737980370311, 15.946360112626865, 13.265057705630017]
a: [50.0, 50.0, 50.0, 155.28350667372197, 84.29267514086105, 178.7792838082363, 56.44638215849238, 181.96158531796564, 87.13217780677927]
d: [3.5, 3.5, 3.5, 3.5, 3.5, 3.7759157713375098, 8.518758021358234, 4.477960472141352, 5.330665131531552]
iteration: 44, time: [7.79, 11.26, 13.92, 15.34, 17.13, 21.21, 1000, 1000, 1000], last_race_time:[ 7.39 10.81 13.45 15.02 16.82 18.22 19.52 20.75 21.6 ]
v: [12.0, 12.0, 12.0, 12.0, 12.0, 21.40549768028741, 17.878038670132565, 17.88309132896489, 17.669536832544146]
a: [50.0, 50.0, 50.0, 155.28350667372197, 84.29267514086105, 168.2146783594412, 115.2805533496033, 198.58989839471246, 134.46785956922793]
d: [3.5, 3.5, 3.5, 3.5, 3.5, 3.5, 8.518758021358234, 6.659356069382467, 7.032561710418181]
iteration: 45, time: [7.5, 10.95, 13.68, 15.16, 19.95, 25.01, 27.23, 31.58, 1000], last_race_time:[ 7.39 10.81 13.45 15.02 16.82 18.22 19.52 20.75 21.6 ]
v: [12.0, 12.0, 12.0, 12.0, 12.0, 18.259181628117496, 12.074420624035259, 15.946360112626865, 17.669536832544146]
a: [50.0, 50.0, 50.0, 155.28350667372197, 84.29267514086105, 145.2659261275664, 52.55760637395625, 64.78648643959343, 177.89095183428083]
d: [3.5, 3.5, 3.5, 3.5, 3.5, 5.5715597426025605, 8.518758021358234, 6.783714013144497, 4.281908522231123]
iteration: 46, time: [7.68, 11.13, 13.78, 15.24, 16.96, 22.68, 24.71, 25.8, 1000], last_race_time:[ 7.39 10.81 13.45 15.02 16.82 18.22 19.52 20.75 21.6 ]
v: [12.0, 12.0, 12.0, 12.0, 12.0, 18.259181628117496, 10.976942618584875, 15.946360112626865, 17.669536832544146]
a: [50.0, 50.0, 50.0, 155.28350667372197, 144.7388162814388, 173.7573266358376, 115.2805533496033, 112.58393281174477, 130.55306626386363]
d: [3.5, 3.5, 3.5, 3.5, 3.858339787263165, 3.5, 8.518758021358234, 8.17512352392735, 5.616997887501951]
iteration: 47, time: [7.71, 11.15, 13.82, 15.27, 21.63, 22.74, 1000, 1000, 1000], last_race_time:[ 7.39 10.81 13.45 15.02 16.82 18.22 19.52 20.75 21.6 ]
v: [12.0, 12.0, 12.0, 12.0, 12.0, 19.663565484864396, 12.725987825009586, 7.41689677058883, 17.669536832544146]
a: [50.0, 50.0, 50.0, 155.28350667372197, 84.29267514086105, 184.0654553951681, 115.2805533496033, 152.09859209245957, 87.13217780677927]
d: [3.5, 3.5, 3.5, 3.5, 3.5, 3.5, 8.518758021358234, 6.783714013144497, 5.330665131531552]
