
iteration: 1
best: [5.77, 7.26, 9.67, 11.65, 14.83, 18.47, 27.65, 33.64, 38.74, 43.2, 44.9, 46.83, 50.29, 51.24]
time: [5.67, 7.12, 9.45, 11.63, 1000, 1000, 1000, 1000, 1000, 1000, 1000, 1000, 1000, 1000]
current_hyper_parameter
v: [32.32, 17.5, 30.15, 24.01, 34.94, 31.78, 21.19, 25.55, 33.69, 17.14, 20.4, 16.18, 11.7, 33.22]
a: [109.41, 142.36, 149.64, 126.35, 106.84, 78.8, 156.04, 163.12, 120.11, 122.11, 117.34, 178.7, 50.0, 146.64]
d: [3.5, 4.12, 5.51, 4.74, 3.92, 4.67, 4.34, 5.38, 3.5, 3.5, 3.87, 3.6, 4.62, 2.0]
BEST_hyper_parameter
v: [32.32, 17.5, 30.15, 24.01, 34.94, 31.78, 21.19, 25.55, 33.69, 17.14, 20.4, 16.18, 11.7, 33.22]
a: [109.41, 142.36, 149.64, 126.35, 106.84, 78.8, 156.04, 163.12, 120.11, 122.11, 117.34, 178.7, 50.0, 146.64]
d: [3.5, 4.12, 5.51, 4.74, 3.92, 4.67, 4.34, 5.38, 3.5, 3.5, 3.87, 3.6, 4.62, 2.0]
mutation at idx = 2

iteration: 2
best: [5.77, 7.26, 9.67, 11.65, 14.83, 18.47, 27.65, 33.64, 38.74, 43.2, 44.9, 46.83, 50.29, 51.24]
time: [5.76, 7.24, 9.73, 11.96, 1000, 1000, 1000, 1000, 1000, 1000, 1000, 1000, 1000, 1000]
current_hyper_parameter
v: [32.32, 17.5, 27.45, 24.01, 34.94, 27.11, 23.04, 13.44, 22.05, 17.14, 12.57, 16.18, 18.03, 13.75]
a: [109.41, 142.36, 149.64, 126.35, 106.84, 78.8, 147.1, 124.7, 138.06, 122.11, 117.34, 178.7, 172.53, 60.36]
d: [3.5, 4.12, 5.51, 4.74, 3.92, 3.88, 5.54, 5.3, 3.5, 3.5, 3.87, 3.6, 4.22, 2.0]
BEST_hyper_parameter
v: [32.32, 17.5, 30.15, 24.01, 34.94, 31.78, 21.19, 25.55, 33.69, 17.14, 20.4, 16.18, 11.7, 33.22]
a: [109.41, 142.36, 149.64, 126.35, 106.84, 78.8, 156.04, 163.12, 120.11, 122.11, 117.34, 178.7, 50.0, 146.64]
d: [3.5, 4.12, 5.51, 4.74, 3.92, 4.67, 4.34, 5.38, 3.5, 3.5, 3.87, 3.6, 4.62, 2.0]

iteration: 3
best: [5.77, 7.26, 9.67, 11.65, 14.83, 18.47, 27.65, 33.64, 38.74, 43.2, 44.9, 46.83, 50.29, 51.24]
time: [5.77, 7.27, 9.67, 11.73, 1000, 1000, 1000, 1000, 1000, 1000, 1000, 1000, 1000, 1000]
current_hyper_parameter
v: [32.32, 17.5, 30.15, 27.61, 20.96, 18.74, 21.19, 25.55, 24.52, 30.83, 24.36, 13.2, 18.14, 33.36]
a: [109.41, 142.36, 149.64, 93.31, 106.33, 115.13, 156.04, 163.12, 42.51, 122.11, 168.34, 31.84, 50.0, 28.97]
d: [3.5, 4.12, 5.51, 5.47, 4.99, 5.87, 4.34, 5.38, 3.5, 5.79, 5.36, 5.72, 4.31, 2.0]
BEST_hyper_parameter
v: [32.32, 17.5, 30.15, 24.01, 34.94, 31.78, 21.19, 25.55, 33.69, 17.14, 20.4, 16.18, 11.7, 33.22]
a: [109.41, 142.36, 149.64, 126.35, 106.84, 78.8, 156.04, 163.12, 120.11, 122.11, 117.34, 178.7, 50.0, 146.64]
d: [3.5, 4.12, 5.51, 4.74, 3.92, 4.67, 4.34, 5.38, 3.5, 3.5, 3.87, 3.6, 4.62, 2.0]
mutation at idx = 1

iteration: 4
best: [5.77, 7.26, 9.67, 11.65, 14.83, 18.47, 27.65, 33.64, 38.74, 43.2, 44.9, 46.83, 50.29, 51.24]
time: [5.76, 7.34, 9.84, 15.4, 1000, 1000, 1000, 1000, 1000, 1000, 1000, 1000, 1000, 1000]
current_hyper_parameter
v: [32.32, 15.24, 30.15, 24.01, 34.94, 22.32, 29.26, 29.57, 29.41, 26.65, 14.07, 16.18, 28.12, 24.06]
a: [109.41, 91.17, 149.64, 126.35, 106.84, 78.8, 186.33, 76.69, 76.49, 196.52, 199.2, 178.7, 53.48, 37.98]
d: [3.5, 4.12, 5.51, 4.74, 3.92, 5.94, 4.34, 4.64, 3.5, 5.27, 3.87, 3.6, 3.59, 2.0]
BEST_hyper_parameter
v: [32.32, 17.5, 30.15, 24.01, 34.94, 31.78, 21.19, 25.55, 33.69, 17.14, 20.4, 16.18, 11.7, 33.22]
a: [109.41, 142.36, 149.64, 126.35, 106.84, 78.8, 156.04, 163.12, 120.11, 122.11, 117.34, 178.7, 50.0, 146.64]
d: [3.5, 4.12, 5.51, 4.74, 3.92, 4.67, 4.34, 5.38, 3.5, 3.5, 3.87, 3.6, 4.62, 2.0]
mutation at idx = 1
mutation at idx = 2

iteration: 5
best: [5.77, 7.26, 9.67, 11.65, 14.83, 18.47, 27.65, 33.64, 38.74, 43.2, 44.9, 46.83, 50.29, 51.24]
time: [5.72, 7.35, 10.12, 16.25, 1000, 1000, 1000, 1000, 1000, 1000, 1000, 1000, 1000, 1000]
current_hyper_parameter
v: [32.32, 12.09, 21.78, 12.07, 32.62, 31.78, 12.56, 23.11, 33.69, 31.5, 20.4, 14.07, 11.7, 33.22]
a: [109.41, 88.51, 149.64, 126.35, 21.13, 78.8, 181.66, 163.12, 120.11, 134.8, 117.34, 178.7, 50.0, 146.64]
d: [3.5, 4.12, 3.5, 4.74, 4.93, 4.67, 4.34, 5.38, 3.5, 3.5, 3.87, 5.39, 4.62, 2.0]
BEST_hyper_parameter
v: [32.32, 17.5, 30.15, 24.01, 34.94, 31.78, 21.19, 25.55, 33.69, 17.14, 20.4, 16.18, 11.7, 33.22]
a: [109.41, 142.36, 149.64, 126.35, 106.84, 78.8, 156.04, 163.12, 120.11, 122.11, 117.34, 178.7, 50.0, 146.64]
d: [3.5, 4.12, 5.51, 4.74, 3.92, 4.67, 4.34, 5.38, 3.5, 3.5, 3.87, 3.6, 4.62, 2.0]
mutation at idx = 1

iteration: 6
best: [5.77, 7.26, 9.67, 11.65, 14.83, 18.47, 27.65, 33.64, 38.74, 43.2, 44.9, 46.83, 50.29, 51.24]
time: [5.77, 7.35, 10.85, 1000, 1000, 1000, 1000, 1000, 1000, 1000, 1000, 1000, 1000, 1000]
current_hyper_parameter
v: [32.32, 18.15, 11.29, 28.16, 34.94, 25.09, 17.71, 25.55, 26.19, 17.14, 31.04, 12.07, 20.4, 30.95]
a: [109.41, 65.0, 149.64, 96.23, 106.84, 78.8, 20.78, 163.12, 102.23, 122.11, 123.36, 178.7, 174.4, 58.06]
d: [3.5, 4.12, 4.33, 4.74, 3.92, 4.99, 4.34, 5.38, 4.72, 3.5, 3.87, 3.6, 5.0, 2.0]
BEST_hyper_parameter
v: [32.32, 17.5, 30.15, 24.01, 34.94, 31.78, 21.19, 25.55, 33.69, 17.14, 20.4, 16.18, 11.7, 33.22]
a: [109.41, 142.36, 149.64, 126.35, 106.84, 78.8, 156.04, 163.12, 120.11, 122.11, 117.34, 178.7, 50.0, 146.64]
d: [3.5, 4.12, 5.51, 4.74, 3.92, 4.67, 4.34, 5.38, 3.5, 3.5, 3.87, 3.6, 4.62, 2.0]

iteration: 7
best: [5.77, 7.26, 9.67, 11.65, 14.83, 18.47, 27.65, 33.64, 38.74, 43.2, 44.9, 46.83, 50.29, 51.24]
time: [5.77, 7.25, 12.68, 15.18, 21.07, 24.16, 31.77, 1000, 1000, 1000, 1000, 1000, 1000, 1000]
current_hyper_parameter
v: [32.32, 17.5, 30.15, 23.52, 20.67, 27.02, 34.26, 33.61, 10.63, 26.01, 28.71, 16.18, 24.98, 33.22]
a: [109.41, 142.36, 149.64, 40.26, 98.27, 167.77, 156.81, 127.0, 120.11, 100.29, 79.09, 178.7, 167.86, 146.64]
d: [3.5, 4.12, 5.51, 4.74, 5.84, 5.1, 4.34, 5.26, 4.06, 3.5, 5.56, 3.6, 4.62, 2.0]
BEST_hyper_parameter
v: [32.32, 17.5, 30.15, 24.01, 34.94, 31.78, 21.19, 25.55, 33.69, 17.14, 20.4, 16.18, 11.7, 33.22]
a: [109.41, 142.36, 149.64, 126.35, 106.84, 78.8, 156.04, 163.12, 120.11, 122.11, 117.34, 178.7, 50.0, 146.64]
d: [3.5, 4.12, 5.51, 4.74, 3.92, 4.67, 4.34, 5.38, 3.5, 3.5, 3.87, 3.6, 4.62, 2.0]

iteration: 8
best: [5.77, 7.26, 9.67, 11.65, 14.83, 18.47, 27.65, 33.64, 38.74, 43.2, 44.9, 46.83, 50.29, 51.24]
time: [5.72, 7.21, 10.13, 13.29, 16.44, 19.51, 29.73, 32.07, 33.2, 34.72, 1000, 1000, 1000, 1000]
current_hyper_parameter
v: [32.32, 17.5, 15.02, 17.56, 12.86, 30.43, 18.77, 25.55, 33.69, 13.19, 20.4, 34.31, 28.39, 21.21]
a: [109.41, 142.36, 159.96, 44.95, 168.5, 155.67, 156.04, 163.12, 120.11, 122.11, 117.34, 105.93, 35.14, 161.67]
d: [3.5, 4.12, 5.51, 4.44, 5.05, 4.67, 4.34, 5.38, 3.5, 3.5, 3.87, 3.8, 5.2, 2.0]
BEST_hyper_parameter
v: [32.32, 17.5, 30.15, 24.01, 34.94, 31.78, 21.19, 25.55, 33.69, 17.14, 20.4, 16.18, 11.7, 33.22]
a: [109.41, 142.36, 149.64, 126.35, 106.84, 78.8, 156.04, 163.12, 120.11, 122.11, 117.34, 178.7, 50.0, 146.64]
d: [3.5, 4.12, 5.51, 4.74, 3.92, 4.67, 4.34, 5.38, 3.5, 3.5, 3.87, 3.6, 4.62, 2.0]

iteration: 9
best: [5.77, 7.26, 9.67, 11.65, 14.83, 18.47, 27.65, 33.64, 38.74, 43.2, 44.9, 46.83, 50.29, 51.24]
time: [5.78, 7.27, 1000, 1000, 1000, 1000, 1000, 1000, 1000, 1000, 1000, 1000, 1000, 1000]
current_hyper_parameter
v: [32.32, 17.5, 28.35, 20.57, 21.24, 26.59, 21.19, 15.64, 31.02, 30.43, 16.99, 12.58, 22.3, 29.32]
a: [109.41, 142.36, 198.19, 87.47, 58.92, 54.74, 156.04, 163.12, 158.56, 111.54, 132.01, 73.05, 70.03, 146.64]
d: [3.5, 4.12, 5.51, 4.99, 3.67, 4.67, 4.34, 5.38, 3.5, 3.5, 5.88, 5.6, 4.62, 2.0]
BEST_hyper_parameter
v: [32.32, 17.5, 30.15, 24.01, 34.94, 31.78, 21.19, 25.55, 33.69, 17.14, 20.4, 16.18, 11.7, 33.22]
a: [109.41, 142.36, 149.64, 126.35, 106.84, 78.8, 156.04, 163.12, 120.11, 122.11, 117.34, 178.7, 50.0, 146.64]
d: [3.5, 4.12, 5.51, 4.74, 3.92, 4.67, 4.34, 5.38, 3.5, 3.5, 3.87, 3.6, 4.62, 2.0]

iteration: 10
best: [5.77, 7.26, 9.67, 11.65, 14.83, 18.47, 27.65, 33.64, 38.74, 43.2, 44.9, 46.83, 50.29, 51.24]
time: [5.79, 7.27, 9.99, 12.25, 17.9, 21.26, 31.91, 34.71, 35.92, 40.74, 1000, 1000, 1000, 1000]
current_hyper_parameter
v: [32.32, 17.5, 20.28, 24.01, 34.94, 25.88, 23.65, 33.66, 33.69, 19.53, 34.47, 33.27, 18.29, 33.22]
a: [109.41, 142.36, 142.44, 126.35, 106.84, 160.29, 119.04, 111.94, 120.11, 138.59, 164.98, 176.32, 50.0, 146.64]
d: [3.5, 4.12, 4.79, 4.74, 3.92, 4.23, 3.76, 5.38, 3.5, 3.5, 3.87, 4.35, 4.58, 2.0]
BEST_hyper_parameter
v: [32.32, 17.5, 30.15, 24.01, 34.94, 31.78, 21.19, 25.55, 33.69, 17.14, 20.4, 16.18, 11.7, 33.22]
a: [109.41, 142.36, 149.64, 126.35, 106.84, 78.8, 156.04, 163.12, 120.11, 122.11, 117.34, 178.7, 50.0, 146.64]
d: [3.5, 4.12, 5.51, 4.74, 3.92, 4.67, 4.34, 5.38, 3.5, 3.5, 3.87, 3.6, 4.62, 2.0]

iteration: 11
best: [5.77, 7.26, 9.67, 11.65, 14.83, 18.47, 27.65, 33.64, 38.74, 43.2, 44.9, 46.83, 50.29, 51.24]
time: [5.75, 7.25, 9.95, 12.5, 18.63, 24.85, 39.58, 1000, 1000, 1000, 1000, 1000, 1000, 1000]
current_hyper_parameter
v: [32.32, 17.5, 20.08, 16.01, 10.9, 11.29, 16.95, 22.61, 24.69, 27.94, 20.4, 32.18, 27.44, 13.96]
a: [109.41, 142.36, 149.64, 112.53, 151.17, 78.8, 177.94, 23.95, 120.11, 29.43, 117.34, 168.83, 50.0, 173.02]
d: [3.5, 4.12, 5.46, 5.03, 3.92, 4.67, 5.09, 4.87, 4.16, 5.7, 3.87, 4.51, 5.66, 2.0]
BEST_hyper_parameter
v: [32.32, 17.5, 30.15, 24.01, 34.94, 31.78, 21.19, 25.55, 33.69, 17.14, 20.4, 16.18, 11.7, 33.22]
a: [109.41, 142.36, 149.64, 126.35, 106.84, 78.8, 156.04, 163.12, 120.11, 122.11, 117.34, 178.7, 50.0, 146.64]
d: [3.5, 4.12, 5.51, 4.74, 3.92, 4.67, 4.34, 5.38, 3.5, 3.5, 3.87, 3.6, 4.62, 2.0]
mutation at idx = 0

iteration: 12
best: [5.77, 7.26, 9.67, 11.65, 14.83, 18.47, 27.65, 33.64, 38.74, 43.2, 44.9, 46.83, 50.29, 51.24]
time: [7.77, 9.54, 11.87, 21.1, 24.34, 28.33, 42.61, 45.14, 1000, 1000, 1000, 1000, 1000, 1000]
current_hyper_parameter
v: [27.64, 17.5, 30.15, 34.37, 21.02, 21.95, 15.06, 21.95, 33.69, 27.84, 24.25, 24.9, 19.33, 34.13]
a: [27.11, 142.36, 149.64, 126.35, 106.84, 78.8, 83.73, 163.12, 120.11, 143.0, 61.13, 148.02, 198.49, 166.86]
d: [3.84, 4.12, 5.51, 5.85, 3.92, 4.67, 4.34, 5.38, 3.5, 3.5, 3.78, 3.6, 4.62, 2.0]
BEST_hyper_parameter
v: [32.32, 17.5, 30.15, 24.01, 34.94, 31.78, 21.19, 25.55, 33.69, 17.14, 20.4, 16.18, 11.7, 33.22]
a: [109.41, 142.36, 149.64, 126.35, 106.84, 78.8, 156.04, 163.12, 120.11, 122.11, 117.34, 178.7, 50.0, 146.64]
d: [3.5, 4.12, 5.51, 4.74, 3.92, 4.67, 4.34, 5.38, 3.5, 3.5, 3.87, 3.6, 4.62, 2.0]

iteration: 13
best: [5.77, 7.26, 9.67, 11.65, 14.83, 18.47, 27.65, 33.64, 38.74, 43.2, 44.9, 46.83, 50.29, 51.24]
time: [5.77, 7.29, 10.5, 12.87, 1000, 1000, 1000, 1000, 1000, 1000, 1000, 1000, 1000, 1000]
current_hyper_parameter
v: [31.66, 17.5, 13.02, 24.01, 22.41, 19.22, 24.27, 19.24, 32.35, 19.14, 20.4, 16.18, 11.7, 24.93]
a: [107.31, 142.36, 106.03, 126.35, 106.84, 78.8, 156.04, 163.12, 120.11, 122.11, 117.34, 178.7, 50.0, 66.56]
d: [3.5, 4.12, 5.51, 4.74, 4.96, 4.67, 4.34, 4.43, 4.66, 4.59, 3.87, 3.6, 4.62, 2.0]
BEST_hyper_parameter
v: [32.32, 17.5, 30.15, 24.01, 34.94, 31.78, 21.19, 25.55, 33.69, 17.14, 20.4, 16.18, 11.7, 33.22]
a: [109.41, 142.36, 149.64, 126.35, 106.84, 78.8, 156.04, 163.12, 120.11, 122.11, 117.34, 178.7, 50.0, 146.64]
d: [3.5, 4.12, 5.51, 4.74, 3.92, 4.67, 4.34, 5.38, 3.5, 3.5, 3.87, 3.6, 4.62, 2.0]

iteration: 14
best: [5.77, 7.26, 9.67, 11.65, 14.83, 18.47, 27.65, 33.64, 38.74, 43.2, 44.9, 46.83, 50.29, 51.24]
time: [5.76, 7.25, 9.65, 15.34, 23.93, 26.73, 40.32, 43.25, 44.64, 54.73, 1000, 1000, 1000, 1000]
current_hyper_parameter
v: [32.32, 17.5, 30.15, 11.43, 28.95, 18.24, 18.37, 18.3, 25.83, 17.14, 20.4, 18.21, 17.54, 22.43]
a: [109.41, 142.36, 149.64, 187.04, 46.05, 110.03, 41.27, 163.12, 120.11, 122.11, 117.34, 178.7, 183.8, 146.64]
d: [3.5, 4.12, 5.51, 3.65, 4.95, 4.67, 4.33, 4.46, 3.5, 3.5, 3.87, 3.6, 4.76, 2.0]
BEST_hyper_parameter
v: [32.32, 17.5, 30.15, 24.01, 34.94, 31.78, 21.19, 25.55, 33.69, 17.14, 20.4, 16.18, 11.7, 33.22]
a: [109.41, 142.36, 149.64, 126.35, 106.84, 78.8, 156.04, 163.12, 120.11, 122.11, 117.34, 178.7, 50.0, 146.64]
d: [3.5, 4.12, 5.51, 4.74, 3.92, 4.67, 4.34, 5.38, 3.5, 3.5, 3.87, 3.6, 4.62, 2.0]

iteration: 15
best: [5.77, 7.26, 9.67, 11.65, 14.83, 18.47, 27.65, 33.64, 38.74, 43.2, 44.9, 46.83, 50.29, 51.24]
time: [5.75, 7.24, 9.69, 11.78, 17.43, 20.71, 36.39, 38.67, 1000, 1000, 1000, 1000, 1000, 1000]
current_hyper_parameter
v: [32.32, 17.5, 30.15, 17.6, 25.38, 26.1, 18.11, 25.55, 16.12, 21.37, 18.22, 16.18, 18.63, 33.13]
a: [109.41, 142.36, 149.64, 174.26, 106.84, 138.15, 156.04, 163.12, 120.11, 122.11, 155.0, 178.7, 50.0, 95.35]
d: [3.5, 4.12, 5.51, 4.74, 4.13, 4.67, 4.55, 5.38, 4.9, 4.91, 3.87, 3.6, 5.3, 2.0]
BEST_hyper_parameter
v: [32.32, 17.5, 30.15, 24.01, 34.94, 31.78, 21.19, 25.55, 33.69, 17.14, 20.4, 16.18, 11.7, 33.22]
a: [109.41, 142.36, 149.64, 126.35, 106.84, 78.8, 156.04, 163.12, 120.11, 122.11, 117.34, 178.7, 50.0, 146.64]
d: [3.5, 4.12, 5.51, 4.74, 3.92, 4.67, 4.34, 5.38, 3.5, 3.5, 3.87, 3.6, 4.62, 2.0]

iteration: 16
best: [5.77, 7.26, 9.67, 11.65, 14.83, 18.47, 27.65, 33.64, 38.74, 43.2, 44.9, 46.83, 50.29, 51.24]
time: [5.75, 7.24, 9.66, 18.69, 30.38, 34.23, 45.55, 1000, 1000, 1000, 1000, 1000, 1000, 1000]
current_hyper_parameter
v: [32.32, 17.5, 30.15, 24.01, 14.32, 20.39, 21.19, 28.49, 24.42, 34.38, 25.35, 19.03, 33.45, 18.52]
a: [109.41, 142.36, 149.64, 126.35, 106.84, 78.8, 156.04, 163.12, 120.11, 39.72, 87.68, 178.7, 170.27, 146.64]
d: [3.5, 4.12, 5.51, 4.74, 3.92, 4.67, 4.34, 3.93, 3.5, 4.97, 5.2, 3.6, 4.62, 2.0]
BEST_hyper_parameter
v: [32.32, 17.5, 30.15, 24.01, 34.94, 31.78, 21.19, 25.55, 33.69, 17.14, 20.4, 16.18, 11.7, 33.22]
a: [109.41, 142.36, 149.64, 126.35, 106.84, 78.8, 156.04, 163.12, 120.11, 122.11, 117.34, 178.7, 50.0, 146.64]
d: [3.5, 4.12, 5.51, 4.74, 3.92, 4.67, 4.34, 5.38, 3.5, 3.5, 3.87, 3.6, 4.62, 2.0]
mutation at idx = 0

iteration: 17
best: [5.77, 7.26, 9.67, 11.65, 14.83, 18.47, 27.65, 33.64, 38.74, 43.2, 44.9, 46.83, 50.29, 51.24]
time: [6.16, 7.78, 10.19, 12.68, 1000, 1000, 1000, 1000, 1000, 1000, 1000, 1000, 1000, 1000]
current_hyper_parameter
v: [20.82, 17.5, 30.15, 13.14, 32.36, 15.5, 21.19, 25.55, 32.39, 32.8, 21.37, 34.07, 26.35, 20.77]
a: [66.29, 142.36, 149.64, 86.56, 165.87, 175.0, 156.04, 163.12, 78.48, 122.11, 55.72, 106.47, 42.03, 146.64]
d: [4.16, 4.12, 5.51, 5.97, 3.92, 5.52, 4.34, 5.38, 3.5, 4.93, 4.25, 3.6, 4.65, 2.0]
BEST_hyper_parameter
v: [32.32, 17.5, 30.15, 24.01, 34.94, 31.78, 21.19, 25.55, 33.69, 17.14, 20.4, 16.18, 11.7, 33.22]
a: [109.41, 142.36, 149.64, 126.35, 106.84, 78.8, 156.04, 163.12, 120.11, 122.11, 117.34, 178.7, 50.0, 146.64]
d: [3.5, 4.12, 5.51, 4.74, 3.92, 4.67, 4.34, 5.38, 3.5, 3.5, 3.87, 3.6, 4.62, 2.0]

iteration: 18
best: [5.77, 7.26, 9.67, 11.65, 14.83, 18.47, 27.65, 33.64, 38.74, 43.2, 44.9, 46.83, 50.29, 51.24]
time: [5.79, 7.47, 11.12, 13.78, 23.07, 29.95, 40.65, 43.3, 44.44, 46.02, 1000, 1000, 1000, 1000]
current_hyper_parameter
v: [32.32, 19.95, 16.2, 18.99, 32.67, 34.28, 29.16, 25.55, 21.0, 23.91, 16.8, 25.8, 31.16, 34.97]
a: [109.41, 50.32, 54.31, 126.35, 106.84, 32.96, 111.86, 163.12, 87.98, 66.35, 33.02, 167.71, 177.44, 46.91]
d: [3.5, 4.12, 4.67, 4.74, 3.92, 5.05, 4.34, 5.38, 3.91, 5.86, 5.52, 4.92, 4.62, 2.0]
BEST_hyper_parameter
v: [32.32, 17.5, 30.15, 24.01, 34.94, 31.78, 21.19, 25.55, 33.69, 17.14, 20.4, 16.18, 11.7, 33.22]
a: [109.41, 142.36, 149.64, 126.35, 106.84, 78.8, 156.04, 163.12, 120.11, 122.11, 117.34, 178.7, 50.0, 146.64]
d: [3.5, 4.12, 5.51, 4.74, 3.92, 4.67, 4.34, 5.38, 3.5, 3.5, 3.87, 3.6, 4.62, 2.0]

iteration: 19
best: [5.77, 7.26, 9.67, 11.65, 14.83, 18.47, 27.65, 33.64, 38.74, 43.2, 44.9, 46.83, 50.29, 51.24]
time: [5.78, 7.25, 9.68, 14.68, 19.86, 23.64, 35.76, 38.63, 39.97, 41.52, 46.93, 50.61, 1000, 1000]
current_hyper_parameter
v: [32.32, 17.5, 30.15, 25.08, 34.94, 31.24, 18.18, 14.61, 33.69, 17.14, 19.76, 21.02, 17.93, 22.77]
a: [109.41, 142.36, 149.64, 126.35, 106.84, 78.8, 156.04, 113.93, 120.11, 122.11, 90.1, 44.42, 117.5, 146.64]
d: [3.5, 4.12, 5.51, 4.74, 3.92, 4.08, 4.34, 5.38, 3.5, 3.5, 3.8, 3.6, 5.04, 2.0]
BEST_hyper_parameter
v: [32.32, 17.5, 30.15, 24.01, 34.94, 31.78, 21.19, 25.55, 33.69, 17.14, 20.4, 16.18, 11.7, 33.22]
a: [109.41, 142.36, 149.64, 126.35, 106.84, 78.8, 156.04, 163.12, 120.11, 122.11, 117.34, 178.7, 50.0, 146.64]
d: [3.5, 4.12, 5.51, 4.74, 3.92, 4.67, 4.34, 5.38, 3.5, 3.5, 3.87, 3.6, 4.62, 2.0]
mutation at idx = 1
mutation at idx = 2

iteration: 20
best: [5.77, 7.26, 9.67, 11.65, 14.83, 18.47, 27.65, 33.64, 38.74, 43.2, 44.9, 46.83, 50.29, 51.24]
time: [5.79, 7.09, 9.2, 11.41, 1000, 1000, 1000, 1000, 1000, 1000, 1000, 1000, 1000, 1000]
current_hyper_parameter
v: [32.32, 34.85, 28.41, 27.52, 16.38, 15.45, 21.38, 18.4, 22.68, 24.05, 22.88, 18.52, 12.58, 33.22]
a: [109.41, 135.67, 173.54, 126.35, 106.84, 131.52, 156.04, 163.12, 167.62, 62.44, 153.48, 178.7, 52.61, 146.64]
d: [3.5, 4.12, 3.66, 4.74, 3.92, 4.93, 5.57, 5.38, 3.5, 5.48, 3.87, 3.6, 4.62, 2.0]
BEST_hyper_parameter
v: [32.32, 17.5, 30.15, 24.01, 34.94, 31.78, 21.19, 25.55, 33.69, 17.14, 20.4, 16.18, 11.7, 33.22]
a: [109.41, 142.36, 149.64, 126.35, 106.84, 78.8, 156.04, 163.12, 120.11, 122.11, 117.34, 178.7, 50.0, 146.64]
d: [3.5, 4.12, 5.51, 4.74, 3.92, 4.67, 4.34, 5.38, 3.5, 3.5, 3.87, 3.6, 4.62, 2.0]
mutation at idx = 2

iteration: 21
best: [5.77, 7.26, 9.2, 11.65, 14.83, 18.47, 27.65, 33.64, 38.74, 43.2, 44.9, 46.83, 50.29, 51.24]
time: [5.75, 7.22, 9.94, 1000, 1000, 1000, 1000, 1000, 1000, 1000, 1000, 1000, 1000, 1000]
current_hyper_parameter
v: [32.32, 17.5, 17.8, 24.01, 26.94, 10.89, 21.19, 33.24, 33.69, 23.7, 34.0, 11.21, 16.97, 30.32]
a: [109.41, 142.36, 173.54, 126.35, 63.76, 78.8, 156.04, 155.96, 120.11, 146.7, 68.58, 178.7, 149.29, 37.26]
d: [3.5, 4.12, 4.72, 4.74, 4.38, 4.67, 4.34, 3.52, 3.5, 3.76, 5.33, 4.44, 4.62, 2.0]
BEST_hyper_parameter
v: [32.32, 17.5, 28.41, 24.01, 34.94, 31.78, 21.19, 25.55, 33.69, 17.14, 20.4, 16.18, 11.7, 33.22]
a: [109.41, 142.36, 173.54, 126.35, 106.84, 78.8, 156.04, 163.12, 120.11, 122.11, 117.34, 178.7, 50.0, 146.64]
d: [3.5, 4.12, 3.66, 4.74, 3.92, 4.67, 4.34, 5.38, 3.5, 3.5, 3.87, 3.6, 4.62, 2.0]

iteration: 22
best: [5.77, 7.26, 9.2, 11.65, 14.83, 18.47, 27.65, 33.64, 38.74, 43.2, 44.9, 46.83, 50.29, 51.24]
time: [5.76, 7.24, 10.2, 15.59, 35.42, 39.34, 1000, 1000, 1000, 1000, 1000, 1000, 1000, 1000]
current_hyper_parameter
v: [32.32, 17.5, 30.69, 27.4, 34.94, 30.09, 21.19, 16.99, 16.11, 20.15, 20.4, 13.06, 21.56, 25.07]
a: [109.41, 142.36, 72.29, 147.4, 106.84, 97.18, 156.04, 163.12, 162.09, 161.07, 117.34, 199.03, 27.46, 199.97]
d: [3.5, 4.12, 3.66, 4.74, 3.92, 5.05, 4.34, 5.38, 5.49, 5.66, 3.87, 3.6, 5.15, 2.0]
BEST_hyper_parameter
v: [32.32, 17.5, 28.41, 24.01, 34.94, 31.78, 21.19, 25.55, 33.69, 17.14, 20.4, 16.18, 11.7, 33.22]
a: [109.41, 142.36, 173.54, 126.35, 106.84, 78.8, 156.04, 163.12, 120.11, 122.11, 117.34, 178.7, 50.0, 146.64]
d: [3.5, 4.12, 3.66, 4.74, 3.92, 4.67, 4.34, 5.38, 3.5, 3.5, 3.87, 3.6, 4.62, 2.0]

iteration: 23
best: [5.77, 7.26, 9.2, 11.65, 14.83, 18.47, 27.65, 33.64, 38.74, 43.2, 44.9, 46.83, 50.29, 51.24]
time: [5.74, 7.25, 9.98, 1000, 1000, 1000, 1000, 1000, 1000, 1000, 1000, 1000, 1000, 1000]
current_hyper_parameter
v: [32.32, 17.5, 17.55, 30.07, 34.94, 31.78, 33.99, 25.55, 30.28, 27.11, 20.4, 32.15, 25.57, 33.22]
a: [109.41, 142.36, 173.54, 142.38, 106.84, 78.8, 156.04, 163.12, 89.4, 133.25, 117.34, 178.7, 50.0, 146.64]
d: [3.5, 4.12, 5.22, 4.74, 3.92, 4.67, 4.34, 5.38, 3.5, 3.5, 3.87, 3.6, 4.71, 2.0]
BEST_hyper_parameter
v: [32.32, 17.5, 28.41, 24.01, 34.94, 31.78, 21.19, 25.55, 33.69, 17.14, 20.4, 16.18, 11.7, 33.22]
a: [109.41, 142.36, 173.54, 126.35, 106.84, 78.8, 156.04, 163.12, 120.11, 122.11, 117.34, 178.7, 50.0, 146.64]
d: [3.5, 4.12, 3.66, 4.74, 3.92, 4.67, 4.34, 5.38, 3.5, 3.5, 3.87, 3.6, 4.62, 2.0]

iteration: 24
best: [5.77, 7.26, 9.2, 11.65, 14.83, 18.47, 27.65, 33.64, 38.74, 43.2, 44.9, 46.83, 50.29, 51.24]
time: [5.76, 7.25, 9.89, 1000, 1000, 1000, 1000, 1000, 1000, 1000, 1000, 1000, 1000, 1000]
current_hyper_parameter
v: [32.32, 17.5, 20.61, 24.01, 24.61, 13.06, 21.19, 25.55, 33.69, 21.83, 11.87, 13.35, 24.75, 32.17]
a: [109.41, 142.36, 173.54, 126.35, 29.89, 145.23, 156.04, 163.12, 120.11, 122.11, 117.34, 142.66, 50.0, 146.64]
d: [3.5, 4.12, 3.66, 4.74, 3.92, 5.82, 4.34, 5.38, 3.5, 3.5, 3.87, 4.28, 5.88, 2.0]
BEST_hyper_parameter
v: [32.32, 17.5, 28.41, 24.01, 34.94, 31.78, 21.19, 25.55, 33.69, 17.14, 20.4, 16.18, 11.7, 33.22]
a: [109.41, 142.36, 173.54, 126.35, 106.84, 78.8, 156.04, 163.12, 120.11, 122.11, 117.34, 178.7, 50.0, 146.64]
d: [3.5, 4.12, 3.66, 4.74, 3.92, 4.67, 4.34, 5.38, 3.5, 3.5, 3.87, 3.6, 4.62, 2.0]

iteration: 25
best: [5.77, 7.26, 9.2, 11.65, 14.83, 18.47, 27.65, 33.64, 38.74, 43.2, 44.9, 46.83, 50.29, 51.24]
time: [5.71, 7.23, 9.95, 13.09, 1000, 1000, 1000, 1000, 1000, 1000, 1000, 1000, 1000, 1000]
current_hyper_parameter
v: [32.32, 17.5, 21.54, 25.82, 27.61, 22.22, 21.19, 34.46, 17.05, 32.12, 31.22, 16.18, 29.66, 13.62]
a: [109.41, 142.36, 133.54, 33.84, 71.06, 154.52, 156.04, 85.19, 163.45, 122.11, 117.34, 178.7, 69.7, 146.64]
d: [3.5, 4.12, 3.66, 4.74, 4.99, 4.67, 4.34, 4.63, 3.61, 3.5, 4.44, 3.6, 4.62, 2.0]
BEST_hyper_parameter
v: [32.32, 17.5, 28.41, 24.01, 34.94, 31.78, 21.19, 25.55, 33.69, 17.14, 20.4, 16.18, 11.7, 33.22]
a: [109.41, 142.36, 173.54, 126.35, 106.84, 78.8, 156.04, 163.12, 120.11, 122.11, 117.34, 178.7, 50.0, 146.64]
d: [3.5, 4.12, 3.66, 4.74, 3.92, 4.67, 4.34, 5.38, 3.5, 3.5, 3.87, 3.6, 4.62, 2.0]
mutation at idx = 0

iteration: 26
best: [5.77, 7.26, 9.2, 11.65, 14.83, 18.47, 27.65, 33.64, 38.74, 43.2, 44.9, 46.83, 50.29, 51.24]
time: [5.77, 7.29, 9.68, 12.39, 14.88, 18.48, 27.08, 1000, 1000, 1000, 1000, 1000, 1000, 1000]
current_hyper_parameter
v: [34.6, 17.5, 28.41, 28.54, 34.94, 14.26, 31.1, 19.88, 15.2, 17.14, 22.69, 11.85, 11.7, 18.44]
a: [109.41, 142.36, 173.54, 62.98, 106.84, 179.23, 156.04, 121.72, 33.44, 122.11, 117.34, 40.35, 50.0, 146.64]
d: [4.86, 4.12, 3.66, 4.74, 3.92, 4.67, 4.34, 5.38, 3.5, 3.5, 3.87, 3.61, 4.62, 2.0]
BEST_hyper_parameter
v: [32.32, 17.5, 28.41, 24.01, 34.94, 31.78, 21.19, 25.55, 33.69, 17.14, 20.4, 16.18, 11.7, 33.22]
a: [109.41, 142.36, 173.54, 126.35, 106.84, 78.8, 156.04, 163.12, 120.11, 122.11, 117.34, 178.7, 50.0, 146.64]
d: [3.5, 4.12, 3.66, 4.74, 3.92, 4.67, 4.34, 5.38, 3.5, 3.5, 3.87, 3.6, 4.62, 2.0]

iteration: 27
best: [5.77, 7.26, 9.2, 11.65, 14.83, 18.47, 27.65, 33.64, 38.74, 43.2, 44.9, 46.83, 50.29, 51.24]
time: [5.78, 7.25, 10.75, 13.77, 1000, 1000, 1000, 1000, 1000, 1000, 1000, 1000, 1000, 1000]
current_hyper_parameter
v: [32.32, 17.5, 13.77, 12.97, 34.94, 28.66, 13.24, 28.84, 33.2, 26.73, 16.88, 16.18, 19.92, 30.62]
a: [109.41, 142.36, 43.33, 194.52, 106.84, 78.8, 62.27, 163.12, 156.72, 133.72, 145.06, 178.7, 147.28, 75.04]
d: [3.5, 4.12, 3.66, 5.61, 3.92, 4.67, 4.34, 5.38, 5.39, 3.75, 4.68, 3.6, 4.62, 2.0]
BEST_hyper_parameter
v: [32.32, 17.5, 28.41, 24.01, 34.94, 31.78, 21.19, 25.55, 33.69, 17.14, 20.4, 16.18, 11.7, 33.22]
a: [109.41, 142.36, 173.54, 126.35, 106.84, 78.8, 156.04, 163.12, 120.11, 122.11, 117.34, 178.7, 50.0, 146.64]
d: [3.5, 4.12, 3.66, 4.74, 3.92, 4.67, 4.34, 5.38, 3.5, 3.5, 3.87, 3.6, 4.62, 2.0]

iteration: 28
best: [5.77, 7.26, 9.2, 11.65, 14.83, 18.47, 27.65, 33.64, 38.74, 43.2, 44.9, 46.83, 50.29, 51.24]
time: [5.76, 7.25, 10.05, 15.76, 23.25, 48.36, 1000, 1000, 1000, 1000, 1000, 1000, 1000, 1000]
current_hyper_parameter
v: [32.32, 17.5, 17.4, 30.03, 34.94, 31.78, 33.49, 17.56, 23.78, 17.14, 30.66, 28.74, 16.42, 13.06]
a: [109.41, 142.36, 173.54, 126.35, 106.84, 78.8, 156.04, 56.31, 169.15, 122.11, 54.25, 178.7, 25.64, 146.64]
d: [3.5, 4.12, 3.66, 4.74, 3.92, 4.67, 4.0, 5.38, 3.5, 3.5, 3.87, 3.74, 4.62, 2.0]
BEST_hyper_parameter
v: [32.32, 17.5, 28.41, 24.01, 34.94, 31.78, 21.19, 25.55, 33.69, 17.14, 20.4, 16.18, 11.7, 33.22]
a: [109.41, 142.36, 173.54, 126.35, 106.84, 78.8, 156.04, 163.12, 120.11, 122.11, 117.34, 178.7, 50.0, 146.64]
d: [3.5, 4.12, 3.66, 4.74, 3.92, 4.67, 4.34, 5.38, 3.5, 3.5, 3.87, 3.6, 4.62, 2.0]

iteration: 29
best: [5.77, 7.26, 9.2, 11.65, 14.83, 18.47, 27.65, 33.64, 38.74, 43.2, 44.9, 46.83, 50.29, 51.24]
time: [5.8, 7.33, 10.4, 16.22, 20.26, 23.08, 32.5, 42.98, 46.09, 48.0, 1000, 1000, 1000, 1000]
current_hyper_parameter
v: [32.32, 17.5, 19.2, 18.96, 14.65, 31.11, 21.19, 25.72, 27.27, 15.04, 20.4, 22.2, 34.39, 33.22]
a: [109.41, 142.36, 71.73, 126.35, 106.84, 194.97, 156.04, 163.12, 58.17, 145.04, 117.34, 108.71, 45.27, 146.64]
d: [3.5, 4.12, 3.66, 4.74, 3.92, 4.67, 4.34, 5.2, 4.21, 4.26, 3.87, 3.86, 3.85, 2.0]
BEST_hyper_parameter
v: [32.32, 17.5, 28.41, 24.01, 34.94, 31.78, 21.19, 25.55, 33.69, 17.14, 20.4, 16.18, 11.7, 33.22]
a: [109.41, 142.36, 173.54, 126.35, 106.84, 78.8, 156.04, 163.12, 120.11, 122.11, 117.34, 178.7, 50.0, 146.64]
d: [3.5, 4.12, 3.66, 4.74, 3.92, 4.67, 4.34, 5.38, 3.5, 3.5, 3.87, 3.6, 4.62, 2.0]

iteration: 30
best: [5.77, 7.26, 9.2, 11.65, 14.83, 18.47, 27.65, 33.64, 38.74, 43.2, 44.9, 46.83, 50.29, 51.24]
time: [5.71, 7.22, 9.63, 11.81, 1000, 1000, 1000, 1000, 1000, 1000, 1000, 1000, 1000, 1000]
current_hyper_parameter
v: [32.32, 17.5, 28.41, 33.22, 34.85, 19.75, 24.1, 29.31, 33.69, 23.44, 20.4, 27.01, 15.11, 24.7]
a: [109.41, 142.36, 173.54, 145.73, 30.85, 110.45, 100.75, 163.12, 120.11, 43.54, 117.34, 138.31, 50.0, 27.17]
d: [3.5, 4.12, 3.66, 4.26, 3.92, 4.36, 4.59, 5.38, 3.5, 3.67, 3.87, 3.6, 4.62, 2.0]
BEST_hyper_parameter
v: [32.32, 17.5, 28.41, 24.01, 34.94, 31.78, 21.19, 25.55, 33.69, 17.14, 20.4, 16.18, 11.7, 33.22]
a: [109.41, 142.36, 173.54, 126.35, 106.84, 78.8, 156.04, 163.12, 120.11, 122.11, 117.34, 178.7, 50.0, 146.64]
d: [3.5, 4.12, 3.66, 4.74, 3.92, 4.67, 4.34, 5.38, 3.5, 3.5, 3.87, 3.6, 4.62, 2.0]

iteration: 31
best: [5.77, 7.26, 9.2, 11.65, 14.83, 18.47, 27.65, 33.64, 38.74, 43.2, 44.9, 46.83, 50.29, 51.24]
time: [5.77, 7.24, 9.72, 19.06, 1000, 1000, 1000, 1000, 1000, 1000, 1000, 1000, 1000, 1000]
current_hyper_parameter
v: [32.32, 17.5, 25.83, 24.01, 25.25, 34.11, 14.55, 19.65, 18.01, 17.14, 31.1, 21.51, 15.08, 33.22]
a: [109.41, 142.36, 173.54, 126.35, 83.58, 27.53, 136.21, 163.12, 120.11, 122.11, 117.34, 179.23, 192.74, 146.64]
d: [3.5, 4.12, 4.28, 4.74, 3.92, 4.67, 4.34, 4.01, 4.16, 3.5, 3.87, 3.6, 4.62, 2.0]
BEST_hyper_parameter
v: [32.32, 17.5, 28.41, 24.01, 34.94, 31.78, 21.19, 25.55, 33.69, 17.14, 20.4, 16.18, 11.7, 33.22]
a: [109.41, 142.36, 173.54, 126.35, 106.84, 78.8, 156.04, 163.12, 120.11, 122.11, 117.34, 178.7, 50.0, 146.64]
d: [3.5, 4.12, 3.66, 4.74, 3.92, 4.67, 4.34, 5.38, 3.5, 3.5, 3.87, 3.6, 4.62, 2.0]

iteration: 32
best: [5.77, 7.26, 9.2, 11.65, 14.83, 18.47, 27.65, 33.64, 38.74, 43.2, 44.9, 46.83, 50.29, 51.24]
time: [5.76, 7.24, 9.85, 1000, 1000, 1000, 1000, 1000, 1000, 1000, 1000, 1000, 1000, 1000]
current_hyper_parameter
v: [32.32, 17.5, 25.56, 29.52, 11.32, 22.52, 32.08, 31.15, 22.91, 14.55, 34.26, 31.31, 11.7, 33.22]
a: [109.41, 142.36, 124.83, 126.35, 106.84, 78.8, 133.15, 163.12, 82.42, 122.11, 91.88, 48.91, 50.0, 146.64]
d: [3.5, 4.12, 3.66, 4.74, 3.77, 4.67, 4.34, 5.38, 5.2, 3.5, 3.87, 3.6, 4.62, 2.0]
BEST_hyper_parameter
v: [32.32, 17.5, 28.41, 24.01, 34.94, 31.78, 21.19, 25.55, 33.69, 17.14, 20.4, 16.18, 11.7, 33.22]
a: [109.41, 142.36, 173.54, 126.35, 106.84, 78.8, 156.04, 163.12, 120.11, 122.11, 117.34, 178.7, 50.0, 146.64]
d: [3.5, 4.12, 3.66, 4.74, 3.92, 4.67, 4.34, 5.38, 3.5, 3.5, 3.87, 3.6, 4.62, 2.0]

iteration: 33
best: [5.77, 7.26, 9.2, 11.65, 14.83, 18.47, 27.65, 33.64, 38.74, 43.2, 44.9, 46.83, 50.29, 51.24]
time: [5.76, 7.25, 10.19, 12.38, 18.26, 21.68, 33.57, 36.72, 38.15, 47.42, 48.94, 50.34, 1000, 1000]
current_hyper_parameter
v: [32.32, 17.5, 19.53, 29.18, 19.29, 31.78, 19.26, 14.25, 24.36, 22.88, 14.28, 31.92, 18.77, 21.83]
a: [109.41, 142.36, 83.9, 126.35, 106.84, 78.8, 173.77, 96.5, 157.36, 141.9, 145.21, 126.78, 50.0, 146.64]
d: [3.5, 4.12, 4.58, 4.31, 3.92, 4.67, 4.34, 5.38, 3.5, 5.24, 3.87, 3.6, 4.62, 2.0]
BEST_hyper_parameter
v: [32.32, 17.5, 28.41, 24.01, 34.94, 31.78, 21.19, 25.55, 33.69, 17.14, 20.4, 16.18, 11.7, 33.22]
a: [109.41, 142.36, 173.54, 126.35, 106.84, 78.8, 156.04, 163.12, 120.11, 122.11, 117.34, 178.7, 50.0, 146.64]
d: [3.5, 4.12, 3.66, 4.74, 3.92, 4.67, 4.34, 5.38, 3.5, 3.5, 3.87, 3.6, 4.62, 2.0]

iteration: 34
best: [5.77, 7.26, 9.2, 11.65, 14.83, 18.47, 27.65, 33.64, 38.74, 43.2, 44.9, 46.83, 50.29, 51.24]
time: [5.72, 7.23, 9.66, 15.16, 18.81, 22.76, 34.99, 37.2, 1000, 1000, 1000, 1000, 1000, 1000]
current_hyper_parameter
v: [32.32, 17.5, 28.41, 24.01, 25.26, 28.3, 19.67, 32.84, 16.41, 17.14, 14.6, 33.75, 15.89, 33.22]
a: [109.41, 142.36, 173.54, 126.35, 98.98, 78.8, 69.84, 163.12, 122.54, 122.11, 33.8, 189.22, 50.0, 146.64]
d: [3.5, 4.12, 3.66, 4.74, 3.92, 4.67, 4.34, 5.38, 3.5, 3.5, 4.25, 3.6, 4.62, 2.0]
BEST_hyper_parameter
v: [32.32, 17.5, 28.41, 24.01, 34.94, 31.78, 21.19, 25.55, 33.69, 17.14, 20.4, 16.18, 11.7, 33.22]
a: [109.41, 142.36, 173.54, 126.35, 106.84, 78.8, 156.04, 163.12, 120.11, 122.11, 117.34, 178.7, 50.0, 146.64]
d: [3.5, 4.12, 3.66, 4.74, 3.92, 4.67, 4.34, 5.38, 3.5, 3.5, 3.87, 3.6, 4.62, 2.0]

iteration: 35
best: [5.77, 7.26, 9.2, 11.65, 14.83, 18.47, 27.65, 33.64, 38.74, 43.2, 44.9, 46.83, 50.29, 51.24]
time: [5.76, 7.24, 9.62, 11.75, 14.19, 20.71, 35.43, 41.07, 44.4, 49.72, 1000, 1000, 1000, 1000]
current_hyper_parameter
v: [32.32, 17.5, 29.78, 24.01, 26.61, 18.0, 32.07, 25.55, 22.54, 12.33, 21.18, 16.18, 21.32, 17.96]
a: [109.41, 142.36, 173.54, 126.35, 159.2, 167.19, 46.82, 163.12, 56.5, 64.06, 159.48, 178.7, 144.09, 146.64]
d: [3.5, 4.12, 4.63, 4.74, 3.93, 5.49, 4.34, 5.38, 5.18, 5.86, 5.26, 3.6, 4.62, 2.0]
BEST_hyper_parameter
v: [32.32, 17.5, 28.41, 24.01, 34.94, 31.78, 21.19, 25.55, 33.69, 17.14, 20.4, 16.18, 11.7, 33.22]
a: [109.41, 142.36, 173.54, 126.35, 106.84, 78.8, 156.04, 163.12, 120.11, 122.11, 117.34, 178.7, 50.0, 146.64]
d: [3.5, 4.12, 3.66, 4.74, 3.92, 4.67, 4.34, 5.38, 3.5, 3.5, 3.87, 3.6, 4.62, 2.0]

iteration: 36
best: [5.77, 7.26, 9.2, 11.65, 14.83, 18.47, 27.65, 33.64, 38.74, 43.2, 44.9, 46.83, 50.29, 51.24]
time: [5.73, 7.22, 9.65, 15.82, 1000, 1000, 1000, 1000, 1000, 1000, 1000, 1000, 1000, 1000]
current_hyper_parameter
v: [32.32, 17.5, 28.41, 24.01, 28.03, 31.78, 17.26, 32.27, 12.32, 16.64, 32.17, 26.82, 25.75, 33.22]
a: [109.41, 142.36, 173.54, 126.35, 25.14, 78.8, 162.32, 105.37, 65.85, 158.54, 72.14, 55.92, 142.34, 146.64]
d: [3.5, 4.12, 3.66, 4.74, 3.92, 4.67, 4.85, 4.29, 3.5, 3.5, 4.88, 3.6, 4.45, 2.0]
BEST_hyper_parameter
v: [32.32, 17.5, 28.41, 24.01, 34.94, 31.78, 21.19, 25.55, 33.69, 17.14, 20.4, 16.18, 11.7, 33.22]
a: [109.41, 142.36, 173.54, 126.35, 106.84, 78.8, 156.04, 163.12, 120.11, 122.11, 117.34, 178.7, 50.0, 146.64]
d: [3.5, 4.12, 3.66, 4.74, 3.92, 4.67, 4.34, 5.38, 3.5, 3.5, 3.87, 3.6, 4.62, 2.0]

iteration: 37
best: [5.77, 7.26, 9.2, 11.65, 14.83, 18.47, 27.65, 33.64, 38.74, 43.2, 44.9, 46.83, 50.29, 51.24]
time: [5.73, 7.24, 10.45, 13.73, 16.34, 20.12, 28.2, 1000, 1000, 1000, 1000, 1000, 1000, 1000]
current_hyper_parameter
v: [32.32, 17.5, 13.46, 11.07, 19.32, 31.78, 34.5, 31.41, 25.76, 17.14, 19.06, 16.18, 24.69, 28.18]
a: [109.41, 142.36, 113.04, 126.35, 106.84, 78.8, 156.04, 163.12, 120.11, 122.11, 88.54, 178.7, 177.19, 71.73]
d: [3.5, 4.12, 3.66, 5.72, 4.22, 4.67, 4.4, 5.62, 5.22, 3.5, 3.87, 3.6, 5.31, 2.0]
BEST_hyper_parameter
v: [32.32, 17.5, 28.41, 24.01, 34.94, 31.78, 21.19, 25.55, 33.69, 17.14, 20.4, 16.18, 11.7, 33.22]
a: [109.41, 142.36, 173.54, 126.35, 106.84, 78.8, 156.04, 163.12, 120.11, 122.11, 117.34, 178.7, 50.0, 146.64]
d: [3.5, 4.12, 3.66, 4.74, 3.92, 4.67, 4.34, 5.38, 3.5, 3.5, 3.87, 3.6, 4.62, 2.0]

iteration: 38
best: [5.77, 7.26, 9.2, 11.65, 14.83, 18.47, 27.65, 33.64, 38.74, 43.2, 44.9, 46.83, 50.29, 51.24]
time: [5.76, 7.25, 10.72, 16.62, 26.81, 30.36, 45.93, 48.43, 1000, 1000, 1000, 1000, 1000, 1000]
current_hyper_parameter
v: [32.32, 17.5, 17.13, 29.1, 32.25, 31.78, 12.85, 34.63, 25.11, 23.99, 20.4, 16.18, 30.63, 33.22]
a: [109.41, 142.36, 35.24, 126.35, 106.84, 78.8, 156.04, 125.68, 128.48, 111.8, 117.34, 178.7, 48.96, 146.64]
d: [3.5, 4.12, 3.66, 4.41, 3.92, 4.67, 4.34, 4.26, 5.58, 3.5, 3.87, 3.6, 4.62, 2.0]
BEST_hyper_parameter
v: [32.32, 17.5, 28.41, 24.01, 34.94, 31.78, 21.19, 25.55, 33.69, 17.14, 20.4, 16.18, 11.7, 33.22]
a: [109.41, 142.36, 173.54, 126.35, 106.84, 78.8, 156.04, 163.12, 120.11, 122.11, 117.34, 178.7, 50.0, 146.64]
d: [3.5, 4.12, 3.66, 4.74, 3.92, 4.67, 4.34, 5.38, 3.5, 3.5, 3.87, 3.6, 4.62, 2.0]

iteration: 39
best: [5.77, 7.26, 9.2, 11.65, 14.83, 18.47, 27.65, 33.64, 38.74, 43.2, 44.9, 46.83, 50.29, 51.24]
time: [5.78, 7.25, 1000, 1000, 1000, 1000, 1000, 1000, 1000, 1000, 1000, 1000, 1000, 1000]
current_hyper_parameter
v: [32.32, 17.5, 32.18, 20.81, 13.62, 11.44, 17.24, 25.55, 24.34, 12.27, 20.4, 16.18, 11.7, 17.61]
a: [109.41, 142.36, 173.54, 78.61, 141.43, 78.8, 126.38, 163.12, 130.44, 159.94, 117.34, 178.7, 50.0, 94.9]
d: [3.5, 4.12, 5.42, 5.93, 3.92, 4.67, 4.34, 5.38, 3.5, 4.45, 3.87, 3.6, 4.62, 2.0]
BEST_hyper_parameter
v: [32.32, 17.5, 28.41, 24.01, 34.94, 31.78, 21.19, 25.55, 33.69, 17.14, 20.4, 16.18, 11.7, 33.22]
a: [109.41, 142.36, 173.54, 126.35, 106.84, 78.8, 156.04, 163.12, 120.11, 122.11, 117.34, 178.7, 50.0, 146.64]
d: [3.5, 4.12, 3.66, 4.74, 3.92, 4.67, 4.34, 5.38, 3.5, 3.5, 3.87, 3.6, 4.62, 2.0]

iteration: 40
best: [5.77, 7.26, 9.2, 11.65, 14.83, 18.47, 27.65, 33.64, 38.74, 43.2, 44.9, 46.83, 50.29, 51.24]
time: [5.73, 7.22, 10.11, 12.4, 1000, 1000, 1000, 1000, 1000, 1000, 1000, 1000, 1000, 1000]
current_hyper_parameter
v: [32.32, 17.5, 15.17, 19.68, 29.52, 28.76, 15.69, 13.25, 33.69, 31.36, 29.79, 34.24, 11.7, 33.83]
a: [109.41, 142.36, 173.54, 174.14, 106.84, 98.57, 156.04, 189.44, 120.11, 122.11, 81.29, 41.4, 50.0, 82.51]
d: [3.5, 4.12, 3.66, 4.74, 5.75, 4.67, 3.52, 5.38, 3.5, 3.5, 3.87, 3.6, 4.62, 2.0]
BEST_hyper_parameter
v: [32.32, 17.5, 28.41, 24.01, 34.94, 31.78, 21.19, 25.55, 33.69, 17.14, 20.4, 16.18, 11.7, 33.22]
a: [109.41, 142.36, 173.54, 126.35, 106.84, 78.8, 156.04, 163.12, 120.11, 122.11, 117.34, 178.7, 50.0, 146.64]
d: [3.5, 4.12, 3.66, 4.74, 3.92, 4.67, 4.34, 5.38, 3.5, 3.5, 3.87, 3.6, 4.62, 2.0]

iteration: 41
best: [5.77, 7.26, 9.2, 11.65, 14.83, 18.47, 27.65, 33.64, 38.74, 43.2, 44.9, 46.83, 50.29, 51.24]
time: [5.76, 7.25, 17.24, 20.25, 25.74, 1000, 1000, 1000, 1000, 1000, 1000, 1000, 1000, 1000]
current_hyper_parameter
v: [32.32, 17.5, 29.82, 24.01, 22.04, 16.78, 24.59, 17.26, 16.88, 17.18, 20.4, 19.02, 11.7, 17.79]
a: [109.41, 142.36, 173.54, 126.35, 177.5, 78.8, 51.69, 171.38, 167.47, 122.11, 117.34, 178.7, 50.0, 84.24]
d: [3.5, 4.12, 4.73, 4.74, 3.92, 4.67, 4.63, 3.98, 3.5, 3.5, 3.87, 3.6, 4.62, 2.0]
BEST_hyper_parameter
v: [32.32, 17.5, 28.41, 24.01, 34.94, 31.78, 21.19, 25.55, 33.69, 17.14, 20.4, 16.18, 11.7, 33.22]
a: [109.41, 142.36, 173.54, 126.35, 106.84, 78.8, 156.04, 163.12, 120.11, 122.11, 117.34, 178.7, 50.0, 146.64]
d: [3.5, 4.12, 3.66, 4.74, 3.92, 4.67, 4.34, 5.38, 3.5, 3.5, 3.87, 3.6, 4.62, 2.0]

iteration: 42
best: [5.77, 7.26, 9.2, 11.65, 14.83, 18.47, 27.65, 33.64, 38.74, 43.2, 44.9, 46.83, 50.29, 51.24]
time: [5.76, 7.25, 10.15, 16.25, 1000, 1000, 1000, 1000, 1000, 1000, 1000, 1000, 1000, 1000]
current_hyper_parameter
v: [32.32, 17.5, 17.36, 24.01, 19.56, 31.11, 29.33, 25.55, 34.68, 31.9, 20.4, 19.27, 11.7, 33.22]
a: [109.41, 142.36, 122.74, 126.35, 83.01, 78.8, 156.04, 163.12, 167.87, 151.63, 117.34, 105.33, 50.0, 146.64]
d: [3.5, 4.12, 3.66, 4.74, 3.92, 4.67, 4.34, 5.38, 3.5, 5.35, 3.87, 4.51, 4.62, 2.0]
BEST_hyper_parameter
v: [32.32, 17.5, 28.41, 24.01, 34.94, 31.78, 21.19, 25.55, 33.69, 17.14, 20.4, 16.18, 11.7, 33.22]
a: [109.41, 142.36, 173.54, 126.35, 106.84, 78.8, 156.04, 163.12, 120.11, 122.11, 117.34, 178.7, 50.0, 146.64]
d: [3.5, 4.12, 3.66, 4.74, 3.92, 4.67, 4.34, 5.38, 3.5, 3.5, 3.87, 3.6, 4.62, 2.0]

iteration: 43
best: [5.77, 7.26, 9.2, 11.65, 14.83, 18.47, 27.65, 33.64, 38.74, 43.2, 44.9, 46.83, 50.29, 51.24]
time: [5.76, 7.24, 9.78, 12.13, 14.26, 20.7, 34.69, 40.85, 42.2, 46.86, 1000, 1000, 1000, 1000]
current_hyper_parameter
v: [32.32, 17.5, 29.92, 18.73, 34.94, 15.02, 21.19, 32.08, 30.74, 32.41, 20.92, 14.61, 28.87, 29.07]
a: [109.41, 142.36, 127.14, 129.05, 106.84, 26.11, 156.04, 65.16, 120.11, 25.9, 164.65, 178.7, 184.94, 20.25]
d: [3.5, 4.12, 5.47, 4.74, 3.92, 4.44, 4.34, 5.38, 3.5, 3.97, 3.87, 5.13, 5.84, 2.0]
BEST_hyper_parameter
v: [32.32, 17.5, 28.41, 24.01, 34.94, 31.78, 21.19, 25.55, 33.69, 17.14, 20.4, 16.18, 11.7, 33.22]
a: [109.41, 142.36, 173.54, 126.35, 106.84, 78.8, 156.04, 163.12, 120.11, 122.11, 117.34, 178.7, 50.0, 146.64]
d: [3.5, 4.12, 3.66, 4.74, 3.92, 4.67, 4.34, 5.38, 3.5, 3.5, 3.87, 3.6, 4.62, 2.0]

iteration: 44
best: [5.77, 7.26, 9.2, 11.65, 14.83, 18.47, 27.65, 33.64, 38.74, 43.2, 44.9, 46.83, 50.29, 51.24]
time: [5.72, 7.23, 10.32, 15.44, 20.79, 24.8, 40.08, 42.97, 1000, 1000, 1000, 1000, 1000, 1000]
current_hyper_parameter
v: [32.32, 17.5, 12.95, 28.92, 25.21, 21.05, 13.11, 16.8, 29.38, 30.16, 20.4, 25.75, 17.71, 13.1]
a: [109.41, 142.36, 139.25, 137.87, 106.84, 78.8, 156.04, 163.12, 173.45, 122.11, 117.34, 82.66, 50.0, 146.64]
d: [3.5, 4.12, 5.86, 3.81, 3.92, 4.67, 4.34, 5.38, 3.5, 3.5, 3.87, 3.72, 4.62, 2.0]
BEST_hyper_parameter
v: [32.32, 17.5, 28.41, 24.01, 34.94, 31.78, 21.19, 25.55, 33.69, 17.14, 20.4, 16.18, 11.7, 33.22]
a: [109.41, 142.36, 173.54, 126.35, 106.84, 78.8, 156.04, 163.12, 120.11, 122.11, 117.34, 178.7, 50.0, 146.64]
d: [3.5, 4.12, 3.66, 4.74, 3.92, 4.67, 4.34, 5.38, 3.5, 3.5, 3.87, 3.6, 4.62, 2.0]

iteration: 45
best: [5.77, 7.26, 9.2, 11.65, 14.83, 18.47, 27.65, 33.64, 38.74, 43.2, 44.9, 46.83, 50.29, 51.24]
time: [5.72, 7.22, 10.29, 15.65, 25.43, 1000, 1000, 1000, 1000, 1000, 1000, 1000, 1000, 1000]
current_hyper_parameter
v: [32.32, 17.5, 12.54, 24.01, 26.65, 32.67, 21.19, 15.21, 17.77, 29.97, 18.45, 15.19, 11.7, 29.51]
a: [109.41, 142.36, 173.54, 126.35, 46.91, 43.19, 156.04, 188.61, 22.15, 186.77, 117.34, 119.33, 50.0, 146.64]
d: [3.5, 4.12, 5.75, 4.74, 3.92, 4.67, 4.34, 5.38, 3.5, 3.54, 4.07, 5.76, 4.62, 2.0]
BEST_hyper_parameter
v: [32.32, 17.5, 28.41, 24.01, 34.94, 31.78, 21.19, 25.55, 33.69, 17.14, 20.4, 16.18, 11.7, 33.22]
a: [109.41, 142.36, 173.54, 126.35, 106.84, 78.8, 156.04, 163.12, 120.11, 122.11, 117.34, 178.7, 50.0, 146.64]
d: [3.5, 4.12, 3.66, 4.74, 3.92, 4.67, 4.34, 5.38, 3.5, 3.5, 3.87, 3.6, 4.62, 2.0]
mutation at idx = 0

iteration: 46
best: [5.77, 7.26, 9.2, 11.65, 14.83, 18.47, 27.65, 33.64, 38.74, 43.2, 44.9, 46.83, 50.29, 51.24]
time: [6.07, 7.64, 9.86, 14.99, 18.4, 26.48, 37.92, 44.38, 47.02, 48.37, 1000, 1000, 1000, 1000]
current_hyper_parameter
v: [16.49, 17.5, 29.44, 24.01, 32.18, 12.64, 28.41, 14.95, 33.69, 31.81, 20.4, 15.34, 11.7, 14.24]
a: [87.46, 142.36, 173.54, 126.35, 164.6, 37.85, 78.12, 48.01, 120.11, 122.11, 117.34, 178.7, 50.0, 138.53]
d: [3.5, 4.12, 3.56, 4.74, 4.26, 5.75, 4.34, 4.62, 3.5, 3.55, 3.87, 3.6, 4.62, 2.0]
BEST_hyper_parameter
v: [32.32, 17.5, 28.41, 24.01, 34.94, 31.78, 21.19, 25.55, 33.69, 17.14, 20.4, 16.18, 11.7, 33.22]
a: [109.41, 142.36, 173.54, 126.35, 106.84, 78.8, 156.04, 163.12, 120.11, 122.11, 117.34, 178.7, 50.0, 146.64]
d: [3.5, 4.12, 3.66, 4.74, 3.92, 4.67, 4.34, 5.38, 3.5, 3.5, 3.87, 3.6, 4.62, 2.0]

iteration: 47
best: [5.77, 7.26, 9.2, 11.65, 14.83, 18.47, 27.65, 33.64, 38.74, 43.2, 44.9, 46.83, 50.29, 51.24]
time: [5.89, 7.25, 12.57, 20.52, 25.8, 1000, 1000, 1000, 1000, 1000, 1000, 1000, 1000, 1000]
current_hyper_parameter
v: [17.54, 34.15, 28.41, 24.01, 29.9, 31.78, 34.52, 25.55, 15.7, 27.68, 20.4, 25.08, 16.82, 16.28]
a: [121.12, 142.36, 173.54, 126.35, 138.28, 78.8, 37.08, 163.12, 73.55, 122.11, 117.34, 39.44, 116.34, 129.33]
d: [3.5, 4.83, 3.66, 4.74, 3.97, 4.67, 4.34, 5.38, 5.13, 4.86, 3.87, 3.6, 3.66, 2.0]
BEST_hyper_parameter
v: [32.32, 17.5, 28.41, 24.01, 34.94, 31.78, 21.19, 25.55, 33.69, 17.14, 20.4, 16.18, 11.7, 33.22]
a: [109.41, 142.36, 173.54, 126.35, 106.84, 78.8, 156.04, 163.12, 120.11, 122.11, 117.34, 178.7, 50.0, 146.64]
d: [3.5, 4.12, 3.66, 4.74, 3.92, 4.67, 4.34, 5.38, 3.5, 3.5, 3.87, 3.6, 4.62, 2.0]

iteration: 48
best: [5.77, 7.26, 9.2, 11.65, 14.83, 18.47, 27.65, 33.64, 38.74, 43.2, 44.9, 46.83, 50.29, 51.24]
time: [5.78, 7.26, 10.14, 16.75, 23.63, 26.11, 35.63, 49.19, 51.8, 1000, 1000, 1000, 1000, 1000]
current_hyper_parameter
v: [32.32, 17.5, 23.55, 22.9, 12.12, 30.88, 21.22, 30.9, 33.69, 16.63, 32.91, 34.86, 23.38, 17.19]
a: [109.41, 142.36, 82.35, 126.35, 106.84, 194.46, 156.04, 168.53, 120.11, 101.54, 52.81, 194.84, 192.98, 191.85]
d: [3.5, 4.12, 4.82, 4.74, 3.92, 4.67, 4.34, 5.38, 3.5, 4.12, 3.58, 3.6, 4.62, 2.0]
BEST_hyper_parameter
v: [32.32, 17.5, 28.41, 24.01, 34.94, 31.78, 21.19, 25.55, 33.69, 17.14, 20.4, 16.18, 11.7, 33.22]
a: [109.41, 142.36, 173.54, 126.35, 106.84, 78.8, 156.04, 163.12, 120.11, 122.11, 117.34, 178.7, 50.0, 146.64]
d: [3.5, 4.12, 3.66, 4.74, 3.92, 4.67, 4.34, 5.38, 3.5, 3.5, 3.87, 3.6, 4.62, 2.0]

iteration: 49
best: [5.77, 7.26, 9.2, 11.65, 14.83, 18.47, 27.65, 33.64, 38.74, 43.2, 44.9, 46.83, 50.29, 51.24]
time: [5.76, 7.25, 9.65, 15.34, 26.9, 30.59, 43.19, 45.88, 47.05, 48.86, 1000, 1000, 1000, 1000]
current_hyper_parameter
v: [32.32, 17.5, 28.41, 17.26, 11.31, 24.94, 21.19, 25.55, 16.96, 14.08, 15.28, 21.23, 11.7, 29.22]
a: [109.41, 142.36, 173.54, 126.35, 77.96, 47.4, 156.04, 163.12, 125.57, 76.92, 115.8, 76.72, 50.0, 146.64]
d: [3.5, 4.12, 3.66, 4.74, 3.92, 5.06, 4.34, 5.38, 5.4, 3.5, 4.99, 3.6, 4.62, 2.0]
BEST_hyper_parameter
v: [32.32, 17.5, 28.41, 24.01, 34.94, 31.78, 21.19, 25.55, 33.69, 17.14, 20.4, 16.18, 11.7, 33.22]
a: [109.41, 142.36, 173.54, 126.35, 106.84, 78.8, 156.04, 163.12, 120.11, 122.11, 117.34, 178.7, 50.0, 146.64]
d: [3.5, 4.12, 3.66, 4.74, 3.92, 4.67, 4.34, 5.38, 3.5, 3.5, 3.87, 3.6, 4.62, 2.0]

iteration: 50
best: [5.77, 7.26, 9.2, 11.65, 14.83, 18.47, 27.65, 33.64, 38.74, 43.2, 44.9, 46.83, 50.29, 51.24]
time: [5.76, 7.28, 9.72, 15.04, 20.37, 1000, 1000, 1000, 1000, 1000, 1000, 1000, 1000, 1000]
current_hyper_parameter
v: [32.32, 17.5, 28.41, 24.01, 34.94, 31.78, 17.34, 10.67, 10.89, 11.33, 30.78, 18.06, 25.19, 33.22]
a: [109.41, 142.36, 173.54, 126.35, 106.84, 78.8, 88.61, 163.12, 196.76, 122.11, 126.24, 142.94, 50.0, 146.64]
d: [3.5, 4.12, 3.66, 4.74, 3.92, 4.67, 5.09, 3.84, 5.19, 4.99, 3.87, 3.6, 4.62, 2.0]
BEST_hyper_parameter
v: [32.32, 17.5, 28.41, 24.01, 34.94, 31.78, 21.19, 25.55, 33.69, 17.14, 20.4, 16.18, 11.7, 33.22]
a: [109.41, 142.36, 173.54, 126.35, 106.84, 78.8, 156.04, 163.12, 120.11, 122.11, 117.34, 178.7, 50.0, 146.64]
d: [3.5, 4.12, 3.66, 4.74, 3.92, 4.67, 4.34, 5.38, 3.5, 3.5, 3.87, 3.6, 4.62, 2.0]

iteration: 51
best: [5.77, 7.26, 9.2, 11.65, 14.83, 18.47, 27.65, 33.64, 38.74, 43.2, 44.9, 46.83, 50.29, 51.24]
time: [5.78, 7.27, 9.7, 11.93, 1000, 1000, 1000, 1000, 1000, 1000, 1000, 1000, 1000, 1000]
current_hyper_parameter
v: [32.32, 17.5, 28.41, 27.26, 29.54, 12.05, 26.75, 30.39, 34.16, 20.08, 11.9, 16.18, 16.28, 29.53]
a: [109.41, 142.36, 173.54, 126.35, 95.06, 78.8, 22.48, 61.3, 120.11, 141.93, 25.73, 178.7, 180.92, 30.48]
d: [3.5, 4.12, 3.66, 4.74, 3.69, 5.84, 5.58, 5.38, 3.5, 3.5, 3.87, 3.6, 4.62, 2.0]
BEST_hyper_parameter
v: [32.32, 17.5, 28.41, 24.01, 34.94, 31.78, 21.19, 25.55, 33.69, 17.14, 20.4, 16.18, 11.7, 33.22]
a: [109.41, 142.36, 173.54, 126.35, 106.84, 78.8, 156.04, 163.12, 120.11, 122.11, 117.34, 178.7, 50.0, 146.64]
d: [3.5, 4.12, 3.66, 4.74, 3.92, 4.67, 4.34, 5.38, 3.5, 3.5, 3.87, 3.6, 4.62, 2.0]

iteration: 52
best: [5.77, 7.26, 9.2, 11.65, 14.83, 18.47, 27.65, 33.64, 38.74, 43.2, 44.9, 46.83, 50.29, 51.24]
time: [5.72, 7.23, 9.67, 1000, 1000, 1000, 1000, 1000, 1000, 1000, 1000, 1000, 1000, 1000]
current_hyper_parameter
v: [32.32, 17.5, 28.41, 16.98, 11.99, 26.55, 13.05, 33.9, 27.09, 24.67, 21.37, 32.42, 30.5, 34.62]
a: [109.41, 142.36, 173.54, 178.58, 173.98, 27.02, 156.04, 186.16, 25.2, 122.11, 122.48, 96.77, 109.2, 72.36]
d: [3.5, 4.12, 3.66, 5.48, 4.85, 4.41, 4.7, 5.38, 5.71, 5.09, 3.87, 4.07, 5.44, 2.0]
BEST_hyper_parameter
v: [32.32, 17.5, 28.41, 24.01, 34.94, 31.78, 21.19, 25.55, 33.69, 17.14, 20.4, 16.18, 11.7, 33.22]
a: [109.41, 142.36, 173.54, 126.35, 106.84, 78.8, 156.04, 163.12, 120.11, 122.11, 117.34, 178.7, 50.0, 146.64]
d: [3.5, 4.12, 3.66, 4.74, 3.92, 4.67, 4.34, 5.38, 3.5, 3.5, 3.87, 3.6, 4.62, 2.0]

iteration: 53
best: [5.77, 7.26, 9.2, 11.65, 14.83, 18.47, 27.65, 33.64, 38.74, 43.2, 44.9, 46.83, 50.29, 51.24]
time: [5.77, 7.25, 10.42, 21.51, 1000, 1000, 1000, 1000, 1000, 1000, 1000, 1000, 1000, 1000]
current_hyper_parameter
v: [32.32, 17.5, 11.98, 11.84, 17.06, 31.78, 28.47, 25.55, 33.69, 24.84, 28.73, 28.98, 15.33, 15.81]
a: [109.41, 142.36, 173.54, 138.67, 30.01, 78.8, 144.22, 163.12, 120.11, 118.21, 61.61, 178.7, 50.0, 146.64]
d: [3.5, 4.12, 5.61, 4.74, 4.76, 4.67, 4.34, 5.38, 3.5, 3.5, 3.87, 3.6, 4.6, 2.0]
BEST_hyper_parameter
v: [32.32, 17.5, 28.41, 24.01, 34.94, 31.78, 21.19, 25.55, 33.69, 17.14, 20.4, 16.18, 11.7, 33.22]
a: [109.41, 142.36, 173.54, 126.35, 106.84, 78.8, 156.04, 163.12, 120.11, 122.11, 117.34, 178.7, 50.0, 146.64]
d: [3.5, 4.12, 3.66, 4.74, 3.92, 4.67, 4.34, 5.38, 3.5, 3.5, 3.87, 3.6, 4.62, 2.0]

iteration: 54
best: [5.77, 7.26, 9.2, 11.65, 14.83, 18.47, 27.65, 33.64, 38.74, 43.2, 44.9, 46.83, 50.29, 51.24]
time: [5.79, 7.31, 9.82, 15.79, 29.8, 33.16, 46.03, 49.7, 51.3, 52.94, 1000, 1000, 1000, 1000]
current_hyper_parameter
v: [32.32, 17.5, 31.45, 24.01, 20.55, 29.04, 18.25, 14.96, 22.36, 17.14, 16.93, 16.18, 11.74, 22.68]
a: [109.41, 142.36, 121.4, 126.35, 106.84, 70.44, 123.48, 146.97, 85.47, 122.11, 35.36, 178.7, 50.0, 76.85]
d: [3.5, 4.12, 3.66, 4.74, 3.81, 3.61, 3.86, 5.28, 3.5, 3.5, 3.87, 3.6, 3.82, 2.0]
BEST_hyper_parameter
v: [32.32, 17.5, 28.41, 24.01, 34.94, 31.78, 21.19, 25.55, 33.69, 17.14, 20.4, 16.18, 11.7, 33.22]
a: [109.41, 142.36, 173.54, 126.35, 106.84, 78.8, 156.04, 163.12, 120.11, 122.11, 117.34, 178.7, 50.0, 146.64]
d: [3.5, 4.12, 3.66, 4.74, 3.92, 4.67, 4.34, 5.38, 3.5, 3.5, 3.87, 3.6, 4.62, 2.0]

iteration: 55
best: [5.77, 7.26, 9.2, 11.65, 14.83, 18.47, 27.65, 33.64, 38.74, 43.2, 44.9, 46.83, 50.29, 51.24]
time: [5.76, 7.25, 10.12, 15.44, 1000, 1000, 1000, 1000, 1000, 1000, 1000, 1000, 1000, 1000]
current_hyper_parameter
v: [32.32, 17.5, 29.07, 24.01, 17.25, 34.51, 27.33, 30.83, 33.69, 30.69, 25.51, 23.54, 14.09, 14.8]
a: [109.41, 142.36, 76.73, 126.35, 63.58, 33.75, 33.69, 150.47, 120.11, 122.11, 97.57, 178.7, 166.01, 81.61]
d: [3.5, 4.12, 5.37, 4.74, 5.75, 4.67, 4.34, 5.38, 3.5, 3.5, 3.87, 3.6, 5.9, 2.0]
BEST_hyper_parameter
v: [32.32, 17.5, 28.41, 24.01, 34.94, 31.78, 21.19, 25.55, 33.69, 17.14, 20.4, 16.18, 11.7, 33.22]
a: [109.41, 142.36, 173.54, 126.35, 106.84, 78.8, 156.04, 163.12, 120.11, 122.11, 117.34, 178.7, 50.0, 146.64]
d: [3.5, 4.12, 3.66, 4.74, 3.92, 4.67, 4.34, 5.38, 3.5, 3.5, 3.87, 3.6, 4.62, 2.0]

iteration: 56
best: [5.77, 7.26, 9.2, 11.65, 14.83, 18.47, 27.65, 33.64, 38.74, 43.2, 44.9, 46.83, 50.29, 51.24]
time: [5.77, 7.24, 9.63, 12.14, 20.47, 28.42, 42.59, 45.71, 47.34, 49.3, 1000, 1000, 1000, 1000]
current_hyper_parameter
v: [32.32, 17.5, 28.41, 18.41, 34.94, 29.05, 15.87, 14.05, 11.48, 17.14, 18.59, 16.18, 18.76, 33.22]
a: [109.41, 142.36, 173.54, 126.35, 106.84, 78.8, 156.04, 163.12, 134.55, 122.11, 78.55, 178.7, 130.84, 146.64]
d: [3.5, 4.12, 3.66, 4.39, 3.92, 4.2, 4.34, 5.48, 3.87, 3.5, 3.87, 3.6, 4.62, 2.0]
BEST_hyper_parameter
v: [32.32, 17.5, 28.41, 24.01, 34.94, 31.78, 21.19, 25.55, 33.69, 17.14, 20.4, 16.18, 11.7, 33.22]
a: [109.41, 142.36, 173.54, 126.35, 106.84, 78.8, 156.04, 163.12, 120.11, 122.11, 117.34, 178.7, 50.0, 146.64]
d: [3.5, 4.12, 3.66, 4.74, 3.92, 4.67, 4.34, 5.38, 3.5, 3.5, 3.87, 3.6, 4.62, 2.0]

iteration: 57
best: [5.77, 7.26, 9.2, 11.65, 14.83, 18.47, 27.65, 33.64, 38.74, 43.2, 44.9, 46.83, 50.29, 51.24]
time: [5.76, 7.25, 9.65, 11.93, 14.37, 17.4, 25.96, 1000, 1000, 1000, 1000, 1000, 1000, 1000]
current_hyper_parameter
v: [32.32, 17.5, 28.41, 24.01, 14.87, 30.83, 26.84, 34.18, 15.08, 18.17, 20.4, 16.18, 24.01, 24.55]
a: [109.41, 142.36, 173.54, 126.35, 126.76, 159.66, 156.04, 197.55, 43.17, 122.11, 117.34, 178.7, 50.0, 197.32]
d: [3.5, 4.12, 3.66, 4.74, 3.92, 4.67, 3.92, 5.03, 3.5, 4.59, 3.87, 3.6, 4.29, 2.0]
BEST_hyper_parameter
v: [32.32, 17.5, 28.41, 24.01, 34.94, 31.78, 21.19, 25.55, 33.69, 17.14, 20.4, 16.18, 11.7, 33.22]
a: [109.41, 142.36, 173.54, 126.35, 106.84, 78.8, 156.04, 163.12, 120.11, 122.11, 117.34, 178.7, 50.0, 146.64]
d: [3.5, 4.12, 3.66, 4.74, 3.92, 4.67, 4.34, 5.38, 3.5, 3.5, 3.87, 3.6, 4.62, 2.0]

iteration: 58
best: [5.77, 7.26, 9.2, 11.65, 14.83, 18.47, 27.65, 33.64, 38.74, 43.2, 44.9, 46.83, 50.29, 51.24]
time: [5.77, 7.26, 9.79, 15.27, 21.72, 25.4, 36.71, 39.67, 40.93, 42.4, 1000, 1000, 1000, 1000]
current_hyper_parameter
v: [32.32, 17.5, 23.79, 24.01, 27.31, 25.46, 21.19, 13.42, 33.69, 24.3, 25.86, 16.18, 16.03, 22.96]
a: [109.41, 142.36, 173.54, 126.35, 106.84, 78.8, 156.04, 163.12, 120.11, 116.89, 45.24, 178.7, 161.72, 86.68]
d: [3.5, 4.12, 3.66, 4.74, 4.44, 4.67, 4.34, 5.37, 3.5, 5.98, 4.57, 3.6, 4.62, 2.0]
BEST_hyper_parameter
v: [32.32, 17.5, 28.41, 24.01, 34.94, 31.78, 21.19, 25.55, 33.69, 17.14, 20.4, 16.18, 11.7, 33.22]
a: [109.41, 142.36, 173.54, 126.35, 106.84, 78.8, 156.04, 163.12, 120.11, 122.11, 117.34, 178.7, 50.0, 146.64]
d: [3.5, 4.12, 3.66, 4.74, 3.92, 4.67, 4.34, 5.38, 3.5, 3.5, 3.87, 3.6, 4.62, 2.0]

iteration: 59
best: [5.77, 7.26, 9.2, 11.65, 14.83, 18.47, 27.65, 33.64, 38.74, 43.2, 44.9, 46.83, 50.29, 51.24]
time: [5.73, 7.23, 9.63, 11.75, 17.29, 23.96, 35.77, 46.2, 48.97, 50.51, 1000, 1000, 1000, 1000]
current_hyper_parameter
v: [32.32, 17.5, 31.67, 24.01, 34.94, 22.0, 21.19, 15.48, 33.69, 17.14, 20.4, 24.42, 11.7, 18.35]
a: [109.41, 142.36, 158.23, 126.35, 106.84, 78.8, 156.04, 163.12, 120.11, 122.11, 117.34, 69.94, 50.0, 146.64]
d: [3.5, 4.12, 3.66, 4.74, 3.92, 4.94, 4.34, 5.38, 3.5, 3.5, 3.87, 4.71, 4.62, 2.0]
BEST_hyper_parameter
v: [32.32, 17.5, 28.41, 24.01, 34.94, 31.78, 21.19, 25.55, 33.69, 17.14, 20.4, 16.18, 11.7, 33.22]
a: [109.41, 142.36, 173.54, 126.35, 106.84, 78.8, 156.04, 163.12, 120.11, 122.11, 117.34, 178.7, 50.0, 146.64]
d: [3.5, 4.12, 3.66, 4.74, 3.92, 4.67, 4.34, 5.38, 3.5, 3.5, 3.87, 3.6, 4.62, 2.0]

iteration: 60
best: [5.77, 7.26, 9.2, 11.65, 14.83, 18.47, 27.65, 33.64, 38.74, 43.2, 44.9, 46.83, 50.29, 51.24]
time: [5.75, 7.24, 9.64, 12.43, 14.75, 18.48, 26.23, 1000, 1000, 1000, 1000, 1000, 1000, 1000]
current_hyper_parameter
v: [32.32, 17.5, 28.41, 16.68, 34.94, 18.39, 33.27, 21.57, 25.84, 25.43, 11.61, 12.15, 14.41, 22.76]
a: [109.41, 142.36, 173.54, 67.97, 106.84, 198.96, 173.67, 194.99, 120.11, 193.67, 117.34, 178.7, 33.81, 97.23]
d: [3.5, 4.12, 3.66, 5.64, 3.92, 3.71, 4.34, 5.38, 3.5, 4.19, 4.46, 3.6, 4.62, 2.0]
BEST_hyper_parameter
v: [32.32, 17.5, 28.41, 24.01, 34.94, 31.78, 21.19, 25.55, 33.69, 17.14, 20.4, 16.18, 11.7, 33.22]
a: [109.41, 142.36, 173.54, 126.35, 106.84, 78.8, 156.04, 163.12, 120.11, 122.11, 117.34, 178.7, 50.0, 146.64]
d: [3.5, 4.12, 3.66, 4.74, 3.92, 4.67, 4.34, 5.38, 3.5, 3.5, 3.87, 3.6, 4.62, 2.0]
mutation at idx = 1

iteration: 61
best: [5.77, 7.26, 9.2, 11.65, 14.83, 18.47, 27.65, 33.64, 38.74, 43.2, 44.9, 46.83, 50.29, 51.24]
time: [5.74, 7.09, 12.45, 1000, 1000, 1000, 1000, 1000, 1000, 1000, 1000, 1000, 1000, 1000]
current_hyper_parameter
v: [32.32, 34.99, 28.77, 26.38, 17.13, 14.52, 32.74, 25.55, 20.19, 25.4, 22.6, 28.45, 24.1, 12.7]
a: [109.41, 142.36, 165.64, 179.38, 154.4, 163.11, 156.04, 163.12, 137.39, 159.52, 86.2, 195.77, 148.57, 151.15]
d: [3.5, 4.12, 5.62, 5.04, 3.92, 4.67, 5.29, 5.38, 3.5, 5.68, 5.98, 3.6, 4.62, 2.0]
BEST_hyper_parameter
v: [32.32, 17.5, 28.41, 24.01, 34.94, 31.78, 21.19, 25.55, 33.69, 17.14, 20.4, 16.18, 11.7, 33.22]
a: [109.41, 142.36, 173.54, 126.35, 106.84, 78.8, 156.04, 163.12, 120.11, 122.11, 117.34, 178.7, 50.0, 146.64]
d: [3.5, 4.12, 3.66, 4.74, 3.92, 4.67, 4.34, 5.38, 3.5, 3.5, 3.87, 3.6, 4.62, 2.0]

iteration: 62
best: [5.77, 7.26, 9.2, 11.65, 14.83, 18.47, 27.65, 33.64, 38.74, 43.2, 44.9, 46.83, 50.29, 51.24]
time: [5.76, 7.25, 9.63, 11.86, 14.27, 18.08, 27.46, 1000, 1000, 1000, 1000, 1000, 1000, 1000]
current_hyper_parameter
v: [32.32, 17.5, 28.2, 33.51, 22.58, 31.78, 26.48, 30.52, 33.69, 17.13, 26.86, 14.67, 27.91, 31.43]
a: [109.41, 142.36, 173.54, 126.22, 135.6, 78.8, 184.77, 163.12, 120.11, 171.46, 117.34, 150.89, 50.0, 162.14]
d: [3.5, 4.12, 3.66, 5.93, 4.29, 4.67, 3.97, 5.19, 3.5, 5.51, 4.87, 3.6, 4.62, 2.0]
BEST_hyper_parameter
v: [32.32, 17.5, 28.41, 24.01, 34.94, 31.78, 21.19, 25.55, 33.69, 17.14, 20.4, 16.18, 11.7, 33.22]
a: [109.41, 142.36, 173.54, 126.35, 106.84, 78.8, 156.04, 163.12, 120.11, 122.11, 117.34, 178.7, 50.0, 146.64]
d: [3.5, 4.12, 3.66, 4.74, 3.92, 4.67, 4.34, 5.38, 3.5, 3.5, 3.87, 3.6, 4.62, 2.0]
mutation at idx = 1

iteration: 63
best: [5.77, 7.26, 9.2, 11.65, 14.83, 18.47, 27.65, 33.64, 38.74, 43.2, 44.9, 46.83, 50.29, 51.24]
time: [5.77, 7.25, 10.24, 12.72, 18.25, 24.09, 39.25, 41.77, 1000, 1000, 1000, 1000, 1000, 1000]
current_hyper_parameter
v: [32.32, 23.08, 15.14, 17.31, 34.94, 27.89, 30.79, 25.55, 33.69, 20.14, 21.19, 26.04, 15.15, 34.04]
a: [109.41, 94.59, 163.0, 120.12, 106.84, 47.31, 29.17, 163.12, 120.11, 141.76, 170.24, 178.7, 50.0, 22.46]
d: [3.5, 4.12, 4.66, 5.3, 3.92, 3.57, 4.34, 5.38, 3.5, 4.32, 3.87, 4.28, 4.62, 2.0]
BEST_hyper_parameter
v: [32.32, 17.5, 28.41, 24.01, 34.94, 31.78, 21.19, 25.55, 33.69, 17.14, 20.4, 16.18, 11.7, 33.22]
a: [109.41, 142.36, 173.54, 126.35, 106.84, 78.8, 156.04, 163.12, 120.11, 122.11, 117.34, 178.7, 50.0, 146.64]
d: [3.5, 4.12, 3.66, 4.74, 3.92, 4.67, 4.34, 5.38, 3.5, 3.5, 3.87, 3.6, 4.62, 2.0]

iteration: 64
best: [5.77, 7.26, 9.2, 11.65, 14.83, 18.47, 27.65, 33.64, 38.74, 43.2, 44.9, 46.83, 50.29, 51.24]
time: [5.76, 7.25, 9.7, 12.12, 1000, 1000, 1000, 1000, 1000, 1000, 1000, 1000, 1000, 1000]
current_hyper_parameter
v: [32.32, 17.5, 31.99, 22.16, 22.56, 27.2, 14.01, 15.74, 31.69, 17.14, 27.84, 16.18, 31.73, 11.94]
a: [109.41, 142.36, 137.09, 55.37, 152.02, 34.85, 34.33, 62.42, 120.11, 122.11, 121.29, 178.7, 106.44, 93.93]
d: [3.5, 4.12, 5.92, 4.71, 3.92, 4.67, 4.34, 3.55, 5.56, 3.5, 4.1, 3.6, 4.27, 2.0]
BEST_hyper_parameter
v: [32.32, 17.5, 28.41, 24.01, 34.94, 31.78, 21.19, 25.55, 33.69, 17.14, 20.4, 16.18, 11.7, 33.22]
a: [109.41, 142.36, 173.54, 126.35, 106.84, 78.8, 156.04, 163.12, 120.11, 122.11, 117.34, 178.7, 50.0, 146.64]
d: [3.5, 4.12, 3.66, 4.74, 3.92, 4.67, 4.34, 5.38, 3.5, 3.5, 3.87, 3.6, 4.62, 2.0]

iteration: 65
best: [5.77, 7.26, 9.2, 11.65, 14.83, 18.47, 27.65, 33.64, 38.74, 43.2, 44.9, 46.83, 50.29, 51.24]
time: [5.77, 7.23, 10.24, 15.8, 18.82, 24.0, 32.97, 1000, 1000, 1000, 1000, 1000, 1000, 1000]
current_hyper_parameter
v: [32.32, 17.5, 16.8, 23.93, 34.75, 24.76, 34.64, 10.65, 18.98, 32.28, 34.57, 14.9, 15.94, 23.6]
a: [109.41, 142.36, 85.85, 133.81, 129.09, 33.74, 156.04, 45.41, 120.11, 26.14, 117.34, 178.7, 28.63, 174.07]
d: [3.5, 4.12, 3.66, 4.74, 4.21, 3.6, 4.34, 5.38, 3.5, 4.39, 3.87, 3.9, 4.3, 2.0]
BEST_hyper_parameter
v: [32.32, 17.5, 28.41, 24.01, 34.94, 31.78, 21.19, 25.55, 33.69, 17.14, 20.4, 16.18, 11.7, 33.22]
a: [109.41, 142.36, 173.54, 126.35, 106.84, 78.8, 156.04, 163.12, 120.11, 122.11, 117.34, 178.7, 50.0, 146.64]
d: [3.5, 4.12, 3.66, 4.74, 3.92, 4.67, 4.34, 5.38, 3.5, 3.5, 3.87, 3.6, 4.62, 2.0]

iteration: 66
best: [5.77, 7.26, 9.2, 11.65, 14.83, 18.47, 27.65, 33.64, 38.74, 43.2, 44.9, 46.83, 50.29, 51.24]
time: [5.78, 7.26, 9.69, 11.91, 17.22, 21.18, 32.06, 35.17, 36.53, 38.13, 1000, 1000, 1000, 1000]
current_hyper_parameter
v: [32.32, 17.5, 28.41, 31.21, 34.54, 31.78, 26.95, 16.53, 28.98, 29.94, 20.4, 28.42, 23.45, 22.63]
a: [109.41, 142.36, 173.54, 126.35, 106.84, 78.8, 59.02, 163.12, 120.11, 122.11, 117.34, 151.47, 158.29, 34.32]
d: [3.5, 4.12, 3.66, 4.74, 3.92, 4.67, 4.34, 5.38, 3.5, 3.5, 3.87, 5.3, 4.43, 2.0]
BEST_hyper_parameter
v: [32.32, 17.5, 28.41, 24.01, 34.94, 31.78, 21.19, 25.55, 33.69, 17.14, 20.4, 16.18, 11.7, 33.22]
a: [109.41, 142.36, 173.54, 126.35, 106.84, 78.8, 156.04, 163.12, 120.11, 122.11, 117.34, 178.7, 50.0, 146.64]
d: [3.5, 4.12, 3.66, 4.74, 3.92, 4.67, 4.34, 5.38, 3.5, 3.5, 3.87, 3.6, 4.62, 2.0]

iteration: 67
best: [5.77, 7.26, 9.2, 11.65, 14.83, 18.47, 27.65, 33.64, 38.74, 43.2, 44.9, 46.83, 50.29, 51.24]
time: [5.73, 7.25, 9.85, 12.92, 19.79, 23.01, 34.84, 37.56, 39.15, 41.24, 1000, 1000, 1000, 1000]
current_hyper_parameter
v: [32.32, 17.5, 22.12, 10.6, 22.26, 30.74, 21.19, 15.4, 26.62, 22.72, 20.4, 33.94, 13.95, 33.22]
a: [109.41, 142.36, 173.54, 115.44, 42.13, 67.47, 156.04, 178.97, 81.95, 51.87, 117.34, 187.48, 66.22, 146.64]
d: [3.5, 4.12, 3.66, 3.97, 3.92, 4.12, 4.34, 4.59, 3.59, 3.5, 3.87, 3.6, 3.97, 2.0]
BEST_hyper_parameter
v: [32.32, 17.5, 28.41, 24.01, 34.94, 31.78, 21.19, 25.55, 33.69, 17.14, 20.4, 16.18, 11.7, 33.22]
a: [109.41, 142.36, 173.54, 126.35, 106.84, 78.8, 156.04, 163.12, 120.11, 122.11, 117.34, 178.7, 50.0, 146.64]
d: [3.5, 4.12, 3.66, 4.74, 3.92, 4.67, 4.34, 5.38, 3.5, 3.5, 3.87, 3.6, 4.62, 2.0]
mutation at idx = 0
mutation at idx = 1

iteration: 68
best: [5.77, 7.26, 9.2, 11.65, 14.83, 18.47, 27.65, 33.64, 38.74, 43.2, 44.9, 46.83, 50.29, 51.24]
time: [6.12, 7.47, 1000, 1000, 1000, 1000, 1000, 1000, 1000, 1000, 1000, 1000, 1000, 1000]
current_hyper_parameter
v: [11.56, 29.63, 32.11, 25.14, 13.12, 12.85, 21.19, 25.55, 33.69, 17.14, 20.4, 16.18, 11.7, 32.06]
a: [109.41, 190.51, 173.54, 32.84, 197.33, 78.8, 156.04, 163.12, 120.11, 122.11, 117.34, 178.7, 50.0, 134.18]
d: [3.64, 4.12, 4.79, 5.02, 5.92, 4.27, 4.34, 5.38, 3.5, 3.5, 3.87, 3.6, 4.62, 2.0]
BEST_hyper_parameter
v: [32.32, 17.5, 28.41, 24.01, 34.94, 31.78, 21.19, 25.55, 33.69, 17.14, 20.4, 16.18, 11.7, 33.22]
a: [109.41, 142.36, 173.54, 126.35, 106.84, 78.8, 156.04, 163.12, 120.11, 122.11, 117.34, 178.7, 50.0, 146.64]
d: [3.5, 4.12, 3.66, 4.74, 3.92, 4.67, 4.34, 5.38, 3.5, 3.5, 3.87, 3.6, 4.62, 2.0]

iteration: 69
best: [5.77, 7.26, 9.2, 11.65, 14.83, 18.47, 27.65, 33.64, 38.74, 43.2, 44.9, 46.83, 50.29, 51.24]
time: [5.76, 7.41, 12.86, 18.55, 32.89, 36.05, 47.9, 1000, 1000, 1000, 1000, 1000, 1000, 1000]
current_hyper_parameter
v: [32.32, 21.27, 30.93, 30.76, 12.49, 31.78, 21.19, 32.16, 31.74, 29.39, 30.96, 31.88, 24.55, 16.89]
a: [109.41, 22.62, 173.54, 199.42, 93.79, 78.8, 156.04, 183.13, 51.4, 73.27, 117.34, 186.11, 38.38, 146.64]
d: [3.5, 4.12, 5.27, 4.74, 3.92, 4.67, 4.34, 3.76, 5.86, 3.5, 5.44, 3.6, 4.62, 2.0]
BEST_hyper_parameter
v: [32.32, 17.5, 28.41, 24.01, 34.94, 31.78, 21.19, 25.55, 33.69, 17.14, 20.4, 16.18, 11.7, 33.22]
a: [109.41, 142.36, 173.54, 126.35, 106.84, 78.8, 156.04, 163.12, 120.11, 122.11, 117.34, 178.7, 50.0, 146.64]
d: [3.5, 4.12, 3.66, 4.74, 3.92, 4.67, 4.34, 5.38, 3.5, 3.5, 3.87, 3.6, 4.62, 2.0]

iteration: 70
best: [5.77, 7.26, 9.2, 11.65, 14.83, 18.47, 27.65, 33.64, 38.74, 43.2, 44.9, 46.83, 50.29, 51.24]
time: [5.76, 7.25, 9.65, 14.98, 20.32, 24.17, 37.56, 40.26, 44.44, 46.39, 1000, 1000, 1000, 1000]
current_hyper_parameter
v: [32.32, 17.5, 28.41, 24.01, 30.16, 19.51, 26.76, 21.79, 33.69, 29.31, 20.4, 33.51, 20.23, 34.61]
a: [109.41, 142.36, 173.54, 126.35, 106.84, 127.89, 115.18, 163.12, 120.11, 75.84, 117.34, 123.57, 137.59, 146.64]
d: [3.5, 4.12, 3.66, 4.74, 5.22, 5.1, 5.45, 5.38, 3.5, 5.58, 3.87, 5.29, 5.76, 2.0]
BEST_hyper_parameter
v: [32.32, 17.5, 28.41, 24.01, 34.94, 31.78, 21.19, 25.55, 33.69, 17.14, 20.4, 16.18, 11.7, 33.22]
a: [109.41, 142.36, 173.54, 126.35, 106.84, 78.8, 156.04, 163.12, 120.11, 122.11, 117.34, 178.7, 50.0, 146.64]
d: [3.5, 4.12, 3.66, 4.74, 3.92, 4.67, 4.34, 5.38, 3.5, 3.5, 3.87, 3.6, 4.62, 2.0]
mutation at idx = 1

iteration: 71
best: [5.77, 7.26, 9.2, 11.65, 14.83, 18.47, 27.65, 33.64, 38.74, 43.2, 44.9, 46.83, 50.29, 51.24]
time: [5.72, 7.25, 10.28, 12.86, 18.71, 21.55, 31.2, 1000, 1000, 1000, 1000, 1000, 1000, 1000]
current_hyper_parameter
v: [32.32, 33.3, 16.05, 24.01, 30.75, 33.98, 26.46, 13.99, 33.69, 21.84, 20.4, 15.41, 11.7, 33.22]
a: [109.41, 89.55, 127.66, 126.35, 188.78, 177.89, 128.04, 84.95, 120.11, 112.73, 117.34, 184.01, 50.0, 146.64]
d: [3.5, 5.26, 3.66, 4.74, 3.92, 5.07, 4.34, 5.38, 3.5, 3.5, 3.87, 4.77, 4.62, 2.0]
BEST_hyper_parameter
v: [32.32, 17.5, 28.41, 24.01, 34.94, 31.78, 21.19, 25.55, 33.69, 17.14, 20.4, 16.18, 11.7, 33.22]
a: [109.41, 142.36, 173.54, 126.35, 106.84, 78.8, 156.04, 163.12, 120.11, 122.11, 117.34, 178.7, 50.0, 146.64]
d: [3.5, 4.12, 3.66, 4.74, 3.92, 4.67, 4.34, 5.38, 3.5, 3.5, 3.87, 3.6, 4.62, 2.0]

iteration: 72
best: [5.77, 7.26, 9.2, 11.65, 14.83, 18.47, 27.65, 33.64, 38.74, 43.2, 44.9, 46.83, 50.29, 51.24]
time: [5.77, 7.25, 10.15, 15.51, 21.47, 25.57, 35.31, 1000, 1000, 1000, 1000, 1000, 1000, 1000]
current_hyper_parameter
v: [32.32, 17.5, 16.05, 31.11, 34.94, 17.83, 31.78, 22.16, 33.64, 10.5, 24.11, 16.18, 11.7, 33.22]
a: [109.41, 142.36, 173.54, 169.05, 106.84, 78.8, 95.84, 55.15, 104.01, 58.1, 161.47, 178.7, 50.0, 146.64]
d: [3.5, 4.12, 3.66, 3.73, 3.92, 4.67, 4.11, 5.38, 3.5, 5.48, 3.87, 3.6, 4.62, 2.0]
BEST_hyper_parameter
v: [32.32, 17.5, 28.41, 24.01, 34.94, 31.78, 21.19, 25.55, 33.69, 17.14, 20.4, 16.18, 11.7, 33.22]
a: [109.41, 142.36, 173.54, 126.35, 106.84, 78.8, 156.04, 163.12, 120.11, 122.11, 117.34, 178.7, 50.0, 146.64]
d: [3.5, 4.12, 3.66, 4.74, 3.92, 4.67, 4.34, 5.38, 3.5, 3.5, 3.87, 3.6, 4.62, 2.0]
mutation at idx = 0

iteration: 73
best: [5.77, 7.26, 9.2, 11.65, 14.83, 18.47, 27.65, 33.64, 38.74, 43.2, 44.9, 46.83, 50.29, 51.24]
time: [6.02, 7.61, 10.04, 12.8, 1000, 1000, 1000, 1000, 1000, 1000, 1000, 1000, 1000, 1000]
current_hyper_parameter
v: [14.05, 17.5, 25.74, 13.22, 27.56, 23.29, 21.19, 24.8, 19.81, 26.6, 10.51, 16.18, 32.21, 31.88]
a: [123.41, 142.36, 129.13, 60.26, 106.84, 122.21, 156.04, 157.55, 132.22, 122.11, 117.34, 178.7, 190.75, 58.82]
d: [4.88, 4.12, 3.66, 4.47, 5.19, 5.85, 4.34, 4.12, 3.5, 3.5, 3.87, 3.6, 4.62, 2.0]
BEST_hyper_parameter
v: [32.32, 17.5, 28.41, 24.01, 34.94, 31.78, 21.19, 25.55, 33.69, 17.14, 20.4, 16.18, 11.7, 33.22]
a: [109.41, 142.36, 173.54, 126.35, 106.84, 78.8, 156.04, 163.12, 120.11, 122.11, 117.34, 178.7, 50.0, 146.64]
d: [3.5, 4.12, 3.66, 4.74, 3.92, 4.67, 4.34, 5.38, 3.5, 3.5, 3.87, 3.6, 4.62, 2.0]

iteration: 74
best: [5.77, 7.26, 9.2, 11.65, 14.83, 18.47, 27.65, 33.64, 38.74, 43.2, 44.9, 46.83, 50.29, 51.24]
time: [5.76, 7.3, 10.31, 16.41, 30.91, 34.01, 45.79, 1000, 1000, 1000, 1000, 1000, 1000, 1000]
current_hyper_parameter
v: [32.32, 17.5, 13.73, 26.6, 34.53, 31.78, 21.19, 12.15, 15.26, 11.95, 23.03, 16.18, 30.76, 33.22]
a: [109.41, 142.36, 183.8, 126.35, 73.26, 78.8, 156.04, 163.12, 120.11, 149.8, 117.34, 178.7, 163.95, 146.64]
d: [3.5, 4.12, 3.66, 4.74, 4.77, 4.67, 4.34, 5.38, 4.09, 5.9, 3.87, 3.6, 4.62, 2.0]
BEST_hyper_parameter
v: [32.32, 17.5, 28.41, 24.01, 34.94, 31.78, 21.19, 25.55, 33.69, 17.14, 20.4, 16.18, 11.7, 33.22]
a: [109.41, 142.36, 173.54, 126.35, 106.84, 78.8, 156.04, 163.12, 120.11, 122.11, 117.34, 178.7, 50.0, 146.64]
d: [3.5, 4.12, 3.66, 4.74, 3.92, 4.67, 4.34, 5.38, 3.5, 3.5, 3.87, 3.6, 4.62, 2.0]

iteration: 75
best: [5.77, 7.26, 9.2, 11.65, 14.83, 18.47, 27.65, 33.64, 38.74, 43.2, 44.9, 46.83, 50.29, 51.24]
time: [5.77, 7.25, 10.23, 15.48, 20.85, 24.47, 35.24, 37.81, 1000, 1000, 1000, 1000, 1000, 1000]
current_hyper_parameter
v: [32.32, 17.5, 14.75, 24.01, 34.94, 14.02, 34.34, 25.55, 33.69, 18.62, 16.25, 16.18, 34.59, 10.55]
a: [109.41, 142.36, 173.54, 126.35, 106.84, 188.27, 55.98, 163.12, 120.11, 23.52, 148.33, 178.7, 50.0, 117.45]
d: [3.5, 4.12, 5.03, 4.74, 3.92, 3.74, 5.18, 5.38, 3.5, 3.5, 3.87, 3.6, 4.62, 2.0]
BEST_hyper_parameter
v: [32.32, 17.5, 28.41, 24.01, 34.94, 31.78, 21.19, 25.55, 33.69, 17.14, 20.4, 16.18, 11.7, 33.22]
a: [109.41, 142.36, 173.54, 126.35, 106.84, 78.8, 156.04, 163.12, 120.11, 122.11, 117.34, 178.7, 50.0, 146.64]
d: [3.5, 4.12, 3.66, 4.74, 3.92, 4.67, 4.34, 5.38, 3.5, 3.5, 3.87, 3.6, 4.62, 2.0]

iteration: 76
best: [5.77, 7.26, 9.2, 11.65, 14.83, 18.47, 27.65, 33.64, 38.74, 43.2, 44.9, 46.83, 50.29, 51.24]
time: [5.72, 7.22, 10.24, 1000, 1000, 1000, 1000, 1000, 1000, 1000, 1000, 1000, 1000, 1000]
current_hyper_parameter
v: [32.32, 17.5, 14.75, 20.02, 33.59, 31.78, 22.79, 17.54, 33.69, 17.14, 28.4, 16.18, 11.7, 26.94]
a: [109.41, 142.36, 160.23, 144.31, 57.81, 78.8, 68.64, 163.12, 120.11, 122.11, 71.48, 178.7, 50.0, 141.4]
d: [3.5, 4.12, 3.66, 4.74, 5.23, 4.67, 5.49, 4.83, 3.5, 3.5, 5.75, 3.6, 4.62, 2.0]
BEST_hyper_parameter
v: [32.32, 17.5, 28.41, 24.01, 34.94, 31.78, 21.19, 25.55, 33.69, 17.14, 20.4, 16.18, 11.7, 33.22]
a: [109.41, 142.36, 173.54, 126.35, 106.84, 78.8, 156.04, 163.12, 120.11, 122.11, 117.34, 178.7, 50.0, 146.64]
d: [3.5, 4.12, 3.66, 4.74, 3.92, 4.67, 4.34, 5.38, 3.5, 3.5, 3.87, 3.6, 4.62, 2.0]

iteration: 77
best: [5.77, 7.26, 9.2, 11.65, 14.83, 18.47, 27.65, 33.64, 38.74, 43.2, 44.9, 46.83, 50.29, 51.24]
time: [5.73, 7.23, 10.25, 15.85, 19.23, 24.84, 37.16, 1000, 1000, 1000, 1000, 1000, 1000, 1000]
current_hyper_parameter
v: [32.32, 17.5, 13.66, 24.01, 22.05, 19.81, 23.32, 19.63, 33.69, 30.41, 33.27, 18.27, 25.49, 13.82]
a: [109.41, 142.36, 153.72, 126.35, 125.56, 31.42, 156.04, 163.12, 120.11, 103.02, 115.4, 178.7, 93.53, 76.86]
d: [3.5, 4.12, 5.49, 4.74, 3.92, 3.93, 4.34, 5.34, 3.5, 5.62, 3.87, 4.06, 5.06, 2.0]
BEST_hyper_parameter
v: [32.32, 17.5, 28.41, 24.01, 34.94, 31.78, 21.19, 25.55, 33.69, 17.14, 20.4, 16.18, 11.7, 33.22]
a: [109.41, 142.36, 173.54, 126.35, 106.84, 78.8, 156.04, 163.12, 120.11, 122.11, 117.34, 178.7, 50.0, 146.64]
d: [3.5, 4.12, 3.66, 4.74, 3.92, 4.67, 4.34, 5.38, 3.5, 3.5, 3.87, 3.6, 4.62, 2.0]
mutation at idx = 1

iteration: 78
best: [5.77, 7.26, 9.2, 11.65, 14.83, 18.47, 27.65, 33.64, 38.74, 43.2, 44.9, 46.83, 50.29, 51.24]
time: [5.77, 7.02, 9.41, 11.88, 1000, 1000, 1000, 1000, 1000, 1000, 1000, 1000, 1000, 1000]
current_hyper_parameter
v: [32.32, 34.92, 17.99, 17.83, 32.94, 26.56, 21.19, 25.55, 18.72, 18.57, 18.7, 15.94, 11.7, 33.22]
a: [109.41, 175.11, 154.72, 126.35, 106.84, 40.67, 156.04, 163.12, 120.11, 122.11, 117.34, 134.75, 50.0, 146.64]
d: [3.5, 4.12, 3.66, 4.74, 4.32, 5.82, 4.34, 5.38, 3.5, 5.23, 5.72, 4.03, 4.62, 2.0]
BEST_hyper_parameter
v: [32.32, 17.5, 28.41, 24.01, 34.94, 31.78, 21.19, 25.55, 33.69, 17.14, 20.4, 16.18, 11.7, 33.22]
a: [109.41, 142.36, 173.54, 126.35, 106.84, 78.8, 156.04, 163.12, 120.11, 122.11, 117.34, 178.7, 50.0, 146.64]
d: [3.5, 4.12, 3.66, 4.74, 3.92, 4.67, 4.34, 5.38, 3.5, 3.5, 3.87, 3.6, 4.62, 2.0]

iteration: 79
best: [5.77, 7.26, 9.2, 11.65, 14.83, 18.47, 27.65, 33.64, 38.74, 43.2, 44.9, 46.83, 50.29, 51.24]
time: [5.77, 7.25, 9.67, 15.02, 21.93, 29.75, 40.0, 42.9, 47.2, 49.28, 54.74, 1000, 1000, 1000]
current_hyper_parameter
v: [32.32, 17.5, 28.41, 24.01, 27.99, 32.49, 23.97, 22.04, 20.94, 17.14, 20.4, 21.91, 26.39, 18.92]
a: [109.41, 142.36, 173.54, 126.35, 106.84, 78.8, 156.04, 163.12, 57.6, 122.11, 117.34, 199.67, 50.0, 159.94]
d: [3.5, 4.12, 3.66, 4.74, 3.51, 4.15, 4.34, 5.38, 3.5, 3.5, 3.87, 4.84, 4.69, 2.0]
BEST_hyper_parameter
v: [32.32, 17.5, 28.41, 24.01, 34.94, 31.78, 21.19, 25.55, 33.69, 17.14, 20.4, 16.18, 11.7, 33.22]
a: [109.41, 142.36, 173.54, 126.35, 106.84, 78.8, 156.04, 163.12, 120.11, 122.11, 117.34, 178.7, 50.0, 146.64]
d: [3.5, 4.12, 3.66, 4.74, 3.92, 4.67, 4.34, 5.38, 3.5, 3.5, 3.87, 3.6, 4.62, 2.0]

iteration: 80
best: [5.77, 7.26, 9.2, 11.65, 14.83, 18.47, 27.65, 33.64, 38.74, 43.2, 44.9, 46.83, 50.29, 51.24]
time: [5.77, 7.3, 10.23, 15.88, 21.51, 24.36, 36.28, 1000, 1000, 1000, 1000, 1000, 1000, 1000]
current_hyper_parameter
v: [32.32, 17.5, 15.29, 15.16, 15.34, 31.55, 15.91, 15.81, 15.2, 12.87, 24.9, 16.48, 14.39, 27.34]
a: [109.41, 142.36, 173.54, 112.93, 173.91, 184.18, 156.04, 40.94, 174.49, 156.07, 117.34, 44.16, 167.78, 110.75]
d: [3.5, 4.12, 5.71, 4.74, 3.92, 3.56, 4.34, 4.28, 3.64, 5.1, 3.87, 3.6, 3.99, 2.0]
BEST_hyper_parameter
v: [32.32, 17.5, 28.41, 24.01, 34.94, 31.78, 21.19, 25.55, 33.69, 17.14, 20.4, 16.18, 11.7, 33.22]
a: [109.41, 142.36, 173.54, 126.35, 106.84, 78.8, 156.04, 163.12, 120.11, 122.11, 117.34, 178.7, 50.0, 146.64]
d: [3.5, 4.12, 3.66, 4.74, 3.92, 4.67, 4.34, 5.38, 3.5, 3.5, 3.87, 3.6, 4.62, 2.0]
mutation at idx = 1

iteration: 81
best: [5.77, 7.26, 9.2, 11.65, 14.83, 18.47, 27.65, 33.64, 38.74, 43.2, 44.9, 46.83, 50.29, 51.24]
time: [5.77, 7.18, 13.5, 23.77, 35.84, 38.92, 50.72, 1000, 1000, 1000, 1000, 1000, 1000, 1000]
current_hyper_parameter
v: [32.32, 24.24, 10.69, 24.01, 17.32, 31.78, 21.19, 15.26, 26.47, 17.14, 20.4, 16.18, 32.04, 33.22]
a: [109.41, 128.55, 64.17, 126.35, 60.68, 78.8, 156.04, 180.74, 27.73, 122.11, 117.34, 178.7, 95.47, 146.64]
d: [3.5, 4.12, 5.97, 4.74, 5.52, 4.67, 4.34, 4.05, 4.58, 3.5, 3.87, 3.6, 5.75, 2.0]
BEST_hyper_parameter
v: [32.32, 17.5, 28.41, 24.01, 34.94, 31.78, 21.19, 25.55, 33.69, 17.14, 20.4, 16.18, 11.7, 33.22]
a: [109.41, 142.36, 173.54, 126.35, 106.84, 78.8, 156.04, 163.12, 120.11, 122.11, 117.34, 178.7, 50.0, 146.64]
d: [3.5, 4.12, 3.66, 4.74, 3.92, 4.67, 4.34, 5.38, 3.5, 3.5, 3.87, 3.6, 4.62, 2.0]

iteration: 82
best: [5.77, 7.26, 9.2, 11.65, 14.83, 18.47, 27.65, 33.64, 38.74, 43.2, 44.9, 46.83, 50.29, 51.24]
time: [5.77, 7.24, 10.05, 1000, 1000, 1000, 1000, 1000, 1000, 1000, 1000, 1000, 1000, 1000]
current_hyper_parameter
v: [32.32, 17.5, 16.25, 32.75, 11.25, 14.67, 12.74, 16.55, 32.79, 17.14, 20.4, 16.18, 11.7, 12.83]
a: [109.41, 142.36, 173.54, 198.16, 106.84, 78.8, 156.04, 163.12, 120.11, 122.11, 117.34, 178.7, 50.0, 146.64]
d: [3.5, 4.12, 3.66, 4.74, 3.81, 4.68, 4.34, 5.01, 3.98, 3.5, 3.87, 3.6, 4.62, 2.0]
BEST_hyper_parameter
v: [32.32, 17.5, 28.41, 24.01, 34.94, 31.78, 21.19, 25.55, 33.69, 17.14, 20.4, 16.18, 11.7, 33.22]
a: [109.41, 142.36, 173.54, 126.35, 106.84, 78.8, 156.04, 163.12, 120.11, 122.11, 117.34, 178.7, 50.0, 146.64]
d: [3.5, 4.12, 3.66, 4.74, 3.92, 4.67, 4.34, 5.38, 3.5, 3.5, 3.87, 3.6, 4.62, 2.0]

iteration: 83
best: [5.77, 7.26, 9.2, 11.65, 14.83, 18.47, 27.65, 33.64, 38.74, 43.2, 44.9, 46.83, 50.29, 51.24]
time: [5.72, 7.24, 10.0, 15.67, 32.61, 38.48, 48.59, 1000, 1000, 1000, 1000, 1000, 1000, 1000]
current_hyper_parameter
v: [32.32, 17.5, 33.68, 32.27, 15.71, 32.46, 26.39, 30.5, 27.01, 26.76, 24.58, 27.17, 11.7, 27.8]
a: [109.41, 142.36, 90.02, 85.01, 106.84, 78.8, 156.04, 163.12, 120.11, 52.64, 117.34, 179.0, 50.0, 82.98]
d: [3.5, 4.12, 5.38, 4.74, 3.92, 4.96, 4.34, 5.38, 3.5, 3.5, 5.47, 4.0, 4.62, 2.0]
BEST_hyper_parameter
v: [32.32, 17.5, 28.41, 24.01, 34.94, 31.78, 21.19, 25.55, 33.69, 17.14, 20.4, 16.18, 11.7, 33.22]
a: [109.41, 142.36, 173.54, 126.35, 106.84, 78.8, 156.04, 163.12, 120.11, 122.11, 117.34, 178.7, 50.0, 146.64]
d: [3.5, 4.12, 3.66, 4.74, 3.92, 4.67, 4.34, 5.38, 3.5, 3.5, 3.87, 3.6, 4.62, 2.0]

iteration: 84
best: [5.77, 7.26, 9.2, 11.65, 14.83, 18.47, 27.65, 33.64, 38.74, 43.2, 44.9, 46.83, 50.29, 51.24]
time: [5.73, 7.22, 10.28, 13.31, 19.11, 22.6, 33.82, 36.21, 37.28, 38.8, 1000, 1000, 1000, 1000]
current_hyper_parameter
v: [32.32, 17.5, 14.29, 14.73, 22.95, 31.78, 21.19, 33.34, 34.1, 17.14, 30.56, 16.18, 28.0, 24.64]
a: [109.41, 142.36, 162.53, 53.54, 106.84, 78.8, 156.04, 135.07, 120.11, 122.11, 98.85, 178.7, 47.15, 146.64]
d: [3.5, 4.12, 3.66, 4.74, 3.92, 4.67, 4.34, 5.89, 3.5, 3.5, 3.87, 3.6, 4.44, 2.0]
BEST_hyper_parameter
v: [32.32, 17.5, 28.41, 24.01, 34.94, 31.78, 21.19, 25.55, 33.69, 17.14, 20.4, 16.18, 11.7, 33.22]
a: [109.41, 142.36, 173.54, 126.35, 106.84, 78.8, 156.04, 163.12, 120.11, 122.11, 117.34, 178.7, 50.0, 146.64]
d: [3.5, 4.12, 3.66, 4.74, 3.92, 4.67, 4.34, 5.38, 3.5, 3.5, 3.87, 3.6, 4.62, 2.0]

iteration: 85
best: [5.77, 7.26, 9.2, 11.65, 14.83, 18.47, 27.65, 33.64, 38.74, 43.2, 44.9, 46.83, 50.29, 51.24]
time: [5.78, 7.25, 9.76, 1000, 1000, 1000, 1000, 1000, 1000, 1000, 1000, 1000, 1000, 1000]
current_hyper_parameter
v: [32.32, 17.5, 33.75, 24.01, 14.87, 21.94, 25.12, 31.09, 20.03, 12.94, 20.4, 27.97, 22.22, 31.23]
a: [109.41, 142.36, 120.99, 126.35, 106.84, 78.8, 30.38, 163.12, 120.11, 122.11, 117.34, 178.7, 138.09, 89.76]
d: [3.5, 4.12, 3.89, 4.74, 5.47, 5.3, 3.77, 5.38, 5.38, 3.5, 3.87, 5.19, 4.62, 2.0]
BEST_hyper_parameter
v: [32.32, 17.5, 28.41, 24.01, 34.94, 31.78, 21.19, 25.55, 33.69, 17.14, 20.4, 16.18, 11.7, 33.22]
a: [109.41, 142.36, 173.54, 126.35, 106.84, 78.8, 156.04, 163.12, 120.11, 122.11, 117.34, 178.7, 50.0, 146.64]
d: [3.5, 4.12, 3.66, 4.74, 3.92, 4.67, 4.34, 5.38, 3.5, 3.5, 3.87, 3.6, 4.62, 2.0]

iteration: 86
best: [5.77, 7.26, 9.2, 11.65, 14.83, 18.47, 27.65, 33.64, 38.74, 43.2, 44.9, 46.83, 50.29, 51.24]
time: [5.77, 7.25, 9.67, 15.01, 1000, 1000, 1000, 1000, 1000, 1000, 1000, 1000, 1000, 1000]
current_hyper_parameter
v: [32.32, 17.5, 28.41, 24.01, 29.29, 31.78, 14.46, 14.01, 16.29, 20.12, 20.4, 18.81, 14.31, 33.22]
a: [109.41, 142.36, 173.54, 126.35, 179.0, 78.8, 156.04, 163.12, 120.11, 109.2, 117.34, 128.23, 50.0, 146.64]
d: [3.5, 4.12, 3.66, 4.74, 5.13, 4.67, 4.34, 5.17, 3.5, 3.5, 3.87, 4.08, 4.62, 2.0]
BEST_hyper_parameter
v: [32.32, 17.5, 28.41, 24.01, 34.94, 31.78, 21.19, 25.55, 33.69, 17.14, 20.4, 16.18, 11.7, 33.22]
a: [109.41, 142.36, 173.54, 126.35, 106.84, 78.8, 156.04, 163.12, 120.11, 122.11, 117.34, 178.7, 50.0, 146.64]
d: [3.5, 4.12, 3.66, 4.74, 3.92, 4.67, 4.34, 5.38, 3.5, 3.5, 3.87, 3.6, 4.62, 2.0]
mutation at idx = 1

iteration: 87
best: [5.77, 7.26, 9.2, 11.65, 14.83, 18.47, 27.65, 33.64, 38.74, 43.2, 44.9, 46.83, 50.29, 51.24]
time: [5.72, 7.37, 11.04, 1000, 1000, 1000, 1000, 1000, 1000, 1000, 1000, 1000, 1000, 1000]
current_hyper_parameter
v: [32.32, 11.09, 13.31, 24.01, 13.48, 31.8, 21.19, 28.79, 33.69, 24.35, 21.78, 16.18, 11.08, 30.81]
a: [109.41, 142.36, 57.12, 126.35, 57.64, 78.8, 156.04, 139.41, 120.11, 122.11, 126.59, 178.7, 151.64, 179.12]
d: [3.5, 4.09, 3.66, 4.74, 5.62, 5.17, 4.34, 5.38, 3.5, 3.5, 5.7, 3.6, 4.62, 2.0]
BEST_hyper_parameter
v: [32.32, 17.5, 28.41, 24.01, 34.94, 31.78, 21.19, 25.55, 33.69, 17.14, 20.4, 16.18, 11.7, 33.22]
a: [109.41, 142.36, 173.54, 126.35, 106.84, 78.8, 156.04, 163.12, 120.11, 122.11, 117.34, 178.7, 50.0, 146.64]
d: [3.5, 4.12, 3.66, 4.74, 3.92, 4.67, 4.34, 5.38, 3.5, 3.5, 3.87, 3.6, 4.62, 2.0]

iteration: 88
best: [5.77, 7.26, 9.2, 11.65, 14.83, 18.47, 27.65, 33.64, 38.74, 43.2, 44.9, 46.83, 50.29, 51.24]
time: [5.77, 7.24, 9.92, 19.82, 22.91, 26.66, 37.65, 51.55, 1000, 1000, 1000, 1000, 1000, 1000]
current_hyper_parameter
v: [32.32, 17.5, 21.0, 24.01, 34.94, 31.78, 21.19, 25.55, 28.5, 17.28, 16.37, 24.86, 11.7, 33.22]
a: [109.41, 142.36, 157.64, 126.35, 106.84, 78.8, 156.04, 163.12, 44.41, 69.11, 117.34, 75.98, 50.0, 146.64]
d: [3.5, 4.12, 3.66, 4.74, 3.92, 4.67, 4.34, 5.38, 3.5, 4.46, 3.87, 3.99, 4.62, 2.0]
BEST_hyper_parameter
v: [32.32, 17.5, 28.41, 24.01, 34.94, 31.78, 21.19, 25.55, 33.69, 17.14, 20.4, 16.18, 11.7, 33.22]
a: [109.41, 142.36, 173.54, 126.35, 106.84, 78.8, 156.04, 163.12, 120.11, 122.11, 117.34, 178.7, 50.0, 146.64]
d: [3.5, 4.12, 3.66, 4.74, 3.92, 4.67, 4.34, 5.38, 3.5, 3.5, 3.87, 3.6, 4.62, 2.0]

iteration: 89
best: [5.77, 7.26, 9.2, 11.65, 14.83, 18.47, 27.65, 33.64, 38.74, 43.2, 44.9, 46.83, 50.29, 51.24]
time: [5.77, 7.25, 10.34, 12.82, 18.4, 21.32, 34.5, 44.2, 51.3, 1000, 1000, 1000, 1000, 1000]
current_hyper_parameter
v: [32.32, 17.5, 24.08, 24.01, 34.94, 21.38, 16.86, 27.79, 11.32, 12.2, 29.04, 22.23, 25.99, 18.84]
a: [109.41, 142.36, 61.13, 126.35, 106.84, 180.6, 39.47, 154.93, 43.5, 106.93, 161.57, 178.7, 25.37, 165.26]
d: [3.5, 4.12, 3.71, 4.74, 3.92, 4.67, 4.89, 5.35, 3.5, 3.5, 3.87, 5.12, 5.89, 2.0]
BEST_hyper_parameter
v: [32.32, 17.5, 28.41, 24.01, 34.94, 31.78, 21.19, 25.55, 33.69, 17.14, 20.4, 16.18, 11.7, 33.22]
a: [109.41, 142.36, 173.54, 126.35, 106.84, 78.8, 156.04, 163.12, 120.11, 122.11, 117.34, 178.7, 50.0, 146.64]
d: [3.5, 4.12, 3.66, 4.74, 3.92, 4.67, 4.34, 5.38, 3.5, 3.5, 3.87, 3.6, 4.62, 2.0]

iteration: 90
best: [5.77, 7.26, 9.2, 11.65, 14.83, 18.47, 27.65, 33.64, 38.74, 43.2, 44.9, 46.83, 50.29, 51.24]
time: [5.76, 7.25, 9.6, 14.71, 29.04, 32.85, 42.35, 44.91, 45.98, 47.48, 1000, 1000, 1000, 1000]
current_hyper_parameter
v: [32.32, 17.5, 31.54, 28.22, 34.94, 18.7, 28.02, 24.96, 33.69, 33.03, 30.41, 20.13, 19.23, 30.13]
a: [109.41, 142.36, 173.54, 185.51, 106.84, 78.8, 156.04, 147.49, 120.11, 130.99, 155.23, 138.86, 50.0, 24.66]
d: [3.5, 4.12, 3.66, 4.74, 3.92, 4.67, 4.34, 4.96, 3.5, 3.5, 4.3, 3.6, 4.62, 2.0]
BEST_hyper_parameter
v: [32.32, 17.5, 28.41, 24.01, 34.94, 31.78, 21.19, 25.55, 33.69, 17.14, 20.4, 16.18, 11.7, 33.22]
a: [109.41, 142.36, 173.54, 126.35, 106.84, 78.8, 156.04, 163.12, 120.11, 122.11, 117.34, 178.7, 50.0, 146.64]
d: [3.5, 4.12, 3.66, 4.74, 3.92, 4.67, 4.34, 5.38, 3.5, 3.5, 3.87, 3.6, 4.62, 2.0]

iteration: 91
best: [5.77, 7.26, 9.2, 11.65, 14.83, 18.47, 27.65, 33.64, 38.74, 43.2, 44.9, 46.83, 50.29, 51.24]
time: [5.73, 7.25, 9.6, 11.73, 17.88, 1000, 1000, 1000, 1000, 1000, 1000, 1000, 1000, 1000]
current_hyper_parameter
v: [32.32, 17.5, 34.85, 18.64, 11.95, 32.47, 21.19, 15.04, 29.74, 22.65, 11.69, 22.75, 11.7, 33.22]
a: [109.41, 142.36, 173.54, 182.25, 106.84, 41.08, 156.04, 119.13, 115.67, 122.11, 117.34, 116.08, 50.0, 146.64]
d: [3.5, 4.12, 3.66, 4.04, 3.92, 4.67, 4.34, 5.38, 3.5, 3.5, 3.87, 3.6, 4.62, 2.0]
BEST_hyper_parameter
v: [32.32, 17.5, 28.41, 24.01, 34.94, 31.78, 21.19, 25.55, 33.69, 17.14, 20.4, 16.18, 11.7, 33.22]
a: [109.41, 142.36, 173.54, 126.35, 106.84, 78.8, 156.04, 163.12, 120.11, 122.11, 117.34, 178.7, 50.0, 146.64]
d: [3.5, 4.12, 3.66, 4.74, 3.92, 4.67, 4.34, 5.38, 3.5, 3.5, 3.87, 3.6, 4.62, 2.0]

iteration: 92
best: [5.77, 7.26, 9.2, 11.65, 14.83, 18.47, 27.65, 33.64, 38.74, 43.2, 44.9, 46.83, 50.29, 51.24]
time: [5.72, 7.23, 9.7, 12.39, 14.75, 18.45, 29.77, 1000, 1000, 1000, 1000, 1000, 1000, 1000]
current_hyper_parameter
v: [32.32, 17.5, 28.41, 13.29, 34.94, 27.22, 21.19, 26.95, 25.41, 27.35, 24.33, 23.91, 11.7, 33.22]
a: [109.41, 142.36, 173.54, 123.09, 106.84, 192.22, 156.04, 54.51, 120.11, 173.71, 117.34, 46.64, 50.0, 146.64]
d: [3.5, 4.12, 3.66, 4.45, 3.92, 4.67, 4.34, 5.14, 3.5, 3.5, 3.87, 3.78, 4.62, 2.0]
BEST_hyper_parameter
v: [32.32, 17.5, 28.41, 24.01, 34.94, 31.78, 21.19, 25.55, 33.69, 17.14, 20.4, 16.18, 11.7, 33.22]
a: [109.41, 142.36, 173.54, 126.35, 106.84, 78.8, 156.04, 163.12, 120.11, 122.11, 117.34, 178.7, 50.0, 146.64]
d: [3.5, 4.12, 3.66, 4.74, 3.92, 4.67, 4.34, 5.38, 3.5, 3.5, 3.87, 3.6, 4.62, 2.0]

iteration: 93
best: [5.77, 7.26, 9.2, 11.65, 14.83, 18.47, 27.65, 33.64, 38.74, 43.2, 44.9, 46.83, 50.29, 51.24]
time: [5.74, 7.23, 11.03, 16.55, 22.21, 25.88, 36.74, 42.82, 1000, 1000, 1000, 1000, 1000, 1000]
current_hyper_parameter
v: [32.32, 17.5, 32.49, 32.75, 34.94, 30.83, 22.4, 14.08, 33.2, 17.14, 20.38, 19.77, 11.31, 19.75]
a: [109.41, 142.36, 32.52, 24.73, 106.84, 78.8, 156.04, 163.12, 199.66, 122.11, 97.77, 133.68, 150.35, 146.64]
d: [3.5, 4.12, 3.66, 4.01, 3.92, 5.97, 4.42, 5.4, 3.5, 3.5, 4.03, 3.6, 4.62, 2.0]
BEST_hyper_parameter
v: [32.32, 17.5, 28.41, 24.01, 34.94, 31.78, 21.19, 25.55, 33.69, 17.14, 20.4, 16.18, 11.7, 33.22]
a: [109.41, 142.36, 173.54, 126.35, 106.84, 78.8, 156.04, 163.12, 120.11, 122.11, 117.34, 178.7, 50.0, 146.64]
d: [3.5, 4.12, 3.66, 4.74, 3.92, 4.67, 4.34, 5.38, 3.5, 3.5, 3.87, 3.6, 4.62, 2.0]
