
iteration: 1
best: [5.66, 7.09, 9.24, 11.7, 14.64, 17.58, 25.55, 32.01, 34.38, 37.49, 39.08, 41.26, 43.48, 44.6]
time: [5.6, 7.11, 9.92, 12.38, 15.37, 18.67, 29.59, 32.56, 1000, 1000, 1000, 1000, 1000, 1000]
current_hyper_parameter
v: [33.57, 16.2, 16.05, 29.08, 34.9, 14.83, 24.39, 20.51, 32.32, 12.94, 28.21, 33.07, 11.23, 24.95]
a: [188.6, 197.46, 154.56, 131.22, 49.22, 129.04, 115.77, 129.64, 42.07, 28.14, 52.11, 50.0, 185.61, 109.13]
d: [5.53, 4.08, 3.5, 3.5, 4.05, 5.02, 3.58, 4.64, 4.37, 3.73, 5.4, 3.5, 3.5, 2.0]
BEST_hyper_parameter
v: [33.57, 16.2, 16.05, 29.08, 34.9, 14.83, 24.39, 20.51, 32.32, 12.94, 28.21, 33.07, 11.23, 24.95]
a: [188.6, 197.46, 154.56, 131.22, 49.22, 129.04, 115.77, 129.64, 42.07, 28.14, 52.11, 50.0, 185.61, 109.13]
d: [5.53, 4.08, 3.5, 3.5, 4.05, 5.02, 3.58, 4.64, 4.37, 3.73, 5.4, 3.5, 3.5, 2.0]

iteration: 2
best: [5.66, 7.09, 9.24, 11.7, 14.64, 17.58, 25.55, 32.01, 34.38, 37.49, 39.08, 41.26, 43.48, 44.6]
time: [5.68, 7.12, 10.01, 12.23, 18.09, 21.18, 31.5, 1000, 1000, 1000, 1000, 1000, 1000, 1000]
current_hyper_parameter
v: [33.57, 16.2, 16.05, 29.08, 20.4, 17.84, 24.39, 11.29, 21.89, 17.83, 33.17, 27.48, 17.23, 10.72]
a: [188.6, 197.46, 154.56, 131.22, 49.22, 129.04, 115.77, 133.91, 184.63, 122.62, 52.11, 50.0, 182.26, 124.7]
d: [5.53, 4.08, 3.5, 3.5, 3.53, 5.02, 3.58, 4.69, 4.37, 5.52, 5.04, 3.5, 3.57, 2.0]
BEST_hyper_parameter
v: [33.57, 16.2, 16.05, 29.08, 34.9, 14.83, 24.39, 20.51, 32.32, 12.94, 28.21, 33.07, 11.23, 24.95]
a: [188.6, 197.46, 154.56, 131.22, 49.22, 129.04, 115.77, 129.64, 42.07, 28.14, 52.11, 50.0, 185.61, 109.13]
d: [5.53, 4.08, 3.5, 3.5, 4.05, 5.02, 3.58, 4.64, 4.37, 3.73, 5.4, 3.5, 3.5, 2.0]

iteration: 3
best: [5.66, 7.09, 9.24, 11.7, 14.64, 17.58, 25.55, 32.01, 34.38, 37.49, 39.08, 41.26, 43.48, 44.6]
time: [5.68, 7.13, 9.85, 12.77, 16.49, 19.41, 29.36, 35.16, 1000, 1000, 1000, 1000, 1000, 1000]
current_hyper_parameter
v: [33.57, 16.2, 16.05, 26.66, 24.62, 14.83, 32.74, 28.35, 21.32, 12.85, 28.21, 20.26, 12.9, 24.2]
a: [188.6, 197.46, 154.56, 61.78, 41.0, 129.04, 83.59, 150.46, 42.07, 93.58, 52.11, 50.0, 110.82, 109.13]
d: [5.53, 4.08, 3.5, 4.49, 4.74, 5.02, 3.58, 5.17, 4.37, 3.73, 5.4, 4.9, 3.5, 2.0]
BEST_hyper_parameter
v: [33.57, 16.2, 16.05, 29.08, 34.9, 14.83, 24.39, 20.51, 32.32, 12.94, 28.21, 33.07, 11.23, 24.95]
a: [188.6, 197.46, 154.56, 131.22, 49.22, 129.04, 115.77, 129.64, 42.07, 28.14, 52.11, 50.0, 185.61, 109.13]
d: [5.53, 4.08, 3.5, 3.5, 4.05, 5.02, 3.58, 4.64, 4.37, 3.73, 5.4, 3.5, 3.5, 2.0]

iteration: 4
best: [5.66, 7.09, 9.24, 11.7, 14.64, 17.58, 25.55, 32.01, 34.38, 37.49, 39.08, 41.26, 43.48, 44.6]
time: [5.73, 7.3, 9.8, 15.14, 18.36, 22.0, 32.14, 34.75, 1000, 1000, 1000, 1000, 1000, 1000]
current_hyper_parameter
v: [33.57, 16.2, 25.29, 26.54, 24.51, 18.28, 24.39, 31.51, 32.32, 25.47, 21.64, 31.98, 22.65, 30.33]
a: [188.6, 197.46, 154.56, 167.84, 153.65, 129.04, 115.77, 129.64, 42.07, 28.14, 153.15, 50.0, 39.54, 100.12]
d: [5.53, 4.08, 5.61, 3.5, 4.16, 5.02, 3.58, 3.53, 4.37, 3.73, 3.56, 4.21, 3.5, 2.0]
BEST_hyper_parameter
v: [33.57, 16.2, 16.05, 29.08, 34.9, 14.83, 24.39, 20.51, 32.32, 12.94, 28.21, 33.07, 11.23, 24.95]
a: [188.6, 197.46, 154.56, 131.22, 49.22, 129.04, 115.77, 129.64, 42.07, 28.14, 52.11, 50.0, 185.61, 109.13]
d: [5.53, 4.08, 3.5, 3.5, 4.05, 5.02, 3.58, 4.64, 4.37, 3.73, 5.4, 3.5, 3.5, 2.0]
mutation at idx = 1

iteration: 5
best: [5.66, 7.09, 9.24, 11.7, 14.64, 17.58, 25.55, 32.01, 34.38, 37.49, 39.08, 41.26, 43.48, 44.6]
time: [5.64, 6.89, 9.79, 12.98, 19.02, 22.81, 32.87, 36.24, 1000, 1000, 1000, 1000, 1000, 1000]
current_hyper_parameter
v: [33.57, 32.2, 11.16, 14.05, 29.56, 12.65, 27.43, 28.02, 24.35, 33.04, 19.55, 20.94, 12.16, 19.1]
a: [188.6, 120.27, 91.51, 131.22, 62.51, 129.04, 115.77, 74.49, 44.61, 135.33, 52.11, 96.79, 98.91, 109.13]
d: [5.53, 5.13, 3.5, 3.5, 4.5, 5.02, 4.01, 4.82, 4.3, 3.73, 5.4, 3.5, 3.5, 2.0]
BEST_hyper_parameter
v: [33.57, 16.2, 16.05, 29.08, 34.9, 14.83, 24.39, 20.51, 32.32, 12.94, 28.21, 33.07, 11.23, 24.95]
a: [188.6, 197.46, 154.56, 131.22, 49.22, 129.04, 115.77, 129.64, 42.07, 28.14, 52.11, 50.0, 185.61, 109.13]
d: [5.53, 4.08, 3.5, 3.5, 4.05, 5.02, 3.58, 4.64, 4.37, 3.73, 5.4, 3.5, 3.5, 2.0]

iteration: 6
best: [5.66, 7.09, 9.24, 11.7, 14.64, 17.58, 25.55, 32.01, 34.38, 37.49, 39.08, 41.26, 43.48, 44.6]
time: [5.66, 7.14, 10.77, 14.9, 18.57, 21.33, 31.29, 43.59, 45.76, 1000, 1000, 1000, 1000, 1000]
current_hyper_parameter
v: [33.57, 16.2, 26.58, 16.01, 15.79, 30.25, 24.39, 16.33, 21.02, 18.33, 11.45, 15.51, 11.23, 24.95]
a: [188.6, 197.46, 26.24, 35.44, 49.22, 139.16, 115.77, 40.51, 85.4, 189.37, 72.27, 161.2, 185.61, 109.13]
d: [5.53, 4.08, 4.88, 4.67, 4.05, 4.87, 3.58, 4.94, 3.99, 3.73, 5.4, 3.5, 3.5, 2.0]
BEST_hyper_parameter
v: [33.57, 16.2, 16.05, 29.08, 34.9, 14.83, 24.39, 20.51, 32.32, 12.94, 28.21, 33.07, 11.23, 24.95]
a: [188.6, 197.46, 154.56, 131.22, 49.22, 129.04, 115.77, 129.64, 42.07, 28.14, 52.11, 50.0, 185.61, 109.13]
d: [5.53, 4.08, 3.5, 3.5, 4.05, 5.02, 3.58, 4.64, 4.37, 3.73, 5.4, 3.5, 3.5, 2.0]

iteration: 7
best: [5.66, 7.09, 9.24, 11.7, 14.64, 17.58, 25.55, 32.01, 34.38, 37.49, 39.08, 41.26, 43.48, 44.6]
time: [5.66, 7.09, 9.96, 15.48, 26.45, 30.02, 44.29, 1000, 1000, 1000, 1000, 1000, 1000, 1000]
current_hyper_parameter
v: [33.57, 16.2, 14.09, 29.66, 33.99, 14.83, 16.73, 20.51, 32.32, 18.56, 32.99, 33.07, 13.49, 16.97]
a: [188.6, 197.46, 150.45, 131.22, 84.2, 129.04, 84.5, 129.64, 42.07, 68.1, 137.41, 50.0, 37.39, 195.85]
d: [5.53, 4.08, 3.5, 5.72, 4.18, 5.02, 5.0, 4.64, 4.37, 5.62, 3.75, 3.5, 5.25, 2.0]
BEST_hyper_parameter
v: [33.57, 16.2, 16.05, 29.08, 34.9, 14.83, 24.39, 20.51, 32.32, 12.94, 28.21, 33.07, 11.23, 24.95]
a: [188.6, 197.46, 154.56, 131.22, 49.22, 129.04, 115.77, 129.64, 42.07, 28.14, 52.11, 50.0, 185.61, 109.13]
d: [5.53, 4.08, 3.5, 3.5, 4.05, 5.02, 3.58, 4.64, 4.37, 3.73, 5.4, 3.5, 3.5, 2.0]

iteration: 8
best: [5.66, 7.09, 9.24, 11.7, 14.64, 17.58, 25.55, 32.01, 34.38, 37.49, 39.08, 41.26, 43.48, 44.6]
time: [5.65, 7.08, 9.8, 1000, 1000, 1000, 1000, 1000, 1000, 1000, 1000, 1000, 1000, 1000]
current_hyper_parameter
v: [33.57, 16.2, 16.05, 17.82, 24.59, 31.84, 34.35, 20.51, 24.77, 12.94, 25.0, 33.07, 33.58, 24.95]
a: [188.6, 197.46, 154.56, 24.74, 174.74, 129.04, 109.1, 129.64, 81.55, 28.14, 52.11, 50.0, 185.61, 109.13]
d: [5.53, 4.08, 3.5, 5.31, 3.96, 5.02, 3.58, 4.64, 3.92, 3.73, 5.16, 3.5, 3.5, 2.0]
BEST_hyper_parameter
v: [33.57, 16.2, 16.05, 29.08, 34.9, 14.83, 24.39, 20.51, 32.32, 12.94, 28.21, 33.07, 11.23, 24.95]
a: [188.6, 197.46, 154.56, 131.22, 49.22, 129.04, 115.77, 129.64, 42.07, 28.14, 52.11, 50.0, 185.61, 109.13]
d: [5.53, 4.08, 3.5, 3.5, 4.05, 5.02, 3.58, 4.64, 4.37, 3.73, 5.4, 3.5, 3.5, 2.0]

iteration: 9
best: [5.66, 7.09, 9.24, 11.7, 14.64, 17.58, 25.55, 32.01, 34.38, 37.49, 39.08, 41.26, 43.48, 44.6]
time: [5.67, 7.12, 10.13, 12.39, 18.55, 21.34, 32.68, 1000, 1000, 1000, 1000, 1000, 1000, 1000]
current_hyper_parameter
v: [33.57, 16.2, 12.83, 29.08, 18.64, 32.14, 19.64, 29.13, 32.32, 27.05, 21.29, 18.25, 11.23, 24.95]
a: [188.6, 197.46, 115.36, 131.22, 49.22, 160.37, 102.19, 26.46, 42.07, 139.92, 162.05, 50.0, 185.61, 109.13]
d: [5.53, 4.08, 3.5, 3.5, 5.8, 5.02, 5.49, 4.2, 4.37, 3.73, 3.95, 3.5, 3.5, 2.0]
BEST_hyper_parameter
v: [33.57, 16.2, 16.05, 29.08, 34.9, 14.83, 24.39, 20.51, 32.32, 12.94, 28.21, 33.07, 11.23, 24.95]
a: [188.6, 197.46, 154.56, 131.22, 49.22, 129.04, 115.77, 129.64, 42.07, 28.14, 52.11, 50.0, 185.61, 109.13]
d: [5.53, 4.08, 3.5, 3.5, 4.05, 5.02, 3.58, 4.64, 4.37, 3.73, 5.4, 3.5, 3.5, 2.0]
mutation at idx = 1

iteration: 10
best: [5.66, 7.09, 9.24, 11.7, 14.64, 17.58, 25.55, 32.01, 34.38, 37.49, 39.08, 41.26, 43.48, 44.6]
time: [5.67, 7.26, 9.87, 15.14, 22.88, 26.2, 35.72, 38.17, 39.29, 40.98, 1000, 1000, 1000, 1000]
current_hyper_parameter
v: [33.57, 17.12, 26.68, 26.93, 24.22, 27.01, 24.39, 27.92, 15.85, 29.6, 28.21, 15.46, 31.68, 26.68]
a: [188.6, 84.61, 154.56, 107.62, 150.99, 129.04, 115.77, 154.16, 142.75, 48.96, 52.11, 50.0, 190.09, 80.89]
d: [5.53, 3.85, 3.5, 3.5, 3.99, 4.67, 3.58, 4.64, 4.37, 4.08, 5.4, 3.5, 3.5, 2.0]
BEST_hyper_parameter
v: [33.57, 16.2, 16.05, 29.08, 34.9, 14.83, 24.39, 20.51, 32.32, 12.94, 28.21, 33.07, 11.23, 24.95]
a: [188.6, 197.46, 154.56, 131.22, 49.22, 129.04, 115.77, 129.64, 42.07, 28.14, 52.11, 50.0, 185.61, 109.13]
d: [5.53, 4.08, 3.5, 3.5, 4.05, 5.02, 3.58, 4.64, 4.37, 3.73, 5.4, 3.5, 3.5, 2.0]

iteration: 11
best: [5.66, 7.09, 9.24, 11.7, 14.64, 17.58, 25.55, 32.01, 34.38, 37.49, 39.08, 41.26, 43.48, 44.6]
time: [5.66, 7.1, 9.45, 19.49, 28.02, 31.71, 42.88, 1000, 1000, 1000, 1000, 1000, 1000, 1000]
current_hyper_parameter
v: [33.57, 16.2, 21.99, 25.09, 33.61, 13.3, 26.88, 27.66, 32.32, 12.94, 28.21, 18.5, 32.96, 25.54]
a: [188.6, 197.46, 194.69, 131.22, 61.35, 122.66, 62.5, 129.64, 42.07, 28.14, 52.11, 50.0, 196.52, 109.13]
d: [5.53, 4.08, 3.5, 5.75, 4.22, 5.02, 3.58, 4.64, 4.37, 3.73, 5.4, 3.5, 4.27, 2.0]
BEST_hyper_parameter
v: [33.57, 16.2, 16.05, 29.08, 34.9, 14.83, 24.39, 20.51, 32.32, 12.94, 28.21, 33.07, 11.23, 24.95]
a: [188.6, 197.46, 154.56, 131.22, 49.22, 129.04, 115.77, 129.64, 42.07, 28.14, 52.11, 50.0, 185.61, 109.13]
d: [5.53, 4.08, 3.5, 3.5, 4.05, 5.02, 3.58, 4.64, 4.37, 3.73, 5.4, 3.5, 3.5, 2.0]

iteration: 12
best: [5.66, 7.09, 9.24, 11.7, 14.64, 17.58, 25.55, 32.01, 34.38, 37.49, 39.08, 41.26, 43.48, 44.6]
time: [5.65, 7.09, 9.79, 15.54, 24.38, 27.67, 40.39, 42.93, 1000, 1000, 1000, 1000, 1000, 1000]
current_hyper_parameter
v: [33.57, 16.2, 16.05, 14.3, 34.9, 12.83, 18.66, 29.92, 20.0, 31.13, 23.09, 33.07, 11.23, 34.34]
a: [188.6, 197.46, 154.56, 131.22, 49.22, 148.1, 115.77, 107.39, 49.72, 25.43, 52.11, 50.0, 185.61, 109.13]
d: [5.53, 4.08, 3.5, 5.69, 4.05, 5.02, 5.19, 5.53, 4.37, 5.67, 4.05, 3.5, 3.5, 2.0]
BEST_hyper_parameter
v: [33.57, 16.2, 16.05, 29.08, 34.9, 14.83, 24.39, 20.51, 32.32, 12.94, 28.21, 33.07, 11.23, 24.95]
a: [188.6, 197.46, 154.56, 131.22, 49.22, 129.04, 115.77, 129.64, 42.07, 28.14, 52.11, 50.0, 185.61, 109.13]
d: [5.53, 4.08, 3.5, 3.5, 4.05, 5.02, 3.58, 4.64, 4.37, 3.73, 5.4, 3.5, 3.5, 2.0]

iteration: 13
best: [5.66, 7.09, 9.24, 11.7, 14.64, 17.58, 25.55, 32.01, 34.38, 37.49, 39.08, 41.26, 43.48, 44.6]
time: [5.68, 7.12, 9.85, 16.08, 23.43, 31.19, 42.15, 44.94, 46.63, 1000, 1000, 1000, 1000, 1000]
current_hyper_parameter
v: [33.57, 16.2, 16.05, 13.63, 34.9, 11.26, 24.39, 22.06, 11.96, 12.22, 28.21, 17.47, 11.23, 31.4]
a: [188.6, 197.46, 154.56, 69.26, 49.22, 171.95, 115.77, 149.43, 42.07, 106.84, 52.11, 20.1, 185.61, 109.13]
d: [5.53, 4.08, 3.5, 4.6, 4.05, 5.02, 3.58, 4.64, 5.7, 4.13, 5.4, 4.28, 3.5, 2.0]
BEST_hyper_parameter
v: [33.57, 16.2, 16.05, 29.08, 34.9, 14.83, 24.39, 20.51, 32.32, 12.94, 28.21, 33.07, 11.23, 24.95]
a: [188.6, 197.46, 154.56, 131.22, 49.22, 129.04, 115.77, 129.64, 42.07, 28.14, 52.11, 50.0, 185.61, 109.13]
d: [5.53, 4.08, 3.5, 3.5, 4.05, 5.02, 3.58, 4.64, 4.37, 3.73, 5.4, 3.5, 3.5, 2.0]

iteration: 14
best: [5.66, 7.09, 9.24, 11.7, 14.64, 17.58, 25.55, 32.01, 34.38, 37.49, 39.08, 41.26, 43.48, 44.6]
time: [5.67, 7.15, 10.08, 15.74, 23.4, 26.47, 37.44, 40.97, 1000, 1000, 1000, 1000, 1000, 1000]
current_hyper_parameter
v: [33.57, 16.2, 18.03, 17.52, 34.9, 14.83, 24.39, 16.85, 20.13, 13.38, 16.88, 22.73, 19.19, 33.92]
a: [188.6, 197.46, 111.24, 139.12, 49.22, 129.04, 115.77, 57.82, 24.0, 43.22, 26.33, 193.76, 192.49, 109.13]
d: [5.53, 4.08, 4.51, 5.0, 4.05, 5.02, 3.58, 4.82, 4.37, 3.73, 5.4, 3.5, 3.62, 2.0]
BEST_hyper_parameter
v: [33.57, 16.2, 16.05, 29.08, 34.9, 14.83, 24.39, 20.51, 32.32, 12.94, 28.21, 33.07, 11.23, 24.95]
a: [188.6, 197.46, 154.56, 131.22, 49.22, 129.04, 115.77, 129.64, 42.07, 28.14, 52.11, 50.0, 185.61, 109.13]
d: [5.53, 4.08, 3.5, 3.5, 4.05, 5.02, 3.58, 4.64, 4.37, 3.73, 5.4, 3.5, 3.5, 2.0]
mutation at idx = 1

iteration: 15
best: [5.66, 7.09, 9.24, 11.7, 14.64, 17.58, 25.55, 32.01, 34.38, 37.49, 39.08, 41.26, 43.48, 44.6]
time: [5.67, 7.37, 10.12, 15.99, 23.38, 27.64, 46.12, 1000, 1000, 1000, 1000, 1000, 1000, 1000]
current_hyper_parameter
v: [33.57, 13.0, 21.06, 29.08, 34.9, 26.38, 15.21, 31.05, 18.34, 29.41, 14.26, 26.55, 30.19, 24.95]
a: [188.6, 106.92, 154.56, 131.22, 49.22, 32.98, 62.45, 137.94, 42.07, 64.38, 194.61, 57.32, 25.26, 109.13]
d: [5.53, 4.08, 3.5, 3.5, 4.05, 5.02, 3.58, 4.52, 5.37, 3.73, 5.4, 3.5, 3.5, 2.0]
BEST_hyper_parameter
v: [33.57, 16.2, 16.05, 29.08, 34.9, 14.83, 24.39, 20.51, 32.32, 12.94, 28.21, 33.07, 11.23, 24.95]
a: [188.6, 197.46, 154.56, 131.22, 49.22, 129.04, 115.77, 129.64, 42.07, 28.14, 52.11, 50.0, 185.61, 109.13]
d: [5.53, 4.08, 3.5, 3.5, 4.05, 5.02, 3.58, 4.64, 4.37, 3.73, 5.4, 3.5, 3.5, 2.0]
mutation at idx = 0

iteration: 16
best: [5.66, 7.09, 9.24, 11.7, 14.64, 17.58, 25.55, 32.01, 34.38, 37.49, 39.08, 41.26, 43.48, 44.6]
time: [5.84, 7.56, 10.51, 13.33, 19.89, 22.63, 31.37, 34.57, 1000, 1000, 1000, 1000, 1000, 1000]
current_hyper_parameter
v: [33.94, 12.33, 16.05, 14.12, 34.9, 30.47, 29.23, 20.51, 32.32, 32.08, 28.21, 33.07, 13.42, 25.31]
a: [88.12, 197.46, 154.56, 106.47, 49.22, 86.64, 183.35, 129.64, 42.07, 109.86, 52.11, 50.0, 185.61, 44.16]
d: [5.23, 4.6, 3.5, 3.5, 4.05, 3.86, 4.26, 4.64, 4.37, 3.73, 5.4, 3.5, 3.5, 2.0]
BEST_hyper_parameter
v: [33.57, 16.2, 16.05, 29.08, 34.9, 14.83, 24.39, 20.51, 32.32, 12.94, 28.21, 33.07, 11.23, 24.95]
a: [188.6, 197.46, 154.56, 131.22, 49.22, 129.04, 115.77, 129.64, 42.07, 28.14, 52.11, 50.0, 185.61, 109.13]
d: [5.53, 4.08, 3.5, 3.5, 4.05, 5.02, 3.58, 4.64, 4.37, 3.73, 5.4, 3.5, 3.5, 2.0]

iteration: 17
best: [5.66, 7.09, 9.24, 11.7, 14.64, 17.58, 25.55, 32.01, 34.38, 37.49, 39.08, 41.26, 43.48, 44.6]
time: [5.65, 7.05, 9.88, 12.18, 22.92, 33.78, 44.31, 1000, 1000, 1000, 1000, 1000, 1000, 1000]
current_hyper_parameter
v: [33.57, 23.08, 19.98, 28.95, 24.36, 20.07, 24.39, 27.19, 32.32, 13.99, 11.3, 33.07, 14.54, 24.95]
a: [188.6, 111.38, 68.99, 131.22, 39.93, 96.7, 115.77, 54.55, 42.07, 28.14, 127.17, 50.0, 185.61, 109.13]
d: [5.53, 4.08, 4.93, 3.5, 5.23, 4.74, 3.58, 4.64, 4.37, 3.73, 5.4, 3.5, 4.55, 2.0]
BEST_hyper_parameter
v: [33.57, 16.2, 16.05, 29.08, 34.9, 14.83, 24.39, 20.51, 32.32, 12.94, 28.21, 33.07, 11.23, 24.95]
a: [188.6, 197.46, 154.56, 131.22, 49.22, 129.04, 115.77, 129.64, 42.07, 28.14, 52.11, 50.0, 185.61, 109.13]
d: [5.53, 4.08, 3.5, 3.5, 4.05, 5.02, 3.58, 4.64, 4.37, 3.73, 5.4, 3.5, 3.5, 2.0]

iteration: 18
best: [5.66, 7.09, 9.24, 11.7, 14.64, 17.58, 25.55, 32.01, 34.38, 37.49, 39.08, 41.26, 43.48, 44.6]
time: [5.68, 7.09, 9.72, 11.77, 15.09, 17.63, 26.7, 29.95, 31.41, 1000, 1000, 1000, 1000, 1000]
current_hyper_parameter
v: [33.57, 16.2, 17.85, 29.08, 34.9, 34.14, 24.39, 20.51, 15.42, 18.67, 28.21, 33.07, 25.31, 11.44]
a: [188.6, 197.46, 146.17, 131.22, 49.22, 173.23, 115.77, 129.64, 140.79, 28.14, 52.11, 50.0, 192.85, 47.49]
d: [5.53, 4.08, 4.91, 3.5, 4.05, 5.02, 3.58, 4.64, 4.37, 5.53, 5.4, 3.5, 3.5, 2.0]
BEST_hyper_parameter
v: [33.57, 16.2, 16.05, 29.08, 34.9, 14.83, 24.39, 20.51, 32.32, 12.94, 28.21, 33.07, 11.23, 24.95]
a: [188.6, 197.46, 154.56, 131.22, 49.22, 129.04, 115.77, 129.64, 42.07, 28.14, 52.11, 50.0, 185.61, 109.13]
d: [5.53, 4.08, 3.5, 3.5, 4.05, 5.02, 3.58, 4.64, 4.37, 3.73, 5.4, 3.5, 3.5, 2.0]

iteration: 19
best: [5.66, 7.09, 9.24, 11.7, 14.64, 17.58, 25.55, 32.01, 34.38, 37.49, 39.08, 41.26, 43.48, 44.6]
time: [5.66, 7.1, 9.94, 12.12, 1000, 1000, 1000, 1000, 1000, 1000, 1000, 1000, 1000, 1000]
current_hyper_parameter
v: [33.57, 16.2, 14.42, 29.08, 26.23, 33.69, 29.72, 25.24, 31.71, 12.56, 33.68, 20.98, 12.09, 27.11]
a: [188.6, 197.46, 125.23, 131.22, 25.54, 49.61, 72.39, 129.64, 37.57, 154.77, 52.11, 62.65, 68.57, 178.05]
d: [5.53, 4.08, 3.5, 3.5, 4.05, 5.02, 3.58, 4.64, 4.37, 3.73, 5.4, 3.5, 4.0, 2.0]
BEST_hyper_parameter
v: [33.57, 16.2, 16.05, 29.08, 34.9, 14.83, 24.39, 20.51, 32.32, 12.94, 28.21, 33.07, 11.23, 24.95]
a: [188.6, 197.46, 154.56, 131.22, 49.22, 129.04, 115.77, 129.64, 42.07, 28.14, 52.11, 50.0, 185.61, 109.13]
d: [5.53, 4.08, 3.5, 3.5, 4.05, 5.02, 3.58, 4.64, 4.37, 3.73, 5.4, 3.5, 3.5, 2.0]

iteration: 20
best: [5.66, 7.09, 9.24, 11.7, 14.64, 17.58, 25.55, 32.01, 34.38, 37.49, 39.08, 41.26, 43.48, 44.6]
time: [5.68, 7.13, 9.77, 15.08, 1000, 1000, 1000, 1000, 1000, 1000, 1000, 1000, 1000, 1000]
current_hyper_parameter
v: [33.57, 16.2, 17.54, 29.08, 28.83, 13.92, 29.15, 20.51, 13.31, 12.94, 28.21, 28.5, 21.61, 24.95]
a: [188.6, 197.46, 144.3, 131.22, 104.69, 157.2, 110.55, 129.64, 42.07, 28.14, 52.11, 141.92, 179.99, 109.13]
d: [5.53, 4.08, 3.5, 3.5, 4.72, 5.02, 3.58, 4.64, 4.37, 3.73, 5.4, 3.5, 4.79, 2.0]
BEST_hyper_parameter
v: [33.57, 16.2, 16.05, 29.08, 34.9, 14.83, 24.39, 20.51, 32.32, 12.94, 28.21, 33.07, 11.23, 24.95]
a: [188.6, 197.46, 154.56, 131.22, 49.22, 129.04, 115.77, 129.64, 42.07, 28.14, 52.11, 50.0, 185.61, 109.13]
d: [5.53, 4.08, 3.5, 3.5, 4.05, 5.02, 3.58, 4.64, 4.37, 3.73, 5.4, 3.5, 3.5, 2.0]

iteration: 21
best: [5.66, 7.09, 9.24, 11.7, 14.64, 17.58, 25.55, 32.01, 34.38, 37.49, 39.08, 41.26, 43.48, 44.6]
time: [5.67, 7.11, 9.83, 12.18, 15.15, 17.89, 26.95, 29.71, 30.9, 1000, 1000, 1000, 1000, 1000]
current_hyper_parameter
v: [33.57, 16.2, 16.05, 30.34, 32.8, 32.45, 27.43, 20.51, 33.75, 12.94, 29.59, 31.47, 30.11, 24.95]
a: [188.6, 197.46, 154.56, 131.22, 49.22, 155.68, 107.71, 129.64, 151.68, 28.14, 94.17, 82.61, 163.73, 109.13]
d: [5.53, 4.08, 3.5, 3.5, 5.32, 5.02, 5.1, 4.64, 4.74, 3.73, 5.4, 5.78, 4.14, 2.0]
BEST_hyper_parameter
v: [33.57, 16.2, 16.05, 29.08, 34.9, 14.83, 24.39, 20.51, 32.32, 12.94, 28.21, 33.07, 11.23, 24.95]
a: [188.6, 197.46, 154.56, 131.22, 49.22, 129.04, 115.77, 129.64, 42.07, 28.14, 52.11, 50.0, 185.61, 109.13]
d: [5.53, 4.08, 3.5, 3.5, 4.05, 5.02, 3.58, 4.64, 4.37, 3.73, 5.4, 3.5, 3.5, 2.0]

iteration: 22
best: [5.66, 7.09, 9.24, 11.7, 14.64, 17.58, 25.55, 32.01, 34.38, 37.49, 39.08, 41.26, 43.48, 44.6]
time: [5.65, 7.09, 9.35, 1000, 1000, 1000, 1000, 1000, 1000, 1000, 1000, 1000, 1000, 1000]
current_hyper_parameter
v: [33.57, 16.2, 27.91, 21.08, 31.23, 16.22, 24.39, 31.27, 23.84, 33.99, 34.27, 18.08, 21.11, 14.97]
a: [188.6, 197.46, 154.56, 146.46, 193.7, 34.37, 115.77, 23.42, 184.34, 161.57, 143.99, 50.0, 185.61, 188.85]
d: [5.53, 4.08, 5.66, 3.69, 4.05, 5.02, 3.58, 5.45, 4.83, 3.73, 5.4, 4.45, 3.5, 2.0]
BEST_hyper_parameter
v: [33.57, 16.2, 16.05, 29.08, 34.9, 14.83, 24.39, 20.51, 32.32, 12.94, 28.21, 33.07, 11.23, 24.95]
a: [188.6, 197.46, 154.56, 131.22, 49.22, 129.04, 115.77, 129.64, 42.07, 28.14, 52.11, 50.0, 185.61, 109.13]
d: [5.53, 4.08, 3.5, 3.5, 4.05, 5.02, 3.58, 4.64, 4.37, 3.73, 5.4, 3.5, 3.5, 2.0]

iteration: 23
best: [5.66, 7.09, 9.24, 11.7, 14.64, 17.58, 25.55, 32.01, 34.38, 37.49, 39.08, 41.26, 43.48, 44.6]
time: [5.66, 7.1, 9.82, 1000, 1000, 1000, 1000, 1000, 1000, 1000, 1000, 1000, 1000, 1000]
current_hyper_parameter
v: [33.57, 16.2, 16.05, 31.67, 34.9, 31.97, 12.93, 33.02, 31.29, 15.96, 21.06, 16.37, 11.23, 21.11]
a: [188.6, 197.46, 154.56, 131.22, 49.22, 52.07, 79.26, 195.65, 175.45, 198.9, 52.11, 181.46, 185.61, 109.13]
d: [5.53, 4.08, 3.5, 4.45, 4.05, 4.0, 3.58, 4.64, 5.42, 3.64, 5.4, 3.5, 3.5, 2.0]
BEST_hyper_parameter
v: [33.57, 16.2, 16.05, 29.08, 34.9, 14.83, 24.39, 20.51, 32.32, 12.94, 28.21, 33.07, 11.23, 24.95]
a: [188.6, 197.46, 154.56, 131.22, 49.22, 129.04, 115.77, 129.64, 42.07, 28.14, 52.11, 50.0, 185.61, 109.13]
d: [5.53, 4.08, 3.5, 3.5, 4.05, 5.02, 3.58, 4.64, 4.37, 3.73, 5.4, 3.5, 3.5, 2.0]

iteration: 24
best: [5.66, 7.09, 9.24, 11.7, 14.64, 17.58, 25.55, 32.01, 34.38, 37.49, 39.08, 41.26, 43.48, 44.6]
time: [5.66, 7.08, 9.54, 1000, 1000, 1000, 1000, 1000, 1000, 1000, 1000, 1000, 1000, 1000]
current_hyper_parameter
v: [33.57, 16.2, 19.99, 25.44, 30.86, 34.82, 34.88, 20.51, 28.83, 29.19, 28.21, 29.2, 17.06, 32.39]
a: [188.6, 197.46, 189.31, 20.91, 41.03, 193.29, 107.18, 129.64, 42.07, 28.14, 52.11, 50.0, 80.72, 184.96]
d: [5.53, 4.08, 5.45, 5.93, 3.59, 3.55, 4.2, 4.64, 4.16, 5.82, 5.4, 3.5, 3.5, 2.0]
BEST_hyper_parameter
v: [33.57, 16.2, 16.05, 29.08, 34.9, 14.83, 24.39, 20.51, 32.32, 12.94, 28.21, 33.07, 11.23, 24.95]
a: [188.6, 197.46, 154.56, 131.22, 49.22, 129.04, 115.77, 129.64, 42.07, 28.14, 52.11, 50.0, 185.61, 109.13]
d: [5.53, 4.08, 3.5, 3.5, 4.05, 5.02, 3.58, 4.64, 4.37, 3.73, 5.4, 3.5, 3.5, 2.0]
mutation at idx = 0

iteration: 25
best: [5.66, 7.09, 9.24, 11.7, 14.64, 17.58, 25.55, 32.01, 34.38, 37.49, 39.08, 41.26, 43.48, 44.6]
time: [5.7, 7.18, 10.06, 12.22, 1000, 1000, 1000, 1000, 1000, 1000, 1000, 1000, 1000, 1000]
current_hyper_parameter
v: [25.15, 16.2, 16.05, 30.64, 19.38, 14.83, 30.43, 20.51, 34.42, 24.16, 28.21, 18.66, 26.63, 14.04]
a: [188.6, 197.46, 154.56, 131.22, 113.25, 129.04, 196.56, 129.64, 42.07, 183.52, 52.11, 50.0, 185.61, 150.29]
d: [5.53, 4.08, 3.5, 3.97, 4.05, 5.02, 3.91, 4.64, 5.25, 3.73, 5.4, 3.5, 5.17, 2.0]
BEST_hyper_parameter
v: [33.57, 16.2, 16.05, 29.08, 34.9, 14.83, 24.39, 20.51, 32.32, 12.94, 28.21, 33.07, 11.23, 24.95]
a: [188.6, 197.46, 154.56, 131.22, 49.22, 129.04, 115.77, 129.64, 42.07, 28.14, 52.11, 50.0, 185.61, 109.13]
d: [5.53, 4.08, 3.5, 3.5, 4.05, 5.02, 3.58, 4.64, 4.37, 3.73, 5.4, 3.5, 3.5, 2.0]

iteration: 26
best: [5.66, 7.09, 9.24, 11.7, 14.64, 17.58, 25.55, 32.01, 34.38, 37.49, 39.08, 41.26, 43.48, 44.6]
time: [5.66, 7.14, 10.64, 13.39, 19.9, 22.58, 34.99, 38.01, 42.62, 45.72, 1000, 1000, 1000, 1000]
current_hyper_parameter
v: [33.57, 16.2, 17.81, 16.93, 34.9, 17.52, 18.3, 20.51, 28.7, 12.94, 32.88, 32.08, 23.68, 27.58]
a: [188.6, 197.46, 40.89, 149.26, 49.22, 138.09, 86.48, 129.64, 71.19, 28.14, 27.42, 50.0, 199.42, 109.13]
d: [5.53, 4.08, 3.5, 3.5, 4.05, 5.94, 4.4, 4.64, 4.37, 3.73, 5.9, 3.5, 3.5, 2.0]
BEST_hyper_parameter
v: [33.57, 16.2, 16.05, 29.08, 34.9, 14.83, 24.39, 20.51, 32.32, 12.94, 28.21, 33.07, 11.23, 24.95]
a: [188.6, 197.46, 154.56, 131.22, 49.22, 129.04, 115.77, 129.64, 42.07, 28.14, 52.11, 50.0, 185.61, 109.13]
d: [5.53, 4.08, 3.5, 3.5, 4.05, 5.02, 3.58, 4.64, 4.37, 3.73, 5.4, 3.5, 3.5, 2.0]
mutation at idx = 1

iteration: 27
best: [5.66, 7.09, 9.24, 11.7, 14.64, 17.58, 25.55, 32.01, 34.38, 37.49, 39.08, 41.26, 43.48, 44.6]
time: [5.66, 7.24, 10.31, 12.82, 16.0, 18.99, 31.0, 1000, 1000, 1000, 1000, 1000, 1000, 1000]
current_hyper_parameter
v: [33.57, 13.17, 15.29, 15.09, 33.28, 17.66, 17.57, 31.54, 32.32, 21.55, 15.02, 11.33, 25.38, 18.42]
a: [188.6, 197.46, 154.56, 157.75, 49.22, 195.23, 106.51, 24.05, 42.07, 50.93, 174.84, 77.55, 185.61, 109.13]
d: [5.53, 4.08, 5.88, 4.75, 4.05, 4.86, 3.58, 4.64, 4.37, 5.34, 5.45, 5.99, 3.6, 2.0]
BEST_hyper_parameter
v: [33.57, 16.2, 16.05, 29.08, 34.9, 14.83, 24.39, 20.51, 32.32, 12.94, 28.21, 33.07, 11.23, 24.95]
a: [188.6, 197.46, 154.56, 131.22, 49.22, 129.04, 115.77, 129.64, 42.07, 28.14, 52.11, 50.0, 185.61, 109.13]
d: [5.53, 4.08, 3.5, 3.5, 4.05, 5.02, 3.58, 4.64, 4.37, 3.73, 5.4, 3.5, 3.5, 2.0]

iteration: 28
best: [5.66, 7.09, 9.24, 11.7, 14.64, 17.58, 25.55, 32.01, 34.38, 37.49, 39.08, 41.26, 43.48, 44.6]
time: [5.66, 7.08, 9.47, 12.31, 15.98, 19.64, 28.96, 35.13, 1000, 1000, 1000, 1000, 1000, 1000]
current_hyper_parameter
v: [33.57, 16.2, 27.04, 21.88, 33.3, 25.98, 30.98, 24.11, 29.12, 23.18, 16.08, 24.5, 11.23, 21.27]
a: [188.6, 197.46, 124.23, 41.37, 49.22, 67.54, 115.77, 81.17, 85.0, 146.61, 52.11, 50.0, 185.61, 51.83]
d: [5.53, 4.08, 4.15, 3.5, 3.75, 5.02, 3.58, 4.64, 4.37, 4.8, 5.4, 3.5, 3.5, 2.0]
BEST_hyper_parameter
v: [33.57, 16.2, 16.05, 29.08, 34.9, 14.83, 24.39, 20.51, 32.32, 12.94, 28.21, 33.07, 11.23, 24.95]
a: [188.6, 197.46, 154.56, 131.22, 49.22, 129.04, 115.77, 129.64, 42.07, 28.14, 52.11, 50.0, 185.61, 109.13]
d: [5.53, 4.08, 3.5, 3.5, 4.05, 5.02, 3.58, 4.64, 4.37, 3.73, 5.4, 3.5, 3.5, 2.0]

iteration: 29
best: [5.66, 7.09, 9.24, 11.7, 14.64, 17.58, 25.55, 32.01, 34.38, 37.49, 39.08, 41.26, 43.48, 44.6]
time: [5.65, 7.09, 9.81, 23.63, 31.67, 35.33, 47.22, 1000, 1000, 1000, 1000, 1000, 1000, 1000]
current_hyper_parameter
v: [33.57, 16.2, 16.05, 29.08, 34.9, 12.41, 24.39, 16.89, 22.5, 12.94, 31.6, 33.07, 25.76, 26.22]
a: [188.6, 197.46, 154.56, 131.22, 49.22, 122.94, 115.77, 129.64, 24.77, 28.14, 52.11, 50.0, 185.61, 198.12]
d: [5.53, 4.08, 3.5, 3.5, 4.05, 5.54, 3.58, 4.64, 4.66, 3.73, 3.9, 3.5, 4.78, 2.0]
BEST_hyper_parameter
v: [33.57, 16.2, 16.05, 29.08, 34.9, 14.83, 24.39, 20.51, 32.32, 12.94, 28.21, 33.07, 11.23, 24.95]
a: [188.6, 197.46, 154.56, 131.22, 49.22, 129.04, 115.77, 129.64, 42.07, 28.14, 52.11, 50.0, 185.61, 109.13]
d: [5.53, 4.08, 3.5, 3.5, 4.05, 5.02, 3.58, 4.64, 4.37, 3.73, 5.4, 3.5, 3.5, 2.0]

iteration: 30
best: [5.66, 7.09, 9.24, 11.7, 14.64, 17.58, 25.55, 32.01, 34.38, 37.49, 39.08, 41.26, 43.48, 44.6]
time: [5.68, 7.12, 9.6, 12.22, 14.86, 20.09, 34.01, 41.12, 44.27, 1000, 1000, 1000, 1000, 1000]
current_hyper_parameter
v: [33.57, 16.2, 24.4, 24.95, 31.84, 13.79, 32.66, 20.51, 11.66, 26.04, 24.81, 10.73, 31.44, 10.91]
a: [188.6, 197.46, 111.54, 81.6, 103.45, 32.62, 40.01, 129.64, 42.07, 28.14, 133.28, 50.0, 164.99, 133.76]
d: [5.53, 4.08, 3.5, 3.5, 4.05, 4.03, 4.6, 4.64, 4.37, 3.73, 4.53, 3.5, 3.5, 2.0]
BEST_hyper_parameter
v: [33.57, 16.2, 16.05, 29.08, 34.9, 14.83, 24.39, 20.51, 32.32, 12.94, 28.21, 33.07, 11.23, 24.95]
a: [188.6, 197.46, 154.56, 131.22, 49.22, 129.04, 115.77, 129.64, 42.07, 28.14, 52.11, 50.0, 185.61, 109.13]
d: [5.53, 4.08, 3.5, 3.5, 4.05, 5.02, 3.58, 4.64, 4.37, 3.73, 5.4, 3.5, 3.5, 2.0]

iteration: 31
best: [5.66, 7.09, 9.24, 11.7, 14.64, 17.58, 25.55, 32.01, 34.38, 37.49, 39.08, 41.26, 43.48, 44.6]
time: [5.67, 7.1, 9.9, 12.15, 17.48, 40.03, 1000, 1000, 1000, 1000, 1000, 1000, 1000, 1000]
current_hyper_parameter
v: [33.57, 16.2, 16.0, 30.55, 27.51, 32.75, 30.21, 16.86, 12.99, 12.64, 20.86, 28.56, 24.3, 31.87]
a: [188.6, 197.46, 122.16, 169.05, 146.17, 54.56, 115.77, 129.64, 83.14, 28.14, 181.18, 175.12, 185.61, 109.13]
d: [5.53, 4.08, 3.5, 4.16, 4.05, 3.88, 4.72, 5.92, 4.37, 3.73, 5.4, 4.62, 5.36, 2.0]
BEST_hyper_parameter
v: [33.57, 16.2, 16.05, 29.08, 34.9, 14.83, 24.39, 20.51, 32.32, 12.94, 28.21, 33.07, 11.23, 24.95]
a: [188.6, 197.46, 154.56, 131.22, 49.22, 129.04, 115.77, 129.64, 42.07, 28.14, 52.11, 50.0, 185.61, 109.13]
d: [5.53, 4.08, 3.5, 3.5, 4.05, 5.02, 3.58, 4.64, 4.37, 3.73, 5.4, 3.5, 3.5, 2.0]

iteration: 32
best: [5.66, 7.09, 9.24, 11.7, 14.64, 17.58, 25.55, 32.01, 34.38, 37.49, 39.08, 41.26, 43.48, 44.6]
time: [5.69, 7.11, 1000, 1000, 1000, 1000, 1000, 1000, 1000, 1000, 1000, 1000, 1000, 1000]
current_hyper_parameter
v: [33.57, 16.2, 32.74, 10.82, 19.31, 33.1, 24.39, 19.61, 13.62, 12.94, 23.75, 18.11, 34.2, 27.02]
a: [188.6, 197.46, 20.7, 131.22, 76.39, 165.26, 115.77, 98.98, 42.07, 28.14, 52.11, 50.0, 100.36, 28.06]
d: [5.53, 4.08, 5.43, 5.15, 3.92, 4.66, 3.58, 4.02, 3.75, 3.73, 5.4, 3.5, 3.5, 2.0]
BEST_hyper_parameter
v: [33.57, 16.2, 16.05, 29.08, 34.9, 14.83, 24.39, 20.51, 32.32, 12.94, 28.21, 33.07, 11.23, 24.95]
a: [188.6, 197.46, 154.56, 131.22, 49.22, 129.04, 115.77, 129.64, 42.07, 28.14, 52.11, 50.0, 185.61, 109.13]
d: [5.53, 4.08, 3.5, 3.5, 4.05, 5.02, 3.58, 4.64, 4.37, 3.73, 5.4, 3.5, 3.5, 2.0]

iteration: 33
best: [5.66, 7.09, 9.24, 11.7, 14.64, 17.58, 25.55, 32.01, 34.38, 37.49, 39.08, 41.26, 43.48, 44.6]
time: [5.66, 7.1, 9.84, 12.74, 18.64, 22.26, 36.47, 39.71, 41.35, 1000, 1000, 1000, 1000, 1000]
current_hyper_parameter
v: [33.57, 16.2, 16.05, 17.33, 27.72, 14.83, 15.39, 13.41, 13.69, 12.94, 21.96, 19.97, 30.39, 34.51]
a: [188.6, 197.46, 154.56, 80.69, 71.88, 129.04, 115.77, 60.09, 118.4, 28.14, 138.26, 67.09, 26.78, 139.55]
d: [5.53, 4.08, 3.5, 3.99, 4.05, 5.02, 4.45, 5.52, 4.37, 3.73, 5.4, 5.03, 3.5, 2.0]
BEST_hyper_parameter
v: [33.57, 16.2, 16.05, 29.08, 34.9, 14.83, 24.39, 20.51, 32.32, 12.94, 28.21, 33.07, 11.23, 24.95]
a: [188.6, 197.46, 154.56, 131.22, 49.22, 129.04, 115.77, 129.64, 42.07, 28.14, 52.11, 50.0, 185.61, 109.13]
d: [5.53, 4.08, 3.5, 3.5, 4.05, 5.02, 3.58, 4.64, 4.37, 3.73, 5.4, 3.5, 3.5, 2.0]

iteration: 34
best: [5.66, 7.09, 9.24, 11.7, 14.64, 17.58, 25.55, 32.01, 34.38, 37.49, 39.08, 41.26, 43.48, 44.6]
time: [5.67, 7.09, 9.33, 11.73, 15.38, 18.39, 33.36, 36.22, 1000, 1000, 1000, 1000, 1000, 1000]
current_hyper_parameter
v: [33.57, 16.2, 34.24, 22.5, 16.51, 14.83, 14.7, 20.26, 30.78, 21.44, 28.21, 19.12, 17.85, 24.95]
a: [188.6, 197.46, 137.74, 86.23, 45.27, 129.04, 78.61, 110.32, 42.07, 57.76, 52.11, 50.0, 40.94, 109.13]
d: [5.53, 4.08, 4.5, 3.5, 3.54, 5.02, 3.97, 4.51, 4.37, 4.74, 5.4, 5.34, 3.85, 2.0]
BEST_hyper_parameter
v: [33.57, 16.2, 16.05, 29.08, 34.9, 14.83, 24.39, 20.51, 32.32, 12.94, 28.21, 33.07, 11.23, 24.95]
a: [188.6, 197.46, 154.56, 131.22, 49.22, 129.04, 115.77, 129.64, 42.07, 28.14, 52.11, 50.0, 185.61, 109.13]
d: [5.53, 4.08, 3.5, 3.5, 4.05, 5.02, 3.58, 4.64, 4.37, 3.73, 5.4, 3.5, 3.5, 2.0]

iteration: 35
best: [5.66, 7.09, 9.24, 11.7, 14.64, 17.58, 25.55, 32.01, 34.38, 37.49, 39.08, 41.26, 43.48, 44.6]
time: [5.66, 7.1, 9.79, 19.64, 34.54, 38.87, 1000, 1000, 1000, 1000, 1000, 1000, 1000, 1000]
current_hyper_parameter
v: [33.57, 16.2, 16.05, 29.08, 22.73, 32.63, 24.39, 20.51, 33.43, 20.33, 33.53, 29.07, 23.28, 27.76]
a: [188.6, 197.46, 154.56, 131.22, 94.58, 58.8, 115.77, 129.64, 42.07, 113.83, 83.59, 21.33, 21.36, 82.5]
d: [5.53, 4.08, 3.5, 3.5, 5.0, 5.02, 3.58, 4.64, 4.37, 3.73, 5.4, 3.5, 3.5, 2.0]
BEST_hyper_parameter
v: [33.57, 16.2, 16.05, 29.08, 34.9, 14.83, 24.39, 20.51, 32.32, 12.94, 28.21, 33.07, 11.23, 24.95]
a: [188.6, 197.46, 154.56, 131.22, 49.22, 129.04, 115.77, 129.64, 42.07, 28.14, 52.11, 50.0, 185.61, 109.13]
d: [5.53, 4.08, 3.5, 3.5, 4.05, 5.02, 3.58, 4.64, 4.37, 3.73, 5.4, 3.5, 3.5, 2.0]
mutation at idx = 0
mutation at idx = 1

iteration: 36
best: [5.66, 7.09, 9.24, 11.7, 14.64, 17.58, 25.55, 32.01, 34.38, 37.49, 39.08, 41.26, 43.48, 44.6]
time: [6.13, 7.83, 11.26, 17.14, 24.43, 27.51, 38.39, 48.66, 1000, 1000, 1000, 1000, 1000, 1000]
current_hyper_parameter
v: [11.85, 14.96, 30.47, 33.58, 34.9, 14.83, 24.39, 25.33, 32.32, 17.55, 19.54, 19.12, 21.82, 12.81]
a: [119.19, 197.46, 39.84, 183.65, 49.22, 129.04, 115.77, 166.63, 42.07, 31.57, 89.4, 50.0, 115.67, 100.68]
d: [5.8, 4.08, 3.5, 3.5, 4.05, 5.02, 3.58, 4.64, 4.37, 3.73, 4.29, 3.6, 4.17, 2.0]
BEST_hyper_parameter
v: [33.57, 16.2, 16.05, 29.08, 34.9, 14.83, 24.39, 20.51, 32.32, 12.94, 28.21, 33.07, 11.23, 24.95]
a: [188.6, 197.46, 154.56, 131.22, 49.22, 129.04, 115.77, 129.64, 42.07, 28.14, 52.11, 50.0, 185.61, 109.13]
d: [5.53, 4.08, 3.5, 3.5, 4.05, 5.02, 3.58, 4.64, 4.37, 3.73, 5.4, 3.5, 3.5, 2.0]

iteration: 37
best: [5.66, 7.09, 9.24, 11.7, 14.64, 17.58, 25.55, 32.01, 34.38, 37.49, 39.08, 41.26, 43.48, 44.6]
time: [5.7, 7.03, 9.23, 11.22, 14.14, 16.87, 29.1, 32.5, 34.01, 1000, 1000, 1000, 1000, 1000]
current_hyper_parameter
v: [20.59, 20.08, 30.48, 29.08, 34.9, 32.3, 23.25, 14.59, 21.87, 12.94, 33.26, 24.35, 27.7, 24.95]
a: [188.6, 197.46, 138.88, 131.22, 49.22, 129.04, 30.32, 115.34, 109.65, 28.14, 90.9, 124.96, 31.74, 109.13]
d: [5.53, 5.2, 3.5, 3.5, 4.05, 5.02, 5.81, 3.83, 4.93, 3.73, 5.16, 3.5, 3.5, 2.0]
BEST_hyper_parameter
v: [33.57, 16.2, 16.05, 29.08, 34.9, 14.83, 24.39, 20.51, 32.32, 12.94, 28.21, 33.07, 11.23, 24.95]
a: [188.6, 197.46, 154.56, 131.22, 49.22, 129.04, 115.77, 129.64, 42.07, 28.14, 52.11, 50.0, 185.61, 109.13]
d: [5.53, 4.08, 3.5, 3.5, 4.05, 5.02, 3.58, 4.64, 4.37, 3.73, 5.4, 3.5, 3.5, 2.0]

iteration: 38
best: [5.66, 7.09, 9.24, 11.22, 14.14, 16.87, 25.55, 32.01, 34.38, 37.49, 39.08, 41.26, 43.48, 44.6]
time: [5.67, 7.1, 9.83, 12.19, 15.18, 17.91, 27.55, 33.46, 36.14, 38.03, 43.63, 1000, 1000, 1000]
current_hyper_parameter
v: [33.57, 16.2, 16.05, 29.08, 34.9, 32.3, 23.37, 20.51, 17.11, 17.67, 24.98, 25.67, 11.23, 16.89]
a: [188.6, 197.46, 154.56, 131.22, 49.22, 129.04, 162.12, 129.64, 42.07, 194.12, 30.54, 50.0, 185.61, 183.29]
d: [5.53, 4.08, 3.5, 3.5, 4.05, 5.02, 5.24, 4.64, 4.37, 3.73, 5.31, 3.82, 3.5, 2.0]
BEST_hyper_parameter
v: [33.57, 16.2, 16.05, 29.08, 34.9, 32.3, 24.39, 20.51, 32.32, 12.94, 28.21, 33.07, 11.23, 24.95]
a: [188.6, 197.46, 154.56, 131.22, 49.22, 129.04, 115.77, 129.64, 42.07, 28.14, 52.11, 50.0, 185.61, 109.13]
d: [5.53, 4.08, 3.5, 3.5, 4.05, 5.02, 3.58, 4.64, 4.37, 3.73, 5.4, 3.5, 3.5, 2.0]
mutation at idx = 0

iteration: 39
best: [5.66, 7.09, 9.24, 11.22, 14.14, 16.87, 25.55, 32.01, 34.38, 37.49, 39.08, 41.26, 43.48, 44.6]
time: [6.11, 7.71, 10.97, 14.89, 20.52, 23.72, 33.98, 37.02, 1000, 1000, 1000, 1000, 1000, 1000]
current_hyper_parameter
v: [13.4, 16.2, 25.16, 11.14, 24.75, 25.08, 21.87, 27.14, 32.32, 14.99, 30.85, 26.89, 11.23, 20.69]
a: [110.94, 197.46, 43.31, 33.28, 120.34, 129.04, 115.77, 81.57, 42.07, 164.6, 97.51, 50.0, 185.61, 122.52]
d: [5.53, 4.08, 5.67, 3.5, 4.05, 4.32, 5.23, 4.16, 4.37, 4.23, 5.4, 3.5, 3.5, 2.0]
BEST_hyper_parameter
v: [33.57, 16.2, 16.05, 29.08, 34.9, 32.3, 24.39, 20.51, 32.32, 12.94, 28.21, 33.07, 11.23, 24.95]
a: [188.6, 197.46, 154.56, 131.22, 49.22, 129.04, 115.77, 129.64, 42.07, 28.14, 52.11, 50.0, 185.61, 109.13]
d: [5.53, 4.08, 3.5, 3.5, 4.05, 5.02, 3.58, 4.64, 4.37, 3.73, 5.4, 3.5, 3.5, 2.0]

iteration: 40
best: [5.66, 7.09, 9.24, 11.22, 14.14, 16.87, 25.55, 32.01, 34.38, 37.49, 39.08, 41.26, 43.48, 44.6]
time: [5.81, 7.03, 9.4, 11.74, 1000, 1000, 1000, 1000, 1000, 1000, 1000, 1000, 1000, 1000]
current_hyper_parameter
v: [20.01, 29.53, 22.99, 18.04, 21.85, 19.58, 24.79, 28.05, 32.32, 25.29, 29.35, 33.07, 22.45, 28.97]
a: [121.83, 197.46, 154.56, 131.22, 161.97, 129.04, 65.56, 53.17, 42.07, 28.14, 152.97, 50.0, 103.16, 138.35]
d: [5.53, 4.08, 5.77, 3.94, 4.05, 5.02, 3.58, 4.64, 4.37, 3.73, 5.4, 3.5, 3.5, 2.0]
BEST_hyper_parameter
v: [33.57, 16.2, 16.05, 29.08, 34.9, 32.3, 24.39, 20.51, 32.32, 12.94, 28.21, 33.07, 11.23, 24.95]
a: [188.6, 197.46, 154.56, 131.22, 49.22, 129.04, 115.77, 129.64, 42.07, 28.14, 52.11, 50.0, 185.61, 109.13]
d: [5.53, 4.08, 3.5, 3.5, 4.05, 5.02, 3.58, 4.64, 4.37, 3.73, 5.4, 3.5, 3.5, 2.0]

iteration: 41
best: [5.66, 7.09, 9.24, 11.22, 14.14, 16.87, 25.55, 32.01, 34.38, 37.49, 39.08, 41.26, 43.48, 44.6]
time: [5.67, 7.13, 10.03, 12.25, 19.66, 23.26, 34.2, 36.93, 38.02, 1000, 1000, 1000, 1000, 1000]
current_hyper_parameter
v: [33.57, 16.2, 16.05, 29.08, 26.8, 24.18, 24.39, 20.51, 31.23, 12.94, 28.21, 21.29, 12.52, 33.27]
a: [188.6, 197.46, 154.56, 131.22, 27.42, 63.35, 115.77, 129.64, 134.1, 28.14, 52.11, 50.0, 189.2, 109.13]
d: [5.53, 4.08, 3.5, 3.5, 4.05, 3.52, 3.58, 4.64, 4.09, 3.73, 5.4, 5.1, 5.15, 2.0]
BEST_hyper_parameter
v: [33.57, 16.2, 16.05, 29.08, 34.9, 32.3, 24.39, 20.51, 32.32, 12.94, 28.21, 33.07, 11.23, 24.95]
a: [188.6, 197.46, 154.56, 131.22, 49.22, 129.04, 115.77, 129.64, 42.07, 28.14, 52.11, 50.0, 185.61, 109.13]
d: [5.53, 4.08, 3.5, 3.5, 4.05, 5.02, 3.58, 4.64, 4.37, 3.73, 5.4, 3.5, 3.5, 2.0]
mutation at idx = 0

iteration: 42
best: [5.66, 7.09, 9.24, 11.22, 14.14, 16.87, 25.55, 32.01, 34.38, 37.49, 39.08, 41.26, 43.48, 44.6]
time: [5.89, 7.44, 9.74, 15.24, 1000, 1000, 1000, 1000, 1000, 1000, 1000, 1000, 1000, 1000]
current_hyper_parameter
v: [20.52, 16.2, 31.61, 27.44, 32.23, 32.91, 27.9, 17.56, 30.74, 26.7, 28.21, 17.07, 11.31, 25.0]
a: [108.99, 197.46, 154.56, 91.6, 24.22, 192.51, 20.72, 193.93, 42.07, 196.39, 52.11, 56.52, 185.61, 191.42]
d: [5.7, 4.08, 3.5, 3.5, 3.67, 5.02, 3.58, 4.64, 4.32, 4.69, 5.4, 3.5, 4.86, 2.0]
BEST_hyper_parameter
v: [33.57, 16.2, 16.05, 29.08, 34.9, 32.3, 24.39, 20.51, 32.32, 12.94, 28.21, 33.07, 11.23, 24.95]
a: [188.6, 197.46, 154.56, 131.22, 49.22, 129.04, 115.77, 129.64, 42.07, 28.14, 52.11, 50.0, 185.61, 109.13]
d: [5.53, 4.08, 3.5, 3.5, 4.05, 5.02, 3.58, 4.64, 4.37, 3.73, 5.4, 3.5, 3.5, 2.0]

iteration: 43
best: [5.66, 7.09, 9.24, 11.22, 14.14, 16.87, 25.55, 32.01, 34.38, 37.49, 39.08, 41.26, 43.48, 44.6]
time: [5.68, 7.06, 9.41, 15.29, 19.9, 22.47, 33.16, 35.8, 1000, 1000, 1000, 1000, 1000, 1000]
current_hyper_parameter
v: [33.57, 17.82, 22.52, 29.08, 28.15, 32.3, 19.25, 19.65, 32.32, 12.94, 24.39, 33.07, 11.23, 24.95]
a: [188.6, 197.46, 170.47, 131.22, 50.0, 129.04, 193.73, 182.59, 42.07, 28.14, 31.61, 50.0, 185.61, 109.13]
d: [5.53, 4.08, 3.5, 3.5, 5.8, 5.02, 3.58, 4.64, 4.37, 3.73, 5.4, 3.5, 3.5, 2.0]
BEST_hyper_parameter
v: [33.57, 16.2, 16.05, 29.08, 34.9, 32.3, 24.39, 20.51, 32.32, 12.94, 28.21, 33.07, 11.23, 24.95]
a: [188.6, 197.46, 154.56, 131.22, 49.22, 129.04, 115.77, 129.64, 42.07, 28.14, 52.11, 50.0, 185.61, 109.13]
d: [5.53, 4.08, 3.5, 3.5, 4.05, 5.02, 3.58, 4.64, 4.37, 3.73, 5.4, 3.5, 3.5, 2.0]

iteration: 44
best: [5.66, 7.09, 9.24, 11.22, 14.14, 16.87, 25.55, 32.01, 34.38, 37.49, 39.08, 41.26, 43.48, 44.6]
time: [5.67, 7.12, 9.85, 12.18, 18.61, 1000, 1000, 1000, 1000, 1000, 1000, 1000, 1000, 1000]
current_hyper_parameter
v: [33.57, 16.2, 16.05, 29.08, 14.43, 19.32, 13.18, 13.47, 14.99, 12.94, 24.17, 18.38, 22.96, 33.03]
a: [188.6, 197.46, 154.56, 131.22, 40.83, 129.04, 115.77, 129.64, 42.07, 28.14, 52.11, 50.0, 64.75, 82.34]
d: [5.53, 4.08, 3.5, 3.5, 4.45, 5.02, 4.83, 5.47, 4.45, 3.73, 5.93, 3.5, 3.5, 2.0]
BEST_hyper_parameter
v: [33.57, 16.2, 16.05, 29.08, 34.9, 32.3, 24.39, 20.51, 32.32, 12.94, 28.21, 33.07, 11.23, 24.95]
a: [188.6, 197.46, 154.56, 131.22, 49.22, 129.04, 115.77, 129.64, 42.07, 28.14, 52.11, 50.0, 185.61, 109.13]
d: [5.53, 4.08, 3.5, 3.5, 4.05, 5.02, 3.58, 4.64, 4.37, 3.73, 5.4, 3.5, 3.5, 2.0]

iteration: 45
best: [5.66, 7.09, 9.24, 11.22, 14.14, 16.87, 25.55, 32.01, 34.38, 37.49, 39.08, 41.26, 43.48, 44.6]
time: [5.65, 7.09, 9.78, 1000, 1000, 1000, 1000, 1000, 1000, 1000, 1000, 1000, 1000, 1000]
current_hyper_parameter
v: [33.57, 16.2, 25.93, 29.08, 13.69, 14.23, 22.88, 27.35, 27.52, 15.45, 28.99, 12.25, 10.66, 23.64]
a: [188.6, 197.46, 75.74, 131.22, 30.69, 129.04, 151.49, 99.78, 25.64, 28.14, 67.35, 50.0, 53.26, 109.13]
d: [5.53, 4.08, 3.5, 3.5, 5.41, 4.82, 3.76, 4.64, 3.75, 3.73, 4.89, 3.5, 5.76, 2.0]
BEST_hyper_parameter
v: [33.57, 16.2, 16.05, 29.08, 34.9, 32.3, 24.39, 20.51, 32.32, 12.94, 28.21, 33.07, 11.23, 24.95]
a: [188.6, 197.46, 154.56, 131.22, 49.22, 129.04, 115.77, 129.64, 42.07, 28.14, 52.11, 50.0, 185.61, 109.13]
d: [5.53, 4.08, 3.5, 3.5, 4.05, 5.02, 3.58, 4.64, 4.37, 3.73, 5.4, 3.5, 3.5, 2.0]

iteration: 46
best: [5.66, 7.09, 9.24, 11.22, 14.14, 16.87, 25.55, 32.01, 34.38, 37.49, 39.08, 41.26, 43.48, 44.6]
time: [5.65, 7.14, 9.81, 12.15, 15.02, 18.62, 26.69, 1000, 1000, 1000, 1000, 1000, 1000, 1000]
current_hyper_parameter
v: [33.57, 16.2, 19.58, 29.08, 16.29, 15.44, 32.39, 25.34, 15.82, 11.03, 28.21, 23.97, 14.62, 16.14]
a: [188.6, 197.46, 154.56, 131.22, 108.18, 142.49, 185.94, 129.64, 80.71, 28.14, 52.11, 80.28, 169.49, 109.13]
d: [5.53, 4.08, 4.09, 3.5, 4.05, 5.02, 3.64, 4.52, 4.29, 4.33, 5.4, 4.43, 3.5, 2.0]
BEST_hyper_parameter
v: [33.57, 16.2, 16.05, 29.08, 34.9, 32.3, 24.39, 20.51, 32.32, 12.94, 28.21, 33.07, 11.23, 24.95]
a: [188.6, 197.46, 154.56, 131.22, 49.22, 129.04, 115.77, 129.64, 42.07, 28.14, 52.11, 50.0, 185.61, 109.13]
d: [5.53, 4.08, 3.5, 3.5, 4.05, 5.02, 3.58, 4.64, 4.37, 3.73, 5.4, 3.5, 3.5, 2.0]

iteration: 47
best: [5.66, 7.09, 9.24, 11.22, 14.14, 16.87, 25.55, 32.01, 34.38, 37.49, 39.08, 41.26, 43.48, 44.6]
time: [5.67, 7.16, 9.61, 11.89, 15.01, 18.27, 33.09, 35.95, 44.7, 1000, 1000, 1000, 1000, 1000]
current_hyper_parameter
v: [33.57, 16.2, 32.68, 29.08, 19.87, 18.96, 14.95, 21.77, 30.79, 29.62, 28.21, 33.07, 32.33, 22.1]
a: [188.6, 197.46, 154.56, 131.22, 49.22, 89.41, 58.03, 113.65, 101.59, 28.14, 52.11, 50.0, 115.3, 109.13]
d: [5.53, 4.08, 3.58, 3.5, 4.05, 5.06, 5.94, 4.64, 4.18, 3.76, 5.4, 3.5, 4.13, 2.0]
BEST_hyper_parameter
v: [33.57, 16.2, 16.05, 29.08, 34.9, 32.3, 24.39, 20.51, 32.32, 12.94, 28.21, 33.07, 11.23, 24.95]
a: [188.6, 197.46, 154.56, 131.22, 49.22, 129.04, 115.77, 129.64, 42.07, 28.14, 52.11, 50.0, 185.61, 109.13]
d: [5.53, 4.08, 3.5, 3.5, 4.05, 5.02, 3.58, 4.64, 4.37, 3.73, 5.4, 3.5, 3.5, 2.0]

iteration: 48
best: [5.66, 7.09, 9.24, 11.22, 14.14, 16.87, 25.55, 32.01, 34.38, 37.49, 39.08, 41.26, 43.48, 44.6]
time: [5.67, 7.1, 10.27, 16.67, 23.38, 43.78, 1000, 1000, 1000, 1000, 1000, 1000, 1000, 1000]
current_hyper_parameter
v: [33.57, 16.2, 24.47, 11.84, 34.9, 11.48, 33.38, 32.6, 21.53, 22.95, 30.46, 20.98, 17.17, 24.07]
a: [188.6, 197.46, 35.96, 131.22, 49.22, 129.04, 115.77, 180.08, 69.68, 167.73, 80.24, 193.35, 151.13, 109.13]
d: [5.53, 4.08, 3.5, 4.43, 4.05, 5.54, 5.4, 4.64, 4.37, 3.73, 5.84, 4.29, 4.72, 2.0]
BEST_hyper_parameter
v: [33.57, 16.2, 16.05, 29.08, 34.9, 32.3, 24.39, 20.51, 32.32, 12.94, 28.21, 33.07, 11.23, 24.95]
a: [188.6, 197.46, 154.56, 131.22, 49.22, 129.04, 115.77, 129.64, 42.07, 28.14, 52.11, 50.0, 185.61, 109.13]
d: [5.53, 4.08, 3.5, 3.5, 4.05, 5.02, 3.58, 4.64, 4.37, 3.73, 5.4, 3.5, 3.5, 2.0]

iteration: 49
best: [5.66, 7.09, 9.24, 11.22, 14.14, 16.87, 25.55, 32.01, 34.38, 37.49, 39.08, 41.26, 43.48, 44.6]
time: [5.65, 7.08, 10.12, 16.69, 32.38, 1000, 1000, 1000, 1000, 1000, 1000, 1000, 1000, 1000]
current_hyper_parameter
v: [33.57, 16.2, 13.08, 14.38, 23.36, 32.3, 24.39, 20.51, 32.32, 12.94, 22.77, 31.06, 11.23, 24.95]
a: [188.6, 197.46, 98.51, 131.22, 49.22, 129.04, 115.77, 129.64, 42.07, 28.14, 101.48, 90.77, 185.61, 109.13]
d: [5.53, 4.08, 3.5, 3.5, 4.36, 5.02, 3.58, 4.64, 4.37, 3.73, 5.06, 3.5, 3.5, 2.0]
BEST_hyper_parameter
v: [33.57, 16.2, 16.05, 29.08, 34.9, 32.3, 24.39, 20.51, 32.32, 12.94, 28.21, 33.07, 11.23, 24.95]
a: [188.6, 197.46, 154.56, 131.22, 49.22, 129.04, 115.77, 129.64, 42.07, 28.14, 52.11, 50.0, 185.61, 109.13]
d: [5.53, 4.08, 3.5, 3.5, 4.05, 5.02, 3.58, 4.64, 4.37, 3.73, 5.4, 3.5, 3.5, 2.0]
mutation at idx = 0

iteration: 50
best: [5.66, 7.09, 9.24, 11.22, 14.14, 16.87, 25.55, 32.01, 34.38, 37.49, 39.08, 41.26, 43.48, 44.6]
time: [5.7, 7.13, 9.67, 24.33, 1000, 1000, 1000, 1000, 1000, 1000, 1000, 1000, 1000, 1000]
current_hyper_parameter
v: [26.09, 16.2, 23.58, 11.79, 10.84, 30.27, 14.12, 20.51, 32.32, 18.22, 28.21, 33.07, 34.39, 19.48]
a: [188.6, 197.46, 172.36, 29.08, 26.37, 166.26, 116.78, 129.64, 42.07, 158.22, 52.11, 50.0, 185.61, 137.73]
d: [5.14, 4.08, 5.91, 3.5, 5.45, 5.02, 3.59, 4.64, 4.37, 5.94, 5.4, 3.5, 3.5, 2.0]
BEST_hyper_parameter
v: [33.57, 16.2, 16.05, 29.08, 34.9, 32.3, 24.39, 20.51, 32.32, 12.94, 28.21, 33.07, 11.23, 24.95]
a: [188.6, 197.46, 154.56, 131.22, 49.22, 129.04, 115.77, 129.64, 42.07, 28.14, 52.11, 50.0, 185.61, 109.13]
d: [5.53, 4.08, 3.5, 3.5, 4.05, 5.02, 3.58, 4.64, 4.37, 3.73, 5.4, 3.5, 3.5, 2.0]
mutation at idx = 1

iteration: 51
best: [5.66, 7.09, 9.24, 11.22, 14.14, 16.87, 25.55, 32.01, 34.38, 37.49, 39.08, 41.26, 43.48, 44.6]
time: [5.66, 6.95, 9.65, 15.5, 22.79, 28.35, 38.13, 41.99, 43.48, 1000, 1000, 1000, 1000, 1000]
current_hyper_parameter
v: [33.57, 30.78, 15.7, 13.53, 27.53, 31.58, 25.18, 11.91, 23.15, 29.02, 23.06, 22.78, 13.55, 17.68]
a: [188.6, 105.04, 123.04, 131.22, 66.73, 129.04, 115.77, 134.25, 178.48, 46.27, 73.56, 50.0, 185.61, 109.13]
d: [5.53, 5.33, 5.43, 3.5, 4.94, 5.25, 4.21, 5.15, 4.37, 3.73, 4.58, 4.32, 4.45, 2.0]
BEST_hyper_parameter
v: [33.57, 16.2, 16.05, 29.08, 34.9, 32.3, 24.39, 20.51, 32.32, 12.94, 28.21, 33.07, 11.23, 24.95]
a: [188.6, 197.46, 154.56, 131.22, 49.22, 129.04, 115.77, 129.64, 42.07, 28.14, 52.11, 50.0, 185.61, 109.13]
d: [5.53, 4.08, 3.5, 3.5, 4.05, 5.02, 3.58, 4.64, 4.37, 3.73, 5.4, 3.5, 3.5, 2.0]

iteration: 52
best: [5.66, 7.09, 9.24, 11.22, 14.14, 16.87, 25.55, 32.01, 34.38, 37.49, 39.08, 41.26, 43.48, 44.6]
time: [5.79, 7.37, 15.8, 18.41, 23.72, 27.02, 36.14, 38.96, 44.33, 1000, 1000, 1000, 1000, 1000]
current_hyper_parameter
v: [33.57, 16.2, 33.35, 29.08, 23.61, 32.3, 31.62, 25.92, 17.93, 12.94, 28.21, 16.57, 20.19, 11.44]
a: [188.6, 197.46, 23.21, 131.22, 168.13, 129.04, 115.77, 148.22, 176.32, 28.14, 52.11, 50.0, 76.07, 77.68]
d: [5.53, 4.08, 3.5, 3.5, 4.05, 5.02, 5.57, 4.64, 4.37, 3.73, 5.4, 3.5, 3.5, 2.0]
BEST_hyper_parameter
v: [33.57, 16.2, 16.05, 29.08, 34.9, 32.3, 24.39, 20.51, 32.32, 12.94, 28.21, 33.07, 11.23, 24.95]
a: [188.6, 197.46, 154.56, 131.22, 49.22, 129.04, 115.77, 129.64, 42.07, 28.14, 52.11, 50.0, 185.61, 109.13]
d: [5.53, 4.08, 3.5, 3.5, 4.05, 5.02, 3.58, 4.64, 4.37, 3.73, 5.4, 3.5, 3.5, 2.0]

iteration: 53
best: [5.66, 7.09, 9.24, 11.22, 14.14, 16.87, 25.55, 32.01, 34.38, 37.49, 39.08, 41.26, 43.48, 44.6]
time: [5.77, 7.12, 9.94, 12.28, 18.98, 21.89, 40.31, 44.99, 1000, 1000, 1000, 1000, 1000, 1000]
current_hyper_parameter
v: [33.57, 24.74, 13.08, 29.08, 11.12, 20.99, 15.76, 25.21, 12.9, 12.94, 17.49, 18.99, 11.23, 24.95]
a: [188.6, 197.46, 154.56, 131.22, 49.22, 156.78, 115.77, 42.21, 34.4, 28.14, 52.11, 115.98, 185.61, 109.13]
d: [5.53, 4.94, 3.78, 3.5, 5.5, 5.02, 3.58, 5.17, 4.37, 3.73, 5.4, 3.5, 3.5, 2.0]
BEST_hyper_parameter
v: [33.57, 16.2, 16.05, 29.08, 34.9, 32.3, 24.39, 20.51, 32.32, 12.94, 28.21, 33.07, 11.23, 24.95]
a: [188.6, 197.46, 154.56, 131.22, 49.22, 129.04, 115.77, 129.64, 42.07, 28.14, 52.11, 50.0, 185.61, 109.13]
d: [5.53, 4.08, 3.5, 3.5, 4.05, 5.02, 3.58, 4.64, 4.37, 3.73, 5.4, 3.5, 3.5, 2.0]

iteration: 54
best: [5.66, 7.09, 9.24, 11.22, 14.14, 16.87, 25.55, 32.01, 34.38, 37.49, 39.08, 41.26, 43.48, 44.6]
time: [5.8, 7.36, 9.78, 12.24, 1000, 1000, 1000, 1000, 1000, 1000, 1000, 1000, 1000, 1000]
current_hyper_parameter
v: [33.57, 16.2, 30.1, 24.52, 13.29, 13.49, 26.06, 33.06, 30.46, 12.94, 21.37, 27.28, 11.57, 24.95]
a: [188.6, 197.46, 197.57, 73.12, 49.22, 150.13, 115.77, 93.73, 118.96, 28.14, 20.11, 50.0, 182.45, 109.13]
d: [5.53, 4.08, 3.5, 5.94, 5.29, 4.14, 5.36, 4.64, 4.52, 3.73, 4.06, 5.84, 3.69, 2.0]
BEST_hyper_parameter
v: [33.57, 16.2, 16.05, 29.08, 34.9, 32.3, 24.39, 20.51, 32.32, 12.94, 28.21, 33.07, 11.23, 24.95]
a: [188.6, 197.46, 154.56, 131.22, 49.22, 129.04, 115.77, 129.64, 42.07, 28.14, 52.11, 50.0, 185.61, 109.13]
d: [5.53, 4.08, 3.5, 3.5, 4.05, 5.02, 3.58, 4.64, 4.37, 3.73, 5.4, 3.5, 3.5, 2.0]

iteration: 55
best: [5.66, 7.09, 9.24, 11.22, 14.14, 16.87, 25.55, 32.01, 34.38, 37.49, 39.08, 41.26, 43.48, 44.6]
time: [5.91, 7.47, 11.46, 16.89, 25.02, 27.81, 38.47, 42.58, 1000, 1000, 1000, 1000, 1000, 1000]
current_hyper_parameter
v: [33.57, 16.2, 16.48, 29.08, 24.3, 17.79, 30.89, 23.83, 32.32, 23.64, 28.21, 33.07, 15.89, 30.73]
a: [188.6, 197.46, 44.44, 131.22, 49.22, 129.04, 76.07, 51.43, 42.07, 28.14, 52.11, 50.0, 41.97, 82.39]
d: [5.53, 4.08, 5.07, 3.5, 4.05, 5.46, 4.01, 4.64, 4.37, 3.73, 5.4, 3.5, 3.5, 2.0]
BEST_hyper_parameter
v: [33.57, 16.2, 16.05, 29.08, 34.9, 32.3, 24.39, 20.51, 32.32, 12.94, 28.21, 33.07, 11.23, 24.95]
a: [188.6, 197.46, 154.56, 131.22, 49.22, 129.04, 115.77, 129.64, 42.07, 28.14, 52.11, 50.0, 185.61, 109.13]
d: [5.53, 4.08, 3.5, 3.5, 4.05, 5.02, 3.58, 4.64, 4.37, 3.73, 5.4, 3.5, 3.5, 2.0]

iteration: 56
best: [5.66, 7.09, 9.24, 11.22, 14.14, 16.87, 25.55, 32.01, 34.38, 37.49, 39.08, 41.26, 43.48, 44.6]
time: [5.83, 7.71, 9.98, 12.24, 1000, 1000, 1000, 1000, 1000, 1000, 1000, 1000, 1000, 1000]
current_hyper_parameter
v: [33.57, 10.81, 30.62, 15.15, 11.56, 27.88, 30.26, 25.98, 28.06, 30.55, 32.78, 19.19, 24.1, 24.95]
a: [188.6, 197.46, 181.67, 131.22, 41.04, 86.54, 87.87, 129.64, 82.2, 107.65, 117.89, 173.76, 185.61, 109.13]
d: [5.53, 4.08, 3.5, 3.5, 5.65, 5.02, 3.58, 4.64, 5.56, 4.36, 5.4, 3.5, 4.71, 2.0]
BEST_hyper_parameter
v: [33.57, 16.2, 16.05, 29.08, 34.9, 32.3, 24.39, 20.51, 32.32, 12.94, 28.21, 33.07, 11.23, 24.95]
a: [188.6, 197.46, 154.56, 131.22, 49.22, 129.04, 115.77, 129.64, 42.07, 28.14, 52.11, 50.0, 185.61, 109.13]
d: [5.53, 4.08, 3.5, 3.5, 4.05, 5.02, 3.58, 4.64, 4.37, 3.73, 5.4, 3.5, 3.5, 2.0]

iteration: 57
best: [5.66, 7.09, 9.24, 11.22, 14.14, 16.87, 25.55, 32.01, 34.38, 37.49, 39.08, 41.26, 43.48, 44.6]
time: [5.79, 7.29, 10.03, 12.11, 1000, 1000, 1000, 1000, 1000, 1000, 1000, 1000, 1000, 1000]
current_hyper_parameter
v: [33.57, 21.38, 22.17, 28.76, 34.98, 15.92, 33.38, 18.32, 32.32, 12.94, 33.55, 31.21, 33.82, 29.8]
a: [188.6, 142.63, 154.56, 131.22, 119.49, 136.09, 61.78, 159.31, 42.07, 28.14, 46.63, 64.93, 185.61, 109.13]
d: [5.53, 4.68, 4.25, 3.77, 5.26, 5.02, 3.58, 4.64, 4.37, 3.73, 5.46, 4.71, 3.5, 2.0]
BEST_hyper_parameter
v: [33.57, 16.2, 16.05, 29.08, 34.9, 32.3, 24.39, 20.51, 32.32, 12.94, 28.21, 33.07, 11.23, 24.95]
a: [188.6, 197.46, 154.56, 131.22, 49.22, 129.04, 115.77, 129.64, 42.07, 28.14, 52.11, 50.0, 185.61, 109.13]
d: [5.53, 4.08, 3.5, 3.5, 4.05, 5.02, 3.58, 4.64, 4.37, 3.73, 5.4, 3.5, 3.5, 2.0]

iteration: 58
best: [5.66, 7.09, 9.24, 11.22, 14.14, 16.87, 25.55, 32.01, 34.38, 37.49, 39.08, 41.26, 43.48, 44.6]
time: [5.8, 7.37, 10.41, 12.7, 16.38, 18.74, 41.07, 1000, 1000, 1000, 1000, 1000, 1000, 1000]
current_hyper_parameter
v: [33.57, 16.2, 16.89, 29.08, 14.63, 32.3, 11.61, 23.52, 32.32, 14.29, 20.45, 11.33, 29.02, 20.75]
a: [188.6, 197.46, 154.56, 131.22, 53.64, 129.04, 115.77, 187.11, 42.07, 85.99, 159.05, 50.0, 114.99, 193.62]
d: [5.53, 4.08, 3.5, 3.5, 4.05, 5.02, 3.58, 5.67, 4.37, 3.73, 5.4, 3.5, 3.5, 2.0]
BEST_hyper_parameter
v: [33.57, 16.2, 16.05, 29.08, 34.9, 32.3, 24.39, 20.51, 32.32, 12.94, 28.21, 33.07, 11.23, 24.95]
a: [188.6, 197.46, 154.56, 131.22, 49.22, 129.04, 115.77, 129.64, 42.07, 28.14, 52.11, 50.0, 185.61, 109.13]
d: [5.53, 4.08, 3.5, 3.5, 4.05, 5.02, 3.58, 4.64, 4.37, 3.73, 5.4, 3.5, 3.5, 2.0]

iteration: 59
best: [5.66, 7.09, 9.24, 11.22, 14.14, 16.87, 25.55, 32.01, 34.38, 37.49, 39.08, 41.26, 43.48, 44.6]
time: [5.8, 7.37, 10.48, 12.79, 19.34, 1000, 1000, 1000, 1000, 1000, 1000, 1000, 1000, 1000]
current_hyper_parameter
v: [33.57, 16.2, 16.05, 24.92, 33.75, 25.01, 24.39, 20.51, 34.4, 31.45, 29.13, 30.44, 31.74, 20.89]
a: [188.6, 197.46, 154.56, 130.14, 49.22, 20.04, 115.77, 129.64, 42.07, 34.64, 186.72, 60.42, 76.79, 114.1]
d: [5.53, 4.08, 3.5, 3.5, 5.48, 4.7, 3.58, 4.64, 4.37, 5.84, 4.24, 3.97, 3.5, 2.0]
BEST_hyper_parameter
v: [33.57, 16.2, 16.05, 29.08, 34.9, 32.3, 24.39, 20.51, 32.32, 12.94, 28.21, 33.07, 11.23, 24.95]
a: [188.6, 197.46, 154.56, 131.22, 49.22, 129.04, 115.77, 129.64, 42.07, 28.14, 52.11, 50.0, 185.61, 109.13]
d: [5.53, 4.08, 3.5, 3.5, 4.05, 5.02, 3.58, 4.64, 4.37, 3.73, 5.4, 3.5, 3.5, 2.0]

iteration: 60
best: [5.66, 7.09, 9.24, 11.22, 14.14, 16.87, 25.55, 32.01, 34.38, 37.49, 39.08, 41.26, 43.48, 44.6]
time: [5.79, 7.17, 9.97, 1000, 1000, 1000, 1000, 1000, 1000, 1000, 1000, 1000, 1000, 1000]
current_hyper_parameter
v: [33.57, 25.18, 25.66, 31.96, 27.1, 15.13, 13.4, 20.51, 22.07, 34.96, 28.21, 22.64, 30.45, 34.31]
a: [188.6, 182.97, 123.39, 131.22, 178.74, 129.04, 159.97, 129.64, 117.97, 58.54, 52.11, 50.0, 190.88, 109.13]
d: [5.53, 4.08, 5.59, 3.5, 4.05, 5.02, 3.58, 4.64, 4.59, 3.73, 5.4, 3.5, 5.28, 2.0]
BEST_hyper_parameter
v: [33.57, 16.2, 16.05, 29.08, 34.9, 32.3, 24.39, 20.51, 32.32, 12.94, 28.21, 33.07, 11.23, 24.95]
a: [188.6, 197.46, 154.56, 131.22, 49.22, 129.04, 115.77, 129.64, 42.07, 28.14, 52.11, 50.0, 185.61, 109.13]
d: [5.53, 4.08, 3.5, 3.5, 4.05, 5.02, 3.58, 4.64, 4.37, 3.73, 5.4, 3.5, 3.5, 2.0]

iteration: 61
best: [5.66, 7.09, 9.24, 11.22, 14.14, 16.87, 25.55, 32.01, 34.38, 37.49, 39.08, 41.26, 43.48, 44.6]
time: [5.8, 7.38, 10.49, 1000, 1000, 1000, 1000, 1000, 1000, 1000, 1000, 1000, 1000, 1000]
current_hyper_parameter
v: [33.57, 16.2, 16.05, 18.92, 34.9, 32.3, 20.6, 20.51, 32.32, 13.79, 28.21, 33.03, 25.86, 24.95]
a: [188.6, 197.46, 154.56, 176.48, 49.22, 129.04, 46.12, 129.64, 42.07, 132.68, 52.11, 119.68, 35.53, 109.13]
d: [5.53, 4.08, 3.5, 5.51, 4.05, 5.02, 4.76, 4.64, 4.37, 3.73, 5.4, 5.07, 5.94, 2.0]
BEST_hyper_parameter
v: [33.57, 16.2, 16.05, 29.08, 34.9, 32.3, 24.39, 20.51, 32.32, 12.94, 28.21, 33.07, 11.23, 24.95]
a: [188.6, 197.46, 154.56, 131.22, 49.22, 129.04, 115.77, 129.64, 42.07, 28.14, 52.11, 50.0, 185.61, 109.13]
d: [5.53, 4.08, 3.5, 3.5, 4.05, 5.02, 3.58, 4.64, 4.37, 3.73, 5.4, 3.5, 3.5, 2.0]

iteration: 62
best: [5.66, 7.09, 9.24, 11.22, 14.14, 16.87, 25.55, 32.01, 34.38, 37.49, 39.08, 41.26, 43.48, 44.6]
time: [5.81, 7.47, 11.62, 1000, 1000, 1000, 1000, 1000, 1000, 1000, 1000, 1000, 1000, 1000]
current_hyper_parameter
v: [33.57, 14.48, 16.0, 22.11, 24.29, 32.3, 24.39, 11.29, 21.65, 11.11, 33.59, 33.07, 13.92, 23.79]
a: [188.6, 191.48, 38.8, 131.22, 49.22, 129.04, 115.77, 129.64, 42.07, 154.96, 176.88, 50.0, 118.43, 33.56]
d: [5.53, 4.08, 3.88, 5.81, 4.29, 5.02, 3.58, 5.53, 4.37, 5.3, 5.4, 3.5, 5.52, 2.0]
BEST_hyper_parameter
v: [33.57, 16.2, 16.05, 29.08, 34.9, 32.3, 24.39, 20.51, 32.32, 12.94, 28.21, 33.07, 11.23, 24.95]
a: [188.6, 197.46, 154.56, 131.22, 49.22, 129.04, 115.77, 129.64, 42.07, 28.14, 52.11, 50.0, 185.61, 109.13]
d: [5.53, 4.08, 3.5, 3.5, 4.05, 5.02, 3.58, 4.64, 4.37, 3.73, 5.4, 3.5, 3.5, 2.0]
mutation at idx = 0

iteration: 63
best: [5.66, 7.09, 9.24, 11.22, 14.14, 16.87, 25.55, 32.01, 34.38, 37.49, 39.08, 41.26, 43.48, 44.6]
time: [5.92, 7.39, 9.76, 11.88, 18.2, 20.78, 42.54, 1000, 1000, 1000, 1000, 1000, 1000, 1000]
current_hyper_parameter
v: [19.05, 17.95, 34.73, 29.08, 25.68, 23.47, 10.78, 33.53, 18.56, 10.69, 28.21, 33.07, 19.67, 11.92]
a: [70.49, 197.46, 154.56, 131.22, 49.22, 167.7, 84.47, 129.64, 42.07, 28.14, 52.11, 50.0, 133.71, 89.06]
d: [5.53, 5.6, 3.5, 3.5, 4.05, 5.02, 3.58, 5.48, 4.37, 3.67, 5.4, 3.5, 4.58, 2.0]
BEST_hyper_parameter
v: [33.57, 16.2, 16.05, 29.08, 34.9, 32.3, 24.39, 20.51, 32.32, 12.94, 28.21, 33.07, 11.23, 24.95]
a: [188.6, 197.46, 154.56, 131.22, 49.22, 129.04, 115.77, 129.64, 42.07, 28.14, 52.11, 50.0, 185.61, 109.13]
d: [5.53, 4.08, 3.5, 3.5, 4.05, 5.02, 3.58, 4.64, 4.37, 3.73, 5.4, 3.5, 3.5, 2.0]

iteration: 64
best: [5.66, 7.09, 9.24, 11.22, 14.14, 16.87, 25.55, 32.01, 34.38, 37.49, 39.08, 41.26, 43.48, 44.6]
time: [5.8, 7.37, 9.96, 15.54, 23.52, 25.91, 39.31, 42.46, 1000, 1000, 1000, 1000, 1000, 1000]
current_hyper_parameter
v: [33.57, 19.73, 26.21, 19.2, 34.9, 19.42, 16.39, 19.96, 17.71, 18.53, 30.75, 19.13, 33.06, 24.95]
a: [188.6, 132.28, 154.56, 73.8, 49.22, 165.61, 115.77, 129.64, 76.85, 42.18, 29.04, 47.52, 74.54, 109.13]
d: [5.53, 4.25, 3.5, 4.87, 4.05, 5.3, 3.58, 4.64, 4.66, 5.05, 5.4, 4.0, 3.5, 2.0]
BEST_hyper_parameter
v: [33.57, 16.2, 16.05, 29.08, 34.9, 32.3, 24.39, 20.51, 32.32, 12.94, 28.21, 33.07, 11.23, 24.95]
a: [188.6, 197.46, 154.56, 131.22, 49.22, 129.04, 115.77, 129.64, 42.07, 28.14, 52.11, 50.0, 185.61, 109.13]
d: [5.53, 4.08, 3.5, 3.5, 4.05, 5.02, 3.58, 4.64, 4.37, 3.73, 5.4, 3.5, 3.5, 2.0]

iteration: 65
best: [5.66, 7.09, 9.24, 11.22, 14.14, 16.87, 25.55, 32.01, 34.38, 37.49, 39.08, 41.26, 43.48, 44.6]
time: [5.81, 7.38, 1000, 1000, 1000, 1000, 1000, 1000, 1000, 1000, 1000, 1000, 1000, 1000]
current_hyper_parameter
v: [33.57, 16.2, 10.78, 22.13, 34.9, 25.84, 15.94, 18.07, 27.84, 21.7, 31.41, 34.56, 15.12, 20.46]
a: [188.6, 197.46, 36.48, 131.22, 49.22, 171.18, 109.4, 25.98, 172.54, 28.14, 52.11, 27.17, 107.73, 117.76]
d: [5.53, 4.08, 5.99, 5.8, 4.05, 5.02, 3.58, 3.57, 4.37, 3.73, 5.4, 4.18, 5.74, 2.0]
BEST_hyper_parameter
v: [33.57, 16.2, 16.05, 29.08, 34.9, 32.3, 24.39, 20.51, 32.32, 12.94, 28.21, 33.07, 11.23, 24.95]
a: [188.6, 197.46, 154.56, 131.22, 49.22, 129.04, 115.77, 129.64, 42.07, 28.14, 52.11, 50.0, 185.61, 109.13]
d: [5.53, 4.08, 3.5, 3.5, 4.05, 5.02, 3.58, 4.64, 4.37, 3.73, 5.4, 3.5, 3.5, 2.0]

iteration: 66
best: [5.66, 7.09, 9.24, 11.22, 14.14, 16.87, 25.55, 32.01, 34.38, 37.49, 39.08, 41.26, 43.48, 44.6]
time: [5.85, 8.08, 11.34, 13.75, 1000, 1000, 1000, 1000, 1000, 1000, 1000, 1000, 1000, 1000]
current_hyper_parameter
v: [33.57, 11.72, 16.05, 34.32, 16.59, 17.18, 23.58, 20.51, 16.8, 12.94, 28.21, 20.22, 22.84, 29.22]
a: [188.6, 49.58, 154.56, 115.03, 153.06, 42.45, 174.19, 129.64, 177.73, 28.14, 52.11, 50.0, 67.14, 164.25]
d: [5.53, 4.17, 3.5, 3.5, 5.74, 5.02, 4.67, 4.64, 4.2, 3.73, 5.4, 3.5, 3.69, 2.0]
BEST_hyper_parameter
v: [33.57, 16.2, 16.05, 29.08, 34.9, 32.3, 24.39, 20.51, 32.32, 12.94, 28.21, 33.07, 11.23, 24.95]
a: [188.6, 197.46, 154.56, 131.22, 49.22, 129.04, 115.77, 129.64, 42.07, 28.14, 52.11, 50.0, 185.61, 109.13]
d: [5.53, 4.08, 3.5, 3.5, 4.05, 5.02, 3.58, 4.64, 4.37, 3.73, 5.4, 3.5, 3.5, 2.0]

iteration: 67
best: [5.66, 7.09, 9.24, 11.22, 14.14, 16.87, 25.55, 32.01, 34.38, 37.49, 39.08, 41.26, 43.48, 44.6]
time: [5.81, 7.46, 10.14, 12.15, 15.8, 18.25, 28.96, 31.96, 40.42, 44.1, 1000, 1000, 1000, 1000]
current_hyper_parameter
v: [33.57, 34.25, 26.22, 29.08, 19.94, 32.3, 28.84, 18.25, 25.72, 30.19, 28.21, 16.98, 15.67, 24.95]
a: [188.6, 85.1, 123.4, 131.22, 49.22, 129.04, 56.66, 129.64, 164.62, 59.21, 52.11, 70.51, 176.05, 109.13]
d: [5.53, 4.08, 5.0, 3.5, 4.05, 5.02, 3.97, 5.24, 4.37, 3.73, 5.4, 3.5, 4.25, 2.0]
BEST_hyper_parameter
v: [33.57, 16.2, 16.05, 29.08, 34.9, 32.3, 24.39, 20.51, 32.32, 12.94, 28.21, 33.07, 11.23, 24.95]
a: [188.6, 197.46, 154.56, 131.22, 49.22, 129.04, 115.77, 129.64, 42.07, 28.14, 52.11, 50.0, 185.61, 109.13]
d: [5.53, 4.08, 3.5, 3.5, 4.05, 5.02, 3.58, 4.64, 4.37, 3.73, 5.4, 3.5, 3.5, 2.0]

iteration: 68
best: [5.66, 7.09, 9.24, 11.22, 14.14, 16.87, 25.55, 32.01, 34.38, 37.49, 39.08, 41.26, 43.48, 44.6]
time: [5.83, 7.71, 11.44, 13.96, 22.28, 27.36, 1000, 1000, 1000, 1000, 1000, 1000, 1000, 1000]
current_hyper_parameter
v: [33.57, 27.46, 14.6, 29.08, 23.08, 22.14, 16.32, 32.37, 32.48, 31.4, 13.54, 33.07, 11.23, 17.49]
a: [188.6, 65.9, 57.44, 131.22, 137.43, 42.81, 115.77, 157.59, 159.42, 148.49, 106.78, 50.0, 185.61, 109.13]
d: [5.53, 4.08, 3.5, 3.5, 4.11, 4.47, 5.0, 4.86, 4.37, 3.73, 5.4, 3.5, 3.5, 2.0]
BEST_hyper_parameter
v: [33.57, 16.2, 16.05, 29.08, 34.9, 32.3, 24.39, 20.51, 32.32, 12.94, 28.21, 33.07, 11.23, 24.95]
a: [188.6, 197.46, 154.56, 131.22, 49.22, 129.04, 115.77, 129.64, 42.07, 28.14, 52.11, 50.0, 185.61, 109.13]
d: [5.53, 4.08, 3.5, 3.5, 4.05, 5.02, 3.58, 4.64, 4.37, 3.73, 5.4, 3.5, 3.5, 2.0]

iteration: 69
best: [5.66, 7.09, 9.24, 11.22, 14.14, 16.87, 25.55, 32.01, 34.38, 37.49, 39.08, 41.26, 43.48, 44.6]
time: [5.84, 7.58, 1000, 1000, 1000, 1000, 1000, 1000, 1000, 1000, 1000, 1000, 1000, 1000]
current_hyper_parameter
v: [33.57, 13.3, 29.91, 29.08, 34.9, 10.52, 24.39, 11.13, 34.61, 11.32, 17.23, 12.8, 29.8, 24.95]
a: [188.6, 191.33, 20.99, 131.22, 49.22, 85.34, 115.77, 35.2, 105.4, 191.39, 181.55, 50.0, 185.61, 109.13]
d: [5.53, 3.76, 3.5, 3.5, 4.05, 4.22, 3.58, 4.64, 4.72, 3.73, 5.4, 3.5, 3.75, 2.0]
BEST_hyper_parameter
v: [33.57, 16.2, 16.05, 29.08, 34.9, 32.3, 24.39, 20.51, 32.32, 12.94, 28.21, 33.07, 11.23, 24.95]
a: [188.6, 197.46, 154.56, 131.22, 49.22, 129.04, 115.77, 129.64, 42.07, 28.14, 52.11, 50.0, 185.61, 109.13]
d: [5.53, 4.08, 3.5, 3.5, 4.05, 5.02, 3.58, 4.64, 4.37, 3.73, 5.4, 3.5, 3.5, 2.0]

iteration: 70
best: [5.66, 7.09, 9.24, 11.22, 14.14, 16.87, 25.55, 32.01, 34.38, 37.49, 39.08, 41.26, 43.48, 44.6]
time: [5.82, 7.48, 10.21, 13.14, 18.92, 42.86, 1000, 1000, 1000, 1000, 1000, 1000, 1000, 1000]
current_hyper_parameter
v: [33.57, 14.62, 25.69, 13.65, 15.9, 32.3, 29.04, 33.51, 32.32, 34.9, 18.47, 32.48, 11.23, 27.85]
a: [188.6, 188.25, 115.83, 131.22, 165.35, 129.04, 184.75, 129.64, 42.07, 28.14, 68.4, 58.17, 185.61, 109.13]
d: [5.53, 4.08, 4.57, 5.49, 5.81, 5.02, 3.58, 4.68, 4.37, 4.13, 5.4, 3.5, 3.5, 2.0]
BEST_hyper_parameter
v: [33.57, 16.2, 16.05, 29.08, 34.9, 32.3, 24.39, 20.51, 32.32, 12.94, 28.21, 33.07, 11.23, 24.95]
a: [188.6, 197.46, 154.56, 131.22, 49.22, 129.04, 115.77, 129.64, 42.07, 28.14, 52.11, 50.0, 185.61, 109.13]
d: [5.53, 4.08, 3.5, 3.5, 4.05, 5.02, 3.58, 4.64, 4.37, 3.73, 5.4, 3.5, 3.5, 2.0]

iteration: 71
best: [5.66, 7.09, 9.24, 11.22, 14.14, 16.87, 25.55, 32.01, 34.38, 37.49, 39.08, 41.26, 43.48, 44.6]
time: [5.83, 7.17, 9.79, 12.71, 15.45, 18.51, 36.73, 50.07, 1000, 1000, 1000, 1000, 1000, 1000]
current_hyper_parameter
v: [33.57, 30.04, 16.05, 15.34, 27.26, 32.3, 14.26, 28.07, 16.22, 22.95, 12.76, 15.85, 16.44, 24.95]
a: [188.6, 167.81, 154.56, 113.36, 79.89, 129.04, 115.77, 29.91, 185.61, 111.2, 127.07, 173.0, 185.61, 109.13]
d: [5.53, 5.53, 3.5, 5.37, 4.05, 5.02, 3.58, 4.64, 4.07, 4.22, 5.4, 3.5, 4.08, 2.0]
BEST_hyper_parameter
v: [33.57, 16.2, 16.05, 29.08, 34.9, 32.3, 24.39, 20.51, 32.32, 12.94, 28.21, 33.07, 11.23, 24.95]
a: [188.6, 197.46, 154.56, 131.22, 49.22, 129.04, 115.77, 129.64, 42.07, 28.14, 52.11, 50.0, 185.61, 109.13]
d: [5.53, 4.08, 3.5, 3.5, 4.05, 5.02, 3.58, 4.64, 4.37, 3.73, 5.4, 3.5, 3.5, 2.0]

iteration: 72
best: [5.66, 7.09, 9.24, 11.22, 14.14, 16.87, 25.55, 32.01, 34.38, 37.49, 39.08, 41.26, 43.48, 44.6]
time: [5.8, 7.38, 10.34, 13.17, 19.01, 23.62, 35.05, 41.47, 1000, 1000, 1000, 1000, 1000, 1000]
current_hyper_parameter
v: [33.57, 16.2, 28.46, 14.4, 23.16, 11.88, 24.39, 26.39, 32.32, 15.67, 11.12, 27.51, 17.56, 22.91]
a: [188.6, 197.46, 94.22, 131.22, 181.69, 60.71, 115.77, 98.08, 42.07, 118.52, 52.11, 50.0, 75.9, 109.13]
d: [5.53, 4.08, 3.5, 3.5, 4.05, 5.02, 3.58, 5.76, 4.37, 5.66, 5.4, 3.5, 5.98, 2.0]
BEST_hyper_parameter
v: [33.57, 16.2, 16.05, 29.08, 34.9, 32.3, 24.39, 20.51, 32.32, 12.94, 28.21, 33.07, 11.23, 24.95]
a: [188.6, 197.46, 154.56, 131.22, 49.22, 129.04, 115.77, 129.64, 42.07, 28.14, 52.11, 50.0, 185.61, 109.13]
d: [5.53, 4.08, 3.5, 3.5, 4.05, 5.02, 3.58, 4.64, 4.37, 3.73, 5.4, 3.5, 3.5, 2.0]

iteration: 73
best: [5.66, 7.09, 9.24, 11.22, 14.14, 16.87, 25.55, 32.01, 34.38, 37.49, 39.08, 41.26, 43.48, 44.6]
time: [5.84, 7.75, 10.74, 13.3, 19.97, 22.29, 39.13, 42.51, 1000, 1000, 1000, 1000, 1000, 1000]
current_hyper_parameter
v: [33.57, 11.02, 16.05, 28.89, 19.47, 32.3, 16.21, 18.59, 19.49, 28.23, 14.83, 28.58, 22.89, 30.2]
a: [188.6, 155.04, 154.56, 112.04, 49.22, 129.04, 135.55, 123.99, 162.38, 50.12, 52.11, 50.0, 118.83, 22.68]
d: [5.53, 4.71, 3.5, 3.5, 4.05, 5.02, 3.58, 4.64, 4.37, 3.73, 5.4, 3.5, 3.5, 2.0]
BEST_hyper_parameter
v: [33.57, 16.2, 16.05, 29.08, 34.9, 32.3, 24.39, 20.51, 32.32, 12.94, 28.21, 33.07, 11.23, 24.95]
a: [188.6, 197.46, 154.56, 131.22, 49.22, 129.04, 115.77, 129.64, 42.07, 28.14, 52.11, 50.0, 185.61, 109.13]
d: [5.53, 4.08, 3.5, 3.5, 4.05, 5.02, 3.58, 4.64, 4.37, 3.73, 5.4, 3.5, 3.5, 2.0]
