
iteration: 1
best: [1000.0, 1000.0, 1000.0, 1000.0, 1000.0, 1000.0, 1000.0, 1000.0, 1000.0, 1000.0, 1000.0, 1000.0, 1000.0, 1000.0]
time: [6.56, 8.98, 13.34, 17.06, 20.91, 25.22, 45.6, 49.67, 51.88, 54.78, 56.65, 59.72, 65.44, 67.22]
current_hyper_parameter
v: [12.0, 12.0, 12.0, 12.0, 12.0, 12.0, 12.0, 12.0, 12.0, 12.0, 12.0, 12.0, 12.0, 12.0]
a: [50.0, 50.0, 50.0, 50.0, 50.0, 50.0, 50.0, 50.0, 50.0, 50.0, 50.0, 50.0, 50.0, 50.0]
d: [3.5, 3.5, 3.5, 3.5, 3.5, 3.5, 3.5, 3.5, 3.5, 3.5, 3.5, 3.5, 3.5, 2.0]
BEST_hyper_parameter
v: [12.0, 12.0, 12.0, 12.0, 12.0, 12.0, 12.0, 12.0, 12.0, 12.0, 12.0, 12.0, 12.0, 12.0]
a: [50.0, 50.0, 50.0, 50.0, 50.0, 50.0, 50.0, 50.0, 50.0, 50.0, 50.0, 50.0, 50.0, 50.0]
d: [3.5, 3.5, 3.5, 3.5, 3.5, 3.5, 3.5, 3.5, 3.5, 3.5, 3.5, 3.5, 3.5, 2.0]
WIN: random_idx_1 = 2, random_idx_2 = 5
WIN: random_idx_1 = 1, random_idx_2 = 13

iteration: 2
best: [6.56, 8.98, 13.34, 17.06, 20.91, 25.22, 45.6, 49.67, 51.88, 54.78, 56.65, 59.72, 65.44, 67.22]
time: [6.68, 9.15, 13.59, 17.51, 24.6, 28.55, 48.92, 53.03, 55.3, 58.24, 60.03, 63.12, 68.76, 1000]
current_hyper_parameter
v: [12.0, 12.0, 12.0, 12.0, 12.0, 12.0, 12.0, 12.0, 12.0, 12.0, 12.0, 12.0, 12.0, 12.0]
a: [50.0, 50.0, 50.0, 50.0, 50.0, 50.0, 50.0, 50.0, 50.0, 50.0, 50.0, 50.0, 50.0, 149.48]
d: [3.5, 3.5, 3.5, 3.5, 3.5, 3.5, 3.5, 3.5, 3.5, 3.5, 3.5, 3.5, 3.5, 2.0]
BEST_hyper_parameter
v: [12.0, 12.0, 12.0, 12.0, 12.0, 12.0, 12.0, 12.0, 12.0, 12.0, 12.0, 12.0, 12.0, 12.0]
a: [50.0, 50.0, 50.0, 50.0, 50.0, 50.0, 50.0, 50.0, 50.0, 50.0, 50.0, 50.0, 50.0, 50.0]
d: [3.5, 3.5, 3.5, 3.5, 3.5, 3.5, 3.5, 3.5, 3.5, 3.5, 3.5, 3.5, 3.5, 2.0]
LOSE: random_idx_1 = 0, random_idx_2 = 11
LOSE: random_idx_1 = 1, random_idx_2 = 7

iteration: 3
best: [6.68, 8.98, 13.34, 17.06, 20.91, 25.22, 45.6, 49.67, 51.88, 54.78, 56.65, 59.72, 65.44, 67.22]
time: [6.61, 9.09, 13.56, 17.39, 21.28, 25.58, 45.92, 49.97, 52.15, 54.72, 56.64, 59.09, 62.18, 64.12]
current_hyper_parameter
v: [12.0, 12.0, 12.0, 12.0, 12.0, 12.0, 12.0, 12.0, 12.0, 12.0, 12.0, 25.58, 12.0, 12.0]
a: [50.0, 50.0, 50.0, 50.0, 50.0, 50.0, 50.0, 53.13, 50.0, 50.0, 50.0, 50.0, 50.0, 50.0]
d: [3.5, 3.5, 3.5, 3.5, 3.5, 3.5, 3.5, 3.5, 3.5, 3.5, 3.5, 3.5, 3.5, 2.0]
BEST_hyper_parameter
v: [12.0, 12.0, 12.0, 12.0, 12.0, 12.0, 12.0, 12.0, 12.0, 12.0, 12.0, 12.0, 12.0, 12.0]
a: [50.0, 50.0, 50.0, 50.0, 50.0, 50.0, 50.0, 50.0, 50.0, 50.0, 50.0, 50.0, 50.0, 50.0]
d: [3.5, 3.5, 3.5, 3.5, 3.5, 3.5, 3.5, 3.5, 3.5, 3.5, 3.5, 3.5, 3.5, 2.0]
WIN: random_idx_1 = 0, random_idx_2 = 5
WIN: random_idx_1 = 1, random_idx_2 = 4

iteration: 4
best: [6.61, 9.09, 13.56, 17.39, 21.28, 25.58, 45.92, 49.97, 52.15, 54.72, 56.64, 59.09, 62.18, 64.12]
time: [6.63, 9.07, 13.53, 17.33, 20.61, 24.86, 44.18, 48.24, 50.46, 53.06, 54.93, 57.39, 60.48, 62.34]
current_hyper_parameter
v: [12.0, 12.0, 12.0, 12.0, 12.0, 34.61, 12.0, 12.0, 12.0, 12.0, 12.0, 25.58, 12.0, 12.0]
a: [50.0, 50.0, 50.0, 50.0, 128.37, 50.0, 50.0, 53.13, 50.0, 50.0, 50.0, 50.0, 50.0, 50.0]
d: [3.5, 3.5, 3.5, 3.5, 3.5, 3.5, 3.5, 3.5, 3.5, 3.5, 3.5, 3.5, 3.5, 2.0]
BEST_hyper_parameter
v: [12.0, 12.0, 12.0, 12.0, 12.0, 12.0, 12.0, 12.0, 12.0, 12.0, 12.0, 25.58, 12.0, 12.0]
a: [50.0, 50.0, 50.0, 50.0, 50.0, 50.0, 50.0, 53.13, 50.0, 50.0, 50.0, 50.0, 50.0, 50.0]
d: [3.5, 3.5, 3.5, 3.5, 3.5, 3.5, 3.5, 3.5, 3.5, 3.5, 3.5, 3.5, 3.5, 2.0]
WIN: random_idx_1 = 2, random_idx_2 = 5
WIN: random_idx_1 = 1, random_idx_2 = 11

iteration: 5
best: [6.63, 9.07, 13.53, 17.33, 20.61, 24.86, 44.18, 48.24, 50.46, 53.06, 54.93, 57.39, 60.48, 62.34]
time: [6.6, 9.06, 13.54, 17.39, 20.64, 24.91, 43.92, 47.93, 50.12, 53.09, 54.88, 56.87, 1000, 1000]
current_hyper_parameter
v: [12.0, 12.0, 12.0, 12.0, 12.0, 34.61, 12.0, 12.0, 12.0, 12.0, 12.0, 25.58, 12.0, 12.0]
a: [50.0, 50.0, 50.0, 50.0, 128.37, 50.0, 50.0, 53.13, 50.0, 50.0, 50.0, 118.11, 50.0, 50.0]
d: [3.5, 3.5, 3.5, 3.5, 3.5, 3.5, 3.5, 3.5, 3.5, 3.5, 3.5, 3.5, 3.5, 2.0]
BEST_hyper_parameter
v: [12.0, 12.0, 12.0, 12.0, 12.0, 34.61, 12.0, 12.0, 12.0, 12.0, 12.0, 25.58, 12.0, 12.0]
a: [50.0, 50.0, 50.0, 50.0, 128.37, 50.0, 50.0, 53.13, 50.0, 50.0, 50.0, 50.0, 50.0, 50.0]
d: [3.5, 3.5, 3.5, 3.5, 3.5, 3.5, 3.5, 3.5, 3.5, 3.5, 3.5, 3.5, 3.5, 2.0]
LOSE: random_idx_1 = 2, random_idx_2 = 13
LOSE: random_idx_1 = 0, random_idx_2 = 13

iteration: 6
best: [6.6, 9.06, 13.54, 17.39, 20.64, 24.91, 43.92, 47.93, 50.12, 53.09, 54.88, 56.87, 60.48, 62.34]
time: [6.68, 9.13, 13.55, 17.39, 20.66, 24.93, 44.14, 48.82, 51.08, 53.71, 55.56, 57.29, 60.55, 62.16]
current_hyper_parameter
v: [12.0, 12.0, 12.0, 12.0, 12.0, 34.61, 12.0, 12.0, 12.0, 12.0, 12.0, 25.58, 12.0, 29.52]
a: [50.0, 50.0, 50.0, 50.0, 128.37, 50.0, 50.0, 53.13, 50.0, 50.0, 50.0, 118.11, 50.0, 50.0]
d: [3.5, 3.5, 3.5, 3.5, 3.5, 3.5, 3.5, 3.5, 3.5, 3.5, 3.5, 3.5, 3.5, 2.0]
BEST_hyper_parameter
v: [12.0, 12.0, 12.0, 12.0, 12.0, 34.61, 12.0, 12.0, 12.0, 12.0, 12.0, 25.58, 12.0, 12.0]
a: [50.0, 50.0, 50.0, 50.0, 128.37, 50.0, 50.0, 53.13, 50.0, 50.0, 50.0, 118.11, 50.0, 50.0]
d: [3.5, 3.5, 3.5, 3.5, 3.5, 3.5, 3.5, 3.5, 3.5, 3.5, 3.5, 3.5, 3.5, 2.0]
WIN: random_idx_1 = 0, random_idx_2 = 6
WIN: random_idx_1 = 1, random_idx_2 = 4

iteration: 7
best: [6.68, 9.13, 13.55, 17.39, 20.66, 24.93, 44.14, 48.82, 51.08, 53.71, 55.56, 57.29, 60.55, 62.16]
time: [6.61, 9.07, 13.51, 17.34, 20.56, 24.87, 37.09, 40.74, 42.89, 45.46, 47.16, 49.08, 52.26, 53.93]
current_hyper_parameter
v: [12.0, 12.0, 12.0, 12.0, 12.0, 34.61, 32.82, 12.0, 12.0, 12.0, 12.0, 25.58, 12.0, 29.52]
a: [50.0, 50.0, 50.0, 50.0, 142.6, 50.0, 50.0, 53.13, 50.0, 50.0, 50.0, 118.11, 50.0, 50.0]
d: [3.5, 3.5, 3.5, 3.5, 3.5, 3.5, 3.5, 3.5, 3.5, 3.5, 3.5, 3.5, 3.5, 2.0]
BEST_hyper_parameter
v: [12.0, 12.0, 12.0, 12.0, 12.0, 34.61, 12.0, 12.0, 12.0, 12.0, 12.0, 25.58, 12.0, 29.52]
a: [50.0, 50.0, 50.0, 50.0, 128.37, 50.0, 50.0, 53.13, 50.0, 50.0, 50.0, 118.11, 50.0, 50.0]
d: [3.5, 3.5, 3.5, 3.5, 3.5, 3.5, 3.5, 3.5, 3.5, 3.5, 3.5, 3.5, 3.5, 2.0]
WIN: random_idx_1 = 2, random_idx_2 = 13
WIN: random_idx_1 = 2, random_idx_2 = 1

iteration: 8
best: [6.61, 9.07, 13.51, 17.34, 20.56, 24.87, 37.09, 40.74, 42.89, 45.46, 47.16, 49.08, 52.26, 53.93]
time: [6.61, 9.07, 13.49, 17.45, 20.74, 25.04, 36.83, 40.75, 43.0, 45.8, 47.83, 49.54, 52.72, 54.3]
current_hyper_parameter
v: [12.0, 12.0, 12.0, 12.0, 12.0, 34.61, 32.82, 12.0, 12.0, 12.0, 12.0, 25.58, 12.0, 29.52]
a: [50.0, 50.0, 50.0, 50.0, 142.6, 50.0, 50.0, 53.13, 50.0, 50.0, 50.0, 118.11, 50.0, 50.0]
d: [3.5, 3.5, 3.5, 3.5, 3.5, 3.5, 3.5, 3.5, 3.5, 3.5, 3.5, 3.5, 3.5, 2.0]
BEST_hyper_parameter
v: [12.0, 12.0, 12.0, 12.0, 12.0, 34.61, 32.82, 12.0, 12.0, 12.0, 12.0, 25.58, 12.0, 29.52]
a: [50.0, 50.0, 50.0, 50.0, 142.6, 50.0, 50.0, 53.13, 50.0, 50.0, 50.0, 118.11, 50.0, 50.0]
d: [3.5, 3.5, 3.5, 3.5, 3.5, 3.5, 3.5, 3.5, 3.5, 3.5, 3.5, 3.5, 3.5, 2.0]
LOSE: random_idx_1 = 2, random_idx_2 = 7
LOSE: random_idx_1 = 2, random_idx_2 = 0

iteration: 9
best: [6.61, 9.07, 13.51, 17.34, 20.56, 24.87, 37.09, 40.74, 42.89, 45.46, 47.16, 49.08, 52.26, 53.93]
time: [6.7, 9.16, 13.55, 17.36, 20.59, 24.93, 36.92, 40.79, 43.02, 45.9, 47.68, 49.62, 1000, 1000]
current_hyper_parameter
v: [12.0, 12.0, 12.0, 12.0, 12.0, 34.61, 32.82, 12.0, 12.0, 12.0, 12.0, 25.58, 12.0, 29.52]
a: [50.0, 50.0, 50.0, 50.0, 142.6, 50.0, 50.0, 53.13, 50.0, 50.0, 50.0, 118.11, 50.0, 50.0]
d: [3.5, 3.5, 3.5, 3.5, 3.5, 3.5, 3.5, 3.5, 3.5, 3.5, 3.5, 3.5, 3.5, 2.0]
BEST_hyper_parameter
v: [12.0, 12.0, 12.0, 12.0, 12.0, 34.61, 32.82, 12.0, 12.0, 12.0, 12.0, 25.58, 12.0, 29.52]
a: [50.0, 50.0, 50.0, 50.0, 142.6, 50.0, 50.0, 53.13, 50.0, 50.0, 50.0, 118.11, 50.0, 50.0]
d: [3.5, 3.5, 3.5, 3.5, 3.5, 3.5, 3.5, 3.5, 3.5, 3.5, 3.5, 3.5, 3.5, 2.0]
LOSE: random_idx_1 = 2, random_idx_2 = 5
LOSE: random_idx_1 = 1, random_idx_2 = 7

iteration: 10
best: [6.7, 9.07, 13.51, 17.34, 20.56, 24.87, 37.09, 40.74, 42.89, 45.46, 47.16, 49.08, 52.26, 53.93]
time: [6.72, 9.18, 13.57, 17.36, 20.58, 24.93, 37.1, 40.57, 42.55, 45.46, 47.52, 49.16, 52.49, 54.32]
current_hyper_parameter
v: [12.0, 12.0, 12.0, 12.0, 12.0, 34.61, 32.82, 12.0, 12.0, 12.0, 12.0, 25.58, 12.0, 29.52]
a: [50.0, 50.0, 50.0, 50.0, 142.6, 50.0, 50.0, 122.97, 50.0, 50.0, 50.0, 118.11, 50.0, 50.0]
d: [3.5, 3.5, 3.5, 3.5, 3.5, 3.5, 3.5, 3.5, 3.5, 3.5, 3.5, 3.5, 3.5, 2.0]
BEST_hyper_parameter
v: [12.0, 12.0, 12.0, 12.0, 12.0, 34.61, 32.82, 12.0, 12.0, 12.0, 12.0, 25.58, 12.0, 29.52]
a: [50.0, 50.0, 50.0, 50.0, 142.6, 50.0, 50.0, 53.13, 50.0, 50.0, 50.0, 118.11, 50.0, 50.0]
d: [3.5, 3.5, 3.5, 3.5, 3.5, 3.5, 3.5, 3.5, 3.5, 3.5, 3.5, 3.5, 3.5, 2.0]
LOSE: random_idx_1 = 2, random_idx_2 = 5
LOSE: random_idx_1 = 1, random_idx_2 = 10

iteration: 11
best: [6.72, 9.07, 13.51, 17.34, 20.56, 24.87, 37.09, 40.74, 42.89, 45.46, 47.16, 49.08, 52.26, 53.93]
time: [6.61, 9.07, 13.51, 17.43, 1000, 1000, 1000, 1000, 1000, 1000, 1000, 1000, 1000, 1000]
current_hyper_parameter
v: [12.0, 12.0, 12.0, 12.0, 12.0, 34.61, 32.82, 12.0, 12.0, 12.0, 12.0, 25.58, 12.0, 29.52]
a: [50.0, 50.0, 50.0, 50.0, 142.6, 50.0, 50.0, 53.13, 50.0, 50.0, 148.26, 118.11, 50.0, 50.0]
d: [3.5, 3.5, 3.5, 3.5, 3.5, 3.5, 3.5, 3.5, 3.5, 3.5, 3.5, 3.5, 3.5, 2.0]
BEST_hyper_parameter
v: [12.0, 12.0, 12.0, 12.0, 12.0, 34.61, 32.82, 12.0, 12.0, 12.0, 12.0, 25.58, 12.0, 29.52]
a: [50.0, 50.0, 50.0, 50.0, 142.6, 50.0, 50.0, 53.13, 50.0, 50.0, 50.0, 118.11, 50.0, 50.0]
d: [3.5, 3.5, 3.5, 3.5, 3.5, 3.5, 3.5, 3.5, 3.5, 3.5, 3.5, 3.5, 3.5, 2.0]
LOSE: random_idx_1 = 0, random_idx_2 = 11
LOSE: random_idx_1 = 1, random_idx_2 = 5

iteration: 12
best: [6.61, 9.07, 13.51, 17.34, 20.56, 24.87, 37.09, 40.74, 42.89, 45.46, 47.16, 49.08, 52.26, 53.93]
time: [6.7, 9.18, 13.59, 17.35, 20.55, 25.82, 38.45, 42.3, 44.53, 47.42, 49.18, 51.4, 1000, 1000]
current_hyper_parameter
v: [12.0, 12.0, 12.0, 12.0, 12.0, 34.61, 32.82, 12.0, 12.0, 12.0, 12.0, 16.85, 12.0, 29.52]
a: [50.0, 50.0, 50.0, 50.0, 142.6, 32.77, 50.0, 53.13, 50.0, 50.0, 50.0, 118.11, 50.0, 50.0]
d: [3.5, 3.5, 3.5, 3.5, 3.5, 3.5, 3.5, 3.5, 3.5, 3.5, 3.5, 3.5, 3.5, 2.0]
BEST_hyper_parameter
v: [12.0, 12.0, 12.0, 12.0, 12.0, 34.61, 32.82, 12.0, 12.0, 12.0, 12.0, 25.58, 12.0, 29.52]
a: [50.0, 50.0, 50.0, 50.0, 142.6, 50.0, 50.0, 53.13, 50.0, 50.0, 50.0, 118.11, 50.0, 50.0]
d: [3.5, 3.5, 3.5, 3.5, 3.5, 3.5, 3.5, 3.5, 3.5, 3.5, 3.5, 3.5, 3.5, 2.0]
LOSE: random_idx_1 = 1, random_idx_2 = 0
LOSE: random_idx_1 = 1, random_idx_2 = 12

iteration: 13
best: [6.7, 9.07, 13.51, 17.34, 20.56, 24.87, 37.09, 40.74, 42.89, 45.46, 47.16, 49.08, 52.26, 53.93]
time: [6.24, 8.43, 12.78, 16.54, 22.89, 33.28, 45.4, 49.24, 51.39, 54.07, 55.54, 1000, 1000, 1000]
current_hyper_parameter
v: [12.0, 12.0, 12.0, 12.0, 12.0, 34.61, 32.82, 12.0, 12.0, 12.0, 12.0, 25.58, 12.0, 29.52]
a: [107.59, 50.0, 50.0, 50.0, 142.6, 50.0, 50.0, 53.13, 50.0, 50.0, 50.0, 118.11, 117.89, 50.0]
d: [3.5, 3.5, 3.5, 3.5, 3.5, 3.5, 3.5, 3.5, 3.5, 3.5, 3.5, 3.5, 3.5, 2.0]
BEST_hyper_parameter
v: [12.0, 12.0, 12.0, 12.0, 12.0, 34.61, 32.82, 12.0, 12.0, 12.0, 12.0, 25.58, 12.0, 29.52]
a: [50.0, 50.0, 50.0, 50.0, 142.6, 50.0, 50.0, 53.13, 50.0, 50.0, 50.0, 118.11, 50.0, 50.0]
d: [3.5, 3.5, 3.5, 3.5, 3.5, 3.5, 3.5, 3.5, 3.5, 3.5, 3.5, 3.5, 3.5, 2.0]
LOSE: random_idx_1 = 1, random_idx_2 = 6
LOSE: random_idx_1 = 2, random_idx_2 = 12

iteration: 14
best: [6.24, 8.43, 12.78, 16.54, 20.56, 24.87, 37.09, 40.74, 42.89, 45.46, 47.16, 49.08, 52.26, 53.93]
time: [6.25, 8.42, 12.81, 16.66, 19.83, 24.35, 33.86, 1000, 1000, 1000, 1000, 1000, 1000, 1000]
current_hyper_parameter
v: [12.0, 12.0, 12.0, 12.0, 12.0, 34.61, 32.82, 12.0, 12.0, 12.0, 12.0, 25.58, 12.0, 29.52]
a: [107.59, 50.0, 50.0, 50.0, 142.6, 50.0, 104.34, 53.13, 50.0, 50.0, 50.0, 118.11, 50.0, 50.0]
d: [3.5, 3.5, 3.5, 3.5, 3.5, 3.5, 3.5, 3.5, 3.5, 3.5, 3.5, 3.5, 3.5, 2.0]
BEST_hyper_parameter
v: [12.0, 12.0, 12.0, 12.0, 12.0, 34.61, 32.82, 12.0, 12.0, 12.0, 12.0, 25.58, 12.0, 29.52]
a: [107.59, 50.0, 50.0, 50.0, 142.6, 50.0, 50.0, 53.13, 50.0, 50.0, 50.0, 118.11, 50.0, 50.0]
d: [3.5, 3.5, 3.5, 3.5, 3.5, 3.5, 3.5, 3.5, 3.5, 3.5, 3.5, 3.5, 3.5, 2.0]
LOSE: random_idx_1 = 0, random_idx_2 = 9
LOSE: random_idx_1 = 0, random_idx_2 = 6

iteration: 15
best: [6.25, 8.42, 12.81, 16.66, 19.83, 24.35, 33.86, 40.74, 42.89, 45.46, 47.16, 49.08, 52.26, 53.93]
time: [6.23, 8.42, 12.84, 16.7, 19.96, 24.39, 43.77, 47.68, 49.94, 52.38, 54.5, 1000, 1000, 1000]
current_hyper_parameter
v: [12.0, 12.0, 12.0, 12.0, 12.0, 34.61, 11.12, 12.0, 12.0, 23.24, 12.0, 25.58, 12.0, 29.52]
a: [107.59, 50.0, 50.0, 50.0, 142.6, 50.0, 104.34, 53.13, 50.0, 50.0, 50.0, 118.11, 50.0, 50.0]
d: [3.5, 3.5, 3.5, 3.5, 3.5, 3.5, 3.5, 3.5, 3.5, 3.5, 3.5, 3.5, 3.5, 2.0]
BEST_hyper_parameter
v: [12.0, 12.0, 12.0, 12.0, 12.0, 34.61, 32.82, 12.0, 12.0, 12.0, 12.0, 25.58, 12.0, 29.52]
a: [107.59, 50.0, 50.0, 50.0, 142.6, 50.0, 104.34, 53.13, 50.0, 50.0, 50.0, 118.11, 50.0, 50.0]
d: [3.5, 3.5, 3.5, 3.5, 3.5, 3.5, 3.5, 3.5, 3.5, 3.5, 3.5, 3.5, 3.5, 2.0]
LOSE: random_idx_1 = 0, random_idx_2 = 3
LOSE: random_idx_1 = 0, random_idx_2 = 13

iteration: 16
best: [6.23, 8.42, 12.81, 16.66, 19.83, 24.35, 33.86, 40.74, 42.89, 45.46, 47.16, 49.08, 52.26, 53.93]
time: [6.25, 8.41, 12.78, 16.41, 22.82, 27.34, 36.91, 1000, 1000, 1000, 1000, 1000, 1000, 1000]
current_hyper_parameter
v: [12.0, 12.0, 12.0, 14.08, 12.0, 34.61, 32.82, 12.0, 12.0, 12.0, 12.0, 25.58, 12.0, 23.39]
a: [107.59, 50.0, 50.0, 50.0, 142.6, 50.0, 104.34, 53.13, 50.0, 50.0, 50.0, 118.11, 50.0, 50.0]
d: [3.5, 3.5, 3.5, 3.5, 3.5, 3.5, 3.5, 3.5, 3.5, 3.5, 3.5, 3.5, 3.5, 2.0]
BEST_hyper_parameter
v: [12.0, 12.0, 12.0, 12.0, 12.0, 34.61, 32.82, 12.0, 12.0, 12.0, 12.0, 25.58, 12.0, 29.52]
a: [107.59, 50.0, 50.0, 50.0, 142.6, 50.0, 104.34, 53.13, 50.0, 50.0, 50.0, 118.11, 50.0, 50.0]
d: [3.5, 3.5, 3.5, 3.5, 3.5, 3.5, 3.5, 3.5, 3.5, 3.5, 3.5, 3.5, 3.5, 2.0]
LOSE: random_idx_1 = 2, random_idx_2 = 8
LOSE: random_idx_1 = 1, random_idx_2 = 7

iteration: 17
best: [6.25, 8.42, 12.81, 16.66, 19.83, 24.35, 33.86, 40.74, 42.89, 45.46, 47.16, 49.08, 52.26, 53.93]
time: [6.14, 8.28, 12.51, 16.31, 19.54, 23.87, 33.36, 44.49, 47.53, 50.29, 55.52, 1000, 1000, 1000]
current_hyper_parameter
v: [12.0, 12.0, 12.0, 12.0, 12.0, 34.61, 32.82, 12.0, 12.0, 12.0, 12.0, 25.58, 12.0, 29.52]
a: [107.59, 50.0, 50.0, 50.0, 142.6, 50.0, 104.34, 137.65, 50.0, 50.0, 50.0, 118.11, 50.0, 50.0]
d: [3.5, 3.5, 3.5, 3.5, 3.5, 3.5, 3.5, 3.5, 3.5, 3.5, 3.5, 3.5, 3.5, 2.0]
BEST_hyper_parameter
v: [12.0, 12.0, 12.0, 12.0, 12.0, 34.61, 32.82, 12.0, 12.0, 12.0, 12.0, 25.58, 12.0, 29.52]
a: [107.59, 50.0, 50.0, 50.0, 142.6, 50.0, 104.34, 53.13, 50.0, 50.0, 50.0, 118.11, 50.0, 50.0]
d: [3.5, 3.5, 3.5, 3.5, 3.5, 3.5, 3.5, 3.5, 3.5, 3.5, 3.5, 3.5, 3.5, 2.0]
LOSE: random_idx_1 = 2, random_idx_2 = 4
LOSE: random_idx_1 = 2, random_idx_2 = 0

iteration: 18
best: [6.14, 8.42, 12.81, 16.66, 19.83, 24.35, 33.86, 40.74, 42.89, 45.46, 47.16, 49.08, 52.26, 53.93]
time: [6.16, 8.49, 12.95, 16.83, 20.15, 24.38, 33.83, 1000, 1000, 1000, 1000, 1000, 1000, 1000]
current_hyper_parameter
v: [12.0, 12.0, 12.0, 12.0, 12.0, 34.61, 32.82, 12.0, 12.0, 12.0, 12.0, 25.58, 12.0, 29.52]
a: [107.59, 50.0, 50.0, 50.0, 142.6, 50.0, 104.34, 53.13, 50.0, 50.0, 50.0, 118.11, 50.0, 50.0]
d: [3.5, 3.5, 3.5, 3.5, 3.5, 3.5, 3.5, 3.5, 3.5, 3.5, 3.5, 3.5, 3.5, 2.0]
BEST_hyper_parameter
v: [12.0, 12.0, 12.0, 12.0, 12.0, 34.61, 32.82, 12.0, 12.0, 12.0, 12.0, 25.58, 12.0, 29.52]
a: [107.59, 50.0, 50.0, 50.0, 142.6, 50.0, 104.34, 53.13, 50.0, 50.0, 50.0, 118.11, 50.0, 50.0]
d: [3.5, 3.5, 3.5, 3.5, 3.5, 3.5, 3.5, 3.5, 3.5, 3.5, 3.5, 3.5, 3.5, 2.0]
LOSE: random_idx_1 = 0, random_idx_2 = 2
LOSE: random_idx_1 = 1, random_idx_2 = 9

iteration: 19
best: [6.16, 8.42, 12.81, 16.66, 19.83, 24.35, 33.86, 40.74, 42.89, 45.46, 47.16, 49.08, 52.26, 53.93]
time: [6.25, 8.41, 12.87, 16.71, 19.96, 24.39, 33.84, 1000, 1000, 1000, 1000, 1000, 1000, 1000]
current_hyper_parameter
v: [12.0, 12.0, 11.79, 12.0, 12.0, 34.61, 32.82, 12.0, 12.0, 12.0, 12.0, 25.58, 12.0, 29.52]
a: [107.59, 50.0, 50.0, 50.0, 142.6, 50.0, 104.34, 53.13, 50.0, 35.41, 50.0, 118.11, 50.0, 50.0]
d: [3.5, 3.5, 3.5, 3.5, 3.5, 3.5, 3.5, 3.5, 3.5, 3.5, 3.5, 3.5, 3.5, 2.0]
BEST_hyper_parameter
v: [12.0, 12.0, 12.0, 12.0, 12.0, 34.61, 32.82, 12.0, 12.0, 12.0, 12.0, 25.58, 12.0, 29.52]
a: [107.59, 50.0, 50.0, 50.0, 142.6, 50.0, 104.34, 53.13, 50.0, 50.0, 50.0, 118.11, 50.0, 50.0]
d: [3.5, 3.5, 3.5, 3.5, 3.5, 3.5, 3.5, 3.5, 3.5, 3.5, 3.5, 3.5, 3.5, 2.0]
LOSE: random_idx_1 = 2, random_idx_2 = 8
LOSE: random_idx_1 = 1, random_idx_2 = 0

iteration: 20
best: [6.25, 8.42, 12.81, 16.66, 19.83, 24.35, 33.86, 40.74, 42.89, 45.46, 47.16, 49.08, 52.26, 53.93]
time: [6.35, 8.61, 12.93, 16.94, 1000, 1000, 1000, 1000, 1000, 1000, 1000, 1000, 1000, 1000]
current_hyper_parameter
v: [12.0, 12.0, 12.0, 12.0, 12.0, 34.61, 32.82, 12.0, 12.0, 12.0, 12.0, 25.58, 12.0, 29.52]
a: [82.48, 50.0, 50.0, 50.0, 142.6, 50.0, 104.34, 53.13, 50.0, 50.0, 50.0, 118.11, 50.0, 50.0]
d: [3.5, 3.5, 3.5, 3.5, 3.5, 3.5, 3.5, 3.5, 3.5, 3.5, 3.5, 3.5, 3.5, 2.0]
BEST_hyper_parameter
v: [12.0, 12.0, 12.0, 12.0, 12.0, 34.61, 32.82, 12.0, 12.0, 12.0, 12.0, 25.58, 12.0, 29.52]
a: [107.59, 50.0, 50.0, 50.0, 142.6, 50.0, 104.34, 53.13, 50.0, 50.0, 50.0, 118.11, 50.0, 50.0]
d: [3.5, 3.5, 3.5, 3.5, 3.5, 3.5, 3.5, 3.5, 3.5, 3.5, 3.5, 3.5, 3.5, 2.0]
LOSE: random_idx_1 = 2, random_idx_2 = 1
LOSE: random_idx_1 = 1, random_idx_2 = 2

iteration: 21
best: [6.35, 8.42, 12.81, 16.66, 19.83, 24.35, 33.86, 40.74, 42.89, 45.46, 47.16, 49.08, 52.26, 53.93]
time: [6.36, 8.61, 13.14, 17.09, 20.3, 24.53, 34.12, 38.83, 41.53, 44.25, 49.39, 1000, 1000, 1000]
current_hyper_parameter
v: [12.0, 12.0, 12.0, 12.0, 12.0, 34.61, 32.82, 12.0, 12.0, 12.0, 12.0, 25.58, 12.0, 29.52]
a: [82.48, 50.0, 37.73, 50.0, 142.6, 50.0, 104.34, 53.13, 50.0, 50.0, 50.0, 118.11, 50.0, 50.0]
d: [3.5, 3.5, 3.5, 3.5, 3.5, 3.5, 3.5, 3.5, 3.5, 3.5, 3.5, 3.5, 3.5, 2.0]
BEST_hyper_parameter
v: [12.0, 12.0, 12.0, 12.0, 12.0, 34.61, 32.82, 12.0, 12.0, 12.0, 12.0, 25.58, 12.0, 29.52]
a: [82.48, 50.0, 50.0, 50.0, 142.6, 50.0, 104.34, 53.13, 50.0, 50.0, 50.0, 118.11, 50.0, 50.0]
d: [3.5, 3.5, 3.5, 3.5, 3.5, 3.5, 3.5, 3.5, 3.5, 3.5, 3.5, 3.5, 3.5, 2.0]
LOSE: random_idx_1 = 1, random_idx_2 = 13
LOSE: random_idx_1 = 0, random_idx_2 = 10

iteration: 22
best: [6.36, 8.61, 13.14, 17.09, 20.3, 24.53, 34.12, 38.83, 41.53, 44.25, 47.16, 49.08, 52.26, 53.93]
time: [6.36, 8.66, 13.29, 17.39, 20.71, 25.04, 34.65, 39.36, 42.15, 44.82, 46.6, 1000, 1000, 1000]
current_hyper_parameter
v: [12.0, 12.0, 12.0, 12.0, 12.0, 34.61, 32.82, 12.0, 12.0, 12.0, 13.44, 25.58, 12.0, 29.52]
a: [82.48, 50.0, 37.73, 50.0, 142.6, 50.0, 104.34, 53.13, 50.0, 50.0, 50.0, 118.11, 50.0, 118.6]
d: [3.5, 3.5, 3.5, 3.5, 3.5, 3.5, 3.5, 3.5, 3.5, 3.5, 3.5, 3.5, 3.5, 2.0]
BEST_hyper_parameter
v: [12.0, 12.0, 12.0, 12.0, 12.0, 34.61, 32.82, 12.0, 12.0, 12.0, 12.0, 25.58, 12.0, 29.52]
a: [82.48, 50.0, 37.73, 50.0, 142.6, 50.0, 104.34, 53.13, 50.0, 50.0, 50.0, 118.11, 50.0, 50.0]
d: [3.5, 3.5, 3.5, 3.5, 3.5, 3.5, 3.5, 3.5, 3.5, 3.5, 3.5, 3.5, 3.5, 2.0]
LOSE: random_idx_1 = 1, random_idx_2 = 13
LOSE: random_idx_1 = 2, random_idx_2 = 13

iteration: 23
best: [6.36, 8.66, 13.29, 17.39, 20.71, 25.04, 34.65, 39.36, 42.15, 44.82, 46.6, 49.08, 52.26, 53.93]
time: [6.26, 8.49, 13.1, 17.1, 20.3, 24.45, 34.18, 38.87, 41.63, 44.34, 46.17, 47.99, 51.25, 52.33]
current_hyper_parameter
v: [12.0, 12.0, 12.0, 12.0, 12.0, 34.61, 32.82, 12.0, 12.0, 12.0, 13.44, 25.58, 12.0, 29.52]
a: [82.48, 50.0, 37.73, 50.0, 142.6, 50.0, 104.34, 53.13, 50.0, 50.0, 50.0, 118.11, 50.0, 115.06]
d: [3.5, 3.5, 3.5, 3.5, 3.5, 3.5, 3.5, 3.5, 3.5, 3.5, 3.5, 3.5, 3.5, 2.0]
BEST_hyper_parameter
v: [12.0, 12.0, 12.0, 12.0, 12.0, 34.61, 32.82, 12.0, 12.0, 12.0, 13.44, 25.58, 12.0, 29.52]
a: [82.48, 50.0, 37.73, 50.0, 142.6, 50.0, 104.34, 53.13, 50.0, 50.0, 50.0, 118.11, 50.0, 50.0]
d: [3.5, 3.5, 3.5, 3.5, 3.5, 3.5, 3.5, 3.5, 3.5, 3.5, 3.5, 3.5, 3.5, 2.0]
WIN: random_idx_1 = 0, random_idx_2 = 10
WIN: random_idx_1 = 1, random_idx_2 = 2

iteration: 24
best: [6.26, 8.49, 13.1, 17.1, 20.3, 24.45, 34.18, 38.87, 41.63, 44.34, 46.17, 47.99, 51.25, 52.33]
time: [6.35, 8.66, 12.57, 16.03, 19.4, 23.86, 33.35, 1000, 1000, 1000, 1000, 1000, 1000, 1000]
current_hyper_parameter
v: [12.0, 12.0, 12.0, 12.0, 12.0, 34.61, 32.82, 12.0, 12.0, 12.0, 17.98, 25.58, 12.0, 29.52]
a: [82.48, 50.0, 109.2, 50.0, 142.6, 50.0, 104.34, 53.13, 50.0, 50.0, 50.0, 118.11, 50.0, 115.06]
d: [3.5, 3.5, 3.5, 3.5, 3.5, 3.5, 3.5, 3.5, 3.5, 3.5, 3.5, 3.5, 3.5, 2.0]
BEST_hyper_parameter
v: [12.0, 12.0, 12.0, 12.0, 12.0, 34.61, 32.82, 12.0, 12.0, 12.0, 13.44, 25.58, 12.0, 29.52]
a: [82.48, 50.0, 37.73, 50.0, 142.6, 50.0, 104.34, 53.13, 50.0, 50.0, 50.0, 118.11, 50.0, 115.06]
d: [3.5, 3.5, 3.5, 3.5, 3.5, 3.5, 3.5, 3.5, 3.5, 3.5, 3.5, 3.5, 3.5, 2.0]
LOSE: random_idx_1 = 2, random_idx_2 = 12
LOSE: random_idx_1 = 0, random_idx_2 = 11

iteration: 25
best: [6.35, 8.66, 12.57, 16.03, 19.4, 23.86, 33.35, 38.87, 41.63, 44.34, 46.17, 47.99, 51.25, 52.33]
time: [6.12, 8.33, 12.27, 15.76, 19.02, 23.35, 32.87, 1000, 1000, 1000, 1000, 1000, 1000, 1000]
current_hyper_parameter
v: [12.0, 12.0, 12.0, 12.0, 12.0, 34.61, 32.82, 12.0, 12.0, 12.0, 13.44, 16.2, 12.0, 29.52]
a: [82.48, 50.0, 109.2, 50.0, 142.6, 50.0, 104.34, 53.13, 50.0, 50.0, 50.0, 118.11, 50.0, 115.06]
d: [3.5, 3.5, 3.5, 3.5, 3.5, 3.5, 3.5, 3.5, 3.5, 3.5, 3.5, 3.5, 3.5, 2.0]
BEST_hyper_parameter
v: [12.0, 12.0, 12.0, 12.0, 12.0, 34.61, 32.82, 12.0, 12.0, 12.0, 13.44, 25.58, 12.0, 29.52]
a: [82.48, 50.0, 109.2, 50.0, 142.6, 50.0, 104.34, 53.13, 50.0, 50.0, 50.0, 118.11, 50.0, 115.06]
d: [3.5, 3.5, 3.5, 3.5, 3.5, 3.5, 3.5, 3.5, 3.5, 3.5, 3.5, 3.5, 3.5, 2.0]
LOSE: random_idx_1 = 2, random_idx_2 = 13
LOSE: random_idx_1 = 1, random_idx_2 = 8

iteration: 26
best: [6.12, 8.33, 12.27, 15.76, 19.02, 23.35, 33.35, 38.87, 41.63, 44.34, 46.17, 47.99, 51.25, 52.33]
time: [6.26, 8.5, 12.42, 15.97, 19.36, 23.84, 33.34, 1000, 1000, 1000, 1000, 1000, 1000, 1000]
current_hyper_parameter
v: [12.0, 12.0, 12.0, 12.0, 12.0, 34.61, 32.82, 12.0, 12.0, 12.0, 13.44, 25.58, 12.0, 29.52]
a: [82.48, 50.0, 109.2, 50.0, 142.6, 50.0, 104.34, 53.13, 153.95, 50.0, 50.0, 118.11, 50.0, 115.06]
d: [3.5, 3.5, 3.5, 3.5, 3.5, 3.5, 3.5, 3.5, 3.5, 3.5, 3.5, 3.5, 3.5, 2.0]
BEST_hyper_parameter
v: [12.0, 12.0, 12.0, 12.0, 12.0, 34.61, 32.82, 12.0, 12.0, 12.0, 13.44, 25.58, 12.0, 29.52]
a: [82.48, 50.0, 109.2, 50.0, 142.6, 50.0, 104.34, 53.13, 50.0, 50.0, 50.0, 118.11, 50.0, 115.06]
d: [3.5, 3.5, 3.5, 3.5, 3.5, 3.5, 3.5, 3.5, 3.5, 3.5, 3.5, 3.5, 3.5, 2.0]
LOSE: random_idx_1 = 0, random_idx_2 = 0
LOSE: random_idx_1 = 1, random_idx_2 = 9

iteration: 27
best: [6.26, 8.33, 12.27, 15.76, 19.02, 23.35, 33.35, 38.87, 41.63, 44.34, 46.17, 47.99, 51.25, 52.33]
time: [6.26, 8.46, 12.38, 15.99, 19.37, 23.91, 33.38, 1000, 1000, 1000, 1000, 1000, 1000, 1000]
current_hyper_parameter
v: [13.2, 12.0, 12.0, 12.0, 12.0, 34.61, 32.82, 12.0, 12.0, 12.0, 13.44, 25.58, 12.0, 29.52]
a: [82.48, 50.0, 109.2, 50.0, 142.6, 50.0, 104.34, 53.13, 50.0, 98.64, 50.0, 118.11, 50.0, 115.06]
d: [3.5, 3.5, 3.5, 3.5, 3.5, 3.5, 3.5, 3.5, 3.5, 3.5, 3.5, 3.5, 3.5, 2.0]
BEST_hyper_parameter
v: [12.0, 12.0, 12.0, 12.0, 12.0, 34.61, 32.82, 12.0, 12.0, 12.0, 13.44, 25.58, 12.0, 29.52]
a: [82.48, 50.0, 109.2, 50.0, 142.6, 50.0, 104.34, 53.13, 50.0, 50.0, 50.0, 118.11, 50.0, 115.06]
d: [3.5, 3.5, 3.5, 3.5, 3.5, 3.5, 3.5, 3.5, 3.5, 3.5, 3.5, 3.5, 3.5, 2.0]
LOSE: random_idx_1 = 2, random_idx_2 = 12
LOSE: random_idx_1 = 1, random_idx_2 = 5

iteration: 28
best: [6.26, 8.33, 12.27, 15.76, 19.02, 23.35, 33.35, 38.87, 41.63, 44.34, 46.17, 47.99, 51.25, 52.33]
time: [6.25, 8.44, 12.4, 15.86, 19.07, 22.88, 31.97, 36.6, 39.08, 41.78, 51.52, 1000, 1000, 1000]
current_hyper_parameter
v: [13.2, 12.0, 12.0, 12.0, 12.0, 34.61, 32.82, 12.0, 12.0, 12.0, 13.44, 25.58, 12.0, 29.52]
a: [82.48, 50.0, 109.2, 50.0, 142.6, 66.41, 104.34, 53.13, 50.0, 50.0, 50.0, 118.11, 50.0, 115.06]
d: [3.5, 3.5, 3.5, 3.5, 3.5, 3.5, 3.5, 3.5, 3.5, 3.5, 3.5, 3.5, 3.5, 2.0]
BEST_hyper_parameter
v: [13.2, 12.0, 12.0, 12.0, 12.0, 34.61, 32.82, 12.0, 12.0, 12.0, 13.44, 25.58, 12.0, 29.52]
a: [82.48, 50.0, 109.2, 50.0, 142.6, 50.0, 104.34, 53.13, 50.0, 50.0, 50.0, 118.11, 50.0, 115.06]
d: [3.5, 3.5, 3.5, 3.5, 3.5, 3.5, 3.5, 3.5, 3.5, 3.5, 3.5, 3.5, 3.5, 2.0]
LOSE: random_idx_1 = 1, random_idx_2 = 13
LOSE: random_idx_1 = 0, random_idx_2 = 10

iteration: 29
best: [6.25, 8.44, 12.4, 15.86, 19.07, 22.88, 31.97, 36.6, 39.08, 41.78, 46.17, 47.99, 51.25, 52.33]
time: [6.13, 8.31, 12.1, 15.4, 18.57, 22.34, 31.45, 36.43, 39.13, 41.8, 48.52, 50.82, 1000, 1000]
current_hyper_parameter
v: [13.2, 12.0, 12.0, 12.0, 12.0, 34.61, 32.82, 12.0, 12.0, 12.0, 17.1, 25.58, 12.0, 29.52]
a: [82.48, 50.0, 109.2, 50.0, 142.6, 66.41, 104.34, 53.13, 50.0, 50.0, 50.0, 118.11, 50.0, 102.17]
d: [3.5, 3.5, 3.5, 3.5, 3.5, 3.5, 3.5, 3.5, 3.5, 3.5, 3.5, 3.5, 3.5, 2.0]
BEST_hyper_parameter
v: [13.2, 12.0, 12.0, 12.0, 12.0, 34.61, 32.82, 12.0, 12.0, 12.0, 13.44, 25.58, 12.0, 29.52]
a: [82.48, 50.0, 109.2, 50.0, 142.6, 66.41, 104.34, 53.13, 50.0, 50.0, 50.0, 118.11, 50.0, 115.06]
d: [3.5, 3.5, 3.5, 3.5, 3.5, 3.5, 3.5, 3.5, 3.5, 3.5, 3.5, 3.5, 3.5, 2.0]
LOSE: random_idx_1 = 0, random_idx_2 = 6
LOSE: random_idx_1 = 2, random_idx_2 = 10

iteration: 30
best: [6.13, 8.31, 12.1, 15.4, 18.57, 22.34, 31.45, 36.6, 39.08, 41.78, 46.17, 47.99, 51.25, 52.33]
time: [6.25, 8.5, 12.49, 16.02, 22.35, 26.05, 36.55, 41.09, 43.63, 46.34, 57.41, 1000, 1000, 1000]
current_hyper_parameter
v: [13.2, 12.0, 12.0, 12.0, 12.0, 34.61, 26.38, 12.0, 12.0, 12.0, 13.44, 25.58, 12.0, 29.52]
a: [82.48, 50.0, 109.2, 50.0, 142.6, 66.41, 104.34, 53.13, 50.0, 50.0, 50.0, 118.11, 50.0, 115.06]
d: [3.5, 3.5, 3.5, 3.5, 3.5, 3.5, 3.5, 3.5, 3.5, 3.5, 3.5, 3.5, 3.5, 2.0]
BEST_hyper_parameter
v: [13.2, 12.0, 12.0, 12.0, 12.0, 34.61, 32.82, 12.0, 12.0, 12.0, 13.44, 25.58, 12.0, 29.52]
a: [82.48, 50.0, 109.2, 50.0, 142.6, 66.41, 104.34, 53.13, 50.0, 50.0, 50.0, 118.11, 50.0, 115.06]
d: [3.5, 3.5, 3.5, 3.5, 3.5, 3.5, 3.5, 3.5, 3.5, 3.5, 3.5, 3.5, 3.5, 2.0]
LOSE: random_idx_1 = 1, random_idx_2 = 7
LOSE: random_idx_1 = 2, random_idx_2 = 3

iteration: 31
best: [6.25, 8.31, 12.1, 15.4, 18.57, 22.34, 31.45, 36.6, 39.08, 41.78, 46.17, 47.99, 51.25, 52.33]
time: [6.25, 8.46, 12.41, 15.87, 19.08, 22.89, 31.94, 36.56, 39.02, 41.76, 46.55, 1000, 1000, 1000]
current_hyper_parameter
v: [13.2, 12.0, 12.0, 12.0, 12.0, 34.61, 32.82, 12.0, 12.0, 12.0, 13.44, 25.58, 12.0, 29.52]
a: [82.48, 50.0, 109.2, 50.0, 142.6, 66.41, 104.34, 61.86, 50.0, 50.0, 50.0, 118.11, 50.0, 115.06]
d: [3.5, 3.5, 3.5, 3.5, 3.5, 3.5, 3.5, 3.5, 3.5, 3.5, 3.5, 3.5, 3.5, 2.0]
BEST_hyper_parameter
v: [13.2, 12.0, 12.0, 12.0, 12.0, 34.61, 32.82, 12.0, 12.0, 12.0, 13.44, 25.58, 12.0, 29.52]
a: [82.48, 50.0, 109.2, 50.0, 142.6, 66.41, 104.34, 53.13, 50.0, 50.0, 50.0, 118.11, 50.0, 115.06]
d: [3.5, 3.5, 3.5, 3.5, 3.5, 3.5, 3.5, 3.5, 3.5, 3.5, 3.5, 3.5, 3.5, 2.0]
LOSE: random_idx_1 = 1, random_idx_2 = 11
LOSE: random_idx_1 = 2, random_idx_2 = 2

iteration: 32
best: [6.25, 8.31, 12.1, 15.4, 18.57, 22.34, 31.45, 36.6, 39.08, 41.78, 46.17, 47.99, 51.25, 52.33]
time: [6.14, 8.29, 12.09, 15.53, 18.89, 22.88, 31.98, 36.91, 39.58, 42.29, 44.03, 46.59, 49.38, 50.46]
current_hyper_parameter
v: [13.2, 12.0, 12.0, 12.0, 12.0, 34.61, 32.82, 12.0, 12.0, 12.0, 13.44, 25.58, 12.0, 29.52]
a: [82.48, 50.0, 109.2, 50.0, 142.6, 66.41, 104.34, 53.13, 50.0, 50.0, 50.0, 64.59, 50.0, 115.06]
d: [3.5, 3.5, 3.57, 3.5, 3.5, 3.5, 3.5, 3.5, 3.5, 3.5, 3.5, 3.5, 3.5, 2.0]
BEST_hyper_parameter
v: [13.2, 12.0, 12.0, 12.0, 12.0, 34.61, 32.82, 12.0, 12.0, 12.0, 13.44, 25.58, 12.0, 29.52]
a: [82.48, 50.0, 109.2, 50.0, 142.6, 66.41, 104.34, 53.13, 50.0, 50.0, 50.0, 118.11, 50.0, 115.06]
d: [3.5, 3.5, 3.5, 3.5, 3.5, 3.5, 3.5, 3.5, 3.5, 3.5, 3.5, 3.5, 3.5, 2.0]
WIN: random_idx_1 = 1, random_idx_2 = 11
WIN: random_idx_1 = 2, random_idx_2 = 3

iteration: 33
best: [6.14, 8.29, 12.09, 15.53, 18.89, 22.88, 31.98, 36.91, 39.58, 42.29, 44.03, 46.59, 49.38, 50.46]
time: [6.15, 8.29, 12.14, 15.58, 18.82, 22.44, 31.72, 36.28, 38.98, 41.74, 43.4, 45.7, 48.2, 49.29]
current_hyper_parameter
v: [13.2, 12.0, 12.0, 12.0, 12.0, 34.61, 32.82, 12.0, 12.0, 12.0, 13.44, 25.58, 12.0, 29.52]
a: [82.48, 50.0, 109.2, 50.0, 142.6, 66.41, 104.34, 53.13, 50.0, 50.0, 50.0, 64.8, 50.0, 115.06]
d: [3.5, 3.5, 3.57, 3.5, 3.5, 3.5, 3.5, 3.5, 3.5, 3.5, 3.5, 3.5, 3.5, 2.0]
BEST_hyper_parameter
v: [13.2, 12.0, 12.0, 12.0, 12.0, 34.61, 32.82, 12.0, 12.0, 12.0, 13.44, 25.58, 12.0, 29.52]
a: [82.48, 50.0, 109.2, 50.0, 142.6, 66.41, 104.34, 53.13, 50.0, 50.0, 50.0, 64.59, 50.0, 115.06]
d: [3.5, 3.5, 3.57, 3.5, 3.5, 3.5, 3.5, 3.5, 3.5, 3.5, 3.5, 3.5, 3.5, 2.0]
WIN: random_idx_1 = 0, random_idx_2 = 3
WIN: random_idx_1 = 2, random_idx_2 = 13

iteration: 34
best: [6.15, 8.29, 12.14, 15.58, 18.82, 22.44, 31.72, 36.28, 38.98, 41.74, 43.4, 45.7, 48.2, 49.29]
time: [6.24, 8.45, 12.38, 16.02, 22.4, 25.91, 35.1, 39.63, 42.13, 44.8, 49.65, 1000, 1000, 1000]
current_hyper_parameter
v: [13.2, 12.0, 12.0, 11.6, 12.0, 34.61, 32.82, 12.0, 12.0, 12.0, 13.44, 25.58, 12.0, 29.52]
a: [82.48, 50.0, 109.2, 50.0, 142.6, 66.41, 104.34, 53.13, 50.0, 50.0, 50.0, 64.8, 50.0, 115.06]
d: [3.5, 3.5, 3.57, 3.5, 3.5, 3.5, 3.5, 3.5, 3.5, 3.5, 3.5, 3.5, 3.5, 2.0]
BEST_hyper_parameter
v: [13.2, 12.0, 12.0, 12.0, 12.0, 34.61, 32.82, 12.0, 12.0, 12.0, 13.44, 25.58, 12.0, 29.52]
a: [82.48, 50.0, 109.2, 50.0, 142.6, 66.41, 104.34, 53.13, 50.0, 50.0, 50.0, 64.8, 50.0, 115.06]
d: [3.5, 3.5, 3.57, 3.5, 3.5, 3.5, 3.5, 3.5, 3.5, 3.5, 3.5, 3.5, 3.5, 2.0]
LOSE: random_idx_1 = 1, random_idx_2 = 12
LOSE: random_idx_1 = 1, random_idx_2 = 13

iteration: 35
best: [6.24, 8.29, 12.14, 15.58, 18.82, 22.44, 31.72, 36.28, 38.98, 41.74, 43.4, 45.7, 48.2, 49.29]
time: [6.16, 8.34, 12.25, 15.78, 19.03, 22.85, 31.93, 36.58, 39.02, 41.75, 43.61, 46.04, 51.32, 1000]
current_hyper_parameter
v: [13.2, 12.0, 12.0, 12.0, 12.0, 34.61, 32.82, 12.0, 12.0, 12.0, 13.44, 25.58, 12.0, 29.52]
a: [82.48, 50.0, 109.2, 50.0, 142.6, 66.41, 104.34, 53.13, 50.0, 50.0, 50.0, 64.8, 151.41, 38.72]
d: [3.5, 3.5, 3.57, 3.5, 3.5, 3.5, 3.5, 3.5, 3.5, 3.5, 3.5, 3.5, 3.5, 2.0]
BEST_hyper_parameter
v: [13.2, 12.0, 12.0, 12.0, 12.0, 34.61, 32.82, 12.0, 12.0, 12.0, 13.44, 25.58, 12.0, 29.52]
a: [82.48, 50.0, 109.2, 50.0, 142.6, 66.41, 104.34, 53.13, 50.0, 50.0, 50.0, 64.8, 50.0, 115.06]
d: [3.5, 3.5, 3.57, 3.5, 3.5, 3.5, 3.5, 3.5, 3.5, 3.5, 3.5, 3.5, 3.5, 2.0]
LOSE: random_idx_1 = 1, random_idx_2 = 3
LOSE: random_idx_1 = 0, random_idx_2 = 0

iteration: 36
best: [6.16, 8.29, 12.14, 15.58, 18.82, 22.44, 31.72, 36.28, 38.98, 41.74, 43.4, 45.7, 48.2, 49.29]
time: [6.01, 7.97, 11.89, 15.25, 18.42, 22.44, 31.51, 36.45, 39.15, 41.86, 43.61, 46.19, 48.97, 50.11]
current_hyper_parameter
v: [21.28, 12.0, 12.0, 12.0, 12.0, 34.61, 32.82, 12.0, 12.0, 12.0, 13.44, 25.58, 12.0, 29.52]
a: [82.48, 50.0, 109.2, 61.4, 142.6, 66.41, 104.34, 53.13, 50.0, 50.0, 50.0, 64.8, 50.0, 115.06]
d: [3.5, 3.5, 3.57, 3.5, 3.5, 3.5, 3.5, 3.5, 3.5, 3.5, 3.5, 3.5, 3.5, 2.0]
BEST_hyper_parameter
v: [13.2, 12.0, 12.0, 12.0, 12.0, 34.61, 32.82, 12.0, 12.0, 12.0, 13.44, 25.58, 12.0, 29.52]
a: [82.48, 50.0, 109.2, 50.0, 142.6, 66.41, 104.34, 53.13, 50.0, 50.0, 50.0, 64.8, 50.0, 115.06]
d: [3.5, 3.5, 3.57, 3.5, 3.5, 3.5, 3.5, 3.5, 3.5, 3.5, 3.5, 3.5, 3.5, 2.0]
LOSE: random_idx_1 = 2, random_idx_2 = 6
LOSE: random_idx_1 = 1, random_idx_2 = 5

iteration: 37
best: [6.01, 8.29, 12.14, 15.58, 18.82, 22.44, 31.72, 36.28, 38.98, 41.74, 43.4, 45.7, 48.2, 49.29]
time: [5.94, 7.85, 11.71, 15.29, 18.55, 21.53, 29.88, 34.49, 37.09, 39.74, 41.48, 43.94, 46.47, 47.52]
current_hyper_parameter
v: [21.28, 12.0, 12.0, 12.0, 12.0, 34.61, 32.82, 12.0, 12.0, 12.0, 13.44, 25.58, 12.0, 29.52]
a: [82.48, 50.0, 109.2, 50.0, 142.6, 145.83, 104.34, 53.13, 50.0, 50.0, 50.0, 64.8, 50.0, 115.06]
d: [3.5, 3.5, 3.57, 3.5, 3.5, 3.5, 3.5, 3.5, 3.5, 3.5, 3.5, 3.5, 3.5, 2.0]
BEST_hyper_parameter
v: [21.28, 12.0, 12.0, 12.0, 12.0, 34.61, 32.82, 12.0, 12.0, 12.0, 13.44, 25.58, 12.0, 29.52]
a: [82.48, 50.0, 109.2, 50.0, 142.6, 66.41, 104.34, 53.13, 50.0, 50.0, 50.0, 64.8, 50.0, 115.06]
d: [3.5, 3.5, 3.57, 3.5, 3.5, 3.5, 3.5, 3.5, 3.5, 3.5, 3.5, 3.5, 3.5, 2.0]
WIN: random_idx_1 = 0, random_idx_2 = 0
WIN: random_idx_1 = 0, random_idx_2 = 9

iteration: 38
best: [5.94, 7.85, 11.71, 15.29, 18.55, 21.53, 29.88, 34.49, 37.09, 39.74, 41.48, 43.94, 46.47, 47.52]
time: [6.04, 8.06, 11.93, 15.53, 21.91, 25.0, 33.87, 1000, 1000, 1000, 1000, 1000, 1000, 1000]
current_hyper_parameter
v: [18.68, 12.0, 12.0, 12.0, 12.0, 34.61, 32.82, 12.0, 12.0, 11.24, 13.44, 25.58, 12.0, 29.52]
a: [82.48, 50.0, 109.2, 50.0, 142.6, 145.83, 104.34, 53.13, 50.0, 50.0, 50.0, 64.8, 50.0, 115.06]
d: [3.5, 3.5, 3.57, 3.5, 3.5, 3.5, 3.5, 3.5, 3.5, 3.5, 3.5, 3.5, 3.5, 2.0]
BEST_hyper_parameter
v: [21.28, 12.0, 12.0, 12.0, 12.0, 34.61, 32.82, 12.0, 12.0, 12.0, 13.44, 25.58, 12.0, 29.52]
a: [82.48, 50.0, 109.2, 50.0, 142.6, 145.83, 104.34, 53.13, 50.0, 50.0, 50.0, 64.8, 50.0, 115.06]
d: [3.5, 3.5, 3.57, 3.5, 3.5, 3.5, 3.5, 3.5, 3.5, 3.5, 3.5, 3.5, 3.5, 2.0]
LOSE: random_idx_1 = 1, random_idx_2 = 0
LOSE: random_idx_1 = 0, random_idx_2 = 4

iteration: 39
best: [6.04, 7.85, 11.71, 15.29, 18.55, 21.53, 29.88, 34.49, 37.09, 39.74, 41.48, 43.94, 46.47, 47.52]
time: [5.96, 7.85, 11.7, 15.33, 17.86, 21.13, 29.28, 1000, 1000, 1000, 1000, 1000, 1000, 1000]
current_hyper_parameter
v: [18.68, 12.0, 12.0, 12.0, 27.19, 34.61, 32.82, 12.0, 12.0, 12.0, 13.44, 25.58, 12.0, 29.52]
a: [94.98, 50.0, 109.2, 50.0, 142.6, 145.83, 104.34, 53.13, 50.0, 50.0, 50.0, 64.8, 50.0, 115.06]
d: [3.5, 3.5, 3.57, 3.5, 3.5, 3.5, 3.5, 3.5, 3.5, 3.5, 3.5, 3.5, 3.5, 2.0]
BEST_hyper_parameter
v: [18.68, 12.0, 12.0, 12.0, 12.0, 34.61, 32.82, 12.0, 12.0, 12.0, 13.44, 25.58, 12.0, 29.52]
a: [82.48, 50.0, 109.2, 50.0, 142.6, 145.83, 104.34, 53.13, 50.0, 50.0, 50.0, 64.8, 50.0, 115.06]
d: [3.5, 3.5, 3.57, 3.5, 3.5, 3.5, 3.5, 3.5, 3.5, 3.5, 3.5, 3.5, 3.5, 2.0]
LOSE: random_idx_1 = 2, random_idx_2 = 11
LOSE: random_idx_1 = 2, random_idx_2 = 9

iteration: 40
best: [5.96, 7.85, 11.7, 15.33, 17.86, 21.13, 29.28, 34.49, 37.09, 39.74, 41.48, 43.94, 46.47, 47.52]
time: [5.95, 7.84, 11.68, 15.24, 21.23, 24.23, 33.18, 1000, 1000, 1000, 1000, 1000, 1000, 1000]
current_hyper_parameter
v: [18.68, 12.0, 12.0, 12.0, 27.19, 34.61, 32.82, 12.0, 12.0, 12.0, 13.44, 25.58, 12.0, 29.52]
a: [94.98, 50.0, 109.2, 50.0, 142.6, 145.83, 104.34, 53.13, 50.0, 50.0, 50.0, 64.8, 50.0, 115.06]
d: [3.5, 3.5, 3.57, 3.5, 3.5, 3.5, 3.5, 3.5, 3.5, 3.5, 3.5, 3.5, 3.5, 2.0]
BEST_hyper_parameter
v: [18.68, 12.0, 12.0, 12.0, 27.19, 34.61, 32.82, 12.0, 12.0, 12.0, 13.44, 25.58, 12.0, 29.52]
a: [94.98, 50.0, 109.2, 50.0, 142.6, 145.83, 104.34, 53.13, 50.0, 50.0, 50.0, 64.8, 50.0, 115.06]
d: [3.5, 3.5, 3.57, 3.5, 3.5, 3.5, 3.5, 3.5, 3.5, 3.5, 3.5, 3.5, 3.5, 2.0]
LOSE: random_idx_1 = 2, random_idx_2 = 11
LOSE: random_idx_1 = 2, random_idx_2 = 2

iteration: 41
best: [5.95, 7.85, 11.7, 15.33, 17.86, 21.13, 29.28, 34.49, 37.09, 39.74, 41.48, 43.94, 46.47, 47.52]
time: [5.95, 7.83, 11.69, 15.26, 20.8, 23.86, 32.7, 1000, 1000, 1000, 1000, 1000, 1000, 1000]
current_hyper_parameter
v: [18.68, 12.0, 12.0, 12.0, 27.19, 34.61, 32.82, 12.0, 12.0, 12.0, 13.44, 25.58, 12.0, 29.52]
a: [94.98, 50.0, 109.2, 50.0, 142.6, 145.83, 104.34, 53.13, 50.0, 50.0, 50.0, 64.8, 50.0, 115.06]
d: [3.5, 3.5, 5.64, 3.5, 3.5, 3.5, 3.5, 3.5, 3.5, 3.5, 3.5, 3.5, 3.5, 2.0]
BEST_hyper_parameter
v: [18.68, 12.0, 12.0, 12.0, 27.19, 34.61, 32.82, 12.0, 12.0, 12.0, 13.44, 25.58, 12.0, 29.52]
a: [94.98, 50.0, 109.2, 50.0, 142.6, 145.83, 104.34, 53.13, 50.0, 50.0, 50.0, 64.8, 50.0, 115.06]
d: [3.5, 3.5, 3.57, 3.5, 3.5, 3.5, 3.5, 3.5, 3.5, 3.5, 3.5, 3.5, 3.5, 2.0]
LOSE: random_idx_1 = 1, random_idx_2 = 3
LOSE: random_idx_1 = 1, random_idx_2 = 1

iteration: 42
best: [5.95, 7.85, 11.7, 15.33, 17.86, 21.13, 29.28, 34.49, 37.09, 39.74, 41.48, 43.94, 46.47, 47.52]
time: [5.97, 7.94, 11.93, 14.99, 20.41, 23.59, 31.8, 1000, 1000, 1000, 1000, 1000, 1000, 1000]
current_hyper_parameter
v: [18.68, 12.0, 12.0, 12.0, 27.19, 34.61, 32.82, 12.0, 12.0, 12.0, 13.44, 25.58, 12.0, 29.52]
a: [94.98, 28.92, 109.2, 143.5, 142.6, 145.83, 104.34, 53.13, 50.0, 50.0, 50.0, 64.8, 50.0, 115.06]
d: [3.5, 3.5, 3.57, 3.5, 3.5, 3.5, 3.5, 3.5, 3.5, 3.5, 3.5, 3.5, 3.5, 2.0]
BEST_hyper_parameter
v: [18.68, 12.0, 12.0, 12.0, 27.19, 34.61, 32.82, 12.0, 12.0, 12.0, 13.44, 25.58, 12.0, 29.52]
a: [94.98, 50.0, 109.2, 50.0, 142.6, 145.83, 104.34, 53.13, 50.0, 50.0, 50.0, 64.8, 50.0, 115.06]
d: [3.5, 3.5, 3.57, 3.5, 3.5, 3.5, 3.5, 3.5, 3.5, 3.5, 3.5, 3.5, 3.5, 2.0]
LOSE: random_idx_1 = 2, random_idx_2 = 12
LOSE: random_idx_1 = 0, random_idx_2 = 12

iteration: 43
best: [5.97, 7.85, 11.7, 15.33, 17.86, 21.13, 29.28, 34.49, 37.09, 39.74, 41.48, 43.94, 46.47, 47.52]
time: [5.95, 7.84, 11.68, 15.25, 21.1, 24.3, 33.61, 41.01, 43.52, 46.26, 50.95, 52.37, 1000, 1000]
current_hyper_parameter
v: [18.68, 12.0, 12.0, 12.0, 27.19, 34.61, 32.82, 12.0, 12.0, 12.0, 13.44, 25.58, 26.42, 29.52]
a: [94.98, 50.0, 109.2, 50.0, 142.6, 145.83, 104.34, 53.13, 50.0, 50.0, 50.0, 64.8, 50.0, 115.06]
d: [3.5, 3.5, 3.57, 3.5, 3.5, 3.5, 3.5, 3.5, 3.5, 3.5, 3.5, 3.5, 3.5, 2.0]
BEST_hyper_parameter
v: [18.68, 12.0, 12.0, 12.0, 27.19, 34.61, 32.82, 12.0, 12.0, 12.0, 13.44, 25.58, 12.0, 29.52]
a: [94.98, 50.0, 109.2, 50.0, 142.6, 145.83, 104.34, 53.13, 50.0, 50.0, 50.0, 64.8, 50.0, 115.06]
d: [3.5, 3.5, 3.57, 3.5, 3.5, 3.5, 3.5, 3.5, 3.5, 3.5, 3.5, 3.5, 3.5, 2.0]
LOSE: random_idx_1 = 0, random_idx_2 = 0
LOSE: random_idx_1 = 2, random_idx_2 = 8

iteration: 44
best: [5.95, 7.85, 11.7, 15.33, 17.86, 21.13, 29.28, 34.49, 37.09, 39.74, 41.48, 43.94, 46.47, 47.52]
time: [6.72, 9.13, 13.11, 16.8, 19.24, 22.89, 31.73, 1000, 1000, 1000, 1000, 1000, 1000, 1000]
current_hyper_parameter
v: [9.17, 12.0, 12.0, 12.0, 27.19, 34.61, 32.82, 12.0, 12.0, 12.0, 13.44, 25.58, 12.0, 29.52]
a: [94.98, 50.0, 109.2, 50.0, 142.6, 145.83, 104.34, 53.13, 50.0, 50.0, 50.0, 64.8, 50.0, 115.06]
d: [3.5, 3.5, 3.57, 3.5, 3.5, 3.5, 3.5, 3.5, 3.5, 3.5, 3.5, 3.5, 3.5, 2.0]
BEST_hyper_parameter
v: [18.68, 12.0, 12.0, 12.0, 27.19, 34.61, 32.82, 12.0, 12.0, 12.0, 13.44, 25.58, 12.0, 29.52]
a: [94.98, 50.0, 109.2, 50.0, 142.6, 145.83, 104.34, 53.13, 50.0, 50.0, 50.0, 64.8, 50.0, 115.06]
d: [3.5, 3.5, 3.57, 3.5, 3.5, 3.5, 3.5, 3.5, 3.5, 3.5, 3.5, 3.5, 3.5, 2.0]
LOSE: random_idx_1 = 2, random_idx_2 = 3
LOSE: random_idx_1 = 1, random_idx_2 = 2

iteration: 45
best: [6.72, 7.85, 11.7, 15.33, 17.86, 21.13, 29.28, 34.49, 37.09, 39.74, 41.48, 43.94, 46.47, 47.52]
time: [6.5, 8.9, 12.88, 16.33, 22.08, 25.29, 33.66, 1000, 1000, 1000, 1000, 1000, 1000, 1000]
current_hyper_parameter
v: [9.17, 12.0, 12.0, 12.0, 27.19, 34.61, 32.82, 12.0, 12.0, 12.0, 13.44, 25.58, 12.0, 29.52]
a: [94.98, 50.0, 115.92, 50.0, 142.6, 145.83, 104.34, 53.13, 50.0, 50.0, 50.0, 64.8, 50.0, 115.06]
d: [3.5, 3.5, 3.57, 3.5, 3.5, 3.5, 3.5, 3.5, 3.5, 3.5, 3.5, 3.5, 3.5, 2.0]
BEST_hyper_parameter
v: [9.17, 12.0, 12.0, 12.0, 27.19, 34.61, 32.82, 12.0, 12.0, 12.0, 13.44, 25.58, 12.0, 29.52]
a: [94.98, 50.0, 109.2, 50.0, 142.6, 145.83, 104.34, 53.13, 50.0, 50.0, 50.0, 64.8, 50.0, 115.06]
d: [3.5, 3.5, 3.57, 3.5, 3.5, 3.5, 3.5, 3.5, 3.5, 3.5, 3.5, 3.5, 3.5, 2.0]
LOSE: random_idx_1 = 1, random_idx_2 = 7
LOSE: random_idx_1 = 0, random_idx_2 = 11

iteration: 46
best: [6.5, 7.85, 11.7, 15.33, 17.86, 21.13, 29.28, 34.49, 37.09, 39.74, 41.48, 43.94, 46.47, 47.52]
time: [6.49, 8.86, 12.86, 16.31, 21.83, 24.83, 33.63, 37.95, 45.76, 48.43, 1000, 1000, 1000, 1000]
current_hyper_parameter
v: [9.17, 12.0, 12.0, 12.0, 27.19, 34.61, 32.82, 12.0, 12.0, 12.0, 13.44, 24.83, 12.0, 29.52]
a: [94.98, 50.0, 109.2, 50.0, 142.6, 145.83, 104.34, 62.41, 50.0, 50.0, 50.0, 64.8, 50.0, 115.06]
d: [3.5, 3.5, 3.57, 3.5, 3.5, 3.5, 3.5, 3.5, 3.5, 3.5, 3.5, 3.5, 3.5, 2.0]
BEST_hyper_parameter
v: [9.17, 12.0, 12.0, 12.0, 27.19, 34.61, 32.82, 12.0, 12.0, 12.0, 13.44, 25.58, 12.0, 29.52]
a: [94.98, 50.0, 109.2, 50.0, 142.6, 145.83, 104.34, 53.13, 50.0, 50.0, 50.0, 64.8, 50.0, 115.06]
d: [3.5, 3.5, 3.57, 3.5, 3.5, 3.5, 3.5, 3.5, 3.5, 3.5, 3.5, 3.5, 3.5, 2.0]
LOSE: random_idx_1 = 2, random_idx_2 = 11
LOSE: random_idx_1 = 0, random_idx_2 = 4

iteration: 47
best: [6.49, 7.85, 11.7, 15.33, 17.86, 21.13, 29.28, 34.49, 37.09, 39.74, 41.48, 43.94, 46.47, 47.52]
time: [6.48, 8.87, 12.86, 16.43, 18.91, 22.57, 30.82, 1000, 1000, 1000, 1000, 1000, 1000, 1000]
current_hyper_parameter
v: [9.17, 12.0, 12.0, 12.0, 26.49, 34.61, 32.82, 12.0, 12.0, 12.0, 13.44, 25.58, 12.0, 29.52]
a: [94.98, 50.0, 109.2, 50.0, 142.6, 145.83, 104.34, 53.13, 50.0, 50.0, 50.0, 64.8, 50.0, 115.06]
d: [3.5, 3.5, 3.57, 3.5, 3.5, 3.5, 3.5, 3.5, 3.5, 3.5, 3.5, 3.5, 3.5, 2.0]
BEST_hyper_parameter
v: [9.17, 12.0, 12.0, 12.0, 27.19, 34.61, 32.82, 12.0, 12.0, 12.0, 13.44, 25.58, 12.0, 29.52]
a: [94.98, 50.0, 109.2, 50.0, 142.6, 145.83, 104.34, 53.13, 50.0, 50.0, 50.0, 64.8, 50.0, 115.06]
d: [3.5, 3.5, 3.57, 3.5, 3.5, 3.5, 3.5, 3.5, 3.5, 3.5, 3.5, 3.5, 3.5, 2.0]
LOSE: random_idx_1 = 2, random_idx_2 = 3
LOSE: random_idx_1 = 2, random_idx_2 = 11

iteration: 48
best: [6.48, 7.85, 11.7, 15.33, 17.86, 21.13, 29.28, 34.49, 37.09, 39.74, 41.48, 43.94, 46.47, 47.52]
time: [6.74, 9.16, 13.06, 16.46, 18.94, 22.36, 31.13, 1000, 1000, 1000, 1000, 1000, 1000, 1000]
current_hyper_parameter
v: [9.17, 12.0, 12.0, 12.0, 27.19, 34.61, 32.82, 12.0, 12.0, 12.0, 13.44, 25.58, 12.0, 29.52]
a: [94.98, 50.0, 109.2, 50.0, 142.6, 145.83, 104.34, 53.13, 50.0, 50.0, 50.0, 64.8, 50.0, 115.06]
d: [3.5, 3.5, 3.57, 3.5, 3.5, 3.5, 3.5, 3.5, 3.5, 3.5, 3.5, 3.5, 3.5, 2.0]
BEST_hyper_parameter
v: [9.17, 12.0, 12.0, 12.0, 27.19, 34.61, 32.82, 12.0, 12.0, 12.0, 13.44, 25.58, 12.0, 29.52]
a: [94.98, 50.0, 109.2, 50.0, 142.6, 145.83, 104.34, 53.13, 50.0, 50.0, 50.0, 64.8, 50.0, 115.06]
d: [3.5, 3.5, 3.57, 3.5, 3.5, 3.5, 3.5, 3.5, 3.5, 3.5, 3.5, 3.5, 3.5, 2.0]
LOSE: random_idx_1 = 0, random_idx_2 = 13
LOSE: random_idx_1 = 0, random_idx_2 = 13

iteration: 49
best: [6.74, 7.85, 11.7, 15.33, 17.86, 21.13, 29.28, 34.49, 37.09, 39.74, 41.48, 43.94, 46.47, 47.52]
time: [6.71, 9.14, 13.06, 16.45, 18.91, 22.59, 31.85, 1000, 1000, 1000, 1000, 1000, 1000, 1000]
current_hyper_parameter
v: [9.17, 12.0, 12.0, 12.0, 27.19, 34.61, 32.82, 12.0, 12.0, 12.0, 13.44, 25.58, 12.0, 29.47]
a: [94.98, 50.0, 109.2, 50.0, 142.6, 145.83, 104.34, 53.13, 50.0, 50.0, 50.0, 64.8, 50.0, 115.06]
d: [3.5, 3.5, 3.57, 3.5, 3.5, 3.5, 3.5, 3.5, 3.5, 3.5, 3.5, 3.5, 3.5, 2.0]
BEST_hyper_parameter
v: [9.17, 12.0, 12.0, 12.0, 27.19, 34.61, 32.82, 12.0, 12.0, 12.0, 13.44, 25.58, 12.0, 29.52]
a: [94.98, 50.0, 109.2, 50.0, 142.6, 145.83, 104.34, 53.13, 50.0, 50.0, 50.0, 64.8, 50.0, 115.06]
d: [3.5, 3.5, 3.57, 3.5, 3.5, 3.5, 3.5, 3.5, 3.5, 3.5, 3.5, 3.5, 3.5, 2.0]
LOSE: random_idx_1 = 0, random_idx_2 = 12
LOSE: random_idx_1 = 0, random_idx_2 = 1

iteration: 50
best: [6.71, 7.85, 11.7, 15.33, 17.86, 21.13, 29.28, 34.49, 37.09, 39.74, 41.48, 43.94, 46.47, 47.52]
time: [6.72, 8.97, 12.86, 16.32, 21.84, 24.86, 33.54, 41.26, 43.93, 46.56, 1000, 1000, 1000, 1000]
current_hyper_parameter
v: [9.17, 25.79, 12.0, 12.0, 27.19, 34.61, 32.82, 12.0, 12.0, 12.0, 13.44, 25.58, 18.35, 29.52]
a: [94.98, 50.0, 109.2, 50.0, 142.6, 145.83, 104.34, 53.13, 50.0, 50.0, 50.0, 64.8, 50.0, 115.06]
d: [3.5, 3.5, 3.57, 3.5, 3.5, 3.5, 3.5, 3.5, 3.5, 3.5, 3.5, 3.5, 3.5, 2.0]
BEST_hyper_parameter
v: [9.17, 12.0, 12.0, 12.0, 27.19, 34.61, 32.82, 12.0, 12.0, 12.0, 13.44, 25.58, 12.0, 29.52]
a: [94.98, 50.0, 109.2, 50.0, 142.6, 145.83, 104.34, 53.13, 50.0, 50.0, 50.0, 64.8, 50.0, 115.06]
d: [3.5, 3.5, 3.57, 3.5, 3.5, 3.5, 3.5, 3.5, 3.5, 3.5, 3.5, 3.5, 3.5, 2.0]
LOSE: random_idx_1 = 2, random_idx_2 = 1
LOSE: random_idx_1 = 1, random_idx_2 = 5

iteration: 51
best: [6.72, 7.85, 11.7, 15.33, 17.86, 21.13, 29.28, 34.49, 37.09, 39.74, 41.48, 43.94, 46.47, 47.52]
time: [6.51, 8.9, 12.92, 16.34, 18.76, 22.48, 31.09, 35.78, 38.47, 41.18, 43.07, 45.57, 48.15, 1000]
current_hyper_parameter
v: [9.17, 12.0, 12.0, 12.0, 27.19, 34.61, 32.82, 12.0, 12.0, 12.0, 13.44, 25.58, 12.0, 29.52]
a: [94.98, 50.0, 109.2, 50.0, 142.6, 128.24, 104.34, 53.13, 50.0, 50.0, 50.0, 64.8, 50.0, 115.06]
d: [3.5, 3.5, 3.57, 3.5, 3.5, 3.5, 3.5, 3.5, 3.5, 3.5, 3.5, 3.5, 3.5, 2.0]
BEST_hyper_parameter
v: [9.17, 12.0, 12.0, 12.0, 27.19, 34.61, 32.82, 12.0, 12.0, 12.0, 13.44, 25.58, 12.0, 29.52]
a: [94.98, 50.0, 109.2, 50.0, 142.6, 145.83, 104.34, 53.13, 50.0, 50.0, 50.0, 64.8, 50.0, 115.06]
d: [3.5, 3.5, 3.57, 3.5, 3.5, 3.5, 3.5, 3.5, 3.5, 3.5, 3.5, 3.5, 3.5, 2.0]
LOSE: random_idx_1 = 2, random_idx_2 = 12
LOSE: random_idx_1 = 2, random_idx_2 = 11

iteration: 52
best: [6.51, 7.85, 11.7, 15.33, 17.86, 21.13, 29.28, 34.49, 37.09, 39.74, 41.48, 43.94, 46.47, 47.52]
time: [6.72, 9.13, 13.05, 16.42, 18.88, 22.2, 30.27, 1000, 1000, 1000, 1000, 1000, 1000, 1000]
current_hyper_parameter
v: [9.17, 12.0, 12.0, 12.0, 27.19, 34.61, 32.82, 12.0, 12.0, 12.0, 13.44, 25.58, 12.0, 29.52]
a: [94.98, 50.0, 109.2, 50.0, 142.6, 145.83, 104.34, 53.13, 50.0, 50.0, 50.0, 64.8, 50.0, 115.06]
d: [3.5, 3.5, 3.57, 3.5, 3.5, 3.5, 3.5, 3.5, 3.5, 3.5, 3.5, 3.5, 3.5, 2.0]
BEST_hyper_parameter
v: [9.17, 12.0, 12.0, 12.0, 27.19, 34.61, 32.82, 12.0, 12.0, 12.0, 13.44, 25.58, 12.0, 29.52]
a: [94.98, 50.0, 109.2, 50.0, 142.6, 145.83, 104.34, 53.13, 50.0, 50.0, 50.0, 64.8, 50.0, 115.06]
d: [3.5, 3.5, 3.57, 3.5, 3.5, 3.5, 3.5, 3.5, 3.5, 3.5, 3.5, 3.5, 3.5, 2.0]
LOSE: random_idx_1 = 0, random_idx_2 = 2
LOSE: random_idx_1 = 2, random_idx_2 = 13
