iteration: 1, best:[5.78, 7.44, 10.66, 12.89, 18.81, 21.66, 30.75, 33.41, 34.72, 37.17, 38.63, 40.18, 43.39, 44.88]
time: [5.75, 7.39, 10.54, 12.67, 15.2, 18.36, 27.36, 30.49, 32.68, 35.52, 37.6, 39.4, 1000, 1000]
v: [19.64, 19.29, 16.85, 27.99, 24.3, 20.97, 30.66, 20.82, 30.25, 27.83, 20.53, 27.64, 19.86, 24.83]
a: [123.77, 63.28, 86.04, 150.8, 70.17, 185.92, 93.32, 159.33, 61.77, 50.0, 50.0, 135.82, 39.34, 55.9]
d: [3.77, 5.91, 5.14, 3.5, 3.61, 3.89, 3.5, 3.73, 3.88, 3.5, 3.5, 3.5, 4.91, 2.0]

iteration: 2, best:[5.78, 7.44, 10.66, 12.89, 15.2, 18.36, 27.36, 30.49, 32.68, 35.52, 37.6, 39.4, 43.39, 44.88]
time: [5.85, 7.54, 10.79, 13.02, 19.01, 21.76, 30.9, 33.62, 34.92, 37.46, 38.98, 40.72, 43.57, 44.64]
v: [19.64, 19.29, 16.85, 27.99, 24.3, 20.97, 30.66, 20.82, 30.25, 27.83, 20.53, 27.64, 19.86, 17.1]
a: [123.77, 63.28, 86.04, 150.8, 70.17, 185.92, 93.32, 159.33, 61.77, 50.0, 50.0, 135.82, 39.34, 151.37]
d: [3.77, 5.91, 5.14, 3.5, 3.61, 3.89, 3.5, 3.73, 3.88, 3.5, 3.5, 3.5, 4.91, 2.0]

iteration: 3, best:[5.78, 7.44, 10.66, 12.89, 15.2, 18.36, 27.36, 30.49, 32.68, 35.52, 37.6, 39.4, 43.39, 44.64]
time: [5.86, 7.45, 10.59, 12.96, 15.74, 18.72, 27.55, 30.2, 35.81, 38.92, 1000, 1000, 1000, 1000]
v: [19.64, 19.15, 16.85, 27.99, 24.3, 20.97, 30.66, 20.82, 30.25, 27.83, 20.53, 27.64, 19.86, 17.1]
a: [123.77, 88.55, 86.04, 150.8, 70.17, 185.92, 93.32, 159.33, 61.77, 50.0, 50.0, 135.82, 39.34, 151.37]
d: [3.77, 5.91, 5.14, 3.5, 3.61, 3.89, 3.5, 3.73, 3.88, 3.5, 3.5, 3.5, 4.91, 2.0]

iteration: 4, best:[5.78, 7.44, 10.66, 12.89, 15.2, 18.36, 27.36, 30.49, 32.68, 35.52, 37.6, 39.4, 43.39, 44.64]
time: [5.85, 7.55, 10.76, 12.98, 15.88, 1000, 1000, 1000, 1000, 1000, 1000, 1000, 1000, 1000]
v: [19.64, 19.29, 16.85, 27.99, 16.55, 20.97, 24.71, 20.82, 13.01, 27.83, 28.65, 16.14, 33.47, 17.1]
a: [123.77, 63.28, 86.04, 150.8, 85.58, 185.92, 31.17, 159.33, 170.43, 50.0, 143.7, 59.71, 39.34, 151.37]
d: [3.77, 5.91, 5.14, 3.5, 4.79, 3.89, 3.5, 3.73, 3.88, 3.5, 4.81, 5.17, 4.91, 2.0]

iteration: 5, best:[5.78, 7.44, 10.66, 12.89, 15.2, 18.36, 27.36, 30.49, 32.68, 35.52, 37.6, 39.4, 43.39, 44.64]
time: [5.81, 7.46, 10.7, 12.96, 18.91, 32.33, 1000, 1000, 1000, 1000, 1000, 1000, 1000, 1000]
v: [19.64, 19.29, 16.85, 27.99, 30.65, 19.48, 13.23, 32.11, 27.91, 11.0, 10.63, 24.76, 22.85, 17.1]
a: [123.77, 63.28, 86.04, 150.8, 70.17, 28.28, 179.63, 159.33, 61.77, 50.0, 50.0, 58.76, 39.34, 151.37]
d: [3.77, 5.91, 5.14, 3.5, 3.61, 4.54, 5.73, 3.73, 5.07, 3.5, 5.71, 5.35, 4.91, 2.0]

mutation at idx = 0iteration: 6, best:[5.78, 7.44, 10.66, 12.89, 15.2, 18.36, 27.36, 30.49, 32.68, 35.52, 37.6, 39.4, 43.39, 44.64]
time: [6.17, 8.08, 11.44, 13.59, 19.6, 22.52, 32.13, 34.85, 36.35, 38.3, 1000, 1000, 1000, 1000]
v: [16.98, 19.29, 16.85, 27.99, 24.3, 20.97, 30.66, 24.07, 14.77, 29.89, 30.27, 27.64, 30.8, 17.1]
a: [72.84, 63.28, 86.04, 150.8, 70.17, 185.92, 93.32, 99.71, 149.1, 50.0, 146.1, 135.82, 43.69, 151.37]
d: [4.71, 5.91, 5.14, 3.5, 3.61, 3.89, 3.5, 3.73, 5.16, 3.5, 3.5, 3.5, 4.93, 2.0]

iteration: 7, best:[5.78, 7.44, 10.66, 12.89, 15.2, 18.36, 27.36, 30.49, 32.68, 35.52, 37.6, 39.4, 43.39, 44.64]
time: [5.81, 7.44, 10.23, 13.24, 18.86, 23.02, 30.95, 1000, 1000, 1000, 1000, 1000, 1000, 1000]
v: [25.37, 26.11, 23.21, 20.44, 31.9, 17.26, 32.59, 26.5, 30.91, 28.25, 33.49, 11.72, 33.08, 17.1]
a: [123.77, 63.28, 95.99, 45.1, 120.02, 194.08, 184.21, 34.3, 61.77, 59.07, 189.76, 22.48, 132.73, 151.37]
d: [3.7, 5.91, 5.14, 3.5, 4.91, 4.37, 4.72, 3.73, 3.89, 3.5, 5.99, 5.94, 4.91, 2.0]

iteration: 8, best:[5.78, 7.44, 10.23, 12.89, 15.2, 18.36, 27.36, 30.49, 32.68, 35.52, 37.6, 39.4, 43.39, 44.64]
time: [5.85, 7.47, 10.28, 12.82, 18.63, 21.86, 31.65, 34.14, 1000, 1000, 1000, 1000, 1000, 1000]
v: [19.64, 19.29, 23.21, 14.64, 34.82, 20.97, 24.13, 20.71, 12.65, 27.83, 24.14, 28.28, 19.86, 17.1]
a: [123.77, 63.28, 95.99, 172.37, 122.2, 185.92, 93.32, 159.33, 20.48, 50.0, 39.13, 135.82, 39.34, 151.37]
d: [3.77, 5.91, 5.14, 5.66, 3.71, 3.89, 3.5, 5.69, 5.0, 3.5, 3.51, 3.55, 4.91, 2.0]

iteration: 9, best:[5.78, 7.44, 10.23, 12.89, 15.2, 18.36, 27.36, 30.49, 32.68, 35.52, 37.6, 39.4, 43.39, 44.64]
time: [5.85, 7.5, 10.31, 12.37, 15.0, 18.22, 26.47, 29.26, 1000, 1000, 1000, 1000, 1000, 1000]
v: [19.64, 19.29, 23.21, 27.99, 32.01, 29.52, 33.47, 20.82, 31.76, 12.46, 20.53, 13.42, 19.86, 23.27]
a: [123.77, 63.28, 95.99, 150.8, 90.85, 168.43, 93.32, 159.33, 36.61, 132.99, 50.0, 61.04, 39.34, 88.01]
d: [3.77, 5.91, 5.14, 3.5, 3.84, 3.89, 4.81, 3.73, 3.88, 3.5, 3.5, 3.5, 4.91, 2.0]

iteration: 10, best:[5.78, 7.44, 10.23, 12.37, 15.2, 18.36, 26.47, 29.26, 32.68, 35.52, 37.6, 39.4, 43.39, 44.64]
time: [5.86, 7.49, 10.3, 12.39, 18.53, 21.35, 30.14, 32.61, 33.82, 35.91, 41.27, 1000, 1000, 1000]
v: [19.64, 19.29, 23.21, 27.99, 24.3, 20.97, 33.47, 20.82, 18.32, 27.83, 20.53, 29.77, 13.4, 17.1]
a: [123.77, 63.28, 95.99, 150.8, 70.17, 185.92, 93.32, 159.33, 162.63, 50.0, 50.0, 21.72, 150.51, 151.37]
d: [3.77, 5.91, 5.14, 3.5, 3.61, 3.89, 4.81, 3.73, 3.88, 3.5, 3.5, 3.5, 4.91, 2.0]

iteration: 11, best:[5.78, 7.44, 10.23, 12.37, 15.2, 18.36, 26.47, 29.26, 32.68, 35.52, 37.6, 39.4, 43.39, 44.64]
time: [5.84, 7.49, 10.28, 12.36, 18.47, 22.44, 34.92, 1000, 1000, 1000, 1000, 1000, 1000, 1000]
v: [19.64, 19.29, 23.21, 27.99, 24.3, 27.97, 20.31, 28.75, 19.29, 27.83, 12.11, 32.72, 19.86, 21.57]
a: [123.77, 63.28, 95.99, 150.8, 70.17, 59.01, 137.01, 42.65, 38.02, 50.0, 50.0, 135.82, 39.34, 150.81]
d: [3.77, 5.91, 5.14, 3.5, 3.61, 3.69, 4.9, 5.81, 3.88, 3.5, 5.85, 4.14, 4.91, 2.0]

iteration: 12, best:[5.78, 7.44, 10.23, 12.37, 15.2, 18.36, 26.47, 29.26, 32.68, 35.52, 37.6, 39.4, 43.39, 44.64]
time: [5.85, 7.48, 10.28, 12.4, 15.81, 18.56, 31.75, 34.55, 1000, 1000, 1000, 1000, 1000, 1000]
v: [19.64, 19.29, 23.21, 27.99, 11.96, 20.97, 19.65, 20.82, 24.77, 31.63, 23.21, 28.08, 19.86, 25.52]
a: [123.77, 63.28, 95.99, 150.8, 70.17, 185.92, 36.78, 159.33, 169.54, 190.72, 50.0, 101.85, 39.34, 151.37]
d: [3.77, 5.91, 5.14, 3.5, 3.61, 3.89, 4.47, 3.73, 3.88, 4.99, 5.63, 3.5, 4.91, 2.0]

mutation at idx = 2iteration: 13, best:[5.78, 7.44, 10.23, 12.37, 15.2, 18.36, 26.47, 29.26, 32.68, 35.52, 37.6, 39.4, 43.39, 44.64]
time: [5.85, 7.47, 10.2, 12.29, 14.96, 18.12, 31.26, 33.89, 35.61, 1000, 1000, 1000, 1000, 1000]
v: [19.64, 19.29, 25.98, 27.99, 24.63, 22.59, 29.81, 24.71, 26.29, 27.83, 15.49, 18.16, 18.49, 17.1]
a: [123.77, 63.28, 95.99, 150.8, 70.17, 185.92, 21.62, 121.16, 126.67, 50.0, 177.89, 147.11, 145.05, 151.37]
d: [3.77, 5.91, 5.13, 3.5, 3.61, 3.89, 5.68, 3.73, 3.88, 3.5, 3.5, 3.5, 4.91, 2.0]

iteration: 14, best:[5.78, 7.44, 10.23, 12.37, 15.2, 18.36, 26.47, 29.26, 32.68, 35.52, 37.6, 39.4, 43.39, 44.64]
time: [5.79, 7.45, 10.27, 12.33, 14.96, 18.15, 29.39, 32.03, 1000, 1000, 1000, 1000, 1000, 1000]
v: [19.64, 19.29, 23.21, 27.99, 24.3, 20.97, 22.3, 20.82, 29.72, 24.2, 27.23, 18.37, 26.6, 16.45]
a: [123.77, 63.28, 95.99, 150.8, 70.17, 185.92, 51.42, 159.33, 56.25, 186.24, 130.41, 135.82, 39.34, 151.37]
d: [3.77, 5.91, 5.14, 3.5, 3.61, 3.89, 4.81, 3.73, 3.96, 5.51, 3.83, 3.88, 4.69, 2.0]

mutation at idx = 3iteration: 15, best:[5.78, 7.44, 10.23, 12.37, 15.2, 18.36, 26.47, 29.26, 32.68, 35.52, 37.6, 39.4, 43.39, 44.64]
time: [5.83, 7.48, 10.3, 15.27, 1000, 1000, 1000, 1000, 1000, 1000, 1000, 1000, 1000, 1000]
v: [19.64, 19.29, 23.21, 33.09, 24.3, 20.97, 16.17, 20.83, 20.98, 27.73, 27.74, 27.64, 13.59, 27.07]
a: [123.77, 63.28, 95.99, 166.88, 70.17, 185.92, 170.37, 104.31, 61.77, 132.52, 175.15, 135.82, 39.34, 97.28]
d: [3.77, 5.91, 5.14, 5.61, 3.61, 3.89, 4.81, 3.73, 3.88, 5.56, 4.91, 3.5, 4.11, 2.0]

iteration: 16, best:[5.78, 7.44, 10.23, 12.37, 15.2, 18.36, 26.47, 29.26, 32.68, 35.52, 37.6, 39.4, 43.39, 44.64]
time: [5.85, 7.5, 10.31, 12.32, 1000, 1000, 1000, 1000, 1000, 1000, 1000, 1000, 1000, 1000]
v: [19.64, 19.29, 23.21, 33.03, 15.59, 20.76, 14.75, 14.52, 30.25, 12.06, 20.53, 14.55, 34.1, 21.56]
a: [123.77, 63.28, 95.99, 150.8, 134.16, 141.64, 93.32, 72.96, 61.77, 105.89, 50.0, 135.82, 176.3, 141.72]
d: [3.77, 5.91, 5.14, 3.82, 3.61, 3.89, 4.81, 5.22, 3.88, 3.5, 3.5, 5.56, 4.11, 2.0]

iteration: 17, best:[5.78, 7.44, 10.23, 12.37, 15.2, 18.36, 26.47, 29.26, 32.68, 35.52, 37.6, 39.4, 43.39, 44.64]
time: [5.87, 7.51, 10.28, 12.4, 1000, 1000, 1000, 1000, 1000, 1000, 1000, 1000, 1000, 1000]
v: [19.64, 19.29, 23.21, 27.99, 10.58, 26.76, 19.93, 34.76, 30.25, 29.3, 28.96, 29.6, 19.73, 27.75]
a: [123.77, 63.28, 95.99, 150.8, 23.37, 129.5, 93.32, 52.01, 61.77, 89.26, 50.0, 138.83, 24.75, 151.37]
d: [3.77, 5.91, 5.14, 3.5, 5.86, 4.95, 4.81, 3.73, 3.88, 3.5, 3.5, 5.31, 4.91, 2.0]

iteration: 18, best:[5.78, 7.44, 10.23, 12.37, 15.2, 18.36, 26.47, 29.26, 32.68, 35.52, 37.6, 39.4, 43.39, 44.64]
time: [5.79, 7.46, 10.26, 12.36, 18.55, 21.56, 39.89, 42.65, 1000, 1000, 1000, 1000, 1000, 1000]
v: [19.64, 19.29, 23.21, 27.99, 17.49, 27.13, 13.53, 20.27, 25.92, 13.41, 20.53, 27.93, 19.86, 18.29]
a: [123.77, 63.28, 95.99, 150.8, 70.17, 78.63, 93.32, 159.33, 61.77, 147.1, 50.0, 25.67, 39.34, 151.37]
d: [3.77, 5.91, 5.14, 3.5, 5.53, 3.89, 4.14, 4.72, 3.88, 3.52, 3.5, 3.77, 4.91, 2.0]

iteration: 19, best:[5.78, 7.44, 10.23, 12.37, 15.2, 18.36, 26.47, 29.26, 32.68, 35.52, 37.6, 39.4, 43.39, 44.64]
time: [5.87, 7.47, 10.28, 12.39, 1000, 1000, 1000, 1000, 1000, 1000, 1000, 1000, 1000, 1000]
v: [19.64, 19.29, 23.21, 27.99, 28.8, 18.82, 21.4, 18.43, 32.53, 19.73, 20.53, 13.91, 14.64, 17.1]
a: [123.77, 63.28, 95.99, 150.8, 120.98, 129.12, 93.32, 159.33, 61.77, 68.45, 50.0, 197.94, 81.25, 151.37]
d: [3.77, 5.91, 5.14, 3.5, 3.61, 3.89, 5.66, 3.73, 3.88, 4.33, 3.5, 3.5, 4.73, 2.0]

mutation at idx = 2iteration: 20, best:[5.78, 7.44, 10.23, 12.37, 15.2, 18.36, 26.47, 29.26, 32.68, 35.52, 37.6, 39.4, 43.39, 44.64]
time: [5.85, 7.47, 10.13, 12.28, 15.0, 18.17, 31.82, 34.49, 47.6, 1000, 1000, 1000, 1000, 1000]
v: [19.64, 19.29, 28.5, 27.99, 24.3, 23.98, 13.49, 20.82, 29.71, 18.44, 34.5, 13.42, 17.79, 29.14]
a: [123.77, 63.28, 95.99, 150.8, 70.17, 195.73, 38.45, 159.33, 163.19, 70.88, 81.55, 194.88, 39.34, 140.98]
d: [3.77, 5.91, 5.14, 3.5, 3.61, 5.09, 3.5, 3.73, 4.83, 3.5, 3.5, 5.47, 4.91, 2.0]

mutation at idx = 4iteration: 21, best:[5.78, 7.44, 10.23, 12.37, 15.2, 18.36, 26.47, 29.26, 32.68, 35.52, 37.6, 39.4, 43.39, 44.64]
time: [5.85, 7.55, 13.36, 15.4, 19.09, 21.53, 30.66, 41.73, 1000, 1000, 1000, 1000, 1000, 1000]
v: [19.64, 19.29, 23.21, 27.99, 27.73, 20.97, 33.47, 32.45, 16.59, 19.43, 28.42, 30.15, 10.85, 30.22]
a: [123.77, 63.28, 95.99, 150.8, 37.74, 185.92, 93.32, 60.22, 61.77, 50.0, 50.0, 51.0, 134.63, 50.31]
d: [3.77, 5.91, 5.14, 3.5, 3.61, 3.89, 4.81, 5.93, 3.88, 4.33, 3.5, 3.5, 5.47, 2.0]

iteration: 22, best:[5.78, 7.44, 10.23, 12.37, 15.2, 18.36, 26.47, 29.26, 32.68, 35.52, 37.6, 39.4, 43.39, 44.64]
time: [5.85, 7.49, 10.3, 12.4, 15.02, 30.9, 41.5, 44.96, 46.35, 1000, 1000, 1000, 1000, 1000]
v: [19.64, 19.29, 23.21, 27.99, 32.8, 21.48, 25.96, 28.22, 30.25, 17.47, 20.36, 23.17, 13.97, 25.13]
a: [123.77, 63.28, 95.99, 150.8, 91.25, 42.36, 196.1, 77.64, 61.77, 192.45, 58.58, 135.82, 39.34, 148.68]
d: [3.77, 5.91, 5.14, 3.5, 4.76, 4.64, 4.81, 3.73, 3.88, 4.61, 3.5, 3.5, 4.91, 2.0]

iteration: 23, best:[5.78, 7.44, 10.23, 12.37, 15.2, 18.36, 26.47, 29.26, 32.68, 35.52, 37.6, 39.4, 43.39, 44.64]
time: [5.79, 7.45, 10.28, 12.36, 18.34, 21.64, 33.43, 36.63, 38.4, 40.27, 1000, 1000, 1000, 1000]
v: [19.64, 19.29, 23.21, 27.99, 24.3, 25.38, 30.16, 23.97, 23.62, 18.61, 29.87, 27.64, 24.8, 23.03]
a: [123.77, 63.28, 95.99, 150.8, 70.17, 105.08, 41.27, 71.2, 61.77, 92.68, 88.96, 135.82, 183.64, 132.02]
d: [3.77, 5.91, 5.14, 3.5, 3.61, 4.85, 4.81, 3.73, 3.88, 4.99, 3.5, 3.5, 5.54, 2.0]

mutation at idx = 3iteration: 24, best:[5.78, 7.44, 10.23, 12.37, 15.2, 18.36, 26.47, 29.26, 32.68, 35.52, 37.6, 39.4, 43.39, 44.64]
time: [5.84, 7.49, 10.31, 1000, 1000, 1000, 1000, 1000, 1000, 1000, 1000, 1000, 1000, 1000]
v: [19.64, 19.29, 23.21, 29.37, 34.73, 19.76, 15.15, 19.89, 24.65, 21.14, 20.53, 25.74, 16.63, 17.1]
a: [123.77, 63.28, 95.99, 21.44, 70.17, 95.36, 53.06, 59.48, 168.52, 103.61, 50.0, 154.15, 39.34, 151.37]
d: [3.77, 5.91, 5.14, 3.5, 5.96, 5.52, 4.49, 5.99, 5.45, 4.81, 3.5, 3.5, 5.26, 2.0]

iteration: 25, best:[5.78, 7.44, 10.23, 12.37, 15.2, 18.36, 26.47, 29.26, 32.68, 35.52, 37.6, 39.4, 43.39, 44.64]
time: [5.84, 7.49, 10.29, 13.07, 16.04, 19.46, 35.52, 37.79, 1000, 1000, 1000, 1000, 1000, 1000]
v: [19.64, 19.29, 23.21, 15.31, 24.3, 18.28, 15.92, 29.8, 23.47, 27.83, 20.53, 18.76, 29.76, 17.1]
a: [123.77, 63.28, 95.99, 77.14, 70.17, 144.96, 93.32, 159.33, 61.77, 50.0, 50.0, 105.13, 75.21, 151.37]
d: [3.77, 5.91, 5.14, 4.44, 3.61, 3.89, 5.1, 3.68, 3.88, 3.5, 3.5, 5.45, 5.36, 2.0]

mutation at idx = 0iteration: 26, best:[5.78, 7.44, 10.23, 12.37, 15.2, 18.36, 26.47, 29.26, 32.68, 35.52, 37.6, 39.4, 43.39, 44.64]
time: [6.01, 7.76, 10.62, 15.86, 21.07, 25.98, 36.39, 39.27, 48.4, 1000, 1000, 1000, 1000, 1000]
v: [13.94, 19.29, 23.21, 27.69, 31.4, 24.49, 31.16, 20.82, 27.15, 27.83, 11.69, 34.86, 14.77, 29.53]
a: [136.95, 63.28, 95.99, 131.68, 109.71, 37.9, 93.32, 159.33, 61.77, 50.0, 125.6, 135.82, 111.78, 162.26]
d: [3.77, 5.91, 5.14, 5.79, 5.54, 3.89, 4.34, 3.73, 4.36, 3.5, 3.5, 5.58, 4.91, 2.0]

iteration: 27, best:[5.78, 7.44, 10.23, 12.37, 15.2, 18.36, 26.47, 29.26, 32.68, 35.52, 37.6, 39.4, 43.39, 44.64]
time: [5.84, 7.49, 10.28, 12.35, 1000, 1000, 1000, 1000, 1000, 1000, 1000, 1000, 1000, 1000]
v: [19.64, 19.29, 23.21, 29.74, 15.48, 20.97, 33.47, 31.03, 30.25, 28.16, 27.16, 13.82, 12.91, 19.74]
a: [123.77, 63.28, 95.99, 150.8, 24.07, 185.92, 93.32, 174.36, 61.77, 189.11, 108.54, 69.61, 134.33, 173.87]
d: [3.77, 5.91, 5.14, 3.5, 3.61, 3.89, 4.81, 5.47, 3.88, 4.96, 3.5, 3.5, 4.91, 2.0]

mutation at idx = 1iteration: 28, best:[5.78, 7.44, 10.23, 12.37, 15.2, 18.36, 26.47, 29.26, 32.68, 35.52, 37.6, 39.4, 43.39, 44.64]
time: [5.91, 7.59, 10.46, 12.49, 15.07, 18.16, 27.11, 29.92, 31.56, 33.32, 35.82, 41.85, 47.43, 1000]
v: [19.64, 21.53, 23.21, 27.99, 24.3, 34.6, 27.41, 15.88, 15.53, 16.49, 18.26, 27.64, 23.68, 26.02]
a: [123.77, 63.28, 95.99, 150.8, 70.17, 185.92, 100.78, 124.02, 173.27, 113.58, 50.0, 135.82, 82.54, 151.37]
d: [3.77, 5.91, 5.14, 3.5, 3.61, 3.89, 4.81, 4.02, 4.6, 3.5, 3.5, 3.5, 4.97, 2.0]

mutation at idx = 4iteration: 29, best:[5.78, 7.44, 10.23, 12.37, 15.2, 18.36, 26.47, 29.26, 32.68, 35.52, 37.6, 39.4, 43.39, 44.64]
time: [5.83, 7.48, 10.28, 12.34, 14.99, 18.21, 26.81, 29.66, 31.27, 33.41, 37.85, 39.63, 41.5, 42.45]
v: [19.64, 19.29, 23.21, 27.99, 17.38, 20.97, 33.47, 21.55, 11.85, 13.7, 12.23, 26.97, 14.52, 17.1]
a: [123.77, 63.28, 95.99, 150.8, 75.03, 185.92, 93.32, 115.09, 142.18, 50.0, 66.85, 135.82, 155.28, 151.37]
d: [3.77, 5.91, 5.14, 3.5, 3.8, 3.89, 4.81, 3.73, 4.3, 3.5, 4.63, 4.84, 4.91, 2.0]

iteration: 30, best:[5.78, 7.44, 10.23, 12.34, 14.99, 18.21, 26.47, 29.26, 31.27, 33.41, 37.6, 39.4, 41.5, 42.45]
time: [5.83, 7.48, 10.28, 12.35, 18.59, 21.68, 30.46, 33.16, 34.65, 36.66, 49.79, 1000, 1000, 1000]
v: [19.64, 19.29, 23.21, 27.99, 17.38, 20.97, 33.47, 21.55, 14.12, 13.7, 12.23, 26.97, 14.52, 17.1]
a: [123.77, 63.28, 95.99, 150.8, 75.03, 185.92, 93.32, 115.09, 175.31, 50.0, 66.85, 135.82, 155.28, 151.37]
d: [3.77, 5.91, 5.14, 3.5, 3.8, 3.89, 4.81, 3.73, 4.3, 3.5, 4.63, 4.84, 4.91, 2.0]

iteration: 31, best:[5.78, 7.44, 10.23, 12.34, 14.99, 18.21, 26.47, 29.26, 31.27, 33.41, 37.6, 39.4, 41.5, 42.45]
time: [5.84, 7.48, 10.28, 12.36, 15.18, 21.59, 36.1, 39.02, 1000, 1000, 1000, 1000, 1000, 1000]
v: [19.64, 19.29, 23.21, 27.99, 21.17, 13.7, 24.49, 29.65, 11.85, 34.36, 33.73, 13.36, 32.48, 17.1]
a: [123.77, 63.28, 95.99, 150.8, 55.16, 185.92, 45.83, 115.09, 142.18, 157.15, 182.96, 41.72, 73.71, 151.37]
d: [3.77, 5.91, 5.14, 3.5, 3.8, 5.9, 3.55, 3.73, 4.3, 3.5, 4.63, 4.84, 4.27, 2.0]

iteration: 32, best:[5.78, 7.44, 10.23, 12.34, 14.99, 18.21, 26.47, 29.26, 31.27, 33.41, 37.6, 39.4, 41.5, 42.45]
time: [5.83, 7.47, 10.26, 12.34, 15.33, 22.63, 39.0, 42.3, 1000, 1000, 1000, 1000, 1000, 1000]
v: [19.64, 19.29, 23.21, 27.99, 17.38, 14.64, 33.47, 14.15, 18.45, 26.42, 12.23, 26.97, 14.52, 17.1]
a: [123.77, 63.28, 95.99, 150.8, 75.03, 144.33, 93.32, 146.67, 32.52, 50.0, 66.85, 135.82, 155.28, 151.37]
d: [3.77, 5.91, 5.14, 3.5, 3.8, 5.32, 4.81, 3.73, 4.92, 4.08, 4.63, 4.84, 4.91, 2.0]

iteration: 33, best:[5.78, 7.44, 10.23, 12.34, 14.99, 18.21, 26.47, 29.26, 31.27, 33.41, 37.6, 39.4, 41.5, 42.45]
time: [5.85, 7.47, 10.26, 12.34, 18.25, 21.02, 31.98, 1000, 1000, 1000, 1000, 1000, 1000, 1000]
v: [19.64, 19.29, 23.21, 27.99, 22.94, 20.97, 21.01, 33.3, 12.67, 13.7, 26.64, 23.05, 21.17, 25.16]
a: [123.77, 63.28, 95.99, 150.8, 113.56, 185.92, 153.12, 191.54, 139.62, 50.0, 48.56, 162.93, 41.98, 151.37]
d: [3.77, 5.91, 5.14, 3.5, 5.39, 3.89, 4.81, 5.43, 4.3, 3.5, 5.08, 5.42, 4.64, 2.0]

iteration: 34, best:[5.78, 7.44, 10.23, 12.34, 14.99, 18.21, 26.47, 29.26, 31.27, 33.41, 37.6, 39.4, 41.5, 42.45]
time: [5.84, 7.46, 10.27, 12.34, 15.0, 18.7, 33.08, 36.61, 38.48, 40.74, 48.7, 1000, 1000, 1000]
v: [19.64, 19.29, 23.21, 27.99, 17.38, 12.25, 15.23, 33.34, 11.4, 14.24, 32.48, 23.69, 12.46, 17.1]
a: [123.77, 63.28, 95.99, 150.8, 75.03, 185.92, 107.81, 49.89, 142.18, 50.0, 160.43, 74.35, 155.28, 151.37]
d: [3.77, 5.91, 5.14, 3.5, 3.8, 4.33, 4.06, 4.69, 4.38, 5.82, 4.63, 4.84, 5.39, 2.0]

iteration: 35, best:[5.78, 7.44, 10.23, 12.34, 14.99, 18.21, 26.47, 29.26, 31.27, 33.41, 37.6, 39.4, 41.5, 42.45]
time: [5.84, 7.49, 10.29, 12.35, 15.03, 18.77, 34.69, 1000, 1000, 1000, 1000, 1000, 1000, 1000]
v: [19.64, 19.29, 23.21, 27.99, 17.38, 13.83, 13.66, 21.6, 14.22, 26.12, 12.23, 25.56, 32.62, 22.12]
a: [123.77, 63.28, 95.99, 150.8, 75.03, 113.79, 56.81, 115.09, 25.46, 50.0, 66.85, 135.82, 139.39, 151.37]
d: [3.77, 5.91, 5.14, 3.5, 3.8, 3.89, 4.81, 3.73, 5.05, 3.73, 4.63, 4.84, 4.91, 2.0]

mutation at idx = 0iteration: 36, best:[5.78, 7.44, 10.23, 12.34, 14.99, 18.21, 26.47, 29.26, 31.27, 33.41, 37.6, 39.4, 41.5, 42.45]
time: [5.75, 7.35, 10.17, 12.33, 15.02, 18.0, 31.24, 38.55, 40.44, 42.3, 44.09, 1000, 1000, 1000]
v: [23.25, 19.29, 23.21, 27.99, 17.38, 34.42, 14.64, 29.79, 11.85, 26.32, 12.38, 16.35, 20.54, 27.98]
a: [130.74, 63.28, 95.99, 150.8, 75.03, 185.92, 47.91, 29.76, 142.18, 69.37, 103.88, 181.34, 102.65, 137.43]
d: [3.77, 5.91, 5.14, 3.5, 3.8, 3.89, 5.62, 4.22, 4.3, 3.5, 5.05, 4.68, 4.91, 2.0]

mutation at idx = 3iteration: 37, best:[5.78, 7.44, 10.23, 12.34, 14.99, 18.21, 26.47, 29.26, 31.27, 33.41, 37.6, 39.4, 41.5, 42.45]
time: [5.84, 7.47, 10.29, 16.43, 30.64, 33.26, 42.13, 1000, 1000, 1000, 1000, 1000, 1000, 1000]
v: [19.64, 19.29, 23.21, 14.81, 17.38, 20.97, 33.47, 27.47, 11.85, 19.22, 12.23, 28.85, 19.27, 26.79]
a: [123.77, 63.28, 95.99, 150.8, 75.03, 185.92, 93.32, 109.57, 142.18, 50.0, 66.85, 135.82, 155.28, 151.37]
d: [3.77, 5.91, 5.14, 4.69, 3.8, 3.89, 4.81, 3.73, 4.3, 5.93, 4.63, 4.84, 5.17, 2.0]

iteration: 38, best:[5.78, 7.44, 10.23, 12.34, 14.99, 18.21, 26.47, 29.26, 31.27, 33.41, 37.6, 39.4, 41.5, 42.45]
time: [5.81, 7.44, 10.26, 12.47, 15.14, 18.21, 29.83, 33.2, 34.67, 36.67, 38.89, 40.68, 1000, 1000]
v: [19.64, 19.29, 23.21, 22.52, 21.02, 32.2, 12.82, 29.41, 18.48, 34.24, 11.42, 26.97, 31.18, 12.6]
a: [123.77, 63.28, 95.99, 150.8, 105.34, 185.92, 93.32, 48.26, 142.18, 20.28, 66.85, 135.82, 155.28, 151.37]
d: [3.77, 5.91, 5.14, 3.5, 4.54, 4.52, 4.12, 5.09, 4.3, 3.5, 4.29, 4.84, 4.91, 2.0]

mutation at idx = 3iteration: 39, best:[5.78, 7.44, 10.23, 12.34, 14.99, 18.21, 26.47, 29.26, 31.27, 33.41, 37.6, 39.4, 41.5, 42.45]
time: [5.83, 7.47, 10.3, 12.49, 15.59, 18.67, 27.54, 31.07, 32.83, 34.46, 1000, 1000, 1000, 1000]
v: [19.64, 19.29, 23.21, 24.22, 17.38, 20.97, 33.47, 15.85, 29.53, 21.91, 21.1, 26.97, 10.82, 30.13]
a: [123.77, 63.28, 95.99, 137.5, 75.03, 185.92, 93.32, 69.13, 75.22, 114.74, 39.57, 135.82, 119.22, 160.23]
d: [3.77, 5.91, 5.14, 4.56, 3.8, 3.89, 4.81, 3.73, 5.02, 3.8, 4.73, 4.84, 5.22, 2.0]

mutation at idx = 2iteration: 40, best:[5.78, 7.44, 10.23, 12.34, 14.99, 18.21, 26.47, 29.26, 31.27, 33.41, 37.6, 39.4, 41.5, 42.45]
time: [5.85, 7.51, 13.09, 18.24, 24.18, 34.6, 1000, 1000, 1000, 1000, 1000, 1000, 1000, 1000]
v: [19.64, 19.29, 30.12, 27.99, 29.62, 26.62, 23.35, 12.76, 24.92, 23.3, 11.92, 22.29, 23.84, 31.21]
a: [123.77, 63.28, 102.07, 150.8, 75.03, 106.75, 93.32, 136.69, 187.7, 182.94, 66.85, 135.82, 161.96, 165.45]
d: [3.77, 5.91, 3.64, 3.5, 3.8, 5.4, 5.07, 3.7, 4.3, 3.5, 4.63, 3.96, 4.91, 2.0]

iteration: 41, best:[5.78, 7.44, 10.23, 12.34, 14.99, 18.21, 26.47, 29.26, 31.27, 33.41, 37.6, 39.4, 41.5, 42.45]
time: [5.8, 7.45, 10.15, 12.3, 22.09, 30.19, 1000, 1000, 1000, 1000, 1000, 1000, 1000, 1000]
v: [19.64, 19.29, 27.82, 27.99, 22.64, 20.18, 13.97, 21.55, 26.5, 30.42, 26.93, 26.97, 33.83, 14.96]
a: [123.77, 63.28, 95.99, 150.8, 75.03, 189.64, 84.83, 115.09, 107.8, 49.21, 74.97, 135.82, 182.5, 100.26]
d: [3.77, 5.91, 5.14, 3.5, 3.8, 3.89, 4.81, 3.73, 4.3, 3.5, 4.63, 4.84, 3.89, 2.0]

iteration: 42, best:[5.78, 7.44, 10.23, 12.34, 14.99, 18.21, 26.47, 29.26, 31.27, 33.41, 37.6, 39.4, 41.5, 42.45]
time: [5.87, 7.5, 10.3, 12.38, 18.46, 22.18, 31.85, 1000, 1000, 1000, 1000, 1000, 1000, 1000]
v: [19.64, 19.29, 23.21, 27.99, 17.38, 10.72, 33.47, 33.88, 25.2, 13.7, 14.78, 24.55, 15.65, 17.1]
a: [123.77, 63.28, 95.99, 150.8, 75.03, 101.23, 93.32, 183.25, 99.59, 50.0, 73.62, 175.54, 155.28, 151.37]
d: [3.77, 5.91, 5.14, 3.5, 3.8, 3.89, 4.81, 5.46, 5.86, 3.5, 4.97, 3.59, 4.91, 2.0]

iteration: 43, best:[5.78, 7.44, 10.23, 12.34, 14.99, 18.21, 26.47, 29.26, 31.27, 33.41, 37.6, 39.4, 41.5, 42.45]
time: [5.86, 7.51, 10.32, 12.38, 14.71, 18.82, 27.99, 30.97, 32.57, 34.47, 1000, 1000, 1000, 1000]
v: [19.64, 19.29, 23.21, 27.99, 17.22, 12.36, 33.47, 15.72, 11.85, 20.34, 30.74, 12.86, 18.97, 12.68]
a: [123.77, 63.28, 95.99, 150.8, 164.16, 185.92, 93.32, 184.18, 142.18, 126.44, 72.33, 135.82, 37.62, 151.37]
d: [3.77, 5.91, 5.14, 3.5, 3.8, 3.89, 4.81, 5.75, 4.3, 3.94, 4.63, 4.0, 4.62, 2.0]

iteration: 44, best:[5.78, 7.44, 10.23, 12.34, 14.99, 18.21, 26.47, 29.26, 31.27, 33.41, 37.6, 39.4, 41.5, 42.45]
time: [5.87, 7.5, 10.32, 12.41, 18.53, 22.32, 33.72, 36.72, 38.46, 39.99, 1000, 1000, 1000, 1000]
v: [19.64, 19.29, 23.21, 27.99, 17.38, 12.82, 23.96, 13.51, 11.85, 26.18, 12.23, 32.68, 33.17, 17.1]
a: [123.77, 63.28, 95.99, 150.8, 75.03, 98.8, 93.27, 115.09, 142.18, 152.69, 66.85, 90.54, 155.28, 151.37]
d: [3.77, 5.91, 5.14, 3.5, 3.8, 3.89, 4.81, 3.73, 4.3, 3.76, 4.63, 4.84, 4.91, 2.0]

iteration: 45, best:[5.78, 7.44, 10.23, 12.34, 14.99, 18.21, 26.47, 29.26, 31.27, 33.41, 37.6, 39.4, 41.5, 42.45]
time: [5.83, 7.48, 10.29, 12.39, 18.48, 20.91, 34.73, 37.05, 43.03, 1000, 1000, 1000, 1000, 1000]
v: [19.64, 19.29, 23.21, 27.99, 17.38, 27.1, 14.81, 29.11, 13.89, 29.75, 12.23, 33.49, 21.8, 12.39]
a: [123.77, 63.28, 95.99, 150.8, 75.03, 185.92, 190.69, 145.24, 142.18, 50.0, 66.85, 135.82, 199.83, 151.37]
d: [3.77, 5.91, 5.14, 3.5, 3.8, 3.89, 4.52, 4.46, 4.97, 3.5, 4.63, 4.84, 4.62, 2.0]

mutation at idx = 1iteration: 46, best:[5.78, 7.44, 10.23, 12.34, 14.99, 18.21, 26.47, 29.26, 31.27, 33.41, 37.6, 39.4, 41.5, 42.45]
time: [5.78, 7.43, 10.24, 12.35, 19.16, 21.83, 30.6, 33.22, 34.62, 36.89, 38.48, 41.09, 42.81, 1000]
v: [19.64, 23.16, 23.21, 27.99, 12.04, 22.85, 33.47, 20.92, 11.85, 13.7, 12.23, 16.03, 14.3, 17.1]
a: [123.77, 63.28, 95.99, 150.8, 159.23, 161.77, 93.32, 126.59, 142.18, 50.0, 66.85, 46.98, 175.83, 151.37]
d: [3.77, 5.53, 5.14, 3.5, 5.7, 3.89, 4.81, 5.6, 4.3, 3.5, 4.63, 4.84, 3.89, 2.0]

mutation at idx = 3iteration: 47, best:[5.78, 7.44, 10.23, 12.34, 14.99, 18.21, 26.47, 29.26, 31.27, 33.41, 37.6, 39.4, 41.5, 42.45]
time: [5.79, 7.46, 10.3, 13.19, 19.25, 32.16, 1000, 1000, 1000, 1000, 1000, 1000, 1000, 1000]
v: [19.64, 19.29, 23.21, 18.02, 34.72, 11.44, 29.17, 16.98, 25.0, 23.74, 12.23, 31.0, 34.87, 31.46]
a: [123.77, 63.28, 95.99, 52.7, 75.1, 133.24, 27.08, 170.32, 92.96, 108.48, 66.85, 190.95, 153.05, 151.37]
d: [3.77, 5.91, 5.14, 3.5, 5.19, 5.15, 4.24, 4.34, 4.3, 3.5, 4.63, 3.51, 4.8, 2.0]

iteration: 48, best:[5.78, 7.44, 10.23, 12.34, 14.99, 18.21, 26.47, 29.26, 31.27, 33.41, 37.6, 39.4, 41.5, 42.45]
time: [5.84, 7.47, 10.28, 13.47, 19.54, 22.38, 34.25, 39.93, 1000, 1000, 1000, 1000, 1000, 1000]
v: [19.64, 19.29, 23.21, 11.07, 25.6, 20.97, 16.99, 26.89, 17.13, 13.7, 12.47, 26.97, 21.02, 11.88]
a: [123.77, 63.28, 95.99, 47.49, 75.03, 185.92, 93.32, 115.09, 142.18, 50.0, 66.85, 135.82, 155.28, 117.25]
d: [3.77, 5.91, 5.14, 4.21, 3.8, 3.89, 4.81, 3.73, 4.3, 3.5, 3.51, 4.84, 4.91, 2.0]

iteration: 49, best:[5.78, 7.44, 10.23, 12.34, 14.99, 18.21, 26.47, 29.26, 31.27, 33.41, 37.6, 39.4, 41.5, 42.45]
time: [5.78, 7.45, 10.26, 12.34, 18.32, 1000, 1000, 1000, 1000, 1000, 1000, 1000, 1000, 1000]
v: [19.64, 19.29, 23.21, 27.99, 24.35, 23.51, 33.47, 26.33, 14.28, 17.71, 32.75, 26.97, 22.31, 25.51]
a: [123.77, 63.28, 95.99, 150.8, 75.03, 25.13, 93.32, 63.56, 142.18, 166.62, 39.74, 135.82, 21.31, 91.09]
d: [3.77, 5.91, 5.14, 3.5, 5.84, 3.89, 4.81, 3.73, 4.3, 4.83, 4.63, 4.84, 4.54, 2.0]

iteration: 50, best:[5.78, 7.44, 10.23, 12.34, 14.99, 18.21, 26.47, 29.26, 31.27, 33.41, 37.6, 39.4, 41.5, 42.45]
time: [5.79, 7.44, 10.27, 12.33, 17.51, 20.81, 29.25, 33.29, 34.91, 44.87, 1000, 1000, 1000, 1000]
v: [19.64, 19.29, 23.21, 27.99, 22.11, 20.97, 33.47, 10.88, 27.32, 19.02, 16.4, 24.51, 21.26, 31.02]
a: [123.77, 63.28, 95.99, 150.8, 185.8, 185.92, 93.32, 115.09, 142.18, 102.92, 24.8, 199.84, 72.4, 152.15]
d: [3.77, 5.91, 5.14, 3.5, 3.8, 3.89, 4.81, 3.97, 5.24, 3.5, 4.63, 3.76, 4.91, 2.0]

iteration: 51, best:[5.78, 7.44, 10.23, 12.34, 14.99, 18.21, 26.47, 29.26, 31.27, 33.41, 37.6, 39.4, 41.5, 42.45]
time: [5.83, 7.47, 10.27, 12.37, 17.76, 20.81, 29.33, 1000, 1000, 1000, 1000, 1000, 1000, 1000]
v: [19.64, 19.29, 23.21, 27.99, 29.75, 27.55, 33.47, 34.35, 11.85, 13.7, 10.93, 23.4, 34.52, 15.36]
a: [123.77, 63.28, 95.99, 150.8, 198.42, 182.91, 93.32, 38.66, 142.18, 50.0, 35.31, 74.38, 56.45, 194.61]
d: [3.77, 5.91, 5.14, 3.5, 4.33, 3.64, 4.81, 3.73, 4.3, 3.5, 5.23, 4.84, 4.91, 2.0]

iteration: 52, best:[5.78, 7.44, 10.23, 12.34, 14.99, 18.21, 26.47, 29.26, 31.27, 33.41, 37.6, 39.4, 41.5, 42.45]
time: [5.84, 7.47, 10.29, 12.36, 1000, 1000, 1000, 1000, 1000, 1000, 1000, 1000, 1000, 1000]
v: [19.64, 19.29, 23.21, 27.99, 20.3, 26.03, 22.88, 21.55, 34.6, 13.7, 24.64, 26.97, 14.52, 20.56]
a: [123.77, 63.28, 95.99, 150.8, 149.79, 163.37, 152.99, 115.09, 122.91, 50.0, 66.85, 135.82, 155.28, 93.37]
d: [3.77, 5.91, 5.14, 3.5, 5.69, 3.89, 3.67, 3.73, 4.3, 3.5, 4.63, 4.84, 4.91, 2.0]

iteration: 53, best:[5.78, 7.44, 10.23, 12.34, 14.99, 18.21, 26.47, 29.26, 31.27, 33.41, 37.6, 39.4, 41.5, 42.45]
time: [5.85, 7.48, 10.27, 12.34, 1000, 1000, 1000, 1000, 1000, 1000, 1000, 1000, 1000, 1000]
v: [19.64, 19.29, 23.21, 27.99, 33.08, 20.97, 15.06, 19.86, 11.85, 30.55, 12.23, 23.24, 16.53, 16.19]
a: [123.77, 63.28, 95.99, 150.8, 169.04, 185.92, 93.32, 196.81, 142.18, 67.53, 66.85, 135.82, 86.78, 170.37]
d: [3.77, 5.91, 5.14, 3.5, 3.8, 3.89, 5.03, 5.35, 4.3, 5.34, 4.63, 5.38, 3.84, 2.0]

mutation at idx = 3iteration: 54, best:[5.78, 7.44, 10.23, 12.34, 14.99, 18.21, 26.47, 29.26, 31.27, 33.41, 37.6, 39.4, 41.5, 42.45]
time: [5.83, 7.47, 10.28, 15.91, 22.51, 25.15, 35.12, 49.77, 1000, 1000, 1000, 1000, 1000, 1000]
v: [19.64, 19.29, 23.21, 15.6, 21.98, 20.97, 21.04, 15.11, 11.85, 19.68, 16.15, 26.97, 14.52, 21.04]
a: [123.77, 63.28, 95.99, 150.8, 75.03, 185.92, 196.91, 178.85, 142.18, 50.0, 49.45, 135.82, 155.28, 121.87]
d: [3.77, 5.91, 5.14, 3.5, 4.56, 3.89, 4.81, 4.61, 4.3, 4.07, 4.63, 4.84, 4.91, 2.0]

iteration: 55, best:[5.78, 7.44, 10.23, 12.34, 14.99, 18.21, 26.47, 29.26, 31.27, 33.41, 37.6, 39.4, 41.5, 42.45]
time: [5.8, 7.44, 10.27, 12.33, 17.69, 21.43, 38.32, 41.25, 1000, 1000, 1000, 1000, 1000, 1000]
v: [19.64, 19.29, 23.21, 27.99, 20.82, 22.11, 12.49, 21.55, 32.3, 13.7, 12.23, 21.37, 16.47, 17.1]
a: [123.77, 63.28, 95.99, 150.8, 136.48, 65.75, 93.32, 115.09, 59.76, 50.0, 66.85, 43.91, 171.77, 151.37]
d: [3.77, 5.91, 5.14, 3.5, 4.9, 3.89, 4.81, 3.73, 3.53, 3.5, 4.63, 4.18, 5.28, 2.0]

iteration: 56, best:[5.78, 7.44, 10.23, 12.34, 14.99, 18.21, 26.47, 29.26, 31.27, 33.41, 37.6, 39.4, 41.5, 42.45]
time: [5.8, 7.44, 10.26, 12.37, 18.49, 38.33, 1000, 1000, 1000, 1000, 1000, 1000, 1000, 1000]
v: [19.64, 19.29, 23.21, 27.99, 17.38, 20.02, 33.47, 21.55, 16.81, 32.22, 19.03, 26.97, 27.38, 25.93]
a: [123.77, 63.28, 95.99, 150.8, 75.03, 72.86, 93.32, 115.09, 44.54, 104.73, 66.85, 135.82, 169.69, 68.76]
d: [3.77, 5.91, 5.14, 3.5, 3.8, 3.89, 4.81, 3.73, 4.29, 3.5, 4.63, 4.84, 4.91, 2.0]

iteration: 57, best:[5.78, 7.44, 10.23, 12.34, 14.99, 18.21, 26.47, 29.26, 31.27, 33.41, 37.6, 39.4, 41.5, 42.45]
time: [5.86, 7.55, 10.41, 12.48, 18.04, 21.64, 30.84, 33.97, 35.7, 38.03, 1000, 1000, 1000, 1000]
v: [19.64, 19.29, 23.21, 27.99, 26.62, 20.97, 33.47, 17.63, 13.06, 13.7, 28.44, 11.44, 18.84, 22.06]
a: [123.77, 63.28, 95.99, 150.8, 153.2, 185.92, 93.32, 115.09, 123.52, 50.0, 103.55, 135.82, 182.13, 27.85]
d: [3.77, 5.91, 5.14, 3.5, 4.62, 3.89, 4.81, 3.73, 4.3, 3.5, 4.63, 5.91, 4.91, 2.0]

iteration: 58, best:[5.78, 7.44, 10.23, 12.34, 14.99, 18.21, 26.47, 29.26, 31.27, 33.41, 37.6, 39.4, 41.5, 42.45]
time: [5.83, 7.47, 10.27, 12.34, 18.29, 21.46, 34.71, 40.68, 1000, 1000, 1000, 1000, 1000, 1000]
v: [19.64, 19.29, 23.21, 27.99, 31.26, 20.97, 17.23, 23.31, 11.85, 13.7, 27.88, 26.4, 14.52, 11.18]
a: [123.77, 63.28, 95.99, 150.8, 75.03, 185.92, 93.32, 115.09, 142.18, 50.0, 54.97, 96.77, 155.28, 125.82]
d: [3.77, 5.91, 5.14, 3.5, 3.8, 3.89, 4.81, 4.45, 4.3, 3.5, 4.63, 4.84, 4.91, 2.0]

iteration: 59, best:[5.78, 7.44, 10.23, 12.34, 14.99, 18.21, 26.47, 29.26, 31.27, 33.41, 37.6, 39.4, 41.5, 42.45]
time: [5.84, 7.48, 10.28, 12.37, 18.47, 21.21, 31.71, 34.23, 35.63, 37.3, 43.68, 1000, 1000, 1000]
v: [19.64, 19.29, 23.21, 27.99, 17.38, 31.42, 24.11, 22.94, 25.23, 30.04, 29.54, 13.83, 22.14, 12.03]
a: [123.77, 63.28, 95.99, 150.8, 75.03, 90.63, 93.32, 151.63, 149.14, 50.0, 66.85, 190.96, 155.28, 198.45]
d: [3.77, 5.91, 5.14, 3.5, 3.8, 3.68, 4.81, 3.73, 4.3, 4.83, 4.63, 4.13, 4.78, 2.0]

iteration: 60, best:[5.78, 7.44, 10.23, 12.34, 14.99, 18.21, 26.47, 29.26, 31.27, 33.41, 37.6, 39.4, 41.5, 42.45]
time: [5.83, 7.47, 10.27, 12.35, 18.14, 20.67, 33.5, 35.48, 1000, 1000, 1000, 1000, 1000, 1000]
v: [19.64, 19.29, 23.21, 27.99, 28.51, 30.79, 20.96, 33.7, 11.05, 29.64, 29.13, 13.0, 28.21, 24.87]
a: [123.77, 63.28, 95.99, 150.8, 79.57, 185.92, 69.31, 195.2, 117.31, 30.28, 147.91, 118.35, 155.28, 182.1]
d: [3.77, 5.91, 5.14, 3.5, 3.8, 3.89, 5.33, 5.05, 4.3, 3.5, 4.72, 4.47, 4.91, 2.0]

mutation at idx = 2iteration: 61, best:[5.78, 7.44, 10.23, 12.34, 14.99, 18.21, 26.47, 29.26, 31.27, 33.41, 37.6, 39.4, 41.5, 42.45]
time: [5.84, 7.47, 10.08, 12.25, 15.04, 18.98, 28.33, 31.52, 32.96, 34.52, 1000, 1000, 1000, 1000]
v: [19.64, 19.29, 32.26, 27.99, 17.38, 26.33, 33.47, 16.81, 23.12, 24.26, 28.92, 18.18, 14.52, 17.1]
a: [123.77, 63.28, 95.99, 150.8, 75.03, 63.67, 93.32, 115.09, 142.18, 93.01, 160.64, 66.91, 155.28, 151.37]
d: [3.77, 5.91, 4.3, 3.5, 3.8, 3.99, 4.81, 4.05, 5.64, 4.43, 4.63, 4.84, 4.91, 2.0]

mutation at idx = 1iteration: 62, best:[5.78, 7.44, 10.23, 12.34, 14.99, 18.21, 26.47, 29.26, 31.27, 33.41, 37.6, 39.4, 41.5, 42.45]
time: [5.84, 7.48, 10.36, 12.42, 18.49, 20.92, 31.5, 34.49, 1000, 1000, 1000, 1000, 1000, 1000]
v: [19.64, 23.25, 23.21, 27.99, 17.38, 22.43, 32.57, 21.55, 24.11, 16.18, 12.23, 33.58, 14.52, 31.09]
a: [123.77, 65.59, 95.99, 150.8, 75.03, 185.92, 55.16, 115.09, 26.13, 28.53, 66.85, 135.82, 155.28, 151.37]
d: [3.77, 4.09, 5.14, 3.5, 3.8, 3.89, 3.96, 3.73, 5.38, 3.5, 4.63, 4.84, 4.91, 2.0]

mutation at idx = 2iteration: 63, best:[5.78, 7.44, 10.23, 12.34, 14.99, 18.21, 26.47, 29.26, 31.27, 33.41, 37.6, 39.4, 41.5, 42.45]
time: [5.83, 7.5, 10.96, 16.66, 23.5, 27.36, 37.16, 39.66, 1000, 1000, 1000, 1000, 1000, 1000]
v: [19.64, 19.29, 12.18, 27.99, 17.38, 12.36, 33.47, 27.52, 26.43, 17.43, 15.98, 28.34, 22.98, 14.42]
a: [123.77, 63.28, 106.78, 150.8, 75.03, 60.95, 93.32, 160.49, 142.18, 50.0, 81.78, 135.82, 102.17, 172.34]
d: [3.77, 5.91, 5.14, 3.5, 3.8, 3.89, 4.81, 4.48, 5.73, 4.06, 5.89, 3.61, 4.91, 2.0]

iteration: 64, best:[5.78, 7.44, 10.23, 12.34, 14.99, 18.21, 26.47, 29.26, 31.27, 33.41, 37.6, 39.4, 41.5, 42.45]
time: [5.84, 7.48, 11.2, 16.63, 1000, 1000, 1000, 1000, 1000, 1000, 1000, 1000, 1000, 1000]
v: [19.64, 19.29, 22.75, 30.6, 17.78, 18.52, 26.85, 33.28, 15.55, 13.7, 32.34, 11.7, 14.52, 14.48]
a: [123.77, 63.28, 30.42, 117.52, 22.27, 40.7, 93.32, 44.2, 128.96, 50.0, 66.85, 135.82, 155.28, 151.37]
d: [3.77, 5.91, 4.91, 5.56, 4.94, 3.89, 5.79, 4.07, 4.22, 3.5, 4.76, 4.84, 4.91, 2.0]

iteration: 65, best:[5.78, 7.44, 10.23, 12.34, 14.99, 18.21, 26.47, 29.26, 31.27, 33.41, 37.6, 39.4, 41.5, 42.45]
time: [5.84, 7.47, 10.29, 13.44, 15.94, 19.52, 28.78, 31.63, 1000, 1000, 1000, 1000, 1000, 1000]
v: [19.64, 19.29, 23.21, 30.34, 27.96, 20.97, 28.65, 31.17, 11.85, 22.87, 21.6, 16.89, 32.76, 27.06]
a: [123.77, 63.28, 95.99, 38.62, 151.44, 185.92, 115.89, 115.09, 142.18, 50.0, 89.46, 188.51, 155.28, 30.41]
d: [3.77, 5.91, 5.14, 5.56, 3.8, 3.89, 5.05, 5.77, 4.3, 4.18, 3.77, 3.53, 5.96, 2.0]

mutation at idx = 1mutation at idx = 2iteration: 66, best:[5.78, 7.44, 10.23, 12.34, 14.99, 18.21, 26.47, 29.26, 31.27, 33.41, 37.6, 39.4, 41.5, 42.45]
time: [5.84, 7.47, 10.71, 16.19, 18.57, 22.87, 35.83, 38.51, 1000, 1000, 1000, 1000, 1000, 1000]
v: [19.64, 31.98, 21.25, 21.23, 20.5, 25.99, 20.53, 31.89, 10.86, 13.7, 25.48, 11.85, 21.41, 17.1]
a: [123.77, 63.28, 58.08, 150.8, 141.95, 65.45, 59.31, 115.09, 32.73, 50.0, 66.85, 127.44, 64.18, 151.37]
d: [3.77, 5.91, 5.14, 3.5, 4.12, 3.89, 4.81, 3.76, 5.96, 3.5, 4.63, 4.84, 4.2, 2.0]

iteration: 67, best:[5.78, 7.44, 10.23, 12.34, 14.99, 18.21, 26.47, 29.26, 31.27, 33.41, 37.6, 39.4, 41.5, 42.45]
time: [5.84, 7.48, 10.19, 15.24, 18.57, 21.03, 33.34, 38.46, 40.28, 1000, 1000, 1000, 1000, 1000]
v: [19.64, 19.29, 19.08, 27.99, 30.58, 20.97, 17.87, 31.98, 27.61, 13.7, 17.92, 26.97, 28.77, 16.82]
a: [123.77, 63.28, 186.27, 150.8, 35.16, 185.92, 155.29, 178.48, 176.64, 50.0, 79.08, 135.82, 155.28, 66.52]
d: [3.77, 5.91, 5.38, 3.5, 4.34, 3.89, 4.81, 3.7, 4.3, 3.5, 4.63, 4.84, 3.6, 2.0]

iteration: 68, best:[5.78, 7.44, 10.23, 12.34, 14.99, 18.21, 26.47, 29.26, 31.27, 33.41, 37.6, 39.4, 41.5, 42.45]
time: [5.84, 7.47, 10.29, 15.85, 33.62, 36.73, 1000, 1000, 1000, 1000, 1000, 1000, 1000, 1000]
v: [19.64, 19.29, 23.21, 17.03, 20.39, 24.57, 32.58, 21.55, 17.06, 30.12, 13.63, 12.98, 24.03, 17.58]
a: [123.77, 63.28, 95.99, 150.8, 146.3, 185.92, 183.15, 115.09, 142.18, 127.32, 86.5, 116.41, 47.77, 25.66]
d: [3.77, 5.91, 5.14, 3.5, 3.8, 3.89, 3.83, 3.73, 4.3, 3.5, 4.63, 4.62, 5.0, 2.0]

iteration: 69, best:[5.78, 7.44, 10.23, 12.34, 14.99, 18.21, 26.47, 29.26, 31.27, 33.41, 37.6, 39.4, 41.5, 42.45]
time: [5.84, 7.46, 10.26, 15.91, 18.48, 21.7, 31.52, 37.61, 1000, 1000, 1000, 1000, 1000, 1000]
v: [19.64, 19.29, 23.21, 13.57, 17.61, 25.89, 25.99, 25.43, 11.85, 10.93, 12.23, 26.97, 27.84, 24.98]
a: [123.77, 63.28, 95.99, 161.72, 156.67, 139.95, 75.88, 115.09, 142.18, 50.0, 66.85, 135.82, 165.55, 182.79]
d: [3.77, 5.91, 5.14, 5.87, 3.8, 3.89, 4.81, 3.73, 4.3, 3.5, 4.63, 4.84, 4.54, 2.0]

iteration: 70, best:[5.78, 7.44, 10.23, 12.34, 14.99, 18.21, 26.47, 29.26, 31.27, 33.41, 37.6, 39.4, 41.5, 42.45]
time: [5.84, 7.46, 10.27, 17.5, 21.22, 24.18, 37.27, 39.65, 1000, 1000, 1000, 1000, 1000, 1000]
v: [19.64, 19.29, 23.21, 27.8, 13.52, 20.97, 17.03, 34.34, 11.85, 31.1, 25.46, 34.8, 14.52, 17.1]
a: [123.77, 63.28, 95.99, 95.59, 75.03, 185.92, 37.99, 121.92, 142.18, 57.29, 21.29, 176.55, 155.28, 151.37]
d: [3.77, 5.91, 5.14, 3.5, 3.8, 3.89, 4.97, 3.73, 4.3, 5.01, 4.63, 5.72, 4.91, 2.0]

mutation at idx = 2iteration: 71, best:[5.78, 7.44, 10.23, 12.34, 14.99, 18.21, 26.47, 29.26, 31.27, 33.41, 37.6, 39.4, 41.5, 42.45]
time: [5.83, 7.48, 10.18, 16.78, 31.53, 1000, 1000, 1000, 1000, 1000, 1000, 1000, 1000, 1000]
v: [19.64, 19.29, 24.95, 12.06, 14.0, 28.6, 33.86, 21.55, 27.78, 13.7, 10.51, 25.82, 14.41, 13.97]
a: [123.77, 63.28, 100.67, 181.78, 186.92, 185.92, 36.17, 115.09, 123.45, 50.0, 66.85, 135.82, 95.02, 50.2]
d: [3.77, 5.91, 5.14, 4.8, 5.68, 4.16, 4.81, 3.73, 3.6, 3.5, 4.63, 4.84, 4.5, 2.0]

iteration: 72, best:[5.78, 7.44, 10.23, 12.34, 14.99, 18.21, 26.47, 29.26, 31.27, 33.41, 37.6, 39.4, 41.5, 42.45]
time: [5.83, 7.47, 10.26, 15.54, 21.72, 24.98, 43.19, 1000, 1000, 1000, 1000, 1000, 1000, 1000]
v: [19.64, 19.29, 23.21, 19.54, 29.62, 20.97, 12.57, 15.19, 11.85, 13.7, 17.36, 21.37, 14.52, 29.12]
a: [123.77, 63.28, 95.99, 155.28, 53.37, 185.92, 83.46, 115.09, 142.18, 50.0, 140.91, 145.9, 155.28, 86.9]
d: [3.77, 5.91, 5.14, 3.5, 3.8, 3.89, 4.81, 4.36, 4.3, 3.5, 4.63, 4.84, 4.91, 2.0]

iteration: 73, best:[5.78, 7.44, 10.23, 12.34, 14.99, 18.21, 26.47, 29.26, 31.27, 33.41, 37.6, 39.4, 41.5, 42.45]
time: [5.84, 7.47, 10.27, 12.34, 17.77, 20.93, 29.99, 44.04, 1000, 1000, 1000, 1000, 1000, 1000]
v: [19.64, 19.29, 23.21, 27.99, 31.42, 20.97, 33.47, 12.88, 30.12, 13.7, 12.23, 28.76, 11.32, 17.1]
a: [123.77, 63.28, 95.99, 150.8, 167.81, 185.92, 93.32, 114.69, 57.27, 50.0, 66.85, 135.82, 62.07, 151.37]
d: [3.77, 5.91, 5.14, 3.5, 3.8, 3.89, 4.81, 5.2, 4.3, 3.5, 4.63, 3.94, 4.91, 2.0]

mutation at idx = 2iteration: 74, best:[5.78, 7.44, 10.23, 12.34, 14.99, 18.21, 26.47, 29.26, 31.27, 33.41, 37.6, 39.4, 41.5, 42.45]
time: [5.79, 7.44, 10.86, 13.02, 31.69, 1000, 1000, 1000, 1000, 1000, 1000, 1000, 1000, 1000]
v: [19.64, 19.29, 12.05, 27.99, 18.87, 21.72, 21.1, 22.26, 23.9, 21.29, 18.73, 19.45, 14.52, 12.84]
a: [123.77, 63.28, 177.65, 150.8, 75.03, 74.32, 93.32, 35.34, 142.18, 50.0, 190.04, 145.53, 155.28, 183.56]
d: [3.77, 5.91, 5.14, 3.5, 3.8, 3.58, 4.27, 3.73, 3.67, 5.65, 3.67, 3.72, 4.91, 2.0]

mutation at idx = 1iteration: 75, best:[5.78, 7.44, 10.23, 12.34, 14.99, 18.21, 26.47, 29.26, 31.27, 33.41, 37.6, 39.4, 41.5, 42.45]
time: [5.83, 7.32, 9.85, 11.92, 29.58, 1000, 1000, 1000, 1000, 1000, 1000, 1000, 1000, 1000]
v: [19.64, 34.85, 29.43, 29.38, 20.73, 22.04, 33.47, 22.99, 25.36, 15.59, 20.45, 26.97, 26.89, 20.09]
a: [123.77, 92.65, 95.99, 118.37, 163.47, 185.92, 93.32, 55.94, 89.54, 158.76, 66.85, 135.82, 155.28, 21.05]
d: [3.77, 5.91, 5.14, 3.5, 5.09, 3.87, 4.81, 3.73, 4.3, 3.5, 4.96, 4.84, 4.91, 2.0]

mutation at idx = 3iteration: 76, best:[5.78, 7.44, 9.85, 11.92, 14.99, 18.21, 26.47, 29.26, 31.27, 33.41, 37.6, 39.4, 41.5, 42.45]
time: [5.83, 7.46, 10.1, 12.52, 19.08, 22.22, 31.6, 34.0, 1000, 1000, 1000, 1000, 1000, 1000]
v: [19.64, 19.29, 29.43, 20.95, 13.1, 15.96, 26.93, 30.69, 13.35, 23.17, 31.2, 14.56, 23.06, 17.1]
a: [123.77, 63.28, 95.99, 118.37, 117.07, 185.92, 169.49, 154.54, 117.64, 185.64, 48.52, 135.82, 101.38, 151.37]
d: [3.77, 5.91, 5.14, 5.23, 5.49, 4.5, 5.65, 3.73, 4.3, 5.29, 3.99, 4.84, 5.39, 2.0]

iteration: 77, best:[5.78, 7.44, 9.85, 11.92, 14.99, 18.21, 26.47, 29.26, 31.27, 33.41, 37.6, 39.4, 41.5, 42.45]
time: [5.83, 7.45, 10.11, 12.52, 1000, 1000, 1000, 1000, 1000, 1000, 1000, 1000, 1000, 1000]
v: [19.64, 19.29, 29.43, 21.36, 15.62, 20.97, 33.47, 17.61, 23.25, 22.79, 32.63, 26.97, 14.92, 26.1]
a: [123.77, 63.28, 95.99, 118.37, 25.72, 185.92, 93.32, 75.71, 142.18, 82.66, 66.85, 135.82, 161.91, 65.56]
d: [3.77, 5.91, 5.14, 3.5, 5.62, 3.89, 4.81, 5.25, 4.3, 3.5, 4.5, 4.84, 4.91, 2.0]

iteration: 78, best:[5.78, 7.44, 9.85, 11.92, 14.99, 18.21, 26.47, 29.26, 31.27, 33.41, 37.6, 39.4, 41.5, 42.45]
time: [5.83, 7.46, 10.12, 12.39, 15.17, 18.06, 28.38, 31.71, 33.56, 1000, 1000, 1000, 1000, 1000]
v: [19.64, 19.29, 29.43, 27.41, 17.38, 31.19, 25.76, 13.75, 18.21, 11.42, 28.76, 32.24, 14.52, 33.02]
a: [123.77, 63.28, 95.99, 111.48, 75.03, 185.92, 167.49, 193.49, 142.18, 40.17, 137.05, 135.82, 155.28, 51.41]
d: [3.77, 5.91, 5.14, 3.5, 3.8, 4.77, 5.66, 3.73, 5.6, 5.15, 4.63, 5.88, 4.91, 2.0]

iteration: 79, best:[5.78, 7.44, 9.85, 11.92, 14.99, 18.21, 26.47, 29.26, 31.27, 33.41, 37.6, 39.4, 41.5, 42.45]
time: [5.84, 7.46, 10.09, 12.64, 30.43, 37.31, 1000, 1000, 1000, 1000, 1000, 1000, 1000, 1000]
v: [19.64, 19.29, 29.43, 16.91, 17.38, 29.77, 16.7, 21.55, 31.63, 27.36, 12.23, 26.97, 33.22, 13.62]
a: [123.77, 63.28, 95.99, 118.37, 75.03, 31.0, 136.42, 115.09, 77.54, 31.18, 66.85, 135.82, 155.28, 66.75]
d: [3.77, 5.91, 5.14, 3.5, 3.8, 5.82, 4.81, 3.73, 4.3, 3.5, 4.63, 4.84, 4.91, 2.0]

iteration: 80, best:[5.78, 7.44, 9.85, 11.92, 14.99, 18.21, 26.47, 29.26, 31.27, 33.41, 37.6, 39.4, 41.5, 42.45]
time: [5.85, 7.47, 10.12, 12.43, 18.41, 21.49, 32.39, 35.74, 49.08, 1000, 1000, 1000, 1000, 1000]
v: [19.64, 19.29, 29.43, 28.97, 30.47, 20.97, 22.98, 12.41, 10.82, 30.36, 21.58, 34.76, 25.59, 31.07]
a: [123.77, 63.28, 95.99, 113.13, 75.03, 185.92, 93.32, 145.31, 36.2, 120.87, 95.99, 135.82, 164.68, 169.72]
d: [3.77, 5.91, 5.14, 3.5, 5.44, 3.89, 3.94, 3.73, 4.61, 3.5, 4.14, 4.29, 4.91, 2.0]

iteration: 81, best:[5.78, 7.44, 9.85, 11.92, 14.99, 18.21, 26.47, 29.26, 31.27, 33.41, 37.6, 39.4, 41.5, 42.45]
time: [5.84, 7.47, 10.14, 12.35, 18.29, 21.47, 30.36, 1000, 1000, 1000, 1000, 1000, 1000, 1000]
v: [19.64, 19.29, 29.43, 29.38, 24.83, 20.54, 32.29, 21.55, 11.86, 18.95, 24.11, 14.04, 14.52, 27.16]
a: [123.77, 63.28, 95.99, 118.37, 167.19, 94.1, 113.4, 115.09, 142.18, 66.0, 66.85, 60.2, 155.28, 151.37]
d: [3.77, 5.91, 5.14, 3.5, 3.8, 4.08, 5.23, 3.73, 4.3, 3.5, 4.63, 4.84, 4.91, 2.0]

iteration: 82, best:[5.78, 7.44, 9.85, 11.92, 14.99, 18.21, 26.47, 29.26, 31.27, 33.41, 37.6, 39.4, 41.5, 42.45]
time: [5.83, 7.47, 10.1, 12.34, 1000, 1000, 1000, 1000, 1000, 1000, 1000, 1000, 1000, 1000]
v: [19.64, 19.29, 29.43, 29.38, 16.57, 16.44, 33.47, 20.9, 23.2, 21.92, 13.14, 17.72, 24.59, 17.1]
a: [123.77, 63.28, 95.99, 118.37, 168.18, 185.92, 93.32, 106.16, 121.16, 102.28, 160.6, 135.82, 155.28, 151.37]
d: [3.77, 5.91, 5.14, 3.5, 3.8, 3.65, 4.81, 4.46, 3.63, 3.5, 4.4, 3.91, 4.73, 2.0]

iteration: 83, best:[5.78, 7.44, 9.85, 11.92, 14.99, 18.21, 26.47, 29.26, 31.27, 33.41, 37.6, 39.4, 41.5, 42.45]
time: [5.9, 7.52, 10.18, 12.62, 18.27, 21.12, 29.65, 1000, 1000, 1000, 1000, 1000, 1000, 1000]
v: [19.64, 19.29, 29.43, 19.14, 17.66, 29.21, 32.25, 31.07, 13.21, 32.08, 18.88, 28.34, 29.52, 17.54]
a: [123.77, 63.28, 95.99, 133.2, 193.42, 193.16, 93.32, 27.19, 72.55, 193.27, 66.85, 135.82, 155.28, 111.37]
d: [3.77, 5.91, 5.14, 3.5, 5.49, 5.06, 3.94, 3.73, 4.94, 3.5, 4.63, 4.84, 4.91, 2.0]

iteration: 84, best:[5.78, 7.44, 9.85, 11.92, 14.99, 18.21, 26.47, 29.26, 31.27, 33.41, 37.6, 39.4, 41.5, 42.45]
time: [5.73, 7.45, 10.35, 16.32, 22.24, 26.91, 41.61, 1000, 1000, 1000, 1000, 1000, 1000, 1000]
v: [19.64, 19.29, 21.71, 11.07, 26.08, 28.13, 12.08, 34.83, 27.16, 21.15, 12.23, 26.97, 14.52, 17.1]
a: [123.77, 63.28, 95.99, 118.37, 75.03, 121.88, 85.74, 137.34, 23.55, 62.04, 66.85, 135.82, 155.28, 151.37]
d: [3.77, 5.91, 5.14, 5.23, 5.85, 3.89, 4.81, 3.73, 4.3, 3.5, 4.63, 4.84, 4.91, 2.0]

iteration: 85, best:[5.78, 7.44, 9.85, 11.92, 14.99, 18.21, 26.47, 29.26, 31.27, 33.41, 37.6, 39.4, 41.5, 42.45]
time: [5.85, 7.47, 10.1, 12.76, 18.21, 35.85, 1000, 1000, 1000, 1000, 1000, 1000, 1000, 1000]
v: [19.64, 19.29, 29.43, 19.07, 31.76, 25.15, 13.93, 33.12, 21.67, 25.58, 12.67, 30.51, 16.9, 25.26]
a: [123.77, 63.28, 95.99, 86.36, 114.82, 185.11, 93.32, 115.09, 150.97, 189.84, 26.2, 168.9, 98.84, 79.14]
d: [3.77, 5.91, 5.14, 5.28, 3.8, 3.89, 4.91, 3.73, 4.3, 3.66, 4.98, 5.17, 4.91, 2.0]

iteration: 86, best:[5.78, 7.44, 9.85, 11.92, 14.99, 18.21, 26.47, 29.26, 31.27, 33.41, 37.6, 39.4, 41.5, 42.45]
time: [5.86, 7.48, 10.15, 15.86, 19.52, 22.2, 31.02, 33.99, 1000, 1000, 1000, 1000, 1000, 1000]
v: [19.64, 19.29, 29.43, 19.23, 17.38, 20.97, 33.47, 15.34, 17.4, 13.7, 19.26, 26.97, 14.52, 10.66]
a: [123.77, 63.28, 95.99, 86.88, 75.03, 185.92, 93.32, 107.63, 129.62, 50.0, 66.85, 135.82, 155.28, 157.23]
d: [3.77, 5.91, 5.14, 3.5, 3.8, 3.89, 4.81, 3.73, 4.3, 3.5, 5.14, 4.84, 4.91, 2.0]

iteration: 87, best:[5.78, 7.44, 9.85, 11.92, 14.99, 18.21, 26.47, 29.26, 31.27, 33.41, 37.6, 39.4, 41.5, 42.45]
time: [5.83, 7.47, 10.12, 12.37, 14.94, 21.54, 32.95, 36.12, 37.6, 39.42, 1000, 1000, 1000, 1000]
v: [19.64, 19.29, 21.26, 22.11, 27.63, 20.82, 33.47, 14.84, 21.61, 28.99, 12.23, 26.9, 14.52, 26.25]
a: [123.77, 63.28, 155.46, 118.37, 75.03, 113.4, 93.32, 115.09, 142.18, 50.0, 66.85, 135.82, 155.28, 151.37]
d: [3.77, 5.91, 5.14, 4.72, 3.8, 5.35, 4.81, 3.73, 4.41, 3.99, 4.63, 4.84, 4.91, 2.0]

mutation at idx = 2iteration: 88, best:[5.78, 7.44, 9.85, 11.92, 14.99, 18.21, 26.47, 29.26, 31.27, 33.41, 37.6, 39.4, 41.5, 42.45]
time: [5.84, 7.48, 10.23, 15.81, 22.2, 31.94, 1000, 1000, 1000, 1000, 1000, 1000, 1000, 1000]
v: [19.64, 19.29, 24.93, 16.34, 27.48, 20.97, 16.94, 22.17, 29.95, 19.42, 12.29, 26.97, 14.52, 31.53]
a: [123.77, 63.28, 95.99, 118.37, 71.8, 185.92, 93.32, 115.09, 68.05, 57.19, 196.28, 135.82, 155.28, 196.05]
d: [3.77, 5.91, 5.14, 3.83, 5.41, 3.89, 5.34, 3.73, 4.77, 4.86, 4.77, 4.84, 4.91, 2.0]

iteration: 89, best:[5.78, 7.44, 9.85, 11.92, 14.99, 18.21, 26.47, 29.26, 31.27, 33.41, 37.6, 39.4, 41.5, 42.45]
time: [5.85, 7.47, 10.1, 12.35, 15.5, 18.49, 27.29, 30.35, 32.08, 33.9, 1000, 1000, 1000, 1000]
v: [19.64, 19.29, 29.43, 28.24, 17.38, 27.67, 33.47, 24.96, 25.45, 19.41, 15.41, 17.62, 25.57, 11.91]
a: [123.77, 63.28, 95.99, 118.37, 75.03, 185.92, 93.32, 95.69, 70.05, 193.78, 62.58, 122.94, 155.28, 143.07]
d: [3.77, 5.91, 5.14, 3.6, 3.8, 3.89, 4.81, 3.73, 4.3, 3.5, 4.63, 5.64, 4.91, 2.0]

iteration: 90, best:[5.78, 7.44, 9.85, 11.92, 14.99, 18.21, 26.47, 29.26, 31.27, 33.41, 37.6, 39.4, 41.5, 42.45]
time: [5.8, 7.43, 10.09, 12.34, 15.24, 18.69, 27.98, 30.74, 32.3, 34.51, 39.2, 41.47, 1000, 1000]
v: [19.64, 19.29, 29.43, 29.38, 15.23, 13.37, 33.47, 25.93, 11.85, 13.7, 12.23, 26.97, 23.43, 24.0]
a: [123.77, 63.28, 95.99, 118.37, 75.03, 185.92, 93.32, 114.9, 142.18, 50.0, 66.85, 135.82, 53.34, 151.37]
d: [3.77, 5.91, 5.14, 3.5, 4.79, 3.89, 4.81, 3.73, 4.3, 3.5, 4.63, 4.84, 4.91, 2.0]

iteration: 91, best:[5.78, 7.44, 9.85, 11.92, 14.99, 18.21, 26.47, 29.26, 31.27, 33.41, 37.6, 39.4, 41.5, 42.45]
time: [5.84, 7.46, 10.11, 1000, 1000, 1000, 1000, 1000, 1000, 1000, 1000, 1000, 1000, 1000]
v: [19.64, 19.29, 29.43, 23.74, 17.05, 32.58, 19.76, 26.96, 11.85, 26.77, 34.13, 26.97, 14.52, 20.86]
a: [123.77, 63.28, 95.99, 118.37, 99.39, 185.92, 75.17, 143.34, 142.18, 93.08, 100.55, 135.82, 155.28, 28.46]
d: [3.77, 5.91, 5.14, 4.98, 5.48, 5.28, 4.81, 3.73, 4.3, 3.5, 4.63, 4.84, 4.91, 2.0]

iteration: 92, best:[5.78, 7.44, 9.85, 11.92, 14.99, 18.21, 26.47, 29.26, 31.27, 33.41, 37.6, 39.4, 41.5, 42.45]
time: [5.84, 7.46, 10.1, 13.3, 19.45, 22.57, 35.02, 37.82, 39.39, 1000, 1000, 1000, 1000, 1000]
v: [19.64, 19.29, 29.43, 23.11, 17.38, 15.02, 33.47, 21.55, 18.57, 18.68, 12.23, 28.22, 12.79, 20.66]
a: [123.77, 63.28, 95.99, 33.07, 75.03, 151.79, 93.32, 115.09, 151.55, 50.0, 66.85, 135.82, 41.0, 90.18]
d: [3.77, 5.91, 5.14, 3.5, 3.8, 4.19, 4.81, 3.73, 4.87, 3.5, 4.63, 4.8, 4.91, 2.0]

iteration: 93, best:[5.78, 7.44, 9.85, 11.92, 14.99, 18.21, 26.47, 29.26, 31.27, 33.41, 37.6, 39.4, 41.5, 42.45]
time: [5.79, 7.44, 10.1, 15.27, 22.64, 26.05, 34.87, 37.62, 1000, 1000, 1000, 1000, 1000, 1000]
v: [19.64, 19.29, 29.43, 31.15, 20.13, 20.97, 28.45, 21.55, 11.85, 19.06, 12.23, 22.99, 14.52, 17.1]
a: [123.77, 63.28, 95.99, 171.83, 181.79, 185.92, 95.59, 115.09, 142.18, 50.0, 66.85, 135.82, 155.28, 151.37]
d: [3.77, 5.91, 5.14, 3.5, 4.45, 3.89, 4.81, 3.73, 4.3, 3.7, 4.63, 4.22, 4.91, 2.0]

iteration: 94, best:[5.78, 7.44, 9.85, 11.92, 14.99, 18.21, 26.47, 29.26, 31.27, 33.41, 37.6, 39.4, 41.5, 42.45]
time: [5.84, 7.47, 10.1, 12.48, 18.36, 22.29, 33.55, 36.38, 38.63, 41.62, 43.15, 1000, 1000, 1000]
v: [19.64, 19.29, 29.43, 21.12, 21.13, 11.44, 23.7, 21.55, 11.85, 13.7, 18.34, 25.84, 24.81, 17.1]
a: [123.77, 63.28, 95.99, 125.79, 90.19, 193.72, 93.32, 115.09, 142.18, 50.0, 66.85, 143.76, 21.03, 151.37]
d: [3.77, 5.91, 5.14, 5.06, 5.53, 3.89, 4.81, 3.73, 4.3, 3.5, 4.63, 4.9, 4.91, 2.0]

iteration: 95, best:[5.78, 7.44, 9.85, 11.92, 14.99, 18.21, 26.47, 29.26, 31.27, 33.41, 37.6, 39.4, 41.5, 42.45]
time: [5.85, 7.47, 10.11, 12.34, 17.87, 24.63, 35.93, 38.89, 40.16, 42.01, 43.38, 1000, 1000, 1000]
v: [19.64, 19.29, 29.43, 29.38, 26.8, 34.03, 23.8, 21.55, 26.99, 10.53, 11.79, 25.55, 28.13, 31.88]
a: [123.77, 63.28, 95.99, 118.37, 107.08, 71.68, 93.32, 115.09, 130.18, 102.66, 105.52, 147.42, 155.28, 110.15]
d: [3.77, 5.91, 5.14, 3.5, 5.24, 3.89, 3.54, 3.73, 4.3, 5.97, 4.63, 4.84, 5.86, 2.0]

mutation at idx = 2iteration: 96, best:[5.78, 7.44, 9.85, 11.92, 14.99, 18.21, 26.47, 29.26, 31.27, 33.41, 37.6, 39.4, 41.5, 42.45]
time: [5.79, 7.46, 10.97, 16.66, 1000, 1000, 1000, 1000, 1000, 1000, 1000, 1000, 1000, 1000]
v: [19.64, 19.29, 12.39, 29.38, 26.21, 12.2, 21.9, 29.64, 15.29, 32.97, 29.23, 22.01, 14.52, 20.59]
a: [123.77, 63.28, 95.99, 118.37, 112.5, 185.92, 78.38, 163.68, 142.18, 171.9, 66.85, 133.18, 155.28, 47.77]
d: [3.77, 5.91, 5.14, 3.5, 5.13, 3.89, 4.67, 3.73, 4.3, 3.5, 4.26, 3.89, 4.91, 2.0]

iteration: 97, best:[5.78, 7.44, 9.85, 11.92, 14.99, 18.21, 26.47, 29.26, 31.27, 33.41, 37.6, 39.4, 41.5, 42.45]
time: [5.83, 7.47, 10.35, 13.09, 18.43, 21.73, 30.16, 32.77, 33.95, 35.64, 1000, 1000, 1000, 1000]
v: [19.64, 19.29, 24.23, 12.98, 24.92, 23.02, 33.47, 32.12, 16.34, 25.78, 13.34, 28.46, 13.01, 31.53]
a: [123.77, 63.28, 82.67, 118.37, 194.35, 185.92, 93.32, 115.09, 170.68, 166.98, 133.64, 135.82, 155.28, 151.37]
d: [3.77, 5.91, 5.84, 5.07, 4.57, 5.95, 4.81, 3.84, 4.3, 5.77, 4.35, 5.81, 4.91, 2.0]

iteration: 98, best:[5.78, 7.44, 9.85, 11.92, 14.99, 18.21, 26.47, 29.26, 31.27, 33.41, 37.6, 39.4, 41.5, 42.45]
time: [5.84, 7.49, 11.22, 20.79, 27.55, 29.94, 39.29, 41.65, 42.75, 1000, 1000, 1000, 1000, 1000]
v: [19.64, 19.29, 11.4, 29.38, 17.38, 33.12, 23.89, 34.69, 26.12, 14.35, 19.08, 26.97, 14.52, 10.65]
a: [123.77, 63.28, 74.37, 118.37, 75.03, 185.92, 93.32, 130.98, 142.18, 31.72, 66.85, 135.82, 155.28, 21.21]
d: [3.77, 5.91, 3.84, 3.5, 3.8, 4.6, 4.64, 5.94, 4.3, 3.5, 4.63, 4.84, 4.91, 2.0]

mutation at idx = 0iteration: 99, best:[5.78, 7.44, 9.85, 11.92, 14.99, 18.21, 26.47, 29.26, 31.27, 33.41, 37.6, 39.4, 41.5, 42.45]
time: [5.79, 7.44, 10.71, 13.1, 22.21, 1000, 1000, 1000, 1000, 1000, 1000, 1000, 1000, 1000]
v: [21.1, 19.29, 29.57, 29.73, 24.9, 20.64, 29.56, 12.06, 11.85, 18.5, 22.18, 13.14, 14.52, 15.4]
a: [123.77, 63.28, 52.8, 118.37, 64.96, 113.87, 84.56, 28.83, 142.18, 50.0, 137.85, 113.89, 155.28, 132.2]
d: [5.64, 5.91, 5.14, 3.5, 3.8, 4.38, 4.81, 5.9, 4.3, 3.5, 5.98, 4.84, 4.91, 2.0]

iteration: 100, best:[5.78, 7.44, 9.85, 11.92, 14.99, 18.21, 26.47, 29.26, 31.27, 33.41, 37.6, 39.4, 41.5, 42.45]
time: [5.83, 7.46, 10.12, 21.19, 36.12, 39.35, 1000, 1000, 1000, 1000, 1000, 1000, 1000, 1000]
v: [19.64, 19.29, 29.43, 12.59, 19.48, 28.91, 28.16, 15.98, 21.34, 23.19, 17.71, 20.26, 27.86, 28.0]
a: [123.77, 63.28, 95.99, 20.54, 123.75, 199.67, 93.32, 115.09, 142.18, 50.0, 66.85, 124.96, 184.02, 150.48]
d: [3.77, 5.91, 5.14, 3.5, 3.8, 5.38, 4.81, 4.61, 4.3, 3.5, 4.63, 4.84, 5.52, 2.0]

iteration: 101, best:[5.78, 7.44, 9.85, 11.92, 14.99, 18.21, 26.47, 29.26, 31.27, 33.41, 37.6, 39.4, 41.5, 42.45]
time: [5.87, 7.57, 10.25, 12.59, 18.03, 21.24, 31.74, 34.36, 36.32, 38.53, 40.14, 41.7, 1000, 1000]
v: [19.64, 19.29, 29.43, 20.99, 33.06, 21.86, 27.96, 21.55, 11.85, 24.96, 31.14, 26.97, 25.79, 11.12]
a: [123.77, 63.28, 95.99, 131.62, 137.49, 185.92, 93.32, 115.09, 142.18, 54.65, 66.85, 135.82, 155.28, 151.37]
d: [3.77, 5.91, 5.14, 3.5, 3.8, 3.89, 4.81, 3.73, 4.3, 4.64, 4.63, 4.84, 4.91, 2.0]

iteration: 102, best:[5.78, 7.44, 9.85, 11.92, 14.99, 18.21, 26.47, 29.26, 31.27, 33.41, 37.6, 39.4, 41.5, 42.45]
time: [5.79, 7.52, 11.0, 13.6, 16.7, 20.6, 30.55, 33.59, 1000, 1000, 1000, 1000, 1000, 1000]
v: [19.64, 19.29, 13.54, 18.36, 16.98, 34.84, 28.14, 21.55, 13.62, 12.04, 28.74, 23.82, 14.76, 25.35]
a: [123.77, 63.28, 95.99, 118.37, 75.03, 44.3, 147.71, 115.09, 142.18, 124.17, 66.85, 135.82, 70.12, 151.37]
d: [3.77, 5.91, 5.8, 3.5, 5.32, 5.17, 4.81, 3.73, 4.3, 5.83, 4.63, 4.84, 4.73, 2.0]

mutation at idx = 1iteration: 103, best:[5.78, 7.44, 9.85, 11.92, 14.99, 18.21, 26.47, 29.26, 31.27, 33.41, 37.6, 39.4, 41.5, 42.45]
time: [5.79, 7.31, 10.03, 1000, 1000, 1000, 1000, 1000, 1000, 1000, 1000, 1000, 1000, 1000]
v: [19.64, 18.88, 29.43, 30.69, 18.48, 17.61, 11.76, 31.77, 11.85, 33.06, 32.39, 18.88, 11.82, 19.56]
a: [123.77, 158.28, 95.99, 118.37, 69.26, 86.6, 93.32, 42.45, 142.18, 42.47, 70.73, 117.28, 84.37, 182.84]
d: [3.77, 4.72, 5.14, 4.36, 3.8, 4.32, 4.81, 3.57, 4.3, 5.88, 5.58, 4.78, 3.89, 2.0]

iteration: 104, best:[5.78, 7.44, 9.85, 11.92, 14.99, 18.21, 26.47, 29.26, 31.27, 33.41, 37.6, 39.4, 41.5, 42.45]
time: [5.84, 7.46, 10.1, 12.33, 15.5, 18.11, 27.25, 29.72, 31.5, 1000, 1000, 1000, 1000, 1000]
v: [19.64, 19.29, 29.43, 24.56, 12.02, 20.97, 32.34, 23.85, 14.7, 33.87, 12.23, 33.03, 14.52, 11.96]
a: [123.77, 63.28, 95.99, 140.62, 45.12, 185.92, 93.32, 115.09, 142.18, 29.75, 66.85, 105.77, 155.28, 146.26]
d: [3.77, 5.91, 5.14, 3.5, 3.8, 3.89, 5.73, 3.73, 4.3, 4.74, 4.63, 4.97, 4.91, 2.0]

iteration: 105, best:[5.78, 7.44, 9.85, 11.92, 14.99, 18.21, 26.47, 29.26, 31.27, 33.41, 37.6, 39.4, 41.5, 42.45]
time: [5.84, 7.47, 10.1, 12.35, 15.25, 18.17, 32.88, 35.18, 41.76, 1000, 1000, 1000, 1000, 1000]
v: [19.64, 19.29, 29.43, 29.38, 14.74, 20.97, 11.44, 30.73, 16.57, 30.96, 15.39, 27.46, 14.52, 31.25]
a: [123.77, 63.28, 95.99, 118.37, 75.03, 185.92, 93.32, 190.35, 124.33, 50.0, 115.57, 135.82, 155.28, 151.37]
d: [3.77, 5.91, 5.14, 3.5, 3.8, 3.89, 5.75, 5.01, 4.36, 3.5, 5.17, 4.15, 4.91, 2.0]

mutation at idx = 0mutation at idx = 2iteration: 106, best:[5.78, 7.44, 9.85, 11.92, 14.99, 18.21, 26.47, 29.26, 31.27, 33.41, 37.6, 39.4, 41.5, 42.45]
time: [5.74, 7.34, 13.21, 15.46, 17.88, 21.72, 30.63, 33.66, 35.47, 37.57, 42.31, 1000, 1000, 1000]
v: [29.87, 19.29, 22.16, 29.53, 24.75, 24.81, 33.47, 25.51, 11.85, 20.65, 15.21, 22.44, 14.52, 23.94]
a: [123.77, 63.28, 95.99, 118.37, 169.74, 106.04, 93.32, 69.11, 142.18, 50.0, 155.84, 157.39, 155.28, 69.21]
d: [3.77, 5.91, 5.14, 4.95, 3.8, 3.89, 4.81, 3.82, 4.3, 3.5, 3.57, 4.84, 4.91, 2.0]

iteration: 107, best:[5.78, 7.44, 9.85, 11.92, 14.99, 18.21, 26.47, 29.26, 31.27, 33.41, 37.6, 39.4, 41.5, 42.45]
time: [5.83, 7.49, 10.84, 16.33, 23.54, 26.08, 34.63, 37.52, 39.02, 1000, 1000, 1000, 1000, 1000]
v: [19.64, 19.29, 30.19, 29.38, 17.38, 32.18, 30.64, 18.42, 24.68, 26.26, 20.99, 18.84, 14.52, 20.73]
a: [123.77, 63.28, 47.71, 118.37, 75.03, 135.37, 93.32, 115.09, 186.26, 76.79, 117.82, 135.82, 155.28, 81.82]
d: [3.77, 5.91, 4.15, 3.5, 3.8, 5.17, 4.81, 3.73, 4.3, 3.5, 4.0, 5.57, 4.91, 2.0]

iteration: 108, best:[5.78, 7.44, 9.85, 11.92, 14.99, 18.21, 26.47, 29.26, 31.27, 33.41, 37.6, 39.4, 41.5, 42.45]
time: [5.84, 7.47, 10.13, 12.37, 15.12, 18.19, 30.08, 32.72, 1000, 1000, 1000, 1000, 1000, 1000]
v: [19.64, 19.29, 29.43, 29.38, 18.5, 20.97, 15.68, 25.24, 11.85, 11.06, 16.07, 10.55, 14.52, 17.1]
a: [123.77, 63.28, 95.99, 118.37, 75.03, 185.92, 187.62, 115.09, 142.18, 57.65, 156.98, 135.82, 155.28, 151.37]
d: [3.77, 5.91, 5.14, 3.5, 3.64, 3.89, 4.81, 4.57, 4.3, 4.3, 4.63, 5.17, 4.91, 2.0]

iteration: 109, best:[5.78, 7.44, 9.85, 11.92, 14.99, 18.21, 26.47, 29.26, 31.27, 33.41, 37.6, 39.4, 41.5, 42.45]
time: [5.79, 7.45, 10.84, 16.24, 22.92, 26.14, 42.88, 1000, 1000, 1000, 1000, 1000, 1000, 1000]
v: [19.64, 19.29, 19.93, 28.56, 34.45, 27.53, 17.74, 21.55, 31.34, 21.7, 12.23, 25.14, 32.19, 20.5]
a: [123.77, 63.28, 53.13, 106.75, 97.71, 98.74, 135.83, 115.09, 142.18, 102.81, 66.85, 54.03, 49.98, 105.98]
d: [3.77, 5.91, 5.14, 5.75, 3.95, 3.89, 4.81, 3.73, 4.13, 3.5, 4.63, 4.84, 5.18, 2.0]

iteration: 110, best:[5.78, 7.44, 9.85, 11.92, 14.99, 18.21, 26.47, 29.26, 31.27, 33.41, 37.6, 39.4, 41.5, 42.45]
time: [5.84, 7.48, 10.12, 15.41, 34.86, 37.46, 1000, 1000, 1000, 1000, 1000, 1000, 1000, 1000]
v: [19.64, 19.29, 29.43, 33.29, 28.65, 25.92, 20.6, 15.06, 23.64, 13.7, 15.69, 11.54, 27.44, 17.1]
a: [123.77, 63.28, 95.99, 118.37, 75.03, 185.92, 93.32, 115.09, 42.75, 50.0, 46.59, 135.82, 151.41, 151.37]
d: [3.77, 5.91, 5.14, 5.25, 5.88, 5.55, 3.53, 4.64, 4.3, 3.5, 4.63, 4.84, 4.91, 2.0]

iteration: 111, best:[5.78, 7.44, 9.85, 11.92, 14.99, 18.21, 26.47, 29.26, 31.27, 33.41, 37.6, 39.4, 41.5, 42.45]
time: [5.88, 7.53, 10.2, 12.57, 18.47, 21.51, 31.95, 34.69, 1000, 1000, 1000, 1000, 1000, 1000]
v: [19.64, 19.29, 29.43, 22.6, 33.54, 20.97, 25.49, 21.55, 34.64, 15.94, 28.03, 23.43, 23.18, 17.1]
a: [123.77, 63.28, 95.99, 118.37, 75.03, 185.92, 56.63, 115.09, 176.22, 65.36, 69.66, 47.21, 34.89, 151.37]
d: [3.77, 5.91, 5.14, 3.5, 5.91, 3.89, 4.32, 3.73, 5.09, 3.5, 4.57, 4.84, 4.91, 2.0]

iteration: 112, best:[5.78, 7.44, 9.85, 11.92, 14.99, 18.21, 26.47, 29.26, 31.27, 33.41, 37.6, 39.4, 41.5, 42.45]
time: [5.83, 7.5, 10.73, 16.86, 24.84, 27.8, 39.21, 41.98, 1000, 1000, 1000, 1000, 1000, 1000]
v: [19.64, 19.29, 17.79, 13.11, 17.38, 23.94, 18.01, 25.09, 11.85, 13.7, 23.72, 20.87, 11.89, 23.28]
a: [123.77, 63.28, 74.93, 149.75, 75.03, 185.92, 177.1, 129.8, 142.18, 50.0, 66.85, 135.82, 54.12, 195.9]
d: [3.77, 5.91, 5.14, 3.5, 3.8, 4.71, 4.81, 3.73, 4.3, 3.5, 5.38, 4.84, 4.91, 2.0]

mutation at idx = 1iteration: 113, best:[5.78, 7.44, 9.85, 11.92, 14.99, 18.21, 26.47, 29.26, 31.27, 33.41, 37.6, 39.4, 41.5, 42.45]
time: [5.85, 7.27, 9.78, 11.88, 18.04, 37.8, 1000, 1000, 1000, 1000, 1000, 1000, 1000, 1000]
v: [19.64, 26.14, 29.43, 29.38, 12.94, 18.44, 33.47, 21.55, 16.41, 26.02, 21.76, 22.35, 25.87, 26.02]
a: [123.77, 122.25, 95.99, 118.37, 152.66, 185.92, 93.32, 115.09, 142.18, 50.0, 159.36, 147.35, 168.35, 151.37]
d: [3.77, 5.3, 5.14, 3.5, 4.09, 3.89, 4.81, 3.73, 5.55, 4.34, 4.63, 4.84, 4.91, 2.0]

