iteration: 1, best:[5.78, 7.44, 10.23, 12.34, 14.99, 18.21, 26.47, 29.26, 31.27, 33.41, 37.6, 39.4, 41.5, 42.45]
time: [5.75, 7.38, 10.25, 12.29, 15.27, 18.31, 26.68, 29.53, 31.43, 33.87, 35.67, 37.3, 39.72, 1000]
v: [19.64, 19.29, 23.21, 27.99, 17.38, 20.97, 33.47, 21.55, 11.85, 13.7, 12.23, 26.97, 14.52, 17.1]
a: [123.77, 63.28, 95.99, 150.8, 75.03, 185.92, 93.32, 115.09, 142.18, 50.0, 66.85, 135.82, 155.28, 151.37]
d: [3.77, 5.91, 5.14, 3.5, 3.8, 3.89, 4.81, 3.73, 4.3, 3.5, 4.63, 4.84, 4.91, 2.0]

mutation at idx = 0mutation at idx = 2mutation at idx = 5iteration: 2, best:[5.78, 7.44, 10.23, 12.34, 14.99, 18.21, 26.47, 29.26, 31.27, 33.41, 37.6, 39.4, 41.5, 42.45]
time: [5.95, 7.75, 11.81, 17.32, 24.66, 27.35, 36.29, 39.05, 41.09, 42.81, 1000, 1000, 1000, 1000]
v: [13.64, 19.29, 16.16, 27.99, 17.38, 26.7, 33.47, 21.55, 11.85, 18.41, 12.23, 25.4, 26.62, 34.87]
a: [123.77, 63.28, 26.39, 150.8, 75.03, 178.81, 93.32, 115.09, 142.18, 136.54, 66.85, 135.82, 50.43, 132.98]
d: [3.77, 5.91, 3.67, 3.5, 3.8, 4.49, 4.81, 3.73, 4.3, 3.5, 4.63, 4.84, 4.83, 2.0]

iteration: 3, best:[5.78, 7.44, 10.23, 12.34, 14.99, 18.21, 26.47, 29.26, 31.27, 33.41, 37.6, 39.4, 41.5, 42.45]
time: [5.83, 7.47, 10.13, 12.86, 23.19, 36.1, 1000, 1000, 1000, 1000, 1000, 1000, 1000, 1000]
v: [19.64, 19.29, 24.62, 12.67, 22.06, 26.94, 33.47, 18.8, 21.22, 22.78, 18.25, 25.69, 25.01, 30.25]
a: [123.77, 63.28, 118.74, 167.62, 75.03, 185.92, 93.32, 90.27, 182.25, 50.0, 116.53, 150.3, 155.28, 181.52]
d: [3.77, 5.91, 4.73, 4.26, 5.74, 3.71, 4.81, 3.73, 4.0, 5.03, 4.63, 4.84, 6.0, 2.0]

iteration: 4, best:[5.78, 7.44, 10.23, 12.34, 14.99, 18.21, 26.47, 29.26, 31.27, 33.41, 37.6, 39.4, 41.5, 42.45]
time: [5.79, 7.51, 10.38, 12.47, 17.73, 21.14, 29.79, 32.67, 38.6, 41.73, 43.1, 1000, 1000, 1000]
v: [19.64, 19.29, 23.21, 27.99, 30.94, 24.99, 33.47, 21.55, 33.44, 14.78, 14.46, 33.71, 14.96, 34.38]
a: [123.77, 63.28, 95.99, 150.8, 164.17, 153.01, 93.32, 115.09, 97.12, 50.0, 156.06, 38.27, 155.28, 151.37]
d: [3.77, 5.91, 5.14, 3.5, 3.8, 4.14, 4.81, 3.73, 4.3, 3.5, 4.63, 5.59, 5.94, 2.0]

iteration: 5, best:[5.78, 7.44, 10.23, 12.34, 14.99, 18.21, 26.47, 29.26, 31.27, 33.41, 37.6, 39.4, 41.5, 42.45]
time: [5.78, 7.5, 10.35, 12.44, 15.37, 19.12, 32.27, 34.79, 1000, 1000, 1000, 1000, 1000, 1000]
v: [19.64, 19.29, 23.21, 27.99, 12.56, 20.99, 18.76, 20.74, 11.85, 13.7, 16.58, 20.29, 14.52, 23.81]
a: [123.77, 63.28, 95.99, 150.8, 75.03, 67.05, 93.32, 193.57, 142.18, 50.0, 37.88, 40.19, 155.28, 151.37]
d: [3.77, 5.91, 5.14, 3.5, 3.8, 5.06, 4.81, 3.73, 4.3, 3.5, 4.63, 4.84, 4.91, 2.0]

iteration: 6, best:[5.78, 7.44, 10.23, 12.34, 14.99, 18.21, 26.47, 29.26, 31.27, 33.41, 37.6, 39.4, 41.5, 42.45]
time: [5.84, 7.48, 10.3, 15.45, 21.87, 28.48, 1000, 1000, 1000, 1000, 1000, 1000, 1000, 1000]
v: [19.64, 19.29, 23.21, 27.99, 30.96, 23.95, 12.81, 31.4, 17.55, 13.7, 20.34, 33.05, 33.98, 17.1]
a: [123.77, 63.28, 95.99, 150.8, 31.52, 175.61, 93.32, 126.8, 142.18, 50.0, 66.85, 119.21, 155.28, 151.37]
d: [3.77, 5.91, 5.14, 3.5, 5.9, 5.45, 5.9, 3.73, 4.3, 3.5, 4.63, 4.84, 4.91, 2.0]

iteration: 7, best:[5.78, 7.44, 10.23, 12.34, 14.99, 18.21, 26.47, 29.26, 31.27, 33.41, 37.6, 39.4, 41.5, 42.45]
time: [5.82, 7.51, 10.37, 13.11, 19.4, 22.37, 33.13, 35.81, 40.27, 42.33, 1000, 1000, 1000, 1000]
v: [19.64, 19.29, 23.21, 13.26, 23.07, 23.64, 25.92, 21.57, 15.95, 14.47, 32.21, 28.76, 24.3, 18.63]
a: [123.77, 63.28, 95.99, 150.8, 75.03, 132.2, 82.24, 115.09, 142.18, 50.0, 31.37, 135.82, 46.42, 34.02]
d: [3.77, 5.91, 5.14, 5.07, 3.8, 3.89, 4.81, 5.83, 4.3, 3.5, 4.63, 4.7, 4.91, 2.0]

iteration: 8, best:[5.78, 7.44, 10.23, 12.34, 14.99, 18.21, 26.47, 29.26, 31.27, 33.41, 37.6, 39.4, 41.5, 42.45]
time: [5.83, 7.51, 10.35, 15.54, 24.33, 30.88, 43.81, 1000, 1000, 1000, 1000, 1000, 1000, 1000]
v: [19.64, 19.29, 23.21, 33.9, 21.81, 15.11, 17.11, 24.84, 30.35, 16.24, 12.28, 32.38, 22.72, 29.78]
a: [123.77, 63.28, 95.99, 159.3, 198.63, 185.92, 93.32, 143.33, 181.85, 191.97, 66.85, 135.82, 155.28, 88.94]
d: [3.77, 5.91, 5.14, 5.35, 4.45, 3.89, 4.81, 3.75, 4.3, 3.82, 4.63, 4.84, 4.91, 2.0]

iteration: 9, best:[5.78, 7.44, 10.23, 12.34, 14.99, 18.21, 26.47, 29.26, 31.27, 33.41, 37.6, 39.4, 41.5, 42.45]
time: [5.83, 7.51, 10.36, 12.5, 15.36, 18.7, 27.6, 31.43, 33.66, 35.8, 49.06, 1000, 1000, 1000]
v: [19.64, 19.29, 23.21, 27.99, 14.21, 18.84, 33.47, 13.73, 10.54, 34.54, 26.24, 26.97, 19.52, 17.1]
a: [123.77, 63.28, 95.99, 150.8, 75.03, 101.16, 93.32, 79.59, 171.05, 50.0, 66.85, 135.82, 155.28, 151.37]
d: [3.77, 5.91, 5.14, 3.5, 3.72, 5.35, 4.81, 3.73, 4.3, 5.16, 5.51, 4.84, 4.33, 2.0]

mutation at idx = 1iteration: 10, best:[5.78, 7.44, 10.23, 12.34, 14.99, 18.21, 26.47, 29.26, 31.27, 33.41, 37.6, 39.4, 41.5, 42.45]
time: [5.79, 7.47, 10.32, 12.43, 18.59, 40.3, 1000, 1000, 1000, 1000, 1000, 1000, 1000, 1000]
v: [19.64, 16.38, 23.21, 27.99, 27.78, 16.93, 24.35, 21.29, 32.58, 13.7, 18.66, 32.89, 13.3, 25.03]
a: [123.77, 63.28, 95.99, 150.8, 75.03, 96.5, 183.63, 115.09, 142.18, 50.0, 129.45, 56.64, 49.5, 151.37]
d: [3.77, 5.3, 5.14, 3.5, 3.58, 5.11, 5.73, 3.73, 3.53, 3.5, 4.63, 4.18, 3.51, 2.0]

iteration: 11, best:[5.78, 7.44, 10.23, 12.34, 14.99, 18.21, 26.47, 29.26, 31.27, 33.41, 37.6, 39.4, 41.5, 42.45]
time: [5.86, 7.54, 10.38, 15.5, 18.33, 21.65, 34.84, 37.79, 42.92, 1000, 1000, 1000, 1000, 1000]
v: [19.64, 19.29, 23.21, 27.99, 17.38, 22.54, 15.2, 22.65, 11.85, 13.7, 34.22, 14.98, 34.76, 30.99]
a: [123.77, 63.28, 95.99, 150.8, 75.03, 106.16, 86.03, 115.09, 142.18, 50.0, 136.91, 132.51, 146.06, 157.1]
d: [3.77, 5.91, 5.14, 3.5, 3.8, 3.89, 5.43, 3.73, 4.3, 3.5, 4.26, 4.21, 4.05, 2.0]

iteration: 12, best:[5.78, 7.44, 10.23, 12.34, 14.99, 18.21, 26.47, 29.26, 31.27, 33.41, 37.6, 39.4, 41.5, 42.45]
time: [5.86, 7.56, 10.37, 16.59, 24.3, 26.93, 39.72, 1000, 1000, 1000, 1000, 1000, 1000, 1000]
v: [19.64, 19.29, 23.21, 11.5, 17.38, 20.97, 17.16, 21.55, 13.48, 29.11, 20.51, 32.36, 14.52, 23.64]
a: [123.77, 63.28, 95.99, 150.8, 75.03, 185.92, 100.15, 115.09, 142.18, 173.03, 66.85, 121.09, 155.28, 151.43]
d: [3.77, 5.91, 5.14, 3.87, 3.8, 3.89, 4.81, 3.73, 4.3, 4.34, 4.63, 4.84, 4.91, 2.0]

iteration: 13, best:[5.78, 7.44, 10.23, 12.34, 14.99, 18.21, 26.47, 29.26, 31.27, 33.41, 37.6, 39.4, 41.5, 42.45]
time: [5.79, 7.51, 10.39, 1000, 1000, 1000, 1000, 1000, 1000, 1000, 1000, 1000, 1000, 1000]
v: [19.64, 19.29, 23.21, 23.34, 17.38, 30.58, 25.66, 16.21, 11.85, 13.7, 12.23, 11.24, 31.28, 20.92]
a: [123.77, 63.28, 95.99, 84.7, 75.03, 185.92, 135.11, 32.78, 142.18, 50.0, 66.85, 116.3, 155.28, 25.17]
d: [3.77, 5.91, 5.14, 3.5, 3.8, 3.89, 4.81, 3.73, 4.3, 3.5, 4.63, 3.68, 5.21, 2.0]

iteration: 14, best:[5.78, 7.44, 10.23, 12.34, 14.99, 18.21, 26.47, 29.26, 31.27, 33.41, 37.6, 39.4, 41.5, 42.45]
time: [5.83, 7.53, 10.37, 13.27, 1000, 1000, 1000, 1000, 1000, 1000, 1000, 1000, 1000, 1000]
v: [19.64, 19.29, 23.21, 14.33, 30.1, 12.84, 27.33, 31.6, 28.12, 32.34, 24.15, 34.22, 32.31, 30.03]
a: [123.77, 63.28, 95.99, 64.01, 182.73, 21.96, 93.32, 176.67, 71.69, 50.0, 133.06, 140.12, 155.28, 151.37]
d: [3.77, 5.91, 5.14, 4.98, 3.8, 6.0, 4.81, 3.73, 4.3, 3.5, 4.42, 4.84, 4.91, 2.0]

mutation at idx = 0iteration: 15, best:[5.78, 7.44, 10.23, 12.34, 14.99, 18.21, 26.47, 29.26, 31.27, 33.41, 37.6, 39.4, 41.5, 42.45]
time: [7.38, 9.53, 12.41, 19.11, 23.13, 25.52, 42.5, 1000, 1000, 1000, 1000, 1000, 1000, 1000]
v: [25.1, 19.29, 23.21, 19.81, 22.68, 20.97, 18.67, 22.85, 14.77, 11.39, 31.69, 14.0, 24.3, 17.1]
a: [28.73, 63.28, 95.99, 21.59, 47.02, 185.92, 56.7, 115.09, 142.18, 65.99, 195.99, 135.82, 124.28, 151.37]
d: [3.77, 5.91, 5.14, 3.5, 3.8, 3.89, 4.81, 3.73, 4.3, 5.54, 4.27, 4.8, 3.98, 2.0]

iteration: 16, best:[5.78, 7.44, 10.23, 12.34, 14.99, 18.21, 26.47, 29.26, 31.27, 33.41, 37.6, 39.4, 41.5, 42.45]
time: [6.6, 8.55, 12.05, 14.83, 20.87, 23.43, 35.97, 38.7, 39.89, 1000, 1000, 1000, 1000, 1000]
v: [33.27, 26.25, 16.45, 34.62, 17.38, 20.97, 16.19, 16.18, 31.76, 19.27, 34.02, 26.97, 19.34, 21.58]
a: [44.88, 63.28, 61.48, 67.95, 75.03, 185.92, 187.44, 115.09, 142.18, 50.0, 195.63, 135.82, 96.65, 161.33]
d: [3.77, 5.91, 5.97, 3.5, 3.8, 3.89, 4.66, 4.76, 4.3, 4.48, 3.52, 4.84, 4.75, 2.0]

iteration: 17, best:[5.78, 7.44, 10.23, 12.34, 14.99, 18.21, 26.47, 29.26, 31.27, 33.41, 37.6, 39.4, 41.5, 42.45]
time: [5.73, 7.4, 11.11, 16.48, 23.83, 26.84, 35.8, 38.6, 40.21, 42.41, 1000, 1000, 1000, 1000]
v: [24.15, 19.29, 10.66, 33.2, 34.35, 20.35, 33.98, 21.55, 11.85, 29.39, 33.76, 28.08, 16.32, 34.57]
a: [167.7, 63.28, 103.3, 95.99, 37.39, 91.88, 93.32, 115.09, 142.18, 50.0, 75.15, 188.68, 155.28, 145.1]
d: [5.91, 5.91, 4.6, 3.94, 3.8, 5.97, 3.69, 3.73, 4.3, 3.5, 5.59, 5.76, 5.44, 2.0]

iteration: 18, best:[5.78, 7.44, 10.23, 12.34, 14.99, 18.21, 26.47, 29.26, 31.27, 33.41, 37.6, 39.4, 41.5, 42.45]
time: [5.83, 7.49, 9.9, 15.77, 1000, 1000, 1000, 1000, 1000, 1000, 1000, 1000, 1000, 1000]
v: [19.64, 19.29, 26.36, 11.1, 21.21, 26.24, 33.47, 15.35, 11.85, 30.3, 18.58, 24.57, 20.62, 17.1]
a: [123.77, 63.28, 160.68, 160.58, 75.03, 43.74, 93.32, 69.38, 142.18, 85.28, 154.12, 143.68, 155.28, 151.37]
d: [3.77, 5.91, 5.76, 4.34, 3.8, 4.73, 4.81, 5.77, 4.3, 3.5, 4.63, 3.75, 4.91, 2.0]

mutation at idx = 2iteration: 19, best:[5.78, 7.44, 9.9, 12.34, 14.99, 18.21, 26.47, 29.26, 31.27, 33.41, 37.6, 39.4, 41.5, 42.45]
time: [5.79, 7.47, 10.37, 16.02, 23.33, 28.62, 39.28, 42.11, 43.33, 1000, 1000, 1000, 1000, 1000]
v: [19.64, 19.29, 24.17, 21.77, 17.67, 19.22, 30.44, 25.43, 34.95, 33.61, 12.23, 15.13, 17.89, 20.8]
a: [123.77, 63.28, 89.45, 100.56, 27.21, 20.52, 93.32, 146.32, 81.72, 70.73, 66.85, 135.82, 25.74, 97.95]
d: [3.77, 5.91, 5.76, 3.5, 3.8, 3.89, 4.81, 4.09, 4.3, 3.5, 4.63, 5.53, 5.65, 2.0]

iteration: 20, best:[5.78, 7.44, 9.9, 12.34, 14.99, 18.21, 26.47, 29.26, 31.27, 33.41, 37.6, 39.4, 41.5, 42.45]
time: [5.83, 7.54, 10.39, 13.39, 19.38, 22.62, 32.05, 34.86, 36.7, 39.41, 41.49, 1000, 1000, 1000]
v: [19.64, 19.29, 29.23, 23.98, 21.13, 33.75, 33.33, 21.55, 11.85, 11.11, 12.23, 24.75, 33.06, 25.6]
a: [123.77, 63.28, 80.92, 52.44, 75.03, 65.43, 93.32, 115.09, 142.18, 50.0, 66.85, 35.89, 174.29, 34.0]
d: [3.77, 5.91, 5.76, 3.5, 4.2, 3.89, 4.81, 3.73, 4.3, 3.79, 4.63, 3.71, 4.65, 2.0]

iteration: 21, best:[5.78, 7.44, 9.9, 12.34, 14.99, 18.21, 26.47, 29.26, 31.27, 33.41, 37.6, 39.4, 41.5, 42.45]
time: [5.84, 7.49, 9.9, 11.93, 1000, 1000, 1000, 1000, 1000, 1000, 1000, 1000, 1000, 1000]
v: [19.64, 19.29, 26.36, 22.76, 23.38, 20.97, 33.47, 31.28, 11.85, 28.32, 10.88, 13.14, 32.05, 31.51]
a: [123.77, 63.28, 160.68, 139.32, 53.52, 185.92, 93.32, 115.09, 142.18, 50.0, 24.82, 62.35, 155.28, 143.02]
d: [3.77, 5.91, 5.76, 3.69, 5.56, 3.89, 4.81, 4.96, 4.3, 3.89, 4.63, 4.51, 5.35, 2.0]

iteration: 22, best:[5.78, 7.44, 9.9, 11.93, 14.99, 18.21, 26.47, 29.26, 31.27, 33.41, 37.6, 39.4, 41.5, 42.45]
time: [5.88, 7.51, 9.85, 1000, 1000, 1000, 1000, 1000, 1000, 1000, 1000, 1000, 1000, 1000]
v: [19.64, 19.29, 26.36, 22.76, 13.19, 20.97, 18.65, 21.55, 11.85, 16.16, 23.45, 23.03, 34.53, 11.48]
a: [123.77, 63.28, 160.68, 139.32, 83.04, 185.92, 93.32, 115.09, 142.18, 50.0, 120.2, 165.49, 121.79, 111.2]
d: [3.77, 5.91, 5.76, 3.69, 3.8, 3.89, 4.81, 3.73, 4.3, 3.5, 4.63, 4.34, 4.12, 2.0]

iteration: 23, best:[5.78, 7.44, 9.9, 11.93, 14.99, 18.21, 26.47, 29.26, 31.27, 33.41, 37.6, 39.4, 41.5, 42.45]
time: [5.84, 7.47, 9.89, 11.89, 14.78, 17.86, 32.0, 34.79, 1000, 1000, 1000, 1000, 1000, 1000]
v: [19.64, 19.29, 26.36, 22.76, 19.7, 23.54, 13.97, 21.55, 26.98, 34.69, 33.68, 23.21, 14.52, 19.06]
a: [123.77, 63.28, 160.68, 139.32, 75.03, 185.92, 84.85, 115.09, 142.18, 50.0, 66.85, 186.32, 155.28, 164.49]
d: [3.77, 5.91, 5.76, 3.69, 3.8, 3.98, 4.81, 3.73, 4.3, 4.98, 4.36, 4.33, 4.91, 2.0]

mutation at idx = 4iteration: 24, best:[5.78, 7.44, 9.9, 11.93, 14.99, 17.86, 26.47, 29.26, 31.27, 33.41, 37.6, 39.4, 41.5, 42.45]
time: [5.84, 7.49, 9.89, 11.93, 18.32, 20.69, 29.93, 32.58, 34.01, 35.97, 1000, 1000, 1000, 1000]
v: [19.64, 19.29, 26.36, 22.76, 15.33, 23.54, 33.47, 21.55, 11.85, 23.9, 32.28, 21.73, 24.76, 17.1]
a: [123.77, 63.28, 160.68, 139.32, 75.03, 185.92, 93.32, 115.09, 142.18, 78.19, 46.09, 127.26, 198.97, 151.37]
d: [3.77, 5.91, 5.76, 3.69, 5.12, 3.98, 4.81, 3.73, 4.3, 3.5, 5.83, 4.84, 4.91, 2.0]

iteration: 25, best:[5.78, 7.44, 9.9, 11.93, 14.99, 17.86, 26.47, 29.26, 31.27, 33.41, 37.6, 39.4, 41.5, 42.45]
time: [5.84, 7.49, 9.89, 11.95, 14.84, 1000, 1000, 1000, 1000, 1000, 1000, 1000, 1000, 1000]
v: [19.64, 19.29, 26.36, 22.76, 17.38, 19.19, 29.9, 21.1, 11.85, 13.7, 31.45, 26.97, 14.52, 17.1]
a: [123.77, 63.28, 160.68, 139.32, 75.03, 185.92, 82.12, 115.09, 142.18, 50.0, 119.32, 135.82, 155.28, 151.37]
d: [3.77, 5.91, 5.76, 3.69, 3.8, 5.87, 4.81, 3.74, 4.3, 3.5, 4.63, 4.84, 4.91, 2.0]

mutation at idx = 0iteration: 26, best:[5.78, 7.44, 9.9, 11.93, 14.99, 17.86, 26.47, 29.26, 31.27, 33.41, 37.6, 39.4, 41.5, 42.45]
time: [5.75, 7.38, 9.8, 1000, 1000, 1000, 1000, 1000, 1000, 1000, 1000, 1000, 1000, 1000]
v: [31.13, 19.29, 26.36, 22.76, 17.38, 34.83, 33.47, 26.66, 33.68, 13.7, 15.07, 10.52, 32.33, 12.4]
a: [123.77, 63.28, 160.68, 139.32, 75.03, 85.08, 93.32, 31.06, 142.18, 50.0, 97.97, 193.8, 41.46, 159.87]
d: [5.54, 5.91, 5.76, 3.69, 3.8, 3.98, 4.81, 5.78, 5.85, 3.5, 3.78, 4.28, 3.87, 2.0]

mutation at idx = 1iteration: 27, best:[5.78, 7.44, 9.9, 11.93, 14.99, 17.86, 26.47, 29.26, 31.27, 33.41, 37.6, 39.4, 41.5, 42.45]
time: [5.86, 7.44, 9.78, 12.04, 17.88, 21.98, 38.53, 42.27, 1000, 1000, 1000, 1000, 1000, 1000]
v: [19.64, 31.5, 26.36, 16.4, 15.99, 15.75, 13.43, 27.85, 16.54, 16.76, 12.23, 26.97, 26.31, 18.44]
a: [123.77, 84.73, 160.68, 159.26, 111.84, 75.35, 162.87, 44.83, 122.51, 50.0, 66.85, 135.82, 72.59, 151.37]
d: [3.77, 5.7, 5.76, 3.69, 5.73, 3.98, 4.81, 4.19, 4.3, 3.5, 4.63, 4.84, 3.76, 2.0]

mutation at idx = 0iteration: 28, best:[5.78, 7.44, 9.9, 11.93, 14.99, 17.86, 26.47, 29.26, 31.27, 33.41, 37.6, 39.4, 41.5, 42.45]
time: [5.75, 7.39, 9.81, 1000, 1000, 1000, 1000, 1000, 1000, 1000, 1000, 1000, 1000, 1000]
v: [20.75, 19.29, 26.36, 22.76, 17.38, 23.54, 32.61, 29.03, 16.72, 17.86, 14.27, 30.11, 10.69, 19.16]
a: [198.13, 63.28, 160.68, 139.32, 75.03, 185.92, 154.02, 115.09, 44.61, 50.0, 36.37, 135.82, 155.28, 151.37]
d: [4.19, 5.91, 5.76, 3.69, 3.8, 3.98, 4.02, 3.8, 4.13, 4.95, 4.63, 4.84, 4.91, 2.0]

iteration: 29, best:[5.78, 7.44, 9.9, 11.93, 14.99, 17.86, 26.47, 29.26, 31.27, 33.41, 37.6, 39.4, 41.5, 42.45]
time: [5.81, 7.53, 9.97, 12.33, 1000, 1000, 1000, 1000, 1000, 1000, 1000, 1000, 1000, 1000]
v: [19.64, 19.29, 26.36, 21.55, 16.99, 28.58, 33.47, 14.09, 22.65, 22.35, 10.95, 22.15, 20.17, 12.51]
a: [123.77, 63.28, 160.68, 55.13, 125.32, 150.09, 93.32, 196.34, 142.18, 50.0, 40.97, 21.82, 92.15, 26.06]
d: [3.77, 5.91, 5.76, 5.12, 5.64, 3.98, 4.81, 5.46, 5.92, 3.5, 5.49, 4.84, 4.06, 2.0]

iteration: 30, best:[5.78, 7.44, 9.9, 11.93, 14.99, 17.86, 26.47, 29.26, 31.27, 33.41, 37.6, 39.4, 41.5, 42.45]
time: [5.85, 7.54, 9.9, 11.97, 17.11, 21.98, 31.42, 34.51, 36.67, 39.18, 43.14, 1000, 1000, 1000]
v: [19.64, 19.29, 26.36, 30.21, 34.04, 19.34, 34.55, 16.9, 24.85, 21.93, 26.08, 22.29, 14.52, 13.61]
a: [123.77, 63.28, 160.68, 98.56, 147.74, 52.01, 93.32, 107.32, 71.86, 50.0, 195.5, 91.42, 155.28, 92.38]
d: [3.77, 5.91, 5.76, 5.79, 3.8, 3.98, 5.32, 3.69, 4.77, 5.48, 5.88, 5.21, 4.91, 2.0]

iteration: 31, best:[5.78, 7.44, 9.9, 11.93, 14.99, 17.86, 26.47, 29.26, 31.27, 33.41, 37.6, 39.4, 41.5, 42.45]
time: [5.84, 7.53, 9.94, 11.94, 14.8, 17.83, 27.86, 30.98, 33.02, 38.99, 1000, 1000, 1000, 1000]
v: [19.64, 19.29, 26.36, 22.76, 17.38, 23.54, 31.34, 21.55, 11.85, 14.52, 33.39, 24.88, 24.85, 32.59]
a: [123.77, 63.28, 160.68, 139.32, 75.03, 185.92, 58.52, 115.09, 142.18, 97.74, 121.25, 89.19, 155.28, 151.72]
d: [3.77, 5.91, 5.76, 3.69, 3.8, 3.98, 4.81, 3.73, 4.3, 5.44, 4.63, 5.32, 4.91, 2.0]

iteration: 32, best:[5.78, 7.44, 9.9, 11.93, 14.99, 17.86, 26.47, 29.26, 31.27, 33.41, 37.6, 39.4, 41.5, 42.45]
time: [5.83, 7.49, 9.89, 11.9, 14.81, 17.73, 26.35, 28.96, 1000, 1000, 1000, 1000, 1000, 1000]
v: [19.64, 19.29, 26.36, 22.76, 17.38, 23.54, 33.47, 30.72, 15.73, 13.7, 32.14, 21.81, 28.22, 31.23]
a: [123.77, 63.28, 160.68, 139.32, 75.03, 185.92, 93.32, 115.09, 79.98, 50.0, 66.85, 135.82, 155.28, 132.39]
d: [3.77, 5.91, 5.76, 3.69, 3.8, 3.98, 4.81, 3.73, 4.83, 3.5, 3.6, 4.01, 5.12, 2.0]

mutation at idx = 7iteration: 33, best:[5.78, 7.44, 9.9, 11.93, 14.99, 17.86, 26.47, 28.96, 31.27, 33.41, 37.6, 39.4, 41.5, 42.45]
time: [5.84, 7.51, 9.93, 11.93, 14.82, 17.78, 26.58, 1000, 1000, 1000, 1000, 1000, 1000, 1000]
v: [19.64, 19.29, 26.36, 22.76, 17.38, 23.54, 33.47, 33.32, 34.88, 13.7, 23.57, 12.38, 19.18, 32.24]
a: [123.77, 63.28, 160.68, 139.32, 75.03, 185.92, 93.32, 162.13, 142.18, 50.0, 66.85, 88.94, 195.39, 107.1]
d: [3.77, 5.91, 5.76, 3.69, 3.8, 3.98, 4.81, 4.13, 4.09, 3.5, 3.59, 4.45, 4.91, 2.0]

mutation at idx = 1iteration: 34, best:[5.78, 7.44, 9.9, 11.93, 14.99, 17.86, 26.47, 28.96, 31.27, 33.41, 37.6, 39.4, 41.5, 42.45]
time: [5.83, 7.37, 9.68, 1000, 1000, 1000, 1000, 1000, 1000, 1000, 1000, 1000, 1000, 1000]
v: [19.64, 16.08, 26.36, 22.76, 17.38, 23.54, 33.47, 30.72, 13.29, 32.91, 32.04, 19.64, 32.01, 17.1]
a: [123.77, 185.68, 160.68, 139.32, 75.03, 185.92, 93.32, 115.09, 156.24, 51.87, 175.19, 115.91, 93.59, 151.37]
d: [3.77, 5.91, 5.76, 3.69, 3.8, 3.98, 4.81, 3.73, 4.3, 3.5, 3.79, 3.66, 4.91, 2.0]

iteration: 35, best:[5.78, 7.44, 9.9, 11.93, 14.99, 17.86, 26.47, 28.96, 31.27, 33.41, 37.6, 39.4, 41.5, 42.45]
time: [5.82, 7.46, 9.87, 11.9, 17.75, 20.54, 29.05, 31.5, 32.67, 1000, 1000, 1000, 1000, 1000]
v: [19.64, 19.29, 26.36, 22.76, 27.91, 23.54, 33.47, 30.72, 29.53, 25.3, 12.23, 18.78, 30.85, 30.56]
a: [123.77, 63.28, 160.68, 139.32, 95.65, 185.92, 93.32, 115.09, 142.18, 75.17, 66.85, 180.97, 37.3, 151.37]
d: [3.77, 5.91, 5.76, 3.69, 5.4, 3.98, 4.81, 3.73, 4.3, 5.36, 4.63, 4.84, 4.91, 2.0]

iteration: 36, best:[5.78, 7.44, 9.9, 11.93, 14.99, 17.86, 26.47, 28.96, 31.27, 33.41, 37.6, 39.4, 41.5, 42.45]
time: [5.8, 7.52, 9.93, 11.96, 17.55, 21.84, 31.15, 1000, 1000, 1000, 1000, 1000, 1000, 1000]
v: [19.64, 19.29, 26.36, 22.76, 18.77, 10.73, 27.38, 20.09, 17.18, 13.92, 23.45, 25.17, 30.09, 20.62]
a: [123.77, 63.28, 160.68, 139.32, 167.07, 188.76, 198.78, 168.45, 34.72, 107.31, 66.85, 39.12, 155.28, 151.37]
d: [3.77, 5.91, 5.76, 3.69, 3.72, 4.36, 4.11, 4.53, 4.3, 3.5, 4.63, 5.2, 5.21, 2.0]

iteration: 37, best:[5.78, 7.44, 9.9, 11.93, 14.99, 17.86, 26.47, 28.96, 31.27, 33.41, 37.6, 39.4, 41.5, 42.45]
time: [5.85, 7.47, 9.87, 11.9, 14.79, 17.78, 28.08, 31.07, 32.81, 34.55, 43.73, 1000, 1000, 1000]
v: [19.64, 19.29, 26.36, 22.76, 17.38, 24.27, 24.92, 15.51, 17.13, 18.69, 12.23, 33.11, 22.25, 17.1]
a: [123.77, 63.28, 160.68, 139.32, 75.03, 185.92, 73.55, 115.09, 74.61, 136.1, 66.85, 64.53, 168.35, 151.37]
d: [3.77, 5.91, 5.76, 3.69, 3.8, 3.84, 5.17, 4.69, 4.3, 5.81, 4.63, 4.84, 4.91, 2.0]

mutation at idx = 4iteration: 38, best:[5.78, 7.44, 9.9, 11.93, 14.99, 17.86, 26.47, 28.96, 31.27, 33.41, 37.6, 39.4, 41.5, 42.45]
time: [5.83, 7.48, 9.87, 11.91, 1000, 1000, 1000, 1000, 1000, 1000, 1000, 1000, 1000, 1000]
v: [19.64, 19.29, 26.36, 22.76, 14.94, 23.54, 33.47, 30.72, 18.38, 18.5, 21.86, 29.28, 11.03, 15.68]
a: [123.77, 63.28, 160.68, 139.32, 158.68, 185.92, 93.32, 115.09, 142.18, 194.87, 91.14, 92.87, 155.28, 141.27]
d: [3.77, 5.91, 5.76, 3.69, 3.8, 3.98, 4.81, 3.73, 4.3, 3.5, 4.4, 4.67, 4.08, 2.0]

mutation at idx = 0mutation at idx = 3iteration: 39, best:[5.78, 7.44, 9.9, 11.93, 14.99, 17.86, 26.47, 28.96, 31.27, 33.41, 37.6, 39.4, 41.5, 42.45]
time: [6.17, 8.0, 10.43, 13.11, 19.96, 23.46, 34.67, 37.26, 39.34, 42.27, 1000, 1000, 1000, 1000]
v: [14.92, 19.29, 26.36, 17.79, 11.13, 14.92, 29.43, 30.72, 11.61, 13.7, 25.88, 25.38, 28.0, 33.59]
a: [81.73, 63.28, 160.68, 52.34, 94.91, 63.53, 57.78, 115.09, 142.18, 50.0, 29.97, 135.82, 155.28, 151.37]
d: [5.77, 5.91, 5.76, 5.1, 3.8, 3.98, 5.23, 3.73, 4.47, 3.5, 4.63, 4.45, 4.91, 2.0]

iteration: 40, best:[5.78, 7.44, 9.9, 11.93, 14.99, 17.86, 26.47, 28.96, 31.27, 33.41, 37.6, 39.4, 41.5, 42.45]
time: [6.05, 7.55, 10.44, 12.75, 18.95, 21.56, 30.59, 33.24, 37.78, 41.34, 1000, 1000, 1000, 1000]
v: [13.47, 19.24, 13.87, 22.76, 24.24, 21.42, 33.47, 25.69, 24.25, 29.98, 16.15, 26.97, 21.49, 30.09]
a: [123.77, 175.02, 160.68, 139.32, 56.94, 102.05, 93.32, 115.09, 114.86, 194.65, 66.85, 135.82, 155.28, 147.27]
d: [3.77, 4.35, 5.3, 3.69, 5.1, 5.63, 4.81, 3.76, 4.62, 5.66, 5.24, 4.84, 4.45, 2.0]

iteration: 41, best:[5.78, 7.44, 9.9, 11.93, 14.99, 17.86, 26.47, 28.96, 31.27, 33.41, 37.6, 39.4, 41.5, 42.45]
time: [5.83, 7.47, 10.0, 15.76, 18.87, 21.91, 30.71, 33.09, 1000, 1000, 1000, 1000, 1000, 1000]
v: [19.64, 19.29, 24.8, 14.82, 17.38, 23.54, 33.47, 31.63, 11.85, 18.84, 22.53, 26.97, 28.24, 17.1]
a: [123.77, 63.28, 139.45, 147.67, 75.03, 185.92, 93.32, 129.92, 142.18, 50.0, 82.57, 135.82, 155.28, 151.37]
d: [3.77, 5.91, 5.76, 3.91, 3.8, 3.98, 4.81, 4.81, 4.3, 3.5, 4.36, 4.84, 4.91, 2.0]

iteration: 42, best:[5.78, 7.44, 9.9, 11.93, 14.99, 17.86, 26.47, 28.96, 31.27, 33.41, 37.6, 39.4, 41.5, 42.45]
time: [5.86, 7.55, 9.95, 12.58, 18.81, 22.07, 34.27, 36.79, 1000, 1000, 1000, 1000, 1000, 1000]
v: [19.64, 19.29, 26.36, 15.43, 17.44, 17.23, 17.31, 30.11, 12.09, 25.52, 30.83, 26.97, 14.52, 17.1]
a: [123.77, 63.28, 160.68, 38.87, 89.05, 149.3, 159.12, 115.09, 194.79, 161.81, 66.85, 135.82, 155.28, 151.37]
d: [3.77, 5.91, 5.76, 3.69, 4.31, 3.98, 4.81, 5.66, 4.3, 5.24, 4.63, 4.84, 4.91, 2.0]

mutation at idx = 1iteration: 43, best:[5.78, 7.44, 9.9, 11.93, 14.99, 17.86, 26.47, 28.96, 31.27, 33.41, 37.6, 39.4, 41.5, 42.45]
time: [5.84, 7.17, 1000, 1000, 1000, 1000, 1000, 1000, 1000, 1000, 1000, 1000, 1000, 1000]
v: [19.64, 31.98, 26.36, 25.67, 34.75, 34.32, 29.54, 22.95, 22.57, 20.25, 12.23, 16.42, 14.52, 19.48]
a: [123.77, 186.46, 160.68, 139.32, 95.6, 109.12, 93.32, 179.82, 181.7, 36.35, 66.85, 181.19, 155.28, 60.14]
d: [3.77, 5.91, 5.76, 5.06, 5.45, 3.98, 4.81, 5.61, 4.3, 4.29, 4.63, 4.84, 4.91, 2.0]

iteration: 44, best:[5.78, 7.44, 9.9, 11.93, 14.99, 17.86, 26.47, 28.96, 31.27, 33.41, 37.6, 39.4, 41.5, 42.45]
time: [5.84, 7.47, 10.39, 15.95, 24.74, 29.54, 1000, 1000, 1000, 1000, 1000, 1000, 1000, 1000]
v: [19.64, 19.29, 34.85, 33.44, 10.96, 32.21, 14.91, 32.08, 34.4, 23.38, 28.91, 30.81, 33.61, 17.1]
a: [123.77, 63.28, 71.69, 194.85, 75.03, 35.14, 45.54, 115.09, 195.31, 155.44, 66.85, 175.63, 155.28, 151.37]
d: [3.77, 5.91, 5.76, 5.35, 3.8, 4.82, 5.14, 4.24, 4.3, 3.5, 5.85, 4.59, 5.46, 2.0]

iteration: 45, best:[5.78, 7.44, 9.9, 11.93, 14.99, 17.86, 26.47, 28.96, 31.27, 33.41, 37.6, 39.4, 41.5, 42.45]
time: [5.82, 7.49, 10.04, 15.63, 23.52, 26.71, 34.94, 38.22, 47.16, 1000, 1000, 1000, 1000, 1000]
v: [19.64, 19.29, 24.79, 20.38, 27.0, 23.54, 33.47, 25.58, 21.12, 13.7, 12.23, 34.31, 15.02, 17.1]
a: [123.77, 63.28, 130.76, 139.32, 75.03, 185.92, 93.32, 58.62, 144.35, 50.0, 66.85, 45.99, 116.62, 151.37]
d: [3.77, 5.91, 5.76, 5.6, 3.8, 3.98, 4.81, 4.74, 5.31, 3.5, 4.63, 4.32, 4.91, 2.0]

iteration: 46, best:[5.78, 7.44, 9.9, 11.93, 14.99, 17.86, 26.47, 28.96, 31.27, 33.41, 37.6, 39.4, 41.5, 42.45]
time: [5.84, 7.46, 9.86, 11.89, 14.82, 17.95, 27.93, 31.19, 32.93, 35.28, 36.71, 38.28, 40.41, 41.55]
v: [19.64, 19.29, 26.36, 22.76, 16.95, 34.63, 25.08, 11.92, 15.16, 20.0, 22.97, 26.97, 17.49, 19.48]
a: [123.77, 63.28, 160.68, 139.32, 75.03, 104.41, 84.51, 122.83, 98.77, 22.58, 66.85, 135.82, 155.28, 84.12]
d: [3.77, 5.91, 5.76, 3.69, 4.57, 3.98, 4.81, 3.73, 4.92, 5.87, 4.02, 4.84, 4.91, 2.0]

iteration: 47, best:[5.78, 7.44, 9.86, 11.89, 14.82, 17.86, 26.47, 28.96, 31.27, 33.41, 36.71, 38.28, 40.41, 41.55]
time: [5.83, 7.51, 10.77, 13.24, 19.62, 1000, 1000, 1000, 1000, 1000, 1000, 1000, 1000, 1000]
v: [19.64, 19.29, 16.61, 22.76, 16.95, 34.63, 25.08, 11.92, 15.16, 20.0, 22.97, 26.97, 17.49, 19.48]
a: [123.77, 63.28, 90.66, 139.32, 75.03, 104.41, 84.51, 122.83, 98.77, 22.58, 66.85, 135.82, 155.28, 84.12]
d: [3.77, 5.91, 4.46, 3.69, 4.57, 3.98, 4.81, 3.73, 4.92, 5.87, 4.02, 4.84, 4.91, 2.0]

iteration: 48, best:[5.78, 7.44, 9.86, 11.89, 14.82, 17.86, 26.47, 28.96, 31.27, 33.41, 36.71, 38.28, 40.41, 41.55]
time: [5.82, 7.51, 11.32, 16.77, 22.61, 26.91, 37.55, 41.03, 42.38, 1000, 1000, 1000, 1000, 1000]
v: [19.64, 19.29, 30.53, 20.09, 21.4, 34.63, 25.08, 11.92, 30.75, 13.58, 33.61, 22.64, 22.39, 19.48]
a: [123.77, 63.28, 30.73, 139.32, 98.79, 104.41, 84.51, 122.83, 119.92, 148.36, 66.85, 30.75, 157.14, 84.12]
d: [3.77, 5.91, 5.76, 3.7, 4.57, 3.98, 4.81, 3.73, 4.92, 5.77, 4.76, 4.84, 4.45, 2.0]

iteration: 49, best:[5.78, 7.44, 9.86, 11.89, 14.82, 17.86, 26.47, 28.96, 31.27, 33.41, 36.71, 38.28, 40.41, 41.55]
time: [5.85, 7.51, 10.93, 13.98, 20.2, 26.16, 36.08, 42.4, 1000, 1000, 1000, 1000, 1000, 1000]
v: [19.64, 19.29, 13.33, 16.69, 16.95, 18.5, 25.08, 30.5, 23.07, 18.91, 19.03, 31.13, 21.35, 11.22]
a: [123.77, 63.28, 107.19, 72.95, 75.03, 194.24, 84.51, 49.65, 95.32, 180.2, 66.85, 151.93, 99.23, 42.02]
d: [3.77, 5.91, 4.69, 3.69, 4.57, 3.52, 4.81, 5.34, 4.92, 4.2, 3.81, 5.38, 4.91, 2.0]

iteration: 50, best:[5.78, 7.44, 9.86, 11.89, 14.82, 17.86, 26.47, 28.96, 31.27, 33.41, 36.71, 38.28, 40.41, 41.55]
time: [5.83, 7.47, 9.88, 16.92, 19.71, 23.45, 33.72, 36.91, 38.53, 40.26, 1000, 1000, 1000, 1000]
v: [19.64, 19.29, 26.36, 31.7, 29.06, 34.63, 25.08, 11.92, 21.88, 29.33, 27.19, 11.16, 16.48, 19.48]
a: [123.77, 63.28, 160.68, 111.36, 180.58, 104.41, 84.51, 122.83, 85.44, 90.78, 191.93, 99.42, 116.09, 84.12]
d: [3.77, 5.91, 5.76, 3.69, 3.84, 3.98, 4.81, 3.73, 4.17, 4.25, 5.12, 4.84, 4.51, 2.0]

iteration: 51, best:[5.78, 7.44, 9.86, 11.89, 14.82, 17.86, 26.47, 28.96, 31.27, 33.41, 36.71, 38.28, 40.41, 41.55]
time: [5.83, 7.48, 9.88, 11.91, 17.67, 20.54, 32.22, 34.96, 1000, 1000, 1000, 1000, 1000, 1000]
v: [19.64, 19.29, 26.36, 22.76, 17.61, 27.21, 20.93, 18.12, 15.16, 32.94, 13.8, 13.39, 34.21, 24.62]
a: [123.77, 63.28, 160.68, 139.32, 148.84, 189.54, 123.18, 112.12, 98.77, 22.58, 53.55, 135.82, 155.28, 60.99]
d: [3.77, 5.91, 5.76, 3.69, 4.57, 3.98, 4.81, 4.54, 4.92, 5.87, 5.04, 4.84, 4.91, 2.0]

iteration: 52, best:[5.78, 7.44, 9.86, 11.89, 14.82, 17.86, 26.47, 28.96, 31.27, 33.41, 36.71, 38.28, 40.41, 41.55]
time: [5.82, 7.48, 9.88, 11.93, 22.34, 37.39, 1000, 1000, 1000, 1000, 1000, 1000, 1000, 1000]
v: [19.64, 19.29, 26.36, 22.76, 18.79, 34.63, 28.32, 25.39, 15.16, 15.54, 27.48, 32.98, 17.49, 24.87]
a: [123.77, 63.28, 160.68, 139.32, 103.11, 104.41, 91.24, 122.83, 98.77, 22.58, 75.67, 94.38, 155.28, 152.25]
d: [3.77, 5.91, 5.76, 3.69, 4.49, 3.98, 4.81, 3.73, 4.92, 5.74, 4.57, 4.93, 4.91, 2.0]

iteration: 53, best:[5.78, 7.44, 9.86, 11.89, 14.82, 17.86, 26.47, 28.96, 31.27, 33.41, 36.71, 38.28, 40.41, 41.55]
time: [5.8, 7.48, 9.96, 11.98, 15.06, 18.0, 27.77, 34.38, 36.99, 1000, 1000, 1000, 1000, 1000]
v: [19.64, 19.29, 26.36, 22.76, 17.69, 34.63, 26.59, 11.92, 15.16, 20.0, 28.07, 17.77, 33.91, 26.35]
a: [123.77, 63.28, 160.68, 139.32, 58.45, 104.41, 84.51, 122.83, 98.77, 22.58, 75.69, 29.75, 56.41, 137.67]
d: [3.77, 5.91, 5.76, 3.69, 4.57, 3.98, 5.33, 3.73, 4.92, 5.87, 4.02, 5.02, 5.84, 2.0]

mutation at idx = 3iteration: 54, best:[5.78, 7.44, 9.86, 11.89, 14.82, 17.86, 26.47, 28.96, 31.27, 33.41, 36.71, 38.28, 40.41, 41.55]
time: [5.83, 7.47, 9.89, 12.5, 18.73, 21.38, 31.62, 34.46, 36.34, 1000, 1000, 1000, 1000, 1000]
v: [19.64, 19.29, 26.36, 13.38, 16.95, 34.63, 26.07, 14.71, 15.16, 30.29, 17.34, 18.97, 17.56, 11.92]
a: [123.77, 63.28, 160.68, 71.53, 75.03, 104.41, 84.51, 142.04, 98.77, 22.58, 194.06, 135.82, 153.77, 30.67]
d: [3.77, 5.91, 5.76, 3.59, 4.57, 3.98, 4.81, 3.73, 4.92, 5.87, 4.02, 4.84, 5.53, 2.0]

iteration: 55, best:[5.78, 7.44, 9.86, 11.89, 14.82, 17.86, 26.47, 28.96, 31.27, 33.41, 36.71, 38.28, 40.41, 41.55]
time: [5.81, 1000, 1000, 1000, 1000, 1000, 1000, 1000, 1000, 1000, 1000, 1000, 1000, 1000]
v: [19.64, 19.29, 26.36, 34.05, 16.95, 21.62, 20.43, 13.48, 10.92, 19.43, 21.9, 33.51, 31.36, 19.48]
a: [123.77, 63.28, 160.68, 39.23, 75.03, 43.84, 21.6, 122.2, 98.77, 152.64, 103.85, 93.04, 155.28, 84.12]
d: [3.77, 5.91, 5.76, 5.4, 4.57, 4.18, 4.81, 3.58, 3.9, 5.87, 5.52, 4.84, 4.91, 2.0]

iteration: 56, best:[5.78, 7.44, 9.86, 11.89, 14.82, 17.86, 26.47, 28.96, 31.27, 33.41, 36.71, 38.28, 40.41, 41.55]
time: [5.82, 7.54, 10.9, 13.25, 23.66, 1000, 1000, 1000, 1000, 1000, 1000, 1000, 1000, 1000]
v: [19.64, 25.63, 13.2, 22.76, 14.8, 21.41, 32.82, 27.01, 17.81, 22.17, 22.97, 29.0, 25.3, 11.62]
a: [123.77, 63.28, 160.68, 139.32, 107.21, 40.76, 84.51, 64.52, 62.27, 193.68, 66.85, 157.33, 30.38, 51.37]
d: [3.77, 5.91, 5.76, 3.69, 3.77, 3.98, 5.83, 3.91, 4.92, 4.68, 4.02, 4.84, 5.23, 2.0]

iteration: 57, best:[5.78, 7.44, 9.86, 11.89, 14.82, 17.86, 26.47, 28.96, 31.27, 33.41, 36.71, 38.28, 40.41, 41.55]
time: [5.8, 7.49, 11.15, 14.96, 1000, 1000, 1000, 1000, 1000, 1000, 1000, 1000, 1000, 1000]
v: [19.64, 19.29, 30.86, 10.59, 18.01, 15.25, 14.61, 11.92, 19.44, 34.71, 22.97, 11.95, 17.49, 19.48]
a: [123.77, 63.28, 42.93, 60.18, 32.28, 179.71, 84.51, 122.83, 98.77, 86.56, 66.85, 135.82, 155.28, 84.12]
d: [3.77, 5.91, 5.76, 3.69, 4.57, 4.45, 4.81, 3.73, 4.16, 5.71, 4.02, 4.84, 4.91, 2.0]

iteration: 58, best:[5.78, 7.44, 9.86, 11.89, 14.82, 17.86, 26.47, 28.96, 31.27, 33.41, 36.71, 38.28, 40.41, 41.55]
time: [5.84, 7.55, 10.19, 12.55, 1000, 1000, 1000, 1000, 1000, 1000, 1000, 1000, 1000, 1000]
v: [19.64, 19.29, 21.95, 22.76, 28.98, 15.71, 17.13, 31.75, 15.54, 20.0, 15.91, 26.97, 25.23, 16.52]
a: [123.77, 63.28, 160.68, 139.32, 102.28, 111.44, 179.04, 148.24, 98.77, 22.58, 66.85, 135.82, 83.9, 84.12]
d: [3.77, 5.91, 5.76, 3.69, 4.45, 3.98, 4.81, 3.73, 5.4, 5.87, 4.73, 4.84, 4.91, 2.0]

mutation at idx = 1iteration: 59, best:[5.78, 7.44, 9.86, 11.89, 14.82, 17.86, 26.47, 28.96, 31.27, 33.41, 36.71, 38.28, 40.41, 41.55]
time: [5.86, 7.55, 10.08, 12.31, 18.59, 23.1, 33.83, 37.06, 39.1, 40.87, 1000, 1000, 1000, 1000]
v: [19.64, 27.42, 27.41, 27.96, 22.85, 34.63, 20.95, 12.94, 14.58, 15.48, 31.41, 15.16, 20.65, 19.48]
a: [123.77, 67.35, 160.68, 139.32, 46.84, 104.41, 171.83, 122.83, 98.77, 166.45, 169.52, 92.75, 60.78, 84.12]
d: [3.77, 4.73, 5.76, 5.36, 4.57, 3.98, 4.81, 3.73, 4.92, 5.87, 4.02, 4.84, 3.83, 2.0]

mutation at idx = 2iteration: 60, best:[5.78, 7.44, 9.86, 11.89, 14.82, 17.86, 26.47, 28.96, 31.27, 33.41, 36.71, 38.28, 40.41, 41.55]
time: [5.82, 7.5, 10.95, 16.96, 20.6, 24.06, 32.71, 35.29, 1000, 1000, 1000, 1000, 1000, 1000]
v: [19.64, 19.29, 22.09, 22.76, 16.95, 20.42, 33.88, 21.74, 27.84, 16.5, 22.97, 12.69, 12.43, 19.48]
a: [123.77, 63.28, 47.55, 139.32, 75.03, 96.17, 135.08, 168.88, 98.77, 22.58, 66.85, 135.82, 104.37, 84.12]
d: [3.77, 5.91, 5.28, 3.69, 4.57, 3.98, 4.81, 4.81, 4.28, 5.87, 4.02, 4.53, 3.95, 2.0]

mutation at idx = 0iteration: 61, best:[5.78, 7.44, 9.86, 11.89, 14.82, 17.86, 26.47, 28.96, 31.27, 33.41, 36.71, 38.28, 40.41, 41.55]
time: [5.72, 7.3, 10.79, 14.25, 20.45, 23.03, 37.64, 41.09, 42.77, 1000, 1000, 1000, 1000, 1000]
v: [30.59, 19.29, 22.18, 11.19, 16.35, 34.63, 12.6, 11.92, 15.16, 20.0, 23.45, 19.04, 16.66, 22.56]
a: [148.77, 63.28, 42.03, 84.52, 72.74, 104.41, 73.73, 122.83, 98.77, 22.58, 126.61, 60.78, 127.65, 28.86]
d: [3.77, 5.91, 5.4, 4.08, 4.57, 3.98, 4.81, 3.73, 4.92, 5.87, 5.09, 4.83, 4.97, 2.0]

iteration: 62, best:[5.78, 7.44, 9.86, 11.89, 14.82, 17.86, 26.47, 28.96, 31.27, 33.41, 36.71, 38.28, 40.41, 41.55]
time: [5.83, 7.51, 11.25, 13.61, 16.3, 20.67, 31.98, 35.52, 37.14, 1000, 1000, 1000, 1000, 1000]
v: [19.64, 19.29, 23.27, 22.76, 34.42, 22.24, 25.08, 11.92, 21.26, 20.0, 34.06, 30.0, 17.49, 28.83]
a: [123.77, 63.28, 29.28, 139.32, 96.1, 50.82, 84.51, 122.83, 65.26, 22.58, 131.5, 135.82, 155.28, 84.12]
d: [3.77, 5.91, 5.76, 3.69, 4.57, 5.68, 4.81, 3.73, 4.92, 5.87, 5.9, 5.17, 4.91, 2.0]

iteration: 63, best:[5.78, 7.44, 9.86, 11.89, 14.82, 17.86, 26.47, 28.96, 31.27, 33.41, 36.71, 38.28, 40.41, 41.55]
time: [5.84, 7.51, 10.51, 13.43, 16.15, 22.51, 33.04, 36.26, 38.13, 43.38, 1000, 1000, 1000, 1000]
v: [19.64, 19.29, 16.48, 10.51, 33.88, 22.9, 25.08, 30.2, 15.16, 20.71, 13.98, 26.01, 31.64, 19.48]
a: [123.77, 63.28, 155.68, 172.08, 75.03, 104.41, 84.51, 58.54, 98.77, 34.87, 40.88, 157.23, 69.99, 84.12]
d: [3.77, 5.91, 5.49, 5.49, 5.2, 3.98, 4.81, 3.73, 4.92, 5.87, 5.88, 4.84, 5.59, 2.0]

