iteration: 1, best:[1000.0, 1000.0, 1000.0, 1000.0, 1000.0, 1000.0, 1000.0, 1000.0]
time: [6.52, 8.95, 13.35, 17.45, 21.62, 25.77, 46.62, 50.73], last_race_time:[1000.0, 1000.0, 1000.0, 1000.0, 1000.0, 1000.0, 1000.0, 1000.0]
v: [12.0, 12.0, 12.0, 12.0, 12.0, 12.0, 12.0, 12.0]
a: [50.0, 50.0, 50.0, 50.0, 50.0, 50.0, 50.0, 50.0]
d: [3.5, 3.5, 3.5, 3.5, 3.5, 3.5, 3.5, 2.0]

iteration: 2, best:[6.52, 8.95, 13.35, 17.45, 21.62, 25.77, 46.62, 50.73]
time: [6.6, 9.05, 13.48, 17.42, 21.54, 25.0, 43.91, 47.92], last_race_time:[6.52, 8.95, 13.35, 17.45, 21.62, 25.77, 46.62, 50.73]
v: [12.0, 12.0, 12.0, 12.0, 12.0, 30.12, 12.0, 12.0]
a: [50.0, 50.0, 50.0, 50.0, 50.0, 56.6, 50.0, 50.0]
d: [3.5, 3.5, 3.5, 3.5, 3.5, 4.13, 3.5, 2.0]

iteration: 3, best:[6.52, 8.95, 13.35, 17.42, 21.54, 25.0, 43.91, 47.92]
time: [6.54, 9.02, 14.06, 18.16, 22.11, 25.45, 44.36, 48.42], last_race_time:[6.6, 9.05, 13.48, 17.42, 21.54, 25.0, 43.91, 47.92]
v: [12.0, 12.0, 19.71, 12.0, 12.0, 30.12, 12.0, 12.0]
a: [50.0, 50.0, 25.85, 50.0, 50.0, 56.6, 50.0, 50.0]
d: [3.5, 3.5, 3.94, 3.5, 3.5, 4.13, 3.5, 2.0]

iteration: 4, best:[6.52, 8.95, 13.35, 17.42, 21.54, 25.0, 43.91, 47.92]
time: [6.53, 9.04, 13.06, 16.77, 22.52, 30.77, 42.36, 49.54], last_race_time:[6.54, 9.02, 14.06, 18.16, 22.11, 25.45, 44.36, 48.42]
v: [12.0, 12.0, 33.23, 12.0, 25.89, 30.12, 22.81, 32.48]
a: [50.0, 50.0, 50.0, 50.0, 193.52, 56.6, 136.33, 50.0]
d: [3.5, 3.5, 3.67, 3.5, 5.04, 4.13, 3.81, 2.0]

iteration: 5, best:[6.52, 8.95, 13.06, 16.77, 21.54, 25.0, 43.91, 47.92]
time: [6.59, 9.05, 13.13, 17.04, 20.58, 23.06, 33.67, 1000], last_race_time:[6.53, 9.04, 13.06, 16.77, 22.52, 30.77, 42.36, 49.54]
v: [12.0, 12.0, 33.23, 12.0, 25.48, 28.69, 29.67, 15.44]
a: [50.0, 50.0, 50.0, 50.0, 50.0, 138.57, 50.0, 30.4]
d: [3.5, 3.5, 3.67, 3.5, 3.5, 3.92, 5.03, 2.0]

iteration: 6, best:[6.52, 8.95, 13.06, 16.77, 20.58, 23.06, 33.67, 47.92]
time: [6.59, 9.04, 13.1, 16.81, 19.35, 23.19, 34.9, 37.84], last_race_time:[6.59, 9.05, 13.13, 17.04, 20.58, 23.06, 33.67, 1000]
v: [12.0, 12.0, 33.23, 12.0, 32.21, 28.69, 29.67, 18.35]
a: [50.0, 50.0, 50.0, 50.0, 126.1, 138.57, 50.0, 163.66]
d: [3.5, 3.5, 3.67, 3.5, 3.5, 3.92, 5.03, 2.0]

iteration: 7, best:[6.52, 8.95, 13.06, 16.77, 19.35, 23.06, 33.67, 37.84]
time: [6.59, 9.05, 11.67, 15.02, 21.13, 24.66, 36.66, 1000], last_race_time:[6.59, 9.04, 13.1, 16.81, 19.35, 23.19, 34.9, 37.84]
v: [12.0, 12.0, 32.96, 12.0, 32.21, 28.69, 29.67, 18.35]
a: [50.0, 50.0, 147.35, 50.0, 126.1, 138.57, 50.0, 163.66]
d: [3.5, 3.5, 4.05, 3.5, 3.5, 3.92, 5.03, 2.0]

iteration: 8, best:[6.52, 8.95, 11.67, 15.02, 19.35, 23.06, 33.67, 37.84]
time: [5.82, 7.6, 10.05, 12.8, 15.83, 18.7, 30.17, 33.15], last_race_time:[6.59, 9.05, 11.67, 15.02, 21.13, 24.66, 36.66, 1000]
v: [17.46, 12.0, 32.96, 12.0, 16.33, 28.69, 34.67, 16.3]
a: [172.74, 50.0, 147.35, 50.0, 126.1, 138.57, 50.0, 180.0]
d: [3.65, 3.5, 4.05, 3.5, 3.5, 3.92, 5.03, 2.0]

iteration: 9, best:[5.82, 7.6, 10.05, 12.8, 15.83, 18.7, 30.17, 33.15]
time: [5.81, 7.52, 11.46, 15.17, 21.33, 24.37, 1000, 1000], last_race_time:[5.82, 7.6, 10.05, 12.8, 15.83, 18.7, 30.17, 33.15]
v: [17.46, 12.0, 11.83, 12.0, 16.33, 28.69, 34.67, 16.3]
a: [172.74, 50.0, 51.15, 50.0, 126.1, 138.57, 50.0, 180.0]
d: [3.65, 3.5, 4.75, 3.5, 3.5, 3.92, 5.03, 2.0]

iteration: 10, best:[5.82, 7.6, 10.05, 12.8, 15.83, 18.7, 30.17, 33.15]
time: [5.8, 7.57, 9.94, 12.65, 18.53, 22.45, 34.34, 1000], last_race_time:[5.81, 7.52, 11.46, 15.17, 21.33, 24.37, 1000, 1000]
v: [17.46, 12.0, 32.24, 12.0, 21.52, 33.88, 34.93, 25.6]
a: [172.74, 50.0, 181.04, 50.0, 112.24, 62.14, 50.0, 180.0]
d: [3.65, 3.5, 3.61, 3.5, 3.9, 3.92, 5.03, 2.0]

iteration: 11, best:[5.82, 7.6, 10.05, 12.8, 15.83, 18.7, 30.17, 33.15]
time: [5.79, 7.56, 10.01, 12.76, 15.79, 18.44, 32.54, 1000], last_race_time:[5.8, 7.57, 9.94, 12.65, 18.53, 22.45, 34.34, 1000]
v: [17.46, 12.0, 32.96, 12.0, 16.33, 34.91, 11.06, 16.3]
a: [172.74, 50.0, 147.35, 50.0, 126.1, 155.87, 148.3, 180.0]
d: [3.65, 3.5, 4.05, 3.5, 3.5, 3.92, 5.03, 2.0]

iteration: 12, best:[5.82, 7.6, 10.05, 12.8, 15.83, 18.7, 30.17, 33.15]
time: [5.75, 7.46, 9.96, 12.79, 15.8, 21.69, 31.79, 1000], last_race_time:[5.79, 7.56, 10.01, 12.76, 15.79, 18.44, 32.54, 1000]
v: [17.46, 12.0, 32.96, 12.0, 16.33, 28.69, 34.67, 16.3]
a: [172.74, 50.0, 147.35, 50.0, 126.1, 138.57, 50.0, 180.0]
d: [3.65, 3.5, 4.05, 3.5, 3.5, 3.92, 5.03, 2.0]

iteration: 13, best:[5.82, 7.6, 10.05, 12.8, 15.83, 18.7, 30.17, 33.15]
time: [5.75, 7.53, 10.0, 12.62, 24.24, 32.7, 1000, 1000], last_race_time:[5.75, 7.46, 9.96, 12.79, 15.8, 21.69, 31.79, 1000]
v: [17.46, 12.0, 32.96, 33.4, 16.33, 25.39, 15.39, 13.59]
a: [172.74, 50.0, 147.35, 50.0, 126.1, 85.14, 46.29, 138.4]
d: [3.65, 3.5, 4.05, 3.5, 3.5, 3.92, 5.03, 2.0]

iteration: 14, best:[5.82, 7.6, 10.05, 12.8, 15.83, 18.7, 30.17, 33.15]
time: [5.83, 7.62, 10.04, 12.76, 19.25, 22.0, 30.6, 1000], last_race_time:[5.75, 7.53, 10.0, 12.62, 24.24, 32.7, 1000, 1000]
v: [17.46, 12.0, 32.96, 12.0, 13.38, 27.0, 31.08, 13.86]
a: [172.74, 50.0, 147.35, 50.0, 126.1, 164.21, 122.47, 118.79]
d: [3.65, 3.5, 4.05, 3.5, 5.87, 3.92, 5.03, 2.0]

iteration: 15, best:[5.82, 7.6, 10.05, 12.8, 15.83, 18.7, 30.17, 33.15]
time: [5.82, 7.58, 10.01, 12.72, 18.34, 21.34, 32.09, 1000], last_race_time:[5.83, 7.62, 10.04, 12.76, 19.25, 22.0, 30.6, 1000]
v: [17.46, 12.0, 32.96, 12.0, 31.34, 24.12, 34.67, 16.3]
a: [172.74, 50.0, 147.35, 50.0, 142.54, 190.03, 50.0, 180.0]
d: [3.65, 3.5, 4.05, 3.5, 5.25, 3.92, 5.03, 2.0]

iteration: 16, best:[5.82, 7.6, 10.05, 12.8, 15.83, 18.7, 30.17, 33.15]
time: [5.79, 7.58, 10.02, 12.77, 20.87, 23.73, 1000, 1000], last_race_time:[5.82, 7.58, 10.01, 12.72, 18.34, 21.34, 32.09, 1000]
v: [17.46, 12.0, 32.96, 12.0, 33.96, 22.01, 17.92, 29.86]
a: [172.74, 50.0, 147.35, 50.0, 36.9, 138.57, 187.38, 42.54]
d: [3.65, 3.5, 4.05, 3.5, 3.5, 3.92, 5.03, 2.0]

iteration: 17, best:[5.82, 7.6, 10.05, 12.8, 15.83, 18.7, 30.17, 33.15]
time: [5.84, 7.19, 9.52, 12.24, 1000, 1000, 1000, 1000], last_race_time:[5.79, 7.58, 10.02, 12.77, 20.87, 23.73, 1000, 1000]
v: [17.46, 32.07, 32.96, 12.0, 34.77, 28.56, 29.15, 20.41]
a: [172.74, 141.93, 147.35, 50.0, 164.06, 26.84, 99.94, 180.0]
d: [3.65, 4.47, 4.05, 3.5, 5.48, 4.63, 4.75, 2.0]

iteration: 18, best:[5.82, 7.19, 9.52, 12.24, 15.83, 18.7, 30.17, 33.15]
time: [5.77, 7.16, 9.38, 12.27, 14.85, 19.63, 31.92, 1000], last_race_time:[5.84, 7.19, 9.52, 12.24, 1000, 1000, 1000, 1000]
v: [17.46, 32.07, 32.96, 12.0, 22.86, 17.72, 34.67, 16.3]
a: [172.74, 141.93, 147.35, 50.0, 156.57, 49.8, 50.0, 180.0]
d: [3.65, 4.47, 4.05, 3.5, 3.5, 3.92, 5.03, 2.0]

iteration: 19, best:[5.82, 7.19, 9.52, 12.24, 14.85, 18.7, 30.17, 33.15]
time: [5.84, 7.2, 9.51, 12.19, 14.8, 18.7, 32.23, 1000], last_race_time:[5.77, 7.16, 9.38, 12.27, 14.85, 19.63, 31.92, 1000]
v: [17.46, 32.07, 32.96, 12.0, 22.86, 15.73, 19.93, 25.98]
a: [172.74, 141.93, 147.35, 50.0, 156.57, 148.96, 135.5, 180.0]
d: [3.65, 4.47, 4.05, 3.5, 3.5, 3.89, 5.03, 2.0]

iteration: 20, best:[5.82, 7.19, 9.52, 12.24, 14.85, 18.7, 30.17, 33.15]
time: [5.77, 7.13, 9.34, 12.22, 14.81, 18.25, 31.15, 34.08], last_race_time:[5.84, 7.2, 9.51, 12.19, 14.8, 18.7, 32.23, 1000]
v: [17.46, 32.07, 32.96, 12.0, 22.86, 28.69, 24.06, 15.79]
a: [172.74, 141.93, 147.35, 50.0, 156.57, 138.57, 136.67, 180.0]
d: [3.65, 4.47, 4.05, 3.5, 3.5, 3.92, 3.81, 2.0]

iteration: 21, best:[5.82, 7.19, 9.52, 12.24, 14.85, 18.25, 30.17, 33.15]
time: [5.83, 7.2, 9.54, 12.25, 14.8, 18.61, 31.01, 33.73], last_race_time:[5.77, 7.13, 9.34, 12.22, 14.81, 18.25, 31.15, 34.08]
v: [17.46, 32.07, 32.96, 12.0, 22.86, 28.69, 23.18, 25.3]
a: [172.74, 141.93, 147.35, 50.0, 156.57, 138.57, 50.0, 118.02]
d: [3.65, 4.47, 4.05, 3.5, 3.5, 3.92, 5.03, 2.0]

iteration: 22, best:[5.82, 7.19, 9.52, 12.24, 14.85, 18.25, 30.17, 33.15]
time: [5.83, 7.2, 9.52, 12.23, 14.81, 18.39, 27.01, 33.27], last_race_time:[5.83, 7.2, 9.54, 12.25, 14.8, 18.61, 31.01, 33.73]
v: [17.46, 32.07, 32.96, 12.0, 22.86, 23.95, 31.08, 16.3]
a: [172.74, 141.93, 147.35, 50.0, 156.57, 138.57, 131.96, 180.0]
d: [3.65, 4.47, 4.05, 3.5, 3.5, 3.92, 4.35, 2.0]

iteration: 23, best:[5.82, 7.19, 9.52, 12.24, 14.85, 18.25, 27.01, 33.15]
time: [5.79, 7.16, 9.61, 13.0, 18.71, 22.41, 31.82, 1000], last_race_time:[5.83, 7.2, 9.52, 12.23, 14.81, 18.39, 27.01, 33.27]
v: [17.46, 32.07, 32.96, 12.0, 22.86, 28.69, 31.08, 17.1]
a: [172.74, 141.93, 147.35, 50.0, 156.57, 138.57, 131.96, 40.77]
d: [3.65, 4.47, 4.05, 3.5, 3.5, 3.92, 4.35, 2.0]

iteration: 24, best:[5.82, 7.19, 9.52, 12.24, 14.85, 18.25, 27.01, 33.15]
time: [5.81, 7.2, 9.55, 11.82, 1000, 1000, 1000, 1000], last_race_time:[5.79, 7.16, 9.61, 13.0, 18.71, 22.41, 31.82, 1000]
v: [17.46, 32.07, 32.96, 20.59, 34.72, 28.69, 27.74, 33.95]
a: [172.74, 141.93, 147.35, 95.4, 156.57, 138.57, 173.39, 68.46]
d: [3.65, 4.47, 4.05, 3.68, 3.5, 3.92, 5.0, 2.0]

iteration: 25, best:[5.82, 7.19, 9.52, 11.82, 14.85, 18.25, 27.01, 33.15]
time: [5.79, 7.22, 9.78, 12.29, 14.8, 18.31, 27.85, 1000], last_race_time:[5.81, 7.2, 9.55, 11.82, 1000, 1000, 1000, 1000]
v: [17.46, 32.07, 32.96, 20.59, 26.73, 34.51, 24.59, 10.8]
a: [172.74, 141.93, 147.35, 95.4, 118.2, 149.16, 131.96, 151.23]
d: [3.65, 4.47, 4.05, 3.68, 3.5, 3.92, 4.25, 2.0]

iteration: 26, best:[5.82, 7.19, 9.52, 11.82, 14.85, 18.25, 27.01, 33.15]
time: [5.82, 7.23, 9.57, 11.71, 17.78, 20.64, 29.12, 32.1], last_race_time:[5.79, 7.22, 9.78, 12.29, 14.8, 18.31, 27.85, 1000]
v: [17.46, 32.07, 32.96, 33.14, 13.86, 25.86, 31.08, 16.3]
a: [172.74, 141.93, 147.35, 87.16, 121.94, 138.57, 131.96, 180.0]
d: [3.65, 4.47, 4.05, 3.68, 4.87, 3.92, 4.35, 2.0]

iteration: 27, best:[5.82, 7.19, 9.52, 11.71, 14.85, 18.25, 27.01, 32.1]
time: [7.61, 9.16, 11.36, 16.71, 22.97, 25.84, 1000, 1000], last_race_time:[5.82, 7.23, 9.57, 11.71, 17.78, 20.64, 29.12, 32.1]
v: [21.9, 32.07, 32.96, 33.14, 13.86, 25.86, 31.08, 16.3]
a: [24.76, 141.93, 147.35, 87.16, 121.94, 138.57, 131.96, 180.0]
d: [3.65, 4.47, 4.05, 3.68, 4.87, 3.92, 4.35, 2.0]

iteration: 28, best:[5.82, 7.19, 9.52, 11.71, 14.85, 18.25, 27.01, 32.1]
time: [6.23, 8.49, 10.94, 13.28, 16.54, 19.05, 27.62, 1000], last_race_time:[7.61, 9.16, 11.36, 16.71, 22.97, 25.84, 1000, 1000]
v: [33.24, 16.36, 32.96, 29.22, 14.78, 25.86, 31.08, 18.1]
a: [55.07, 34.47, 147.35, 87.16, 57.88, 138.57, 131.96, 108.49]
d: [5.48, 4.47, 4.05, 3.68, 4.71, 3.92, 4.35, 2.0]

iteration: 29, best:[5.82, 7.19, 9.52, 11.71, 14.85, 18.25, 27.01, 32.1]
time: [8.78, 10.57, 13.1, 1000, 1000, 1000, 1000, 1000], last_race_time:[6.23, 8.49, 10.94, 13.28, 16.54, 19.05, 27.62, 1000]
v: [31.33, 18.13, 27.42, 24.37, 14.65, 33.42, 30.88, 16.3]
a: [146.35, 61.63, 147.35, 194.87, 121.94, 138.57, 81.38, 180.0]
d: [4.24, 4.81, 4.05, 5.58, 5.77, 3.92, 4.35, 2.0]

iteration: 30, best:[5.82, 7.19, 9.52, 11.71, 14.85, 18.25, 27.01, 32.1]
time: [5.83, 7.19, 9.99, 15.5, 20.91, 1000, 1000, 1000], last_race_time:[8.78, 10.57, 13.1, 1000, 1000, 1000, 1000, 1000]
v: [17.46, 32.01, 31.78, 21.76, 20.29, 22.43, 12.02, 22.46]
a: [172.74, 146.12, 69.25, 144.03, 164.65, 62.64, 131.96, 180.0]
d: [3.65, 4.47, 5.48, 3.68, 4.47, 3.92, 3.75, 2.0]

iteration: 31, best:[5.82, 7.19, 9.52, 11.71, 14.85, 18.25, 27.01, 32.1]
time: [6.4, 7.87, 10.12, 12.21, 17.86, 20.92, 1000, 1000], last_race_time:[5.83, 7.19, 9.99, 15.5, 20.91, 1000, 1000, 1000]
v: [21.35, 32.07, 31.07, 34.53, 13.86, 20.86, 18.32, 11.98]
a: [45.89, 141.93, 147.35, 151.57, 121.94, 132.15, 68.58, 83.86]
d: [4.83, 4.47, 3.57, 4.23, 4.87, 3.87, 5.04, 2.0]

iteration: 32, best:[5.82, 7.19, 9.52, 11.71, 14.85, 18.25, 27.01, 32.1]
time: [5.71, 7.41, 9.97, 12.49, 18.55, 20.97, 30.02, 36.06], last_race_time:[6.4, 7.87, 10.12, 12.21, 17.86, 20.92, 1000, 1000]
v: [32.85, 14.13, 33.02, 14.04, 13.86, 25.86, 29.18, 25.76]
a: [172.74, 91.09, 190.53, 60.2, 121.94, 138.57, 131.96, 183.63]
d: [3.65, 4.47, 4.05, 3.68, 4.87, 3.92, 4.35, 2.0]

iteration: 33, best:[5.82, 7.19, 9.52, 11.71, 14.85, 18.25, 27.01, 32.1]
time: [5.83, 7.14, 9.34, 11.65, 22.56, 29.42, 1000, 1000], last_race_time:[5.71, 7.41, 9.97, 12.49, 18.55, 20.97, 30.02, 36.06]
v: [16.12, 32.07, 32.96, 33.14, 20.8, 24.99, 24.51, 25.46]
a: [172.74, 141.93, 147.35, 87.16, 155.94, 138.57, 140.04, 102.07]
d: [4.76, 4.47, 4.05, 3.68, 4.87, 4.66, 5.95, 2.0]

