iteration: 1, best:60.13time: [7.37, 10.82, 13.52, 15.1, 17.11, 18.62, 23.54, 25.39, 26.98, 29.9, 32.99, 38.16, 44.27, 51.61, 58.78, 60.13], last_race_time:[1000.0, 1000.0, 1000.0, 1000.0, 1000.0, 1000.0, 1000.0, 1000.0, 1000.0, 1000.0, 1000.0, 1000.0, 1000.0, 1000.0, 1000.0, 1000.0]
v: [12.0, 12.0, 12.0, 12.0, 12.0, 12.0, 12.0, 12.0, 12.0, 12.0, 12.0, 12.0, 12.0, 12.0, 12.0, 12.0]
a: [50.0, 50.0, 50.0, 50.0, 50.0, 50.0, 50.0, 50.0, 50.0, 50.0, 50.0, 50.0, 50.0, 50.0, 50.0, 50.0]
d: [3.5, 3.5, 3.5, 3.5, 3.5, 3.5, 3.5, 3.5, 3.5, 3.5, 3.5, 3.5, 3.5, 3.5, 3.5, 2.0]
iteration: 2, best:57.03time: [7.65, 11.16, 13.88, 15.46, 17.78, 19.18, 20.97, 22.66, 24.15, 27.05, 30.18, 35.31, 41.7, 48.5, 55.42, 57.03], last_race_time:[7.37, 10.82, 13.52, 15.1, 17.11, 18.62, 23.54, 25.39, 26.98, 29.9, 32.99, 38.16, 44.27, 51.61, 58.78, 60.13]
v: [12.0, 12.0, 12.0, 12.0, 12.0, 12.0, 12.0, 12.0, 12.0, 12.0, 12.0, 12.0, 12.0, 12.0, 12.0, 12.0]
a: [50.0, 50.0, 50.0, 50.0, 50.0, 50.0, 50.0, 50.0, 50.0, 50.0, 50.0, 50.0, 50.0, 50.0, 50.0, 50.0]
d: [3.5, 3.5, 3.5, 3.5, 3.5, 3.5, 3.500477158296959, 3.5, 3.5, 3.5, 3.5, 3.5, 3.5, 3.5, 3.5, 2.0]
iteration: 3, best:56.73time: [7.59, 11.07, 13.79, 15.38, 17.39, 18.7, 20.37, 21.95, 23.26, 25.88, 28.96, 34.12, 40.49, 47.81, 54.97, 56.73], last_race_time:[7.37, 10.82, 13.52, 15.1, 17.11, 18.62, 20.97, 22.66, 24.15, 27.05, 30.18, 35.31, 41.7, 48.5, 55.42, 57.03]
v: [12.0, 12.0, 12.0, 12.0, 12.0, 12.0, 12.0, 12.0, 12.0, 12.0, 12.0, 12.0, 12.0, 12.0, 12.0, 12.0]
a: [50.0, 50.0, 50.0, 50.0, 50.0, 50.0, 50.0, 50.0, 50.0, 50.0, 50.0, 50.0, 50.0, 50.0, 50.0, 50.0]
d: [3.5, 3.5, 3.5, 3.5, 3.5, 3.5, 3.500477158296959, 3.5, 6.353069750405333, 3.5, 3.5, 3.5, 3.5, 3.5, 3.5, 2.0]
iteration: 4, best:56.73time: [7.65, 11.03, 13.66, 15.27, 17.29, 18.68, 20.56, 22.18, 27.41, 43.38, 46.73, 51.93, 62.11, 69.94, 1000, 1000], last_race_time:[7.37, 10.82, 13.52, 15.1, 17.11, 18.62, 20.37, 21.95, 23.26, 25.88, 28.96, 34.12, 40.49, 47.81, 54.97, 56.73]
v: [12.0, 12.0, 12.0, 12.0, 12.0, 12.0, 12.0, 12.0, 12.0, 12.0, 12.0, 12.0, 12.0, 12.0, 12.0, 12.0]
a: [50.0, 50.0, 50.0, 50.0, 50.0, 50.0, 50.0, 50.0, 50.0, 50.0, 50.0, 50.0, 50.0, 50.0, 50.0, 50.0]
d: [3.5, 3.5, 3.5, 3.5, 3.5, 3.5, 3.500477158296959, 3.5, 6.353069750405333, 3.5, 3.5, 3.5, 3.5, 4.8944089746439445, 3.5, 2.0]
iteration: 5, best:56.73time: [7.64, 10.82, 13.44, 1000, 1000, 1000, 1000, 1000, 1000, 1000, 1000, 1000, 1000, 1000, 1000, 1000], last_race_time:[7.37, 10.82, 13.52, 15.1, 17.11, 18.62, 20.37, 21.95, 23.26, 25.88, 28.96, 34.12, 40.49, 47.81, 54.97, 56.73]
v: [12.0, 12.0, 12.0, 24.130524308863606, 14.75813315005238, 6.926327160857193, 20.147080346679648, 12.0, 11.161956064265311, 12.0, 12.0, 12.0, 12.0, 12.0, 12.0, 12.0]
a: [50.0, 97.68996585784942, 50.0, 178.49627077326076, 149.40772761435426, 183.20971187970895, 50.0, 50.0, 50.0, 50.0, 50.0, 50.0, 50.0, 50.0, 50.0, 50.0]
d: [3.5, 3.5, 3.5, 5.890027987652584, 3.5, 3.5, 3.500477158296959, 3.5, 5.508714421694609, 3.5, 3.5, 3.5, 3.5, 3.5, 3.5, 2.0]
iteration: 6, best:56.73time: [10.95, 41.13, 44.07, 48.73, 74.41, 75.83, 77.44, 79.05, 80.41, 83.05, 86.09, 91.18, 1000, 1000, 1000, 1000], last_race_time:[7.37, 10.82, 13.44, 15.1, 17.11, 18.62, 20.37, 21.95, 23.26, 25.88, 28.96, 34.12, 40.49, 47.81, 54.97, 56.73]
v: [12.0, 17.904397725861465, 6.084182786954521, 22.153712489893636, 12.0, 12.0, 12.0, 12.0, 12.0, 12.0, 12.0, 12.0, 12.0, 12.0, 12.0, 12.0]
a: [50.0, 50.0, 110.7065888274114, 50.0, 50.0, 50.0, 50.0, 50.0, 50.0, 50.0, 50.0, 50.0, 50.0, 50.0, 50.0, 50.0]
d: [5.002969067070523, 6.888628780416475, 5.844664460216432, 8.812398753720808, 3.5, 3.5, 3.500477158296959, 3.5, 6.353069750405333, 3.5, 3.5, 3.5, 3.5, 3.5, 3.5, 2.0]
iteration: 7, best:56.73time: [7.64, 11.1, 13.75, 15.31, 17.33, 18.68, 20.47, 22.14, 32.79, 56.99, 60.33, 1000, 1000, 1000, 1000, 1000], last_race_time:[7.37, 10.82, 13.44, 15.1, 17.11, 18.62, 20.37, 21.95, 23.26, 25.88, 28.96, 34.12, 40.49, 47.81, 54.97, 56.73]
v: [12.0, 12.0, 12.0, 12.0, 12.0, 12.0, 12.0, 12.0, 12.0, 12.0, 12.0, 12.0, 12.0, 12.0, 12.0, 12.0]
a: [50.0, 50.0, 50.0, 50.0, 50.0, 50.0, 50.0, 50.0, 50.0, 50.0, 50.0, 50.0, 50.0, 50.0, 50.0, 50.0]
d: [3.5, 3.5, 3.5, 3.5, 3.5, 3.5, 3.500477158296959, 3.5, 6.353069750405333, 3.5, 3.5, 3.5, 3.5, 3.5, 3.5, 2.0]
iteration: 8, best:56.73time: [7.1, 10.14, 12.66, 14.09, 21.15, 22.68, 24.28, 25.74, 31.49, 35.6, 38.89, 44.04, 50.18, 57.46, 63.96, 1000], last_race_time:[7.37, 10.82, 13.44, 15.1, 17.11, 18.62, 20.37, 21.95, 23.26, 25.88, 28.96, 34.12, 40.49, 47.81, 54.97, 56.73]
v: [12.0, 12.0, 13.597691420870406, 15.069423681217293, 6.52253968957716, 12.0, 12.0, 12.0, 12.208969277390123, 12.0, 12.0, 12.0, 12.0, 12.0, 12.0, 12.0]
a: [102.45599730254393, 51.93688921052324, 50.0, 50.0, 50.0, 50.0, 50.0, 50.0, 50.0, 50.0, 50.0, 50.0, 50.0, 50.0, 50.0, 50.0]
d: [4.564408829024621, 3.5, 7.305082968907639, 3.5, 3.5, 3.5, 7.96378096747317, 3.5, 6.353069750405333, 3.5, 3.5, 3.5, 3.5, 3.5, 3.5, 2.0]
iteration: 9, best:56.73time: [1000, 1000, 1000, 1000, 1000, 1000, 1000, 1000, 1000, 1000, 1000, 1000, 1000, 1000, 1000, 1000], last_race_time:[7.1, 10.14, 12.66, 14.09, 17.11, 18.62, 20.37, 21.95, 23.26, 25.88, 28.96, 34.12, 40.49, 47.81, 54.97, 56.73]
v: [12.0, 12.0, 7.51478080741675, 11.224007731546546, 12.0, 12.0, 12.0, 12.0, 12.0, 12.0, 12.0, 12.0, 12.0, 12.0, 12.0, 12.0]
a: [106.1933196525193, 50.0, 74.40030584812448, 67.39524055690342, 50.0, 50.0, 50.0, 50.0, 50.0, 50.0, 50.0, 50.0, 50.0, 50.0, 50.0, 50.0]
d: [8.49320405013104, 3.5, 7.751249020771976, 4.203887071653048, 5.085701303651563, 3.5, 3.500477158296959, 3.5, 6.353069750405333, 3.5, 3.5, 3.5, 3.5, 3.5, 3.5, 2.0]
iteration: 10, best:56.73time: [7.63, 11.12, 13.8, 15.39, 17.38, 18.7, 20.4, 22.01, 23.32, 25.97, 29.05, 34.17, 40.53, 47.74, 54.93, 56.79], last_race_time:[7.1, 10.14, 12.66, 14.09, 17.11, 18.62, 20.37, 21.95, 23.26, 25.88, 28.96, 34.12, 40.49, 47.81, 54.97, 56.73]
v: [12.0, 12.0, 12.0, 12.0, 12.0, 12.0, 12.0, 12.0, 12.0, 12.0, 12.0, 12.0, 12.0, 12.0, 12.0, 12.0]
a: [50.0, 50.0, 50.0, 50.0, 50.0, 50.0, 50.0, 50.0, 50.0, 50.0, 50.0, 50.0, 50.0, 50.0, 50.0, 50.0]
d: [3.5, 3.5, 3.5, 3.5, 3.5, 3.5, 3.500477158296959, 3.5, 6.353069750405333, 3.5, 3.5, 3.5, 3.5, 3.5, 3.5, 2.0]
iteration: 11, best:56.73time: [7.03, 10.15, 12.76, 14.32, 16.33, 17.67, 19.44, 21.12, 30.09, 34.17, 37.45, 42.68, 52.39, 60.64, 1000, 1000], last_race_time:[7.1, 10.14, 12.66, 14.09, 17.11, 18.62, 20.37, 21.95, 23.26, 25.88, 28.96, 34.12, 40.49, 47.81, 54.97, 56.73]
v: [11.447093995212219, 12.0, 12.0, 12.0, 12.0, 12.0, 12.0, 12.0, 12.0, 12.0, 12.0, 12.0, 12.0, 12.0, 12.0, 12.0]
a: [163.7094897211212, 50.0, 50.0, 50.0, 50.0, 50.0, 50.0, 50.0, 50.0, 50.0, 50.0, 50.0, 50.0, 50.0, 50.0, 50.0]
d: [5.083727770853033, 3.5, 3.5, 3.5, 3.5, 3.5, 3.500477158296959, 3.5, 6.353069750405333, 3.5, 3.5, 3.5, 3.5, 3.5, 3.5, 2.0]
iteration: 12, best:56.73time: [6.98, 9.96, 12.79, 14.26, 15.58, 1000, 1000, 1000, 1000, 1000, 1000, 1000, 1000, 1000, 1000, 1000], last_race_time:[7.03, 10.14, 12.66, 14.09, 16.33, 17.67, 19.44, 21.12, 23.26, 25.88, 28.96, 34.12, 40.49, 47.81, 54.97, 56.73]
v: [12.0, 12.0, 5.426060910529866, 12.0, 20.798730164469067, 12.0, 12.0, 12.0, 12.0, 12.0, 12.0, 12.0, 12.0, 12.0, 12.0, 12.0]
a: [120.43356904547909, 50.0, 50.0, 174.94043501861032, 138.74450689450066, 91.64549153460976, 196.3921109698581, 50.0, 199.30258254278283, 50.0, 50.0, 50.0, 50.0, 50.0, 50.0, 50.0]
d: [3.5, 5.538408151665857, 5.456893448778306, 6.5743435264797006, 3.5, 3.5, 3.500477158296959, 7.730998116841838, 6.353069750405333, 3.5, 3.5, 3.5, 3.5, 3.5, 3.5, 2.0]
iteration: 13, best:56.73time: [1000, 1000, 1000, 1000, 1000, 1000, 1000, 1000, 1000, 1000, 1000, 1000, 1000, 1000, 1000, 1000], last_race_time:[6.98, 9.96, 12.66, 14.09, 15.58, 17.67, 19.44, 21.12, 23.26, 25.88, 28.96, 34.12, 40.49, 47.81, 54.97, 56.73]
v: [22.579377327545444, 14.468275651160328, 12.0, 19.98958308442374, 12.0, 12.0, 12.0, 12.0, 12.0, 12.0, 12.0, 12.0, 12.0, 12.0, 12.0, 12.0]
a: [121.37825556781321, 50.0, 50.0, 50.0, 50.0, 152.21646785822483, 50.0, 50.0, 50.0, 50.0, 50.0, 50.0, 50.0, 50.0, 50.0, 50.0]
d: [7.647416607083229, 3.5, 3.5, 6.7050862808680805, 3.5, 7.69277677770291, 3.500477158296959, 3.5, 6.353069750405333, 3.5, 3.5, 3.5, 3.5, 3.5, 3.5, 2.0]
iteration: 14, best:56.73time: [8.25, 12.07, 14.77, 16.34, 18.28, 22.63, 24.47, 26.13, 1000, 1000, 1000, 1000, 1000, 1000, 1000, 1000], last_race_time:[6.98, 9.96, 12.66, 14.09, 15.58, 17.67, 19.44, 21.12, 23.26, 25.88, 28.96, 34.12, 40.49, 47.81, 54.97, 56.73]
v: [8.858342142448253, 12.0, 12.0, 12.0, 12.0, 12.0, 12.0, 12.0, 12.0, 12.0, 12.0, 12.0, 12.0, 12.0, 12.0, 12.0]
a: [50.0, 50.0, 50.0, 50.0, 50.0, 50.0, 50.0, 50.0, 50.0, 50.0, 50.0, 50.0, 50.0, 50.0, 50.0, 50.0]
d: [7.447178827338098, 3.5, 3.5, 3.5, 3.5, 3.5, 3.500477158296959, 3.5, 6.353069750405333, 3.5, 3.5, 3.5, 3.5, 3.5, 3.5, 2.0]
iteration: 15, best:56.73time: [7.47, 10.76, 13.35, 14.89, 17.07, 18.69, 20.76, 22.51, 23.86, 26.5, 29.56, 34.67, 41.03, 48.35, 55.64, 57.07], last_race_time:[6.98, 9.96, 12.66, 14.09, 15.58, 17.67, 19.44, 21.12, 23.26, 25.88, 28.96, 34.12, 40.49, 47.81, 54.97, 56.73]
v: [17.683466690964746, 12.0, 12.0, 12.0, 12.0, 12.0, 12.0, 12.0, 12.0, 12.0, 12.0, 12.0, 12.0, 12.0, 12.0, 12.0]
a: [50.0, 50.0, 50.0, 50.0, 50.0, 50.0, 50.0, 50.0, 50.0, 50.0, 50.0, 50.0, 50.0, 50.0, 50.0, 50.0]
d: [3.881968746537834, 3.5, 3.5, 3.5, 3.5, 3.5, 3.500477158296959, 3.5, 6.353069750405333, 3.5, 3.5, 3.5, 3.5, 3.5, 3.5, 2.0]
iteration: 16, best:56.73time: [1000, 1000, 1000, 1000, 1000, 1000, 1000, 1000, 1000, 1000, 1000, 1000, 1000, 1000, 1000, 1000], last_race_time:[6.98, 9.96, 12.66, 14.09, 15.58, 17.67, 19.44, 21.12, 23.26, 25.88, 28.96, 34.12, 40.49, 47.81, 54.97, 56.73]
v: [12.0, 12.0, 12.0, 12.0, 12.0, 12.0, 12.0, 12.0, 12.0, 12.0, 12.0, 12.0, 12.0, 12.0, 12.0, 12.0]
a: [172.64586851725943, 50.0, 50.0, 50.0, 50.0, 50.0, 50.0, 50.0, 50.0, 50.0, 50.0, 50.0, 50.0, 50.0, 50.0, 50.0]
d: [8.289484034106607, 3.5, 3.5, 3.5, 3.5, 3.5, 3.500477158296959, 3.5, 6.353069750405333, 3.5, 3.5, 3.5, 3.5, 3.5, 3.5, 2.0]
iteration: 17, best:56.73time: [6.89, 9.99, 12.76, 14.37, 16.39, 17.72, 19.42, 21.11, 1000, 1000, 1000, 1000, 1000, 1000, 1000, 1000], last_race_time:[6.98, 9.96, 12.66, 14.09, 15.58, 17.67, 19.44, 21.12, 23.26, 25.88, 28.96, 34.12, 40.49, 47.81, 54.97, 56.73]
v: [12.0, 12.0, 12.0, 12.0, 12.0, 12.0, 12.0, 12.0, 12.0, 12.0, 12.0, 12.0, 12.0, 12.0, 12.0, 12.0]
a: [143.2032678142631, 50.0, 50.0, 50.0, 50.0, 50.0, 50.0, 50.0, 50.0, 50.0, 50.0, 50.0, 50.0, 50.0, 50.0, 50.0]
d: [3.5, 3.5, 3.5, 3.5, 3.5, 3.5, 3.500477158296959, 3.5, 6.353069750405333, 3.5, 3.5, 3.5, 3.5, 3.5, 3.5, 2.0]
iteration: 18, best:56.73time: [7.12, 10.14, 12.56, 14.17, 15.75, 1000, 1000, 1000, 1000, 1000, 1000, 1000, 1000, 1000, 1000, 1000], last_race_time:[6.89, 9.96, 12.66, 14.09, 15.58, 17.67, 19.44, 21.12, 23.26, 25.88, 28.96, 34.12, 40.49, 47.81, 54.97, 56.73]
v: [23.442875077086722, 16.506570743685142, 12.0, 8.385277962207006, 24.234414729901633, 12.0, 12.0, 12.0, 12.0, 12.0, 12.0, 12.0, 12.0, 12.0, 12.0, 12.0]
a: [56.42251433791621, 50.0, 63.734024524434396, 50.0, 189.1953063460755, 50.0, 50.0, 50.0, 50.0, 50.0, 50.0, 50.0, 50.0, 50.0, 50.0, 50.0]
d: [6.052367865210531, 3.5, 5.272978376152552, 3.5, 3.5, 3.5, 3.500477158296959, 3.5, 6.353069750405333, 3.5, 3.5, 3.5, 3.5, 3.5, 3.5, 2.0]
iteration: 19, best:54.98time: [7.56, 11.02, 13.3, 14.62, 16.47, 17.58, 19.15, 20.96, 22.32, 24.95, 28.0, 33.12, 39.44, 46.41, 53.32, 54.98], last_race_time:[6.89, 9.96, 12.56, 14.09, 15.58, 17.67, 19.44, 21.12, 23.26, 25.88, 28.96, 34.12, 40.49, 47.81, 54.97, 56.73]
v: [13.400308915848765, 12.0, 13.093729301696024, 12.0, 12.0, 12.0, 12.0, 12.0, 12.0, 12.0, 12.0, 12.0, 12.0, 12.0, 12.0, 12.0]
a: [50.0, 50.0, 174.10837578967747, 50.0, 117.74748720304967, 97.10571363510921, 50.0, 50.0, 50.0, 50.0, 50.0, 50.0, 50.0, 50.0, 50.0, 50.0]
d: [3.5, 3.5, 6.644511952390881, 3.5, 5.705801069568346, 8.632125306738686, 3.500477158296959, 3.5, 6.353069750405333, 3.5, 3.5, 3.5, 3.5, 3.5, 3.5, 2.0]
iteration: 20, best:54.98time: [7.55, 10.98, 13.28, 14.63, 16.49, 20.96, 1000, 1000, 1000, 1000, 1000, 1000, 1000, 1000, 1000, 1000], last_race_time:[6.89, 9.96, 12.56, 14.09, 15.58, 17.58, 19.15, 20.96, 22.32, 24.95, 28.0, 33.12, 39.44, 46.41, 53.32, 54.98]
v: [13.400308915848765, 12.0, 13.093729301696024, 12.0, 12.0, 12.0, 12.0, 12.0, 12.0, 12.0, 12.0, 12.0, 12.0, 12.0, 12.0, 12.0]
a: [50.0, 50.0, 174.10837578967747, 50.0, 117.74748720304967, 97.10571363510921, 50.0, 50.0, 50.0, 50.0, 50.0, 50.0, 50.0, 50.0, 50.0, 50.0]
d: [3.5, 3.5, 6.644511952390881, 3.5, 5.705801069568346, 8.632125306738686, 3.500477158296959, 3.5, 6.353069750405333, 3.5, 3.5, 7.764426522130446, 3.5, 3.5, 3.5, 2.0]
iteration: 21, best:54.98time: [7.79, 11.48, 13.82, 15.18, 17.07, 18.19, 19.68, 21.4, 22.82, 25.56, 28.63, 33.75, 40.78, 47.45, 54.29, 55.93], last_race_time:[6.89, 9.96, 12.56, 14.09, 15.58, 17.58, 19.15, 20.96, 22.32, 24.95, 28.0, 33.12, 39.44, 46.41, 53.32, 54.98]
v: [8.506588107369923, 12.0, 13.093729301696024, 12.0, 12.0, 12.0, 12.0, 12.0, 12.0, 12.0, 12.0, 12.0, 12.0, 12.0, 12.0, 12.0]
a: [84.60921956523676, 50.0, 174.10837578967747, 50.0, 117.74748720304967, 97.10571363510921, 50.0, 50.0, 50.0, 50.0, 50.0, 50.0, 50.0, 50.0, 50.0, 50.0]
d: [8.747618912562334, 3.5, 6.644511952390881, 3.5, 5.705801069568346, 8.632125306738686, 3.500477158296959, 3.5, 6.353069750405333, 3.5, 3.5, 3.5, 3.5, 3.5, 3.5, 2.0]
iteration: 22, best:54.98time: [6.63, 9.2, 11.3, 12.61, 14.65, 18.76, 24.8, 26.52, 27.85, 30.49, 33.56, 38.71, 45.08, 52.29, 68.1, 1000], last_race_time:[6.89, 9.96, 12.56, 14.09, 15.58, 17.58, 19.15, 20.96, 22.32, 24.95, 28.0, 33.12, 39.44, 46.41, 53.32, 54.98]
v: [21.05592704446695, 12.0, 13.093729301696024, 12.0, 12.0, 12.0, 12.0, 12.0, 12.0, 12.0, 12.0, 12.0, 12.0, 12.0, 12.0, 12.0]
a: [97.97882479006788, 50.0, 174.10837578967747, 50.0, 117.74748720304967, 97.10571363510921, 50.0, 50.0, 50.0, 50.0, 50.0, 50.0, 50.0, 50.0, 50.0, 50.0]
d: [5.227941402526035, 3.5, 6.644511952390881, 3.5, 5.705801069568346, 8.632125306738686, 3.500477158296959, 3.5, 6.353069750405333, 3.5, 3.5, 3.5, 3.5, 3.5, 3.5, 2.0]
iteration: 23, best:54.98time: [6.98, 9.43, 11.38, 12.81, 14.49, 1000, 1000, 1000, 1000, 1000, 1000, 1000, 1000, 1000, 1000, 1000], last_race_time:[6.63, 9.2, 11.3, 12.61, 14.65, 17.58, 19.15, 20.96, 22.32, 24.95, 28.0, 33.12, 39.44, 46.41, 53.32, 54.98]
v: [13.400308915848765, 16.61352326464392, 13.093729301696024, 12.0, 17.203786147617368, 22.580882499177697, 12.0, 12.0, 12.0, 12.0, 12.0, 12.0, 12.0, 12.0, 12.0, 12.0]
a: [127.2648748921044, 90.76997174781381, 137.05836065436358, 50.0, 117.74748720304967, 136.60992766315113, 50.0, 50.0, 50.0, 50.0, 50.0, 50.0, 50.0, 50.0, 50.0, 50.0]
d: [3.5, 5.2546327263048624, 6.644511952390881, 3.5, 6.65104957534683, 8.669444780519783, 3.500477158296959, 3.5, 6.353069750405333, 3.5, 3.5, 3.5, 3.5, 3.5, 3.5, 2.0]
iteration: 24, best:54.98time: [7.36, 10.56, 12.49, 13.66, 15.36, 1000, 1000, 1000, 1000, 1000, 1000, 1000, 1000, 1000, 1000, 1000], last_race_time:[6.63, 9.2, 11.3, 12.61, 14.49, 17.58, 19.15, 20.96, 22.32, 24.95, 28.0, 33.12, 39.44, 46.41, 53.32, 54.98]
v: [9.163389436245655, 12.0, 18.53693314884962, 11.258386795175921, 15.53272870692953, 23.679460853163135, 12.0, 12.0, 12.0, 12.0, 12.0, 12.0, 12.0, 12.0, 12.0, 12.0]
a: [193.31389883950806, 60.03738374140656, 157.06247942464796, 64.95335847670056, 117.74748720304967, 97.10571363510921, 50.0, 50.0, 50.0, 50.0, 50.0, 50.0, 50.0, 50.0, 50.0, 50.0]
d: [4.783286418313281, 3.710829419724708, 6.644511952390881, 3.5, 5.705801069568346, 8.632125306738686, 3.500477158296959, 3.5, 6.353069750405333, 3.5, 3.5, 3.5, 3.5, 3.5, 3.5, 2.0]
iteration: 25, best:54.98time: [6.99, 9.98, 12.2, 13.53, 15.63, 19.92, 23.46, 25.18, 1000, 1000, 1000, 1000, 1000, 1000, 1000, 1000], last_race_time:[6.63, 9.2, 11.3, 12.61, 14.49, 17.58, 19.15, 20.96, 22.32, 24.95, 28.0, 33.12, 39.44, 46.41, 53.32, 54.98]
v: [13.400308915848765, 12.0, 13.093729301696024, 12.0, 12.0, 12.0, 12.0, 12.0, 12.0, 12.0, 12.0, 12.0, 12.0, 12.0, 12.0, 12.0]
a: [87.18660923384451, 50.0, 174.10837578967747, 50.0, 117.74748720304967, 97.10571363510921, 50.0, 50.0, 50.0, 50.0, 50.0, 50.0, 50.0, 50.0, 50.0, 50.0]
d: [3.5, 3.5, 6.644511952390881, 3.5, 5.705801069568346, 8.632125306738686, 3.500477158296959, 3.5, 6.353069750405333, 3.5, 3.5, 3.5, 3.5, 3.5, 3.5, 2.0]
iteration: 26, best:54.53time: [7.26, 10.23, 12.39, 13.69, 15.6, 16.75, 18.27, 19.9, 21.36, 24.09, 27.16, 32.27, 39.48, 45.85, 52.8, 54.53], last_race_time:[6.63, 9.2, 11.3, 12.61, 14.49, 17.58, 19.15, 20.96, 22.32, 24.95, 28.0, 33.12, 39.44, 46.41, 53.32, 54.98]
v: [19.120237536806098, 23.22364793421896, 13.093729301696024, 12.0, 12.0, 12.0, 12.0, 12.0, 12.0, 12.0, 12.0, 12.0, 12.0, 12.0, 12.0, 12.0]
a: [50.0, 50.0, 174.10837578967747, 50.0, 117.74748720304967, 97.10571363510921, 50.0, 50.0, 50.0, 50.0, 50.0, 50.0, 50.0, 50.0, 50.0, 50.0]
d: [6.017154663686741, 3.5, 6.644511952390881, 3.5, 5.705801069568346, 8.632125306738686, 3.500477158296959, 3.5, 6.353069750405333, 3.5, 3.5, 3.5, 3.5, 3.5, 3.5, 2.0]
iteration: 27, best:54.53time: [11.38, 15.9, 18.3, 19.64, 21.69, 1000, 1000, 1000, 1000, 1000, 1000, 1000, 1000, 1000, 1000, 1000], last_race_time:[6.63, 9.2, 11.3, 12.61, 14.49, 16.75, 18.27, 19.9, 21.36, 24.09, 27.16, 32.27, 39.44, 45.85, 52.8, 54.53]
v: [19.120237536806098, 23.22364793421896, 13.093729301696024, 12.0, 12.0, 12.0, 12.0, 12.0, 12.0, 12.0, 12.0, 12.0, 12.0, 12.0, 12.0, 12.0]
a: [50.0, 50.0, 174.10837578967747, 50.0, 117.74748720304967, 97.10571363510921, 50.0, 50.0, 50.0, 50.0, 50.0, 50.0, 50.0, 111.06452378712585, 50.0, 50.0]
d: [6.017154663686741, 3.5, 6.644511952390881, 3.5, 5.705801069568346, 8.632125306738686, 3.500477158296959, 3.5, 6.353069750405333, 3.5, 3.5, 3.5, 3.5, 8.89483071140417, 3.5, 2.0]
iteration: 28, best:54.53time: [14.82, 45.92, 48.18, 49.51, 51.28, 52.35, 53.91, 55.56, 56.93, 59.57, 1000, 1000, 1000, 1000, 1000, 1000], last_race_time:[6.63, 9.2, 11.3, 12.61, 14.49, 16.75, 18.27, 19.9, 21.36, 24.09, 27.16, 32.27, 39.44, 45.85, 52.8, 54.53]
v: [19.120237536806098, 23.22364793421896, 13.093729301696024, 12.0, 12.0, 12.0, 12.0, 12.0, 12.0, 12.0, 12.0, 12.0, 12.0, 12.0, 12.0, 12.0]
a: [112.98443296371133, 50.0, 174.10837578967747, 50.0, 117.74748720304967, 97.10571363510921, 50.0, 50.0, 50.0, 50.0, 50.0, 50.0, 50.0, 50.0, 50.0, 50.0]
d: [6.017154663686741, 3.5, 6.644511952390881, 3.5, 5.705801069568346, 8.632125306738686, 3.500477158296959, 3.5, 6.353069750405333, 3.5, 3.5, 3.5, 3.5, 3.5, 3.5, 2.0]
iteration: 29, best:54.53time: [18.91, 51.93, 54.3, 55.64, 57.73, 1000, 1000, 1000, 1000, 1000, 1000, 1000, 1000, 1000, 1000, 1000], last_race_time:[6.63, 9.2, 11.3, 12.61, 14.49, 16.75, 18.27, 19.9, 21.36, 24.09, 27.16, 32.27, 39.44, 45.85, 52.8, 54.53]
v: [19.120237536806098, 23.22364793421896, 13.093729301696024, 12.0, 12.0, 12.0, 12.0, 12.0, 12.0, 12.0, 12.0, 12.0, 12.0, 12.0, 12.0, 12.0]
a: [156.95715456461716, 50.0, 174.10837578967747, 50.0, 117.74748720304967, 97.10571363510921, 50.0, 50.0, 50.0, 50.0, 50.0, 50.0, 50.0, 50.0, 50.0, 50.0]
d: [6.017154663686741, 3.5, 6.644511952390881, 3.5, 5.705801069568346, 8.632125306738686, 3.500477158296959, 3.5, 6.353069750405333, 3.5, 3.5, 3.5, 3.5, 3.5, 3.5, 2.0]
iteration: 30, best:54.53time: [17.92, 44.58, 46.96, 48.31, 50.3, 1000, 1000, 1000, 1000, 1000, 1000, 1000, 1000, 1000, 1000, 1000], last_race_time:[6.63, 9.2, 11.3, 12.61, 14.49, 16.75, 18.27, 19.9, 21.36, 24.09, 27.16, 32.27, 39.44, 45.85, 52.8, 54.53]
v: [19.120237536806098, 23.22364793421896, 13.093729301696024, 12.0, 12.0, 12.0, 12.0, 12.0, 12.0, 12.0, 12.0, 12.0, 12.0, 12.0, 12.0, 12.0]
a: [113.30925110223397, 50.0, 174.10837578967747, 50.0, 117.74748720304967, 97.10571363510921, 50.0, 50.0, 50.0, 50.0, 50.0, 50.0, 50.0, 50.0, 50.0, 50.0]
d: [6.017154663686741, 3.5, 6.644511952390881, 3.5, 5.705801069568346, 8.632125306738686, 3.500477158296959, 3.5, 6.353069750405333, 3.5, 3.5, 3.5, 3.5, 3.5, 3.5, 2.0]
iteration: 31, best:54.53time: [10.36, 18.65, 20.93, 22.25, 24.11, 25.22, 26.76, 28.53, 29.86, 32.51, 35.59, 40.78, 47.02, 54.19, 60.44, 61.91], last_race_time:[6.63, 9.2, 11.3, 12.61, 14.49, 16.75, 18.27, 19.9, 21.36, 24.09, 27.16, 32.27, 39.44, 45.85, 52.8, 54.53]
v: [19.120237536806098, 23.22364793421896, 13.093729301696024, 12.0, 12.0, 12.0, 12.0, 12.0, 12.0, 12.0, 12.0, 12.0, 12.0, 12.0, 12.0, 12.0]
a: [149.29882616873405, 50.0, 174.10837578967747, 50.0, 117.74748720304967, 97.10571363510921, 50.0, 50.0, 50.0, 50.0, 50.0, 50.0, 50.0, 50.0, 50.0, 50.0]
d: [6.017154663686741, 3.5, 6.644511952390881, 3.5, 5.705801069568346, 8.632125306738686, 3.500477158296959, 3.5, 6.353069750405333, 3.5, 3.5, 3.5, 3.5, 3.5, 3.5, 2.0]
iteration: 32, best:54.53time: [14.04, 1000, 1000, 1000, 1000, 1000, 1000, 1000, 1000, 1000, 1000, 1000, 1000, 1000, 1000, 1000], last_race_time:[6.63, 9.2, 11.3, 12.61, 14.49, 16.75, 18.27, 19.9, 21.36, 24.09, 27.16, 32.27, 39.44, 45.85, 52.8, 54.53]
v: [19.120237536806098, 23.22364793421896, 13.093729301696024, 12.0, 12.0, 12.0, 12.0, 12.0, 12.0, 12.0, 12.0, 12.0, 12.0, 12.0, 12.0, 12.0]
a: [126.01344478722243, 50.0, 174.10837578967747, 50.0, 117.74748720304967, 97.10571363510921, 50.0, 50.0, 50.0, 50.0, 50.0, 50.0, 50.0, 50.0, 50.0, 50.0]
d: [6.017154663686741, 3.5, 6.644511952390881, 3.5, 5.705801069568346, 8.632125306738686, 3.500477158296959, 3.5, 6.353069750405333, 3.5, 3.5, 3.5, 3.5, 3.5, 3.5, 2.0]
iteration: 33, best:54.53time: [1000, 1000, 1000, 1000, 1000, 1000, 1000, 1000, 1000, 1000, 1000, 1000, 1000, 1000, 1000, 1000], last_race_time:[6.63, 9.2, 11.3, 12.61, 14.49, 16.75, 18.27, 19.9, 21.36, 24.09, 27.16, 32.27, 39.44, 45.85, 52.8, 54.53]
v: [19.120237536806098, 23.22364793421896, 13.093729301696024, 12.0, 12.0, 12.0, 12.0, 12.0, 12.0, 12.0, 12.0, 12.0, 12.0, 12.0, 12.0, 12.0]
a: [117.70814458348181, 50.0, 174.10837578967747, 50.0, 117.74748720304967, 97.10571363510921, 50.0, 50.0, 50.0, 50.0, 50.0, 50.0, 50.0, 50.0, 50.0, 50.0]
d: [6.017154663686741, 3.5, 6.644511952390881, 3.5, 5.705801069568346, 8.632125306738686, 3.500477158296959, 3.5, 6.353069750405333, 3.5, 3.5, 3.5, 3.5, 3.5, 3.5, 2.0]
iteration: 34, best:54.53time: [6.74, 9.29, 11.81, 13.2, 15.07, 16.28, 17.84, 19.37, 20.7, 23.29, 26.36, 31.59, 37.96, 45.08, 55.95, 57.56], last_race_time:[6.63, 9.2, 11.3, 12.61, 14.49, 16.75, 18.27, 19.9, 21.36, 24.09, 27.16, 32.27, 39.44, 45.85, 52.8, 54.53]
v: [13.489122413691831, 23.22364793421896, 13.093729301696024, 12.0, 12.0, 12.0, 12.0, 12.0, 12.0, 12.0, 12.0, 12.0, 12.0, 12.0, 12.0, 12.0]
a: [191.56322971452795, 50.0, 174.10837578967747, 50.0, 117.74748720304967, 97.10571363510921, 50.0, 50.0, 50.0, 50.0, 50.0, 50.0, 50.0, 50.0, 50.0, 50.0]
d: [6.017154663686741, 3.5, 6.644511952390881, 3.5, 5.705801069568346, 8.632125306738686, 3.500477158296959, 3.5, 6.353069750405333, 3.5, 3.5, 3.5, 3.5, 3.5, 3.5, 2.0]
iteration: 35, best:54.53time: [7.34, 13.33, 15.1, 16.14, 22.11, 1000, 1000, 1000, 1000, 1000, 1000, 1000, 1000, 1000, 1000, 1000], last_race_time:[6.63, 9.2, 11.3, 12.61, 14.49, 16.75, 18.27, 19.9, 21.36, 24.09, 27.16, 32.27, 39.44, 45.85, 52.8, 54.53]
v: [16.618161629510595, 23.22364793421896, 19.118304551702273, 12.0, 12.0, 12.0, 12.0, 12.0, 12.0, 12.0, 12.0, 12.0, 12.0, 12.0, 12.0, 12.0]
a: [50.0, 50.0, 174.10837578967747, 50.0, 117.74748720304967, 97.10571363510921, 50.0, 50.0, 50.0, 50.0, 50.0, 50.0, 50.0, 50.0, 50.0, 50.0]
d: [6.017154663686741, 3.5, 6.644511952390881, 3.5, 5.705801069568346, 8.632125306738686, 3.500477158296959, 3.5, 6.353069750405333, 3.5, 3.5, 3.5, 3.5, 3.5, 3.5, 2.0]
iteration: 36, best:54.53time: [10.82, 19.7, 21.99, 23.32, 28.41, 1000, 1000, 1000, 1000, 1000, 1000, 1000, 1000, 1000, 1000, 1000], last_race_time:[6.63, 9.2, 11.3, 12.61, 14.49, 16.75, 18.27, 19.9, 21.36, 24.09, 27.16, 32.27, 39.44, 45.85, 52.8, 54.53]
v: [19.120237536806098, 23.22364793421896, 13.093729301696024, 12.0, 12.0, 12.0, 12.0, 12.0, 12.0, 12.0, 12.0, 12.0, 12.0, 12.0, 12.0, 12.0]
a: [50.0, 50.0, 174.10837578967747, 50.0, 117.74748720304967, 97.10571363510921, 50.0, 50.0, 50.0, 50.0, 50.0, 50.0, 50.0, 50.0, 50.0, 50.0]
d: [8.148536656916319, 3.5, 6.644511952390881, 3.5, 5.705801069568346, 8.632125306738686, 3.500477158296959, 3.5, 6.353069750405333, 3.5, 3.5, 3.5, 3.5, 3.5, 3.5, 2.0]
iteration: 37, best:54.53time: [14.39, 53.35, 55.7, 57.03, 59.0, 60.13, 61.69, 63.52, 64.95, 67.62, 1000, 1000, 1000, 1000, 1000, 1000], last_race_time:[6.63, 9.2, 11.3, 12.61, 14.49, 16.75, 18.27, 19.9, 21.36, 24.09, 27.16, 32.27, 39.44, 45.85, 52.8, 54.53]
v: [18.124962701951844, 23.22364793421896, 13.093729301696024, 12.0, 12.0, 12.0, 12.0, 12.0, 12.0, 12.0, 12.0, 12.0, 12.0, 12.0, 12.0, 12.0]
a: [189.97182633813517, 50.0, 174.10837578967747, 50.0, 117.74748720304967, 97.10571363510921, 50.0, 50.0, 50.0, 50.0, 50.0, 50.0, 50.0, 50.0, 50.0, 50.0]
d: [6.017154663686741, 3.5, 6.644511952390881, 3.5, 5.705801069568346, 8.632125306738686, 3.500477158296959, 3.5, 6.353069750405333, 3.5, 3.5, 3.5, 3.5, 3.5, 3.5, 2.0]
iteration: 38, best:54.53time: [7.3, 10.28, 12.41, 13.71, 15.66, 16.87, 18.34, 19.89, 21.19, 23.81, 26.96, 32.15, 38.52, 45.8, 53.14, 54.55], last_race_time:[6.63, 9.2, 11.3, 12.61, 14.49, 16.75, 18.27, 19.9, 21.36, 24.09, 27.16, 32.27, 39.44, 45.85, 52.8, 54.53]
v: [19.120237536806098, 23.22364793421896, 13.093729301696024, 12.0, 12.0, 12.0, 12.0, 12.0, 12.0, 12.0, 12.0, 12.0, 12.0, 12.0, 12.0, 12.0]
a: [50.0, 50.0, 174.10837578967747, 50.0, 117.74748720304967, 97.10571363510921, 50.0, 50.0, 50.0, 50.0, 50.0, 50.0, 50.0, 50.0, 50.0, 50.0]
d: [6.017154663686741, 3.5, 6.644511952390881, 3.5, 5.705801069568346, 8.632125306738686, 3.500477158296959, 3.5, 6.353069750405333, 3.5, 3.5, 3.5, 3.5, 3.5, 3.5, 2.0]
iteration: 39, best:54.53time: [1000, 1000, 1000, 1000, 1000, 1000, 1000, 1000, 1000, 1000, 1000, 1000, 1000, 1000, 1000, 1000], last_race_time:[6.63, 9.2, 11.3, 12.61, 14.49, 16.75, 18.27, 19.9, 21.36, 24.09, 27.16, 32.27, 39.44, 45.85, 52.8, 54.53]
v: [21.111751522283736, 23.22364793421896, 13.093729301696024, 12.0, 12.0, 12.0, 12.0, 12.0, 12.0, 12.0, 12.0, 12.0, 12.0, 12.0, 12.0, 12.0]
a: [50.0, 50.0, 174.10837578967747, 50.0, 117.74748720304967, 97.10571363510921, 50.0, 50.0, 50.0, 50.0, 50.0, 50.0, 50.0, 50.0, 50.0, 50.0]
d: [7.9058019927928465, 3.5, 6.644511952390881, 3.5, 5.705801069568346, 8.632125306738686, 3.500477158296959, 3.5, 6.353069750405333, 3.5, 3.5, 3.5, 3.5, 3.5, 3.5, 2.0]
iteration: 40, best:54.01time: [7.25, 10.21, 12.36, 13.69, 15.58, 16.69, 18.2, 19.94, 21.35, 24.09, 27.29, 32.42, 38.82, 45.79, 52.47, 54.01], last_race_time:[6.63, 9.2, 11.3, 12.61, 14.49, 16.75, 18.27, 19.9, 21.36, 24.09, 27.16, 32.27, 39.44, 45.85, 52.8, 54.53]
v: [19.120237536806098, 23.22364793421896, 13.093729301696024, 12.0, 12.0, 12.0, 12.0, 12.0, 12.0, 12.0, 12.0, 12.0, 12.0, 12.0, 12.0, 12.0]
a: [50.0, 50.0, 174.10837578967747, 50.0, 117.74748720304967, 97.10571363510921, 50.0, 50.0, 50.0, 50.0, 50.0, 50.0, 50.0, 50.0, 50.0, 50.0]
d: [6.017154663686741, 3.5, 6.644511952390881, 3.5, 5.705801069568346, 8.632125306738686, 3.500477158296959, 3.5, 6.353069750405333, 3.5, 3.5, 3.5, 3.5, 3.5, 3.5, 2.0]
iteration: 41, best:54.01time: [11.24, 15.96, 18.29, 19.62, 29.01, 1000, 1000, 1000, 1000, 1000, 1000, 1000, 1000, 1000, 1000, 1000], last_race_time:[6.63, 9.2, 11.3, 12.61, 14.49, 16.69, 18.2, 19.9, 21.35, 24.09, 27.16, 32.27, 38.82, 45.79, 52.47, 54.01]
v: [19.120237536806098, 23.22364793421896, 13.093729301696024, 12.0, 12.0, 12.0, 12.0, 12.0, 12.0, 12.0, 12.0, 12.0, 12.0, 12.0, 12.0, 16.908451019538674]
a: [50.0, 50.0, 174.10837578967747, 50.0, 117.74748720304967, 97.10571363510921, 50.0, 50.0, 50.0, 50.0, 50.0, 50.0, 50.0, 50.0, 50.0, 50.0]
d: [6.017154663686741, 3.5, 6.644511952390881, 3.5, 5.705801069568346, 8.632125306738686, 3.500477158296959, 3.5, 6.353069750405333, 3.5, 3.5, 3.5, 3.5, 3.5, 3.5, 2.0]
iteration: 42, best:54.01time: [1000, 1000, 1000, 1000, 1000, 1000, 1000, 1000, 1000, 1000, 1000, 1000, 1000, 1000, 1000, 1000], last_race_time:[6.63, 9.2, 11.3, 12.61, 14.49, 16.69, 18.2, 19.9, 21.35, 24.09, 27.16, 32.27, 38.82, 45.79, 52.47, 54.01]
v: [5.888963826386069, 23.22364793421896, 13.093729301696024, 12.0, 12.0, 12.0, 12.0, 12.0, 12.0, 12.0, 12.0, 12.0, 12.0, 12.0, 12.0, 12.0]
a: [166.2273473474204, 50.0, 174.10837578967747, 50.0, 117.74748720304967, 97.10571363510921, 50.0, 50.0, 50.0, 50.0, 50.0, 50.0, 50.0, 50.0, 50.0, 50.0]
d: [6.017154663686741, 3.5, 6.644511952390881, 3.5, 5.705801069568346, 8.632125306738686, 3.500477158296959, 3.5, 6.353069750405333, 3.5, 3.5, 3.5, 3.5, 3.5, 3.5, 2.0]
iteration: 43, best:54.01time: [7.49, 10.59, 12.82, 14.14, 16.1, 17.26, 18.83, 20.59, 22.68, 25.84, 29.09, 34.27, 40.43, 47.5, 54.04, 55.45], last_race_time:[6.63, 9.2, 11.3, 12.61, 14.49, 16.69, 18.2, 19.9, 21.35, 24.09, 27.16, 32.27, 38.82, 45.79, 52.47, 54.01]
v: [13.182009046003422, 23.22364793421896, 13.093729301696024, 12.0, 12.0, 12.0, 12.0, 12.0, 12.0, 12.0, 12.0, 12.0, 12.0, 12.0, 12.0, 12.0]
a: [50.0, 50.0, 174.10837578967747, 50.0, 117.74748720304967, 97.10571363510921, 50.0, 50.0, 50.0, 50.0, 50.0, 50.0, 50.0, 50.0, 50.0, 50.0]
d: [4.370069805089182, 3.5, 6.644511952390881, 3.5, 5.705801069568346, 8.632125306738686, 3.500477158296959, 3.5, 6.353069750405333, 3.5, 3.5, 3.5, 3.5, 3.5, 3.5, 2.0]
iteration: 44, best:54.01time: [1000, 1000, 1000, 1000, 1000, 1000, 1000, 1000, 1000, 1000, 1000, 1000, 1000, 1000, 1000, 1000], last_race_time:[6.63, 9.2, 11.3, 12.61, 14.49, 16.69, 18.2, 19.9, 21.35, 24.09, 27.16, 32.27, 38.82, 45.79, 52.47, 54.01]
v: [19.120237536806098, 23.22364793421896, 13.093729301696024, 12.0, 12.0, 12.0, 12.0, 12.0, 12.0, 12.0, 12.0, 12.0, 12.0, 12.0, 12.0, 12.0]
a: [171.23993419178115, 50.0, 174.10837578967747, 50.0, 117.74748720304967, 97.10571363510921, 50.0, 50.0, 50.0, 50.0, 50.0, 50.0, 50.0, 50.0, 50.0, 50.0]
d: [6.017154663686741, 3.5, 6.644511952390881, 3.5, 5.705801069568346, 8.632125306738686, 3.500477158296959, 3.5, 6.353069750405333, 3.5, 3.5, 3.5, 3.5, 3.5, 3.5, 2.0]
iteration: 45, best:54.01time: [14.47, 1000, 1000, 1000, 1000, 1000, 1000, 1000, 1000, 1000, 1000, 1000, 1000, 1000, 1000, 1000], last_race_time:[6.63, 9.2, 11.3, 12.61, 14.49, 16.69, 18.2, 19.9, 21.35, 24.09, 27.16, 32.27, 38.82, 45.79, 52.47, 54.01]
v: [21.457059941942703, 23.22364793421896, 13.093729301696024, 12.0, 12.0, 12.0, 12.0, 12.0, 12.0, 12.0, 12.0, 12.0, 12.0, 12.0, 12.0, 12.0]
a: [166.02391389780428, 50.0, 174.10837578967747, 50.0, 117.74748720304967, 97.10571363510921, 50.0, 50.0, 50.0, 50.0, 50.0, 50.0, 50.0, 50.0, 50.0, 50.0]
d: [6.017154663686741, 3.5, 6.644511952390881, 3.5, 5.705801069568346, 8.632125306738686, 3.500477158296959, 3.5, 6.353069750405333, 3.5, 3.5, 3.5, 3.5, 3.5, 3.5, 2.0]
iteration: 46, best:54.01time: [1000, 1000, 1000, 1000, 1000, 1000, 1000, 1000, 1000, 1000, 1000, 1000, 1000, 1000, 1000, 1000], last_race_time:[6.63, 9.2, 11.3, 12.61, 14.49, 16.69, 18.2, 19.9, 21.35, 24.09, 27.16, 32.27, 38.82, 45.79, 52.47, 54.01]
v: [5.571151290247604, 23.22364793421896, 13.093729301696024, 12.0, 12.0, 12.0, 12.0, 12.0, 12.0, 12.0, 12.0, 12.0, 12.0, 12.0, 12.0, 12.0]
a: [50.0, 50.0, 174.10837578967747, 50.0, 117.74748720304967, 97.10571363510921, 50.0, 50.0, 50.0, 50.0, 50.0, 50.0, 50.0, 50.0, 50.0, 50.0]
d: [7.958132176645907, 3.5, 6.644511952390881, 3.5, 5.705801069568346, 8.632125306738686, 3.500477158296959, 3.5, 6.353069750405333, 3.5, 3.5, 3.5, 3.5, 3.5, 3.5, 2.0]
iteration: 47, best:54.01time: [1000, 1000, 1000, 1000, 1000, 1000, 1000, 1000, 1000, 1000, 1000, 1000, 1000, 1000, 1000, 1000], last_race_time:[6.63, 9.2, 11.3, 12.61, 14.49, 16.69, 18.2, 19.9, 21.35, 24.09, 27.16, 32.27, 38.82, 45.79, 52.47, 54.01]
v: [19.120237536806098, 23.22364793421896, 13.093729301696024, 12.0, 12.0, 12.0, 12.0, 12.0, 12.0, 12.0, 12.0, 12.0, 12.0, 12.0, 12.0, 12.0]
a: [158.1102289797323, 50.0, 174.10837578967747, 50.0, 117.74748720304967, 97.10571363510921, 50.0, 50.0, 50.0, 50.0, 50.0, 50.0, 50.0, 50.0, 50.0, 50.0]
d: [6.511498513139674, 3.5, 6.644511952390881, 3.5, 5.705801069568346, 8.632125306738686, 3.500477158296959, 3.5, 6.353069750405333, 3.5, 3.5, 3.5, 3.5, 3.5, 3.5, 2.0]
iteration: 48, best:54.01time: [10.33, 15.98, 18.25, 19.58, 25.06, 29.21, 1000, 1000, 1000, 1000, 1000, 1000, 1000, 1000, 1000, 1000], last_race_time:[6.63, 9.2, 11.3, 12.61, 14.49, 16.69, 18.2, 19.9, 21.35, 24.09, 27.16, 32.27, 38.82, 45.79, 52.47, 54.01]
v: [17.774377046902558, 23.22364793421896, 13.093729301696024, 12.0, 12.0, 12.0, 12.0, 12.0, 12.0, 12.0, 12.0, 12.0, 12.0, 12.0, 12.0, 12.0]
a: [50.0, 50.0, 174.10837578967747, 50.0, 117.74748720304967, 97.10571363510921, 50.0, 50.0, 50.0, 50.0, 50.0, 50.0, 50.0, 50.0, 50.0, 50.0]
d: [6.809860416650322, 3.5, 6.644511952390881, 3.5, 5.705801069568346, 8.632125306738686, 3.500477158296959, 3.5, 6.353069750405333, 3.5, 3.5, 3.5, 3.5, 3.5, 3.5, 2.0]
iteration: 49, best:54.01time: [6.43, 8.74, 11.07, 12.48, 14.94, 16.14, 17.66, 19.36, 20.81, 23.56, 26.64, 31.81, 37.94, 45.15, 52.5, 54.35], last_race_time:[6.63, 9.2, 11.3, 12.61, 14.49, 16.69, 18.2, 19.9, 21.35, 24.09, 27.16, 32.27, 38.82, 45.79, 52.47, 54.01]
v: [19.120237536806098, 23.22364793421896, 13.093729301696024, 12.0, 12.0, 12.0, 12.0, 12.0, 12.0, 12.0, 12.0, 12.0, 12.0, 12.0, 12.0, 12.0]
a: [175.43037223090056, 50.0, 174.10837578967747, 50.0, 117.74748720304967, 97.10571363510921, 50.0, 50.0, 50.0, 50.0, 50.0, 50.0, 50.0, 50.0, 50.0, 50.0]
d: [5.104772230856352, 3.5, 6.644511952390881, 3.5, 5.705801069568346, 8.632125306738686, 3.500477158296959, 3.5, 6.353069750405333, 3.5, 3.5, 3.5, 3.5, 3.5, 3.5, 2.0]
iteration: 50, best:54.01time: [6.56, 9.05, 11.06, 12.28, 14.85, 15.79, 17.07, 18.47, 20.0, 22.37, 24.7, 28.83, 34.99, 44.7, 1000, 1000], last_race_time:[6.43, 8.74, 11.07, 12.48, 14.49, 16.14, 17.66, 19.36, 20.81, 23.56, 26.64, 31.81, 37.94, 45.15, 52.47, 54.01]
v: [19.120237536806098, 23.22364793421896, 20.014301578367455, 12.0, 20.9707093416513, 12.0, 12.0, 12.41299371073106, 12.0, 12.0, 21.92644449438887, 16.125119358155153, 12.0, 24.647650787101526, 5.851739025815581, 18.565927670623076]
a: [128.8425855073308, 50.0, 107.47620629925188, 50.0, 117.74748720304967, 94.35782248562415, 50.0, 110.44097712887876, 168.1255724510338, 182.48615390238808, 75.98180535700325, 50.0, 50.0, 50.0, 50.0, 196.91856252898472]
d: [5.333490320460163, 4.569696590076717, 6.644511952390881, 3.5, 5.705801069568346, 6.244321815455429, 8.15064368646279, 3.5, 6.1592492895861035, 5.9374139873072895, 3.5, 3.5, 4.16459790685831, 7.969908910436137, 8.944207156405788, 2.0]
iteration: 51, best:54.01time: [7.26, 10.2, 12.34, 1000, 1000, 1000, 1000, 1000, 1000, 1000, 1000, 1000, 1000, 1000, 1000, 1000], last_race_time:[6.43, 8.74, 11.06, 12.28, 14.49, 15.79, 17.07, 18.47, 20.0, 22.37, 24.7, 28.83, 34.99, 44.7, 52.47, 54.01]
v: [19.120237536806098, 23.22364793421896, 13.093729301696024, 5.112750250167588, 23.34991580172599, 16.556853922582278, 23.931269519577253, 21.43174852445917, 19.949283348217346, 10.349435634706438, 12.0, 12.0, 13.408508297958143, 12.0, 12.0, 12.0]
a: [50.0, 50.0, 174.10837578967747, 50.0, 76.82084748456036, 171.1608230625645, 174.5224808479316, 135.7039707964722, 50.0, 192.66517776644918, 50.0, 50.0, 50.0, 50.0, 72.71299348350314, 50.0]
d: [6.017154663686741, 7.90046768689267, 3.8090558180322294, 3.5, 5.705801069568346, 8.632125306738686, 3.500477158296959, 3.5, 6.353069750405333, 3.5, 3.5, 3.5, 4.143498954259007, 3.5, 3.6472571429264855, 2.0]
iteration: 52, best:54.01time: [7.26, 10.24, 12.39, 13.88, 15.88, 20.32, 22.78, 24.55, 25.93, 28.58, 31.63, 36.69, 42.74, 50.71, 57.64, 1000], last_race_time:[6.43, 8.74, 11.06, 12.28, 14.49, 15.79, 17.07, 18.47, 20.0, 22.37, 24.7, 28.83, 34.99, 44.7, 52.47, 54.01]
v: [24.925995220615032, 23.22364793421896, 13.093729301696024, 12.0, 12.0, 12.0, 12.0, 12.0, 12.0, 12.0, 12.0, 12.0, 12.0, 12.0, 12.0, 12.0]
a: [50.0, 50.0, 174.10837578967747, 50.0, 117.74748720304967, 97.10571363510921, 50.0, 50.0, 50.0, 50.0, 50.0, 50.0, 50.0, 50.0, 50.0, 50.0]
d: [4.969933869635868, 3.5, 6.644511952390881, 3.5, 5.705801069568346, 8.632125306738686, 3.500477158296959, 3.5, 6.353069750405333, 3.5, 3.5, 3.5, 3.5, 3.5, 3.5, 2.0]
iteration: 53, best:54.01time: [7.54, 10.62, 12.83, 14.17, 16.07, 17.23, 18.73, 20.4, 21.8, 24.55, 27.64, 32.74, 39.41, 46.0, 52.8, 54.52], last_race_time:[6.43, 8.74, 11.06, 12.28, 14.49, 15.79, 17.07, 18.47, 20.0, 22.37, 24.7, 28.83, 34.99, 44.7, 52.47, 54.01]
v: [13.96314075632058, 23.22364793421896, 13.093729301696024, 12.0, 12.0, 12.0, 12.0, 12.0, 12.0, 12.0, 12.0, 12.0, 12.0, 12.0, 12.0, 12.0]
a: [50.0, 50.0, 174.10837578967747, 50.0, 117.74748720304967, 97.10571363510921, 50.0, 50.0, 50.0, 50.0, 50.0, 50.0, 50.0, 50.0, 50.0, 50.0]
d: [6.017154663686741, 3.5, 6.644511952390881, 3.5, 5.705801069568346, 8.632125306738686, 3.500477158296959, 3.5, 6.353069750405333, 3.5, 3.5, 3.5, 3.5, 3.5, 3.5, 2.0]
iteration: 54, best:54.01time: [7.22, 10.15, 12.39, 13.73, 15.63, 1000, 1000, 1000, 1000, 1000, 1000, 1000, 1000, 1000, 1000, 1000], last_race_time:[6.43, 8.74, 11.06, 12.28, 14.49, 15.79, 17.07, 18.47, 20.0, 22.37, 24.7, 28.83, 34.99, 44.7, 52.47, 54.01]
v: [23.78041751026026, 23.22364793421896, 13.093729301696024, 12.0, 12.0, 12.0, 12.0, 12.0, 12.0, 12.0, 12.0, 12.0, 12.0, 12.0, 12.0, 12.0]
a: [50.0, 50.0, 174.10837578967747, 50.0, 117.74748720304967, 97.10571363510921, 50.0, 50.0, 50.0, 50.0, 50.0, 50.0, 50.0, 50.0, 50.0, 50.0]
d: [6.017154663686741, 3.5, 6.644511952390881, 3.5, 5.705801069568346, 8.632125306738686, 3.500477158296959, 3.5, 6.353069750405333, 3.5, 3.5, 3.5, 3.5, 3.5, 3.5, 2.0]
iteration: 55, best:54.01time: [1000, 1000, 1000, 1000, 1000, 1000, 1000, 1000, 1000, 1000, 1000, 1000, 1000, 1000, 1000, 1000], last_race_time:[6.43, 8.74, 11.06, 12.28, 14.49, 15.79, 17.07, 18.47, 20.0, 22.37, 24.7, 28.83, 34.99, 44.7, 52.47, 54.01]
v: [19.120237536806098, 23.22364793421896, 13.093729301696024, 12.0, 12.0, 12.0, 12.0, 12.0, 12.0, 12.0, 12.0, 12.0, 12.0, 12.0, 12.0, 12.0]
a: [138.46277283980453, 50.0, 174.10837578967747, 50.0, 117.74748720304967, 97.10571363510921, 50.0, 50.0, 50.0, 50.0, 50.0, 50.0, 50.0, 50.0, 50.0, 50.0]
d: [6.017154663686741, 3.5, 6.644511952390881, 3.5, 5.705801069568346, 8.632125306738686, 3.500477158296959, 3.5, 6.353069750405333, 3.5, 3.5, 3.5, 3.5, 3.5, 3.5, 2.0]
iteration: 56, best:54.01time: [14.55, 30.58, 32.93, 34.26, 36.38, 40.58, 1000, 1000, 1000, 1000, 1000, 1000, 1000, 1000, 1000, 1000], last_race_time:[6.43, 8.74, 11.06, 12.28, 14.49, 15.79, 17.07, 18.47, 20.0, 22.37, 24.7, 28.83, 34.99, 44.7, 52.47, 54.01]
v: [19.120237536806098, 23.22364793421896, 13.093729301696024, 12.0, 12.0, 12.0, 12.0, 12.0, 12.0, 12.0, 12.0, 12.0, 12.0, 12.0, 12.0, 12.0]
a: [50.0, 50.0, 174.10837578967747, 50.0, 117.74748720304967, 97.10571363510921, 50.0, 50.0, 50.0, 50.0, 50.0, 50.0, 50.0, 50.0, 50.0, 50.0]
d: [6.017154663686741, 3.5, 6.644511952390881, 3.5, 5.705801069568346, 8.632125306738686, 3.500477158296959, 3.5, 6.353069750405333, 3.5, 3.5, 3.5, 3.5, 3.5, 3.5, 2.0]
iteration: 57, best:54.01time: [6.54, 8.91, 10.99, 12.27, 14.21, 18.47, 21.66, 23.35, 24.71, 27.39, 30.5, 35.68, 42.2, 49.51, 55.95, 57.32], last_race_time:[6.43, 8.74, 11.06, 12.28, 14.49, 15.79, 17.07, 18.47, 20.0, 22.37, 24.7, 28.83, 34.99, 44.7, 52.47, 54.01]
v: [19.120237536806098, 23.22364793421896, 13.093729301696024, 12.0, 12.0, 12.0, 12.0, 12.0, 12.0, 12.0, 12.0, 12.0, 12.0, 12.0, 12.0, 12.0]
a: [134.26230007983293, 50.0, 174.10837578967747, 50.0, 117.74748720304967, 97.10571363510921, 50.0, 50.0, 50.0, 50.0, 50.0, 50.0, 50.0, 50.0, 50.0, 50.0]
d: [3.657365463008418, 3.5, 6.644511952390881, 3.5, 5.705801069568346, 8.632125306738686, 3.500477158296959, 3.5, 6.353069750405333, 3.5, 3.5, 3.5, 3.5, 3.5, 3.5, 2.0]
iteration: 58, best:54.01time: [1000, 1000, 1000, 1000, 1000, 1000, 1000, 1000, 1000, 1000, 1000, 1000, 1000, 1000, 1000, 1000], last_race_time:[6.43, 8.74, 10.99, 12.27, 14.21, 15.79, 17.07, 18.47, 20.0, 22.37, 24.7, 28.83, 34.99, 44.7, 52.47, 54.01]
v: [19.120237536806098, 10.16373943808605, 13.093729301696024, 12.0, 13.591298340339062, 15.337053404055432, 12.0, 12.0, 12.0, 12.0, 12.0, 12.0, 12.0, 12.0, 12.0, 12.0]
a: [72.79424721787126, 50.0, 174.10837578967747, 81.08505867303717, 117.74748720304967, 97.10571363510921, 50.0, 50.0, 50.0, 50.0, 50.0, 50.0, 50.0, 50.0, 50.0, 50.0]
d: [8.633164658584558, 8.590917065200328, 6.644511952390881, 3.593658370767082, 8.572806715725994, 8.980307068507873, 3.500477158296959, 3.5, 6.353069750405333, 3.5, 3.5, 3.5, 3.5, 3.5, 3.5, 2.0]
iteration: 59, best:54.01time: [8.0, 11.21, 13.42, 14.74, 16.57, 17.64, 19.11, 21.01, 22.38, 25.05, 28.11, 33.22, 39.53, 46.74, 53.23, 54.55], last_race_time:[6.43, 8.74, 10.99, 12.27, 14.21, 15.79, 17.07, 18.47, 20.0, 22.37, 24.7, 28.83, 34.99, 44.7, 52.47, 54.01]
v: [7.616309220018698, 23.22364793421896, 13.093729301696024, 12.0, 12.0, 12.0, 12.0, 12.0, 12.0, 12.0, 12.0, 12.0, 12.0, 12.0, 12.0, 12.0]
a: [50.0, 50.0, 174.10837578967747, 50.0, 117.74748720304967, 97.10571363510921, 50.0, 50.0, 50.0, 50.0, 50.0, 50.0, 50.0, 50.0, 50.0, 50.0]
d: [6.017154663686741, 3.5, 6.644511952390881, 3.5, 5.705801069568346, 8.632125306738686, 3.500477158296959, 3.5, 6.353069750405333, 3.5, 3.5, 3.5, 3.5, 3.5, 3.5, 2.0]
iteration: 60, best:54.01time: [10.18, 14.26, 16.49, 17.83, 19.79, 1000, 1000, 1000, 1000, 1000, 1000, 1000, 1000, 1000, 1000, 1000], last_race_time:[6.43, 8.74, 10.99, 12.27, 14.21, 15.79, 17.07, 18.47, 20.0, 22.37, 24.7, 28.83, 34.99, 44.7, 52.47, 54.01]
v: [19.120237536806098, 23.22364793421896, 13.093729301696024, 12.0, 12.0, 12.0, 12.0, 12.0, 12.0, 12.0, 12.0, 12.0, 12.0, 12.0, 12.0, 12.0]
a: [72.59111584250076, 50.0, 174.10837578967747, 50.0, 117.74748720304967, 97.10571363510921, 50.0, 50.0, 50.0, 50.0, 50.0, 50.0, 50.0, 50.0, 50.0, 50.0]
d: [6.017154663686741, 3.5, 6.644511952390881, 3.5, 5.705801069568346, 8.632125306738686, 3.500477158296959, 3.5, 6.353069750405333, 3.5, 3.5, 3.5, 3.5, 3.5, 3.5, 2.0]
iteration: 61, best:54.01time: [6.64, 9.07, 11.11, 12.42, 14.33, 1000, 1000, 1000, 1000, 1000, 1000, 1000, 1000, 1000, 1000, 1000], last_race_time:[6.43, 8.74, 10.99, 12.27, 14.21, 15.79, 17.07, 18.47, 20.0, 22.37, 24.7, 28.83, 34.99, 44.7, 52.47, 54.01]
v: [17.061963840934098, 23.22364793421896, 13.093729301696024, 12.0, 12.0, 12.0, 12.0, 12.0, 12.0, 12.0, 12.0, 12.0, 12.0, 12.0, 12.0, 12.0]
a: [134.9283595654524, 50.0, 174.10837578967747, 50.0, 117.74748720304967, 97.10571363510921, 50.0, 50.0, 50.0, 50.0, 50.0, 50.0, 50.0, 50.0, 50.0, 50.0]
d: [6.017154663686741, 3.5, 6.644511952390881, 3.5, 5.705801069568346, 8.632125306738686, 3.500477158296959, 3.5, 6.353069750405333, 3.5, 3.5, 3.5, 3.5, 3.5, 3.5, 2.0]
iteration: 62, best:54.01time: [34.58, 1000, 1000, 1000, 1000, 1000, 1000, 1000, 1000, 1000, 1000, 1000, 1000, 1000, 1000, 1000], last_race_time:[6.43, 8.74, 10.99, 12.27, 14.21, 15.79, 17.07, 18.47, 20.0, 22.37, 24.7, 28.83, 34.99, 44.7, 52.47, 54.01]
v: [19.120237536806098, 15.744703488965996, 17.783183741825063, 18.815133348478454, 7.124312266199146, 12.0, 12.0, 12.0, 12.0, 12.0, 12.0, 12.0, 12.0, 12.0, 12.0, 12.0]
a: [50.0, 50.0, 174.10837578967747, 169.7616879345569, 170.1902869813647, 97.10571363510921, 50.0, 50.0, 50.0, 50.0, 50.0, 50.0, 50.0, 50.0, 50.0, 50.0]
d: [7.945397790156227, 6.932852737776274, 8.930238641679018, 6.7844306735123805, 5.705801069568346, 7.437224937813835, 3.500477158296959, 3.5, 6.353069750405333, 3.5, 3.5, 3.5, 3.5, 3.5, 3.5, 2.0]
iteration: 63, best:54.01time: [7.25, 10.22, 12.37, 13.69, 1000, 1000, 1000, 1000, 1000, 1000, 1000, 1000, 1000, 1000, 1000, 1000], last_race_time:[6.43, 8.74, 10.99, 12.27, 14.21, 15.79, 17.07, 18.47, 20.0, 22.37, 24.7, 28.83, 34.99, 44.7, 52.47, 54.01]
v: [19.680032347086826, 23.22364793421896, 13.093729301696024, 12.0, 12.0, 12.0, 12.0, 12.0, 12.0, 12.0, 12.0, 12.0, 12.0, 12.0, 12.0, 12.0]
a: [50.0, 50.0, 174.10837578967747, 50.0, 117.74748720304967, 97.10571363510921, 50.0, 50.0, 50.0, 50.0, 50.0, 50.0, 50.0, 50.0, 50.0, 50.0]
d: [4.459393312929297, 3.5, 6.644511952390881, 3.5, 5.705801069568346, 8.632125306738686, 3.500477158296959, 3.5, 6.353069750405333, 3.5, 3.5, 3.5, 3.5, 3.5, 3.5, 2.0]
iteration: 64, best:54.01time: [1000, 1000, 1000, 1000, 1000, 1000, 1000, 1000, 1000, 1000, 1000, 1000, 1000, 1000, 1000, 1000], last_race_time:[6.43, 8.74, 10.99, 12.27, 14.21, 15.79, 17.07, 18.47, 20.0, 22.37, 24.7, 28.83, 34.99, 44.7, 52.47, 54.01]
v: [20.205375335088533, 23.22364793421896, 13.093729301696024, 12.0, 12.0, 12.0, 12.0, 12.0, 12.0, 12.0, 12.0, 12.0, 12.0, 12.0, 12.0, 12.0]
a: [177.4560164934557, 50.0, 174.10837578967747, 50.0, 117.74748720304967, 97.10571363510921, 50.0, 50.0, 50.0, 50.0, 50.0, 50.0, 50.0, 50.0, 50.0, 50.0]
d: [6.0486974361853685, 3.5, 6.644511952390881, 3.5, 5.705801069568346, 8.632125306738686, 3.500477158296959, 3.5, 6.353069750405333, 3.5, 3.5, 3.5, 3.5, 3.5, 3.5, 2.0]
iteration: 65, best:54.01time: [1000, 1000, 1000, 1000, 1000, 1000, 1000, 1000, 1000, 1000, 1000, 1000, 1000, 1000, 1000, 1000], last_race_time:[6.43, 8.74, 10.99, 12.27, 14.21, 15.79, 17.07, 18.47, 20.0, 22.37, 24.7, 28.83, 34.99, 44.7, 52.47, 54.01]
v: [19.120237536806098, 23.22364793421896, 13.093729301696024, 12.0, 12.0, 12.0, 12.0, 12.0, 12.0, 12.0, 12.0, 12.0, 12.0, 12.0, 12.0, 12.0]
a: [112.61507370705039, 50.0, 174.10837578967747, 50.0, 117.74748720304967, 97.10571363510921, 50.0, 50.0, 50.0, 50.0, 50.0, 50.0, 50.0, 50.0, 50.0, 50.0]
d: [6.017154663686741, 3.5, 6.644511952390881, 3.5, 5.705801069568346, 8.632125306738686, 3.500477158296959, 3.5, 6.353069750405333, 3.5, 3.5, 3.5, 3.5, 3.5, 3.5, 2.0]
iteration: 66, best:54.01time: [7.15, 10.04, 12.16, 13.49, 15.83, 1000, 1000, 1000, 1000, 1000, 1000, 1000, 1000, 1000, 1000, 1000], last_race_time:[6.43, 8.74, 10.99, 12.27, 14.21, 15.79, 17.07, 18.47, 20.0, 22.37, 24.7, 28.83, 34.99, 44.7, 52.47, 54.01]
v: [19.120237536806098, 23.22364793421896, 13.093729301696024, 12.0, 12.0, 12.0, 12.0, 12.0, 12.0, 12.0, 12.0, 12.0, 12.0, 12.0, 12.0, 12.0]
a: [53.168331933947734, 50.0, 174.10837578967747, 50.0, 117.74748720304967, 97.10571363510921, 50.0, 50.0, 50.0, 50.0, 50.0, 50.0, 50.0, 50.0, 50.0, 50.0]
d: [6.017154663686741, 3.5, 6.644511952390881, 3.5, 5.705801069568346, 8.632125306738686, 3.500477158296959, 3.5, 6.353069750405333, 3.5, 3.5, 3.5, 3.5, 3.5, 3.5, 2.0]
iteration: 67, best:54.01time: [7.84, 11.09, 13.38, 14.69, 16.56, 17.72, 19.22, 20.93, 22.32, 25.01, 28.1, 33.22, 39.52, 46.88, 53.23, 54.54], last_race_time:[6.43, 8.74, 10.99, 12.27, 14.21, 15.79, 17.07, 18.47, 20.0, 22.37, 24.7, 28.83, 34.99, 44.7, 52.47, 54.01]
v: [8.013573796149402, 23.22364793421896, 13.093729301696024, 12.0, 12.0, 12.0, 12.0, 12.0, 12.0, 12.0, 12.0, 12.0, 12.0, 12.0, 12.0, 12.0]
a: [150.06645905377616, 50.0, 174.10837578967747, 50.0, 117.74748720304967, 97.10571363510921, 50.0, 50.0, 50.0, 50.0, 50.0, 50.0, 50.0, 50.0, 50.0, 50.0]
d: [3.9187878676341033, 3.5, 6.644511952390881, 3.5, 5.705801069568346, 8.632125306738686, 3.500477158296959, 3.5, 6.353069750405333, 3.5, 3.5, 3.5, 3.5, 3.5, 3.5, 2.0]
iteration: 68, best:54.01time: [7.75, 10.9, 13.27, 14.63, 16.51, 17.62, 19.2, 21.11, 31.74, 35.7, 38.98, 44.19, 50.45, 57.92, 1000, 1000], last_race_time:[6.43, 8.74, 10.99, 12.27, 14.21, 15.79, 17.07, 18.47, 20.0, 22.37, 24.7, 28.83, 34.99, 44.7, 52.47, 54.01]
v: [9.598579864725815, 23.22364793421896, 13.093729301696024, 12.0, 12.0, 12.0, 12.0, 12.0, 12.0, 12.0, 12.0, 12.0, 12.0, 12.0, 12.0, 12.0]
a: [50.0, 50.0, 174.10837578967747, 50.0, 117.74748720304967, 97.10571363510921, 50.0, 50.0, 50.0, 50.0, 50.0, 50.0, 50.0, 50.0, 50.0, 50.0]
d: [6.017154663686741, 3.5, 6.644511952390881, 3.5, 5.705801069568346, 8.632125306738686, 3.500477158296959, 3.5, 6.353069750405333, 3.5, 3.5, 3.5, 3.5, 3.5, 3.5, 2.0]
iteration: 69, best:54.01time: [8.77, 12.19, 14.42, 15.75, 17.62, 18.73, 20.18, 21.89, 23.33, 26.09, 29.19, 34.32, 40.72, 47.91, 55.12, 1000], last_race_time:[6.43, 8.74, 10.99, 12.27, 14.21, 15.79, 17.07, 18.47, 20.0, 22.37, 24.7, 28.83, 34.99, 44.7, 52.47, 54.01]
v: [6.312190858090199, 23.22364793421896, 13.093729301696024, 12.0, 12.0, 12.0, 12.0, 12.0, 12.0, 12.0, 12.0, 12.0, 12.0, 12.0, 12.0, 12.0]
a: [50.0, 50.0, 174.10837578967747, 50.0, 117.74748720304967, 97.10571363510921, 50.0, 50.0, 50.0, 50.0, 50.0, 50.0, 50.0, 50.0, 50.0, 50.0]
d: [4.7726043184181535, 3.5, 6.644511952390881, 3.5, 5.705801069568346, 8.632125306738686, 3.500477158296959, 3.5, 6.353069750405333, 3.5, 3.5, 3.5, 3.5, 3.5, 3.5, 2.0]
iteration: 70, best:53.5time: [6.65, 9.15, 11.24, 12.55, 14.43, 15.54, 17.05, 18.83, 20.22, 22.89, 25.97, 31.1, 37.45, 44.75, 52.1, 53.5], last_race_time:[6.43, 8.74, 10.99, 12.27, 14.21, 15.79, 17.07, 18.47, 20.0, 22.37, 24.7, 28.83, 34.99, 44.7, 52.47, 54.01]
v: [16.650207417656837, 23.22364793421896, 13.093729301696024, 12.0, 12.0, 12.0, 12.0, 12.0, 12.0, 12.0, 12.0, 12.0, 12.0, 12.0, 12.0, 12.0]
a: [115.26598989478687, 50.0, 174.10837578967747, 50.0, 117.74748720304967, 97.10571363510921, 50.0, 50.0, 50.0, 50.0, 50.0, 50.0, 50.0, 50.0, 50.0, 50.0]
d: [6.017154663686741, 3.5, 6.644511952390881, 3.5, 5.705801069568346, 8.632125306738686, 3.500477158296959, 3.5, 6.353069750405333, 3.5, 3.5, 3.5, 3.5, 3.5, 3.5, 2.0]
iteration: 71, best:53.5time: [6.75, 9.33, 11.73, 13.1, 14.91, 16.01, 17.59, 19.51, 20.92, 23.7, 26.91, 32.47, 38.68, 45.41, 52.32, 53.96], last_race_time:[6.43, 8.74, 10.99, 12.27, 14.21, 15.54, 17.05, 18.47, 20.0, 22.37, 24.7, 28.83, 34.99, 44.7, 52.1, 53.5]
v: [16.650207417656837, 23.22364793421896, 13.093729301696024, 18.660616293364555, 12.0, 12.0, 12.0, 12.0, 12.0, 12.0, 12.0, 12.0, 12.0, 12.0, 12.0, 12.0]
a: [115.26598989478687, 50.0, 174.10837578967747, 50.0, 117.74748720304967, 97.10571363510921, 50.0, 50.0, 50.0, 50.0, 50.0, 50.0, 50.0, 50.0, 50.0, 50.0]
d: [6.017154663686741, 3.5, 6.644511952390881, 4.099754487773372, 5.705801069568346, 8.632125306738686, 3.500477158296959, 3.5, 6.353069750405333, 3.5, 3.5, 3.5, 3.5, 3.5, 3.5, 2.0]
iteration: 72, best:52.46time: [6.74, 8.59, 10.21, 11.53, 13.52, 14.68, 16.2, 17.84, 19.29, 22.02, 25.09, 30.17, 36.48, 43.8, 50.95, 52.46], last_race_time:[6.43, 8.74, 10.99, 12.27, 14.21, 15.54, 17.05, 18.47, 20.0, 22.37, 24.7, 28.83, 34.99, 44.7, 52.1, 53.5]
v: [16.650207417656837, 23.22364793421896, 13.093729301696024, 12.0, 12.0, 12.0, 12.0, 12.0, 12.0, 12.0, 12.0, 12.0, 12.0, 12.0, 12.0, 12.0]
a: [112.08889870545826, 181.90259168071384, 174.10837578967747, 50.0, 117.74748720304967, 97.10571363510921, 50.0, 50.0, 50.0, 50.0, 50.0, 50.0, 50.0, 50.0, 50.0, 50.0]
d: [4.130765089481777, 6.322443105685112, 6.644511952390881, 3.5, 5.705801069568346, 8.632125306738686, 3.500477158296959, 3.5, 6.353069750405333, 3.5, 3.5, 3.5, 3.5, 3.5, 3.5, 2.0]
iteration: 73, best:52.46time: [6.76, 8.61, 10.0, 10.96, 1000, 1000, 1000, 1000, 1000, 1000, 1000, 1000, 1000, 1000, 1000, 1000], last_race_time:[6.43, 8.59, 10.21, 11.53, 13.52, 14.68, 16.2, 17.84, 19.29, 22.02, 24.7, 28.83, 34.99, 43.8, 50.95, 52.46]
v: [16.650207417656837, 23.22364793421896, 20.431607752196115, 12.0, 12.0, 12.0, 12.0, 12.0, 12.0, 12.0, 12.0, 12.0, 12.0, 12.0, 12.0, 12.0]
a: [112.08889870545826, 181.90259168071384, 199.2072496477729, 50.0, 117.74748720304967, 97.10571363510921, 50.0, 50.0, 50.0, 50.0, 50.0, 50.0, 50.0, 50.0, 50.0, 50.0]
d: [4.130765089481777, 6.322443105685112, 7.569695018358657, 3.5, 5.705801069568346, 8.632125306738686, 3.500477158296959, 3.5, 6.353069750405333, 3.5, 3.5, 3.5, 3.5, 3.5, 3.5, 2.0]
iteration: 74, best:52.46time: [6.63, 8.5, 1000, 1000, 1000, 1000, 1000, 1000, 1000, 1000, 1000, 1000, 1000, 1000, 1000, 1000], last_race_time:[6.43, 8.59, 10.0, 10.96, 13.52, 14.68, 16.2, 17.84, 19.29, 22.02, 24.7, 28.83, 34.99, 43.8, 50.95, 52.46]
v: [21.428658887067122, 23.22364793421896, 13.093729301696024, 12.0, 10.48284043333388, 12.0, 12.0, 12.0, 12.0, 12.0, 12.0, 12.0, 12.0, 12.0, 12.0, 12.0]
a: [100.58914531124441, 181.90259168071384, 174.10837578967747, 50.0, 91.28602678609701, 97.10571363510921, 50.0, 50.0, 50.0, 50.0, 50.0, 50.0, 50.0, 50.0, 50.0, 50.0]
d: [4.551559112752393, 6.322443105685112, 8.517312586907543, 4.431175795762984, 7.069217888855864, 8.632125306738686, 3.500477158296959, 3.5, 6.353069750405333, 3.5, 3.5, 3.5, 3.5, 3.5, 3.5, 2.0]
iteration: 75, best:52.46time: [6.75, 8.54, 9.86, 10.77, 15.41, 16.58, 18.26, 20.0, 21.31, 23.96, 27.02, 32.12, 38.42, 45.5, 52.53, 54.22], last_race_time:[6.43, 8.5, 10.0, 10.96, 13.52, 14.68, 16.2, 17.84, 19.29, 22.02, 24.7, 28.83, 34.99, 43.8, 50.95, 52.46]
v: [16.650207417656837, 24.993401013331802, 20.69583975049188, 12.0, 12.0, 12.0, 12.0, 12.0, 12.0, 12.0, 12.0, 12.0, 12.0, 12.0, 12.0, 12.0]
a: [112.08889870545826, 181.90259168071384, 188.18878308959106, 50.0, 117.74748720304967, 97.10571363510921, 50.0, 50.0, 50.0, 50.0, 50.0, 50.0, 50.0, 50.0, 50.0, 50.0]
d: [3.9612533249759845, 6.322443105685112, 7.302451124739586, 3.5, 5.705801069568346, 8.632125306738686, 3.500477158296959, 3.5, 6.353069750405333, 3.5, 3.5, 3.5, 3.5, 3.5, 3.5, 2.0]
iteration: 76, best:52.46time: [7.69, 10.51, 12.6, 13.87, 16.1, 17.34, 18.83, 20.38, 21.72, 24.36, 27.44, 32.62, 39.12, 49.83, 56.29, 1000], last_race_time:[6.43, 8.5, 9.86, 10.77, 13.52, 14.68, 16.2, 17.84, 19.29, 22.02, 24.7, 28.83, 34.99, 43.8, 50.95, 52.46]
v: [8.997529457588222, 12.910535937206237, 13.093729301696024, 24.02910648574051, 12.0, 12.0, 12.0, 12.0, 12.0, 12.0, 12.0, 12.0, 12.0, 12.0, 12.0, 12.0]
a: [112.08889870545826, 181.90259168071384, 66.08098810829483, 50.0, 66.56256900559481, 97.10571363510921, 50.0, 50.0, 50.0, 50.0, 50.0, 50.0, 50.0, 50.0, 50.0, 50.0]
d: [4.130765089481777, 6.322443105685112, 7.0091611836509475, 3.5, 4.202144364189777, 8.632125306738686, 3.500477158296959, 3.5, 6.353069750405333, 3.5, 3.5, 3.5, 3.5, 3.5, 3.5, 2.0]
iteration: 77, best:52.46time: [7.51, 12.53, 14.18, 15.57, 17.44, 18.55, 20.11, 21.93, 23.35, 26.04, 29.1, 34.21, 40.65, 47.66, 54.87, 56.36], last_race_time:[6.43, 8.5, 9.86, 10.77, 13.52, 14.68, 16.2, 17.84, 19.29, 22.02, 24.7, 28.83, 34.99, 43.8, 50.95, 52.46]
v: [8.511949467495441, 23.22364793421896, 13.093729301696024, 12.0, 12.0, 12.0, 12.0, 12.0, 12.0, 12.0, 12.0, 12.0, 12.0, 12.0, 12.0, 12.0]
a: [112.08889870545826, 181.90259168071384, 174.10837578967747, 50.0, 117.74748720304967, 97.10571363510921, 50.0, 50.0, 50.0, 50.0, 50.0, 50.0, 50.0, 50.0, 50.0, 50.0]
d: [4.130765089481777, 6.322443105685112, 6.644511952390881, 3.5, 5.705801069568346, 8.632125306738686, 3.500477158296959, 3.5, 6.353069750405333, 3.5, 3.5, 3.5, 3.5, 3.5, 3.5, 2.0]
iteration: 78, best:52.46time: [7.08, 9.1, 10.64, 11.88, 13.93, 15.06, 19.51, 21.46, 22.95, 25.71, 28.85, 33.97, 40.4, 47.3, 53.79, 55.21], last_race_time:[6.43, 8.5, 9.86, 10.77, 13.52, 14.68, 16.2, 17.84, 19.29, 22.02, 24.7, 28.83, 34.99, 43.8, 50.95, 52.46]
v: [13.20039076709482, 23.22364793421896, 13.093729301696024, 12.0, 12.0, 12.0, 12.0, 12.0, 12.0, 12.0, 12.0, 12.0, 12.0, 12.0, 12.0, 12.0]
a: [112.08889870545826, 181.90259168071384, 174.10837578967747, 50.0, 117.74748720304967, 97.10571363510921, 50.0, 50.0, 50.0, 50.0, 50.0, 50.0, 50.0, 50.0, 50.0, 50.0]
d: [4.926295460101605, 6.322443105685112, 6.644511952390881, 3.5, 5.705801069568346, 8.632125306738686, 3.500477158296959, 3.5, 6.353069750405333, 3.5, 3.5, 3.5, 3.5, 3.5, 3.5, 2.0]
iteration: 79, best:52.46time: [9.3, 11.19, 20.02, 23.07, 25.22, 26.39, 30.93, 32.49, 33.83, 36.47, 39.55, 44.71, 50.91, 58.39, 65.26, 1000], last_race_time:[6.43, 8.5, 9.86, 10.77, 13.52, 14.68, 16.2, 17.84, 19.29, 22.02, 24.7, 28.83, 34.99, 43.8, 50.95, 52.46]
v: [23.632711444956495, 23.22364793421896, 13.093729301696024, 12.0, 12.0, 12.0, 12.0, 12.0, 12.0, 12.0, 12.0, 12.0, 12.0, 12.0, 12.0, 12.0]
a: [147.89221071727258, 181.90259168071384, 174.10837578967747, 50.0, 117.74748720304967, 97.10571363510921, 50.0, 50.0, 50.0, 50.0, 50.0, 50.0, 50.0, 50.0, 50.0, 50.0]
d: [4.130765089481777, 6.322443105685112, 6.644511952390881, 3.5, 5.705801069568346, 8.632125306738686, 3.500477158296959, 3.5, 6.353069750405333, 3.5, 3.5, 3.5, 3.5, 3.5, 3.5, 2.0]
iteration: 80, best:52.46time: [6.61, 8.48, 10.14, 11.53, 13.35, 1000, 1000, 1000, 1000, 1000, 1000, 1000, 1000, 1000, 1000, 1000], last_race_time:[6.43, 8.5, 9.86, 10.77, 13.52, 14.68, 16.2, 17.84, 19.29, 22.02, 24.7, 28.83, 34.99, 43.8, 50.95, 52.46]
v: [16.650207417656837, 23.22364793421896, 13.093729301696024, 12.0, 12.0, 12.0, 12.0, 12.0, 12.0, 12.0, 12.0, 12.0, 12.0, 12.0, 12.0, 12.0]
a: [164.1584102762102, 181.90259168071384, 174.10837578967747, 50.0, 117.74748720304967, 97.10571363510921, 50.0, 50.0, 50.0, 50.0, 50.0, 50.0, 50.0, 50.0, 50.0, 50.0]
d: [3.736140676684244, 6.322443105685112, 6.644511952390881, 3.5, 5.705801069568346, 8.632125306738686, 3.500477158296959, 3.5, 6.353069750405333, 3.5, 3.5, 3.5, 3.5, 3.5, 3.5, 2.0]
iteration: 81, best:52.46time: [6.62, 9.05, 10.98, 12.23, 13.96, 18.06, 19.74, 21.46, 22.83, 25.51, 28.6, 33.73, 40.26, 51.33, 58.13, 59.75], last_race_time:[6.43, 8.48, 9.86, 10.77, 13.52, 14.68, 16.2, 17.84, 19.29, 22.02, 24.7, 28.83, 34.99, 43.8, 50.95, 52.46]
v: [16.650207417656837, 12.693095103414416, 13.093729301696024, 12.0, 12.0, 12.0, 12.0, 12.0, 12.0, 12.0, 12.0, 12.0, 12.0, 12.0, 12.0, 12.0]
a: [112.08889870545826, 181.90259168071384, 174.10837578967747, 50.0, 117.74748720304967, 97.10571363510921, 50.0, 50.0, 50.0, 50.0, 50.0, 50.0, 50.0, 50.0, 50.0, 50.0]
d: [4.130765089481777, 7.078603491831856, 8.797750612241181, 3.5, 5.705801069568346, 8.632125306738686, 3.500477158296959, 3.5, 6.353069750405333, 3.5, 3.5, 3.5, 3.5, 3.5, 3.5, 2.0]
iteration: 82, best:52.46time: [7.36, 9.39, 10.98, 12.22, 14.01, 15.26, 16.94, 18.57, 23.66, 28.37, 31.73, 37.42, 43.53, 50.86, 1000, 1000], last_race_time:[6.43, 8.48, 9.86, 10.77, 13.52, 14.68, 16.2, 17.84, 19.29, 22.02, 24.7, 28.83, 34.99, 43.8, 50.95, 52.46]
v: [10.193993731479738, 23.22364793421896, 13.093729301696024, 12.0, 12.0, 12.0, 12.0, 12.0, 12.0, 12.0, 12.0, 12.0, 12.0, 12.0, 12.0, 12.0]
a: [112.08889870545826, 181.90259168071384, 174.10837578967747, 50.0, 117.74748720304967, 97.10571363510921, 50.0, 50.0, 50.0, 50.0, 50.0, 50.0, 50.0, 50.0, 50.0, 50.0]
d: [4.130765089481777, 6.322443105685112, 6.644511952390881, 3.5, 5.705801069568346, 8.632125306738686, 3.500477158296959, 3.5, 6.353069750405333, 3.5, 3.5, 3.5, 3.5, 3.5, 3.5, 2.0]
iteration: 83, best:52.46time: [6.66, 8.51, 1000, 1000, 1000, 1000, 1000, 1000, 1000, 1000, 1000, 1000, 1000, 1000, 1000, 1000], last_race_time:[6.43, 8.48, 9.86, 10.77, 13.52, 14.68, 16.2, 17.84, 19.29, 22.02, 24.7, 28.83, 34.99, 43.8, 50.95, 52.46]
v: [16.650207417656837, 23.22364793421896, 13.093729301696024, 12.0, 12.0, 12.0, 12.0, 12.0, 12.0, 12.0, 12.0, 12.0, 12.0, 12.0, 12.0, 12.0]
a: [151.19593046034055, 181.90259168071384, 174.10837578967747, 50.0, 117.74748720304967, 97.10571363510921, 50.0, 50.0, 50.0, 50.0, 50.0, 50.0, 50.0, 50.0, 50.0, 50.0]
d: [4.130765089481777, 6.322443105685112, 6.644511952390881, 3.5, 5.705801069568346, 8.632125306738686, 3.500477158296959, 3.5, 6.353069750405333, 3.5, 3.5, 3.5, 3.5, 3.5, 3.5, 2.0]
iteration: 84, best:52.46time: [6.74, 8.74, 10.49, 11.76, 13.46, 14.55, 16.47, 18.22, 1000, 1000, 1000, 1000, 1000, 1000, 1000, 1000], last_race_time:[6.43, 8.48, 9.86, 10.77, 13.52, 14.68, 16.2, 17.84, 19.29, 22.02, 24.7, 28.83, 34.99, 43.8, 50.95, 52.46]
v: [16.650207417656837, 20.19449009251511, 13.093729301696024, 12.0, 12.0, 12.0, 12.0, 12.0, 12.0, 12.0, 12.0, 12.0, 12.0, 12.0, 12.0, 12.0]
a: [112.08889870545826, 162.3175615876429, 83.62767970533874, 50.0, 117.74748720304967, 97.10571363510921, 50.0, 50.0, 50.0, 50.0, 50.0, 50.0, 50.0, 50.0, 50.0, 50.0]
d: [3.832016707037039, 6.551711402878764, 6.644511952390881, 3.5, 5.705801069568346, 8.632125306738686, 3.500477158296959, 3.5, 6.353069750405333, 3.5, 3.5, 3.5, 3.5, 3.5, 3.5, 2.0]
iteration: 85, best:52.46time: [6.72, 12.99, 18.9, 20.08, 1000, 1000, 1000, 1000, 1000, 1000, 1000, 1000, 1000, 1000, 1000, 1000], last_race_time:[6.43, 8.48, 9.86, 10.77, 13.52, 14.68, 16.2, 17.84, 19.29, 22.02, 24.7, 28.83, 34.99, 43.8, 50.95, 52.46]
v: [16.650207417656837, 23.22364793421896, 19.001403932738594, 12.0, 12.0, 12.0, 12.0, 12.0, 12.0, 12.0, 12.0, 12.0, 12.0, 12.0, 12.0, 12.0]
a: [112.08889870545826, 69.32220760678459, 174.10837578967747, 50.0, 117.74748720304967, 97.10571363510921, 50.0, 50.0, 50.0, 50.0, 50.0, 50.0, 50.0, 50.0, 50.0, 50.0]
d: [4.130765089481777, 6.322443105685112, 6.644511952390881, 3.5, 5.705801069568346, 8.632125306738686, 3.500477158296959, 3.5, 6.353069750405333, 3.5, 3.5, 3.5, 3.5, 3.5, 3.5, 2.0]
iteration: 86, best:52.46time: [6.83, 8.84, 10.73, 15.0, 16.91, 18.06, 19.59, 21.46, 22.8, 25.44, 28.51, 33.67, 1000, 1000, 1000, 1000], last_race_time:[6.43, 8.48, 9.86, 10.77, 13.52, 14.68, 16.2, 17.84, 19.29, 22.02, 24.7, 28.83, 34.99, 43.8, 50.95, 52.46]
v: [16.650207417656837, 21.44662396011907, 13.093729301696024, 12.0, 12.0, 12.0, 12.0, 12.0, 12.0, 12.0, 12.0, 12.0, 12.0, 12.0, 12.0, 12.0]
a: [72.21034177794503, 181.90259168071384, 174.10837578967747, 50.0, 117.74748720304967, 97.10571363510921, 50.0, 50.0, 50.0, 50.0, 50.0, 50.0, 50.0, 50.0, 50.0, 50.0]
d: [4.130765089481777, 5.930316948276022, 6.644511952390881, 3.5, 5.705801069568346, 8.632125306738686, 3.500477158296959, 3.5, 6.353069750405333, 3.5, 3.5, 3.5, 3.5, 3.5, 3.5, 2.0]
iteration: 87, best:52.46time: [6.74, 8.6, 13.19, 14.49, 16.6, 17.82, 19.28, 20.85, 22.21, 24.84, 27.88, 32.98, 39.43, 46.14, 53.0, 54.36], last_race_time:[6.43, 8.48, 9.86, 10.77, 13.52, 14.68, 16.2, 17.84, 19.29, 22.02, 24.7, 28.83, 34.99, 43.8, 50.95, 52.46]
v: [16.650207417656837, 23.22364793421896, 12.415075304159222, 12.0, 12.0, 12.0, 12.0, 12.0, 12.0, 12.0, 12.0, 12.0, 12.0, 12.0, 12.0, 12.0]
a: [112.08889870545826, 181.90259168071384, 193.10176197860162, 50.0, 117.74748720304967, 97.10571363510921, 50.0, 50.0, 50.0, 50.0, 50.0, 50.0, 50.0, 50.0, 50.0, 50.0]
d: [4.130765089481777, 6.322443105685112, 7.944867822471001, 3.5, 5.705801069568346, 8.632125306738686, 3.500477158296959, 3.5, 6.353069750405333, 3.5, 3.5, 3.5, 3.5, 3.5, 3.5, 2.0]
iteration: 88, best:52.46time: [7.42, 9.63, 11.4, 12.63, 14.36, 15.47, 17.1, 19.03, 20.39, 23.09, 26.29, 31.55, 37.63, 45.25, 52.52, 53.92], last_race_time:[6.43, 8.48, 9.86, 10.77, 13.52, 14.68, 16.2, 17.84, 19.29, 22.02, 24.7, 28.83, 34.99, 43.8, 50.95, 52.46]
v: [16.650207417656837, 23.22364793421896, 13.093729301696024, 12.0, 12.0, 12.0, 12.0, 12.0, 12.0, 12.0, 12.0, 12.0, 12.0, 12.0, 12.0, 12.0]
a: [55.3113218351146, 114.90503549490528, 174.10837578967747, 50.0, 117.74748720304967, 97.10571363510921, 50.0, 50.0, 50.0, 50.0, 50.0, 50.0, 50.0, 50.0, 50.0, 50.0]
d: [4.130765089481777, 6.322443105685112, 8.448935542154487, 3.5, 5.705801069568346, 8.632125306738686, 3.500477158296959, 3.5, 6.353069750405333, 3.5, 3.5, 3.5, 3.5, 3.5, 3.5, 2.0]
iteration: 89, best:52.46time: [6.75, 8.61, 10.2, 11.48, 17.1, 1000, 1000, 1000, 1000, 1000, 1000, 1000, 1000, 1000, 1000, 1000], last_race_time:[6.43, 8.48, 9.86, 10.77, 13.52, 14.68, 16.2, 17.84, 19.29, 22.02, 24.7, 28.83, 34.99, 43.8, 50.95, 52.46]
v: [16.411272302214705, 23.22364793421896, 13.093729301696024, 12.0, 12.0, 12.0, 12.0, 12.0, 12.0, 12.0, 12.0, 12.0, 12.0, 12.0, 12.0, 12.0]
a: [112.08889870545826, 181.90259168071384, 174.10837578967747, 50.0, 117.74748720304967, 97.10571363510921, 50.0, 50.0, 50.0, 50.0, 50.0, 50.0, 50.0, 50.0, 50.0, 50.0]
d: [4.130765089481777, 6.322443105685112, 6.644511952390881, 3.5, 5.705801069568346, 8.632125306738686, 3.500477158296959, 3.5, 6.353069750405333, 3.5, 3.5, 3.5, 3.5, 3.5, 3.5, 2.0]
iteration: 90, best:50.94time: [6.74, 8.68, 10.23, 11.39, 13.34, 14.44, 15.92, 17.44, 18.7, 21.24, 24.29, 29.32, 35.44, 42.42, 49.25, 50.94], last_race_time:[6.43, 8.48, 9.86, 10.77, 13.52, 14.68, 16.2, 17.84, 19.29, 22.02, 24.7, 28.83, 34.99, 43.8, 50.95, 52.46]
v: [16.650207417656837, 20.92771592287989, 13.093729301696024, 12.925127532387107, 12.0, 12.0, 12.0, 12.0, 12.0, 12.0, 12.0, 12.0, 12.0, 12.0, 12.0, 12.0]
a: [112.08889870545826, 181.90259168071384, 174.10837578967747, 67.35040301439102, 117.74748720304967, 97.10571363510921, 50.0, 50.0, 50.0, 50.0, 50.0, 50.0, 50.0, 50.0, 50.0, 50.0]
d: [3.7909217070736334, 7.907139588136416, 6.644511952390881, 3.5, 5.705801069568346, 8.632125306738686, 3.500477158296959, 3.5, 6.353069750405333, 3.5, 3.5, 3.5, 3.5, 3.5, 3.5, 2.0]
iteration: 91, best:50.94time: [1000, 1000, 1000, 1000, 1000, 1000, 1000, 1000, 1000, 1000, 1000, 1000, 1000, 1000, 1000, 1000], last_race_time:[6.43, 8.48, 9.86, 10.77, 13.34, 14.44, 15.92, 17.44, 18.7, 21.24, 24.29, 28.83, 34.99, 42.42, 49.25, 50.94]
v: [7.522245963272553, 20.92771592287989, 13.093729301696024, 12.925127532387107, 12.0, 12.0, 12.0, 12.0, 12.0, 12.0, 12.0, 12.0, 12.0, 12.0, 12.0, 12.0]
a: [122.88546710915509, 181.90259168071384, 174.10837578967747, 67.35040301439102, 117.74748720304967, 97.10571363510921, 50.0, 50.0, 50.0, 50.0, 50.0, 50.0, 50.0, 50.0, 50.0, 50.0]
d: [8.381353513822468, 7.907139588136416, 6.644511952390881, 3.5, 5.705801069568346, 8.632125306738686, 3.500477158296959, 3.5, 6.353069750405333, 3.5, 3.5, 3.5, 3.5, 3.5, 3.5, 2.0]
iteration: 92, best:50.94time: [6.73, 8.65, 10.22, 11.38, 13.43, 1000, 1000, 1000, 1000, 1000, 1000, 1000, 1000, 1000, 1000, 1000], last_race_time:[6.43, 8.48, 9.86, 10.77, 13.34, 14.44, 15.92, 17.44, 18.7, 21.24, 24.29, 28.83, 34.99, 42.42, 49.25, 50.94]
v: [16.650207417656837, 20.92771592287989, 13.093729301696024, 12.925127532387107, 12.0, 12.0, 12.0, 12.0, 12.0, 12.0, 12.0, 12.0, 12.0, 12.0, 12.0, 12.0]
a: [112.08889870545826, 181.90259168071384, 174.10837578967747, 67.35040301439102, 117.74748720304967, 97.10571363510921, 50.0, 50.0, 50.0, 50.0, 50.0, 50.0, 50.0, 50.0, 50.0, 50.0]
d: [3.7909217070736334, 7.907139588136416, 6.644511952390881, 3.5, 5.705801069568346, 8.632125306738686, 3.500477158296959, 3.5, 6.353069750405333, 3.5, 3.5, 3.5, 3.5, 3.5, 3.5, 2.0]
iteration: 93, best:50.94time: [6.62, 9.14, 11.18, 12.42, 17.68, 1000, 1000, 1000, 1000, 1000, 1000, 1000, 1000, 1000, 1000, 1000], last_race_time:[6.43, 8.48, 9.86, 10.77, 13.34, 14.44, 15.92, 17.44, 18.7, 21.24, 24.29, 28.83, 34.99, 42.42, 49.25, 50.94]
v: [18.902479642607744, 9.549510395702756, 13.093729301696024, 12.925127532387107, 12.0, 12.0, 12.0, 12.0, 12.0, 12.0, 12.0, 12.0, 12.0, 12.0, 12.0, 12.0]
a: [112.08889870545826, 181.90259168071384, 174.10837578967747, 67.35040301439102, 117.74748720304967, 97.10571363510921, 50.0, 50.0, 50.0, 50.0, 50.0, 50.0, 50.0, 50.0, 50.0, 50.0]
d: [5.197117051935493, 6.108316354813947, 6.644511952390881, 4.475811418174517, 5.705801069568346, 8.632125306738686, 3.500477158296959, 3.5, 6.353069750405333, 3.5, 3.5, 3.5, 3.5, 3.5, 3.5, 2.0]
iteration: 94, best:50.94time: [6.86, 8.95, 10.75, 19.52, 23.94, 1000, 1000, 1000, 1000, 1000, 1000, 1000, 1000, 1000, 1000, 1000], last_race_time:[6.43, 8.48, 9.86, 10.77, 13.34, 14.44, 15.92, 17.44, 18.7, 21.24, 24.29, 28.83, 34.99, 42.42, 49.25, 50.94]
v: [16.650207417656837, 20.92771592287989, 13.093729301696024, 12.925127532387107, 12.0, 12.0, 12.0, 12.0, 12.0, 12.0, 12.0, 12.0, 12.0, 12.0, 12.0, 12.0]
a: [88.66558950271498, 181.90259168071384, 174.10837578967747, 67.35040301439102, 117.74748720304967, 97.10571363510921, 50.0, 50.0, 50.0, 50.0, 50.0, 50.0, 50.0, 50.0, 50.0, 50.0]
d: [3.7909217070736334, 7.5463230145116915, 6.644511952390881, 3.5, 5.705801069568346, 8.632125306738686, 3.500477158296959, 3.5, 6.353069750405333, 3.5, 3.5, 3.5, 3.5, 3.5, 3.5, 2.0]
iteration: 95, best:50.94time: [7.03, 9.47, 11.42, 12.69, 1000, 1000, 1000, 1000, 1000, 1000, 1000, 1000, 1000, 1000, 1000, 1000], last_race_time:[6.43, 8.48, 9.86, 10.77, 13.34, 14.44, 15.92, 17.44, 18.7, 21.24, 24.29, 28.83, 34.99, 42.42, 49.25, 50.94]
v: [16.650207417656837, 13.94609610724845, 13.093729301696024, 12.925127532387107, 12.0, 12.0, 12.0, 12.0, 12.0, 12.0, 12.0, 12.0, 12.0, 12.0, 12.0, 12.0]
a: [73.01144216758959, 181.90259168071384, 65.76716972286779, 67.35040301439102, 117.74748720304967, 97.10571363510921, 50.0, 50.0, 50.0, 50.0, 50.0, 50.0, 50.0, 50.0, 50.0, 50.0]
d: [3.7909217070736334, 5.202275154572527, 7.887692437351653, 3.5, 5.705801069568346, 8.632125306738686, 3.500477158296959, 3.5, 6.353069750405333, 3.5, 3.5, 3.5, 3.5, 3.5, 3.5, 2.0]
iteration: 96, best:50.94time: [7.95, 10.17, 1000, 1000, 1000, 1000, 1000, 1000, 1000, 1000, 1000, 1000, 1000, 1000, 1000, 1000], last_race_time:[6.43, 8.48, 9.86, 10.77, 13.34, 14.44, 15.92, 17.44, 18.7, 21.24, 24.29, 28.83, 34.99, 42.42, 49.25, 50.94]
v: [7.427183216354396, 20.92771592287989, 13.093729301696024, 12.925127532387107, 12.0, 12.0, 12.0, 12.0, 12.0, 12.0, 12.0, 12.0, 12.0, 12.0, 12.0, 12.0]
a: [112.08889870545826, 181.90259168071384, 174.10837578967747, 67.35040301439102, 117.74748720304967, 97.10571363510921, 50.0, 50.0, 50.0, 50.0, 50.0, 50.0, 50.0, 50.0, 50.0, 50.0]
d: [3.7909217070736334, 7.907139588136416, 6.644511952390881, 3.5, 5.705801069568346, 8.632125306738686, 3.500477158296959, 3.5, 6.353069750405333, 3.5, 3.5, 3.5, 3.5, 3.5, 3.5, 2.0]
iteration: 97, best:50.94time: [6.75, 8.68, 10.34, 11.57, 13.26, 14.36, 15.87, 17.47, 18.76, 21.4, 24.49, 29.63, 35.93, 43.38, 50.4, 51.92], last_race_time:[6.43, 8.48, 9.86, 10.77, 13.34, 14.44, 15.92, 17.44, 18.7, 21.24, 24.29, 28.83, 34.99, 42.42, 49.25, 50.94]
v: [15.4717310250957, 20.92771592287989, 13.093729301696024, 12.925127532387107, 12.0, 12.0, 12.0, 12.0, 12.0, 12.0, 12.0, 12.0, 12.0, 12.0, 12.0, 12.0]
a: [137.68691836226486, 181.90259168071384, 174.10837578967747, 67.35040301439102, 117.74748720304967, 97.10571363510921, 50.0, 50.0, 50.0, 50.0, 50.0, 50.0, 50.0, 50.0, 50.0, 50.0]
d: [3.7909217070736334, 7.907139588136416, 6.644511952390881, 3.5, 5.705801069568346, 8.632125306738686, 3.500477158296959, 3.5, 6.353069750405333, 3.5, 3.5, 3.5, 3.5, 3.5, 3.5, 2.0]
iteration: 98, best:50.94time: [6.66, 8.51, 1000, 1000, 1000, 1000, 1000, 1000, 1000, 1000, 1000, 1000, 1000, 1000, 1000, 1000], last_race_time:[6.43, 8.48, 9.86, 10.77, 13.34, 14.44, 15.92, 17.44, 18.7, 21.24, 24.29, 28.83, 34.99, 42.42, 49.25, 50.94]
v: [16.650207417656837, 23.16591396245745, 13.093729301696024, 12.925127532387107, 12.0, 12.0, 12.0, 12.0, 12.0, 12.0, 12.0, 12.0, 12.0, 12.0, 12.0, 12.0]
a: [144.73810216699522, 181.90259168071384, 102.34947950113053, 67.35040301439102, 117.74748720304967, 97.10571363510921, 50.0, 50.0, 50.0, 50.0, 50.0, 50.0, 50.0, 50.0, 50.0, 50.0]
d: [3.7909217070736334, 7.907139588136416, 4.956022105477562, 6.8344831878728645, 5.705801069568346, 8.632125306738686, 3.500477158296959, 3.5, 6.353069750405333, 3.5, 3.5, 3.5, 3.5, 3.5, 3.5, 2.0]
iteration: 99, best:50.94time: [1000, 1000, 1000, 1000, 1000, 1000, 1000, 1000, 1000, 1000, 1000, 1000, 1000, 1000, 1000, 1000], last_race_time:[6.43, 8.48, 9.86, 10.77, 13.34, 14.44, 15.92, 17.44, 18.7, 21.24, 24.29, 28.83, 34.99, 42.42, 49.25, 50.94]
v: [16.650207417656837, 20.92771592287989, 17.43132070973352, 12.925127532387107, 12.0, 12.0, 12.0, 12.0, 12.0, 12.0, 12.0, 12.0, 12.0, 12.0, 12.0, 12.0]
a: [112.08889870545826, 181.90259168071384, 174.10837578967747, 67.35040301439102, 117.74748720304967, 97.10571363510921, 50.0, 50.0, 50.0, 50.0, 50.0, 50.0, 50.0, 50.0, 50.0, 50.0]
d: [8.63416171582092, 7.086860707973378, 6.644511952390881, 3.5, 5.705801069568346, 8.632125306738686, 3.500477158296959, 3.5, 6.353069750405333, 3.5, 3.5, 3.5, 3.5, 3.5, 3.5, 2.0]
iteration: 100, best:50.94time: [6.61, 8.58, 10.23, 11.4, 13.1, 14.12, 15.6, 17.38, 18.75, 21.43, 24.53, 29.66, 35.85, 42.46, 49.39, 50.94], last_race_time:[6.43, 8.48, 9.86, 10.77, 13.34, 14.44, 15.92, 17.44, 18.7, 21.24, 24.29, 28.83, 34.99, 42.42, 49.25, 50.94]
v: [19.27436934336039, 20.92771592287989, 13.093729301696024, 12.925127532387107, 12.0, 12.0, 12.0, 12.0, 12.0, 12.0, 12.0, 12.0, 12.0, 12.0, 12.0, 12.0]
a: [108.94225534714498, 181.90259168071384, 174.10837578967747, 67.35040301439102, 117.74748720304967, 97.10571363510921, 50.0, 50.0, 50.0, 50.0, 50.0, 50.0, 50.0, 50.0, 50.0, 50.0]
d: [3.7909217070736334, 7.907139588136416, 6.644511952390881, 3.5, 5.705801069568346, 8.632125306738686, 3.500477158296959, 3.5, 6.353069750405333, 3.5, 3.5, 3.5, 3.5, 3.5, 3.5, 2.0]
iteration: 101, best:50.94time: [6.64, 8.6, 13.2, 1000, 1000, 1000, 1000, 1000, 1000, 1000, 1000, 1000, 1000, 1000, 1000, 1000], last_race_time:[6.43, 8.48, 9.86, 10.77, 13.1, 14.12, 15.6, 17.38, 18.7, 21.24, 24.29, 28.83, 34.99, 42.42, 49.25, 50.94]
v: [19.27436934336039, 20.92771592287989, 13.093729301696024, 12.925127532387107, 12.0, 12.0, 12.0, 12.0, 12.0, 12.0, 12.0, 12.0, 12.0, 12.0, 5.248567129187074, 12.0]
a: [108.94225534714498, 181.90259168071384, 174.10837578967747, 67.35040301439102, 117.74748720304967, 97.10571363510921, 50.0, 50.0, 50.0, 50.0, 50.0, 50.0, 50.0, 50.0, 50.0, 50.0]
d: [3.7909217070736334, 7.907139588136416, 6.644511952390881, 3.5, 5.705801069568346, 8.632125306738686, 3.500477158296959, 3.5, 6.353069750405333, 3.5, 3.5, 3.5, 3.5, 3.5, 7.582926222352472, 2.0]
iteration: 102, best:50.94time: [7.17, 9.33, 11.02, 12.19, 21.31, 1000, 1000, 1000, 1000, 1000, 1000, 1000, 1000, 1000, 1000, 1000], last_race_time:[6.43, 8.48, 9.86, 10.77, 13.1, 14.12, 15.6, 17.38, 18.7, 21.24, 24.29, 28.83, 34.99, 42.42, 49.25, 50.94]
v: [16.398576136888323, 24.998254407316946, 13.80491829987048, 12.925127532387107, 12.0, 12.0, 12.0, 12.0, 12.0, 12.0, 12.0, 12.0, 12.0, 12.0, 12.0, 12.0]
a: [56.94552044385383, 133.09655124504803, 174.10837578967747, 67.35040301439102, 117.74748720304967, 97.10571363510921, 50.0, 50.0, 50.0, 50.0, 50.0, 50.0, 50.0, 50.0, 50.0, 50.0]
d: [3.7909217070736334, 8.12211945357259, 6.644511952390881, 3.5, 5.705801069568346, 8.632125306738686, 3.500477158296959, 3.5, 6.353069750405333, 3.5, 3.5, 3.5, 3.5, 3.5, 3.5, 2.0]
iteration: 103, best:50.94time: [7.16, 9.25, 10.94, 12.13, 14.03, 15.26, 19.8, 21.36, 22.73, 25.43, 28.53, 33.65, 39.75, 47.1, 54.25, 1000], last_race_time:[6.43, 8.48, 9.86, 10.77, 13.1, 14.12, 15.6, 17.38, 18.7, 21.24, 24.29, 28.83, 34.99, 42.42, 49.25, 50.94]
v: [10.125414803063483, 20.92771592287989, 13.093729301696024, 12.925127532387107, 12.0, 12.0, 12.0, 12.0, 12.0, 12.0, 12.0, 12.0, 12.0, 12.0, 12.0, 12.0]
a: [185.84120031443706, 181.90259168071384, 174.10837578967747, 67.35040301439102, 117.74748720304967, 97.10571363510921, 50.0, 50.0, 50.0, 50.0, 50.0, 50.0, 50.0, 50.0, 50.0, 50.0]
d: [3.694182222271813, 7.907139588136416, 6.644511952390881, 3.5, 5.705801069568346, 8.632125306738686, 3.500477158296959, 3.5, 6.353069750405333, 3.5, 3.5, 3.5, 3.5, 3.5, 3.5, 2.0]
iteration: 104, best:50.94time: [1000, 1000, 1000, 1000, 1000, 1000, 1000, 1000, 1000, 1000, 1000, 1000, 1000, 1000, 1000, 1000], last_race_time:[6.43, 8.48, 9.86, 10.77, 13.1, 14.12, 15.6, 17.38, 18.7, 21.24, 24.29, 28.83, 34.99, 42.42, 49.25, 50.94]
v: [21.361461345161686, 20.92771592287989, 13.093729301696024, 12.925127532387107, 12.0, 12.0, 12.0, 12.0, 12.0, 12.0, 12.0, 12.0, 12.0, 12.0, 12.0, 12.0]
a: [110.76516328308696, 181.90259168071384, 174.10837578967747, 67.35040301439102, 117.74748720304967, 97.10571363510921, 50.0, 50.0, 50.0, 50.0, 50.0, 50.0, 50.0, 50.0, 50.0, 50.0]
d: [7.434727293516323, 7.907139588136416, 6.644511952390881, 3.5, 5.705801069568346, 8.632125306738686, 3.500477158296959, 3.5, 6.353069750405333, 3.5, 3.5, 3.5, 3.5, 3.5, 3.5, 2.0]
iteration: 105, best:50.94time: [7.22, 9.37, 11.12, 15.51, 21.56, 1000, 1000, 1000, 1000, 1000, 1000, 1000, 1000, 1000, 1000, 1000], last_race_time:[6.43, 8.48, 9.86, 10.77, 13.1, 14.12, 15.6, 17.38, 18.7, 21.24, 24.29, 28.83, 34.99, 42.42, 49.25, 50.94]
v: [20.112662675942303, 20.92771592287989, 13.093729301696024, 12.925127532387107, 12.0, 12.0, 12.0, 12.0, 12.0, 12.0, 12.0, 12.0, 12.0, 12.0, 12.0, 12.0]
a: [51.54297792688448, 181.90259168071384, 174.10837578967747, 67.35040301439102, 117.74748720304967, 97.10571363510921, 50.0, 50.0, 50.0, 50.0, 50.0, 50.0, 50.0, 50.0, 50.0, 50.0]
d: [3.7909217070736334, 7.907139588136416, 6.644511952390881, 3.5, 5.705801069568346, 8.632125306738686, 3.500477158296959, 3.5, 6.353069750405333, 3.5, 3.5, 3.5, 3.5, 3.5, 3.5, 2.0]
