
iteration: 1
best: [5.77, 7.26, 9.2, 11.65, 14.83, 18.47, 27.65, 33.64, 38.74, 43.2, 44.9, 46.83, 50.29, 51.24]
time: [5.68, 7.11, 9.43, 14.71, 16.99, 1000, 1000, 1000, 1000, 1000, 1000, 1000, 1000, 1000]
current_hyper_parameter
v: [32.32, 17.5, 28.41, 24.01, 34.94, 31.78, 21.19, 25.55, 33.69, 17.14, 20.4, 16.18, 11.7, 33.22]
a: [109.41, 142.36, 173.54, 126.35, 106.84, 78.8, 156.04, 163.12, 120.11, 122.11, 117.34, 178.7, 50.0, 146.64]
d: [3.5, 4.12, 3.66, 4.74, 3.92, 4.67, 4.34, 5.38, 3.5, 3.5, 3.87, 3.6, 4.62, 2.0]
BEST_hyper_parameter
v: [32.32, 17.5, 28.41, 24.01, 34.94, 31.78, 21.19, 25.55, 33.69, 17.14, 20.4, 16.18, 11.7, 33.22]
a: [109.41, 142.36, 173.54, 126.35, 106.84, 78.8, 156.04, 163.12, 120.11, 122.11, 117.34, 178.7, 50.0, 146.64]
d: [3.5, 4.12, 3.66, 4.74, 3.92, 4.67, 4.34, 5.38, 3.5, 3.5, 3.87, 3.6, 4.62, 2.0]

iteration: 2
best: [5.77, 7.26, 9.2, 11.65, 14.83, 18.47, 27.65, 33.64, 38.74, 43.2, 44.9, 46.83, 50.29, 51.24]
time: [5.76, 7.24, 9.66, 1000, 1000, 1000, 1000, 1000, 1000, 1000, 1000, 1000, 1000, 1000]
current_hyper_parameter
v: [32.32, 17.5, 28.41, 24.01, 13.12, 25.21, 21.19, 15.99, 33.69, 14.51, 21.37, 20.62, 11.7, 33.22]
a: [109.41, 142.36, 173.54, 126.35, 166.25, 111.98, 156.04, 114.93, 120.11, 122.11, 29.86, 37.02, 50.0, 146.64]
d: [3.5, 4.12, 3.66, 4.74, 5.42, 4.67, 4.34, 3.77, 3.5, 5.29, 3.87, 3.59, 4.62, 2.0]
BEST_hyper_parameter
v: [32.32, 17.5, 28.41, 24.01, 34.94, 31.78, 21.19, 25.55, 33.69, 17.14, 20.4, 16.18, 11.7, 33.22]
a: [109.41, 142.36, 173.54, 126.35, 106.84, 78.8, 156.04, 163.12, 120.11, 122.11, 117.34, 178.7, 50.0, 146.64]
d: [3.5, 4.12, 3.66, 4.74, 3.92, 4.67, 4.34, 5.38, 3.5, 3.5, 3.87, 3.6, 4.62, 2.0]

iteration: 3
best: [5.77, 7.26, 9.2, 11.65, 14.83, 18.47, 27.65, 33.64, 38.74, 43.2, 44.9, 46.83, 50.29, 51.24]
time: [5.76, 7.24, 1000, 1000, 1000, 1000, 1000, 1000, 1000, 1000, 1000, 1000, 1000, 1000]
current_hyper_parameter
v: [32.32, 17.5, 22.19, 24.01, 34.94, 20.18, 30.79, 22.28, 20.82, 29.0, 25.26, 23.53, 22.14, 26.5]
a: [109.41, 142.36, 22.01, 126.35, 106.84, 179.62, 66.67, 77.96, 71.28, 122.11, 117.34, 178.7, 50.0, 106.76]
d: [3.5, 4.12, 3.66, 4.74, 3.92, 4.64, 5.81, 5.31, 5.15, 3.7, 3.87, 5.21, 5.34, 2.0]
BEST_hyper_parameter
v: [32.32, 17.5, 28.41, 24.01, 34.94, 31.78, 21.19, 25.55, 33.69, 17.14, 20.4, 16.18, 11.7, 33.22]
a: [109.41, 142.36, 173.54, 126.35, 106.84, 78.8, 156.04, 163.12, 120.11, 122.11, 117.34, 178.7, 50.0, 146.64]
d: [3.5, 4.12, 3.66, 4.74, 3.92, 4.67, 4.34, 5.38, 3.5, 3.5, 3.87, 3.6, 4.62, 2.0]

iteration: 4
best: [5.77, 7.26, 9.2, 11.65, 14.83, 18.47, 27.65, 33.64, 38.74, 43.2, 44.9, 46.83, 50.29, 51.24]
time: [5.76, 7.23, 9.86, 12.36, 14.79, 18.56, 31.52, 37.09, 39.33, 41.71, 1000, 1000, 1000, 1000]
current_hyper_parameter
v: [32.32, 17.5, 21.02, 28.79, 34.94, 31.78, 16.81, 31.28, 33.69, 15.1, 30.44, 16.18, 34.23, 23.74]
a: [109.41, 142.36, 173.54, 74.9, 106.84, 78.8, 136.55, 163.12, 120.11, 193.23, 122.46, 178.7, 50.0, 32.0]
d: [3.5, 4.12, 5.06, 4.74, 3.92, 4.67, 3.78, 5.38, 3.5, 4.0, 3.87, 3.6, 4.62, 2.0]
BEST_hyper_parameter
v: [32.32, 17.5, 28.41, 24.01, 34.94, 31.78, 21.19, 25.55, 33.69, 17.14, 20.4, 16.18, 11.7, 33.22]
a: [109.41, 142.36, 173.54, 126.35, 106.84, 78.8, 156.04, 163.12, 120.11, 122.11, 117.34, 178.7, 50.0, 146.64]
d: [3.5, 4.12, 3.66, 4.74, 3.92, 4.67, 4.34, 5.38, 3.5, 3.5, 3.87, 3.6, 4.62, 2.0]
mutation at idx = 1

iteration: 5
best: [5.77, 7.26, 9.2, 11.65, 14.83, 18.47, 27.65, 33.64, 38.74, 43.2, 44.9, 46.83, 50.29, 51.24]
time: [5.74, 7.39, 10.11, 15.32, 21.69, 24.89, 37.24, 40.64, 42.17, 43.69, 53.54, 1000, 1000, 1000]
current_hyper_parameter
v: [32.32, 25.93, 21.8, 32.75, 11.89, 31.78, 23.37, 33.51, 33.69, 17.14, 20.4, 17.32, 11.7, 30.71]
a: [109.41, 31.07, 173.54, 126.35, 41.67, 78.8, 56.1, 52.58, 120.11, 122.11, 117.34, 93.14, 50.0, 53.89]
d: [3.5, 4.12, 3.73, 4.74, 3.92, 4.67, 4.45, 4.55, 3.5, 3.5, 3.87, 3.6, 4.62, 2.0]
BEST_hyper_parameter
v: [32.32, 17.5, 28.41, 24.01, 34.94, 31.78, 21.19, 25.55, 33.69, 17.14, 20.4, 16.18, 11.7, 33.22]
a: [109.41, 142.36, 173.54, 126.35, 106.84, 78.8, 156.04, 163.12, 120.11, 122.11, 117.34, 178.7, 50.0, 146.64]
d: [3.5, 4.12, 3.66, 4.74, 3.92, 4.67, 4.34, 5.38, 3.5, 3.5, 3.87, 3.6, 4.62, 2.0]

iteration: 6
best: [5.77, 7.26, 9.2, 11.65, 14.83, 18.47, 27.65, 33.64, 38.74, 43.2, 44.9, 46.83, 50.29, 51.24]
time: [5.77, 7.26, 10.56, 14.07, 19.77, 23.36, 34.97, 38.55, 40.0, 41.74, 1000, 1000, 1000, 1000]
current_hyper_parameter
v: [32.32, 17.5, 21.82, 13.29, 34.94, 31.78, 22.96, 26.67, 33.69, 17.14, 23.7, 17.9, 34.06, 13.95]
a: [109.41, 142.36, 43.1, 51.63, 106.84, 78.8, 69.89, 51.98, 120.11, 122.11, 187.06, 104.03, 187.98, 146.64]
d: [3.5, 4.12, 3.66, 4.51, 3.92, 4.67, 4.34, 5.38, 3.5, 3.5, 3.87, 3.6, 4.51, 2.0]
BEST_hyper_parameter
v: [32.32, 17.5, 28.41, 24.01, 34.94, 31.78, 21.19, 25.55, 33.69, 17.14, 20.4, 16.18, 11.7, 33.22]
a: [109.41, 142.36, 173.54, 126.35, 106.84, 78.8, 156.04, 163.12, 120.11, 122.11, 117.34, 178.7, 50.0, 146.64]
d: [3.5, 4.12, 3.66, 4.74, 3.92, 4.67, 4.34, 5.38, 3.5, 3.5, 3.87, 3.6, 4.62, 2.0]

iteration: 7
best: [5.77, 7.26, 9.2, 11.65, 14.83, 18.47, 27.65, 33.64, 38.74, 43.2, 44.9, 46.83, 50.29, 51.24]
time: [5.78, 7.26, 10.06, 12.92, 18.55, 23.03, 34.3, 39.97, 47.82, 49.78, 1000, 1000, 1000, 1000]
current_hyper_parameter
v: [32.32, 17.5, 17.45, 10.84, 21.96, 31.78, 21.19, 20.01, 12.84, 17.14, 23.68, 16.71, 27.36, 29.61]
a: [109.41, 142.36, 173.54, 126.35, 106.84, 78.8, 156.04, 175.96, 41.65, 122.11, 117.34, 178.7, 50.0, 194.04]
d: [3.5, 4.12, 3.66, 5.06, 3.92, 4.67, 4.34, 5.38, 5.26, 3.5, 4.73, 4.83, 4.62, 2.0]
BEST_hyper_parameter
v: [32.32, 17.5, 28.41, 24.01, 34.94, 31.78, 21.19, 25.55, 33.69, 17.14, 20.4, 16.18, 11.7, 33.22]
a: [109.41, 142.36, 173.54, 126.35, 106.84, 78.8, 156.04, 163.12, 120.11, 122.11, 117.34, 178.7, 50.0, 146.64]
d: [3.5, 4.12, 3.66, 4.74, 3.92, 4.67, 4.34, 5.38, 3.5, 3.5, 3.87, 3.6, 4.62, 2.0]

iteration: 8
best: [5.77, 7.26, 9.2, 11.65, 14.83, 18.47, 27.65, 33.64, 38.74, 43.2, 44.9, 46.83, 50.29, 51.24]
time: [5.79, 7.3, 9.68, 15.56, 22.57, 27.48, 38.92, 1000, 1000, 1000, 1000, 1000, 1000, 1000]
current_hyper_parameter
v: [32.32, 17.5, 28.41, 24.01, 16.87, 31.78, 21.19, 34.96, 33.69, 29.0, 24.19, 26.41, 27.17, 33.22]
a: [109.41, 142.36, 173.54, 126.35, 111.02, 78.8, 156.04, 163.12, 120.11, 116.13, 75.61, 82.66, 50.0, 146.64]
d: [3.5, 4.12, 3.66, 4.74, 5.88, 4.67, 4.34, 5.38, 3.5, 3.5, 3.87, 3.6, 4.62, 2.0]
BEST_hyper_parameter
v: [32.32, 17.5, 28.41, 24.01, 34.94, 31.78, 21.19, 25.55, 33.69, 17.14, 20.4, 16.18, 11.7, 33.22]
a: [109.41, 142.36, 173.54, 126.35, 106.84, 78.8, 156.04, 163.12, 120.11, 122.11, 117.34, 178.7, 50.0, 146.64]
d: [3.5, 4.12, 3.66, 4.74, 3.92, 4.67, 4.34, 5.38, 3.5, 3.5, 3.87, 3.6, 4.62, 2.0]
mutation at idx = 1

iteration: 9
best: [5.77, 7.26, 9.2, 11.65, 14.83, 18.47, 27.65, 33.64, 38.74, 43.2, 44.9, 46.83, 50.29, 51.24]
time: [5.77, 7.39, 9.79, 14.95, 24.55, 43.91, 1000, 1000, 1000, 1000, 1000, 1000, 1000, 1000]
current_hyper_parameter
v: [32.32, 11.08, 32.02, 24.63, 32.12, 23.89, 29.07, 33.39, 33.69, 30.88, 34.64, 16.18, 11.7, 33.22]
a: [109.41, 128.01, 173.54, 126.35, 148.02, 151.64, 114.41, 159.49, 120.11, 122.11, 23.92, 178.7, 50.0, 146.64]
d: [3.5, 4.12, 5.32, 5.56, 5.45, 5.48, 5.32, 3.53, 3.5, 4.89, 4.03, 3.6, 4.62, 2.0]
BEST_hyper_parameter
v: [32.32, 17.5, 28.41, 24.01, 34.94, 31.78, 21.19, 25.55, 33.69, 17.14, 20.4, 16.18, 11.7, 33.22]
a: [109.41, 142.36, 173.54, 126.35, 106.84, 78.8, 156.04, 163.12, 120.11, 122.11, 117.34, 178.7, 50.0, 146.64]
d: [3.5, 4.12, 3.66, 4.74, 3.92, 4.67, 4.34, 5.38, 3.5, 3.5, 3.87, 3.6, 4.62, 2.0]

iteration: 10
best: [5.77, 7.26, 9.2, 11.65, 14.83, 18.47, 27.65, 33.64, 38.74, 43.2, 44.9, 46.83, 50.29, 51.24]
time: [5.77, 7.25, 9.67, 11.87, 1000, 1000, 1000, 1000, 1000, 1000, 1000, 1000, 1000, 1000]
current_hyper_parameter
v: [32.32, 17.5, 25.53, 27.04, 28.33, 33.67, 27.74, 32.09, 33.69, 22.22, 30.79, 33.16, 33.76, 28.95]
a: [109.41, 142.36, 198.92, 126.35, 106.84, 78.8, 156.04, 163.12, 120.11, 41.28, 142.35, 84.43, 50.0, 124.73]
d: [3.5, 4.12, 3.66, 4.74, 4.72, 4.67, 4.34, 4.14, 3.5, 4.86, 3.87, 3.61, 5.33, 2.0]
BEST_hyper_parameter
v: [32.32, 17.5, 28.41, 24.01, 34.94, 31.78, 21.19, 25.55, 33.69, 17.14, 20.4, 16.18, 11.7, 33.22]
a: [109.41, 142.36, 173.54, 126.35, 106.84, 78.8, 156.04, 163.12, 120.11, 122.11, 117.34, 178.7, 50.0, 146.64]
d: [3.5, 4.12, 3.66, 4.74, 3.92, 4.67, 4.34, 5.38, 3.5, 3.5, 3.87, 3.6, 4.62, 2.0]

iteration: 11
best: [5.77, 7.26, 9.2, 11.65, 14.83, 18.47, 27.65, 33.64, 38.74, 43.2, 44.9, 46.83, 50.29, 51.24]
time: [5.73, 7.21, 9.86, 19.16, 25.19, 28.77, 41.44, 44.47, 45.93, 47.33, 1000, 1000, 1000, 1000]
current_hyper_parameter
v: [32.32, 17.5, 25.41, 24.01, 32.2, 14.81, 18.74, 15.96, 21.87, 33.76, 19.35, 34.58, 31.38, 33.22]
a: [109.41, 142.36, 125.7, 126.35, 158.09, 142.35, 83.21, 163.12, 120.11, 95.9, 47.32, 178.7, 69.04, 146.64]
d: [3.5, 4.12, 3.66, 4.74, 3.92, 4.67, 5.16, 3.97, 4.2, 3.5, 5.48, 4.37, 4.62, 2.0]
BEST_hyper_parameter
v: [32.32, 17.5, 28.41, 24.01, 34.94, 31.78, 21.19, 25.55, 33.69, 17.14, 20.4, 16.18, 11.7, 33.22]
a: [109.41, 142.36, 173.54, 126.35, 106.84, 78.8, 156.04, 163.12, 120.11, 122.11, 117.34, 178.7, 50.0, 146.64]
d: [3.5, 4.12, 3.66, 4.74, 3.92, 4.67, 4.34, 5.38, 3.5, 3.5, 3.87, 3.6, 4.62, 2.0]

iteration: 12
best: [5.77, 7.26, 9.2, 11.65, 14.83, 18.47, 27.65, 33.64, 38.74, 43.2, 44.9, 46.83, 50.29, 51.24]
time: [5.71, 7.22, 9.6, 15.39, 21.73, 24.95, 37.63, 41.28, 42.93, 44.53, 1000, 1000, 1000, 1000]
current_hyper_parameter
v: [32.32, 17.5, 30.52, 22.83, 26.36, 31.78, 31.96, 16.89, 16.36, 25.54, 20.4, 19.19, 32.48, 18.97]
a: [109.41, 142.36, 173.54, 118.3, 83.72, 78.8, 38.62, 46.08, 120.11, 188.67, 117.34, 178.7, 50.0, 93.9]
d: [3.5, 4.12, 3.66, 4.12, 5.05, 4.67, 5.33, 5.38, 3.63, 3.5, 3.87, 4.73, 4.62, 2.0]
BEST_hyper_parameter
v: [32.32, 17.5, 28.41, 24.01, 34.94, 31.78, 21.19, 25.55, 33.69, 17.14, 20.4, 16.18, 11.7, 33.22]
a: [109.41, 142.36, 173.54, 126.35, 106.84, 78.8, 156.04, 163.12, 120.11, 122.11, 117.34, 178.7, 50.0, 146.64]
d: [3.5, 4.12, 3.66, 4.74, 3.92, 4.67, 4.34, 5.38, 3.5, 3.5, 3.87, 3.6, 4.62, 2.0]

iteration: 13
best: [5.77, 7.26, 9.2, 11.65, 14.83, 18.47, 27.65, 33.64, 38.74, 43.2, 44.9, 46.83, 50.29, 51.24]
time: [5.77, 7.24, 10.29, 12.78, 1000, 1000, 1000, 1000, 1000, 1000, 1000, 1000, 1000, 1000]
current_hyper_parameter
v: [32.32, 17.5, 24.88, 24.01, 34.94, 23.65, 21.19, 34.66, 12.59, 15.94, 29.78, 16.18, 17.13, 21.26]
a: [109.41, 142.36, 62.34, 126.35, 106.84, 78.8, 156.04, 163.12, 138.31, 122.11, 196.25, 178.7, 195.25, 176.79]
d: [3.5, 4.12, 3.66, 4.74, 3.92, 4.67, 4.34, 5.38, 4.2, 3.59, 3.87, 3.6, 4.62, 2.0]
BEST_hyper_parameter
v: [32.32, 17.5, 28.41, 24.01, 34.94, 31.78, 21.19, 25.55, 33.69, 17.14, 20.4, 16.18, 11.7, 33.22]
a: [109.41, 142.36, 173.54, 126.35, 106.84, 78.8, 156.04, 163.12, 120.11, 122.11, 117.34, 178.7, 50.0, 146.64]
d: [3.5, 4.12, 3.66, 4.74, 3.92, 4.67, 4.34, 5.38, 3.5, 3.5, 3.87, 3.6, 4.62, 2.0]

iteration: 14
best: [5.77, 7.26, 9.2, 11.65, 14.83, 18.47, 27.65, 33.64, 38.74, 43.2, 44.9, 46.83, 50.29, 51.24]
time: [5.73, 7.22, 9.67, 11.89, 1000, 1000, 1000, 1000, 1000, 1000, 1000, 1000, 1000, 1000]
current_hyper_parameter
v: [32.32, 17.5, 28.41, 25.32, 28.77, 29.69, 33.99, 33.46, 33.69, 21.19, 20.4, 28.87, 11.15, 20.2]
a: [109.41, 142.36, 173.54, 126.35, 106.84, 78.8, 52.91, 118.15, 120.11, 183.71, 117.34, 47.24, 27.26, 149.02]
d: [3.5, 4.12, 3.66, 5.85, 4.88, 4.67, 4.34, 5.38, 3.5, 4.42, 3.87, 3.6, 4.62, 2.0]
BEST_hyper_parameter
v: [32.32, 17.5, 28.41, 24.01, 34.94, 31.78, 21.19, 25.55, 33.69, 17.14, 20.4, 16.18, 11.7, 33.22]
a: [109.41, 142.36, 173.54, 126.35, 106.84, 78.8, 156.04, 163.12, 120.11, 122.11, 117.34, 178.7, 50.0, 146.64]
d: [3.5, 4.12, 3.66, 4.74, 3.92, 4.67, 4.34, 5.38, 3.5, 3.5, 3.87, 3.6, 4.62, 2.0]

iteration: 15
best: [5.77, 7.26, 9.2, 11.65, 14.83, 18.47, 27.65, 33.64, 38.74, 43.2, 44.9, 46.83, 50.29, 51.24]
time: [5.76, 7.24, 9.65, 11.74, 14.33, 17.94, 29.16, 1000, 1000, 1000, 1000, 1000, 1000, 1000]
current_hyper_parameter
v: [32.32, 17.5, 28.41, 24.01, 16.89, 31.78, 21.19, 12.46, 27.64, 20.61, 28.76, 26.48, 11.7, 16.34]
a: [109.41, 142.36, 173.54, 126.35, 111.8, 78.8, 156.04, 53.27, 181.89, 186.84, 199.84, 181.8, 50.0, 33.17]
d: [3.5, 4.12, 3.66, 4.74, 3.92, 4.67, 4.34, 4.82, 5.52, 3.5, 5.49, 3.6, 4.62, 2.0]
BEST_hyper_parameter
v: [32.32, 17.5, 28.41, 24.01, 34.94, 31.78, 21.19, 25.55, 33.69, 17.14, 20.4, 16.18, 11.7, 33.22]
a: [109.41, 142.36, 173.54, 126.35, 106.84, 78.8, 156.04, 163.12, 120.11, 122.11, 117.34, 178.7, 50.0, 146.64]
d: [3.5, 4.12, 3.66, 4.74, 3.92, 4.67, 4.34, 5.38, 3.5, 3.5, 3.87, 3.6, 4.62, 2.0]

iteration: 16
best: [5.77, 7.26, 9.2, 11.65, 14.83, 18.47, 27.65, 33.64, 38.74, 43.2, 44.9, 46.83, 50.29, 51.24]
time: [5.78, 7.29, 9.74, 11.93, 1000, 1000, 1000, 1000, 1000, 1000, 1000, 1000, 1000, 1000]
current_hyper_parameter
v: [32.32, 17.5, 26.68, 24.01, 25.28, 27.81, 14.98, 30.88, 33.69, 23.27, 29.78, 15.32, 23.2, 13.65]
a: [109.41, 142.36, 161.81, 126.35, 139.51, 38.44, 156.04, 163.12, 120.11, 170.47, 191.99, 178.7, 50.0, 40.97]
d: [3.5, 4.12, 5.1, 4.74, 3.92, 4.67, 4.34, 3.86, 3.5, 3.5, 3.57, 3.6, 4.66, 2.0]
BEST_hyper_parameter
v: [32.32, 17.5, 28.41, 24.01, 34.94, 31.78, 21.19, 25.55, 33.69, 17.14, 20.4, 16.18, 11.7, 33.22]
a: [109.41, 142.36, 173.54, 126.35, 106.84, 78.8, 156.04, 163.12, 120.11, 122.11, 117.34, 178.7, 50.0, 146.64]
d: [3.5, 4.12, 3.66, 4.74, 3.92, 4.67, 4.34, 5.38, 3.5, 3.5, 3.87, 3.6, 4.62, 2.0]

iteration: 17
best: [5.77, 7.26, 9.2, 11.65, 14.83, 18.47, 27.65, 33.64, 38.74, 43.2, 44.9, 46.83, 50.29, 51.24]
time: [5.77, 7.24, 9.66, 14.9, 20.2, 25.39, 38.17, 1000, 1000, 1000, 1000, 1000, 1000, 1000]
current_hyper_parameter
v: [32.32, 17.5, 28.41, 28.92, 34.94, 10.51, 21.19, 32.6, 21.18, 20.64, 14.85, 16.18, 32.32, 33.22]
a: [109.41, 142.36, 173.54, 126.35, 106.84, 51.37, 156.04, 48.46, 120.11, 182.87, 117.34, 178.7, 89.52, 146.64]
d: [3.5, 4.12, 3.66, 5.44, 3.92, 5.16, 4.34, 5.91, 5.98, 3.5, 5.35, 3.6, 5.53, 2.0]
BEST_hyper_parameter
v: [32.32, 17.5, 28.41, 24.01, 34.94, 31.78, 21.19, 25.55, 33.69, 17.14, 20.4, 16.18, 11.7, 33.22]
a: [109.41, 142.36, 173.54, 126.35, 106.84, 78.8, 156.04, 163.12, 120.11, 122.11, 117.34, 178.7, 50.0, 146.64]
d: [3.5, 4.12, 3.66, 4.74, 3.92, 4.67, 4.34, 5.38, 3.5, 3.5, 3.87, 3.6, 4.62, 2.0]

iteration: 18
best: [5.77, 7.26, 9.2, 11.65, 14.83, 18.47, 27.65, 33.64, 38.74, 43.2, 44.9, 46.83, 50.29, 51.24]
time: [5.76, 7.24, 10.72, 16.08, 23.57, 28.22, 40.85, 43.31, 1000, 1000, 1000, 1000, 1000, 1000]
current_hyper_parameter
v: [32.32, 17.5, 10.73, 33.67, 23.6, 16.28, 20.33, 26.38, 33.69, 17.14, 27.9, 29.6, 13.47, 15.03]
a: [109.41, 142.36, 57.54, 126.35, 106.84, 71.46, 108.81, 190.4, 120.11, 122.11, 161.43, 133.57, 50.0, 76.63]
d: [3.5, 4.12, 5.72, 4.74, 3.92, 3.76, 5.36, 5.38, 3.5, 3.5, 5.07, 4.56, 4.62, 2.0]
BEST_hyper_parameter
v: [32.32, 17.5, 28.41, 24.01, 34.94, 31.78, 21.19, 25.55, 33.69, 17.14, 20.4, 16.18, 11.7, 33.22]
a: [109.41, 142.36, 173.54, 126.35, 106.84, 78.8, 156.04, 163.12, 120.11, 122.11, 117.34, 178.7, 50.0, 146.64]
d: [3.5, 4.12, 3.66, 4.74, 3.92, 4.67, 4.34, 5.38, 3.5, 3.5, 3.87, 3.6, 4.62, 2.0]

iteration: 19
best: [5.77, 7.26, 9.2, 11.65, 14.83, 18.47, 27.65, 33.64, 38.74, 43.2, 44.9, 46.83, 50.29, 51.24]
time: [5.76, 7.26, 9.68, 12.31, 1000, 1000, 1000, 1000, 1000, 1000, 1000, 1000, 1000, 1000]
current_hyper_parameter
v: [32.32, 17.5, 28.41, 13.9, 34.94, 31.78, 21.19, 25.55, 21.77, 25.14, 24.93, 13.29, 33.36, 32.98]
a: [109.41, 142.36, 173.54, 145.86, 106.84, 78.8, 156.04, 163.12, 120.11, 190.98, 117.34, 178.7, 154.65, 85.41]
d: [3.5, 4.12, 3.66, 4.69, 3.92, 4.67, 4.34, 5.38, 3.5, 3.5, 3.79, 3.7, 4.51, 2.0]
BEST_hyper_parameter
v: [32.32, 17.5, 28.41, 24.01, 34.94, 31.78, 21.19, 25.55, 33.69, 17.14, 20.4, 16.18, 11.7, 33.22]
a: [109.41, 142.36, 173.54, 126.35, 106.84, 78.8, 156.04, 163.12, 120.11, 122.11, 117.34, 178.7, 50.0, 146.64]
d: [3.5, 4.12, 3.66, 4.74, 3.92, 4.67, 4.34, 5.38, 3.5, 3.5, 3.87, 3.6, 4.62, 2.0]

iteration: 20
best: [5.77, 7.26, 9.2, 11.65, 14.83, 18.47, 27.65, 33.64, 38.74, 43.2, 44.9, 46.83, 50.29, 51.24]
time: [5.75, 7.24, 10.83, 14.75, 20.55, 26.15, 43.61, 46.05, 1000, 1000, 1000, 1000, 1000, 1000]
current_hyper_parameter
v: [32.32, 17.5, 28.4, 12.96, 25.33, 13.93, 12.91, 25.55, 22.28, 13.32, 13.77, 27.94, 13.89, 29.81]
a: [109.41, 142.36, 33.37, 62.16, 77.97, 78.8, 156.04, 163.12, 129.74, 169.19, 117.34, 88.67, 92.05, 68.11]
d: [3.5, 4.12, 3.66, 4.56, 4.08, 4.2, 4.34, 5.38, 5.23, 3.94, 3.87, 5.32, 4.62, 2.0]
BEST_hyper_parameter
v: [32.32, 17.5, 28.41, 24.01, 34.94, 31.78, 21.19, 25.55, 33.69, 17.14, 20.4, 16.18, 11.7, 33.22]
a: [109.41, 142.36, 173.54, 126.35, 106.84, 78.8, 156.04, 163.12, 120.11, 122.11, 117.34, 178.7, 50.0, 146.64]
d: [3.5, 4.12, 3.66, 4.74, 3.92, 4.67, 4.34, 5.38, 3.5, 3.5, 3.87, 3.6, 4.62, 2.0]

iteration: 21
best: [5.77, 7.26, 9.2, 11.65, 14.83, 18.47, 27.65, 33.64, 38.74, 43.2, 44.9, 46.83, 50.29, 51.24]
time: [5.77, 7.24, 9.82, 12.3, 14.91, 18.58, 34.01, 37.62, 39.12, 40.53, 46.72, 49.17, 52.47, 1000]
current_hyper_parameter
v: [32.32, 17.5, 21.92, 17.73, 16.93, 31.78, 12.26, 10.8, 32.22, 32.93, 17.44, 16.18, 21.73, 30.51]
a: [109.41, 142.36, 173.54, 126.35, 106.84, 78.8, 156.04, 163.12, 100.56, 152.0, 101.69, 178.7, 50.0, 100.06]
d: [3.5, 4.12, 3.59, 3.67, 4.05, 4.67, 4.41, 5.38, 3.5, 3.5, 4.67, 3.6, 5.11, 2.0]
BEST_hyper_parameter
v: [32.32, 17.5, 28.41, 24.01, 34.94, 31.78, 21.19, 25.55, 33.69, 17.14, 20.4, 16.18, 11.7, 33.22]
a: [109.41, 142.36, 173.54, 126.35, 106.84, 78.8, 156.04, 163.12, 120.11, 122.11, 117.34, 178.7, 50.0, 146.64]
d: [3.5, 4.12, 3.66, 4.74, 3.92, 4.67, 4.34, 5.38, 3.5, 3.5, 3.87, 3.6, 4.62, 2.0]

iteration: 22
best: [5.77, 7.26, 9.2, 11.65, 14.83, 18.47, 27.65, 33.64, 38.74, 43.2, 44.9, 46.83, 50.29, 51.24]
time: [5.77, 7.26, 9.62, 1000, 1000, 1000, 1000, 1000, 1000, 1000, 1000, 1000, 1000, 1000]
current_hyper_parameter
v: [32.32, 17.5, 30.77, 26.31, 15.18, 32.52, 21.19, 14.29, 32.08, 22.34, 19.88, 21.28, 14.8, 33.22]
a: [109.41, 142.36, 173.54, 126.35, 172.92, 114.74, 156.04, 160.15, 120.11, 170.35, 66.93, 178.7, 40.23, 146.64]
d: [3.5, 4.12, 3.66, 4.74, 3.92, 4.22, 4.34, 5.38, 5.18, 5.45, 3.83, 3.61, 5.86, 2.0]
BEST_hyper_parameter
v: [32.32, 17.5, 28.41, 24.01, 34.94, 31.78, 21.19, 25.55, 33.69, 17.14, 20.4, 16.18, 11.7, 33.22]
a: [109.41, 142.36, 173.54, 126.35, 106.84, 78.8, 156.04, 163.12, 120.11, 122.11, 117.34, 178.7, 50.0, 146.64]
d: [3.5, 4.12, 3.66, 4.74, 3.92, 4.67, 4.34, 5.38, 3.5, 3.5, 3.87, 3.6, 4.62, 2.0]

iteration: 23
best: [5.77, 7.26, 9.2, 11.65, 14.83, 18.47, 27.65, 33.64, 38.74, 43.2, 44.9, 46.83, 50.29, 51.24]
time: [5.77, 7.24, 9.74, 15.6, 19.86, 24.34, 35.97, 46.72, 1000, 1000, 1000, 1000, 1000, 1000]
current_hyper_parameter
v: [32.32, 17.5, 24.76, 30.69, 11.84, 11.14, 25.0, 25.55, 12.27, 17.14, 31.33, 26.92, 18.44, 33.22]
a: [109.41, 142.36, 173.54, 70.06, 106.84, 28.93, 142.68, 163.12, 86.04, 122.11, 62.42, 178.7, 116.66, 146.64]
d: [3.5, 4.12, 3.66, 5.92, 5.61, 4.27, 5.11, 5.38, 3.5, 3.5, 5.34, 5.72, 5.56, 2.0]
BEST_hyper_parameter
v: [32.32, 17.5, 28.41, 24.01, 34.94, 31.78, 21.19, 25.55, 33.69, 17.14, 20.4, 16.18, 11.7, 33.22]
a: [109.41, 142.36, 173.54, 126.35, 106.84, 78.8, 156.04, 163.12, 120.11, 122.11, 117.34, 178.7, 50.0, 146.64]
d: [3.5, 4.12, 3.66, 4.74, 3.92, 4.67, 4.34, 5.38, 3.5, 3.5, 3.87, 3.6, 4.62, 2.0]

iteration: 24
best: [5.77, 7.26, 9.2, 11.65, 14.83, 18.47, 27.65, 33.64, 38.74, 43.2, 44.9, 46.83, 50.29, 51.24]
time: [5.79, 7.27, 10.43, 15.95, 1000, 1000, 1000, 1000, 1000, 1000, 1000, 1000, 1000, 1000]
current_hyper_parameter
v: [32.32, 17.5, 17.98, 20.05, 26.33, 31.06, 11.82, 10.7, 29.94, 17.14, 32.61, 16.18, 22.46, 34.62]
a: [109.41, 142.36, 63.63, 147.34, 25.15, 110.41, 156.04, 81.07, 120.11, 122.11, 111.73, 178.7, 185.25, 83.98]
d: [3.5, 4.12, 3.66, 4.74, 3.92, 4.58, 4.72, 5.38, 3.5, 3.5, 4.62, 3.6, 4.62, 2.0]
BEST_hyper_parameter
v: [32.32, 17.5, 28.41, 24.01, 34.94, 31.78, 21.19, 25.55, 33.69, 17.14, 20.4, 16.18, 11.7, 33.22]
a: [109.41, 142.36, 173.54, 126.35, 106.84, 78.8, 156.04, 163.12, 120.11, 122.11, 117.34, 178.7, 50.0, 146.64]
d: [3.5, 4.12, 3.66, 4.74, 3.92, 4.67, 4.34, 5.38, 3.5, 3.5, 3.87, 3.6, 4.62, 2.0]

iteration: 25
best: [5.77, 7.26, 9.2, 11.65, 14.83, 18.47, 27.65, 33.64, 38.74, 43.2, 44.9, 46.83, 50.29, 51.24]
time: [5.77, 7.25, 10.26, 16.63, 20.13, 23.54, 34.7, 37.28, 38.37, 39.89, 45.88, 1000, 1000, 1000]
current_hyper_parameter
v: [32.32, 17.5, 14.09, 16.21, 13.76, 31.78, 21.19, 25.55, 25.33, 19.22, 20.4, 10.68, 11.7, 28.09]
a: [109.41, 142.36, 151.01, 126.35, 122.37, 78.8, 156.04, 163.12, 104.82, 105.29, 117.34, 72.22, 50.0, 146.64]
d: [3.5, 4.12, 4.64, 5.21, 5.47, 4.67, 4.34, 5.38, 3.5, 3.5, 3.87, 3.6, 4.62, 2.0]
BEST_hyper_parameter
v: [32.32, 17.5, 28.41, 24.01, 34.94, 31.78, 21.19, 25.55, 33.69, 17.14, 20.4, 16.18, 11.7, 33.22]
a: [109.41, 142.36, 173.54, 126.35, 106.84, 78.8, 156.04, 163.12, 120.11, 122.11, 117.34, 178.7, 50.0, 146.64]
d: [3.5, 4.12, 3.66, 4.74, 3.92, 4.67, 4.34, 5.38, 3.5, 3.5, 3.87, 3.6, 4.62, 2.0]

iteration: 26
best: [5.77, 7.26, 9.2, 11.65, 14.83, 18.47, 27.65, 33.64, 38.74, 43.2, 44.9, 46.83, 50.29, 51.24]
time: [5.79, 7.28, 9.77, 15.59, 23.54, 26.37, 42.29, 44.83, 1000, 1000, 1000, 1000, 1000, 1000]
current_hyper_parameter
v: [32.32, 17.5, 24.43, 30.52, 11.52, 31.78, 15.86, 25.55, 15.68, 17.14, 33.76, 16.18, 30.43, 33.22]
a: [109.41, 142.36, 173.54, 140.08, 62.1, 78.8, 85.0, 163.12, 37.31, 122.11, 63.54, 178.7, 32.07, 146.64]
d: [3.5, 4.12, 4.09, 4.74, 3.92, 4.67, 4.34, 5.38, 5.53, 3.5, 3.87, 3.6, 4.62, 2.0]
BEST_hyper_parameter
v: [32.32, 17.5, 28.41, 24.01, 34.94, 31.78, 21.19, 25.55, 33.69, 17.14, 20.4, 16.18, 11.7, 33.22]
a: [109.41, 142.36, 173.54, 126.35, 106.84, 78.8, 156.04, 163.12, 120.11, 122.11, 117.34, 178.7, 50.0, 146.64]
d: [3.5, 4.12, 3.66, 4.74, 3.92, 4.67, 4.34, 5.38, 3.5, 3.5, 3.87, 3.6, 4.62, 2.0]
mutation at idx = 1

iteration: 27
best: [5.77, 7.26, 9.2, 11.65, 14.83, 18.47, 27.65, 33.64, 38.74, 43.2, 44.9, 46.83, 50.29, 51.24]
time: [5.77, 7.42, 9.93, 12.31, 18.2, 20.89, 30.05, 35.8, 1000, 1000, 1000, 1000, 1000, 1000]
current_hyper_parameter
v: [32.32, 15.66, 28.41, 14.82, 28.14, 29.75, 25.86, 20.82, 34.35, 29.72, 30.1, 16.18, 33.52, 18.63]
a: [109.41, 21.56, 173.54, 126.35, 73.3, 153.5, 156.04, 107.22, 75.48, 55.86, 117.34, 178.7, 50.0, 146.64]
d: [3.5, 4.48, 3.66, 4.61, 5.97, 4.67, 5.11, 5.89, 5.8, 3.68, 3.87, 3.6, 4.62, 2.0]
BEST_hyper_parameter
v: [32.32, 17.5, 28.41, 24.01, 34.94, 31.78, 21.19, 25.55, 33.69, 17.14, 20.4, 16.18, 11.7, 33.22]
a: [109.41, 142.36, 173.54, 126.35, 106.84, 78.8, 156.04, 163.12, 120.11, 122.11, 117.34, 178.7, 50.0, 146.64]
d: [3.5, 4.12, 3.66, 4.74, 3.92, 4.67, 4.34, 5.38, 3.5, 3.5, 3.87, 3.6, 4.62, 2.0]

iteration: 28
best: [5.77, 7.26, 9.2, 11.65, 14.83, 18.47, 27.65, 33.64, 38.74, 43.2, 44.9, 46.83, 50.29, 51.24]
time: [5.76, 7.25, 9.68, 12.27, 1000, 1000, 1000, 1000, 1000, 1000, 1000, 1000, 1000, 1000]
current_hyper_parameter
v: [32.32, 17.5, 28.41, 21.83, 29.15, 31.78, 11.9, 25.55, 33.69, 30.59, 28.66, 26.39, 16.99, 13.06]
a: [109.41, 142.36, 173.54, 83.26, 106.84, 78.8, 168.0, 163.12, 120.11, 122.11, 117.34, 75.05, 50.35, 175.39]
d: [3.5, 4.12, 3.66, 4.99, 5.61, 4.67, 3.98, 5.38, 3.5, 3.95, 5.75, 4.83, 4.5, 2.0]
BEST_hyper_parameter
v: [32.32, 17.5, 28.41, 24.01, 34.94, 31.78, 21.19, 25.55, 33.69, 17.14, 20.4, 16.18, 11.7, 33.22]
a: [109.41, 142.36, 173.54, 126.35, 106.84, 78.8, 156.04, 163.12, 120.11, 122.11, 117.34, 178.7, 50.0, 146.64]
d: [3.5, 4.12, 3.66, 4.74, 3.92, 4.67, 4.34, 5.38, 3.5, 3.5, 3.87, 3.6, 4.62, 2.0]
mutation at idx = 0

iteration: 29
best: [5.77, 7.26, 9.2, 11.65, 14.83, 18.47, 27.65, 33.64, 38.74, 43.2, 44.9, 46.83, 50.29, 51.24]
time: [5.75, 7.25, 12.68, 23.9, 29.4, 33.18, 41.83, 1000, 1000, 1000, 1000, 1000, 1000, 1000]
current_hyper_parameter
v: [28.0, 17.5, 32.96, 24.01, 34.94, 19.4, 31.25, 30.98, 24.06, 34.4, 20.4, 12.26, 15.36, 15.0]
a: [109.41, 142.36, 173.54, 126.35, 106.84, 73.76, 170.53, 163.12, 120.11, 94.72, 117.34, 66.94, 25.64, 146.64]
d: [3.5, 4.12, 5.94, 4.74, 3.92, 4.67, 4.34, 5.38, 4.31, 4.83, 3.87, 4.23, 4.25, 2.0]
BEST_hyper_parameter
v: [32.32, 17.5, 28.41, 24.01, 34.94, 31.78, 21.19, 25.55, 33.69, 17.14, 20.4, 16.18, 11.7, 33.22]
a: [109.41, 142.36, 173.54, 126.35, 106.84, 78.8, 156.04, 163.12, 120.11, 122.11, 117.34, 178.7, 50.0, 146.64]
d: [3.5, 4.12, 3.66, 4.74, 3.92, 4.67, 4.34, 5.38, 3.5, 3.5, 3.87, 3.6, 4.62, 2.0]

iteration: 30
best: [5.77, 7.26, 9.2, 11.65, 14.83, 18.47, 27.65, 33.64, 38.74, 43.2, 44.9, 46.83, 50.29, 51.24]
time: [5.76, 7.25, 9.79, 15.69, 1000, 1000, 1000, 1000, 1000, 1000, 1000, 1000, 1000, 1000]
current_hyper_parameter
v: [32.32, 17.5, 23.63, 24.01, 34.94, 12.27, 21.19, 13.27, 33.69, 26.39, 33.97, 16.18, 14.29, 27.58]
a: [109.41, 142.36, 173.54, 126.35, 106.84, 45.18, 156.04, 139.8, 120.11, 47.18, 117.34, 178.7, 62.57, 45.05]
d: [3.5, 4.12, 5.85, 4.74, 3.92, 4.67, 4.34, 4.39, 3.5, 3.5, 4.22, 3.6, 4.62, 2.0]
BEST_hyper_parameter
v: [32.32, 17.5, 28.41, 24.01, 34.94, 31.78, 21.19, 25.55, 33.69, 17.14, 20.4, 16.18, 11.7, 33.22]
a: [109.41, 142.36, 173.54, 126.35, 106.84, 78.8, 156.04, 163.12, 120.11, 122.11, 117.34, 178.7, 50.0, 146.64]
d: [3.5, 4.12, 3.66, 4.74, 3.92, 4.67, 4.34, 5.38, 3.5, 3.5, 3.87, 3.6, 4.62, 2.0]
mutation at idx = 1

iteration: 31
best: [5.77, 7.26, 9.2, 11.65, 14.83, 18.47, 27.65, 33.64, 38.74, 43.2, 44.9, 46.83, 50.29, 51.24]
time: [5.72, 7.27, 9.58, 11.9, 18.15, 42.55, 51.3, 1000, 1000, 1000, 1000, 1000, 1000, 1000]
current_hyper_parameter
v: [32.32, 25.39, 28.41, 26.08, 11.2, 31.78, 32.03, 13.63, 29.08, 17.14, 10.88, 16.18, 11.7, 33.22]
a: [109.41, 65.14, 173.54, 78.98, 106.84, 78.8, 157.63, 163.12, 120.11, 122.11, 175.29, 178.7, 50.0, 146.64]
d: [3.5, 5.59, 3.66, 4.03, 3.92, 4.67, 4.34, 4.54, 4.19, 3.5, 5.83, 3.6, 4.62, 2.0]
BEST_hyper_parameter
v: [32.32, 17.5, 28.41, 24.01, 34.94, 31.78, 21.19, 25.55, 33.69, 17.14, 20.4, 16.18, 11.7, 33.22]
a: [109.41, 142.36, 173.54, 126.35, 106.84, 78.8, 156.04, 163.12, 120.11, 122.11, 117.34, 178.7, 50.0, 146.64]
d: [3.5, 4.12, 3.66, 4.74, 3.92, 4.67, 4.34, 5.38, 3.5, 3.5, 3.87, 3.6, 4.62, 2.0]

iteration: 32
best: [5.77, 7.26, 9.2, 11.65, 14.83, 18.47, 27.65, 33.64, 38.74, 43.2, 44.9, 46.83, 50.29, 51.24]
time: [5.77, 7.25, 9.61, 15.12, 21.34, 25.21, 36.57, 39.31, 40.42, 41.77, 1000, 1000, 1000, 1000]
current_hyper_parameter
v: [32.32, 17.5, 32.51, 11.64, 14.83, 26.39, 21.19, 25.55, 20.17, 27.3, 34.76, 33.9, 11.7, 18.94]
a: [109.41, 142.36, 173.54, 126.35, 106.84, 72.52, 156.04, 163.12, 119.99, 122.11, 71.28, 178.7, 50.0, 177.96]
d: [3.5, 4.12, 3.66, 4.74, 3.92, 4.67, 4.34, 5.38, 3.5, 3.5, 3.87, 3.6, 4.62, 2.0]
BEST_hyper_parameter
v: [32.32, 17.5, 28.41, 24.01, 34.94, 31.78, 21.19, 25.55, 33.69, 17.14, 20.4, 16.18, 11.7, 33.22]
a: [109.41, 142.36, 173.54, 126.35, 106.84, 78.8, 156.04, 163.12, 120.11, 122.11, 117.34, 178.7, 50.0, 146.64]
d: [3.5, 4.12, 3.66, 4.74, 3.92, 4.67, 4.34, 5.38, 3.5, 3.5, 3.87, 3.6, 4.62, 2.0]

iteration: 33
best: [5.77, 7.26, 9.2, 11.65, 14.83, 18.47, 27.65, 33.64, 38.74, 43.2, 44.9, 46.83, 50.29, 51.24]
time: [5.77, 7.23, 9.83, 1000, 1000, 1000, 1000, 1000, 1000, 1000, 1000, 1000, 1000, 1000]
current_hyper_parameter
v: [32.32, 17.5, 23.51, 24.01, 11.52, 11.9, 27.36, 27.44, 11.23, 12.47, 20.12, 26.73, 24.08, 33.22]
a: [109.41, 142.36, 149.45, 126.35, 28.26, 78.8, 103.18, 163.12, 43.35, 59.91, 93.62, 178.7, 100.43, 146.64]
d: [3.5, 4.12, 3.66, 4.74, 3.92, 4.67, 4.21, 5.38, 5.29, 3.5, 5.26, 3.6, 5.06, 2.0]
BEST_hyper_parameter
v: [32.32, 17.5, 28.41, 24.01, 34.94, 31.78, 21.19, 25.55, 33.69, 17.14, 20.4, 16.18, 11.7, 33.22]
a: [109.41, 142.36, 173.54, 126.35, 106.84, 78.8, 156.04, 163.12, 120.11, 122.11, 117.34, 178.7, 50.0, 146.64]
d: [3.5, 4.12, 3.66, 4.74, 3.92, 4.67, 4.34, 5.38, 3.5, 3.5, 3.87, 3.6, 4.62, 2.0]
mutation at idx = 1

iteration: 34
best: [5.77, 7.26, 9.2, 11.65, 14.83, 18.47, 27.65, 33.64, 38.74, 43.2, 44.9, 46.83, 50.29, 51.24]
time: [5.77, 7.21, 9.76, 12.16, 26.33, 40.89, 49.75, 1000, 1000, 1000, 1000, 1000, 1000, 1000]
current_hyper_parameter
v: [32.32, 19.85, 21.64, 31.11, 16.24, 31.78, 32.69, 25.55, 12.65, 13.87, 20.4, 16.18, 33.64, 12.44]
a: [109.41, 142.36, 191.49, 92.0, 74.16, 78.8, 135.68, 163.12, 120.11, 157.79, 117.34, 178.7, 50.0, 53.82]
d: [3.5, 4.12, 4.03, 3.6, 3.92, 4.67, 4.34, 5.38, 3.5, 3.5, 3.87, 3.6, 4.62, 2.0]
BEST_hyper_parameter
v: [32.32, 17.5, 28.41, 24.01, 34.94, 31.78, 21.19, 25.55, 33.69, 17.14, 20.4, 16.18, 11.7, 33.22]
a: [109.41, 142.36, 173.54, 126.35, 106.84, 78.8, 156.04, 163.12, 120.11, 122.11, 117.34, 178.7, 50.0, 146.64]
d: [3.5, 4.12, 3.66, 4.74, 3.92, 4.67, 4.34, 5.38, 3.5, 3.5, 3.87, 3.6, 4.62, 2.0]

iteration: 35
best: [5.77, 7.26, 9.2, 11.65, 14.83, 18.47, 27.65, 33.64, 38.74, 43.2, 44.9, 46.83, 50.29, 51.24]
time: [5.77, 7.24, 9.68, 15.37, 1000, 1000, 1000, 1000, 1000, 1000, 1000, 1000, 1000, 1000]
current_hyper_parameter
v: [32.32, 17.5, 33.6, 24.01, 22.1, 30.11, 18.0, 34.65, 14.33, 24.13, 31.73, 16.18, 27.34, 33.86]
a: [109.41, 142.36, 136.04, 126.35, 106.84, 176.07, 122.14, 163.12, 120.11, 122.11, 174.03, 178.7, 168.12, 116.39]
d: [3.5, 4.12, 4.57, 4.74, 3.92, 4.67, 4.41, 5.38, 5.58, 3.5, 3.97, 3.6, 4.62, 2.0]
BEST_hyper_parameter
v: [32.32, 17.5, 28.41, 24.01, 34.94, 31.78, 21.19, 25.55, 33.69, 17.14, 20.4, 16.18, 11.7, 33.22]
a: [109.41, 142.36, 173.54, 126.35, 106.84, 78.8, 156.04, 163.12, 120.11, 122.11, 117.34, 178.7, 50.0, 146.64]
d: [3.5, 4.12, 3.66, 4.74, 3.92, 4.67, 4.34, 5.38, 3.5, 3.5, 3.87, 3.6, 4.62, 2.0]

iteration: 36
best: [5.77, 7.26, 9.2, 11.65, 14.83, 18.47, 27.65, 33.64, 38.74, 43.2, 44.9, 46.83, 50.29, 51.24]
time: [5.73, 7.22, 9.71, 12.82, 1000, 1000, 1000, 1000, 1000, 1000, 1000, 1000, 1000, 1000]
current_hyper_parameter
v: [32.32, 17.5, 26.2, 21.35, 30.5, 30.15, 30.98, 31.88, 11.01, 12.78, 27.27, 22.94, 15.92, 16.34]
a: [109.41, 142.36, 173.54, 41.2, 171.41, 25.63, 98.45, 126.56, 59.71, 150.97, 131.49, 178.7, 193.83, 159.54]
d: [3.5, 4.12, 3.66, 4.74, 4.84, 3.63, 3.93, 5.38, 3.6, 4.66, 5.06, 3.6, 4.62, 2.0]
BEST_hyper_parameter
v: [32.32, 17.5, 28.41, 24.01, 34.94, 31.78, 21.19, 25.55, 33.69, 17.14, 20.4, 16.18, 11.7, 33.22]
a: [109.41, 142.36, 173.54, 126.35, 106.84, 78.8, 156.04, 163.12, 120.11, 122.11, 117.34, 178.7, 50.0, 146.64]
d: [3.5, 4.12, 3.66, 4.74, 3.92, 4.67, 4.34, 5.38, 3.5, 3.5, 3.87, 3.6, 4.62, 2.0]

iteration: 37
best: [5.77, 7.26, 9.2, 11.65, 14.83, 18.47, 27.65, 33.64, 38.74, 43.2, 44.9, 46.83, 50.29, 51.24]
time: [5.77, 7.29, 9.74, 12.47, 22.36, 38.13, 47.66, 50.73, 1000, 1000, 1000, 1000, 1000, 1000]
current_hyper_parameter
v: [32.32, 17.5, 28.41, 13.41, 31.0, 16.93, 31.83, 13.89, 27.68, 31.29, 22.83, 20.22, 11.28, 33.22]
a: [109.41, 142.36, 173.54, 126.35, 156.82, 180.11, 87.9, 163.12, 47.47, 122.11, 117.34, 178.7, 50.0, 146.64]
d: [3.5, 4.12, 3.66, 3.51, 5.84, 5.98, 5.66, 5.38, 3.63, 5.32, 3.87, 4.98, 4.62, 2.0]
BEST_hyper_parameter
v: [32.32, 17.5, 28.41, 24.01, 34.94, 31.78, 21.19, 25.55, 33.69, 17.14, 20.4, 16.18, 11.7, 33.22]
a: [109.41, 142.36, 173.54, 126.35, 106.84, 78.8, 156.04, 163.12, 120.11, 122.11, 117.34, 178.7, 50.0, 146.64]
d: [3.5, 4.12, 3.66, 4.74, 3.92, 4.67, 4.34, 5.38, 3.5, 3.5, 3.87, 3.6, 4.62, 2.0]

iteration: 38
best: [5.77, 7.26, 9.2, 11.65, 14.83, 18.47, 27.65, 33.64, 38.74, 43.2, 44.9, 46.83, 50.29, 51.24]
time: [5.75, 7.23, 9.64, 15.47, 22.12, 25.72, 38.44, 42.38, 43.79, 45.31, 1000, 1000, 1000, 1000]
current_hyper_parameter
v: [32.32, 17.5, 29.79, 24.01, 13.18, 33.45, 17.62, 10.63, 33.69, 17.14, 29.88, 20.2, 11.7, 33.22]
a: [109.41, 142.36, 167.64, 126.35, 173.53, 78.8, 156.04, 60.05, 120.11, 122.11, 117.34, 151.16, 50.0, 146.64]
d: [3.5, 4.12, 3.95, 4.74, 3.92, 5.52, 4.34, 5.38, 3.5, 3.5, 3.87, 3.6, 4.62, 2.0]
BEST_hyper_parameter
v: [32.32, 17.5, 28.41, 24.01, 34.94, 31.78, 21.19, 25.55, 33.69, 17.14, 20.4, 16.18, 11.7, 33.22]
a: [109.41, 142.36, 173.54, 126.35, 106.84, 78.8, 156.04, 163.12, 120.11, 122.11, 117.34, 178.7, 50.0, 146.64]
d: [3.5, 4.12, 3.66, 4.74, 3.92, 4.67, 4.34, 5.38, 3.5, 3.5, 3.87, 3.6, 4.62, 2.0]

iteration: 39
best: [5.77, 7.26, 9.2, 11.65, 14.83, 18.47, 27.65, 33.64, 38.74, 43.2, 44.9, 46.83, 50.29, 51.24]
time: [5.78, 7.26, 10.16, 12.88, 1000, 1000, 1000, 1000, 1000, 1000, 1000, 1000, 1000, 1000]
current_hyper_parameter
v: [32.32, 17.5, 20.64, 14.3, 17.68, 14.35, 22.9, 13.36, 24.21, 31.57, 30.06, 26.89, 11.7, 26.61]
a: [109.41, 142.36, 95.7, 126.35, 117.89, 36.47, 87.93, 163.12, 120.11, 42.58, 110.75, 51.45, 50.0, 47.36]
d: [3.5, 4.12, 3.66, 3.53, 5.62, 4.67, 5.56, 5.38, 3.5, 5.54, 3.87, 3.6, 4.62, 2.0]
BEST_hyper_parameter
v: [32.32, 17.5, 28.41, 24.01, 34.94, 31.78, 21.19, 25.55, 33.69, 17.14, 20.4, 16.18, 11.7, 33.22]
a: [109.41, 142.36, 173.54, 126.35, 106.84, 78.8, 156.04, 163.12, 120.11, 122.11, 117.34, 178.7, 50.0, 146.64]
d: [3.5, 4.12, 3.66, 4.74, 3.92, 4.67, 4.34, 5.38, 3.5, 3.5, 3.87, 3.6, 4.62, 2.0]

iteration: 40
best: [5.77, 7.26, 9.2, 11.65, 14.83, 18.47, 27.65, 33.64, 38.74, 43.2, 44.9, 46.83, 50.29, 51.24]
time: [5.74, 7.23, 9.86, 12.36, 14.76, 19.36, 32.87, 35.76, 37.38, 38.95, 1000, 1000, 1000, 1000]
current_hyper_parameter
v: [32.32, 17.5, 30.79, 17.95, 17.72, 17.29, 17.8, 19.65, 13.63, 24.83, 20.4, 30.77, 26.83, 11.89]
a: [109.41, 142.36, 106.6, 126.35, 174.46, 63.29, 152.24, 93.18, 120.11, 122.11, 117.34, 178.7, 50.0, 145.22]
d: [3.5, 4.12, 3.66, 4.74, 3.92, 4.67, 4.99, 3.85, 3.5, 5.21, 3.87, 4.94, 3.75, 2.0]
BEST_hyper_parameter
v: [32.32, 17.5, 28.41, 24.01, 34.94, 31.78, 21.19, 25.55, 33.69, 17.14, 20.4, 16.18, 11.7, 33.22]
a: [109.41, 142.36, 173.54, 126.35, 106.84, 78.8, 156.04, 163.12, 120.11, 122.11, 117.34, 178.7, 50.0, 146.64]
d: [3.5, 4.12, 3.66, 4.74, 3.92, 4.67, 4.34, 5.38, 3.5, 3.5, 3.87, 3.6, 4.62, 2.0]

iteration: 41
best: [5.77, 7.26, 9.2, 11.65, 14.83, 18.47, 27.65, 33.64, 38.74, 43.2, 44.9, 46.83, 50.29, 51.24]
time: [5.78, 7.25, 10.67, 14.23, 25.19, 30.23, 41.55, 47.39, 1000, 1000, 1000, 1000, 1000, 1000]
current_hyper_parameter
v: [32.32, 17.5, 11.28, 11.57, 27.47, 31.78, 21.19, 28.49, 21.35, 29.55, 14.24, 32.2, 11.7, 18.99]
a: [109.41, 142.36, 56.77, 47.47, 106.84, 78.8, 156.04, 136.25, 120.11, 122.11, 128.77, 28.82, 50.0, 120.98]
d: [3.5, 4.12, 3.66, 4.74, 5.26, 4.67, 4.34, 5.38, 3.5, 3.5, 4.65, 5.35, 4.62, 2.0]
BEST_hyper_parameter
v: [32.32, 17.5, 28.41, 24.01, 34.94, 31.78, 21.19, 25.55, 33.69, 17.14, 20.4, 16.18, 11.7, 33.22]
a: [109.41, 142.36, 173.54, 126.35, 106.84, 78.8, 156.04, 163.12, 120.11, 122.11, 117.34, 178.7, 50.0, 146.64]
d: [3.5, 4.12, 3.66, 4.74, 3.92, 4.67, 4.34, 5.38, 3.5, 3.5, 3.87, 3.6, 4.62, 2.0]

iteration: 42
best: [5.77, 7.26, 9.2, 11.65, 14.83, 18.47, 27.65, 33.64, 38.74, 43.2, 44.9, 46.83, 50.29, 51.24]
time: [5.75, 7.24, 9.82, 12.34, 18.9, 22.14, 35.92, 38.31, 1000, 1000, 1000, 1000, 1000, 1000]
current_hyper_parameter
v: [32.32, 17.5, 22.14, 18.63, 11.69, 13.49, 16.02, 25.55, 33.91, 17.01, 26.16, 16.49, 20.09, 19.22]
a: [109.41, 142.36, 168.69, 105.59, 106.84, 178.1, 156.04, 163.12, 162.93, 31.92, 107.29, 178.7, 46.82, 189.48]
d: [3.5, 4.12, 3.66, 4.74, 5.36, 4.67, 4.28, 5.38, 5.38, 3.5, 5.64, 3.62, 4.62, 2.0]
BEST_hyper_parameter
v: [32.32, 17.5, 28.41, 24.01, 34.94, 31.78, 21.19, 25.55, 33.69, 17.14, 20.4, 16.18, 11.7, 33.22]
a: [109.41, 142.36, 173.54, 126.35, 106.84, 78.8, 156.04, 163.12, 120.11, 122.11, 117.34, 178.7, 50.0, 146.64]
d: [3.5, 4.12, 3.66, 4.74, 3.92, 4.67, 4.34, 5.38, 3.5, 3.5, 3.87, 3.6, 4.62, 2.0]

iteration: 43
best: [5.77, 7.26, 9.2, 11.65, 14.83, 18.47, 27.65, 33.64, 38.74, 43.2, 44.9, 46.83, 50.29, 51.24]
time: [5.79, 7.28, 10.5, 16.01, 1000, 1000, 1000, 1000, 1000, 1000, 1000, 1000, 1000, 1000]
current_hyper_parameter
v: [32.32, 17.5, 20.39, 20.52, 34.13, 11.32, 21.19, 32.69, 23.33, 21.77, 18.7, 16.18, 12.34, 33.22]
a: [109.41, 142.36, 54.06, 150.65, 75.72, 78.8, 156.04, 33.37, 159.38, 46.57, 117.34, 178.7, 67.36, 146.64]
d: [3.5, 4.12, 3.66, 4.03, 3.92, 4.88, 4.34, 5.11, 3.5, 3.5, 4.58, 3.6, 4.62, 2.0]
BEST_hyper_parameter
v: [32.32, 17.5, 28.41, 24.01, 34.94, 31.78, 21.19, 25.55, 33.69, 17.14, 20.4, 16.18, 11.7, 33.22]
a: [109.41, 142.36, 173.54, 126.35, 106.84, 78.8, 156.04, 163.12, 120.11, 122.11, 117.34, 178.7, 50.0, 146.64]
d: [3.5, 4.12, 3.66, 4.74, 3.92, 4.67, 4.34, 5.38, 3.5, 3.5, 3.87, 3.6, 4.62, 2.0]

iteration: 44
best: [5.77, 7.26, 9.2, 11.65, 14.83, 18.47, 27.65, 33.64, 38.74, 43.2, 44.9, 46.83, 50.29, 51.24]
time: [5.76, 7.25, 9.69, 14.86, 1000, 1000, 1000, 1000, 1000, 1000, 1000, 1000, 1000, 1000]
current_hyper_parameter
v: [32.32, 17.5, 28.41, 25.8, 34.94, 21.08, 30.57, 19.61, 33.69, 30.1, 20.4, 34.01, 11.7, 25.22]
a: [109.41, 142.36, 173.54, 181.82, 106.84, 34.17, 186.71, 163.12, 120.11, 37.19, 117.34, 154.11, 50.0, 121.06]
d: [3.5, 4.12, 3.66, 4.74, 3.92, 4.67, 4.57, 5.38, 3.5, 3.5, 3.87, 5.52, 4.62, 2.0]
BEST_hyper_parameter
v: [32.32, 17.5, 28.41, 24.01, 34.94, 31.78, 21.19, 25.55, 33.69, 17.14, 20.4, 16.18, 11.7, 33.22]
a: [109.41, 142.36, 173.54, 126.35, 106.84, 78.8, 156.04, 163.12, 120.11, 122.11, 117.34, 178.7, 50.0, 146.64]
d: [3.5, 4.12, 3.66, 4.74, 3.92, 4.67, 4.34, 5.38, 3.5, 3.5, 3.87, 3.6, 4.62, 2.0]

iteration: 45
best: [5.77, 7.26, 9.2, 11.65, 14.83, 18.47, 27.65, 33.64, 38.74, 43.2, 44.9, 46.83, 50.29, 51.24]
time: [5.74, 7.22, 9.74, 12.33, 1000, 1000, 1000, 1000, 1000, 1000, 1000, 1000, 1000, 1000]
current_hyper_parameter
v: [32.32, 17.5, 28.49, 15.1, 31.75, 31.54, 21.19, 31.84, 20.31, 26.6, 20.4, 24.55, 19.65, 14.24]
a: [109.41, 142.36, 146.05, 126.35, 106.84, 196.65, 156.04, 39.21, 120.11, 122.11, 117.34, 194.77, 135.36, 30.44]
d: [3.5, 4.12, 3.66, 5.19, 4.37, 5.58, 4.34, 5.26, 3.5, 4.49, 3.87, 3.6, 3.72, 2.0]
BEST_hyper_parameter
v: [32.32, 17.5, 28.41, 24.01, 34.94, 31.78, 21.19, 25.55, 33.69, 17.14, 20.4, 16.18, 11.7, 33.22]
a: [109.41, 142.36, 173.54, 126.35, 106.84, 78.8, 156.04, 163.12, 120.11, 122.11, 117.34, 178.7, 50.0, 146.64]
d: [3.5, 4.12, 3.66, 4.74, 3.92, 4.67, 4.34, 5.38, 3.5, 3.5, 3.87, 3.6, 4.62, 2.0]
mutation at idx = 0

iteration: 46
best: [5.77, 7.26, 9.2, 11.65, 14.83, 18.47, 27.65, 33.64, 38.74, 43.2, 44.9, 46.83, 50.29, 51.24]
time: [5.87, 7.39, 10.35, 15.73, 1000, 1000, 1000, 1000, 1000, 1000, 1000, 1000, 1000, 1000]
current_hyper_parameter
v: [20.68, 17.5, 15.45, 28.91, 21.84, 28.78, 16.25, 29.17, 26.96, 28.52, 21.76, 16.18, 12.22, 18.12]
a: [109.41, 142.36, 109.82, 146.82, 106.84, 60.94, 156.04, 177.33, 120.96, 122.11, 70.24, 178.7, 27.15, 86.69]
d: [3.5, 4.12, 3.66, 5.23, 3.92, 5.67, 4.34, 5.8, 3.5, 3.5, 5.28, 3.6, 5.11, 2.0]
BEST_hyper_parameter
v: [32.32, 17.5, 28.41, 24.01, 34.94, 31.78, 21.19, 25.55, 33.69, 17.14, 20.4, 16.18, 11.7, 33.22]
a: [109.41, 142.36, 173.54, 126.35, 106.84, 78.8, 156.04, 163.12, 120.11, 122.11, 117.34, 178.7, 50.0, 146.64]
d: [3.5, 4.12, 3.66, 4.74, 3.92, 4.67, 4.34, 5.38, 3.5, 3.5, 3.87, 3.6, 4.62, 2.0]

iteration: 47
best: [5.77, 7.26, 9.2, 11.65, 14.83, 18.47, 27.65, 33.64, 38.74, 43.2, 44.9, 46.83, 50.29, 51.24]
time: [5.77, 7.27, 9.59, 12.15, 1000, 1000, 1000, 1000, 1000, 1000, 1000, 1000, 1000, 1000]
current_hyper_parameter
v: [32.32, 17.5, 34.07, 28.79, 24.9, 11.45, 21.19, 15.19, 24.96, 14.05, 28.2, 29.96, 23.5, 33.71]
a: [109.41, 142.36, 173.54, 48.12, 112.28, 195.49, 156.04, 131.75, 105.87, 182.8, 117.34, 66.4, 77.63, 21.17]
d: [3.5, 4.12, 3.66, 4.74, 5.24, 4.67, 4.34, 5.38, 4.2, 3.5, 3.87, 5.94, 4.62, 2.0]
BEST_hyper_parameter
v: [32.32, 17.5, 28.41, 24.01, 34.94, 31.78, 21.19, 25.55, 33.69, 17.14, 20.4, 16.18, 11.7, 33.22]
a: [109.41, 142.36, 173.54, 126.35, 106.84, 78.8, 156.04, 163.12, 120.11, 122.11, 117.34, 178.7, 50.0, 146.64]
d: [3.5, 4.12, 3.66, 4.74, 3.92, 4.67, 4.34, 5.38, 3.5, 3.5, 3.87, 3.6, 4.62, 2.0]
mutation at idx = 1

iteration: 48
best: [5.77, 7.26, 9.2, 11.65, 14.83, 18.47, 27.65, 33.64, 38.74, 43.2, 44.9, 46.83, 50.29, 51.24]
time: [5.78, 7.37, 10.04, 15.18, 22.46, 25.81, 37.86, 40.82, 42.07, 43.93, 45.72, 50.26, 1000, 1000]
current_hyper_parameter
v: [32.32, 25.04, 23.84, 27.21, 26.78, 22.23, 13.55, 14.28, 32.58, 17.14, 23.93, 25.55, 28.51, 33.22]
a: [109.41, 73.84, 132.38, 157.7, 112.69, 182.29, 177.68, 184.69, 120.11, 122.11, 117.34, 176.98, 50.0, 146.64]
d: [3.5, 4.12, 3.93, 5.42, 4.66, 5.47, 4.34, 5.58, 3.5, 3.5, 4.13, 4.22, 4.62, 2.0]
BEST_hyper_parameter
v: [32.32, 17.5, 28.41, 24.01, 34.94, 31.78, 21.19, 25.55, 33.69, 17.14, 20.4, 16.18, 11.7, 33.22]
a: [109.41, 142.36, 173.54, 126.35, 106.84, 78.8, 156.04, 163.12, 120.11, 122.11, 117.34, 178.7, 50.0, 146.64]
d: [3.5, 4.12, 3.66, 4.74, 3.92, 4.67, 4.34, 5.38, 3.5, 3.5, 3.87, 3.6, 4.62, 2.0]

iteration: 49
best: [5.77, 7.26, 9.2, 11.65, 14.83, 18.47, 27.65, 33.64, 38.74, 43.2, 44.9, 46.83, 50.29, 51.24]
time: [5.77, 7.25, 9.78, 12.34, 17.87, 22.61, 36.42, 38.89, 1000, 1000, 1000, 1000, 1000, 1000]
current_hyper_parameter
v: [32.32, 17.5, 23.25, 18.59, 25.01, 23.02, 21.54, 25.55, 33.69, 29.75, 20.4, 19.44, 19.26, 19.81]
a: [109.41, 142.36, 155.2, 126.35, 168.22, 37.2, 74.9, 163.12, 120.11, 133.46, 117.34, 133.07, 50.0, 155.42]
d: [3.5, 4.12, 3.66, 4.54, 5.56, 4.67, 4.34, 5.38, 3.5, 3.5, 3.87, 3.6, 3.86, 2.0]
BEST_hyper_parameter
v: [32.32, 17.5, 28.41, 24.01, 34.94, 31.78, 21.19, 25.55, 33.69, 17.14, 20.4, 16.18, 11.7, 33.22]
a: [109.41, 142.36, 173.54, 126.35, 106.84, 78.8, 156.04, 163.12, 120.11, 122.11, 117.34, 178.7, 50.0, 146.64]
d: [3.5, 4.12, 3.66, 4.74, 3.92, 4.67, 4.34, 5.38, 3.5, 3.5, 3.87, 3.6, 4.62, 2.0]
mutation at idx = 1

iteration: 50
best: [5.77, 7.26, 9.2, 11.65, 14.83, 18.47, 27.65, 33.64, 38.74, 43.2, 44.9, 46.83, 50.29, 51.24]
time: [5.78, 7.07, 9.18, 14.66, 23.23, 26.37, 41.93, 44.5, 54.71, 1000, 1000, 1000, 1000, 1000]
current_hyper_parameter
v: [32.32, 30.46, 28.41, 14.09, 31.63, 31.78, 15.47, 25.15, 24.8, 11.97, 11.17, 26.32, 18.33, 24.74]
a: [109.41, 142.36, 173.54, 126.35, 54.17, 78.8, 156.04, 135.64, 60.63, 174.1, 117.34, 171.56, 50.0, 59.65]
d: [3.5, 5.39, 3.66, 4.74, 4.05, 4.67, 4.34, 5.38, 3.5, 3.5, 3.87, 4.12, 4.74, 2.0]
BEST_hyper_parameter
v: [32.32, 17.5, 28.41, 24.01, 34.94, 31.78, 21.19, 25.55, 33.69, 17.14, 20.4, 16.18, 11.7, 33.22]
a: [109.41, 142.36, 173.54, 126.35, 106.84, 78.8, 156.04, 163.12, 120.11, 122.11, 117.34, 178.7, 50.0, 146.64]
d: [3.5, 4.12, 3.66, 4.74, 3.92, 4.67, 4.34, 5.38, 3.5, 3.5, 3.87, 3.6, 4.62, 2.0]

iteration: 51
best: [5.77, 7.26, 9.2, 11.65, 14.83, 18.47, 27.65, 33.64, 38.74, 43.2, 44.9, 46.83, 50.29, 51.24]
time: [5.77, 7.25, 9.68, 11.88, 17.18, 21.52, 34.3, 36.89, 1000, 1000, 1000, 1000, 1000, 1000]
current_hyper_parameter
v: [32.32, 17.5, 28.41, 34.3, 34.94, 17.31, 25.94, 25.99, 33.69, 17.14, 33.57, 16.47, 24.5, 27.64]
a: [109.41, 142.36, 173.54, 126.35, 106.84, 78.8, 40.73, 163.12, 120.11, 122.11, 117.34, 178.7, 50.0, 20.56]
d: [3.5, 4.12, 3.66, 4.74, 3.92, 4.67, 4.29, 4.71, 3.5, 3.5, 4.44, 4.3, 5.73, 2.0]
BEST_hyper_parameter
v: [32.32, 17.5, 28.41, 24.01, 34.94, 31.78, 21.19, 25.55, 33.69, 17.14, 20.4, 16.18, 11.7, 33.22]
a: [109.41, 142.36, 173.54, 126.35, 106.84, 78.8, 156.04, 163.12, 120.11, 122.11, 117.34, 178.7, 50.0, 146.64]
d: [3.5, 4.12, 3.66, 4.74, 3.92, 4.67, 4.34, 5.38, 3.5, 3.5, 3.87, 3.6, 4.62, 2.0]

iteration: 52
best: [5.77, 7.26, 9.2, 11.65, 14.83, 18.47, 27.65, 33.64, 38.74, 43.2, 44.9, 46.83, 50.29, 51.24]
time: [5.72, 7.22, 9.65, 11.74, 17.07, 24.48, 35.43, 38.43, 39.9, 41.85, 46.95, 1000, 1000, 1000]
current_hyper_parameter
v: [32.32, 17.5, 29.89, 24.01, 28.55, 31.78, 21.91, 22.76, 15.44, 11.64, 23.53, 27.42, 27.12, 23.89]
a: [109.41, 142.36, 173.54, 126.35, 191.09, 78.8, 149.27, 102.14, 120.11, 140.44, 68.62, 100.64, 21.04, 146.64]
d: [3.5, 4.12, 3.64, 4.74, 3.93, 4.67, 5.03, 5.38, 3.5, 4.83, 3.87, 3.6, 4.62, 2.0]
BEST_hyper_parameter
v: [32.32, 17.5, 28.41, 24.01, 34.94, 31.78, 21.19, 25.55, 33.69, 17.14, 20.4, 16.18, 11.7, 33.22]
a: [109.41, 142.36, 173.54, 126.35, 106.84, 78.8, 156.04, 163.12, 120.11, 122.11, 117.34, 178.7, 50.0, 146.64]
d: [3.5, 4.12, 3.66, 4.74, 3.92, 4.67, 4.34, 5.38, 3.5, 3.5, 3.87, 3.6, 4.62, 2.0]

iteration: 53
best: [5.77, 7.26, 9.2, 11.65, 14.83, 18.47, 27.65, 33.64, 38.74, 43.2, 44.9, 46.83, 50.29, 51.24]
time: [5.74, 7.22, 9.67, 11.8, 20.24, 36.43, 49.09, 51.4, 1000, 1000, 1000, 1000, 1000, 1000]
current_hyper_parameter
v: [32.32, 17.5, 28.41, 25.87, 21.96, 34.75, 19.02, 30.09, 24.78, 17.14, 19.99, 17.45, 30.39, 33.22]
a: [109.41, 142.36, 173.54, 197.32, 191.12, 65.42, 156.04, 163.12, 120.11, 122.11, 179.08, 178.7, 157.96, 146.64]
d: [3.5, 4.12, 3.66, 5.91, 3.92, 4.67, 5.69, 5.38, 3.76, 3.5, 5.33, 3.6, 4.62, 2.0]
BEST_hyper_parameter
v: [32.32, 17.5, 28.41, 24.01, 34.94, 31.78, 21.19, 25.55, 33.69, 17.14, 20.4, 16.18, 11.7, 33.22]
a: [109.41, 142.36, 173.54, 126.35, 106.84, 78.8, 156.04, 163.12, 120.11, 122.11, 117.34, 178.7, 50.0, 146.64]
d: [3.5, 4.12, 3.66, 4.74, 3.92, 4.67, 4.34, 5.38, 3.5, 3.5, 3.87, 3.6, 4.62, 2.0]

iteration: 54
best: [5.77, 7.26, 9.2, 11.65, 14.83, 18.47, 27.65, 33.64, 38.74, 43.2, 44.9, 46.83, 50.29, 51.24]
time: [5.78, 7.26, 9.62, 14.89, 1000, 1000, 1000, 1000, 1000, 1000, 1000, 1000, 1000, 1000]
current_hyper_parameter
v: [32.32, 17.5, 33.24, 19.35, 28.34, 14.34, 29.79, 14.01, 32.91, 17.14, 32.55, 12.55, 12.45, 16.45]
a: [109.41, 142.36, 173.54, 104.22, 28.53, 112.67, 156.04, 107.84, 120.11, 122.11, 125.41, 193.96, 50.0, 169.05]
d: [3.5, 4.12, 3.66, 4.74, 3.92, 4.67, 4.34, 5.84, 3.5, 3.5, 5.53, 3.6, 5.96, 2.0]
BEST_hyper_parameter
v: [32.32, 17.5, 28.41, 24.01, 34.94, 31.78, 21.19, 25.55, 33.69, 17.14, 20.4, 16.18, 11.7, 33.22]
a: [109.41, 142.36, 173.54, 126.35, 106.84, 78.8, 156.04, 163.12, 120.11, 122.11, 117.34, 178.7, 50.0, 146.64]
d: [3.5, 4.12, 3.66, 4.74, 3.92, 4.67, 4.34, 5.38, 3.5, 3.5, 3.87, 3.6, 4.62, 2.0]

iteration: 55
best: [5.77, 7.26, 9.2, 11.65, 14.83, 18.47, 27.65, 33.64, 38.74, 43.2, 44.9, 46.83, 50.29, 51.24]
time: [5.78, 7.24, 10.22, 12.72, 1000, 1000, 1000, 1000, 1000, 1000, 1000, 1000, 1000, 1000]
current_hyper_parameter
v: [32.32, 17.5, 14.51, 16.37, 30.55, 23.65, 14.5, 27.12, 31.96, 13.48, 27.09, 29.21, 23.05, 34.41]
a: [109.41, 142.36, 173.54, 156.71, 178.67, 48.54, 63.95, 191.46, 97.03, 134.57, 78.31, 178.7, 130.66, 67.61]
d: [3.5, 4.12, 3.66, 4.07, 5.97, 5.3, 4.34, 5.68, 3.5, 3.65, 3.87, 5.07, 5.76, 2.0]
BEST_hyper_parameter
v: [32.32, 17.5, 28.41, 24.01, 34.94, 31.78, 21.19, 25.55, 33.69, 17.14, 20.4, 16.18, 11.7, 33.22]
a: [109.41, 142.36, 173.54, 126.35, 106.84, 78.8, 156.04, 163.12, 120.11, 122.11, 117.34, 178.7, 50.0, 146.64]
d: [3.5, 4.12, 3.66, 4.74, 3.92, 4.67, 4.34, 5.38, 3.5, 3.5, 3.87, 3.6, 4.62, 2.0]
mutation at idx = 0

iteration: 56
best: [5.77, 7.26, 9.2, 11.65, 14.83, 18.47, 27.65, 33.64, 38.74, 43.2, 44.9, 46.83, 50.29, 51.24]
time: [5.79, 7.26, 9.67, 11.83, 17.21, 21.02, 29.01, 39.58, 47.01, 51.61, 1000, 1000, 1000, 1000]
current_hyper_parameter
v: [30.08, 17.5, 28.41, 25.77, 22.73, 17.26, 34.13, 25.55, 29.49, 17.14, 20.4, 27.39, 23.92, 33.22]
a: [109.41, 142.36, 173.54, 186.34, 106.84, 146.16, 156.04, 163.12, 146.23, 122.11, 117.34, 78.14, 182.48, 146.64]
d: [3.5, 4.12, 3.66, 3.51, 3.92, 4.13, 3.69, 5.38, 3.67, 3.5, 3.87, 4.06, 4.62, 2.0]
BEST_hyper_parameter
v: [32.32, 17.5, 28.41, 24.01, 34.94, 31.78, 21.19, 25.55, 33.69, 17.14, 20.4, 16.18, 11.7, 33.22]
a: [109.41, 142.36, 173.54, 126.35, 106.84, 78.8, 156.04, 163.12, 120.11, 122.11, 117.34, 178.7, 50.0, 146.64]
d: [3.5, 4.12, 3.66, 4.74, 3.92, 4.67, 4.34, 5.38, 3.5, 3.5, 3.87, 3.6, 4.62, 2.0]

iteration: 57
best: [5.77, 7.26, 9.2, 11.65, 14.83, 18.47, 27.65, 33.64, 38.74, 43.2, 44.9, 46.83, 50.29, 51.24]
time: [5.75, 7.3, 10.0, 12.53, 16.42, 22.37, 38.8, 41.19, 46.09, 47.58, 1000, 1000, 1000, 1000]
current_hyper_parameter
v: [32.32, 17.5, 18.85, 22.63, 18.17, 21.96, 13.25, 28.13, 20.82, 25.98, 11.76, 29.08, 29.64, 33.22]
a: [109.41, 142.36, 173.54, 69.4, 26.71, 111.69, 156.04, 164.8, 120.11, 189.9, 39.49, 155.73, 156.85, 146.64]
d: [3.5, 4.12, 3.66, 3.78, 3.72, 4.56, 4.34, 5.38, 3.5, 3.85, 3.87, 5.69, 5.52, 2.0]
BEST_hyper_parameter
v: [32.32, 17.5, 28.41, 24.01, 34.94, 31.78, 21.19, 25.55, 33.69, 17.14, 20.4, 16.18, 11.7, 33.22]
a: [109.41, 142.36, 173.54, 126.35, 106.84, 78.8, 156.04, 163.12, 120.11, 122.11, 117.34, 178.7, 50.0, 146.64]
d: [3.5, 4.12, 3.66, 4.74, 3.92, 4.67, 4.34, 5.38, 3.5, 3.5, 3.87, 3.6, 4.62, 2.0]

iteration: 58
best: [5.77, 7.26, 9.2, 11.65, 14.83, 18.47, 27.65, 33.64, 38.74, 43.2, 44.9, 46.83, 50.29, 51.24]
time: [5.77, 7.24, 9.57, 15.6, 22.49, 26.17, 35.68, 38.18, 39.4, 41.04, 50.85, 1000, 1000, 1000]
current_hyper_parameter
v: [32.32, 17.5, 31.96, 24.01, 28.71, 19.3, 28.41, 25.55, 13.58, 33.47, 19.49, 13.57, 26.03, 26.33]
a: [109.41, 142.36, 173.54, 126.35, 140.76, 131.43, 156.04, 163.12, 117.84, 86.97, 52.87, 178.7, 28.79, 153.55]
d: [3.5, 4.12, 4.37, 4.74, 3.92, 4.67, 4.34, 5.38, 5.14, 3.5, 5.54, 3.6, 4.62, 2.0]
BEST_hyper_parameter
v: [32.32, 17.5, 28.41, 24.01, 34.94, 31.78, 21.19, 25.55, 33.69, 17.14, 20.4, 16.18, 11.7, 33.22]
a: [109.41, 142.36, 173.54, 126.35, 106.84, 78.8, 156.04, 163.12, 120.11, 122.11, 117.34, 178.7, 50.0, 146.64]
d: [3.5, 4.12, 3.66, 4.74, 3.92, 4.67, 4.34, 5.38, 3.5, 3.5, 3.87, 3.6, 4.62, 2.0]

iteration: 59
best: [5.77, 7.26, 9.2, 11.65, 14.83, 18.47, 27.65, 33.64, 38.74, 43.2, 44.9, 46.83, 50.29, 51.24]
time: [5.77, 7.25, 9.89, 12.44, 14.79, 19.62, 32.6, 1000, 1000, 1000, 1000, 1000, 1000, 1000]
current_hyper_parameter
v: [32.32, 17.5, 20.49, 15.17, 34.94, 29.05, 20.69, 15.19, 33.69, 11.69, 19.32, 30.9, 11.7, 19.41]
a: [109.41, 142.36, 173.54, 126.35, 106.84, 45.47, 156.04, 37.47, 120.11, 34.32, 55.61, 26.45, 50.0, 146.64]
d: [3.5, 4.12, 4.56, 4.74, 3.92, 4.82, 5.11, 4.96, 3.5, 5.71, 4.88, 4.11, 4.62, 2.0]
BEST_hyper_parameter
v: [32.32, 17.5, 28.41, 24.01, 34.94, 31.78, 21.19, 25.55, 33.69, 17.14, 20.4, 16.18, 11.7, 33.22]
a: [109.41, 142.36, 173.54, 126.35, 106.84, 78.8, 156.04, 163.12, 120.11, 122.11, 117.34, 178.7, 50.0, 146.64]
d: [3.5, 4.12, 3.66, 4.74, 3.92, 4.67, 4.34, 5.38, 3.5, 3.5, 3.87, 3.6, 4.62, 2.0]

iteration: 60
best: [5.77, 7.26, 9.2, 11.65, 14.83, 18.47, 27.65, 33.64, 38.74, 43.2, 44.9, 46.83, 50.29, 51.24]
time: [5.76, 7.25, 10.01, 12.34, 14.88, 18.59, 29.52, 39.89, 1000, 1000, 1000, 1000, 1000, 1000]
current_hyper_parameter
v: [32.32, 17.5, 32.76, 24.01, 31.63, 19.13, 21.19, 31.72, 33.69, 15.72, 20.4, 20.15, 34.82, 22.54]
a: [109.41, 142.36, 85.37, 126.35, 105.25, 101.63, 156.04, 163.12, 120.11, 111.21, 117.34, 68.37, 50.0, 91.63]
d: [3.5, 4.12, 3.64, 4.74, 3.71, 4.67, 4.34, 4.03, 3.5, 4.15, 3.87, 3.6, 4.65, 2.0]
BEST_hyper_parameter
v: [32.32, 17.5, 28.41, 24.01, 34.94, 31.78, 21.19, 25.55, 33.69, 17.14, 20.4, 16.18, 11.7, 33.22]
a: [109.41, 142.36, 173.54, 126.35, 106.84, 78.8, 156.04, 163.12, 120.11, 122.11, 117.34, 178.7, 50.0, 146.64]
d: [3.5, 4.12, 3.66, 4.74, 3.92, 4.67, 4.34, 5.38, 3.5, 3.5, 3.87, 3.6, 4.62, 2.0]
mutation at idx = 1

iteration: 61
best: [5.77, 7.26, 9.2, 11.65, 14.83, 18.47, 27.65, 33.64, 38.74, 43.2, 44.9, 46.83, 50.29, 51.24]
time: [5.78, 7.46, 9.96, 12.49, 18.04, 21.1, 33.14, 35.61, 41.19, 1000, 1000, 1000, 1000, 1000]
current_hyper_parameter
v: [32.32, 12.42, 28.41, 21.44, 34.94, 31.61, 13.18, 29.71, 26.42, 16.35, 20.4, 29.26, 13.29, 15.18]
a: [109.41, 47.1, 173.54, 58.65, 106.84, 150.27, 116.23, 163.12, 170.96, 105.69, 117.34, 178.7, 50.0, 124.36]
d: [3.5, 4.12, 3.66, 4.74, 3.92, 5.0, 4.34, 5.38, 5.2, 4.2, 3.87, 3.6, 5.71, 2.0]
BEST_hyper_parameter
v: [32.32, 17.5, 28.41, 24.01, 34.94, 31.78, 21.19, 25.55, 33.69, 17.14, 20.4, 16.18, 11.7, 33.22]
a: [109.41, 142.36, 173.54, 126.35, 106.84, 78.8, 156.04, 163.12, 120.11, 122.11, 117.34, 178.7, 50.0, 146.64]
d: [3.5, 4.12, 3.66, 4.74, 3.92, 4.67, 4.34, 5.38, 3.5, 3.5, 3.87, 3.6, 4.62, 2.0]

iteration: 62
best: [5.77, 7.26, 9.2, 11.65, 14.83, 18.47, 27.65, 33.64, 38.74, 43.2, 44.9, 46.83, 50.29, 51.24]
time: [5.77, 7.26, 9.58, 15.68, 22.65, 27.71, 46.87, 50.17, 51.49, 1000, 1000, 1000, 1000, 1000]
current_hyper_parameter
v: [32.32, 17.5, 31.49, 24.01, 34.94, 11.51, 11.89, 13.27, 33.24, 33.38, 13.38, 18.83, 11.02, 20.83]
a: [109.41, 142.36, 181.82, 126.35, 106.84, 72.83, 183.61, 148.75, 101.26, 24.02, 183.99, 86.0, 38.03, 175.53]
d: [3.5, 4.12, 3.66, 4.74, 3.92, 4.67, 4.34, 4.74, 3.5, 5.19, 4.09, 3.6, 4.04, 2.0]
BEST_hyper_parameter
v: [32.32, 17.5, 28.41, 24.01, 34.94, 31.78, 21.19, 25.55, 33.69, 17.14, 20.4, 16.18, 11.7, 33.22]
a: [109.41, 142.36, 173.54, 126.35, 106.84, 78.8, 156.04, 163.12, 120.11, 122.11, 117.34, 178.7, 50.0, 146.64]
d: [3.5, 4.12, 3.66, 4.74, 3.92, 4.67, 4.34, 5.38, 3.5, 3.5, 3.87, 3.6, 4.62, 2.0]

iteration: 63
best: [5.77, 7.26, 9.2, 11.65, 14.83, 18.47, 27.65, 33.64, 38.74, 43.2, 44.9, 46.83, 50.29, 51.24]
time: [5.73, 7.23, 10.55, 13.3, 21.06, 23.57, 39.1, 42.51, 44.4, 46.35, 1000, 1000, 1000, 1000]
current_hyper_parameter
v: [32.32, 17.5, 15.48, 24.35, 17.05, 28.96, 13.59, 18.61, 10.71, 17.14, 20.4, 10.57, 13.38, 26.19]
a: [109.41, 142.36, 54.67, 77.23, 131.55, 78.8, 190.03, 61.97, 120.11, 122.11, 117.34, 178.7, 50.0, 27.52]
d: [3.5, 4.12, 4.29, 4.18, 3.92, 5.67, 4.11, 4.15, 3.5, 3.5, 3.87, 4.2, 4.62, 2.0]
BEST_hyper_parameter
v: [32.32, 17.5, 28.41, 24.01, 34.94, 31.78, 21.19, 25.55, 33.69, 17.14, 20.4, 16.18, 11.7, 33.22]
a: [109.41, 142.36, 173.54, 126.35, 106.84, 78.8, 156.04, 163.12, 120.11, 122.11, 117.34, 178.7, 50.0, 146.64]
d: [3.5, 4.12, 3.66, 4.74, 3.92, 4.67, 4.34, 5.38, 3.5, 3.5, 3.87, 3.6, 4.62, 2.0]

iteration: 64
best: [5.77, 7.26, 9.2, 11.65, 14.83, 18.47, 27.65, 33.64, 38.74, 43.2, 44.9, 46.83, 50.29, 51.24]
time: [5.76, 7.24, 9.67, 11.87, 14.33, 17.5, 27.21, 29.82, 30.91, 1000, 1000, 1000, 1000, 1000]
current_hyper_parameter
v: [32.32, 17.5, 28.41, 33.84, 24.41, 31.32, 21.11, 29.04, 26.01, 32.83, 20.4, 31.29, 18.06, 33.68]
a: [109.41, 142.36, 173.54, 126.35, 96.95, 198.73, 85.92, 100.53, 198.0, 39.11, 117.34, 178.48, 50.0, 146.64]
d: [3.5, 4.12, 3.66, 4.74, 3.98, 4.67, 5.59, 5.38, 3.5, 3.5, 3.87, 4.17, 4.62, 2.0]
BEST_hyper_parameter
v: [32.32, 17.5, 28.41, 24.01, 34.94, 31.78, 21.19, 25.55, 33.69, 17.14, 20.4, 16.18, 11.7, 33.22]
a: [109.41, 142.36, 173.54, 126.35, 106.84, 78.8, 156.04, 163.12, 120.11, 122.11, 117.34, 178.7, 50.0, 146.64]
d: [3.5, 4.12, 3.66, 4.74, 3.92, 4.67, 4.34, 5.38, 3.5, 3.5, 3.87, 3.6, 4.62, 2.0]

iteration: 65
best: [5.77, 7.26, 9.2, 11.65, 14.83, 18.47, 27.65, 33.64, 38.74, 43.2, 44.9, 46.83, 50.29, 51.24]
time: [5.77, 7.26, 10.34, 1000, 1000, 1000, 1000, 1000, 1000, 1000, 1000, 1000, 1000, 1000]
current_hyper_parameter
v: [32.32, 17.5, 15.28, 28.23, 27.22, 28.89, 20.69, 34.76, 15.06, 17.14, 16.13, 16.18, 11.7, 14.21]
a: [109.41, 142.36, 79.58, 126.35, 45.87, 102.59, 156.04, 163.12, 173.79, 122.11, 68.89, 178.7, 50.0, 186.72]
d: [3.5, 4.12, 4.1, 4.74, 5.29, 4.86, 4.34, 3.94, 4.89, 3.5, 3.87, 3.6, 4.62, 2.0]
BEST_hyper_parameter
v: [32.32, 17.5, 28.41, 24.01, 34.94, 31.78, 21.19, 25.55, 33.69, 17.14, 20.4, 16.18, 11.7, 33.22]
a: [109.41, 142.36, 173.54, 126.35, 106.84, 78.8, 156.04, 163.12, 120.11, 122.11, 117.34, 178.7, 50.0, 146.64]
d: [3.5, 4.12, 3.66, 4.74, 3.92, 4.67, 4.34, 5.38, 3.5, 3.5, 3.87, 3.6, 4.62, 2.0]
mutation at idx = 1

iteration: 66
best: [5.77, 7.26, 9.2, 11.65, 14.83, 18.47, 27.65, 33.64, 38.74, 43.2, 44.9, 46.83, 50.29, 51.24]
time: [5.76, 7.38, 10.19, 12.32, 15.1, 27.28, 43.04, 1000, 1000, 1000, 1000, 1000, 1000, 1000]
current_hyper_parameter
v: [32.32, 16.13, 20.19, 24.01, 17.15, 27.44, 21.19, 30.2, 16.1, 22.63, 17.46, 22.1, 11.7, 33.32]
a: [109.41, 25.76, 157.88, 126.35, 106.84, 78.8, 156.04, 144.38, 120.11, 122.11, 74.76, 192.01, 50.0, 122.56]
d: [3.5, 4.55, 4.67, 4.74, 3.92, 5.65, 4.34, 5.38, 3.5, 3.5, 3.87, 3.6, 4.62, 2.0]
BEST_hyper_parameter
v: [32.32, 17.5, 28.41, 24.01, 34.94, 31.78, 21.19, 25.55, 33.69, 17.14, 20.4, 16.18, 11.7, 33.22]
a: [109.41, 142.36, 173.54, 126.35, 106.84, 78.8, 156.04, 163.12, 120.11, 122.11, 117.34, 178.7, 50.0, 146.64]
d: [3.5, 4.12, 3.66, 4.74, 3.92, 4.67, 4.34, 5.38, 3.5, 3.5, 3.87, 3.6, 4.62, 2.0]

iteration: 67
best: [5.77, 7.26, 9.2, 11.65, 14.83, 18.47, 27.65, 33.64, 38.74, 43.2, 44.9, 46.83, 50.29, 51.24]
time: [5.8, 7.31, 10.27, 15.52, 22.09, 29.3, 50.16, 1000, 1000, 1000, 1000, 1000, 1000, 1000]
current_hyper_parameter
v: [32.32, 17.5, 24.49, 24.01, 14.1, 18.86, 31.51, 18.96, 33.69, 17.14, 20.11, 25.11, 11.68, 21.08]
a: [109.41, 142.36, 66.09, 126.35, 175.78, 78.8, 156.04, 196.9, 120.11, 122.11, 174.99, 178.23, 109.73, 146.64]
d: [3.5, 4.12, 4.95, 4.74, 3.92, 4.67, 4.34, 5.38, 3.5, 3.5, 3.87, 5.19, 4.62, 2.0]
BEST_hyper_parameter
v: [32.32, 17.5, 28.41, 24.01, 34.94, 31.78, 21.19, 25.55, 33.69, 17.14, 20.4, 16.18, 11.7, 33.22]
a: [109.41, 142.36, 173.54, 126.35, 106.84, 78.8, 156.04, 163.12, 120.11, 122.11, 117.34, 178.7, 50.0, 146.64]
d: [3.5, 4.12, 3.66, 4.74, 3.92, 4.67, 4.34, 5.38, 3.5, 3.5, 3.87, 3.6, 4.62, 2.0]
mutation at idx = 0

iteration: 68
best: [5.77, 7.26, 9.2, 11.65, 14.83, 18.47, 27.65, 33.64, 38.74, 43.2, 44.9, 46.83, 50.29, 51.24]
time: [5.98, 7.56, 10.8, 13.37, 19.47, 23.11, 32.63, 1000, 1000, 1000, 1000, 1000, 1000, 1000]
current_hyper_parameter
v: [16.09, 17.5, 10.65, 28.06, 16.32, 23.67, 27.64, 25.22, 28.61, 16.56, 34.4, 16.18, 33.06, 33.22]
a: [109.41, 142.36, 123.0, 118.68, 106.84, 78.8, 156.04, 163.12, 24.24, 194.3, 117.34, 178.7, 145.13, 146.64]
d: [4.54, 4.12, 3.66, 4.33, 3.92, 3.71, 4.34, 5.38, 3.69, 4.28, 3.87, 3.6, 3.66, 2.0]
BEST_hyper_parameter
v: [32.32, 17.5, 28.41, 24.01, 34.94, 31.78, 21.19, 25.55, 33.69, 17.14, 20.4, 16.18, 11.7, 33.22]
a: [109.41, 142.36, 173.54, 126.35, 106.84, 78.8, 156.04, 163.12, 120.11, 122.11, 117.34, 178.7, 50.0, 146.64]
d: [3.5, 4.12, 3.66, 4.74, 3.92, 4.67, 4.34, 5.38, 3.5, 3.5, 3.87, 3.6, 4.62, 2.0]

iteration: 69
best: [5.77, 7.26, 9.2, 11.65, 14.83, 18.47, 27.65, 33.64, 38.74, 43.2, 44.9, 46.83, 50.29, 51.24]
time: [5.76, 7.13, 9.53, 19.43, 22.77, 26.89, 37.12, 47.74, 1000, 1000, 1000, 1000, 1000, 1000]
current_hyper_parameter
v: [32.32, 23.97, 28.41, 28.06, 24.74, 12.46, 24.72, 26.43, 28.7, 22.82, 33.17, 19.54, 26.0, 23.8]
a: [109.41, 164.22, 173.54, 34.28, 106.84, 164.24, 156.04, 163.12, 38.84, 64.36, 38.43, 100.92, 50.0, 146.64]
d: [3.5, 4.12, 3.66, 4.74, 4.32, 4.67, 5.24, 5.38, 4.93, 5.45, 4.58, 3.6, 4.62, 2.0]
BEST_hyper_parameter
v: [32.32, 17.5, 28.41, 24.01, 34.94, 31.78, 21.19, 25.55, 33.69, 17.14, 20.4, 16.18, 11.7, 33.22]
a: [109.41, 142.36, 173.54, 126.35, 106.84, 78.8, 156.04, 163.12, 120.11, 122.11, 117.34, 178.7, 50.0, 146.64]
d: [3.5, 4.12, 3.66, 4.74, 3.92, 4.67, 4.34, 5.38, 3.5, 3.5, 3.87, 3.6, 4.62, 2.0]

iteration: 70
best: [5.77, 7.26, 9.2, 11.65, 14.83, 18.47, 27.65, 33.64, 38.74, 43.2, 44.9, 46.83, 50.29, 51.24]
time: [5.77, 7.26, 9.72, 19.27, 32.05, 35.82, 48.36, 50.95, 52.13, 1000, 1000, 1000, 1000, 1000]
current_hyper_parameter
v: [32.32, 17.5, 25.51, 24.01, 20.26, 12.71, 21.19, 25.55, 17.93, 18.11, 20.4, 16.18, 11.7, 23.99]
a: [109.41, 142.36, 157.33, 126.35, 33.54, 54.36, 156.04, 163.12, 120.11, 116.66, 117.34, 178.7, 50.0, 146.64]
d: [3.5, 4.12, 5.99, 4.74, 3.56, 4.94, 4.34, 5.38, 3.5, 3.82, 3.87, 3.6, 4.62, 2.0]
BEST_hyper_parameter
v: [32.32, 17.5, 28.41, 24.01, 34.94, 31.78, 21.19, 25.55, 33.69, 17.14, 20.4, 16.18, 11.7, 33.22]
a: [109.41, 142.36, 173.54, 126.35, 106.84, 78.8, 156.04, 163.12, 120.11, 122.11, 117.34, 178.7, 50.0, 146.64]
d: [3.5, 4.12, 3.66, 4.74, 3.92, 4.67, 4.34, 5.38, 3.5, 3.5, 3.87, 3.6, 4.62, 2.0]

iteration: 71
best: [5.77, 7.26, 9.2, 11.65, 14.83, 18.47, 27.65, 33.64, 38.74, 43.2, 44.9, 46.83, 50.29, 51.24]
time: [5.77, 7.25, 9.77, 19.83, 26.04, 29.63, 37.54, 1000, 1000, 1000, 1000, 1000, 1000, 1000]
current_hyper_parameter
v: [32.32, 17.5, 29.79, 21.35, 16.39, 20.59, 32.86, 20.72, 24.7, 19.54, 34.47, 14.32, 11.7, 32.97]
a: [109.41, 142.36, 129.11, 126.35, 179.19, 172.61, 156.04, 67.03, 121.73, 82.23, 74.22, 168.32, 50.0, 181.85]
d: [3.5, 4.12, 3.66, 4.18, 4.21, 4.67, 4.35, 5.98, 3.5, 3.5, 3.87, 4.48, 4.62, 2.0]
BEST_hyper_parameter
v: [32.32, 17.5, 28.41, 24.01, 34.94, 31.78, 21.19, 25.55, 33.69, 17.14, 20.4, 16.18, 11.7, 33.22]
a: [109.41, 142.36, 173.54, 126.35, 106.84, 78.8, 156.04, 163.12, 120.11, 122.11, 117.34, 178.7, 50.0, 146.64]
d: [3.5, 4.12, 3.66, 4.74, 3.92, 4.67, 4.34, 5.38, 3.5, 3.5, 3.87, 3.6, 4.62, 2.0]
mutation at idx = 0

iteration: 72
best: [5.77, 7.26, 9.2, 11.65, 14.83, 18.47, 27.65, 33.64, 38.74, 43.2, 44.9, 46.83, 50.29, 51.24]
time: [6.32, 7.99, 11.05, 13.68, 1000, 1000, 1000, 1000, 1000, 1000, 1000, 1000, 1000, 1000]
current_hyper_parameter
v: [11.51, 17.5, 14.08, 17.81, 22.18, 31.78, 26.83, 11.33, 27.9, 17.14, 13.93, 15.06, 15.32, 27.27]
a: [98.18, 142.36, 126.0, 126.35, 106.84, 78.8, 30.09, 29.57, 120.11, 122.11, 49.49, 148.24, 157.74, 173.06]
d: [3.5, 4.12, 4.02, 3.91, 3.92, 4.67, 5.04, 5.38, 5.04, 3.5, 3.87, 5.04, 4.62, 2.0]
BEST_hyper_parameter
v: [32.32, 17.5, 28.41, 24.01, 34.94, 31.78, 21.19, 25.55, 33.69, 17.14, 20.4, 16.18, 11.7, 33.22]
a: [109.41, 142.36, 173.54, 126.35, 106.84, 78.8, 156.04, 163.12, 120.11, 122.11, 117.34, 178.7, 50.0, 146.64]
d: [3.5, 4.12, 3.66, 4.74, 3.92, 4.67, 4.34, 5.38, 3.5, 3.5, 3.87, 3.6, 4.62, 2.0]

iteration: 73
best: [5.77, 7.26, 9.2, 11.65, 14.83, 18.47, 27.65, 33.64, 38.74, 43.2, 44.9, 46.83, 50.29, 51.24]
time: [5.75, 7.24, 10.14, 12.87, 19.35, 1000, 1000, 1000, 1000, 1000, 1000, 1000, 1000, 1000]
current_hyper_parameter
v: [32.32, 17.5, 29.46, 24.58, 32.83, 20.17, 21.19, 25.55, 33.69, 29.11, 25.9, 21.19, 10.78, 33.22]
a: [109.41, 142.36, 74.65, 64.48, 58.69, 51.31, 156.04, 163.12, 120.11, 122.11, 117.34, 199.05, 51.01, 146.64]
d: [3.5, 4.12, 3.66, 4.74, 3.92, 4.67, 4.34, 5.38, 3.5, 3.5, 3.87, 4.39, 4.62, 2.0]
BEST_hyper_parameter
v: [32.32, 17.5, 28.41, 24.01, 34.94, 31.78, 21.19, 25.55, 33.69, 17.14, 20.4, 16.18, 11.7, 33.22]
a: [109.41, 142.36, 173.54, 126.35, 106.84, 78.8, 156.04, 163.12, 120.11, 122.11, 117.34, 178.7, 50.0, 146.64]
d: [3.5, 4.12, 3.66, 4.74, 3.92, 4.67, 4.34, 5.38, 3.5, 3.5, 3.87, 3.6, 4.62, 2.0]

iteration: 74
best: [5.77, 7.26, 9.2, 11.65, 14.83, 18.47, 27.65, 33.64, 38.74, 43.2, 44.9, 46.83, 50.29, 51.24]
time: [5.78, 7.26, 9.95, 15.4, 20.93, 25.23, 36.09, 1000, 1000, 1000, 1000, 1000, 1000, 1000]
current_hyper_parameter
v: [32.32, 17.5, 19.39, 29.18, 17.88, 31.78, 21.19, 25.55, 31.65, 24.86, 30.18, 12.4, 25.89, 24.52]
a: [109.41, 142.36, 173.54, 99.0, 194.71, 78.8, 156.04, 163.12, 120.11, 91.17, 117.34, 178.7, 42.32, 78.04]
d: [3.5, 4.12, 3.66, 4.72, 3.92, 4.67, 4.34, 5.38, 3.5, 4.33, 3.87, 3.6, 5.71, 2.0]
BEST_hyper_parameter
v: [32.32, 17.5, 28.41, 24.01, 34.94, 31.78, 21.19, 25.55, 33.69, 17.14, 20.4, 16.18, 11.7, 33.22]
a: [109.41, 142.36, 173.54, 126.35, 106.84, 78.8, 156.04, 163.12, 120.11, 122.11, 117.34, 178.7, 50.0, 146.64]
d: [3.5, 4.12, 3.66, 4.74, 3.92, 4.67, 4.34, 5.38, 3.5, 3.5, 3.87, 3.6, 4.62, 2.0]

iteration: 75
best: [5.77, 7.26, 9.2, 11.65, 14.83, 18.47, 27.65, 33.64, 38.74, 43.2, 44.9, 46.83, 50.29, 51.24]
time: [5.73, 7.23, 1000, 1000, 1000, 1000, 1000, 1000, 1000, 1000, 1000, 1000, 1000, 1000]
current_hyper_parameter
v: [32.32, 17.5, 20.02, 24.01, 34.94, 31.78, 17.85, 22.12, 31.2, 12.79, 22.02, 16.18, 19.3, 33.22]
a: [109.41, 142.36, 24.73, 126.35, 106.84, 78.8, 156.04, 139.56, 120.11, 33.53, 117.34, 178.7, 38.6, 146.64]
d: [3.5, 4.12, 4.48, 4.74, 3.92, 4.67, 4.44, 5.38, 3.56, 3.5, 3.87, 3.6, 4.62, 2.0]
BEST_hyper_parameter
v: [32.32, 17.5, 28.41, 24.01, 34.94, 31.78, 21.19, 25.55, 33.69, 17.14, 20.4, 16.18, 11.7, 33.22]
a: [109.41, 142.36, 173.54, 126.35, 106.84, 78.8, 156.04, 163.12, 120.11, 122.11, 117.34, 178.7, 50.0, 146.64]
d: [3.5, 4.12, 3.66, 4.74, 3.92, 4.67, 4.34, 5.38, 3.5, 3.5, 3.87, 3.6, 4.62, 2.0]

iteration: 76
best: [5.77, 7.26, 9.2, 11.65, 14.83, 18.47, 27.65, 33.64, 38.74, 43.2, 44.9, 46.83, 50.29, 51.24]
time: [5.77, 7.24, 10.63, 13.39, 19.08, 22.5, 34.65, 1000, 1000, 1000, 1000, 1000, 1000, 1000]
current_hyper_parameter
v: [32.32, 17.5, 17.07, 17.17, 22.22, 18.4, 17.05, 12.67, 28.39, 15.79, 20.4, 20.4, 22.29, 19.23]
a: [109.41, 142.36, 47.01, 146.63, 108.63, 162.06, 199.18, 61.88, 179.7, 122.11, 117.34, 114.72, 89.88, 112.56]
d: [3.5, 4.12, 3.66, 4.74, 4.78, 3.82, 4.34, 5.38, 3.5, 3.5, 3.87, 3.6, 4.37, 2.0]
BEST_hyper_parameter
v: [32.32, 17.5, 28.41, 24.01, 34.94, 31.78, 21.19, 25.55, 33.69, 17.14, 20.4, 16.18, 11.7, 33.22]
a: [109.41, 142.36, 173.54, 126.35, 106.84, 78.8, 156.04, 163.12, 120.11, 122.11, 117.34, 178.7, 50.0, 146.64]
d: [3.5, 4.12, 3.66, 4.74, 3.92, 4.67, 4.34, 5.38, 3.5, 3.5, 3.87, 3.6, 4.62, 2.0]

iteration: 77
best: [5.77, 7.26, 9.2, 11.65, 14.83, 18.47, 27.65, 33.64, 38.74, 43.2, 44.9, 46.83, 50.29, 51.24]
time: [5.77, 7.26, 9.69, 15.0, 20.35, 24.14, 35.23, 37.8, 39.06, 49.78, 1000, 1000, 1000, 1000]
current_hyper_parameter
v: [32.32, 17.5, 28.41, 24.01, 34.94, 18.77, 24.26, 25.55, 22.04, 17.14, 33.6, 34.57, 11.7, 13.68]
a: [109.41, 142.36, 173.54, 126.35, 106.84, 78.8, 89.73, 163.12, 167.09, 122.11, 117.34, 193.49, 50.0, 146.64]
d: [3.5, 4.12, 3.66, 4.74, 3.92, 5.47, 5.28, 5.38, 4.73, 3.5, 3.87, 3.6, 4.62, 2.0]
BEST_hyper_parameter
v: [32.32, 17.5, 28.41, 24.01, 34.94, 31.78, 21.19, 25.55, 33.69, 17.14, 20.4, 16.18, 11.7, 33.22]
a: [109.41, 142.36, 173.54, 126.35, 106.84, 78.8, 156.04, 163.12, 120.11, 122.11, 117.34, 178.7, 50.0, 146.64]
d: [3.5, 4.12, 3.66, 4.74, 3.92, 4.67, 4.34, 5.38, 3.5, 3.5, 3.87, 3.6, 4.62, 2.0]

iteration: 78
best: [5.77, 7.26, 9.2, 11.65, 14.83, 18.47, 27.65, 33.64, 38.74, 43.2, 44.9, 46.83, 50.29, 51.24]
time: [5.76, 7.24, 10.04, 12.27, 14.73, 21.74, 52.14, 1000, 1000, 1000, 1000, 1000, 1000, 1000]
current_hyper_parameter
v: [32.32, 17.5, 21.5, 23.88, 34.94, 31.78, 11.78, 34.96, 33.69, 17.14, 34.6, 27.81, 24.2, 28.68]
a: [109.41, 142.36, 109.56, 159.26, 106.84, 78.8, 156.04, 163.12, 120.11, 122.11, 42.77, 178.7, 50.0, 177.09]
d: [3.5, 4.12, 3.87, 4.74, 3.92, 4.67, 4.34, 5.38, 3.5, 3.5, 3.87, 3.6, 4.89, 2.0]
BEST_hyper_parameter
v: [32.32, 17.5, 28.41, 24.01, 34.94, 31.78, 21.19, 25.55, 33.69, 17.14, 20.4, 16.18, 11.7, 33.22]
a: [109.41, 142.36, 173.54, 126.35, 106.84, 78.8, 156.04, 163.12, 120.11, 122.11, 117.34, 178.7, 50.0, 146.64]
d: [3.5, 4.12, 3.66, 4.74, 3.92, 4.67, 4.34, 5.38, 3.5, 3.5, 3.87, 3.6, 4.62, 2.0]

iteration: 79
best: [5.77, 7.26, 9.2, 11.65, 14.83, 18.47, 27.65, 33.64, 38.74, 43.2, 44.9, 46.83, 50.29, 51.24]
time: [5.77, 7.25, 10.26, 16.04, 19.21, 23.24, 35.78, 39.31, 40.82, 42.3, 1000, 1000, 1000, 1000]
current_hyper_parameter
v: [32.32, 17.5, 13.18, 24.01, 34.94, 31.78, 22.92, 11.77, 25.05, 28.55, 26.86, 13.52, 31.91, 31.93]
a: [109.41, 142.36, 173.54, 126.35, 106.84, 78.8, 36.24, 163.12, 120.11, 110.74, 186.5, 178.7, 50.0, 85.09]
d: [3.5, 4.12, 5.27, 4.74, 3.92, 4.67, 5.19, 4.29, 3.5, 3.99, 3.87, 4.69, 5.8, 2.0]
BEST_hyper_parameter
v: [32.32, 17.5, 28.41, 24.01, 34.94, 31.78, 21.19, 25.55, 33.69, 17.14, 20.4, 16.18, 11.7, 33.22]
a: [109.41, 142.36, 173.54, 126.35, 106.84, 78.8, 156.04, 163.12, 120.11, 122.11, 117.34, 178.7, 50.0, 146.64]
d: [3.5, 4.12, 3.66, 4.74, 3.92, 4.67, 4.34, 5.38, 3.5, 3.5, 3.87, 3.6, 4.62, 2.0]

iteration: 80
best: [5.77, 7.26, 9.2, 11.65, 14.83, 18.47, 27.65, 33.64, 38.74, 43.2, 44.9, 46.83, 50.29, 51.24]
time: [5.76, 7.26, 9.69, 1000, 1000, 1000, 1000, 1000, 1000, 1000, 1000, 1000, 1000, 1000]
current_hyper_parameter
v: [32.32, 17.5, 28.41, 24.01, 14.56, 17.96, 30.7, 15.08, 27.82, 17.14, 11.87, 16.18, 11.7, 11.01]
a: [109.41, 142.36, 173.54, 126.35, 106.84, 78.8, 99.91, 137.26, 26.08, 122.11, 187.26, 178.7, 50.0, 195.1]
d: [3.5, 4.12, 3.66, 4.74, 4.07, 3.92, 4.34, 4.09, 3.5, 3.5, 3.87, 3.6, 4.62, 2.0]
BEST_hyper_parameter
v: [32.32, 17.5, 28.41, 24.01, 34.94, 31.78, 21.19, 25.55, 33.69, 17.14, 20.4, 16.18, 11.7, 33.22]
a: [109.41, 142.36, 173.54, 126.35, 106.84, 78.8, 156.04, 163.12, 120.11, 122.11, 117.34, 178.7, 50.0, 146.64]
d: [3.5, 4.12, 3.66, 4.74, 3.92, 4.67, 4.34, 5.38, 3.5, 3.5, 3.87, 3.6, 4.62, 2.0]

iteration: 81
best: [5.77, 7.26, 9.2, 11.65, 14.83, 18.47, 27.65, 33.64, 38.74, 43.2, 44.9, 46.83, 50.29, 51.24]
time: [5.72, 7.2, 9.57, 11.68, 22.43, 26.36, 37.77, 40.33, 1000, 1000, 1000, 1000, 1000, 1000]
current_hyper_parameter
v: [32.32, 17.5, 28.41, 26.65, 34.94, 19.53, 21.19, 25.55, 31.62, 30.33, 34.36, 28.76, 14.05, 29.25]
a: [109.41, 142.36, 173.54, 126.35, 106.84, 78.8, 156.04, 163.12, 26.77, 112.02, 155.94, 178.7, 77.97, 100.69]
d: [3.5, 4.12, 3.66, 5.52, 3.92, 4.67, 4.34, 5.38, 4.64, 5.85, 3.87, 3.6, 4.62, 2.0]
BEST_hyper_parameter
v: [32.32, 17.5, 28.41, 24.01, 34.94, 31.78, 21.19, 25.55, 33.69, 17.14, 20.4, 16.18, 11.7, 33.22]
a: [109.41, 142.36, 173.54, 126.35, 106.84, 78.8, 156.04, 163.12, 120.11, 122.11, 117.34, 178.7, 50.0, 146.64]
d: [3.5, 4.12, 3.66, 4.74, 3.92, 4.67, 4.34, 5.38, 3.5, 3.5, 3.87, 3.6, 4.62, 2.0]

iteration: 82
best: [5.77, 7.26, 9.2, 11.65, 14.83, 18.47, 27.65, 33.64, 38.74, 43.2, 44.9, 46.83, 50.29, 51.24]
time: [5.75, 7.25, 9.67, 11.9, 1000, 1000, 1000, 1000, 1000, 1000, 1000, 1000, 1000, 1000]
current_hyper_parameter
v: [32.32, 17.5, 28.41, 31.24, 25.59, 18.55, 21.19, 31.41, 19.86, 15.11, 20.4, 16.18, 13.65, 22.38]
a: [109.41, 142.36, 173.54, 126.35, 129.18, 86.66, 156.04, 163.12, 88.51, 47.5, 117.34, 178.7, 66.27, 51.09]
d: [3.5, 4.12, 3.66, 4.74, 5.66, 4.67, 4.34, 5.38, 5.33, 4.53, 3.87, 3.6, 6.0, 2.0]
BEST_hyper_parameter
v: [32.32, 17.5, 28.41, 24.01, 34.94, 31.78, 21.19, 25.55, 33.69, 17.14, 20.4, 16.18, 11.7, 33.22]
a: [109.41, 142.36, 173.54, 126.35, 106.84, 78.8, 156.04, 163.12, 120.11, 122.11, 117.34, 178.7, 50.0, 146.64]
d: [3.5, 4.12, 3.66, 4.74, 3.92, 4.67, 4.34, 5.38, 3.5, 3.5, 3.87, 3.6, 4.62, 2.0]

iteration: 83
best: [5.77, 7.26, 9.2, 11.65, 14.83, 18.47, 27.65, 33.64, 38.74, 43.2, 44.9, 46.83, 50.29, 51.24]
time: [5.72, 7.24, 1000, 1000, 1000, 1000, 1000, 1000, 1000, 1000, 1000, 1000, 1000, 1000]
current_hyper_parameter
v: [32.32, 17.5, 31.91, 24.01, 34.94, 32.27, 10.79, 18.17, 20.63, 11.71, 33.71, 29.93, 27.53, 23.52]
a: [109.41, 142.36, 22.31, 126.35, 106.84, 78.17, 156.04, 163.12, 72.28, 122.11, 84.77, 136.45, 65.61, 57.69]
d: [3.5, 4.12, 3.65, 4.74, 3.92, 4.67, 4.34, 5.38, 3.5, 5.75, 3.87, 3.6, 4.64, 2.0]
BEST_hyper_parameter
v: [32.32, 17.5, 28.41, 24.01, 34.94, 31.78, 21.19, 25.55, 33.69, 17.14, 20.4, 16.18, 11.7, 33.22]
a: [109.41, 142.36, 173.54, 126.35, 106.84, 78.8, 156.04, 163.12, 120.11, 122.11, 117.34, 178.7, 50.0, 146.64]
d: [3.5, 4.12, 3.66, 4.74, 3.92, 4.67, 4.34, 5.38, 3.5, 3.5, 3.87, 3.6, 4.62, 2.0]

iteration: 84
best: [5.77, 7.26, 9.2, 11.65, 14.83, 18.47, 27.65, 33.64, 38.74, 43.2, 44.9, 46.83, 50.29, 51.24]
time: [5.75, 7.25, 9.78, 15.23, 37.53, 1000, 1000, 1000, 1000, 1000, 1000, 1000, 1000, 1000]
current_hyper_parameter
v: [32.32, 17.5, 24.01, 23.8, 18.98, 15.32, 21.19, 20.66, 16.97, 12.05, 24.69, 26.06, 12.93, 19.3]
a: [109.41, 142.36, 173.54, 137.88, 109.24, 78.8, 156.04, 188.8, 44.07, 122.11, 155.13, 140.27, 150.12, 40.88]
d: [3.5, 4.12, 3.66, 5.16, 3.92, 4.67, 4.34, 4.12, 5.04, 3.55, 3.56, 5.32, 4.62, 2.0]
BEST_hyper_parameter
v: [32.32, 17.5, 28.41, 24.01, 34.94, 31.78, 21.19, 25.55, 33.69, 17.14, 20.4, 16.18, 11.7, 33.22]
a: [109.41, 142.36, 173.54, 126.35, 106.84, 78.8, 156.04, 163.12, 120.11, 122.11, 117.34, 178.7, 50.0, 146.64]
d: [3.5, 4.12, 3.66, 4.74, 3.92, 4.67, 4.34, 5.38, 3.5, 3.5, 3.87, 3.6, 4.62, 2.0]

iteration: 85
best: [5.77, 7.26, 9.2, 11.65, 14.83, 18.47, 27.65, 33.64, 38.74, 43.2, 44.9, 46.83, 50.29, 51.24]
time: [5.76, 7.25, 10.56, 12.76, 1000, 1000, 1000, 1000, 1000, 1000, 1000, 1000, 1000, 1000]
current_hyper_parameter
v: [32.32, 17.5, 10.64, 31.86, 27.24, 18.79, 10.8, 25.55, 33.69, 17.14, 34.53, 26.39, 26.64, 27.56]
a: [109.41, 142.36, 121.74, 173.55, 124.42, 98.77, 156.04, 163.12, 120.11, 122.11, 162.35, 35.88, 106.63, 100.69]
d: [3.5, 4.12, 3.66, 5.17, 3.72, 4.67, 4.34, 5.38, 3.5, 3.5, 3.82, 3.6, 4.62, 2.0]
BEST_hyper_parameter
v: [32.32, 17.5, 28.41, 24.01, 34.94, 31.78, 21.19, 25.55, 33.69, 17.14, 20.4, 16.18, 11.7, 33.22]
a: [109.41, 142.36, 173.54, 126.35, 106.84, 78.8, 156.04, 163.12, 120.11, 122.11, 117.34, 178.7, 50.0, 146.64]
d: [3.5, 4.12, 3.66, 4.74, 3.92, 4.67, 4.34, 5.38, 3.5, 3.5, 3.87, 3.6, 4.62, 2.0]
mutation at idx = 1

iteration: 86
best: [5.77, 7.26, 9.2, 11.65, 14.83, 18.47, 27.65, 33.64, 38.74, 43.2, 44.9, 46.83, 50.29, 51.24]
time: [5.76, 7.23, 9.79, 1000, 1000, 1000, 1000, 1000, 1000, 1000, 1000, 1000, 1000, 1000]
current_hyper_parameter
v: [32.32, 17.18, 20.39, 24.01, 11.08, 17.91, 30.61, 25.55, 25.22, 17.14, 15.39, 24.75, 33.61, 17.21]
a: [109.41, 181.02, 173.54, 126.35, 75.71, 78.8, 188.52, 163.12, 98.62, 122.11, 60.45, 158.59, 83.13, 105.32]
d: [3.5, 4.49, 4.04, 4.74, 3.92, 4.67, 4.34, 5.38, 3.5, 3.5, 3.87, 3.87, 5.99, 2.0]
BEST_hyper_parameter
v: [32.32, 17.5, 28.41, 24.01, 34.94, 31.78, 21.19, 25.55, 33.69, 17.14, 20.4, 16.18, 11.7, 33.22]
a: [109.41, 142.36, 173.54, 126.35, 106.84, 78.8, 156.04, 163.12, 120.11, 122.11, 117.34, 178.7, 50.0, 146.64]
d: [3.5, 4.12, 3.66, 4.74, 3.92, 4.67, 4.34, 5.38, 3.5, 3.5, 3.87, 3.6, 4.62, 2.0]

iteration: 87
best: [5.77, 7.26, 9.2, 11.65, 14.83, 18.47, 27.65, 33.64, 38.74, 43.2, 44.9, 46.83, 50.29, 51.24]
time: [5.77, 7.24, 9.66, 15.56, 1000, 1000, 1000, 1000, 1000, 1000, 1000, 1000, 1000, 1000]
current_hyper_parameter
v: [32.32, 17.5, 28.41, 11.88, 21.11, 15.53, 33.17, 25.55, 28.91, 19.18, 24.16, 31.39, 14.22, 25.47]
a: [109.41, 142.36, 173.54, 126.35, 158.9, 78.8, 103.53, 163.12, 120.11, 151.72, 117.34, 95.89, 50.0, 95.71]
d: [3.5, 4.12, 3.66, 4.74, 3.92, 4.67, 4.34, 5.38, 4.31, 3.5, 3.87, 3.6, 5.73, 2.0]
BEST_hyper_parameter
v: [32.32, 17.5, 28.41, 24.01, 34.94, 31.78, 21.19, 25.55, 33.69, 17.14, 20.4, 16.18, 11.7, 33.22]
a: [109.41, 142.36, 173.54, 126.35, 106.84, 78.8, 156.04, 163.12, 120.11, 122.11, 117.34, 178.7, 50.0, 146.64]
d: [3.5, 4.12, 3.66, 4.74, 3.92, 4.67, 4.34, 5.38, 3.5, 3.5, 3.87, 3.6, 4.62, 2.0]
mutation at idx = 1

iteration: 88
best: [5.77, 7.26, 9.2, 11.65, 14.83, 18.47, 27.65, 33.64, 38.74, 43.2, 44.9, 46.83, 50.29, 51.24]
time: [5.78, 7.41, 9.88, 19.2, 22.28, 26.27, 39.65, 42.37, 50.71, 1000, 1000, 1000, 1000, 1000]
current_hyper_parameter
v: [32.32, 10.93, 28.41, 24.01, 34.94, 33.59, 15.0, 32.52, 26.69, 30.48, 17.37, 16.18, 11.09, 10.94]
a: [109.41, 92.64, 173.54, 126.35, 106.84, 81.77, 156.04, 120.11, 199.06, 82.26, 117.34, 178.7, 47.39, 146.64]
d: [3.5, 4.12, 3.66, 4.74, 3.92, 5.85, 4.34, 5.24, 3.5, 3.5, 3.87, 3.6, 4.62, 2.0]
BEST_hyper_parameter
v: [32.32, 17.5, 28.41, 24.01, 34.94, 31.78, 21.19, 25.55, 33.69, 17.14, 20.4, 16.18, 11.7, 33.22]
a: [109.41, 142.36, 173.54, 126.35, 106.84, 78.8, 156.04, 163.12, 120.11, 122.11, 117.34, 178.7, 50.0, 146.64]
d: [3.5, 4.12, 3.66, 4.74, 3.92, 4.67, 4.34, 5.38, 3.5, 3.5, 3.87, 3.6, 4.62, 2.0]

iteration: 89
best: [5.77, 7.26, 9.2, 11.65, 14.83, 18.47, 27.65, 33.64, 38.74, 43.2, 44.9, 46.83, 50.29, 51.24]
time: [5.76, 7.25, 9.6, 15.99, 23.42, 26.69, 36.84, 43.15, 1000, 1000, 1000, 1000, 1000, 1000]
current_hyper_parameter
v: [32.32, 17.5, 34.84, 19.77, 17.59, 29.57, 21.19, 25.55, 22.29, 17.14, 11.65, 12.4, 24.56, 20.36]
a: [109.41, 142.36, 173.54, 22.54, 85.87, 112.8, 156.04, 163.12, 25.67, 122.11, 178.21, 70.04, 50.0, 146.75]
d: [3.5, 4.12, 3.68, 4.74, 3.92, 4.67, 4.34, 5.38, 3.5, 3.5, 3.93, 4.8, 4.62, 2.0]
BEST_hyper_parameter
v: [32.32, 17.5, 28.41, 24.01, 34.94, 31.78, 21.19, 25.55, 33.69, 17.14, 20.4, 16.18, 11.7, 33.22]
a: [109.41, 142.36, 173.54, 126.35, 106.84, 78.8, 156.04, 163.12, 120.11, 122.11, 117.34, 178.7, 50.0, 146.64]
d: [3.5, 4.12, 3.66, 4.74, 3.92, 4.67, 4.34, 5.38, 3.5, 3.5, 3.87, 3.6, 4.62, 2.0]

iteration: 90
best: [5.77, 7.26, 9.2, 11.65, 14.83, 18.47, 27.65, 33.64, 38.74, 43.2, 44.9, 46.83, 50.29, 51.24]
time: [5.78, 7.3, 9.81, 15.24, 22.64, 25.93, 37.86, 43.46, 49.03, 1000, 1000, 1000, 1000, 1000]
current_hyper_parameter
v: [32.32, 17.5, 22.88, 20.38, 21.16, 31.78, 33.24, 25.55, 17.09, 11.2, 33.72, 11.13, 30.42, 33.22]
a: [109.41, 142.36, 165.02, 187.71, 58.72, 78.8, 46.78, 163.12, 120.11, 176.72, 21.05, 178.7, 26.73, 146.64]
d: [3.5, 4.12, 3.66, 4.74, 3.92, 4.67, 4.34, 5.38, 3.5, 3.6, 3.87, 3.6, 4.62, 2.0]
BEST_hyper_parameter
v: [32.32, 17.5, 28.41, 24.01, 34.94, 31.78, 21.19, 25.55, 33.69, 17.14, 20.4, 16.18, 11.7, 33.22]
a: [109.41, 142.36, 173.54, 126.35, 106.84, 78.8, 156.04, 163.12, 120.11, 122.11, 117.34, 178.7, 50.0, 146.64]
d: [3.5, 4.12, 3.66, 4.74, 3.92, 4.67, 4.34, 5.38, 3.5, 3.5, 3.87, 3.6, 4.62, 2.0]

iteration: 91
best: [5.77, 7.26, 9.2, 11.65, 14.83, 18.47, 27.65, 33.64, 38.74, 43.2, 44.9, 46.83, 50.29, 51.24]
time: [5.76, 7.24, 9.7, 12.45, 14.9, 18.58, 26.79, 51.38, 1000, 1000, 1000, 1000, 1000, 1000]
current_hyper_parameter
v: [32.32, 17.5, 28.47, 11.95, 34.51, 29.41, 32.78, 12.4, 22.78, 16.31, 16.34, 16.18, 11.7, 31.74]
a: [109.41, 142.36, 161.37, 167.04, 103.97, 78.8, 169.29, 48.59, 199.53, 122.11, 102.88, 178.7, 50.0, 76.51]
d: [3.5, 4.12, 3.66, 5.21, 3.92, 4.67, 4.34, 5.09, 4.03, 3.5, 3.87, 3.6, 4.62, 2.0]
BEST_hyper_parameter
v: [32.32, 17.5, 28.41, 24.01, 34.94, 31.78, 21.19, 25.55, 33.69, 17.14, 20.4, 16.18, 11.7, 33.22]
a: [109.41, 142.36, 173.54, 126.35, 106.84, 78.8, 156.04, 163.12, 120.11, 122.11, 117.34, 178.7, 50.0, 146.64]
d: [3.5, 4.12, 3.66, 4.74, 3.92, 4.67, 4.34, 5.38, 3.5, 3.5, 3.87, 3.6, 4.62, 2.0]

iteration: 92
best: [5.77, 7.26, 9.2, 11.65, 14.83, 18.47, 27.65, 33.64, 38.74, 43.2, 44.9, 46.83, 50.29, 51.24]
time: [5.75, 7.26, 9.73, 1000, 1000, 1000, 1000, 1000, 1000, 1000, 1000, 1000, 1000, 1000]
current_hyper_parameter
v: [32.32, 17.5, 28.41, 25.24, 26.89, 31.78, 14.11, 30.93, 30.86, 21.26, 23.44, 31.4, 12.4, 13.69]
a: [109.41, 142.36, 173.54, 121.77, 64.89, 78.8, 76.82, 69.74, 112.11, 122.11, 117.34, 35.68, 57.88, 146.64]
d: [3.5, 4.12, 3.66, 4.74, 5.12, 4.67, 5.82, 5.38, 3.5, 4.53, 5.91, 3.6, 4.92, 2.0]
BEST_hyper_parameter
v: [32.32, 17.5, 28.41, 24.01, 34.94, 31.78, 21.19, 25.55, 33.69, 17.14, 20.4, 16.18, 11.7, 33.22]
a: [109.41, 142.36, 173.54, 126.35, 106.84, 78.8, 156.04, 163.12, 120.11, 122.11, 117.34, 178.7, 50.0, 146.64]
d: [3.5, 4.12, 3.66, 4.74, 3.92, 4.67, 4.34, 5.38, 3.5, 3.5, 3.87, 3.6, 4.62, 2.0]
