iteration: 1, best:[5.84, 7.47, 10.12, 12.21, 14.88, 19.29, 28.22, 31.04, 34.29, 36.69, 38.19, 40.42, 43.75, 45.57]
time: [5.76, 7.39, 10.01, 11.99, 14.9, 17.97, 26.7, 29.89, 31.79, 34.09, 38.77, 1000, 1000, 1000]
v: [19.64, 19.29, 23.96, 27.99, 24.3, 20.97, 30.66, 20.82, 30.25, 27.83, 20.53, 24.25, 26.43, 24.57]
a: [123.77, 63.28, 120.56, 150.8, 70.17, 185.92, 93.32, 159.33, 61.77, 50.0, 50.0, 104.8, 39.34, 50.0]
d: [3.77, 5.91, 5.14, 3.5, 3.61, 3.89, 3.5, 3.73, 3.88, 3.5, 3.5, 3.5, 3.5, 2.0]

mutation at idx = 2iteration: 2, best:[5.84, 7.47, 10.12, 12.21, 14.88, 17.97, 26.7, 29.89, 31.79, 34.09, 38.19, 40.42, 43.75, 45.57]
time: [5.78, 7.44, 10.66, 12.89, 18.81, 21.66, 30.75, 33.41, 34.72, 37.17, 38.63, 40.18, 43.39, 44.88]
v: [19.64, 19.29, 16.85, 27.99, 24.3, 20.97, 30.66, 20.82, 30.25, 27.83, 20.53, 27.64, 19.86, 24.83]
a: [123.77, 63.28, 86.04, 150.8, 70.17, 185.92, 93.32, 159.33, 61.77, 50.0, 50.0, 135.82, 39.34, 55.9]
d: [3.77, 5.91, 5.14, 3.5, 3.61, 3.89, 3.5, 3.73, 3.88, 3.5, 3.5, 3.5, 4.91, 2.0]

iteration: 3, best:[5.78, 7.44, 10.12, 12.21, 14.88, 17.97, 26.7, 29.89, 31.79, 34.09, 38.19, 40.18, 43.39, 44.88]
time: [5.84, 7.5, 10.71, 12.95, 18.84, 21.49, 32.71, 35.72, 37.96, 40.8, 42.56, 44.24, 1000, 1000]
v: [19.64, 19.29, 16.85, 27.99, 24.3, 20.97, 21.23, 20.82, 30.25, 27.83, 20.53, 27.64, 19.86, 24.83]
a: [123.77, 63.28, 86.04, 150.8, 70.17, 185.92, 93.32, 159.33, 61.77, 50.0, 50.0, 135.82, 39.34, 55.9]
d: [3.77, 5.91, 5.14, 3.5, 3.61, 3.89, 3.5, 3.73, 3.88, 3.5, 3.5, 3.5, 4.91, 2.0]

iteration: 4, best:[5.78, 7.44, 10.12, 12.21, 14.88, 17.97, 26.7, 29.89, 31.79, 34.09, 38.19, 40.18, 43.39, 44.88]
time: [5.84, 7.45, 9.89, 15.23, 1000, 1000, 1000, 1000, 1000, 1000, 1000, 1000, 1000, 1000]
v: [19.64, 19.29, 34.23, 34.32, 14.33, 26.77, 16.63, 15.01, 11.19, 27.83, 23.74, 18.28, 32.88, 20.41]
a: [123.77, 63.28, 114.21, 151.67, 25.21, 124.89, 93.32, 82.2, 61.77, 50.0, 80.52, 92.61, 94.11, 172.26]
d: [3.77, 5.91, 4.91, 3.5, 4.49, 5.88, 5.13, 3.73, 3.88, 3.5, 4.54, 3.5, 4.91, 2.0]

iteration: 5, best:[5.78, 7.44, 10.12, 12.21, 14.88, 17.97, 26.7, 29.89, 31.79, 34.09, 38.19, 40.18, 43.39, 44.88]
time: [5.83, 7.49, 10.7, 12.9, 16.09, 18.93, 29.02, 32.16, 1000, 1000, 1000, 1000, 1000, 1000]
v: [19.64, 19.29, 16.85, 27.99, 14.17, 25.65, 23.92, 20.82, 30.25, 18.92, 20.53, 12.46, 33.04, 24.83]
a: [123.77, 63.28, 86.04, 150.8, 70.17, 156.76, 167.85, 159.33, 61.77, 78.6, 50.0, 148.05, 193.15, 55.9]
d: [3.77, 5.91, 5.14, 3.5, 3.61, 4.03, 3.5, 3.73, 3.88, 3.88, 3.5, 3.5, 4.91, 2.0]

mutation at idx = 1iteration: 6, best:[5.78, 7.44, 10.12, 12.21, 14.88, 17.97, 26.7, 29.89, 31.79, 34.09, 38.19, 40.18, 43.39, 44.88]
time: [5.84, 10.51, 13.48, 15.62, 31.59, 35.75, 45.1, 1000, 1000, 1000, 1000, 1000, 1000, 1000]
v: [19.64, 11.79, 31.13, 33.07, 24.3, 33.69, 28.23, 25.19, 29.92, 34.1, 20.53, 27.51, 17.88, 24.83]
a: [123.77, 63.28, 89.94, 199.35, 70.17, 57.55, 155.33, 186.76, 61.77, 50.0, 50.0, 135.82, 144.78, 55.9]
d: [3.77, 5.91, 3.66, 5.11, 3.61, 3.89, 4.65, 3.73, 3.8, 3.5, 3.5, 3.5, 5.69, 2.0]

iteration: 7, best:[5.78, 7.44, 10.12, 12.21, 14.88, 17.97, 26.7, 29.89, 31.79, 34.09, 38.19, 40.18, 43.39, 44.88]
time: [5.83, 7.46, 13.21, 16.14, 21.66, 24.64, 33.09, 36.09, 37.57, 39.09, 1000, 1000, 1000, 1000]
v: [19.64, 19.29, 27.71, 11.47, 18.67, 33.73, 30.66, 20.82, 30.25, 34.0, 17.39, 27.64, 19.86, 33.96]
a: [123.77, 63.28, 86.04, 126.86, 184.47, 185.92, 93.32, 159.33, 61.77, 156.14, 50.0, 135.82, 39.34, 55.9]
d: [3.77, 5.91, 3.56, 3.62, 3.61, 3.89, 3.5, 3.73, 3.88, 3.5, 4.27, 3.5, 4.91, 2.0]

mutation at idx = 0iteration: 8, best:[5.78, 7.44, 10.12, 12.21, 14.88, 17.97, 26.7, 29.89, 31.79, 34.09, 38.19, 40.18, 43.39, 44.88]
time: [6.16, 8.1, 12.14, 15.94, 19.56, 22.53, 37.7, 40.12, 1000, 1000, 1000, 1000, 1000, 1000]
v: [13.81, 19.29, 19.19, 23.07, 10.96, 27.7, 12.07, 33.65, 12.82, 24.02, 20.53, 22.11, 24.94, 33.61]
a: [86.78, 63.28, 30.04, 36.55, 126.6, 184.05, 103.51, 159.33, 61.77, 50.0, 50.0, 44.11, 177.39, 55.9]
d: [5.2, 5.91, 5.16, 3.5, 3.85, 3.89, 3.5, 3.73, 4.3, 3.5, 3.5, 5.68, 4.91, 2.0]

iteration: 9, best:[5.78, 7.44, 10.12, 12.21, 14.88, 17.97, 26.7, 29.89, 31.79, 34.09, 38.19, 40.18, 43.39, 44.88]
time: [5.85, 7.49, 10.59, 12.82, 17.93, 28.04, 1000, 1000, 1000, 1000, 1000, 1000, 1000, 1000]
v: [19.64, 19.29, 15.87, 27.99, 33.1, 31.43, 23.63, 20.82, 26.34, 23.59, 21.71, 27.64, 19.86, 24.83]
a: [123.77, 63.28, 128.85, 150.8, 151.1, 185.92, 74.85, 159.33, 199.82, 65.11, 136.93, 135.82, 39.34, 55.9]
d: [3.77, 5.91, 5.14, 3.5, 4.48, 5.04, 4.5, 3.73, 5.65, 3.5, 3.5, 3.5, 4.91, 2.0]

mutation at idx = 1iteration: 10, best:[5.78, 7.44, 10.12, 12.21, 14.88, 17.97, 26.7, 29.89, 31.79, 34.09, 38.19, 40.18, 43.39, 44.88]
time: [5.87, 7.6, 10.87, 13.0, 18.85, 21.82, 30.97, 33.65, 34.97, 36.77, 1000, 1000, 1000, 1000]
v: [19.64, 22.33, 16.27, 27.99, 24.3, 26.47, 30.66, 34.66, 21.99, 23.71, 24.87, 31.49, 17.41, 14.45]
a: [123.77, 32.25, 98.72, 150.8, 70.17, 124.95, 93.32, 91.02, 156.66, 65.06, 40.95, 135.82, 53.36, 55.9]
d: [3.77, 5.91, 5.14, 3.5, 3.61, 5.75, 3.5, 3.73, 3.88, 5.08, 4.77, 5.85, 4.44, 2.0]

iteration: 11, best:[5.78, 7.44, 10.12, 12.21, 14.88, 17.97, 26.7, 29.89, 31.79, 34.09, 38.19, 40.18, 43.39, 44.88]
time: [5.85, 7.49, 11.41, 17.01, 20.93, 26.77, 42.06, 44.68, 1000, 1000, 1000, 1000, 1000, 1000]
v: [19.64, 19.29, 25.31, 28.77, 24.3, 24.64, 10.66, 20.82, 30.25, 26.87, 12.9, 15.21, 13.89, 13.87]
a: [123.77, 63.28, 20.17, 150.8, 70.17, 123.26, 93.32, 159.33, 61.77, 133.08, 77.35, 135.82, 41.38, 118.62]
d: [3.77, 5.91, 5.33, 5.62, 3.61, 4.96, 3.5, 3.73, 3.88, 5.81, 3.5, 4.67, 3.68, 2.0]

iteration: 12, best:[5.78, 7.44, 10.12, 12.21, 14.88, 17.97, 26.7, 29.89, 31.79, 34.09, 38.19, 40.18, 43.39, 44.88]
time: [5.86, 7.51, 10.66, 12.92, 18.64, 37.41, 1000, 1000, 1000, 1000, 1000, 1000, 1000, 1000]
v: [19.64, 19.29, 18.29, 27.99, 24.3, 15.46, 16.45, 32.99, 26.41, 23.65, 20.53, 27.64, 14.73, 10.74]
a: [123.77, 63.28, 86.04, 150.8, 70.17, 185.92, 144.41, 193.23, 151.14, 185.63, 50.0, 135.82, 79.52, 44.69]
d: [3.77, 5.91, 5.14, 3.5, 3.61, 3.89, 5.18, 5.2, 3.88, 3.5, 3.5, 3.5, 4.91, 2.0]

mutation at idx = 0iteration: 13, best:[5.78, 7.44, 10.12, 12.21, 14.88, 17.97, 26.7, 29.89, 31.79, 34.09, 38.19, 40.18, 43.39, 44.88]
time: [5.87, 7.57, 10.77, 16.6, 1000, 1000, 1000, 1000, 1000, 1000, 1000, 1000, 1000, 1000]
v: [17.28, 19.29, 16.85, 34.93, 34.33, 12.22, 30.66, 14.32, 28.06, 22.59, 16.93, 17.68, 19.86, 13.3]
a: [123.77, 63.28, 86.04, 99.77, 22.03, 198.19, 93.32, 159.33, 72.97, 174.47, 50.0, 157.81, 39.34, 28.35]
d: [3.76, 5.91, 5.14, 3.5, 3.61, 5.34, 3.5, 3.73, 3.88, 3.5, 4.69, 3.5, 4.91, 2.0]

iteration: 14, best:[5.78, 7.44, 10.12, 12.21, 14.88, 17.97, 26.7, 29.89, 31.79, 34.09, 38.19, 40.18, 43.39, 44.88]
time: [5.84, 7.48, 10.7, 13.31, 16.13, 19.17, 29.54, 32.59, 34.53, 36.65, 1000, 1000, 1000, 1000]
v: [19.64, 19.29, 16.85, 24.02, 23.0, 20.97, 20.64, 11.6, 10.97, 27.83, 31.58, 20.7, 23.05, 24.09]
a: [123.77, 63.28, 86.04, 86.05, 70.17, 185.92, 121.18, 159.33, 61.77, 50.0, 137.21, 190.98, 39.34, 55.9]
d: [3.77, 5.91, 5.14, 3.5, 3.94, 3.89, 3.5, 3.73, 4.92, 3.5, 3.5, 3.5, 3.97, 2.0]

iteration: 15, best:[5.78, 7.44, 10.12, 12.21, 14.88, 17.97, 26.7, 29.89, 31.79, 34.09, 38.19, 40.18, 43.39, 44.88]
time: [5.84, 7.48, 10.23, 16.16, 23.48, 26.67, 40.4, 43.16, 45.33, 1000, 1000, 1000, 1000, 1000]
v: [19.64, 19.29, 21.5, 14.61, 24.3, 16.33, 17.0, 20.82, 34.7, 12.65, 13.85, 21.45, 21.95, 14.19]
a: [123.77, 63.28, 120.98, 179.02, 70.17, 185.92, 48.88, 159.33, 61.77, 50.0, 50.0, 190.17, 155.31, 59.74]
d: [3.77, 5.91, 5.14, 3.62, 3.61, 3.89, 3.5, 3.73, 3.88, 5.52, 3.5, 5.71, 4.94, 2.0]

mutation at idx = 2iteration: 16, best:[5.78, 7.44, 10.12, 12.21, 14.88, 17.97, 26.7, 29.89, 31.79, 34.09, 38.19, 40.18, 43.39, 44.88]
time: [5.84, 7.46, 10.16, 12.3, 18.07, 24.91, 34.35, 37.21, 39.18, 41.53, 47.6, 1000, 1000, 1000]
v: [19.64, 19.29, 21.74, 33.2, 21.54, 24.72, 30.66, 17.4, 19.02, 27.83, 20.53, 12.62, 11.96, 16.34]
a: [123.77, 63.28, 132.56, 111.69, 152.11, 89.97, 93.32, 140.43, 61.77, 50.0, 50.0, 71.6, 73.48, 184.12]
d: [3.77, 5.91, 4.37, 3.5, 4.78, 5.69, 3.5, 3.73, 5.22, 3.5, 3.5, 3.5, 4.65, 2.0]

iteration: 17, best:[5.78, 7.44, 10.12, 12.21, 14.88, 17.97, 26.7, 29.89, 31.79, 34.09, 38.19, 40.18, 43.39, 44.88]
time: [5.84, 7.48, 10.69, 12.93, 18.76, 21.76, 30.82, 1000, 1000, 1000, 1000, 1000, 1000, 1000]
v: [19.64, 19.29, 16.85, 27.99, 30.88, 20.97, 30.66, 30.44, 30.25, 20.31, 19.4, 17.98, 34.45, 24.83]
a: [123.77, 63.28, 86.04, 150.8, 70.17, 185.92, 93.32, 20.14, 61.77, 42.62, 114.82, 135.82, 154.25, 55.9]
d: [3.77, 5.91, 5.14, 3.5, 3.61, 3.89, 3.5, 3.73, 3.88, 3.73, 4.75, 3.83, 5.84, 2.0]

iteration: 18, best:[5.78, 7.44, 10.12, 12.21, 14.88, 17.97, 26.7, 29.89, 31.79, 34.09, 38.19, 40.18, 43.39, 44.88]
time: [5.83, 7.49, 10.69, 12.94, 18.92, 21.68, 30.7, 34.01, 35.6, 37.48, 42.93, 45.53, 1000, 1000]
v: [19.64, 19.29, 16.85, 27.14, 24.3, 20.97, 30.66, 11.63, 31.06, 16.77, 16.51, 26.48, 20.63, 24.83]
a: [123.77, 63.28, 86.04, 150.8, 70.17, 185.92, 93.32, 173.53, 94.73, 54.32, 100.96, 61.97, 39.34, 55.9]
d: [3.77, 5.91, 5.14, 3.75, 3.61, 3.89, 3.5, 5.53, 3.88, 3.89, 3.5, 3.5, 4.91, 2.0]

iteration: 19, best:[5.78, 7.44, 10.12, 12.21, 14.88, 17.97, 26.7, 29.89, 31.79, 34.09, 38.19, 40.18, 43.39, 44.88]
time: [5.8, 7.45, 10.67, 12.89, 19.41, 22.14, 30.04, 1000, 1000, 1000, 1000, 1000, 1000, 1000]
v: [19.64, 19.29, 17.33, 27.69, 20.7, 29.54, 34.92, 28.92, 13.51, 27.83, 20.21, 18.97, 12.5, 32.17]
a: [123.77, 63.28, 83.61, 168.72, 40.32, 97.52, 184.92, 152.92, 66.82, 50.0, 163.85, 74.59, 136.73, 113.15]
d: [3.77, 5.91, 5.14, 3.5, 3.61, 5.2, 5.42, 3.73, 3.88, 3.5, 5.53, 3.5, 3.94, 2.0]

iteration: 20, best:[5.78, 7.44, 10.12, 12.21, 14.88, 17.97, 26.7, 29.89, 31.79, 34.09, 38.19, 40.18, 43.39, 44.88]
time: [5.84, 7.5, 11.14, 15.93, 19.09, 22.56, 35.49, 42.12, 45.02, 1000, 1000, 1000, 1000, 1000]
v: [19.64, 19.29, 11.68, 22.98, 24.3, 16.25, 32.14, 20.82, 30.25, 14.0, 20.53, 27.58, 19.86, 24.83]
a: [123.77, 63.28, 86.04, 20.93, 70.17, 185.92, 137.8, 159.33, 61.77, 57.8, 50.0, 135.82, 39.34, 55.9]
d: [3.77, 5.91, 5.14, 3.68, 3.61, 3.89, 5.78, 3.73, 3.88, 3.5, 3.5, 4.84, 4.91, 2.0]

mutation at idx = 1iteration: 21, best:[5.78, 7.44, 10.12, 12.21, 14.88, 17.97, 26.7, 29.89, 31.79, 34.09, 38.19, 40.18, 43.39, 44.88]
time: [5.85, 7.28, 10.35, 12.99, 1000, 1000, 1000, 1000, 1000, 1000, 1000, 1000, 1000, 1000]
v: [19.64, 29.18, 11.27, 22.91, 34.8, 12.07, 30.66, 18.92, 28.76, 27.83, 20.53, 27.64, 26.34, 18.68]
a: [123.77, 122.71, 198.98, 75.63, 195.08, 130.7, 93.32, 159.33, 162.8, 50.0, 50.0, 135.82, 96.44, 35.84]
d: [3.77, 5.91, 4.44, 3.5, 4.46, 4.51, 3.5, 3.73, 3.88, 3.5, 3.5, 3.5, 4.8, 2.0]

iteration: 22, best:[5.78, 7.44, 10.12, 12.21, 14.88, 17.97, 26.7, 29.89, 31.79, 34.09, 38.19, 40.18, 43.39, 44.88]
time: [5.86, 7.5, 10.71, 13.08, 22.67, 29.59, 38.68, 1000, 1000, 1000, 1000, 1000, 1000, 1000]
v: [19.64, 19.29, 16.85, 22.66, 24.3, 12.68, 32.65, 16.13, 21.17, 34.05, 33.26, 27.64, 19.86, 19.31]
a: [123.77, 63.28, 86.04, 150.8, 70.17, 108.72, 122.94, 183.77, 145.02, 50.0, 168.58, 135.82, 39.34, 37.7]
d: [3.77, 5.91, 5.14, 3.5, 3.61, 3.89, 3.89, 4.99, 5.78, 5.54, 3.5, 3.5, 4.91, 2.0]

iteration: 23, best:[5.78, 7.44, 10.12, 12.21, 14.88, 17.97, 26.7, 29.89, 31.79, 34.09, 38.19, 40.18, 43.39, 44.88]
time: [5.82, 7.45, 10.14, 1000, 1000, 1000, 1000, 1000, 1000, 1000, 1000, 1000, 1000, 1000]
v: [19.64, 19.29, 34.77, 30.52, 11.82, 32.96, 27.32, 29.57, 26.29, 25.24, 21.07, 24.71, 24.4, 24.83]
a: [123.77, 63.28, 86.04, 150.8, 191.15, 185.92, 143.35, 126.71, 61.77, 198.81, 124.92, 135.82, 39.34, 55.9]
d: [3.77, 5.91, 5.14, 5.19, 5.65, 3.89, 5.82, 5.05, 3.88, 3.5, 4.17, 3.5, 3.87, 2.0]

iteration: 24, best:[5.78, 7.44, 10.12, 12.21, 14.88, 17.97, 26.7, 29.89, 31.79, 34.09, 38.19, 40.18, 43.39, 44.88]
time: [5.84, 7.49, 10.72, 16.6, 1000, 1000, 1000, 1000, 1000, 1000, 1000, 1000, 1000, 1000]
v: [19.64, 19.29, 16.85, 18.71, 14.69, 17.67, 12.7, 34.54, 32.56, 20.97, 34.9, 27.64, 21.12, 29.96]
a: [123.77, 63.28, 86.04, 75.75, 53.03, 140.38, 133.85, 159.33, 61.77, 50.0, 50.0, 135.82, 39.34, 55.9]
d: [3.77, 5.91, 5.14, 3.5, 5.78, 3.89, 3.82, 4.04, 3.88, 5.36, 5.29, 3.5, 4.91, 2.0]

mutation at idx = 0iteration: 25, best:[5.78, 7.44, 10.12, 12.21, 14.88, 17.97, 26.7, 29.89, 31.79, 34.09, 38.19, 40.18, 43.39, 44.88]
time: [5.78, 7.54, 10.78, 12.98, 16.0, 18.95, 30.28, 1000, 1000, 1000, 1000, 1000, 1000, 1000]
v: [34.92, 19.29, 16.85, 23.35, 12.58, 25.59, 19.18, 14.75, 20.16, 28.49, 32.09, 34.16, 19.37, 30.26]
a: [123.77, 63.28, 86.04, 193.35, 87.22, 185.92, 142.9, 25.47, 32.92, 50.0, 164.15, 135.82, 39.34, 172.73]
d: [5.46, 5.91, 5.14, 3.5, 3.61, 3.89, 3.5, 3.97, 3.88, 5.02, 3.5, 3.5, 4.91, 2.0]

iteration: 26, best:[5.78, 7.44, 10.12, 12.21, 14.88, 17.97, 26.7, 29.89, 31.79, 34.09, 38.19, 40.18, 43.39, 44.88]
time: [5.85, 7.5, 10.8, 12.98, 15.42, 19.38, 32.13, 34.85, 36.98, 39.56, 44.7, 1000, 1000, 1000]
v: [19.64, 19.29, 15.36, 29.55, 18.97, 20.19, 17.95, 20.82, 30.25, 32.78, 12.93, 12.71, 11.64, 34.36]
a: [123.77, 63.28, 86.04, 150.8, 154.21, 85.94, 93.32, 159.33, 61.77, 57.15, 76.31, 104.02, 39.34, 105.92]
d: [3.77, 5.91, 5.14, 4.98, 3.5, 5.96, 5.8, 3.73, 3.88, 3.5, 5.62, 4.09, 4.91, 2.0]

iteration: 27, best:[5.78, 7.44, 10.12, 12.21, 14.88, 17.97, 26.7, 29.89, 31.79, 34.09, 38.19, 40.18, 43.39, 44.88]
time: [5.84, 7.49, 10.71, 16.23, 19.97, 23.23, 33.53, 36.17, 40.41, 1000, 1000, 1000, 1000, 1000]
v: [19.64, 19.29, 16.85, 16.72, 26.33, 23.92, 18.56, 20.82, 25.51, 10.77, 31.08, 27.64, 16.24, 30.16]
a: [123.77, 63.28, 86.04, 197.49, 150.57, 185.92, 180.08, 159.33, 183.3, 50.0, 184.38, 135.82, 39.34, 55.9]
d: [3.77, 5.91, 5.14, 5.66, 3.61, 3.89, 3.5, 3.73, 5.4, 4.76, 3.5, 3.5, 4.91, 2.0]

mutation at idx = 1iteration: 28, best:[5.78, 7.44, 10.12, 12.21, 14.88, 17.97, 26.7, 29.89, 31.79, 34.09, 38.19, 40.18, 43.39, 44.88]
time: [5.84, 7.58, 9.92, 12.12, 21.65, 24.04, 41.39, 45.23, 49.85, 1000, 1000, 1000, 1000, 1000]
v: [19.64, 17.99, 32.65, 26.1, 19.27, 20.97, 12.14, 18.89, 16.02, 13.35, 20.53, 27.59, 34.18, 28.4]
a: [123.77, 37.43, 196.67, 92.03, 45.51, 185.92, 21.71, 78.18, 61.77, 170.56, 50.0, 135.82, 170.18, 55.9]
d: [3.77, 5.57, 5.14, 3.5, 3.92, 3.89, 3.5, 3.73, 3.88, 3.5, 3.5, 4.09, 4.91, 2.0]

iteration: 29, best:[5.78, 7.44, 10.12, 12.21, 14.88, 17.97, 26.7, 29.89, 31.79, 34.09, 38.19, 40.18, 43.39, 44.88]
time: [5.86, 7.5, 10.71, 12.94, 18.82, 21.71, 31.52, 34.2, 1000, 1000, 1000, 1000, 1000, 1000]
v: [19.64, 19.29, 16.85, 27.99, 24.46, 21.34, 24.93, 16.39, 13.19, 27.83, 20.53, 17.65, 23.18, 17.75]
a: [123.77, 63.28, 86.04, 150.8, 70.17, 191.75, 93.32, 159.1, 61.77, 50.0, 50.0, 130.04, 28.8, 28.45]
d: [3.77, 5.91, 5.14, 3.5, 3.61, 4.21, 3.5, 3.73, 4.11, 3.5, 3.5, 3.5, 5.15, 2.0]

iteration: 30, best:[5.78, 7.44, 10.12, 12.21, 14.88, 17.97, 26.7, 29.89, 31.79, 34.09, 38.19, 40.18, 43.39, 44.88]
time: [5.85, 7.51, 10.93, 13.16, 15.77, 18.69, 27.57, 30.42, 1000, 1000, 1000, 1000, 1000, 1000]
v: [19.64, 19.29, 27.11, 27.99, 24.3, 20.97, 30.66, 33.71, 29.42, 15.82, 20.53, 27.64, 19.86, 24.83]
a: [123.77, 63.28, 45.55, 150.8, 70.17, 185.92, 93.32, 67.26, 61.77, 121.66, 50.0, 135.82, 39.34, 55.9]
d: [3.77, 5.91, 5.16, 3.5, 3.61, 3.89, 3.5, 4.59, 4.54, 3.5, 3.5, 3.5, 4.91, 2.0]

iteration: 31, best:[5.78, 7.44, 10.12, 12.21, 14.88, 17.97, 26.7, 29.89, 31.79, 34.09, 38.19, 40.18, 43.39, 44.88]
time: [5.83, 7.49, 10.7, 16.19, 1000, 1000, 1000, 1000, 1000, 1000, 1000, 1000, 1000, 1000]
v: [19.64, 19.29, 16.85, 26.61, 33.16, 20.12, 30.66, 13.63, 30.25, 27.55, 34.12, 20.31, 29.34, 16.89]
a: [123.77, 63.28, 86.04, 99.41, 184.5, 67.67, 93.32, 138.77, 61.77, 50.0, 53.21, 110.66, 39.34, 195.05]
d: [3.77, 5.91, 5.14, 3.5, 3.61, 5.48, 3.5, 3.73, 3.88, 3.5, 3.5, 5.01, 4.91, 2.0]

iteration: 32, best:[5.78, 7.44, 10.12, 12.21, 14.88, 17.97, 26.7, 29.89, 31.79, 34.09, 38.19, 40.18, 43.39, 44.88]
time: [5.85, 7.56, 11.43, 1000, 1000, 1000, 1000, 1000, 1000, 1000, 1000, 1000, 1000, 1000]
v: [19.64, 19.29, 15.71, 27.99, 14.06, 13.85, 30.66, 20.5, 30.25, 27.83, 20.53, 34.46, 17.11, 24.83]
a: [123.77, 63.28, 31.44, 150.8, 113.53, 58.31, 93.32, 159.33, 61.77, 50.0, 50.0, 152.22, 199.93, 55.9]
d: [3.77, 5.91, 4.47, 3.5, 3.61, 5.34, 3.5, 5.23, 3.88, 3.5, 3.5, 3.5, 4.91, 2.0]

iteration: 33, best:[5.78, 7.44, 10.12, 12.21, 14.88, 17.97, 26.7, 29.89, 31.79, 34.09, 38.19, 40.18, 43.39, 44.88]
time: [5.83, 7.48, 10.87, 14.25, 20.32, 23.87, 35.58, 1000, 1000, 1000, 1000, 1000, 1000, 1000]
v: [19.64, 19.29, 24.25, 32.73, 33.74, 18.41, 18.19, 31.56, 19.35, 13.52, 20.53, 33.31, 17.56, 20.74]
a: [123.77, 63.28, 46.05, 42.85, 70.17, 178.78, 120.93, 159.33, 61.77, 127.13, 50.0, 135.82, 27.34, 153.27]
d: [3.77, 5.91, 5.14, 3.5, 3.74, 5.83, 3.5, 3.73, 3.78, 3.5, 3.5, 5.82, 4.91, 2.0]

mutation at idx = 0mutation at idx = 1iteration: 34, best:[5.78, 7.44, 10.12, 12.21, 14.88, 17.97, 26.7, 29.89, 31.79, 34.09, 38.19, 40.18, 43.39, 44.88]
time: [6.15, 7.54, 10.17, 15.52, 18.22, 21.24, 32.85, 35.63, 1000, 1000, 1000, 1000, 1000, 1000]
v: [15.22, 25.83, 16.85, 27.99, 19.95, 24.16, 15.91, 20.82, 21.42, 27.83, 29.46, 27.73, 16.83, 30.73]
a: [77.4, 192.13, 86.04, 150.8, 70.17, 185.92, 93.32, 159.33, 22.37, 50.0, 177.16, 83.57, 35.95, 113.37]
d: [4.45, 5.41, 5.14, 3.5, 3.61, 3.89, 3.5, 3.73, 3.88, 3.5, 3.65, 3.5, 4.91, 2.0]

iteration: 35, best:[5.78, 7.44, 10.12, 12.21, 14.88, 17.97, 26.7, 29.89, 31.79, 34.09, 38.19, 40.18, 43.39, 44.88]
time: [6.33, 7.88, 10.91, 13.52, 1000, 1000, 1000, 1000, 1000, 1000, 1000, 1000, 1000, 1000]
v: [14.29, 21.7, 16.0, 19.22, 18.26, 18.54, 30.66, 25.36, 12.4, 21.46, 29.61, 22.4, 17.53, 30.97]
a: [57.91, 158.3, 48.68, 119.34, 37.5, 42.76, 93.32, 159.33, 61.77, 81.86, 165.24, 135.82, 39.34, 71.56]
d: [4.07, 4.6, 5.14, 3.5, 5.5, 3.68, 3.5, 4.43, 4.51, 4.77, 4.71, 3.5, 4.03, 2.0]

iteration: 36, best:[5.78, 7.44, 10.12, 12.21, 14.88, 17.97, 26.7, 29.89, 31.79, 34.09, 38.19, 40.18, 43.39, 44.88]
time: [6.02, 7.82, 11.0, 16.45, 34.95, 38.13, 1000, 1000, 1000, 1000, 1000, 1000, 1000, 1000]
v: [12.58, 19.29, 16.85, 29.3, 29.95, 34.46, 21.63, 31.66, 13.13, 10.95, 20.53, 32.39, 19.86, 23.49]
a: [139.99, 63.28, 86.04, 118.69, 83.17, 117.5, 130.92, 159.33, 61.77, 137.51, 50.0, 135.82, 39.34, 151.55]
d: [3.77, 5.91, 5.14, 5.32, 3.61, 5.58, 5.0, 3.73, 5.98, 3.5, 3.5, 3.5, 4.91, 2.0]

iteration: 37, best:[5.78, 7.44, 10.12, 12.21, 14.88, 17.97, 26.7, 29.89, 31.79, 34.09, 38.19, 40.18, 43.39, 44.88]
time: [5.79, 7.43, 10.18, 1000, 1000, 1000, 1000, 1000, 1000, 1000, 1000, 1000, 1000, 1000]
v: [19.64, 19.59, 29.24, 10.66, 11.51, 18.24, 17.76, 22.77, 30.25, 15.68, 17.93, 25.52, 14.59, 12.72]
a: [123.77, 63.28, 86.04, 106.78, 193.88, 185.92, 89.54, 172.17, 61.77, 31.49, 77.9, 180.07, 39.34, 158.28]
d: [3.77, 5.91, 5.14, 5.93, 4.16, 5.36, 3.5, 3.73, 3.88, 5.96, 3.79, 5.79, 4.68, 2.0]

iteration: 38, best:[5.78, 7.44, 10.12, 12.21, 14.88, 17.97, 26.7, 29.89, 31.79, 34.09, 38.19, 40.18, 43.39, 44.88]
time: [5.84, 7.5, 10.65, 12.89, 15.28, 19.03, 29.09, 32.3, 34.4, 37.34, 1000, 1000, 1000, 1000]
v: [19.64, 19.29, 16.85, 34.29, 33.55, 26.97, 26.79, 20.82, 30.25, 17.31, 20.53, 27.64, 25.95, 33.38]
a: [123.77, 63.28, 86.04, 105.11, 147.0, 99.75, 93.32, 159.33, 61.77, 50.0, 50.0, 135.82, 144.86, 73.47]
d: [3.77, 5.91, 5.14, 3.5, 3.61, 3.89, 3.5, 3.73, 3.88, 3.5, 3.5, 3.5, 4.91, 2.0]

iteration: 39, best:[5.78, 7.44, 10.12, 12.21, 14.88, 17.97, 26.7, 29.89, 31.79, 34.09, 38.19, 40.18, 43.39, 44.88]
time: [5.84, 7.46, 9.71, 11.87, 17.9, 21.16, 31.36, 1000, 1000, 1000, 1000, 1000, 1000, 1000]
v: [19.64, 19.29, 28.05, 29.38, 24.3, 17.97, 26.16, 33.85, 30.25, 21.67, 33.12, 27.64, 19.86, 14.24]
a: [123.77, 63.28, 184.78, 96.03, 70.17, 118.35, 96.33, 193.48, 61.77, 91.22, 48.5, 135.82, 39.34, 34.29]
d: [3.77, 5.91, 5.14, 4.88, 3.61, 3.89, 4.9, 4.27, 3.88, 3.5, 3.78, 3.5, 4.91, 2.0]

iteration: 40, best:[5.78, 7.44, 9.71, 11.87, 14.88, 17.97, 26.7, 29.89, 31.79, 34.09, 38.19, 40.18, 43.39, 44.88]
time: [5.85, 7.46, 9.73, 11.89, 17.94, 20.87, 30.54, 33.56, 39.03, 45.37, 1000, 1000, 1000, 1000]
v: [19.64, 19.29, 28.05, 29.38, 24.3, 18.3, 30.66, 26.75, 21.38, 26.23, 27.11, 26.35, 19.86, 16.15]
a: [123.77, 63.28, 184.78, 96.03, 70.17, 185.92, 93.32, 159.33, 115.36, 188.9, 81.32, 109.92, 39.34, 55.9]
d: [3.77, 5.91, 5.14, 4.88, 3.61, 3.89, 3.5, 4.63, 3.88, 5.24, 3.5, 3.55, 4.91, 2.0]

iteration: 41, best:[5.78, 7.44, 9.71, 11.87, 14.88, 17.97, 26.7, 29.89, 31.79, 34.09, 38.19, 40.18, 43.39, 44.88]
time: [5.84, 7.45, 9.71, 11.88, 17.75, 1000, 1000, 1000, 1000, 1000, 1000, 1000, 1000, 1000]
v: [19.64, 19.29, 28.05, 29.38, 30.79, 15.26, 34.61, 20.82, 30.25, 20.15, 22.43, 27.64, 19.86, 24.83]
a: [123.77, 63.28, 184.78, 96.03, 70.17, 40.57, 137.35, 159.33, 61.77, 197.22, 50.0, 135.82, 39.34, 55.9]
d: [3.77, 5.91, 5.14, 4.88, 5.17, 3.89, 4.31, 3.73, 3.88, 4.6, 3.5, 3.5, 4.91, 2.0]

mutation at idx = 0mutation at idx = 3iteration: 42, best:[5.78, 7.44, 9.71, 11.87, 14.88, 17.97, 26.7, 29.89, 31.79, 34.09, 38.19, 40.18, 43.39, 44.88]
time: [5.89, 7.62, 10.04, 15.39, 23.62, 27.42, 40.56, 43.12, 1000, 1000, 1000, 1000, 1000, 1000]
v: [16.16, 19.29, 28.05, 26.67, 15.41, 11.94, 17.89, 30.93, 23.38, 17.23, 32.1, 27.64, 32.8, 24.24]
a: [123.77, 63.28, 184.78, 96.03, 82.7, 179.45, 93.32, 159.33, 61.77, 146.06, 73.1, 135.82, 39.34, 55.9]
d: [4.62, 5.91, 5.14, 4.98, 3.61, 5.29, 4.58, 3.62, 3.88, 3.5, 3.5, 3.5, 4.91, 2.0]

iteration: 43, best:[5.78, 7.44, 9.71, 11.87, 14.88, 17.97, 26.7, 29.89, 31.79, 34.09, 38.19, 40.18, 43.39, 44.88]
time: [5.85, 7.46, 9.88, 12.01, 14.47, 18.18, 29.67, 32.26, 34.35, 40.43, 1000, 1000, 1000, 1000]
v: [19.64, 19.29, 24.31, 34.86, 24.3, 26.02, 22.29, 20.82, 30.25, 31.77, 25.79, 27.64, 15.79, 28.99]
a: [123.77, 63.28, 184.78, 115.71, 70.17, 75.28, 93.32, 159.33, 61.77, 50.0, 185.24, 135.82, 79.55, 160.61]
d: [3.77, 5.91, 5.14, 4.88, 3.61, 3.89, 5.59, 3.73, 3.88, 3.5, 5.77, 3.5, 5.84, 2.0]

mutation at idx = 4iteration: 44, best:[5.78, 7.44, 9.71, 11.87, 14.47, 17.97, 26.7, 29.89, 31.79, 34.09, 38.19, 40.18, 43.39, 44.88]
time: [5.83, 7.45, 9.72, 15.0, 21.97, 24.75, 33.6, 36.51, 1000, 1000, 1000, 1000, 1000, 1000]
v: [19.64, 19.29, 28.05, 29.38, 22.42, 20.97, 30.66, 32.49, 30.25, 13.36, 19.47, 27.64, 27.77, 27.23]
a: [123.77, 63.28, 184.78, 96.03, 86.04, 185.92, 93.32, 159.33, 61.77, 161.91, 81.51, 135.82, 49.29, 90.91]
d: [3.77, 5.91, 5.14, 4.88, 3.61, 3.89, 3.5, 3.73, 3.88, 3.5, 5.15, 3.5, 4.0, 2.0]

iteration: 45, best:[5.78, 7.44, 9.71, 11.87, 14.47, 17.97, 26.7, 29.89, 31.79, 34.09, 38.19, 40.18, 43.39, 44.88]
time: [5.82, 7.48, 9.79, 11.96, 17.89, 20.88, 31.34, 34.0, 35.38, 41.03, 41.99, 1000, 1000, 1000]
v: [19.64, 19.29, 28.05, 22.96, 26.73, 20.97, 19.84, 20.82, 15.79, 31.45, 32.78, 22.45, 15.6, 24.56]
a: [123.77, 63.28, 184.78, 95.5, 70.17, 185.92, 189.62, 159.33, 71.99, 50.0, 161.15, 135.82, 39.34, 55.32]
d: [3.77, 5.91, 5.14, 4.88, 5.15, 3.89, 3.5, 3.73, 3.88, 5.46, 3.74, 5.16, 4.91, 2.0]

iteration: 46, best:[5.78, 7.44, 9.71, 11.87, 14.47, 17.97, 26.7, 29.89, 31.79, 34.09, 38.19, 40.18, 43.39, 44.88]
time: [5.84, 7.47, 9.75, 1000, 1000, 1000, 1000, 1000, 1000, 1000, 1000, 1000, 1000, 1000]
v: [19.64, 19.29, 28.05, 29.38, 11.51, 16.62, 25.56, 25.2, 12.63, 16.61, 22.26, 21.37, 33.38, 24.83]
a: [123.77, 63.28, 184.78, 96.03, 70.17, 185.92, 44.24, 79.72, 130.33, 141.35, 198.67, 115.41, 39.34, 55.9]
d: [3.77, 5.91, 5.14, 4.88, 3.61, 3.89, 3.94, 3.73, 3.88, 5.37, 4.09, 3.5, 5.61, 2.0]

iteration: 47, best:[5.78, 7.44, 9.71, 11.87, 14.47, 17.97, 26.7, 29.89, 31.79, 34.09, 38.19, 40.18, 43.39, 44.88]
time: [5.83, 7.46, 9.72, 11.94, 17.93, 20.9, 40.29, 1000, 1000, 1000, 1000, 1000, 1000, 1000]
v: [19.64, 19.29, 28.05, 18.19, 27.16, 20.56, 11.5, 20.82, 27.86, 23.08, 33.37, 27.64, 18.17, 32.74]
a: [123.77, 63.28, 184.78, 118.83, 70.17, 188.07, 93.32, 159.33, 44.43, 50.0, 50.0, 135.82, 94.95, 171.69]
d: [3.77, 5.91, 5.14, 4.0, 3.61, 3.89, 3.5, 3.73, 5.32, 3.5, 5.6, 3.5, 4.91, 2.0]

mutation at idx = 0iteration: 48, best:[5.78, 7.44, 9.71, 11.87, 14.47, 17.97, 26.7, 29.89, 31.79, 34.09, 38.19, 40.18, 43.39, 44.88]
time: [5.71, 7.24, 9.5, 14.73, 23.52, 26.68, 41.35, 43.79, 1000, 1000, 1000, 1000, 1000, 1000]
v: [26.9, 19.29, 28.05, 29.38, 24.3, 18.81, 19.01, 25.15, 28.18, 29.86, 29.78, 19.02, 22.56, 25.79]
a: [146.89, 63.28, 184.78, 96.03, 70.17, 91.05, 28.31, 170.13, 61.77, 184.19, 50.0, 163.35, 39.34, 29.8]
d: [3.77, 5.91, 5.14, 4.88, 3.61, 3.89, 5.93, 4.12, 3.9, 4.06, 3.56, 5.65, 5.57, 2.0]

mutation at idx = 0iteration: 49, best:[5.78, 7.44, 9.71, 11.87, 14.47, 17.97, 26.7, 29.89, 31.79, 34.09, 38.19, 40.18, 43.39, 44.88]
time: [5.75, 7.41, 9.71, 1000, 1000, 1000, 1000, 1000, 1000, 1000, 1000, 1000, 1000, 1000]
v: [19.47, 19.29, 28.05, 15.21, 24.3, 20.97, 29.63, 20.82, 24.72, 27.4, 25.95, 29.62, 16.23, 24.83]
a: [167.79, 63.28, 184.78, 21.99, 70.17, 185.92, 155.73, 159.33, 107.19, 49.95, 81.5, 135.82, 138.6, 55.9]
d: [4.14, 5.91, 5.14, 4.88, 3.61, 3.89, 3.5, 3.73, 5.73, 3.5, 4.6, 4.3, 4.91, 2.0]

iteration: 50, best:[5.78, 7.44, 9.71, 11.87, 14.47, 17.97, 26.7, 29.89, 31.79, 34.09, 38.19, 40.18, 43.39, 44.88]
time: [5.78, 7.42, 9.71, 11.73, 17.86, 20.72, 29.48, 32.24, 33.78, 1000, 1000, 1000, 1000, 1000]
v: [19.64, 19.29, 28.05, 29.38, 27.83, 20.97, 32.1, 21.48, 25.74, 27.83, 21.99, 14.06, 19.86, 23.41]
a: [123.77, 63.28, 184.78, 96.03, 185.77, 185.92, 93.32, 89.76, 173.24, 50.0, 157.92, 135.82, 39.34, 55.9]
d: [3.77, 5.91, 5.14, 4.88, 3.61, 3.89, 4.12, 3.59, 3.88, 3.5, 4.08, 3.5, 4.91, 2.0]

iteration: 51, best:[5.78, 7.44, 9.71, 11.87, 14.47, 17.97, 26.7, 29.89, 31.79, 34.09, 38.19, 40.18, 43.39, 44.88]
time: [5.84, 7.45, 9.73, 11.89, 14.55, 17.78, 26.25, 28.94, 30.04, 36.35, 1000, 1000, 1000, 1000]
v: [19.64, 19.29, 28.05, 29.38, 24.02, 20.97, 34.08, 26.76, 25.03, 27.83, 23.11, 20.32, 25.92, 30.76]
a: [123.77, 63.28, 184.78, 96.03, 90.79, 185.92, 93.32, 159.33, 102.45, 50.0, 108.75, 25.65, 39.34, 55.9]
d: [3.77, 5.91, 5.14, 4.88, 3.61, 3.89, 5.69, 5.3, 4.01, 3.5, 3.5, 3.5, 5.23, 2.0]

iteration: 52, best:[5.78, 7.44, 9.71, 11.87, 14.47, 17.97, 26.25, 28.94, 30.04, 34.09, 38.19, 40.18, 43.39, 44.88]
time: [5.84, 7.46, 9.74, 14.77, 17.44, 20.68, 29.21, 31.52, 1000, 1000, 1000, 1000, 1000, 1000]
v: [19.64, 19.29, 28.05, 29.38, 24.3, 20.97, 34.08, 26.76, 25.03, 15.73, 11.31, 28.77, 10.75, 30.45]
a: [123.77, 63.28, 184.78, 96.03, 70.17, 185.92, 93.32, 159.33, 102.45, 81.73, 40.46, 48.46, 39.34, 53.44]
d: [3.77, 5.91, 5.14, 4.88, 3.61, 3.89, 5.69, 5.3, 4.01, 3.5, 3.5, 5.77, 4.91, 2.0]

iteration: 53, best:[5.78, 7.44, 9.71, 11.87, 14.47, 17.97, 26.25, 28.94, 30.04, 34.09, 38.19, 40.18, 43.39, 44.88]
time: [5.79, 7.43, 9.71, 15.21, 21.27, 24.43, 39.19, 41.61, 1000, 1000, 1000, 1000, 1000, 1000]
v: [19.64, 19.29, 28.05, 11.73, 30.02, 25.43, 15.02, 26.76, 15.27, 27.83, 20.53, 27.64, 22.89, 14.32]
a: [123.77, 63.28, 184.78, 96.03, 70.17, 133.95, 98.45, 159.33, 86.72, 50.0, 50.0, 135.82, 114.69, 55.9]
d: [3.77, 5.91, 5.14, 4.58, 3.61, 3.89, 5.69, 5.3, 4.01, 3.5, 3.5, 3.5, 4.91, 2.0]

mutation at idx = 0iteration: 54, best:[5.78, 7.44, 9.71, 11.87, 14.47, 17.97, 26.25, 28.94, 30.04, 34.09, 38.19, 40.18, 43.39, 44.88]
time: [5.87, 7.54, 9.95, 19.71, 23.19, 26.16, 34.66, 37.12, 38.25, 39.79, 1000, 1000, 1000, 1000]
v: [18.49, 19.29, 28.05, 29.38, 24.3, 22.71, 34.08, 24.9, 25.03, 13.02, 24.61, 27.64, 27.66, 22.86]
a: [123.77, 63.28, 184.78, 96.03, 70.17, 185.92, 93.32, 162.97, 102.45, 98.86, 46.04, 135.82, 41.91, 109.7]
d: [4.48, 5.91, 5.14, 4.88, 3.61, 4.87, 5.69, 5.3, 4.01, 3.5, 4.81, 3.5, 4.36, 2.0]

mutation at idx = 1iteration: 55, best:[5.78, 7.44, 9.71, 11.87, 14.47, 17.97, 26.25, 28.94, 30.04, 34.09, 38.19, 40.18, 43.39, 44.88]
time: [5.86, 7.34, 9.71, 1000, 1000, 1000, 1000, 1000, 1000, 1000, 1000, 1000, 1000, 1000]
v: [19.64, 22.55, 28.05, 32.73, 24.3, 24.99, 24.86, 28.3, 13.96, 22.93, 24.56, 18.43, 27.12, 24.15]
a: [123.77, 117.65, 184.78, 96.03, 70.17, 177.03, 93.32, 159.33, 89.87, 50.0, 110.58, 56.52, 152.97, 114.48]
d: [3.77, 3.84, 5.14, 4.88, 3.61, 3.89, 4.2, 5.3, 4.01, 3.5, 3.5, 3.5, 5.38, 2.0]

iteration: 56, best:[5.78, 7.44, 9.71, 11.87, 14.47, 17.97, 26.25, 28.94, 30.04, 34.09, 38.19, 40.18, 43.39, 44.88]
time: [5.83, 7.45, 9.72, 1000, 1000, 1000, 1000, 1000, 1000, 1000, 1000, 1000, 1000, 1000]
v: [19.64, 19.29, 28.05, 28.47, 19.57, 24.1, 19.12, 26.76, 17.51, 20.56, 23.22, 31.48, 17.06, 24.83]
a: [123.77, 63.28, 184.78, 181.1, 99.72, 120.79, 114.95, 159.33, 102.45, 174.26, 63.34, 135.82, 25.04, 55.9]
d: [3.77, 5.91, 5.14, 4.82, 5.91, 3.89, 5.43, 5.3, 4.27, 4.18, 4.63, 3.55, 4.91, 2.0]

iteration: 57, best:[5.78, 7.44, 9.71, 11.87, 14.47, 17.97, 26.25, 28.94, 30.04, 34.09, 38.19, 40.18, 43.39, 44.88]
time: [5.83, 7.46, 9.72, 14.75, 21.42, 40.05, 1000, 1000, 1000, 1000, 1000, 1000, 1000, 1000]
v: [19.64, 19.29, 28.05, 29.38, 22.25, 28.95, 17.81, 34.46, 25.03, 17.48, 28.73, 25.75, 23.03, 31.77]
a: [123.77, 63.28, 184.78, 96.03, 79.77, 179.72, 130.92, 159.33, 102.45, 50.0, 144.66, 135.82, 39.34, 165.78]
d: [3.77, 5.91, 5.14, 4.88, 3.61, 3.89, 5.91, 4.06, 4.01, 4.71, 3.5, 5.06, 4.08, 2.0]

iteration: 58, best:[5.78, 7.44, 9.71, 11.87, 14.47, 17.97, 26.25, 28.94, 30.04, 34.09, 38.19, 40.18, 43.39, 44.88]
time: [5.84, 7.46, 9.72, 15.2, 22.06, 24.8, 36.06, 38.53, 42.7, 44.14, 1000, 1000, 1000, 1000]
v: [19.64, 19.29, 28.05, 31.53, 10.7, 18.19, 19.91, 26.76, 21.0, 20.56, 13.69, 12.45, 32.05, 24.83]
a: [123.77, 63.28, 184.78, 59.75, 84.49, 129.32, 150.72, 159.33, 102.45, 165.31, 129.3, 90.78, 39.34, 55.9]
d: [3.77, 5.91, 5.14, 4.88, 3.61, 3.89, 4.09, 5.3, 5.85, 5.01, 5.8, 3.5, 5.38, 2.0]

mutation at idx = 2iteration: 59, best:[5.78, 7.44, 9.71, 11.87, 14.47, 17.97, 26.25, 28.94, 30.04, 34.09, 38.19, 40.18, 43.39, 44.88]
time: [5.79, 7.47, 9.76, 1000, 1000, 1000, 1000, 1000, 1000, 1000, 1000, 1000, 1000, 1000]
v: [19.64, 19.29, 27.66, 21.56, 24.3, 25.78, 14.0, 34.78, 25.03, 33.37, 15.47, 20.37, 25.52, 28.54]
a: [123.77, 63.28, 184.78, 163.78, 70.17, 185.92, 35.87, 41.82, 102.45, 156.26, 50.0, 157.74, 39.34, 127.4]
d: [3.77, 5.91, 5.14, 4.88, 3.61, 4.26, 4.15, 4.22, 4.01, 3.5, 3.5, 3.5, 4.52, 2.0]

mutation at idx = 1iteration: 60, best:[5.78, 7.44, 9.71, 11.87, 14.47, 17.97, 26.25, 28.94, 30.04, 34.09, 38.19, 40.18, 43.39, 44.88]
time: [5.81, 7.38, 9.64, 12.18, 16.16, 19.66, 31.97, 35.23, 36.56, 40.92, 1000, 1000, 1000, 1000]
v: [19.64, 15.15, 28.05, 17.16, 33.36, 16.27, 20.11, 30.44, 31.18, 20.26, 28.29, 24.01, 33.38, 24.83]
a: [123.77, 115.66, 184.78, 40.08, 47.68, 100.36, 93.32, 63.84, 159.04, 184.91, 184.4, 196.53, 39.34, 55.9]
d: [3.77, 5.91, 5.14, 3.63, 3.61, 3.89, 4.42, 5.32, 4.01, 3.5, 4.84, 3.5, 5.5, 2.0]

mutation at idx = 1iteration: 61, best:[5.78, 7.44, 9.71, 11.87, 14.47, 17.97, 26.25, 28.94, 30.04, 34.09, 38.19, 40.18, 43.39, 44.88]
time: [5.8, 7.4, 9.69, 11.91, 17.36, 20.62, 35.8, 38.2, 40.6, 42.77, 1000, 1000, 1000, 1000]
v: [19.64, 24.76, 28.05, 17.63, 33.79, 25.14, 13.7, 26.76, 16.34, 27.81, 31.65, 25.86, 20.1, 32.03]
a: [123.77, 65.4, 184.78, 96.03, 91.72, 117.42, 23.12, 159.33, 60.29, 80.84, 160.61, 63.55, 86.69, 55.9]
d: [3.77, 5.91, 5.14, 4.88, 3.61, 5.61, 5.69, 5.3, 4.01, 3.5, 4.97, 4.81, 4.91, 2.0]

mutation at idx = 1iteration: 62, best:[5.78, 7.44, 9.71, 11.87, 14.47, 17.97, 26.25, 28.94, 30.04, 34.09, 38.19, 40.18, 43.39, 44.88]
time: [5.85, 7.43, 9.7, 11.74, 16.96, 28.03, 41.25, 1000, 1000, 1000, 1000, 1000, 1000, 1000]
v: [19.64, 34.61, 28.05, 29.38, 22.37, 20.97, 33.4, 33.09, 25.03, 14.03, 24.7, 24.26, 27.32, 31.02]
a: [123.77, 63.28, 184.78, 96.03, 193.2, 185.92, 168.7, 37.9, 102.45, 187.04, 106.4, 33.12, 189.45, 159.53]
d: [3.77, 5.91, 5.14, 4.88, 3.61, 3.89, 5.69, 4.96, 4.01, 4.86, 3.5, 4.41, 4.81, 2.0]

iteration: 63, best:[5.78, 7.44, 9.71, 11.87, 14.47, 17.97, 26.25, 28.94, 30.04, 34.09, 38.19, 40.18, 43.39, 44.88]
time: [5.84, 7.46, 9.74, 15.34, 22.99, 27.11, 36.6, 39.64, 1000, 1000, 1000, 1000, 1000, 1000]
v: [19.64, 19.29, 28.05, 29.38, 24.3, 10.51, 34.08, 13.2, 25.11, 27.83, 20.53, 23.38, 19.86, 14.16]
a: [123.77, 63.28, 184.78, 96.03, 70.17, 185.92, 93.32, 159.33, 94.68, 50.0, 50.0, 185.06, 39.34, 36.5]
d: [3.77, 5.91, 5.14, 4.88, 3.61, 4.68, 5.69, 5.3, 5.42, 3.5, 3.5, 3.5, 4.91, 2.0]

iteration: 64, best:[5.78, 7.44, 9.71, 11.87, 14.47, 17.97, 26.25, 28.94, 30.04, 34.09, 38.19, 40.18, 43.39, 44.88]
time: [5.8, 7.41, 9.71, 15.02, 25.61, 29.07, 37.96, 40.59, 41.82, 43.8, 1000, 1000, 1000, 1000]
v: [19.64, 19.29, 28.05, 23.36, 28.42, 20.97, 34.08, 29.6, 14.94, 33.63, 21.54, 19.2, 13.33, 31.34]
a: [123.77, 63.28, 184.78, 166.71, 168.5, 185.92, 93.32, 127.91, 102.45, 80.05, 50.0, 68.75, 122.94, 55.9]
d: [3.77, 5.91, 5.14, 5.84, 3.61, 3.89, 5.69, 5.3, 4.01, 3.5, 4.93, 3.5, 4.91, 2.0]

iteration: 65, best:[5.78, 7.44, 9.71, 11.87, 14.47, 17.97, 26.25, 28.94, 30.04, 34.09, 38.19, 40.18, 43.39, 44.88]
time: [5.79, 7.42, 9.71, 15.2, 21.23, 44.59, 1000, 1000, 1000, 1000, 1000, 1000, 1000, 1000]
v: [19.64, 19.29, 28.05, 12.5, 24.3, 15.84, 11.49, 11.32, 20.94, 21.39, 13.46, 27.64, 17.13, 25.79]
a: [123.77, 63.28, 184.78, 96.03, 70.17, 34.55, 93.32, 159.33, 90.41, 50.0, 50.0, 135.82, 39.34, 55.9]
d: [3.77, 5.91, 5.14, 4.88, 3.61, 5.7, 5.69, 5.3, 4.01, 3.5, 3.96, 3.5, 4.91, 2.0]

mutation at idx = 2iteration: 66, best:[5.78, 7.44, 9.71, 11.87, 14.47, 17.97, 26.25, 28.94, 30.04, 34.09, 38.19, 40.18, 43.39, 44.88]
time: [5.83, 7.49, 10.91, 12.99, 18.56, 23.27, 39.3, 1000, 1000, 1000, 1000, 1000, 1000, 1000]
v: [19.64, 19.29, 16.41, 31.71, 21.71, 11.45, 17.08, 26.28, 14.04, 21.63, 23.56, 23.94, 27.11, 24.83]
a: [123.77, 63.28, 57.11, 183.01, 70.17, 49.13, 56.81, 27.02, 102.45, 50.0, 52.0, 157.08, 164.02, 55.9]
d: [3.77, 5.91, 4.8, 4.88, 3.61, 5.92, 5.3, 5.09, 5.98, 3.99, 5.19, 3.5, 5.4, 2.0]

mutation at idx = 0iteration: 67, best:[5.78, 7.44, 9.71, 11.87, 14.47, 17.97, 26.25, 28.94, 30.04, 34.09, 38.19, 40.18, 43.39, 44.88]
time: [6.26, 8.24, 10.54, 16.01, 1000, 1000, 1000, 1000, 1000, 1000, 1000, 1000, 1000, 1000]
v: [15.04, 19.29, 30.93, 11.51, 22.03, 18.41, 34.08, 26.76, 28.2, 12.29, 34.04, 20.19, 19.86, 28.61]
a: [61.63, 63.28, 184.78, 106.0, 190.24, 134.6, 93.32, 159.33, 102.45, 122.53, 50.0, 112.04, 39.34, 199.22]
d: [3.77, 5.91, 5.14, 4.88, 5.87, 3.89, 5.69, 5.3, 5.11, 3.5, 3.5, 3.5, 4.91, 2.0]

iteration: 68, best:[5.78, 7.44, 9.71, 11.87, 14.47, 17.97, 26.25, 28.94, 30.04, 34.09, 38.19, 40.18, 43.39, 44.88]
time: [5.76, 7.58, 11.4, 13.93, 16.68, 19.59, 29.17, 31.75, 33.07, 35.16, 1000, 1000, 1000, 1000]
v: [25.26, 26.78, 18.71, 29.38, 20.85, 32.3, 34.08, 26.03, 15.25, 13.86, 21.11, 30.37, 25.22, 17.98]
a: [145.43, 25.42, 45.46, 96.03, 70.17, 185.92, 93.32, 121.09, 102.45, 53.37, 167.03, 135.82, 112.7, 122.75]
d: [3.77, 5.61, 5.14, 4.88, 4.41, 3.89, 5.69, 5.3, 4.01, 3.5, 3.97, 3.5, 4.91, 2.0]

iteration: 69, best:[5.78, 7.44, 9.71, 11.87, 14.47, 17.97, 26.25, 28.94, 30.04, 34.09, 38.19, 40.18, 43.39, 44.88]
time: [5.84, 7.45, 9.72, 11.88, 17.96, 20.85, 32.57, 36.21, 37.59, 1000, 1000, 1000, 1000, 1000]
v: [19.64, 19.29, 28.05, 29.38, 24.3, 20.97, 32.29, 16.79, 33.82, 27.83, 27.18, 20.4, 25.91, 34.48]
a: [123.77, 63.28, 184.78, 96.03, 70.17, 185.92, 136.13, 67.9, 102.45, 50.0, 182.12, 135.82, 47.92, 55.9]
d: [3.77, 5.91, 5.14, 4.88, 3.61, 3.89, 4.09, 5.3, 4.01, 3.5, 3.5, 3.5, 3.72, 2.0]

iteration: 70, best:[5.78, 7.44, 9.71, 11.87, 14.47, 17.97, 26.25, 28.94, 30.04, 34.09, 38.19, 40.18, 43.39, 44.88]
time: [5.83, 7.44, 9.72, 15.07, 1000, 1000, 1000, 1000, 1000, 1000, 1000, 1000, 1000, 1000]
v: [19.64, 19.29, 28.05, 29.38, 24.9, 13.33, 24.23, 17.13, 15.8, 23.87, 26.76, 22.81, 19.86, 30.3]
a: [123.77, 63.28, 184.78, 96.03, 101.64, 79.43, 151.68, 49.58, 102.45, 103.53, 197.46, 188.47, 39.34, 191.42]
d: [3.77, 5.91, 5.14, 4.88, 4.72, 3.89, 5.69, 5.3, 3.8, 3.5, 5.5, 3.5, 4.91, 2.0]

iteration: 71, best:[5.78, 7.44, 9.71, 11.87, 14.47, 17.97, 26.25, 28.94, 30.04, 34.09, 38.19, 40.18, 43.39, 44.88]
time: [5.84, 7.46, 12.73, 17.94, 24.73, 1000, 1000, 1000, 1000, 1000, 1000, 1000, 1000, 1000]
v: [19.64, 19.29, 28.05, 29.38, 24.9, 15.05, 24.32, 17.82, 29.18, 18.97, 13.91, 27.37, 11.43, 13.77]
a: [123.77, 63.28, 184.78, 96.03, 83.99, 65.07, 181.6, 122.11, 157.37, 50.0, 50.0, 80.95, 151.38, 109.19]
d: [3.77, 5.91, 5.14, 4.88, 5.07, 3.89, 5.69, 4.9, 5.5, 4.48, 3.5, 5.08, 4.91, 2.0]

iteration: 72, best:[5.78, 7.44, 9.71, 11.87, 14.47, 17.97, 26.25, 28.94, 30.04, 34.09, 38.19, 40.18, 43.39, 44.88]
time: [5.84, 7.46, 12.73, 18.94, 25.61, 28.49, 38.08, 1000, 1000, 1000, 1000, 1000, 1000, 1000]
v: [19.64, 19.29, 28.05, 20.05, 34.89, 33.01, 25.47, 11.82, 12.79, 22.65, 32.0, 16.91, 19.86, 24.83]
a: [123.77, 63.28, 184.78, 96.03, 70.17, 161.3, 93.32, 66.24, 68.35, 50.0, 174.16, 72.38, 39.34, 55.9]
d: [3.77, 5.91, 5.14, 4.17, 4.82, 3.89, 5.69, 4.15, 5.78, 3.5, 3.5, 3.5, 4.91, 2.0]

iteration: 73, best:[5.78, 7.44, 9.71, 11.87, 14.47, 17.97, 26.25, 28.94, 30.04, 34.09, 38.19, 40.18, 43.39, 44.88]
time: [5.86, 7.45, 9.65, 12.02, 18.47, 21.28, 30.24, 38.34, 40.26, 1000, 1000, 1000, 1000, 1000]
v: [19.64, 19.29, 30.87, 15.45, 12.49, 31.07, 34.42, 24.11, 33.56, 27.83, 20.53, 27.6, 19.86, 24.85]
a: [123.77, 63.28, 184.78, 96.03, 70.17, 86.63, 94.87, 45.46, 168.33, 50.0, 50.0, 135.82, 39.34, 138.21]
d: [3.77, 5.91, 3.95, 4.88, 4.91, 3.89, 5.69, 3.6, 4.01, 3.5, 3.5, 3.5, 4.91, 2.0]

mutation at idx = 3iteration: 74, best:[5.78, 7.44, 9.71, 11.87, 14.47, 17.97, 26.25, 28.94, 30.04, 34.09, 38.19, 40.18, 43.39, 44.88]
time: [5.79, 7.42, 9.7, 14.76, 18.68, 24.46, 34.3, 37.37, 39.03, 41.27, 1000, 1000, 1000, 1000]
v: [19.64, 19.29, 28.05, 29.24, 14.71, 31.35, 34.08, 17.11, 28.0, 27.83, 31.65, 27.64, 19.86, 20.48]
a: [123.77, 63.28, 184.78, 196.79, 70.17, 185.92, 93.32, 159.33, 87.85, 50.0, 36.7, 135.82, 39.34, 55.9]
d: [3.77, 5.91, 5.14, 4.88, 3.61, 5.75, 5.69, 4.06, 4.01, 3.5, 5.97, 3.5, 4.91, 2.0]

mutation at idx = 0mutation at idx = 1iteration: 75, best:[5.78, 7.44, 9.71, 11.87, 14.47, 17.97, 26.25, 28.94, 30.04, 34.09, 38.19, 40.18, 43.39, 44.88]
time: [5.76, 6.95, 1000, 1000, 1000, 1000, 1000, 1000, 1000, 1000, 1000, 1000, 1000, 1000]
v: [23.97, 32.43, 28.05, 29.38, 25.45, 23.3, 30.33, 23.23, 25.03, 22.4, 20.53, 15.49, 29.0, 32.63]
a: [123.77, 188.18, 184.78, 96.03, 73.24, 94.32, 93.32, 107.58, 102.45, 50.0, 50.0, 154.41, 39.34, 55.9]
d: [5.08, 5.2, 5.14, 4.88, 3.61, 4.0, 3.94, 3.61, 4.01, 3.5, 3.5, 3.5, 4.66, 2.0]

mutation at idx = 0iteration: 76, best:[5.78, 6.95, 9.71, 11.87, 14.47, 17.97, 26.25, 28.94, 30.04, 34.09, 38.19, 40.18, 43.39, 44.88]
time: [5.91, 7.25, 9.63, 11.9, 23.55, 45.3, 1000, 1000, 1000, 1000, 1000, 1000, 1000, 1000]
v: [14.82, 32.43, 29.67, 27.67, 33.77, 19.84, 34.08, 29.49, 15.04, 28.56, 14.38, 21.69, 28.96, 24.83]
a: [123.77, 188.18, 108.25, 96.03, 27.96, 185.92, 93.32, 159.33, 102.45, 50.0, 50.0, 44.08, 76.79, 55.9]
d: [3.77, 5.2, 5.53, 4.88, 3.61, 3.89, 5.69, 5.3, 4.01, 3.5, 3.5, 3.5, 5.33, 2.0]

iteration: 77, best:[5.78, 6.95, 9.71, 11.87, 14.47, 17.97, 26.25, 28.94, 30.04, 34.09, 38.19, 40.18, 43.39, 44.88]
time: [5.85, 7.13, 9.47, 15.33, 21.0, 23.66, 35.17, 38.17, 39.73, 1000, 1000, 1000, 1000, 1000]
v: [19.64, 32.43, 18.3, 29.69, 16.6, 20.97, 18.7, 33.36, 25.03, 30.13, 14.14, 15.01, 24.87, 24.83]
a: [123.77, 188.18, 191.17, 96.03, 70.17, 185.92, 93.32, 65.43, 102.45, 50.0, 50.0, 75.14, 160.64, 55.9]
d: [3.77, 5.2, 4.61, 4.88, 4.94, 3.89, 3.93, 5.3, 4.01, 5.05, 4.31, 3.5, 5.17, 2.0]

mutation at idx = 0iteration: 78, best:[5.78, 6.95, 9.71, 11.87, 14.47, 17.97, 26.25, 28.94, 30.04, 34.09, 38.19, 40.18, 43.39, 44.88]
time: [6.03, 7.37, 12.52, 24.24, 27.0, 41.65, 1000, 1000, 1000, 1000, 1000, 1000, 1000, 1000]
v: [12.99, 32.43, 28.05, 14.96, 34.34, 17.13, 12.67, 26.76, 25.03, 18.95, 25.0, 27.64, 28.28, 11.46]
a: [144.54, 188.18, 184.78, 96.03, 83.69, 185.92, 151.26, 159.33, 102.45, 80.07, 50.0, 135.82, 114.88, 55.9]
d: [3.77, 5.2, 5.14, 4.88, 3.61, 3.89, 5.69, 5.3, 4.01, 3.5, 5.27, 3.5, 4.91, 2.0]

iteration: 79, best:[5.78, 6.95, 9.71, 11.87, 14.47, 17.97, 26.25, 28.94, 30.04, 34.09, 38.19, 40.18, 43.39, 44.88]
time: [5.85, 7.24, 9.53, 14.65, 1000, 1000, 1000, 1000, 1000, 1000, 1000, 1000, 1000, 1000]
v: [19.64, 23.85, 23.59, 27.4, 24.3, 20.97, 31.64, 23.68, 30.35, 33.34, 13.43, 25.95, 15.04, 19.83]
a: [123.77, 178.05, 180.4, 152.61, 70.17, 185.92, 93.32, 159.33, 119.01, 111.14, 189.02, 130.6, 39.34, 86.73]
d: [3.77, 5.27, 4.68, 5.49, 3.61, 3.89, 5.27, 5.81, 4.01, 4.01, 3.5, 3.5, 4.91, 2.0]

iteration: 80, best:[5.78, 6.95, 9.71, 11.87, 14.47, 17.97, 26.25, 28.94, 30.04, 34.09, 38.19, 40.18, 43.39, 44.88]
time: [5.84, 7.11, 9.21, 11.94, 14.57, 21.86, 31.4, 37.29, 42.9, 44.97, 1000, 1000, 1000, 1000]
v: [19.64, 32.43, 25.66, 34.31, 18.27, 12.62, 28.1, 34.66, 19.21, 27.83, 23.01, 17.76, 32.73, 17.5]
a: [123.77, 188.18, 184.78, 67.05, 108.83, 185.92, 128.82, 159.33, 65.37, 50.0, 35.5, 135.82, 164.73, 175.13]
d: [3.77, 5.2, 5.14, 4.88, 4.34, 3.89, 5.69, 5.44, 4.01, 3.5, 3.5, 3.5, 4.91, 2.0]

mutation at idx = 2mutation at idx = 4iteration: 81, best:[5.78, 6.95, 9.21, 11.87, 14.47, 17.97, 26.25, 28.94, 30.04, 34.09, 38.19, 40.18, 43.39, 44.88]
time: [5.81, 7.12, 9.75, 15.38, 25.29, 27.74, 36.03, 38.62, 43.16, 1000, 1000, 1000, 1000, 1000]
v: [19.64, 32.43, 16.51, 29.38, 22.22, 32.24, 34.08, 32.55, 27.28, 21.98, 22.9, 13.29, 23.66, 24.83]
a: [123.77, 188.18, 77.4, 96.03, 45.73, 185.92, 93.32, 112.0, 97.41, 50.0, 50.0, 135.82, 114.31, 55.9]
d: [3.77, 5.2, 5.14, 4.88, 3.61, 4.22, 5.69, 5.3, 4.01, 4.59, 3.5, 4.92, 4.91, 2.0]

iteration: 82, best:[5.78, 6.95, 9.21, 11.87, 14.47, 17.97, 26.25, 28.94, 30.04, 34.09, 38.19, 40.18, 43.39, 44.88]
time: [5.84, 7.11, 9.84, 12.3, 17.77, 20.92, 32.04, 1000, 1000, 1000, 1000, 1000, 1000, 1000]
v: [19.64, 32.43, 12.05, 20.59, 25.27, 20.97, 20.63, 32.69, 25.03, 27.83, 12.68, 23.27, 21.88, 33.27]
a: [123.77, 188.18, 94.91, 123.36, 101.42, 185.92, 97.44, 38.2, 102.45, 50.0, 31.18, 162.15, 21.66, 47.01]
d: [3.77, 5.2, 4.79, 5.87, 3.61, 3.89, 5.87, 5.3, 4.01, 3.5, 3.5, 3.5, 4.91, 2.0]

iteration: 83, best:[5.78, 6.95, 9.21, 11.87, 14.47, 17.97, 26.25, 28.94, 30.04, 34.09, 38.19, 40.18, 43.39, 44.88]
time: [5.83, 7.12, 9.22, 14.79, 25.82, 45.48, 1000, 1000, 1000, 1000, 1000, 1000, 1000, 1000]
v: [19.64, 32.43, 25.66, 29.38, 33.5, 28.41, 32.62, 23.86, 25.03, 23.78, 32.04, 20.63, 19.86, 33.13]
a: [123.77, 188.18, 184.78, 96.03, 70.17, 44.03, 62.78, 96.33, 102.45, 114.82, 140.66, 166.15, 39.34, 93.82]
d: [3.77, 5.2, 5.14, 4.88, 4.16, 3.89, 3.94, 5.57, 4.01, 4.73, 3.5, 5.5, 4.91, 2.0]

iteration: 84, best:[5.78, 6.95, 9.21, 11.87, 14.47, 17.97, 26.25, 28.94, 30.04, 34.09, 38.19, 40.18, 43.39, 44.88]
time: [5.84, 7.12, 9.2, 14.65, 1000, 1000, 1000, 1000, 1000, 1000, 1000, 1000, 1000, 1000]
v: [19.64, 32.43, 25.66, 29.38, 23.87, 15.83, 32.07, 27.58, 11.38, 33.13, 24.06, 33.14, 29.66, 19.61]
a: [123.77, 188.18, 184.78, 96.03, 70.17, 31.26, 70.62, 159.33, 102.45, 189.69, 102.84, 198.01, 90.29, 64.85]
d: [3.77, 5.2, 5.14, 4.88, 3.61, 3.89, 5.95, 3.91, 4.01, 3.5, 3.5, 5.04, 3.86, 2.0]

mutation at idx = 2iteration: 85, best:[5.78, 6.95, 9.21, 11.87, 14.47, 17.97, 26.25, 28.94, 30.04, 34.09, 38.19, 40.18, 43.39, 44.88]
time: [5.82, 7.14, 9.55, 11.95, 18.7, 23.49, 35.54, 42.26, 43.9, 45.39, 1000, 1000, 1000, 1000]
v: [19.64, 32.43, 27.3, 33.09, 24.0, 23.48, 23.18, 18.4, 20.0, 21.93, 20.53, 21.9, 25.1, 24.83]
a: [123.77, 188.18, 83.43, 96.03, 185.37, 36.52, 177.24, 61.06, 102.45, 187.09, 50.0, 85.33, 168.11, 55.9]
d: [3.77, 5.2, 5.14, 5.51, 3.61, 3.89, 5.69, 5.3, 4.01, 5.97, 3.5, 3.84, 4.74, 2.0]

iteration: 86, best:[5.78, 6.95, 9.21, 11.87, 14.47, 17.97, 26.25, 28.94, 30.04, 34.09, 38.19, 40.18, 43.39, 44.88]
time: [5.79, 7.1, 13.28, 20.62, 28.3, 31.34, 44.69, 1000, 1000, 1000, 1000, 1000, 1000, 1000]
v: [19.64, 32.43, 10.8, 29.38, 12.4, 22.2, 16.15, 26.61, 23.59, 19.59, 28.83, 25.82, 19.86, 26.79]
a: [123.77, 188.18, 161.84, 96.03, 42.69, 95.99, 134.1, 74.23, 40.42, 178.22, 155.47, 133.23, 39.34, 156.61]
d: [3.77, 5.2, 5.14, 4.88, 3.61, 5.54, 5.29, 3.66, 4.96, 4.03, 5.47, 4.52, 4.91, 2.0]

mutation at idx = 1iteration: 87, best:[5.78, 6.95, 9.21, 11.87, 14.47, 17.97, 26.25, 28.94, 30.04, 34.09, 38.19, 40.18, 43.39, 44.88]
time: [5.79, 7.2, 9.65, 11.74, 15.06, 17.55, 33.94, 36.55, 1000, 1000, 1000, 1000, 1000, 1000]
v: [19.64, 23.78, 27.52, 26.48, 10.54, 21.82, 12.01, 21.69, 30.85, 25.5, 20.53, 24.75, 19.86, 25.97]
a: [123.77, 188.18, 105.36, 145.08, 30.79, 185.92, 31.22, 159.33, 137.95, 172.31, 50.0, 91.4, 39.34, 84.08]
d: [3.77, 5.2, 5.14, 3.59, 3.61, 4.71, 5.69, 5.79, 4.01, 3.93, 3.5, 3.5, 4.91, 2.0]

iteration: 88, best:[5.78, 6.95, 9.21, 11.87, 14.47, 17.97, 26.25, 28.94, 30.04, 34.09, 38.19, 40.18, 43.39, 44.88]
time: [5.83, 7.11, 9.19, 14.11, 23.46, 26.12, 38.93, 45.3, 1000, 1000, 1000, 1000, 1000, 1000]
v: [19.64, 32.43, 25.66, 23.96, 26.67, 20.97, 14.6, 12.41, 14.07, 27.83, 24.28, 27.64, 20.51, 22.23]
a: [123.77, 188.18, 184.78, 151.42, 70.17, 185.92, 93.32, 196.63, 64.86, 50.0, 50.0, 135.82, 40.15, 55.9]
d: [3.77, 5.2, 5.14, 4.79, 3.61, 3.89, 5.06, 5.3, 5.31, 3.5, 4.82, 3.5, 4.66, 2.0]

mutation at idx = 0iteration: 89, best:[5.78, 6.95, 9.21, 11.87, 14.47, 17.97, 26.25, 28.94, 30.04, 34.09, 38.19, 40.18, 43.39, 44.88]
time: [5.75, 6.93, 1000, 1000, 1000, 1000, 1000, 1000, 1000, 1000, 1000, 1000, 1000, 1000]
v: [26.14, 32.43, 25.66, 30.17, 12.88, 15.22, 28.02, 26.62, 28.75, 18.25, 13.84, 27.64, 12.49, 24.83]
a: [123.77, 188.18, 184.78, 126.81, 70.17, 185.92, 26.2, 159.33, 162.18, 95.15, 71.7, 135.82, 140.89, 55.9]
d: [5.45, 5.2, 5.14, 4.8, 5.26, 3.7, 3.93, 5.3, 4.01, 3.5, 3.5, 3.5, 4.91, 2.0]

mutation at idx = 1iteration: 90, best:[5.78, 6.95, 9.21, 11.87, 14.47, 17.97, 26.25, 28.94, 30.04, 34.09, 38.19, 40.18, 43.39, 44.88]
time: [5.85, 7.27, 9.63, 14.72, 22.1, 25.77, 35.61, 1000, 1000, 1000, 1000, 1000, 1000, 1000]
v: [19.64, 22.15, 24.38, 26.09, 31.52, 20.97, 23.56, 32.98, 20.99, 17.48, 15.67, 27.64, 21.17, 24.83]
a: [123.77, 188.18, 184.78, 168.39, 183.1, 185.92, 111.51, 180.0, 159.53, 50.0, 136.52, 135.82, 81.4, 55.9]
d: [3.77, 4.35, 4.42, 4.88, 3.61, 3.89, 3.88, 5.3, 4.01, 3.5, 3.5, 3.5, 4.21, 2.0]

iteration: 91, best:[5.78, 6.95, 9.21, 11.87, 14.47, 17.97, 26.25, 28.94, 30.04, 34.09, 38.19, 40.18, 43.39, 44.88]
time: [5.84, 7.48, 10.13, 15.11, 29.11, 1000, 1000, 1000, 1000, 1000, 1000, 1000, 1000, 1000]
v: [19.64, 25.81, 33.46, 32.06, 12.38, 20.97, 34.08, 26.76, 25.03, 33.33, 20.23, 27.06, 23.24, 24.83]
a: [123.77, 65.07, 104.76, 196.72, 96.7, 185.92, 93.32, 159.33, 102.45, 114.87, 34.05, 135.82, 39.34, 55.9]
d: [3.77, 5.33, 5.14, 5.36, 5.94, 3.89, 5.69, 5.3, 4.01, 3.5, 3.54, 3.5, 4.91, 2.0]

iteration: 92, best:[5.78, 6.95, 9.21, 11.87, 14.47, 17.97, 26.25, 28.94, 30.04, 34.09, 38.19, 40.18, 43.39, 44.88]
time: [5.84, 7.41, 9.75, 1000, 1000, 1000, 1000, 1000, 1000, 1000, 1000, 1000, 1000, 1000]
v: [19.64, 25.78, 31.62, 27.02, 26.08, 19.71, 34.08, 26.76, 32.52, 19.08, 20.53, 27.64, 11.3, 24.83]
a: [123.77, 80.99, 177.4, 165.56, 70.17, 80.12, 93.32, 159.33, 86.6, 88.9, 50.0, 135.82, 31.59, 55.9]
d: [3.77, 5.2, 4.83, 4.88, 5.39, 5.78, 5.69, 5.3, 4.01, 3.5, 3.5, 3.5, 4.86, 2.0]

mutation at idx = 0iteration: 93, best:[5.78, 6.95, 9.21, 11.87, 14.47, 17.97, 26.25, 28.94, 30.04, 34.09, 38.19, 40.18, 43.39, 44.88]
time: [5.72, 6.99, 9.06, 14.66, 30.31, 33.47, 44.72, 1000, 1000, 1000, 1000, 1000, 1000, 1000]
v: [32.13, 32.43, 25.66, 13.74, 13.77, 23.2, 23.31, 12.88, 14.37, 16.03, 21.59, 31.25, 27.9, 18.93]
a: [123.77, 188.18, 184.78, 179.97, 124.97, 155.92, 93.32, 66.26, 102.45, 162.06, 163.94, 35.21, 126.66, 60.91]
d: [3.77, 5.2, 5.14, 4.88, 3.61, 3.53, 5.95, 5.3, 5.14, 3.5, 3.5, 3.5, 4.91, 2.0]

iteration: 94, best:[5.78, 6.95, 9.21, 11.87, 14.47, 17.97, 26.25, 28.94, 30.04, 34.09, 38.19, 40.18, 43.39, 44.88]
time: [5.85, 7.12, 9.23, 14.87, 22.54, 25.58, 41.58, 44.12, 1000, 1000, 1000, 1000, 1000, 1000]
v: [19.64, 32.43, 25.66, 29.38, 24.3, 25.28, 11.21, 25.72, 25.03, 27.83, 20.53, 23.61, 18.11, 13.7]
a: [123.77, 188.18, 184.78, 96.03, 70.17, 185.92, 153.47, 137.61, 102.45, 50.0, 50.0, 110.49, 39.34, 55.9]
d: [3.77, 5.2, 5.14, 4.88, 3.61, 4.9, 5.69, 5.3, 4.01, 3.5, 3.5, 3.64, 5.05, 2.0]

iteration: 95, best:[5.78, 6.95, 9.21, 11.87, 14.47, 17.97, 26.25, 28.94, 30.04, 34.09, 38.19, 40.18, 43.39, 44.88]
time: [5.79, 7.1, 9.2, 19.11, 22.17, 25.16, 35.95, 41.27, 46.45, 1000, 1000, 1000, 1000, 1000]
v: [19.64, 32.43, 25.66, 18.82, 24.45, 32.29, 18.39, 26.76, 18.97, 12.72, 13.41, 24.93, 11.67, 15.09]
a: [123.77, 188.18, 184.78, 184.35, 119.08, 171.75, 93.32, 159.33, 102.45, 50.0, 184.6, 179.36, 39.34, 55.9]
d: [3.77, 5.2, 5.14, 4.88, 5.09, 3.89, 5.69, 5.3, 4.01, 4.59, 3.5, 3.5, 5.26, 2.0]

iteration: 96, best:[5.78, 6.95, 9.21, 11.87, 14.47, 17.97, 26.25, 28.94, 30.04, 34.09, 38.19, 40.18, 43.39, 44.88]
time: [5.86, 7.17, 9.27, 14.93, 26.04, 28.99, 39.67, 42.12, 46.29, 1000, 1000, 1000, 1000, 1000]
v: [19.64, 32.43, 25.66, 29.38, 33.74, 19.99, 24.33, 26.76, 25.03, 22.97, 13.24, 32.15, 17.77, 25.73]
a: [123.77, 188.18, 184.78, 96.03, 70.17, 185.92, 93.32, 159.33, 102.45, 76.11, 50.0, 135.82, 39.34, 108.97]
d: [3.77, 5.2, 5.14, 4.88, 3.61, 3.89, 5.16, 5.3, 4.01, 3.5, 3.5, 4.04, 5.69, 2.0]

iteration: 97, best:[5.78, 6.95, 9.21, 11.87, 14.47, 17.97, 26.25, 28.94, 30.04, 34.09, 38.19, 40.18, 43.39, 44.88]
time: [5.8, 7.11, 9.21, 11.8, 14.57, 17.67, 26.45, 1000, 1000, 1000, 1000, 1000, 1000, 1000]
v: [19.64, 32.43, 25.66, 19.58, 24.3, 20.97, 30.76, 33.13, 23.28, 32.03, 34.87, 15.55, 19.86, 14.09]
a: [123.77, 188.18, 184.78, 96.03, 70.17, 185.92, 93.32, 178.63, 102.45, 169.89, 50.52, 21.97, 39.34, 111.21]
d: [3.77, 5.2, 5.14, 4.81, 3.61, 3.89, 5.85, 5.3, 4.01, 4.9, 3.5, 3.5, 4.91, 2.0]

iteration: 98, best:[5.78, 6.95, 9.21, 11.87, 14.47, 17.67, 26.25, 28.94, 30.04, 34.09, 38.19, 40.18, 43.39, 44.88]
time: [5.84, 7.11, 9.21, 14.26, 16.96, 20.16, 28.73, 35.68, 37.45, 39.29, 41.14, 42.89, 1000, 1000]
v: [19.64, 32.43, 25.66, 29.38, 24.3, 20.97, 34.08, 16.68, 19.9, 27.83, 22.19, 31.5, 30.53, 33.17]
a: [123.77, 188.18, 184.78, 96.03, 70.17, 185.92, 93.32, 25.6, 102.45, 50.0, 64.19, 135.82, 39.34, 55.9]
d: [3.77, 5.2, 5.14, 4.88, 3.61, 3.89, 5.69, 3.83, 4.01, 3.5, 3.5, 3.5, 4.91, 2.0]

iteration: 99, best:[5.78, 6.95, 9.21, 11.87, 14.47, 17.67, 26.25, 28.94, 30.04, 34.09, 38.19, 40.18, 43.39, 44.88]
time: [5.78, 7.11, 1000, 1000, 1000, 1000, 1000, 1000, 1000, 1000, 1000, 1000, 1000, 1000]
v: [19.64, 32.43, 25.66, 25.29, 24.3, 14.85, 33.81, 34.89, 14.31, 22.07, 20.74, 27.64, 15.34, 33.07]
a: [123.77, 188.18, 184.78, 193.87, 70.17, 155.59, 93.32, 75.32, 196.87, 154.47, 50.0, 135.82, 159.23, 55.9]
d: [3.77, 5.2, 5.14, 4.79, 3.61, 3.89, 5.69, 5.55, 4.01, 4.88, 3.5, 3.5, 4.91, 2.0]

iteration: 100, best:[5.78, 6.95, 9.21, 11.87, 14.47, 17.67, 26.25, 28.94, 30.04, 34.09, 38.19, 40.18, 43.39, 44.88]
time: [5.83, 7.13, 1000, 1000, 1000, 1000, 1000, 1000, 1000, 1000, 1000, 1000, 1000, 1000]
v: [19.64, 32.43, 25.66, 32.87, 24.3, 32.26, 34.08, 26.07, 25.03, 27.83, 25.11, 34.52, 17.73, 29.97]
a: [123.77, 188.18, 184.78, 22.48, 70.17, 177.79, 93.32, 159.33, 102.45, 50.0, 64.97, 135.82, 134.49, 81.37]
d: [3.77, 5.2, 5.14, 4.0, 3.61, 3.89, 5.69, 5.3, 4.01, 3.5, 5.16, 4.62, 4.91, 2.0]

iteration: 101, best:[5.78, 6.95, 9.21, 11.87, 14.47, 17.67, 26.25, 28.94, 30.04, 34.09, 38.19, 40.18, 43.39, 44.88]
time: [5.84, 7.11, 9.84, 12.29, 14.99, 19.91, 38.98, 41.32, 1000, 1000, 1000, 1000, 1000, 1000]
v: [19.64, 32.43, 16.75, 29.38, 24.3, 24.09, 13.88, 30.0, 25.03, 27.83, 28.84, 27.64, 31.83, 22.09]
a: [123.77, 188.18, 37.93, 96.03, 70.17, 37.22, 112.95, 165.26, 102.45, 50.0, 55.78, 135.82, 39.34, 112.52]
d: [3.77, 5.2, 4.71, 4.88, 3.61, 5.77, 5.69, 5.3, 4.01, 3.5, 3.5, 3.5, 3.96, 2.0]

iteration: 102, best:[5.78, 6.95, 9.21, 11.87, 14.47, 17.67, 26.25, 28.94, 30.04, 34.09, 38.19, 40.18, 43.39, 44.88]
time: [5.78, 7.08, 9.37, 15.22, 22.39, 34.28, 1000, 1000, 1000, 1000, 1000, 1000, 1000, 1000]
v: [19.64, 32.43, 21.51, 29.38, 24.3, 10.86, 18.77, 26.76, 27.2, 22.35, 32.58, 27.64, 19.86, 32.03]
a: [123.77, 188.18, 158.44, 96.03, 70.17, 194.76, 93.32, 159.33, 102.45, 55.47, 168.86, 135.82, 39.34, 69.02]
d: [3.77, 5.2, 5.14, 4.88, 3.61, 3.89, 5.86, 5.3, 4.01, 3.5, 3.97, 3.5, 4.91, 2.0]

iteration: 103, best:[5.78, 6.95, 9.21, 11.87, 14.47, 17.67, 26.25, 28.94, 30.04, 34.09, 38.19, 40.18, 43.39, 44.88]
time: [5.8, 7.1, 9.19, 11.51, 17.44, 20.08, 28.52, 31.06, 37.19, 40.24, 1000, 1000, 1000, 1000]
v: [19.64, 32.43, 25.66, 19.8, 30.52, 31.74, 34.08, 32.4, 13.79, 25.72, 29.04, 34.62, 19.86, 24.83]
a: [123.77, 188.18, 184.78, 69.75, 70.17, 185.92, 93.32, 99.67, 122.98, 50.0, 187.13, 135.82, 39.34, 55.9]
d: [3.77, 5.2, 5.14, 5.94, 4.03, 3.59, 5.69, 5.3, 4.01, 3.5, 3.69, 3.5, 4.91, 2.0]

iteration: 104, best:[5.78, 6.95, 9.21, 11.51, 14.47, 17.67, 26.25, 28.94, 30.04, 34.09, 38.19, 40.18, 43.39, 44.88]
time: [5.84, 7.13, 9.23, 11.96, 18.03, 21.06, 31.39, 1000, 1000, 1000, 1000, 1000, 1000, 1000]
v: [19.64, 32.43, 25.66, 19.8, 24.3, 19.84, 22.05, 15.45, 25.03, 11.83, 18.97, 11.61, 19.86, 24.83]
a: [123.77, 188.18, 184.78, 69.75, 70.17, 138.79, 192.41, 151.97, 102.45, 35.91, 50.0, 101.37, 39.34, 55.9]
d: [3.77, 5.2, 5.14, 5.94, 3.61, 4.57, 5.69, 5.72, 4.01, 3.5, 5.58, 5.71, 4.91, 2.0]

iteration: 105, best:[5.78, 6.95, 9.21, 11.51, 14.47, 17.67, 26.25, 28.94, 30.04, 34.09, 38.19, 40.18, 43.39, 44.88]
time: [5.84, 7.16, 9.34, 15.83, 23.16, 25.56, 34.72, 41.27, 43.62, 45.16, 1000, 1000, 1000, 1000]
v: [19.64, 32.43, 25.66, 12.81, 11.27, 20.97, 34.08, 12.21, 15.11, 21.5, 13.6, 34.95, 34.12, 16.27]
a: [123.77, 188.18, 184.78, 133.88, 72.6, 185.92, 93.32, 123.95, 96.84, 138.81, 177.6, 125.08, 39.34, 95.52]
d: [3.77, 5.2, 5.14, 4.57, 4.47, 3.89, 5.69, 5.3, 4.01, 4.0, 3.5, 3.5, 3.95, 2.0]

iteration: 106, best:[5.78, 6.95, 9.21, 11.51, 14.47, 17.67, 26.25, 28.94, 30.04, 34.09, 38.19, 40.18, 43.39, 44.88]
time: [5.82, 7.14, 9.25, 12.07, 18.42, 21.27, 32.19, 35.12, 36.54, 1000, 1000, 1000, 1000, 1000]
v: [19.64, 32.43, 25.66, 19.8, 14.62, 22.24, 20.32, 14.33, 25.03, 27.13, 20.53, 27.64, 18.0, 27.88]
a: [123.77, 188.18, 184.78, 69.75, 70.17, 185.92, 86.27, 159.33, 102.45, 29.9, 50.0, 135.82, 49.96, 55.9]
d: [3.77, 5.2, 5.14, 5.94, 5.13, 5.87, 5.69, 3.82, 4.01, 3.5, 3.5, 3.5, 4.91, 2.0]

iteration: 107, best:[5.78, 6.95, 9.21, 11.51, 14.47, 17.67, 26.25, 28.94, 30.04, 34.09, 38.19, 40.18, 43.39, 44.88]
time: [5.83, 7.12, 9.21, 11.4, 17.58, 20.55, 31.91, 34.5, 38.79, 41.38, 42.86, 45.18, 1000, 1000]
v: [19.64, 32.43, 25.66, 32.89, 13.23, 31.31, 24.83, 26.76, 25.03, 15.38, 14.3, 13.12, 14.31, 14.38]
a: [123.77, 188.18, 184.78, 138.57, 70.17, 73.19, 93.32, 159.33, 102.45, 50.0, 111.54, 175.29, 167.94, 131.24]
d: [3.77, 5.2, 5.14, 3.5, 5.74, 4.79, 5.69, 5.3, 4.01, 3.5, 3.5, 3.94, 4.91, 2.0]

iteration: 108, best:[5.78, 6.95, 9.21, 11.51, 14.47, 17.67, 26.25, 28.94, 30.04, 34.09, 38.19, 40.18, 43.39, 44.88]
time: [5.84, 7.17, 9.37, 12.03, 18.27, 21.2, 30.61, 33.41, 34.65, 39.47, 41.52, 43.18, 1000, 1000]
v: [19.64, 32.43, 25.66, 19.8, 13.81, 22.68, 24.82, 19.59, 34.15, 21.6, 32.0, 24.57, 32.15, 24.83]
a: [123.77, 188.18, 184.78, 69.75, 70.17, 184.79, 109.38, 85.44, 120.59, 50.0, 50.0, 135.82, 20.27, 55.9]
d: [3.77, 5.2, 5.14, 5.94, 5.23, 5.97, 4.39, 5.3, 4.01, 3.5, 4.29, 3.5, 5.64, 2.0]

mutation at idx = 0iteration: 109, best:[5.78, 6.95, 9.21, 11.51, 14.47, 17.67, 26.25, 28.94, 30.04, 34.09, 38.19, 40.18, 43.39, 44.88]
time: [6.33, 7.68, 9.77, 1000, 1000, 1000, 1000, 1000, 1000, 1000, 1000, 1000, 1000, 1000]
v: [12.62, 32.43, 25.66, 19.8, 13.67, 31.76, 20.13, 16.59, 31.25, 21.02, 16.06, 27.64, 24.69, 24.83]
a: [58.66, 188.18, 184.78, 69.75, 58.1, 44.47, 43.62, 172.79, 102.45, 50.0, 69.45, 135.82, 87.7, 55.9]
d: [3.9, 5.2, 5.14, 5.94, 3.61, 3.89, 5.69, 4.46, 4.01, 3.5, 3.5, 3.5, 4.91, 2.0]

iteration: 110, best:[5.78, 6.95, 9.21, 11.51, 14.47, 17.67, 26.25, 28.94, 30.04, 34.09, 38.19, 40.18, 43.39, 44.88]
time: [5.73, 7.4, 10.54, 15.96, 27.05, 29.47, 1000, 1000, 1000, 1000, 1000, 1000, 1000, 1000]
v: [30.72, 23.11, 15.23, 30.24, 24.3, 29.24, 10.74, 14.21, 19.58, 33.29, 32.83, 27.64, 26.47, 24.83]
a: [123.77, 25.29, 139.56, 158.39, 70.17, 185.92, 24.98, 56.03, 86.87, 69.55, 50.0, 135.82, 160.78, 55.9]
d: [3.77, 5.81, 4.58, 5.94, 3.61, 3.89, 5.34, 5.81, 4.73, 3.5, 4.83, 3.5, 4.91, 2.0]

iteration: 111, best:[5.78, 6.95, 9.21, 11.51, 14.47, 17.67, 26.25, 28.94, 30.04, 34.09, 38.19, 40.18, 43.39, 44.88]
time: [5.83, 10.54, 14.6, 19.8, 26.66, 29.86, 38.46, 1000, 1000, 1000, 1000, 1000, 1000, 1000]
v: [19.64, 12.14, 20.38, 31.19, 24.3, 20.97, 34.08, 26.26, 25.03, 29.59, 23.42, 27.64, 19.86, 14.07]
a: [123.77, 46.22, 156.55, 186.87, 70.17, 185.92, 93.32, 43.95, 102.45, 47.27, 160.57, 135.82, 39.34, 170.75]
d: [3.77, 5.93, 3.87, 5.5, 3.61, 3.89, 5.69, 5.3, 4.01, 5.37, 3.53, 3.5, 4.91, 2.0]

iteration: 112, best:[5.78, 6.95, 9.21, 11.51, 14.47, 17.67, 26.25, 28.94, 30.04, 34.09, 38.19, 40.18, 43.39, 44.88]
time: [5.8, 7.14, 9.25, 14.91, 22.62, 24.92, 34.11, 1000, 1000, 1000, 1000, 1000, 1000, 1000]
v: [19.64, 34.29, 25.66, 14.88, 32.37, 20.97, 34.08, 22.72, 23.83, 16.09, 20.53, 18.73, 19.65, 24.83]
a: [123.77, 147.18, 184.78, 121.77, 39.2, 185.92, 93.32, 41.23, 198.05, 143.5, 50.0, 54.22, 152.81, 55.9]
d: [3.77, 4.93, 5.14, 5.84, 3.61, 3.89, 5.69, 5.3, 3.67, 3.5, 3.5, 3.54, 4.91, 2.0]

iteration: 113, best:[5.78, 6.95, 9.21, 11.51, 14.47, 17.67, 26.25, 28.94, 30.04, 34.09, 38.19, 40.18, 43.39, 44.88]
time: [5.85, 7.19, 9.39, 15.05, 1000, 1000, 1000, 1000, 1000, 1000, 1000, 1000, 1000, 1000]
v: [19.64, 32.43, 25.66, 19.8, 32.38, 20.97, 11.72, 34.67, 34.03, 27.83, 10.74, 34.8, 15.23, 20.99]
a: [123.77, 188.18, 184.78, 69.75, 27.82, 185.92, 93.32, 123.15, 54.7, 50.0, 56.86, 100.17, 123.35, 55.9]
d: [3.77, 5.2, 5.14, 5.94, 3.61, 3.89, 5.69, 3.77, 4.01, 3.5, 3.5, 4.9, 4.91, 2.0]

mutation at idx = 0iteration: 114, best:[5.78, 6.95, 9.21, 11.51, 14.47, 17.67, 26.25, 28.94, 30.04, 34.09, 38.19, 40.18, 43.39, 44.88]
time: [6.02, 7.36, 1000, 1000, 1000, 1000, 1000, 1000, 1000, 1000, 1000, 1000, 1000, 1000]
v: [27.82, 32.43, 25.66, 26.57, 17.8, 22.31, 34.08, 11.06, 25.03, 21.04, 20.53, 31.9, 20.38, 33.17]
a: [70.45, 188.18, 184.78, 95.62, 174.38, 173.35, 93.32, 64.65, 102.45, 94.71, 50.0, 82.62, 146.18, 55.9]
d: [3.77, 5.2, 5.14, 5.94, 5.02, 5.34, 5.69, 5.3, 4.01, 3.5, 3.5, 4.33, 3.65, 2.0]

iteration: 115, best:[5.78, 6.95, 9.21, 11.51, 14.47, 17.67, 26.25, 28.94, 30.04, 34.09, 38.19, 40.18, 43.39, 44.88]
time: [5.83, 7.21, 10.14, 12.58, 19.18, 23.08, 36.52, 39.17, 40.49, 42.26, 44.52, 1000, 1000, 1000]
v: [19.64, 26.1, 13.15, 21.52, 29.67, 18.26, 22.0, 21.18, 22.49, 27.83, 20.53, 26.89, 27.02, 13.57]
a: [123.77, 188.18, 184.78, 147.31, 42.08, 35.89, 73.47, 159.33, 102.45, 50.0, 50.0, 25.43, 39.34, 55.9]
d: [3.77, 3.56, 4.85, 5.6, 3.76, 4.93, 5.69, 5.3, 4.01, 3.5, 3.5, 3.58, 3.88, 2.0]

iteration: 116, best:[5.78, 6.95, 9.21, 11.51, 14.47, 17.67, 26.25, 28.94, 30.04, 34.09, 38.19, 40.18, 43.39, 44.88]
time: [5.85, 7.14, 9.24, 11.6, 17.99, 20.84, 31.57, 34.68, 36.24, 37.83, 1000, 1000, 1000, 1000]
v: [19.64, 32.43, 32.9, 19.8, 10.54, 20.51, 19.99, 11.37, 26.51, 18.0, 20.53, 11.85, 29.24, 20.12]
a: [123.77, 188.18, 133.6, 69.75, 170.85, 183.45, 131.23, 132.83, 90.03, 190.65, 50.0, 135.82, 39.34, 55.9]
d: [3.77, 5.2, 5.14, 5.94, 3.61, 3.89, 5.69, 5.3, 4.01, 3.5, 3.5, 3.99, 4.88, 2.0]

iteration: 117, best:[5.78, 6.95, 9.21, 11.51, 14.47, 17.67, 26.25, 28.94, 30.04, 34.09, 38.19, 40.18, 43.39, 44.88]
time: [5.78, 7.14, 9.35, 1000, 1000, 1000, 1000, 1000, 1000, 1000, 1000, 1000, 1000, 1000]
v: [19.64, 32.43, 25.66, 19.8, 12.06, 31.05, 34.08, 17.37, 17.35, 29.82, 29.0, 32.59, 15.22, 24.83]
a: [123.77, 188.18, 184.78, 69.75, 70.17, 107.35, 93.32, 159.33, 115.95, 50.0, 194.53, 162.75, 51.17, 55.9]
d: [3.77, 5.2, 5.14, 5.94, 4.14, 4.28, 5.69, 5.27, 5.12, 3.5, 5.19, 3.5, 3.82, 2.0]

iteration: 118, best:[5.78, 6.95, 9.21, 11.51, 14.47, 17.67, 26.25, 28.94, 30.04, 34.09, 38.19, 40.18, 43.39, 44.88]
time: [5.83, 7.12, 9.21, 11.7, 18.55, 22.08, 31.5, 34.06, 35.17, 1000, 1000, 1000, 1000, 1000]
v: [19.64, 32.43, 25.66, 19.48, 11.47, 30.51, 34.08, 26.76, 25.03, 11.28, 33.15, 22.68, 29.17, 13.88]
a: [123.77, 188.18, 184.78, 69.75, 70.17, 54.79, 93.32, 159.33, 102.45, 50.0, 54.04, 146.94, 39.91, 143.61]
d: [3.77, 5.2, 5.14, 5.29, 3.86, 5.39, 5.69, 5.3, 4.01, 5.73, 4.37, 5.66, 4.48, 2.0]

iteration: 119, best:[5.78, 6.95, 9.21, 11.51, 14.47, 17.67, 26.25, 28.94, 30.04, 34.09, 38.19, 40.18, 43.39, 44.88]
time: [5.79, 7.1, 9.19, 11.52, 14.55, 21.04, 1000, 1000, 1000, 1000, 1000, 1000, 1000, 1000]
v: [19.64, 32.43, 25.66, 19.8, 16.38, 23.31, 23.87, 32.39, 25.03, 27.83, 11.19, 27.64, 19.86, 24.83]
a: [123.77, 188.18, 184.78, 69.75, 70.17, 173.27, 144.53, 159.33, 102.45, 50.0, 168.28, 135.82, 39.34, 55.9]
d: [3.77, 5.2, 5.14, 5.94, 3.61, 5.5, 4.03, 5.3, 4.01, 3.5, 3.5, 3.5, 4.91, 2.0]

iteration: 120, best:[5.78, 6.95, 9.21, 11.51, 14.47, 17.67, 26.25, 28.94, 30.04, 34.09, 38.19, 40.18, 43.39, 44.88]
time: [5.84, 7.15, 12.26, 14.57, 20.48, 24.8, 36.58, 42.06, 1000, 1000, 1000, 1000, 1000, 1000]
v: [19.64, 32.43, 25.66, 19.8, 24.3, 10.96, 23.02, 34.51, 25.03, 24.11, 21.23, 13.58, 16.33, 31.11]
a: [123.77, 188.18, 184.78, 69.75, 70.17, 117.83, 96.4, 159.33, 102.45, 50.0, 97.82, 46.47, 180.2, 60.4]
d: [3.77, 5.2, 5.14, 5.94, 3.61, 3.61, 5.69, 5.3, 4.01, 3.87, 3.53, 3.5, 4.91, 2.0]

mutation at idx = 0iteration: 121, best:[5.78, 6.95, 9.21, 11.51, 14.47, 17.67, 26.25, 28.94, 30.04, 34.09, 38.19, 40.18, 43.39, 44.88]
time: [5.67, 6.85, 9.47, 14.99, 17.61, 20.89, 37.37, 39.88, 1000, 1000, 1000, 1000, 1000, 1000]
v: [28.91, 32.43, 17.38, 30.2, 24.3, 17.72, 10.67, 26.76, 30.48, 11.7, 20.53, 19.0, 17.24, 23.13]
a: [143.96, 188.18, 68.39, 189.75, 70.17, 185.92, 143.93, 159.33, 59.68, 168.76, 50.0, 184.79, 59.65, 114.15]
d: [3.95, 5.2, 3.96, 4.31, 3.61, 3.93, 5.69, 5.3, 4.01, 4.52, 3.5, 3.5, 3.88, 2.0]

mutation at idx = 0mutation at idx = 1