
iteration: 1
best: [1000.0, 1000.0, 1000.0, 1000.0, 1000.0, 1000.0, 1000.0, 1000.0, 1000.0, 1000.0, 1000.0, 1000.0, 1000.0, 1000.0]
time: [6.56, 9.04, 13.42, 17.2, 24.24, 28.18, 49.08, 53.11, 55.35, 58.39, 60.08, 63.12, 65.92, 70.71]
current_hyper_parameter
v: [12.0, 12.0, 12.0, 12.0, 12.0, 12.0, 12.0, 12.0, 12.0, 12.0, 12.0, 12.0, 12.0, 12.0]
a: [50.0, 50.0, 50.0, 50.0, 50.0, 50.0, 50.0, 50.0, 50.0, 50.0, 50.0, 50.0, 50.0, 50.0]
d: [3.5, 3.5, 3.5, 3.5, 3.5, 3.5, 3.5, 3.5, 3.5, 3.5, 3.5, 3.5, 3.5, 2.0]
BEST_hyper_parameter
v: [-1.0, -1.0, -1.0, -1.0, -1.0, -1.0, -1.0, -1.0, -1.0, -1.0, -1.0, -1.0, -1.0, -1.0]
a: [-1.0, -1.0, -1.0, -1.0, -1.0, -1.0, -1.0, -1.0, -1.0, -1.0, -1.0, -1.0, -1.0, -1.0]
d: [-1.0, -1.0, -1.0, -1.0, -1.0, -1.0, -1.0, -1.0, -1.0, -1.0, -1.0, -1.0, -1.0, -1.0]
WIN: random_idx = 11

iteration: 2
best: [6.56, 9.04, 13.42, 17.2, 24.24, 28.18, 49.08, 53.11, 55.35, 58.39, 60.08, 63.12, 65.92, 70.71]
time: [6.62, 9.11, 13.56, 17.37, 21.31, 25.56, 45.98, 50.25, 52.45, 55.11, 56.97, 58.6, 62.1, 63.84]
current_hyper_parameter
v: [12.0, 12.0, 12.0, 12.0, 12.0, 12.0, 12.0, 12.0, 12.0, 12.0, 12.0, 25.05, 12.0, 12.0]
a: [50.0, 50.0, 50.0, 50.0, 50.0, 50.0, 50.0, 50.0, 50.0, 50.0, 50.0, 140.68, 50.0, 50.0]
d: [3.5, 3.5, 3.5, 3.5, 3.5, 3.5, 3.5, 3.5, 3.5, 3.5, 3.5, 3.5, 3.5, 2.0]
BEST_hyper_parameter
v: [12.0, 12.0, 12.0, 12.0, 12.0, 12.0, 12.0, 12.0, 12.0, 12.0, 12.0, 12.0, 12.0, 12.0]
a: [50.0, 50.0, 50.0, 50.0, 50.0, 50.0, 50.0, 50.0, 50.0, 50.0, 50.0, 50.0, 50.0, 50.0]
d: [3.5, 3.5, 3.5, 3.5, 3.5, 3.5, 3.5, 3.5, 3.5, 3.5, 3.5, 3.5, 3.5, 2.0]
WIN: random_idx = 6

iteration: 3
best: [6.56, 9.04, 13.42, 17.2, 21.31, 25.56, 45.98, 50.25, 52.45, 55.11, 56.97, 58.6, 62.1, 63.84]
time: [6.71, 9.17, 13.57, 17.44, 24.57, 28.4, 45.2, 49.02, 51.38, 54.06, 55.85, 57.62, 61.22, 62.78]
current_hyper_parameter
v: [12.0, 12.0, 12.0, 12.0, 12.0, 12.0, 16.37, 12.0, 12.0, 12.0, 12.0, 25.05, 12.0, 12.0]
a: [50.0, 50.0, 50.0, 50.0, 50.0, 50.0, 50.0, 50.0, 50.0, 50.0, 50.0, 140.68, 50.0, 50.0]
d: [3.5, 3.5, 3.5, 3.5, 3.5, 3.5, 3.5, 3.5, 3.5, 3.5, 3.5, 3.5, 3.5, 2.0]
BEST_hyper_parameter
v: [12.0, 12.0, 12.0, 12.0, 12.0, 12.0, 12.0, 12.0, 12.0, 12.0, 12.0, 25.05, 12.0, 12.0]
a: [50.0, 50.0, 50.0, 50.0, 50.0, 50.0, 50.0, 50.0, 50.0, 50.0, 50.0, 140.68, 50.0, 50.0]
d: [3.5, 3.5, 3.5, 3.5, 3.5, 3.5, 3.5, 3.5, 3.5, 3.5, 3.5, 3.5, 3.5, 2.0]
WIN: random_idx = 3

iteration: 4
best: [6.56, 9.04, 13.42, 17.2, 21.31, 25.56, 45.2, 49.02, 51.38, 54.06, 55.85, 57.62, 61.22, 62.78]
time: [6.7, 9.18, 13.58, 17.01, 20.83, 25.02, 41.76, 46.55, 48.85, 51.48, 53.24, 55.05, 61.49, 63.1]
current_hyper_parameter
v: [12.0, 12.0, 12.0, 21.95, 12.0, 12.0, 16.37, 12.0, 12.0, 12.0, 12.0, 25.05, 12.0, 12.0]
a: [50.0, 50.0, 50.0, 50.0, 50.0, 50.0, 50.0, 50.0, 50.0, 50.0, 50.0, 140.68, 50.0, 50.0]
d: [3.5, 3.5, 3.5, 3.5, 3.5, 3.5, 3.5, 3.5, 3.5, 3.5, 3.5, 3.5, 3.5, 2.0]
BEST_hyper_parameter
v: [12.0, 12.0, 12.0, 12.0, 12.0, 12.0, 16.37, 12.0, 12.0, 12.0, 12.0, 25.05, 12.0, 12.0]
a: [50.0, 50.0, 50.0, 50.0, 50.0, 50.0, 50.0, 50.0, 50.0, 50.0, 50.0, 140.68, 50.0, 50.0]
d: [3.5, 3.5, 3.5, 3.5, 3.5, 3.5, 3.5, 3.5, 3.5, 3.5, 3.5, 3.5, 3.5, 2.0]
mutation at idx = 4

iteration: 5
best: [6.56, 9.04, 13.42, 17.2, 20.83, 25.02, 41.76, 46.55, 48.85, 51.48, 53.24, 55.05, 61.22, 62.78]
time: [6.62, 9.08, 13.51, 17.29, 19.76, 24.95, 41.52, 45.52, 47.88, 50.48, 52.25, 53.93, 57.14, 58.23]
current_hyper_parameter
v: [12.0, 12.0, 12.0, 12.0, 25.84, 12.0, 16.37, 12.0, 12.0, 12.0, 12.0, 25.05, 12.0, 34.36]
a: [50.0, 50.0, 50.0, 50.0, 131.09, 50.0, 50.0, 50.0, 50.0, 50.0, 50.0, 140.68, 50.0, 146.64]
d: [3.5, 3.5, 3.5, 3.5, 4.02, 3.5, 3.5, 3.5, 3.5, 3.5, 3.5, 3.5, 3.5, 2.0]
BEST_hyper_parameter
v: [12.0, 12.0, 12.0, 12.0, 12.0, 12.0, 16.37, 12.0, 12.0, 12.0, 12.0, 25.05, 12.0, 12.0]
a: [50.0, 50.0, 50.0, 50.0, 50.0, 50.0, 50.0, 50.0, 50.0, 50.0, 50.0, 140.68, 50.0, 50.0]
d: [3.5, 3.5, 3.5, 3.5, 3.5, 3.5, 3.5, 3.5, 3.5, 3.5, 3.5, 3.5, 3.5, 2.0]
WIN: random_idx = 2

iteration: 6
best: [6.56, 9.04, 13.42, 17.2, 19.76, 24.95, 41.52, 45.52, 47.88, 50.48, 52.25, 53.93, 57.14, 58.23]
time: [6.61, 9.07, 13.09, 16.69, 1000, 1000, 1000, 1000, 1000, 1000, 1000, 1000, 1000, 1000]
current_hyper_parameter
v: [12.0, 12.0, 22.05, 12.0, 25.84, 12.0, 16.37, 12.0, 12.0, 12.0, 12.0, 25.05, 12.0, 34.36]
a: [50.0, 50.0, 48.39, 50.0, 131.09, 50.0, 50.0, 50.0, 50.0, 50.0, 50.0, 140.68, 50.0, 146.64]
d: [3.5, 3.5, 5.51, 3.5, 4.02, 3.5, 3.5, 3.5, 3.5, 3.5, 3.5, 3.5, 3.5, 2.0]
BEST_hyper_parameter
v: [12.0, 12.0, 12.0, 12.0, 25.84, 12.0, 16.37, 12.0, 12.0, 12.0, 12.0, 25.05, 12.0, 34.36]
a: [50.0, 50.0, 50.0, 50.0, 131.09, 50.0, 50.0, 50.0, 50.0, 50.0, 50.0, 140.68, 50.0, 146.64]
d: [3.5, 3.5, 3.5, 3.5, 4.02, 3.5, 3.5, 3.5, 3.5, 3.5, 3.5, 3.5, 3.5, 2.0]

iteration: 7
best: [6.56, 9.04, 13.09, 16.69, 19.76, 24.95, 41.52, 45.52, 47.88, 50.48, 52.25, 53.93, 57.14, 58.23]
time: [6.7, 9.16, 13.13, 16.8, 23.03, 28.43, 46.02, 1000, 1000, 1000, 1000, 1000, 1000, 1000]
current_hyper_parameter
v: [12.0, 12.0, 22.05, 12.0, 18.02, 12.0, 14.06, 17.06, 32.72, 11.87, 12.0, 25.85, 22.7, 19.71]
a: [50.0, 50.0, 48.39, 50.0, 88.76, 50.0, 169.82, 35.95, 50.0, 37.25, 50.0, 133.28, 46.48, 146.08]
d: [3.5, 3.5, 5.51, 3.5, 5.77, 3.5, 3.98, 3.5, 3.97, 3.5, 3.5, 3.5, 3.5, 2.0]
BEST_hyper_parameter
v: [12.0, 12.0, 22.05, 12.0, 25.84, 12.0, 16.37, 12.0, 12.0, 12.0, 12.0, 25.05, 12.0, 34.36]
a: [50.0, 50.0, 48.39, 50.0, 131.09, 50.0, 50.0, 50.0, 50.0, 50.0, 50.0, 140.68, 50.0, 146.64]
d: [3.5, 3.5, 5.51, 3.5, 4.02, 3.5, 3.5, 3.5, 3.5, 3.5, 3.5, 3.5, 3.5, 2.0]

iteration: 8
best: [6.56, 9.04, 13.09, 16.69, 19.76, 24.95, 41.52, 45.52, 47.88, 50.48, 52.25, 53.93, 57.14, 58.23]
time: [6.6, 9.08, 13.09, 16.67, 1000, 1000, 1000, 1000, 1000, 1000, 1000, 1000, 1000, 1000]
current_hyper_parameter
v: [12.0, 12.0, 22.05, 12.0, 23.85, 12.0, 11.75, 12.0, 12.0, 21.87, 34.25, 16.74, 17.84, 31.61]
a: [50.0, 50.0, 48.39, 50.0, 155.59, 50.0, 50.0, 50.0, 50.0, 150.2, 117.42, 140.68, 134.26, 146.64]
d: [3.5, 3.5, 5.51, 3.5, 5.23, 3.5, 3.5, 3.5, 3.5, 4.03, 3.5, 5.58, 5.86, 2.0]
BEST_hyper_parameter
v: [12.0, 12.0, 22.05, 12.0, 25.84, 12.0, 16.37, 12.0, 12.0, 12.0, 12.0, 25.05, 12.0, 34.36]
a: [50.0, 50.0, 48.39, 50.0, 131.09, 50.0, 50.0, 50.0, 50.0, 50.0, 50.0, 140.68, 50.0, 146.64]
d: [3.5, 3.5, 5.51, 3.5, 4.02, 3.5, 3.5, 3.5, 3.5, 3.5, 3.5, 3.5, 3.5, 2.0]

iteration: 9
best: [6.56, 9.04, 13.09, 16.69, 19.76, 24.95, 41.52, 45.52, 47.88, 50.48, 52.25, 53.93, 57.14, 58.23]
time: [6.71, 9.17, 13.13, 16.68, 22.33, 27.96, 44.28, 48.17, 50.52, 52.99, 57.68, 1000, 1000, 1000]
current_hyper_parameter
v: [12.0, 12.0, 22.05, 12.0, 31.61, 16.57, 16.62, 12.0, 26.19, 26.67, 14.83, 17.56, 16.1, 18.97]
a: [50.0, 50.0, 48.39, 50.0, 131.09, 50.0, 50.0, 50.0, 36.78, 50.0, 50.0, 140.68, 50.0, 174.71]
d: [3.5, 3.5, 5.51, 3.5, 4.42, 3.5, 3.83, 3.5, 3.71, 3.5, 3.58, 3.5, 3.5, 2.0]
BEST_hyper_parameter
v: [12.0, 12.0, 22.05, 12.0, 25.84, 12.0, 16.37, 12.0, 12.0, 12.0, 12.0, 25.05, 12.0, 34.36]
a: [50.0, 50.0, 48.39, 50.0, 131.09, 50.0, 50.0, 50.0, 50.0, 50.0, 50.0, 140.68, 50.0, 146.64]
d: [3.5, 3.5, 5.51, 3.5, 4.02, 3.5, 3.5, 3.5, 3.5, 3.5, 3.5, 3.5, 3.5, 2.0]

iteration: 10
best: [6.56, 9.04, 13.09, 16.69, 19.76, 24.95, 41.52, 45.52, 47.88, 50.48, 52.25, 53.93, 57.14, 58.23]
time: [6.61, 9.07, 13.08, 16.67, 1000, 1000, 1000, 1000, 1000, 1000, 1000, 1000, 1000, 1000]
current_hyper_parameter
v: [12.0, 12.0, 22.05, 12.0, 25.84, 12.0, 14.13, 12.0, 12.0, 13.34, 19.72, 25.05, 27.66, 30.14]
a: [50.0, 50.0, 48.39, 50.0, 131.09, 50.0, 148.95, 50.0, 50.0, 36.95, 50.0, 140.68, 146.51, 76.48]
d: [3.5, 3.5, 5.51, 3.5, 4.02, 3.5, 3.5, 3.5, 3.5, 4.69, 5.73, 3.5, 3.99, 2.0]
BEST_hyper_parameter
v: [12.0, 12.0, 22.05, 12.0, 25.84, 12.0, 16.37, 12.0, 12.0, 12.0, 12.0, 25.05, 12.0, 34.36]
a: [50.0, 50.0, 48.39, 50.0, 131.09, 50.0, 50.0, 50.0, 50.0, 50.0, 50.0, 140.68, 50.0, 146.64]
d: [3.5, 3.5, 5.51, 3.5, 4.02, 3.5, 3.5, 3.5, 3.5, 3.5, 3.5, 3.5, 3.5, 2.0]
mutation at idx = 2

iteration: 11
best: [6.56, 9.04, 13.09, 16.69, 19.76, 24.95, 41.52, 45.52, 47.88, 50.48, 52.25, 53.93, 57.14, 58.23]
time: [6.72, 9.18, 13.22, 17.03, 22.7, 27.59, 40.87, 1000, 1000, 1000, 1000, 1000, 1000, 1000]
current_hyper_parameter
v: [12.0, 12.0, 20.02, 12.0, 24.57, 12.0, 25.38, 13.77, 12.0, 12.4, 32.63, 15.35, 12.0, 21.48]
a: [50.0, 50.0, 48.39, 50.0, 195.31, 50.0, 50.0, 28.49, 50.0, 112.84, 148.69, 140.68, 50.0, 120.1]
d: [3.5, 3.5, 3.52, 3.5, 4.02, 3.5, 4.24, 3.5, 3.5, 3.5, 3.95, 3.5, 3.5, 2.0]
BEST_hyper_parameter
v: [12.0, 12.0, 22.05, 12.0, 25.84, 12.0, 16.37, 12.0, 12.0, 12.0, 12.0, 25.05, 12.0, 34.36]
a: [50.0, 50.0, 48.39, 50.0, 131.09, 50.0, 50.0, 50.0, 50.0, 50.0, 50.0, 140.68, 50.0, 146.64]
d: [3.5, 3.5, 5.51, 3.5, 4.02, 3.5, 3.5, 3.5, 3.5, 3.5, 3.5, 3.5, 3.5, 2.0]

iteration: 12
best: [6.56, 9.04, 13.09, 16.69, 19.76, 24.95, 41.52, 45.52, 47.88, 50.48, 52.25, 53.93, 57.14, 58.23]
time: [6.72, 9.2, 13.13, 16.52, 18.99, 23.72, 35.85, 38.39, 39.46, 44.38, 46.22, 47.9, 50.88, 51.8]
current_hyper_parameter
v: [12.0, 12.0, 22.05, 13.48, 23.64, 26.22, 21.07, 29.82, 33.69, 12.0, 16.97, 22.88, 11.7, 33.22]
a: [50.0, 50.0, 48.39, 50.0, 111.04, 55.91, 174.34, 133.77, 120.11, 50.0, 50.0, 114.08, 50.0, 146.64]
d: [3.5, 3.5, 5.51, 5.27, 5.26, 3.5, 5.29, 4.8, 3.5, 3.5, 3.87, 3.6, 4.62, 2.0]
BEST_hyper_parameter
v: [12.0, 12.0, 22.05, 12.0, 25.84, 12.0, 16.37, 12.0, 12.0, 12.0, 12.0, 25.05, 12.0, 34.36]
a: [50.0, 50.0, 48.39, 50.0, 131.09, 50.0, 50.0, 50.0, 50.0, 50.0, 50.0, 140.68, 50.0, 146.64]
d: [3.5, 3.5, 5.51, 3.5, 4.02, 3.5, 3.5, 3.5, 3.5, 3.5, 3.5, 3.5, 3.5, 2.0]
WIN: random_idx = 3

iteration: 13
best: [6.56, 9.04, 13.09, 16.52, 18.99, 23.72, 35.85, 38.39, 39.46, 44.38, 46.22, 47.9, 50.88, 51.8]
time: [6.7, 9.17, 13.12, 16.49, 22.03, 26.1, 38.14, 40.94, 45.06, 47.63, 49.68, 51.47, 1000, 1000]
current_hyper_parameter
v: [12.0, 12.0, 22.05, 10.81, 23.64, 26.22, 21.07, 29.82, 33.69, 12.0, 16.97, 22.88, 11.7, 33.22]
a: [50.0, 50.0, 48.39, 98.91, 111.04, 55.91, 174.34, 133.77, 120.11, 50.0, 50.0, 114.08, 50.0, 146.64]
d: [3.5, 3.5, 5.51, 5.36, 5.26, 3.5, 5.29, 4.8, 3.5, 3.5, 3.87, 3.6, 4.62, 2.0]
BEST_hyper_parameter
v: [12.0, 12.0, 22.05, 13.48, 23.64, 26.22, 21.07, 29.82, 33.69, 12.0, 16.97, 22.88, 11.7, 33.22]
a: [50.0, 50.0, 48.39, 50.0, 111.04, 55.91, 174.34, 133.77, 120.11, 50.0, 50.0, 114.08, 50.0, 146.64]
d: [3.5, 3.5, 5.51, 5.27, 5.26, 3.5, 5.29, 4.8, 3.5, 3.5, 3.87, 3.6, 4.62, 2.0]

iteration: 14
best: [6.56, 9.04, 13.09, 16.52, 18.99, 23.72, 35.85, 38.39, 39.46, 44.38, 46.22, 47.9, 50.88, 51.8]
time: [6.6, 9.07, 13.07, 16.58, 22.89, 34.07, 44.21, 47.95, 49.37, 1000, 1000, 1000, 1000, 1000]
current_hyper_parameter
v: [12.0, 12.0, 22.05, 13.48, 15.23, 13.01, 26.92, 11.53, 34.29, 12.0, 16.97, 28.94, 14.43, 33.22]
a: [50.0, 50.0, 48.39, 50.0, 133.66, 184.08, 129.19, 126.49, 120.11, 50.0, 50.0, 114.08, 50.0, 146.64]
d: [3.5, 3.5, 5.51, 5.27, 5.26, 4.81, 3.85, 4.62, 3.7, 3.5, 3.87, 3.6, 4.62, 2.0]
BEST_hyper_parameter
v: [12.0, 12.0, 22.05, 13.48, 23.64, 26.22, 21.07, 29.82, 33.69, 12.0, 16.97, 22.88, 11.7, 33.22]
a: [50.0, 50.0, 48.39, 50.0, 111.04, 55.91, 174.34, 133.77, 120.11, 50.0, 50.0, 114.08, 50.0, 146.64]
d: [3.5, 3.5, 5.51, 5.27, 5.26, 3.5, 5.29, 4.8, 3.5, 3.5, 3.87, 3.6, 4.62, 2.0]
mutation at idx = 0

iteration: 15
best: [6.56, 9.04, 13.09, 16.52, 18.99, 23.72, 35.85, 38.39, 39.46, 44.38, 46.22, 47.9, 50.88, 51.8]
time: [6.99, 9.61, 13.63, 16.96, 19.41, 23.88, 40.05, 43.28, 44.66, 1000, 1000, 1000, 1000, 1000]
current_hyper_parameter
v: [31.4, 12.0, 22.05, 13.48, 34.32, 26.22, 14.89, 14.9, 21.5, 32.95, 17.45, 29.54, 13.5, 26.83]
a: [37.45, 50.0, 48.39, 50.0, 111.04, 55.91, 66.48, 133.77, 193.3, 50.0, 182.15, 67.25, 50.0, 146.64]
d: [5.95, 3.5, 5.51, 5.27, 4.15, 3.5, 3.54, 4.8, 3.5, 3.5, 5.82, 4.26, 4.62, 2.0]
BEST_hyper_parameter
v: [12.0, 12.0, 22.05, 13.48, 23.64, 26.22, 21.07, 29.82, 33.69, 12.0, 16.97, 22.88, 11.7, 33.22]
a: [50.0, 50.0, 48.39, 50.0, 111.04, 55.91, 174.34, 133.77, 120.11, 50.0, 50.0, 114.08, 50.0, 146.64]
d: [3.5, 3.5, 5.51, 5.27, 5.26, 3.5, 5.29, 4.8, 3.5, 3.5, 3.87, 3.6, 4.62, 2.0]

iteration: 16
best: [6.56, 9.04, 13.09, 16.52, 18.99, 23.72, 35.85, 38.39, 39.46, 44.38, 46.22, 47.9, 50.88, 51.8]
time: [6.49, 8.86, 12.75, 16.38, 22.76, 26.48, 46.36, 48.97, 50.65, 52.99, 1000, 1000, 1000, 1000]
current_hyper_parameter
v: [25.76, 12.0, 22.05, 14.79, 14.97, 26.22, 11.17, 29.76, 19.78, 31.45, 28.41, 22.88, 11.7, 28.49]
a: [50.0, 50.0, 48.39, 50.0, 74.23, 55.91, 29.69, 136.28, 152.38, 32.51, 50.0, 114.08, 50.0, 176.51]
d: [3.57, 3.5, 5.51, 5.48, 5.26, 3.5, 4.47, 5.39, 5.12, 3.5, 3.87, 3.6, 4.62, 2.0]
BEST_hyper_parameter
v: [12.0, 12.0, 22.05, 13.48, 23.64, 26.22, 21.07, 29.82, 33.69, 12.0, 16.97, 22.88, 11.7, 33.22]
a: [50.0, 50.0, 48.39, 50.0, 111.04, 55.91, 174.34, 133.77, 120.11, 50.0, 50.0, 114.08, 50.0, 146.64]
d: [3.5, 3.5, 5.51, 5.27, 5.26, 3.5, 5.29, 4.8, 3.5, 3.5, 3.87, 3.6, 4.62, 2.0]

iteration: 17
best: [6.56, 9.04, 12.75, 16.52, 18.99, 23.72, 35.85, 38.39, 39.46, 44.38, 46.22, 47.9, 50.88, 51.8]
time: [6.71, 9.17, 13.15, 16.56, 22.61, 25.97, 36.73, 1000, 1000, 1000, 1000, 1000, 1000, 1000]
current_hyper_parameter
v: [12.0, 12.0, 22.05, 13.48, 23.78, 26.22, 24.74, 26.28, 12.11, 12.0, 16.97, 22.88, 11.7, 33.22]
a: [50.0, 50.0, 48.39, 50.0, 61.46, 55.91, 174.34, 171.27, 120.11, 50.0, 50.0, 114.08, 50.0, 146.64]
d: [3.5, 3.5, 5.51, 5.27, 5.26, 3.5, 5.34, 4.8, 4.02, 3.5, 3.87, 3.6, 4.62, 2.0]
BEST_hyper_parameter
v: [12.0, 12.0, 22.05, 13.48, 23.64, 26.22, 21.07, 29.82, 33.69, 12.0, 16.97, 22.88, 11.7, 33.22]
a: [50.0, 50.0, 48.39, 50.0, 111.04, 55.91, 174.34, 133.77, 120.11, 50.0, 50.0, 114.08, 50.0, 146.64]
d: [3.5, 3.5, 5.51, 5.27, 5.26, 3.5, 5.29, 4.8, 3.5, 3.5, 3.87, 3.6, 4.62, 2.0]
mutation at idx = 1

iteration: 18
best: [6.56, 9.04, 12.75, 16.52, 18.99, 23.72, 35.85, 38.39, 39.46, 44.38, 46.22, 47.9, 50.88, 51.8]
time: [6.69, 8.21, 11.04, 1000, 1000, 1000, 1000, 1000, 1000, 1000, 1000, 1000, 1000, 1000]
current_hyper_parameter
v: [12.0, 24.07, 22.05, 17.29, 11.64, 26.22, 28.98, 18.21, 19.78, 12.0, 26.49, 21.09, 34.33, 33.22]
a: [50.0, 177.72, 48.39, 152.75, 61.91, 55.91, 174.34, 96.0, 120.11, 50.0, 50.0, 114.08, 51.76, 146.64]
d: [3.5, 5.31, 5.51, 4.34, 5.26, 3.5, 5.29, 4.33, 4.72, 3.5, 3.87, 3.83, 4.62, 2.0]
BEST_hyper_parameter
v: [12.0, 12.0, 22.05, 13.48, 23.64, 26.22, 21.07, 29.82, 33.69, 12.0, 16.97, 22.88, 11.7, 33.22]
a: [50.0, 50.0, 48.39, 50.0, 111.04, 55.91, 174.34, 133.77, 120.11, 50.0, 50.0, 114.08, 50.0, 146.64]
d: [3.5, 3.5, 5.51, 5.27, 5.26, 3.5, 5.29, 4.8, 3.5, 3.5, 3.87, 3.6, 4.62, 2.0]

iteration: 19
best: [6.56, 8.21, 11.04, 16.52, 18.99, 23.72, 35.85, 38.39, 39.46, 44.38, 46.22, 47.9, 50.88, 51.8]
time: [6.68, 8.21, 11.02, 16.8, 1000, 1000, 1000, 1000, 1000, 1000, 1000, 1000, 1000, 1000]
current_hyper_parameter
v: [12.0, 24.07, 22.05, 20.38, 15.42, 25.33, 21.07, 27.09, 13.76, 12.0, 12.35, 30.12, 32.21, 33.22]
a: [50.0, 177.72, 48.39, 170.4, 111.04, 117.32, 174.34, 133.77, 120.11, 50.0, 174.4, 97.67, 54.21, 146.64]
d: [3.5, 5.31, 5.51, 5.27, 5.26, 5.21, 5.29, 3.93, 3.99, 3.5, 3.87, 3.6, 5.58, 2.0]
BEST_hyper_parameter
v: [12.0, 24.07, 22.05, 13.48, 23.64, 26.22, 21.07, 29.82, 33.69, 12.0, 16.97, 22.88, 11.7, 33.22]
a: [50.0, 177.72, 48.39, 50.0, 111.04, 55.91, 174.34, 133.77, 120.11, 50.0, 50.0, 114.08, 50.0, 146.64]
d: [3.5, 5.31, 5.51, 5.27, 5.26, 3.5, 5.29, 4.8, 3.5, 3.5, 3.87, 3.6, 4.62, 2.0]

iteration: 20
best: [6.56, 8.21, 11.04, 16.52, 18.99, 23.72, 35.85, 38.39, 39.46, 44.38, 46.22, 47.9, 50.88, 51.8]
time: [6.67, 8.21, 11.03, 17.04, 23.29, 37.79, 52.68, 1000, 1000, 1000, 1000, 1000, 1000, 1000]
current_hyper_parameter
v: [12.0, 24.07, 22.05, 15.25, 18.33, 33.2, 17.57, 24.08, 33.69, 34.44, 16.97, 29.24, 30.35, 12.14]
a: [50.0, 177.72, 48.39, 151.41, 93.62, 55.91, 103.71, 144.36, 120.11, 179.46, 50.0, 114.08, 50.63, 128.85]
d: [3.5, 5.31, 5.51, 5.27, 5.26, 5.24, 3.82, 4.55, 3.5, 5.25, 3.87, 3.6, 5.72, 2.0]
BEST_hyper_parameter
v: [12.0, 24.07, 22.05, 13.48, 23.64, 26.22, 21.07, 29.82, 33.69, 12.0, 16.97, 22.88, 11.7, 33.22]
a: [50.0, 177.72, 48.39, 50.0, 111.04, 55.91, 174.34, 133.77, 120.11, 50.0, 50.0, 114.08, 50.0, 146.64]
d: [3.5, 5.31, 5.51, 5.27, 5.26, 3.5, 5.29, 4.8, 3.5, 3.5, 3.87, 3.6, 4.62, 2.0]

iteration: 21
best: [6.56, 8.21, 11.04, 16.52, 18.99, 23.72, 35.85, 38.39, 39.46, 44.38, 46.22, 47.9, 50.88, 51.8]
time: [6.69, 8.2, 11.03, 14.51, 20.82, 24.89, 34.38, 1000, 1000, 1000, 1000, 1000, 1000, 1000]
current_hyper_parameter
v: [12.0, 24.07, 22.05, 26.47, 12.34, 34.43, 31.31, 24.09, 33.69, 35.0, 30.47, 22.01, 16.62, 25.65]
a: [50.0, 177.72, 48.39, 50.0, 111.04, 55.91, 127.64, 108.43, 120.11, 179.52, 50.0, 73.86, 50.0, 146.64]
d: [3.5, 5.31, 5.51, 5.27, 5.68, 3.5, 5.76, 4.8, 3.5, 3.5, 3.54, 3.6, 4.98, 2.0]
BEST_hyper_parameter
v: [12.0, 24.07, 22.05, 13.48, 23.64, 26.22, 21.07, 29.82, 33.69, 12.0, 16.97, 22.88, 11.7, 33.22]
a: [50.0, 177.72, 48.39, 50.0, 111.04, 55.91, 174.34, 133.77, 120.11, 50.0, 50.0, 114.08, 50.0, 146.64]
d: [3.5, 5.31, 5.51, 5.27, 5.26, 3.5, 5.29, 4.8, 3.5, 3.5, 3.87, 3.6, 4.62, 2.0]

iteration: 22
best: [6.56, 8.21, 11.04, 14.51, 18.99, 23.72, 35.85, 38.39, 39.46, 44.38, 46.22, 47.9, 50.88, 51.8]
time: [6.59, 8.14, 10.89, 13.83, 19.97, 22.36, 29.8, 33.74, 38.33, 40.58, 42.06, 43.96, 45.62, 1000]
current_hyper_parameter
v: [12.0, 24.07, 22.05, 26.47, 30.35, 32.42, 34.46, 23.52, 33.69, 14.46, 16.97, 22.88, 29.12, 33.22]
a: [50.0, 177.72, 48.39, 50.0, 59.32, 155.22, 191.74, 66.41, 120.11, 58.57, 50.0, 114.08, 130.16, 146.64]
d: [3.5, 5.31, 5.51, 5.27, 5.26, 5.36, 4.41, 4.59, 3.5, 3.5, 3.87, 3.6, 4.62, 2.0]
BEST_hyper_parameter
v: [12.0, 24.07, 22.05, 26.47, 23.64, 26.22, 21.07, 29.82, 33.69, 12.0, 16.97, 22.88, 11.7, 33.22]
a: [50.0, 177.72, 48.39, 50.0, 111.04, 55.91, 174.34, 133.77, 120.11, 50.0, 50.0, 114.08, 50.0, 146.64]
d: [3.5, 5.31, 5.51, 5.27, 5.26, 3.5, 5.29, 4.8, 3.5, 3.5, 3.87, 3.6, 4.62, 2.0]
mutation at idx = 3

iteration: 23
best: [6.56, 8.21, 11.04, 13.83, 18.99, 23.72, 35.85, 38.39, 39.46, 44.38, 46.22, 47.9, 50.88, 51.8]
time: [6.67, 8.19, 11.02, 16.8, 23.87, 27.41, 46.84, 49.42, 1000, 1000, 1000, 1000, 1000, 1000]
current_hyper_parameter
v: [12.0, 24.07, 22.05, 19.28, 19.5, 28.37, 10.94, 22.64, 11.11, 14.01, 25.15, 22.88, 31.26, 33.22]
a: [50.0, 177.72, 48.39, 184.07, 71.76, 55.91, 174.34, 133.77, 149.91, 50.0, 50.0, 114.08, 46.1, 146.64]
d: [3.5, 5.31, 5.51, 5.27, 5.26, 3.5, 5.29, 4.8, 3.5, 3.5, 4.93, 3.6, 4.62, 2.0]
BEST_hyper_parameter
v: [12.0, 24.07, 22.05, 26.47, 23.64, 26.22, 21.07, 29.82, 33.69, 12.0, 16.97, 22.88, 11.7, 33.22]
a: [50.0, 177.72, 48.39, 50.0, 111.04, 55.91, 174.34, 133.77, 120.11, 50.0, 50.0, 114.08, 50.0, 146.64]
d: [3.5, 5.31, 5.51, 5.27, 5.26, 3.5, 5.29, 4.8, 3.5, 3.5, 3.87, 3.6, 4.62, 2.0]

iteration: 24
best: [6.56, 8.21, 11.04, 13.83, 18.99, 23.72, 35.85, 38.39, 39.46, 44.38, 46.22, 47.9, 50.88, 51.8]
time: [6.58, 8.13, 10.88, 13.89, 20.32, 24.21, 33.23, 36.64, 41.24, 1000, 1000, 1000, 1000, 1000]
current_hyper_parameter
v: [12.0, 24.07, 22.05, 26.47, 12.59, 26.22, 31.23, 15.08, 30.57, 13.3, 19.6, 21.29, 15.02, 28.23]
a: [50.0, 177.72, 48.39, 50.0, 111.04, 55.91, 174.34, 149.05, 106.73, 174.85, 50.0, 114.08, 50.0, 199.27]
d: [3.5, 5.31, 5.51, 5.27, 5.26, 3.5, 5.29, 5.5, 5.11, 3.98, 3.87, 3.6, 4.62, 2.0]
BEST_hyper_parameter
v: [12.0, 24.07, 22.05, 26.47, 23.64, 26.22, 21.07, 29.82, 33.69, 12.0, 16.97, 22.88, 11.7, 33.22]
a: [50.0, 177.72, 48.39, 50.0, 111.04, 55.91, 174.34, 133.77, 120.11, 50.0, 50.0, 114.08, 50.0, 146.64]
d: [3.5, 5.31, 5.51, 5.27, 5.26, 3.5, 5.29, 4.8, 3.5, 3.5, 3.87, 3.6, 4.62, 2.0]

iteration: 25
best: [6.56, 8.21, 11.04, 13.83, 18.99, 23.72, 35.85, 38.39, 39.46, 44.38, 46.22, 47.9, 50.88, 51.8]
time: [6.58, 8.13, 10.9, 13.81, 19.27, 25.45, 34.07, 46.02, 56.31, 1000, 1000, 1000, 1000, 1000]
current_hyper_parameter
v: [12.0, 24.07, 22.05, 26.47, 28.15, 25.62, 29.48, 29.82, 30.9, 12.0, 13.97, 22.88, 22.91, 21.42]
a: [50.0, 177.72, 48.39, 50.0, 197.51, 170.46, 134.84, 133.77, 45.23, 50.0, 50.0, 114.08, 48.8, 96.99]
d: [3.5, 5.31, 5.51, 5.27, 5.04, 3.5, 5.68, 4.8, 5.25, 3.5, 3.87, 3.6, 4.65, 2.0]
BEST_hyper_parameter
v: [12.0, 24.07, 22.05, 26.47, 23.64, 26.22, 21.07, 29.82, 33.69, 12.0, 16.97, 22.88, 11.7, 33.22]
a: [50.0, 177.72, 48.39, 50.0, 111.04, 55.91, 174.34, 133.77, 120.11, 50.0, 50.0, 114.08, 50.0, 146.64]
d: [3.5, 5.31, 5.51, 5.27, 5.26, 3.5, 5.29, 4.8, 3.5, 3.5, 3.87, 3.6, 4.62, 2.0]
mutation at idx = 3

iteration: 26
best: [6.56, 8.21, 11.04, 13.83, 18.99, 23.72, 35.85, 38.39, 39.46, 44.38, 46.22, 47.9, 50.88, 51.8]
time: [6.58, 8.15, 10.91, 13.88, 16.44, 20.14, 29.47, 1000, 1000, 1000, 1000, 1000, 1000, 1000]
current_hyper_parameter
v: [12.0, 24.07, 22.05, 30.65, 23.64, 32.52, 26.85, 23.54, 31.26, 22.0, 31.97, 29.24, 27.87, 22.59]
a: [50.0, 177.72, 48.39, 50.0, 111.04, 78.8, 174.34, 123.98, 127.13, 49.99, 50.0, 155.88, 179.97, 48.47]
d: [3.5, 5.31, 5.51, 3.96, 5.26, 3.5, 5.29, 5.71, 3.5, 3.5, 3.87, 4.94, 4.62, 2.0]
BEST_hyper_parameter
v: [12.0, 24.07, 22.05, 26.47, 23.64, 26.22, 21.07, 29.82, 33.69, 12.0, 16.97, 22.88, 11.7, 33.22]
a: [50.0, 177.72, 48.39, 50.0, 111.04, 55.91, 174.34, 133.77, 120.11, 50.0, 50.0, 114.08, 50.0, 146.64]
d: [3.5, 5.31, 5.51, 5.27, 5.26, 3.5, 5.29, 4.8, 3.5, 3.5, 3.87, 3.6, 4.62, 2.0]
mutation at idx = 6

iteration: 27
best: [6.56, 8.21, 11.04, 13.83, 16.44, 20.14, 29.47, 38.39, 39.46, 44.38, 46.22, 47.9, 50.88, 51.8]
time: [6.67, 8.2, 11.01, 14.45, 20.09, 23.6, 33.71, 37.13, 39.31, 41.71, 45.9, 1000, 1000, 1000]
current_hyper_parameter
v: [12.0, 24.07, 22.05, 26.47, 23.64, 32.52, 24.35, 14.04, 11.58, 12.0, 26.27, 11.95, 11.7, 34.92]
a: [50.0, 177.72, 48.39, 50.0, 111.04, 78.8, 174.34, 133.77, 103.67, 50.0, 94.48, 190.0, 50.0, 146.64]
d: [3.5, 5.31, 5.51, 5.27, 5.26, 3.5, 4.56, 4.8, 3.5, 3.5, 3.87, 3.6, 4.62, 2.0]
BEST_hyper_parameter
v: [12.0, 24.07, 22.05, 26.47, 23.64, 32.52, 26.85, 29.82, 33.69, 12.0, 16.97, 22.88, 11.7, 33.22]
a: [50.0, 177.72, 48.39, 50.0, 111.04, 78.8, 174.34, 133.77, 120.11, 50.0, 50.0, 114.08, 50.0, 146.64]
d: [3.5, 5.31, 5.51, 5.27, 5.26, 3.5, 5.29, 4.8, 3.5, 3.5, 3.87, 3.6, 4.62, 2.0]

iteration: 28
best: [6.56, 8.21, 11.04, 13.83, 16.44, 20.14, 29.47, 38.39, 39.46, 44.38, 46.22, 47.9, 50.88, 51.8]
time: [6.59, 8.13, 10.87, 16.09, 1000, 1000, 1000, 1000, 1000, 1000, 1000, 1000, 1000, 1000]
current_hyper_parameter
v: [12.0, 24.07, 22.05, 28.89, 23.64, 15.86, 26.85, 25.8, 25.22, 23.04, 20.82, 24.23, 31.58, 28.59]
a: [50.0, 177.72, 48.39, 119.53, 111.04, 54.57, 174.34, 58.17, 24.17, 31.64, 47.6, 63.99, 88.28, 146.64]
d: [3.5, 5.31, 5.51, 5.49, 5.26, 3.5, 5.29, 4.8, 3.5, 3.54, 3.87, 3.6, 4.82, 2.0]
BEST_hyper_parameter
v: [12.0, 24.07, 22.05, 26.47, 23.64, 32.52, 26.85, 29.82, 33.69, 12.0, 16.97, 22.88, 11.7, 33.22]
a: [50.0, 177.72, 48.39, 50.0, 111.04, 78.8, 174.34, 133.77, 120.11, 50.0, 50.0, 114.08, 50.0, 146.64]
d: [3.5, 5.31, 5.51, 5.27, 5.26, 3.5, 5.29, 4.8, 3.5, 3.5, 3.87, 3.6, 4.62, 2.0]

iteration: 29
best: [6.56, 8.21, 11.04, 13.83, 16.44, 20.14, 29.47, 38.39, 39.46, 44.38, 46.22, 47.9, 50.88, 51.8]
time: [6.59, 8.12, 10.86, 13.3, 1000, 1000, 1000, 1000, 1000, 1000, 1000, 1000, 1000, 1000]
current_hyper_parameter
v: [12.0, 24.07, 22.05, 16.39, 26.38, 31.61, 32.64, 14.09, 30.84, 26.28, 29.34, 16.63, 11.7, 16.64]
a: [50.0, 177.72, 48.39, 158.28, 111.04, 78.8, 133.81, 71.57, 120.11, 50.0, 106.3, 114.08, 50.0, 36.96]
d: [3.5, 5.31, 5.51, 5.27, 4.21, 3.5, 5.29, 3.9, 3.99, 3.75, 3.88, 3.6, 4.62, 2.0]
BEST_hyper_parameter
v: [12.0, 24.07, 22.05, 26.47, 23.64, 32.52, 26.85, 29.82, 33.69, 12.0, 16.97, 22.88, 11.7, 33.22]
a: [50.0, 177.72, 48.39, 50.0, 111.04, 78.8, 174.34, 133.77, 120.11, 50.0, 50.0, 114.08, 50.0, 146.64]
d: [3.5, 5.31, 5.51, 5.27, 5.26, 3.5, 5.29, 4.8, 3.5, 3.5, 3.87, 3.6, 4.62, 2.0]

iteration: 30
best: [6.56, 8.21, 11.04, 13.3, 16.44, 20.14, 29.47, 38.39, 39.46, 44.38, 46.22, 47.9, 50.88, 51.8]
time: [6.67, 8.2, 11.04, 16.89, 19.65, 23.12, 37.24, 48.49, 51.69, 1000, 1000, 1000, 1000, 1000]
current_hyper_parameter
v: [12.0, 24.07, 22.05, 16.39, 14.35, 31.48, 15.17, 13.3, 18.57, 12.0, 17.0, 27.5, 11.7, 11.9]
a: [50.0, 177.72, 48.39, 158.28, 89.58, 76.0, 116.94, 39.14, 86.99, 50.0, 83.82, 114.08, 50.0, 185.14]
d: [3.5, 5.31, 5.51, 5.27, 3.51, 4.07, 3.85, 3.92, 4.15, 3.5, 3.87, 4.66, 4.62, 2.0]
BEST_hyper_parameter
v: [12.0, 24.07, 22.05, 16.39, 23.64, 32.52, 26.85, 29.82, 33.69, 12.0, 16.97, 22.88, 11.7, 33.22]
a: [50.0, 177.72, 48.39, 158.28, 111.04, 78.8, 174.34, 133.77, 120.11, 50.0, 50.0, 114.08, 50.0, 146.64]
d: [3.5, 5.31, 5.51, 5.27, 5.26, 3.5, 5.29, 4.8, 3.5, 3.5, 3.87, 3.6, 4.62, 2.0]

iteration: 31
best: [6.56, 8.21, 11.04, 13.3, 16.44, 20.14, 29.47, 38.39, 39.46, 44.38, 46.22, 47.9, 50.88, 51.8]
time: [6.7, 8.22, 11.04, 13.44, 1000, 1000, 1000, 1000, 1000, 1000, 1000, 1000, 1000, 1000]
current_hyper_parameter
v: [12.0, 24.07, 22.05, 29.12, 34.85, 14.37, 26.85, 29.82, 13.9, 12.0, 20.35, 22.88, 23.22, 28.21]
a: [50.0, 177.72, 48.39, 158.28, 130.07, 133.03, 174.34, 133.77, 120.11, 50.0, 50.0, 114.08, 50.0, 146.64]
d: [3.5, 5.31, 5.51, 4.94, 5.12, 3.5, 5.29, 4.8, 3.5, 3.5, 5.02, 3.6, 4.62, 2.0]
BEST_hyper_parameter
v: [12.0, 24.07, 22.05, 16.39, 23.64, 32.52, 26.85, 29.82, 33.69, 12.0, 16.97, 22.88, 11.7, 33.22]
a: [50.0, 177.72, 48.39, 158.28, 111.04, 78.8, 174.34, 133.77, 120.11, 50.0, 50.0, 114.08, 50.0, 146.64]
d: [3.5, 5.31, 5.51, 5.27, 5.26, 3.5, 5.29, 4.8, 3.5, 3.5, 3.87, 3.6, 4.62, 2.0]
mutation at idx = 1

iteration: 32
best: [6.56, 8.21, 11.04, 13.3, 16.44, 20.14, 29.47, 38.39, 39.46, 44.38, 46.22, 47.9, 50.88, 51.8]
time: [6.74, 9.03, 12.73, 15.43, 21.87, 25.12, 35.55, 38.35, 47.92, 50.56, 1000, 1000, 1000, 1000]
current_hyper_parameter
v: [12.0, 11.09, 22.05, 16.39, 13.54, 14.84, 27.16, 29.82, 21.96, 30.77, 22.3, 33.36, 10.51, 28.15]
a: [50.0, 86.52, 48.39, 158.28, 80.39, 128.18, 86.87, 133.77, 198.81, 74.05, 35.78, 114.98, 50.0, 103.46]
d: [3.5, 5.31, 5.51, 5.27, 5.26, 3.5, 4.68, 4.8, 4.24, 3.5, 5.18, 3.6, 4.62, 2.0]
BEST_hyper_parameter
v: [12.0, 24.07, 22.05, 16.39, 23.64, 32.52, 26.85, 29.82, 33.69, 12.0, 16.97, 22.88, 11.7, 33.22]
a: [50.0, 177.72, 48.39, 158.28, 111.04, 78.8, 174.34, 133.77, 120.11, 50.0, 50.0, 114.08, 50.0, 146.64]
d: [3.5, 5.31, 5.51, 5.27, 5.26, 3.5, 5.29, 4.8, 3.5, 3.5, 3.87, 3.6, 4.62, 2.0]
mutation at idx = 0

iteration: 33
best: [6.56, 8.21, 11.04, 13.3, 16.44, 20.14, 29.47, 38.39, 39.46, 44.38, 46.22, 47.9, 50.88, 51.8]
time: [5.78, 7.27, 10.87, 1000, 1000, 1000, 1000, 1000, 1000, 1000, 1000, 1000, 1000, 1000]
current_hyper_parameter
v: [32.32, 17.5, 23.54, 23.83, 24.52, 22.55, 24.53, 29.82, 25.29, 32.32, 29.67, 18.31, 11.52, 17.6]
a: [109.41, 142.36, 34.35, 158.28, 28.8, 32.74, 65.31, 133.77, 29.84, 50.0, 50.0, 114.08, 100.94, 53.24]
d: [3.5, 4.12, 5.75, 6.0, 3.86, 3.5, 5.29, 4.8, 3.75, 3.5, 4.28, 3.6, 5.95, 2.0]
BEST_hyper_parameter
v: [12.0, 24.07, 22.05, 16.39, 23.64, 32.52, 26.85, 29.82, 33.69, 12.0, 16.97, 22.88, 11.7, 33.22]
a: [50.0, 177.72, 48.39, 158.28, 111.04, 78.8, 174.34, 133.77, 120.11, 50.0, 50.0, 114.08, 50.0, 146.64]
d: [3.5, 5.31, 5.51, 5.27, 5.26, 3.5, 5.29, 4.8, 3.5, 3.5, 3.87, 3.6, 4.62, 2.0]

iteration: 34
best: [5.78, 7.27, 11.04, 13.3, 16.44, 20.14, 29.47, 38.39, 39.46, 44.38, 46.22, 47.9, 50.88, 51.8]
time: [5.79, 7.27, 10.49, 13.22, 1000, 1000, 1000, 1000, 1000, 1000, 1000, 1000, 1000, 1000]
current_hyper_parameter
v: [32.32, 17.5, 22.05, 16.09, 33.33, 20.38, 24.03, 29.82, 19.79, 23.38, 33.17, 22.88, 17.71, 13.64]
a: [109.41, 142.36, 48.39, 129.36, 93.39, 157.83, 174.34, 133.77, 109.73, 78.93, 189.8, 114.08, 196.28, 68.21]
d: [3.5, 4.12, 5.51, 5.27, 5.26, 5.22, 3.65, 4.8, 3.77, 5.38, 4.99, 3.6, 4.62, 2.0]
BEST_hyper_parameter
v: [32.32, 17.5, 22.05, 16.39, 23.64, 32.52, 26.85, 29.82, 33.69, 12.0, 16.97, 22.88, 11.7, 33.22]
a: [109.41, 142.36, 48.39, 158.28, 111.04, 78.8, 174.34, 133.77, 120.11, 50.0, 50.0, 114.08, 50.0, 146.64]
d: [3.5, 4.12, 5.51, 5.27, 5.26, 3.5, 5.29, 4.8, 3.5, 3.5, 3.87, 3.6, 4.62, 2.0]

iteration: 35
best: [5.78, 7.27, 10.49, 13.3, 16.44, 20.14, 29.47, 38.39, 39.46, 44.38, 46.22, 47.9, 50.88, 51.8]
time: [5.74, 7.25, 10.64, 13.39, 16.02, 19.93, 28.99, 1000, 1000, 1000, 1000, 1000, 1000, 1000]
current_hyper_parameter
v: [32.32, 17.5, 22.05, 16.39, 15.33, 16.79, 30.62, 29.82, 33.69, 17.16, 24.37, 22.88, 14.67, 22.82]
a: [109.41, 142.36, 48.39, 158.28, 106.84, 78.8, 174.34, 133.77, 120.11, 84.63, 50.0, 114.08, 48.67, 124.73]
d: [3.5, 4.12, 5.51, 5.27, 3.92, 3.5, 5.29, 4.8, 3.5, 4.8, 4.68, 3.6, 4.62, 2.0]
BEST_hyper_parameter
v: [32.32, 17.5, 22.05, 16.39, 23.64, 32.52, 26.85, 29.82, 33.69, 12.0, 16.97, 22.88, 11.7, 33.22]
a: [109.41, 142.36, 48.39, 158.28, 111.04, 78.8, 174.34, 133.77, 120.11, 50.0, 50.0, 114.08, 50.0, 146.64]
d: [3.5, 4.12, 5.51, 5.27, 5.26, 3.5, 5.29, 4.8, 3.5, 3.5, 3.87, 3.6, 4.62, 2.0]

iteration: 36
best: [5.78, 7.27, 10.49, 13.3, 16.02, 20.14, 28.99, 38.39, 39.46, 44.38, 46.22, 47.9, 50.88, 51.8]
time: [5.78, 7.27, 10.57, 16.26, 20.95, 24.64, 33.25, 36.03, 37.32, 39.07, 1000, 1000, 1000, 1000]
current_hyper_parameter
v: [32.32, 17.5, 22.05, 16.39, 15.33, 32.52, 30.62, 21.8, 31.14, 12.0, 12.04, 16.77, 21.19, 33.22]
a: [109.41, 142.36, 48.39, 158.28, 106.84, 78.8, 174.34, 133.77, 111.52, 50.0, 50.0, 91.3, 50.0, 146.64]
d: [3.5, 4.12, 5.51, 5.27, 3.92, 3.5, 5.29, 5.75, 5.65, 3.5, 4.43, 3.6, 3.67, 2.0]
BEST_hyper_parameter
v: [32.32, 17.5, 22.05, 16.39, 15.33, 32.52, 30.62, 29.82, 33.69, 12.0, 16.97, 22.88, 11.7, 33.22]
a: [109.41, 142.36, 48.39, 158.28, 106.84, 78.8, 174.34, 133.77, 120.11, 50.0, 50.0, 114.08, 50.0, 146.64]
d: [3.5, 4.12, 5.51, 5.27, 3.92, 3.5, 5.29, 4.8, 3.5, 3.5, 3.87, 3.6, 4.62, 2.0]

iteration: 37
best: [5.78, 7.27, 10.49, 13.3, 16.02, 20.14, 28.99, 38.39, 39.46, 44.38, 46.22, 47.9, 50.88, 51.8]
time: [5.73, 7.25, 10.54, 13.96, 16.8, 19.79, 35.8, 38.25, 1000, 1000, 1000, 1000, 1000, 1000]
current_hyper_parameter
v: [32.32, 17.5, 22.05, 22.35, 17.37, 31.19, 15.3, 25.82, 31.7, 12.0, 16.97, 12.82, 28.88, 17.64]
a: [109.41, 142.36, 48.39, 34.07, 106.84, 117.73, 69.81, 133.77, 188.11, 50.0, 50.0, 178.85, 50.0, 185.78]
d: [3.5, 4.12, 5.51, 4.01, 4.09, 3.5, 5.29, 4.8, 5.33, 3.5, 3.87, 4.94, 4.83, 2.0]
BEST_hyper_parameter
v: [32.32, 17.5, 22.05, 16.39, 15.33, 32.52, 30.62, 29.82, 33.69, 12.0, 16.97, 22.88, 11.7, 33.22]
a: [109.41, 142.36, 48.39, 158.28, 106.84, 78.8, 174.34, 133.77, 120.11, 50.0, 50.0, 114.08, 50.0, 146.64]
d: [3.5, 4.12, 5.51, 5.27, 3.92, 3.5, 5.29, 4.8, 3.5, 3.5, 3.87, 3.6, 4.62, 2.0]

iteration: 38
best: [5.78, 7.27, 10.49, 13.3, 16.02, 20.14, 28.99, 38.39, 39.46, 44.38, 46.22, 47.9, 50.88, 51.8]
time: [5.75, 7.31, 10.54, 16.63, 45.33, 1000, 1000, 1000, 1000, 1000, 1000, 1000, 1000, 1000]
current_hyper_parameter
v: [32.32, 17.5, 22.05, 16.39, 11.77, 18.31, 11.24, 29.82, 22.22, 27.75, 12.03, 11.38, 29.56, 33.22]
a: [109.41, 142.36, 48.39, 158.28, 121.36, 120.1, 68.01, 133.77, 63.42, 50.0, 50.0, 114.09, 122.94, 146.64]
d: [3.5, 4.12, 5.51, 5.27, 3.92, 4.26, 5.29, 4.8, 3.5, 3.5, 4.17, 3.51, 4.62, 2.0]
BEST_hyper_parameter
v: [32.32, 17.5, 22.05, 16.39, 15.33, 32.52, 30.62, 29.82, 33.69, 12.0, 16.97, 22.88, 11.7, 33.22]
a: [109.41, 142.36, 48.39, 158.28, 106.84, 78.8, 174.34, 133.77, 120.11, 50.0, 50.0, 114.08, 50.0, 146.64]
d: [3.5, 4.12, 5.51, 5.27, 3.92, 3.5, 5.29, 4.8, 3.5, 3.5, 3.87, 3.6, 4.62, 2.0]

iteration: 39
best: [5.78, 7.27, 10.49, 13.3, 16.02, 20.14, 28.99, 38.39, 39.46, 44.38, 46.22, 47.9, 50.88, 51.8]
time: [5.78, 7.26, 10.51, 16.14, 18.96, 22.73, 36.49, 47.37, 49.82, 51.74, 53.14, 1000, 1000, 1000]
current_hyper_parameter
v: [32.32, 17.5, 22.05, 16.39, 15.33, 18.99, 19.29, 29.82, 19.86, 12.81, 26.34, 22.88, 11.7, 32.49]
a: [109.41, 142.36, 48.39, 158.28, 106.84, 78.8, 41.65, 133.77, 62.19, 181.83, 50.0, 114.08, 50.0, 146.13]
d: [3.5, 4.12, 5.51, 5.27, 3.92, 5.34, 5.52, 4.8, 4.98, 4.23, 3.87, 3.6, 4.62, 2.0]
BEST_hyper_parameter
v: [32.32, 17.5, 22.05, 16.39, 15.33, 32.52, 30.62, 29.82, 33.69, 12.0, 16.97, 22.88, 11.7, 33.22]
a: [109.41, 142.36, 48.39, 158.28, 106.84, 78.8, 174.34, 133.77, 120.11, 50.0, 50.0, 114.08, 50.0, 146.64]
d: [3.5, 4.12, 5.51, 5.27, 3.92, 3.5, 5.29, 4.8, 3.5, 3.5, 3.87, 3.6, 4.62, 2.0]

iteration: 40
best: [5.78, 7.27, 10.49, 13.3, 16.02, 20.14, 28.99, 38.39, 39.46, 44.38, 46.22, 47.9, 50.88, 51.8]
time: [5.75, 7.26, 10.7, 12.99, 18.58, 22.21, 30.52, 1000, 1000, 1000, 1000, 1000, 1000, 1000]
current_hyper_parameter
v: [32.32, 17.5, 22.05, 32.14, 15.33, 25.9, 30.62, 31.49, 25.83, 12.0, 27.46, 22.88, 32.94, 20.9]
a: [109.41, 142.36, 48.39, 158.28, 106.84, 92.22, 174.34, 43.29, 185.72, 50.0, 50.0, 114.08, 109.47, 146.64]
d: [3.5, 4.12, 5.51, 4.74, 3.92, 3.5, 5.29, 4.8, 3.5, 3.5, 3.87, 3.6, 5.32, 2.0]
BEST_hyper_parameter
v: [32.32, 17.5, 22.05, 16.39, 15.33, 32.52, 30.62, 29.82, 33.69, 12.0, 16.97, 22.88, 11.7, 33.22]
a: [109.41, 142.36, 48.39, 158.28, 106.84, 78.8, 174.34, 133.77, 120.11, 50.0, 50.0, 114.08, 50.0, 146.64]
d: [3.5, 4.12, 5.51, 5.27, 3.92, 3.5, 5.29, 4.8, 3.5, 3.5, 3.87, 3.6, 4.62, 2.0]

iteration: 41
best: [5.78, 7.27, 10.49, 12.99, 16.02, 20.14, 28.99, 38.39, 39.46, 44.38, 46.22, 47.9, 50.88, 51.8]
time: [5.79, 7.29, 10.52, 15.73, 23.07, 27.19, 38.38, 47.14, 1000, 1000, 1000, 1000, 1000, 1000]
current_hyper_parameter
v: [32.32, 17.5, 22.05, 32.14, 12.24, 14.18, 23.86, 24.86, 16.48, 12.0, 33.96, 19.59, 26.56, 20.58]
a: [109.41, 142.36, 48.39, 158.28, 106.84, 75.86, 174.34, 100.0, 166.12, 50.0, 90.44, 114.08, 162.18, 146.64]
d: [3.5, 4.12, 5.51, 4.74, 3.92, 3.63, 5.29, 3.53, 3.5, 3.5, 3.87, 4.93, 4.62, 2.0]
BEST_hyper_parameter
v: [32.32, 17.5, 22.05, 32.14, 15.33, 32.52, 30.62, 29.82, 33.69, 12.0, 16.97, 22.88, 11.7, 33.22]
a: [109.41, 142.36, 48.39, 158.28, 106.84, 78.8, 174.34, 133.77, 120.11, 50.0, 50.0, 114.08, 50.0, 146.64]
d: [3.5, 4.12, 5.51, 4.74, 3.92, 3.5, 5.29, 4.8, 3.5, 3.5, 3.87, 3.6, 4.62, 2.0]

iteration: 42
best: [5.78, 7.27, 10.49, 12.99, 16.02, 20.14, 28.99, 38.39, 39.46, 44.38, 46.22, 47.9, 50.88, 51.8]
time: [5.78, 7.28, 10.5, 12.84, 18.72, 22.49, 31.41, 1000, 1000, 1000, 1000, 1000, 1000, 1000]
current_hyper_parameter
v: [32.32, 17.5, 22.05, 23.21, 16.24, 27.87, 30.62, 31.45, 11.12, 19.66, 13.05, 18.23, 34.31, 33.22]
a: [109.41, 142.36, 48.39, 125.26, 124.57, 76.27, 174.34, 133.77, 120.11, 50.0, 58.88, 114.08, 65.59, 146.64]
d: [3.5, 4.12, 5.51, 4.06, 4.59, 3.5, 5.29, 5.12, 3.5, 3.5, 4.64, 3.6, 5.07, 2.0]
BEST_hyper_parameter
v: [32.32, 17.5, 22.05, 32.14, 15.33, 32.52, 30.62, 29.82, 33.69, 12.0, 16.97, 22.88, 11.7, 33.22]
a: [109.41, 142.36, 48.39, 158.28, 106.84, 78.8, 174.34, 133.77, 120.11, 50.0, 50.0, 114.08, 50.0, 146.64]
d: [3.5, 4.12, 5.51, 4.74, 3.92, 3.5, 5.29, 4.8, 3.5, 3.5, 3.87, 3.6, 4.62, 2.0]

iteration: 43
best: [5.78, 7.27, 10.49, 12.99, 16.02, 20.14, 28.99, 38.39, 39.46, 44.38, 46.22, 47.9, 50.88, 51.8]
time: [5.77, 7.26, 10.45, 19.8, 26.25, 47.41, 1000, 1000, 1000, 1000, 1000, 1000, 1000, 1000]
current_hyper_parameter
v: [32.32, 17.5, 22.05, 32.14, 17.92, 32.52, 28.07, 28.0, 16.54, 17.67, 16.97, 22.88, 33.64, 12.14]
a: [109.41, 142.36, 48.39, 158.28, 106.84, 78.8, 106.43, 133.77, 21.61, 50.0, 50.0, 114.08, 50.0, 35.47]
d: [3.5, 4.12, 5.51, 4.74, 3.92, 3.5, 5.29, 4.97, 5.47, 3.5, 3.87, 3.6, 4.62, 2.0]
BEST_hyper_parameter
v: [32.32, 17.5, 22.05, 32.14, 15.33, 32.52, 30.62, 29.82, 33.69, 12.0, 16.97, 22.88, 11.7, 33.22]
a: [109.41, 142.36, 48.39, 158.28, 106.84, 78.8, 174.34, 133.77, 120.11, 50.0, 50.0, 114.08, 50.0, 146.64]
d: [3.5, 4.12, 5.51, 4.74, 3.92, 3.5, 5.29, 4.8, 3.5, 3.5, 3.87, 3.6, 4.62, 2.0]
mutation at idx = 2

iteration: 44
best: [5.78, 7.27, 10.49, 12.99, 16.02, 20.14, 28.99, 38.39, 39.46, 44.38, 46.22, 47.9, 50.88, 51.8]
time: [5.77, 7.3, 1000, 1000, 1000, 1000, 1000, 1000, 1000, 1000, 1000, 1000, 1000, 1000]
current_hyper_parameter
v: [32.32, 17.5, 23.1, 34.75, 24.82, 32.34, 14.59, 29.72, 16.21, 31.93, 29.01, 22.88, 11.7, 24.04]
a: [109.41, 142.36, 31.51, 158.28, 106.84, 167.35, 37.99, 192.66, 120.11, 50.0, 37.69, 114.08, 50.0, 146.64]
d: [3.5, 4.12, 5.49, 5.04, 3.92, 3.5, 5.85, 4.8, 3.5, 4.53, 5.12, 3.6, 4.62, 2.0]
BEST_hyper_parameter
v: [32.32, 17.5, 22.05, 32.14, 15.33, 32.52, 30.62, 29.82, 33.69, 12.0, 16.97, 22.88, 11.7, 33.22]
a: [109.41, 142.36, 48.39, 158.28, 106.84, 78.8, 174.34, 133.77, 120.11, 50.0, 50.0, 114.08, 50.0, 146.64]
d: [3.5, 4.12, 5.51, 4.74, 3.92, 3.5, 5.29, 4.8, 3.5, 3.5, 3.87, 3.6, 4.62, 2.0]

iteration: 45
best: [5.78, 7.27, 10.49, 12.99, 16.02, 20.14, 28.99, 38.39, 39.46, 44.38, 46.22, 47.9, 50.88, 51.8]
time: [5.75, 7.24, 10.59, 16.36, 22.03, 26.09, 39.58, 41.94, 46.17, 48.25, 1000, 1000, 1000, 1000]
current_hyper_parameter
v: [32.32, 17.5, 22.05, 16.08, 17.19, 32.52, 16.3, 27.44, 33.16, 16.77, 16.97, 25.41, 18.22, 33.22]
a: [109.41, 142.36, 48.39, 121.64, 117.84, 78.8, 196.24, 137.28, 65.14, 92.59, 50.0, 36.15, 176.3, 146.64]
d: [3.5, 4.12, 5.51, 5.89, 4.76, 3.5, 5.18, 3.83, 3.59, 3.5, 3.87, 3.6, 4.62, 2.0]
BEST_hyper_parameter
v: [32.32, 17.5, 22.05, 32.14, 15.33, 32.52, 30.62, 29.82, 33.69, 12.0, 16.97, 22.88, 11.7, 33.22]
a: [109.41, 142.36, 48.39, 158.28, 106.84, 78.8, 174.34, 133.77, 120.11, 50.0, 50.0, 114.08, 50.0, 146.64]
d: [3.5, 4.12, 5.51, 4.74, 3.92, 3.5, 5.29, 4.8, 3.5, 3.5, 3.87, 3.6, 4.62, 2.0]

iteration: 46
best: [5.78, 7.27, 10.49, 12.99, 16.02, 20.14, 28.99, 38.39, 39.46, 44.38, 46.22, 47.9, 50.88, 51.8]
time: [5.77, 7.25, 10.56, 13.56, 16.4, 20.04, 28.61, 32.05, 1000, 1000, 1000, 1000, 1000, 1000]
current_hyper_parameter
v: [32.32, 17.5, 22.05, 27.27, 15.33, 27.52, 30.62, 18.8, 33.69, 14.87, 12.55, 23.32, 15.31, 18.42]
a: [109.41, 142.36, 48.39, 58.09, 106.84, 86.15, 174.34, 107.1, 120.11, 25.41, 30.65, 114.08, 50.0, 146.64]
d: [3.5, 4.12, 5.51, 5.15, 3.92, 3.5, 5.29, 4.8, 3.5, 5.93, 3.87, 3.6, 4.38, 2.0]
BEST_hyper_parameter
v: [32.32, 17.5, 22.05, 32.14, 15.33, 32.52, 30.62, 29.82, 33.69, 12.0, 16.97, 22.88, 11.7, 33.22]
a: [109.41, 142.36, 48.39, 158.28, 106.84, 78.8, 174.34, 133.77, 120.11, 50.0, 50.0, 114.08, 50.0, 146.64]
d: [3.5, 4.12, 5.51, 4.74, 3.92, 3.5, 5.29, 4.8, 3.5, 3.5, 3.87, 3.6, 4.62, 2.0]

iteration: 47
best: [5.78, 7.27, 10.49, 12.99, 16.02, 20.14, 28.99, 38.39, 39.46, 44.38, 46.22, 47.9, 50.88, 51.8]
time: [5.78, 7.26, 10.57, 12.82, 15.45, 19.21, 27.65, 1000, 1000, 1000, 1000, 1000, 1000, 1000]
current_hyper_parameter
v: [32.32, 17.5, 22.05, 32.14, 15.33, 32.52, 30.62, 29.82, 33.69, 31.48, 13.55, 19.62, 22.91, 21.83]
a: [109.41, 142.36, 48.39, 158.28, 106.84, 78.8, 174.34, 133.77, 120.11, 150.18, 50.0, 114.08, 50.0, 27.83]
d: [3.5, 4.12, 5.51, 4.74, 3.92, 3.5, 5.29, 4.8, 3.5, 3.71, 3.87, 5.13, 5.43, 2.0]
BEST_hyper_parameter
v: [32.32, 17.5, 22.05, 32.14, 15.33, 32.52, 30.62, 29.82, 33.69, 12.0, 16.97, 22.88, 11.7, 33.22]
a: [109.41, 142.36, 48.39, 158.28, 106.84, 78.8, 174.34, 133.77, 120.11, 50.0, 50.0, 114.08, 50.0, 146.64]
d: [3.5, 4.12, 5.51, 4.74, 3.92, 3.5, 5.29, 4.8, 3.5, 3.5, 3.87, 3.6, 4.62, 2.0]

iteration: 48
best: [5.78, 7.27, 10.49, 12.99, 15.45, 19.21, 27.65, 38.39, 39.46, 44.38, 46.22, 47.9, 50.88, 51.8]
time: [5.76, 7.25, 10.42, 15.75, 22.37, 25.48, 34.27, 1000, 1000, 1000, 1000, 1000, 1000, 1000]
current_hyper_parameter
v: [32.32, 17.5, 22.05, 32.14, 15.33, 32.52, 30.62, 11.99, 16.27, 15.61, 30.24, 21.45, 11.7, 33.52]
a: [109.41, 142.36, 48.39, 158.28, 106.84, 78.8, 174.34, 46.44, 49.98, 76.9, 50.0, 114.08, 50.0, 146.64]
d: [3.5, 4.12, 5.51, 4.74, 3.92, 3.5, 5.29, 4.8, 3.5, 3.5, 4.74, 3.6, 4.62, 2.0]
BEST_hyper_parameter
v: [32.32, 17.5, 22.05, 32.14, 15.33, 32.52, 30.62, 29.82, 33.69, 12.0, 16.97, 22.88, 11.7, 33.22]
a: [109.41, 142.36, 48.39, 158.28, 106.84, 78.8, 174.34, 133.77, 120.11, 50.0, 50.0, 114.08, 50.0, 146.64]
d: [3.5, 4.12, 5.51, 4.74, 3.92, 3.5, 5.29, 4.8, 3.5, 3.5, 3.87, 3.6, 4.62, 2.0]

iteration: 49
best: [5.78, 7.27, 10.49, 12.99, 15.45, 19.21, 27.65, 38.39, 39.46, 44.38, 46.22, 47.9, 50.88, 51.8]
time: [5.77, 7.25, 10.53, 14.21, 20.39, 24.16, 34.93, 1000, 1000, 1000, 1000, 1000, 1000, 1000]
current_hyper_parameter
v: [32.32, 17.5, 22.05, 28.58, 16.33, 11.87, 32.65, 18.93, 20.25, 31.63, 20.65, 22.88, 34.96, 33.22]
a: [109.41, 142.36, 48.39, 28.88, 99.21, 191.37, 61.34, 50.56, 129.15, 184.92, 50.0, 114.08, 110.86, 146.64]
d: [3.5, 4.12, 5.51, 4.75, 3.92, 3.5, 5.68, 5.96, 4.45, 5.21, 3.94, 3.6, 4.62, 2.0]
BEST_hyper_parameter
v: [32.32, 17.5, 22.05, 32.14, 15.33, 32.52, 30.62, 29.82, 33.69, 12.0, 16.97, 22.88, 11.7, 33.22]
a: [109.41, 142.36, 48.39, 158.28, 106.84, 78.8, 174.34, 133.77, 120.11, 50.0, 50.0, 114.08, 50.0, 146.64]
d: [3.5, 4.12, 5.51, 4.74, 3.92, 3.5, 5.29, 4.8, 3.5, 3.5, 3.87, 3.6, 4.62, 2.0]

iteration: 50
best: [5.78, 7.27, 10.49, 12.99, 15.45, 19.21, 27.65, 38.39, 39.46, 44.38, 46.22, 47.9, 50.88, 51.8]
time: [5.71, 7.22, 10.62, 16.65, 1000, 1000, 1000, 1000, 1000, 1000, 1000, 1000, 1000, 1000]
current_hyper_parameter
v: [32.32, 17.5, 22.05, 17.88, 15.33, 12.37, 11.16, 29.82, 12.83, 17.92, 16.97, 31.8, 11.31, 19.1]
a: [109.41, 142.36, 48.39, 87.28, 106.84, 83.26, 93.9, 133.77, 104.84, 114.93, 50.0, 114.08, 55.41, 141.53]
d: [3.5, 4.12, 5.51, 4.74, 3.92, 3.5, 5.29, 4.8, 5.1, 3.5, 3.87, 4.01, 4.62, 2.0]
BEST_hyper_parameter
v: [32.32, 17.5, 22.05, 32.14, 15.33, 32.52, 30.62, 29.82, 33.69, 12.0, 16.97, 22.88, 11.7, 33.22]
a: [109.41, 142.36, 48.39, 158.28, 106.84, 78.8, 174.34, 133.77, 120.11, 50.0, 50.0, 114.08, 50.0, 146.64]
d: [3.5, 4.12, 5.51, 4.74, 3.92, 3.5, 5.29, 4.8, 3.5, 3.5, 3.87, 3.6, 4.62, 2.0]
mutation at idx = 0

iteration: 51
best: [5.78, 7.27, 10.49, 12.99, 15.45, 19.21, 27.65, 38.39, 39.46, 44.38, 46.22, 47.9, 50.88, 51.8]
time: [6.03, 7.61, 10.75, 17.51, 24.54, 51.23, 1000, 1000, 1000, 1000, 1000, 1000, 1000, 1000]
current_hyper_parameter
v: [14.77, 17.5, 22.05, 12.33, 15.33, 13.64, 30.62, 13.85, 23.02, 12.0, 10.98, 22.88, 16.75, 33.02]
a: [109.41, 142.36, 48.39, 158.28, 106.84, 78.8, 174.34, 133.77, 196.66, 50.0, 50.0, 114.08, 50.0, 146.64]
d: [3.5, 4.12, 5.51, 4.74, 3.92, 4.22, 5.29, 4.63, 3.5, 3.5, 3.87, 3.6, 3.76, 2.0]
BEST_hyper_parameter
v: [32.32, 17.5, 22.05, 32.14, 15.33, 32.52, 30.62, 29.82, 33.69, 12.0, 16.97, 22.88, 11.7, 33.22]
a: [109.41, 142.36, 48.39, 158.28, 106.84, 78.8, 174.34, 133.77, 120.11, 50.0, 50.0, 114.08, 50.0, 146.64]
d: [3.5, 4.12, 5.51, 4.74, 3.92, 3.5, 5.29, 4.8, 3.5, 3.5, 3.87, 3.6, 4.62, 2.0]

iteration: 52
best: [5.78, 7.27, 10.49, 12.99, 15.45, 19.21, 27.65, 38.39, 39.46, 44.38, 46.22, 47.9, 50.88, 51.8]
time: [5.78, 7.36, 10.85, 16.52, 23.24, 26.24, 36.64, 39.7, 41.37, 1000, 1000, 1000, 1000, 1000]
current_hyper_parameter
v: [32.32, 23.97, 22.05, 32.14, 15.33, 34.0, 27.1, 30.6, 11.28, 29.27, 32.8, 30.03, 13.4, 33.22]
a: [109.41, 64.39, 48.39, 158.28, 106.84, 93.65, 64.73, 85.41, 49.32, 142.25, 136.87, 41.01, 50.0, 146.64]
d: [3.5, 4.12, 5.51, 4.74, 3.92, 3.75, 5.29, 4.8, 3.5, 3.5, 3.73, 4.19, 4.3, 2.0]
BEST_hyper_parameter
v: [32.32, 17.5, 22.05, 32.14, 15.33, 32.52, 30.62, 29.82, 33.69, 12.0, 16.97, 22.88, 11.7, 33.22]
a: [109.41, 142.36, 48.39, 158.28, 106.84, 78.8, 174.34, 133.77, 120.11, 50.0, 50.0, 114.08, 50.0, 146.64]
d: [3.5, 4.12, 5.51, 4.74, 3.92, 3.5, 5.29, 4.8, 3.5, 3.5, 3.87, 3.6, 4.62, 2.0]

iteration: 53
best: [5.78, 7.27, 10.49, 12.99, 15.45, 19.21, 27.65, 38.39, 39.46, 44.38, 46.22, 47.9, 50.88, 51.8]
time: [5.73, 7.22, 10.58, 12.82, 15.31, 19.27, 33.93, 36.51, 1000, 1000, 1000, 1000, 1000, 1000]
current_hyper_parameter
v: [32.32, 17.5, 22.05, 32.52, 29.95, 26.0, 31.16, 25.27, 33.46, 12.0, 15.11, 21.87, 11.7, 30.4]
a: [109.41, 142.36, 48.39, 158.28, 81.96, 78.8, 22.48, 133.77, 197.21, 50.0, 50.0, 83.46, 50.0, 146.64]
d: [3.5, 4.12, 5.51, 4.74, 3.88, 3.5, 5.9, 4.8, 3.5, 3.5, 3.87, 3.87, 4.62, 2.0]
BEST_hyper_parameter
v: [32.32, 17.5, 22.05, 32.14, 15.33, 32.52, 30.62, 29.82, 33.69, 12.0, 16.97, 22.88, 11.7, 33.22]
a: [109.41, 142.36, 48.39, 158.28, 106.84, 78.8, 174.34, 133.77, 120.11, 50.0, 50.0, 114.08, 50.0, 146.64]
d: [3.5, 4.12, 5.51, 4.74, 3.92, 3.5, 5.29, 4.8, 3.5, 3.5, 3.87, 3.6, 4.62, 2.0]
mutation at idx = 1

iteration: 54
best: [5.78, 7.27, 10.49, 12.99, 15.45, 19.21, 27.65, 38.39, 39.46, 44.38, 46.22, 47.9, 50.88, 51.8]
time: [5.78, 7.4, 10.98, 21.16, 24.53, 28.18, 36.74, 1000, 1000, 1000, 1000, 1000, 1000, 1000]
current_hyper_parameter
v: [32.32, 18.16, 22.05, 32.14, 15.33, 32.52, 30.62, 18.02, 33.69, 21.37, 18.26, 27.01, 31.91, 27.96]
a: [109.41, 46.65, 48.39, 158.28, 106.84, 78.8, 174.34, 133.77, 120.11, 88.33, 81.17, 50.19, 154.7, 146.64]
d: [3.5, 4.7, 5.51, 4.74, 3.92, 3.5, 5.29, 3.67, 3.5, 3.92, 3.87, 5.65, 3.75, 2.0]
BEST_hyper_parameter
v: [32.32, 17.5, 22.05, 32.14, 15.33, 32.52, 30.62, 29.82, 33.69, 12.0, 16.97, 22.88, 11.7, 33.22]
a: [109.41, 142.36, 48.39, 158.28, 106.84, 78.8, 174.34, 133.77, 120.11, 50.0, 50.0, 114.08, 50.0, 146.64]
d: [3.5, 4.12, 5.51, 4.74, 3.92, 3.5, 5.29, 4.8, 3.5, 3.5, 3.87, 3.6, 4.62, 2.0]

iteration: 55
best: [5.78, 7.27, 10.49, 12.99, 15.45, 19.21, 27.65, 38.39, 39.46, 44.38, 46.22, 47.9, 50.88, 51.8]
time: [5.77, 7.27, 10.85, 15.1, 21.39, 1000, 1000, 1000, 1000, 1000, 1000, 1000, 1000, 1000]
current_hyper_parameter
v: [32.32, 17.5, 29.49, 12.05, 15.33, 32.52, 32.26, 15.44, 19.26, 20.1, 11.93, 25.22, 11.7, 21.03]
a: [109.41, 142.36, 35.95, 37.37, 106.84, 78.8, 174.34, 173.76, 169.01, 125.28, 54.85, 114.08, 50.0, 146.64]
d: [3.5, 4.12, 5.51, 4.74, 3.92, 3.5, 5.29, 4.8, 3.5, 3.5, 5.47, 3.6, 4.62, 2.0]
BEST_hyper_parameter
v: [32.32, 17.5, 22.05, 32.14, 15.33, 32.52, 30.62, 29.82, 33.69, 12.0, 16.97, 22.88, 11.7, 33.22]
a: [109.41, 142.36, 48.39, 158.28, 106.84, 78.8, 174.34, 133.77, 120.11, 50.0, 50.0, 114.08, 50.0, 146.64]
d: [3.5, 4.12, 5.51, 4.74, 3.92, 3.5, 5.29, 4.8, 3.5, 3.5, 3.87, 3.6, 4.62, 2.0]

iteration: 56
best: [5.78, 7.27, 10.49, 12.99, 15.45, 19.21, 27.65, 38.39, 39.46, 44.38, 46.22, 47.9, 50.88, 51.8]
time: [5.77, 7.26, 10.48, 16.02, 20.03, 23.58, 36.03, 38.39, 39.43, 1000, 1000, 1000, 1000, 1000]
current_hyper_parameter
v: [32.32, 17.5, 22.05, 19.69, 15.33, 32.52, 17.74, 34.79, 33.69, 30.92, 29.58, 22.88, 11.7, 12.83]
a: [109.41, 142.36, 48.39, 112.71, 106.84, 78.8, 174.34, 133.77, 120.11, 50.0, 50.0, 114.08, 50.0, 146.64]
d: [3.5, 4.12, 5.51, 5.94, 3.92, 3.5, 4.52, 4.8, 3.5, 3.5, 3.6, 3.6, 4.62, 2.0]
BEST_hyper_parameter
v: [32.32, 17.5, 22.05, 32.14, 15.33, 32.52, 30.62, 29.82, 33.69, 12.0, 16.97, 22.88, 11.7, 33.22]
a: [109.41, 142.36, 48.39, 158.28, 106.84, 78.8, 174.34, 133.77, 120.11, 50.0, 50.0, 114.08, 50.0, 146.64]
d: [3.5, 4.12, 5.51, 4.74, 3.92, 3.5, 5.29, 4.8, 3.5, 3.5, 3.87, 3.6, 4.62, 2.0]

iteration: 57
best: [5.78, 7.27, 10.49, 12.99, 15.45, 19.21, 27.65, 38.39, 39.46, 44.38, 46.22, 47.9, 50.88, 51.8]
time: [5.76, 7.26, 10.52, 13.25, 1000, 1000, 1000, 1000, 1000, 1000, 1000, 1000, 1000, 1000]
current_hyper_parameter
v: [32.32, 17.5, 22.05, 19.97, 15.04, 32.52, 10.66, 29.82, 33.69, 19.5, 25.38, 26.37, 14.54, 23.0]
a: [109.41, 142.36, 48.39, 82.58, 26.7, 78.8, 41.04, 133.77, 120.11, 150.79, 170.55, 34.8, 115.67, 146.64]
d: [3.5, 4.12, 5.51, 3.73, 4.59, 3.5, 5.12, 4.8, 3.5, 4.56, 3.87, 3.65, 4.62, 2.0]
BEST_hyper_parameter
v: [32.32, 17.5, 22.05, 32.14, 15.33, 32.52, 30.62, 29.82, 33.69, 12.0, 16.97, 22.88, 11.7, 33.22]
a: [109.41, 142.36, 48.39, 158.28, 106.84, 78.8, 174.34, 133.77, 120.11, 50.0, 50.0, 114.08, 50.0, 146.64]
d: [3.5, 4.12, 5.51, 4.74, 3.92, 3.5, 5.29, 4.8, 3.5, 3.5, 3.87, 3.6, 4.62, 2.0]

iteration: 58
best: [5.78, 7.27, 10.49, 12.99, 15.45, 19.21, 27.65, 38.39, 39.46, 44.38, 46.22, 47.9, 50.88, 51.8]
time: [5.76, 7.26, 10.45, 1000, 1000, 1000, 1000, 1000, 1000, 1000, 1000, 1000, 1000, 1000]
current_hyper_parameter
v: [32.32, 17.5, 22.05, 32.14, 34.07, 18.98, 30.62, 20.23, 14.44, 12.73, 15.11, 18.07, 21.26, 11.61]
a: [109.41, 142.36, 48.39, 158.28, 106.84, 90.17, 174.34, 69.46, 50.05, 50.0, 25.36, 175.48, 59.54, 138.04]
d: [3.5, 4.12, 5.51, 4.74, 4.93, 4.68, 5.29, 4.29, 3.5, 3.98, 3.87, 3.72, 4.62, 2.0]
BEST_hyper_parameter
v: [32.32, 17.5, 22.05, 32.14, 15.33, 32.52, 30.62, 29.82, 33.69, 12.0, 16.97, 22.88, 11.7, 33.22]
a: [109.41, 142.36, 48.39, 158.28, 106.84, 78.8, 174.34, 133.77, 120.11, 50.0, 50.0, 114.08, 50.0, 146.64]
d: [3.5, 4.12, 5.51, 4.74, 3.92, 3.5, 5.29, 4.8, 3.5, 3.5, 3.87, 3.6, 4.62, 2.0]

iteration: 59
best: [5.78, 7.27, 10.49, 12.99, 15.45, 19.21, 27.65, 38.39, 39.46, 44.38, 46.22, 47.9, 50.88, 51.8]
time: [5.75, 7.25, 10.56, 12.81, 15.59, 20.27, 32.99, 1000, 1000, 1000, 1000, 1000, 1000, 1000]
current_hyper_parameter
v: [32.32, 17.5, 22.05, 32.14, 13.72, 20.72, 28.15, 23.51, 12.45, 14.7, 34.14, 22.88, 12.83, 34.41]
a: [109.41, 142.36, 48.39, 158.28, 96.75, 41.4, 51.61, 33.35, 120.11, 32.32, 99.05, 114.08, 95.26, 198.76]
d: [3.5, 4.12, 5.51, 4.74, 3.92, 4.96, 5.79, 4.8, 3.5, 4.07, 3.87, 3.6, 4.62, 2.0]
BEST_hyper_parameter
v: [32.32, 17.5, 22.05, 32.14, 15.33, 32.52, 30.62, 29.82, 33.69, 12.0, 16.97, 22.88, 11.7, 33.22]
a: [109.41, 142.36, 48.39, 158.28, 106.84, 78.8, 174.34, 133.77, 120.11, 50.0, 50.0, 114.08, 50.0, 146.64]
d: [3.5, 4.12, 5.51, 4.74, 3.92, 3.5, 5.29, 4.8, 3.5, 3.5, 3.87, 3.6, 4.62, 2.0]

iteration: 60
best: [5.78, 7.27, 10.49, 12.99, 15.45, 19.21, 27.65, 38.39, 39.46, 44.38, 46.22, 47.9, 50.88, 51.8]
time: [5.72, 7.23, 10.45, 15.67, 26.32, 29.56, 40.52, 43.0, 48.74, 52.22, 1000, 1000, 1000, 1000]
current_hyper_parameter
v: [32.32, 17.5, 22.05, 32.14, 15.33, 32.52, 22.41, 29.82, 33.69, 12.0, 29.37, 19.6, 27.71, 19.55]
a: [109.41, 142.36, 48.39, 158.28, 106.84, 78.8, 174.34, 133.77, 120.11, 50.0, 28.77, 158.82, 130.05, 144.46]
d: [3.5, 4.12, 5.51, 4.74, 3.92, 3.5, 3.81, 4.8, 3.5, 3.5, 3.87, 5.08, 4.62, 2.0]
BEST_hyper_parameter
v: [32.32, 17.5, 22.05, 32.14, 15.33, 32.52, 30.62, 29.82, 33.69, 12.0, 16.97, 22.88, 11.7, 33.22]
a: [109.41, 142.36, 48.39, 158.28, 106.84, 78.8, 174.34, 133.77, 120.11, 50.0, 50.0, 114.08, 50.0, 146.64]
d: [3.5, 4.12, 5.51, 4.74, 3.92, 3.5, 5.29, 4.8, 3.5, 3.5, 3.87, 3.6, 4.62, 2.0]
mutation at idx = 2

iteration: 61
best: [5.78, 7.27, 10.49, 12.99, 15.45, 19.21, 27.65, 38.39, 39.46, 44.38, 46.22, 47.9, 50.88, 51.8]
time: [5.76, 7.24, 10.49, 13.66, 33.45, 51.42, 1000, 1000, 1000, 1000, 1000, 1000, 1000, 1000]
current_hyper_parameter
v: [32.32, 17.5, 21.26, 30.99, 29.61, 33.41, 30.62, 14.0, 32.46, 12.0, 19.74, 19.22, 18.4, 33.6]
a: [109.41, 142.36, 48.39, 47.86, 83.96, 68.56, 174.34, 131.59, 184.93, 50.0, 177.03, 91.0, 108.97, 146.64]
d: [3.5, 4.12, 5.51, 4.31, 3.92, 3.5, 5.29, 4.8, 3.5, 3.5, 5.42, 4.19, 4.62, 2.0]
BEST_hyper_parameter
v: [32.32, 17.5, 22.05, 32.14, 15.33, 32.52, 30.62, 29.82, 33.69, 12.0, 16.97, 22.88, 11.7, 33.22]
a: [109.41, 142.36, 48.39, 158.28, 106.84, 78.8, 174.34, 133.77, 120.11, 50.0, 50.0, 114.08, 50.0, 146.64]
d: [3.5, 4.12, 5.51, 4.74, 3.92, 3.5, 5.29, 4.8, 3.5, 3.5, 3.87, 3.6, 4.62, 2.0]

iteration: 62
best: [5.78, 7.27, 10.49, 12.99, 15.45, 19.21, 27.65, 38.39, 39.46, 44.38, 46.22, 47.9, 50.88, 51.8]
time: [5.76, 7.26, 10.52, 13.93, 18.02, 20.75, 28.75, 1000, 1000, 1000, 1000, 1000, 1000, 1000]
current_hyper_parameter
v: [32.32, 17.5, 22.05, 11.36, 16.82, 32.52, 34.81, 29.82, 33.69, 34.33, 16.97, 14.98, 30.21, 14.54]
a: [109.41, 142.36, 48.39, 74.66, 36.45, 78.8, 174.34, 133.77, 120.11, 52.9, 50.0, 197.12, 111.51, 179.19]
d: [3.5, 4.12, 5.51, 5.9, 3.92, 3.5, 3.64, 4.8, 3.5, 3.5, 3.87, 4.08, 3.63, 2.0]
BEST_hyper_parameter
v: [32.32, 17.5, 22.05, 32.14, 15.33, 32.52, 30.62, 29.82, 33.69, 12.0, 16.97, 22.88, 11.7, 33.22]
a: [109.41, 142.36, 48.39, 158.28, 106.84, 78.8, 174.34, 133.77, 120.11, 50.0, 50.0, 114.08, 50.0, 146.64]
d: [3.5, 4.12, 5.51, 4.74, 3.92, 3.5, 5.29, 4.8, 3.5, 3.5, 3.87, 3.6, 4.62, 2.0]

iteration: 63
best: [5.78, 7.27, 10.49, 12.99, 15.45, 19.21, 27.65, 38.39, 39.46, 44.38, 46.22, 47.9, 50.88, 51.8]
time: [5.76, 7.25, 10.49, 13.41, 15.78, 20.64, 34.36, 36.77, 41.94, 45.6, 1000, 1000, 1000, 1000]
current_hyper_parameter
v: [32.32, 17.5, 22.05, 33.85, 32.62, 10.61, 28.59, 33.9, 20.32, 28.71, 32.16, 16.78, 34.22, 33.22]
a: [109.41, 142.36, 48.39, 53.28, 106.84, 92.46, 34.89, 133.77, 120.11, 50.0, 50.0, 114.08, 160.6, 146.64]
d: [3.5, 4.12, 5.51, 4.87, 3.92, 3.5, 5.29, 4.17, 3.5, 3.5, 4.54, 3.6, 4.62, 2.0]
BEST_hyper_parameter
v: [32.32, 17.5, 22.05, 32.14, 15.33, 32.52, 30.62, 29.82, 33.69, 12.0, 16.97, 22.88, 11.7, 33.22]
a: [109.41, 142.36, 48.39, 158.28, 106.84, 78.8, 174.34, 133.77, 120.11, 50.0, 50.0, 114.08, 50.0, 146.64]
d: [3.5, 4.12, 5.51, 4.74, 3.92, 3.5, 5.29, 4.8, 3.5, 3.5, 3.87, 3.6, 4.62, 2.0]

iteration: 64
best: [5.78, 7.27, 10.49, 12.99, 15.45, 19.21, 27.65, 38.39, 39.46, 44.38, 46.22, 47.9, 50.88, 51.8]
time: [5.77, 7.26, 10.57, 12.83, 1000, 1000, 1000, 1000, 1000, 1000, 1000, 1000, 1000, 1000]
current_hyper_parameter
v: [32.32, 17.5, 22.05, 32.14, 14.99, 23.95, 30.62, 23.47, 11.02, 18.71, 11.13, 22.88, 12.43, 33.22]
a: [109.41, 142.36, 48.39, 158.28, 31.75, 65.58, 174.34, 133.77, 120.11, 98.1, 184.27, 114.08, 116.4, 146.64]
d: [3.5, 4.12, 5.51, 4.74, 4.4, 3.5, 5.29, 4.8, 3.5, 3.5, 3.87, 3.6, 5.24, 2.0]
BEST_hyper_parameter
v: [32.32, 17.5, 22.05, 32.14, 15.33, 32.52, 30.62, 29.82, 33.69, 12.0, 16.97, 22.88, 11.7, 33.22]
a: [109.41, 142.36, 48.39, 158.28, 106.84, 78.8, 174.34, 133.77, 120.11, 50.0, 50.0, 114.08, 50.0, 146.64]
d: [3.5, 4.12, 5.51, 4.74, 3.92, 3.5, 5.29, 4.8, 3.5, 3.5, 3.87, 3.6, 4.62, 2.0]
mutation at idx = 0

iteration: 65
best: [5.78, 7.27, 10.49, 12.99, 15.45, 19.21, 27.65, 38.39, 39.46, 44.38, 46.22, 47.9, 50.88, 51.8]
time: [6.16, 7.83, 11.08, 13.33, 16.01, 33.75, 43.94, 1000, 1000, 1000, 1000, 1000, 1000, 1000]
current_hyper_parameter
v: [13.45, 17.5, 22.05, 32.14, 15.33, 32.52, 24.89, 18.89, 33.69, 31.53, 27.77, 22.47, 10.72, 21.66]
a: [76.01, 142.36, 48.39, 158.28, 106.84, 78.8, 174.34, 133.77, 120.11, 140.58, 50.0, 177.61, 139.0, 146.64]
d: [3.7, 4.12, 5.51, 4.74, 3.92, 3.5, 3.75, 4.8, 3.5, 3.5, 5.84, 3.6, 4.62, 2.0]
BEST_hyper_parameter
v: [32.32, 17.5, 22.05, 32.14, 15.33, 32.52, 30.62, 29.82, 33.69, 12.0, 16.97, 22.88, 11.7, 33.22]
a: [109.41, 142.36, 48.39, 158.28, 106.84, 78.8, 174.34, 133.77, 120.11, 50.0, 50.0, 114.08, 50.0, 146.64]
d: [3.5, 4.12, 5.51, 4.74, 3.92, 3.5, 5.29, 4.8, 3.5, 3.5, 3.87, 3.6, 4.62, 2.0]

iteration: 66
best: [5.78, 7.27, 10.49, 12.99, 15.45, 19.21, 27.65, 38.39, 39.46, 44.38, 46.22, 47.9, 50.88, 51.8]
time: [6.23, 8.14, 11.71, 18.76, 26.24, 28.96, 43.57, 1000, 1000, 1000, 1000, 1000, 1000, 1000]
current_hyper_parameter
v: [25.09, 13.22, 18.02, 24.01, 15.33, 31.17, 18.27, 28.09, 33.69, 12.0, 16.97, 32.48, 16.95, 33.22]
a: [59.13, 114.63, 48.39, 122.96, 106.84, 88.62, 48.08, 22.19, 120.11, 50.0, 50.0, 114.08, 50.0, 146.64]
d: [3.5, 3.85, 5.51, 4.74, 3.92, 3.5, 5.34, 5.25, 3.5, 3.5, 3.87, 4.12, 4.62, 2.0]
BEST_hyper_parameter
v: [32.32, 17.5, 22.05, 32.14, 15.33, 32.52, 30.62, 29.82, 33.69, 12.0, 16.97, 22.88, 11.7, 33.22]
a: [109.41, 142.36, 48.39, 158.28, 106.84, 78.8, 174.34, 133.77, 120.11, 50.0, 50.0, 114.08, 50.0, 146.64]
d: [3.5, 4.12, 5.51, 4.74, 3.92, 3.5, 5.29, 4.8, 3.5, 3.5, 3.87, 3.6, 4.62, 2.0]

iteration: 67
best: [5.78, 7.27, 10.49, 12.99, 15.45, 19.21, 27.65, 38.39, 39.46, 44.38, 46.22, 47.9, 50.88, 51.8]
time: [7.73, 9.53, 12.88, 18.34, 25.28, 1000, 1000, 1000, 1000, 1000, 1000, 1000, 1000, 1000]
current_hyper_parameter
v: [10.57, 17.5, 12.09, 25.62, 23.93, 32.52, 30.62, 29.82, 23.62, 12.66, 16.97, 19.54, 12.95, 33.22]
a: [21.93, 142.36, 48.39, 158.28, 106.84, 78.8, 174.34, 133.77, 60.76, 175.22, 50.0, 86.8, 76.12, 146.64]
d: [3.5, 4.12, 5.51, 4.07, 3.92, 3.5, 5.29, 4.8, 4.43, 4.57, 3.87, 4.89, 5.01, 2.0]
BEST_hyper_parameter
v: [32.32, 17.5, 22.05, 32.14, 15.33, 32.52, 30.62, 29.82, 33.69, 12.0, 16.97, 22.88, 11.7, 33.22]
a: [109.41, 142.36, 48.39, 158.28, 106.84, 78.8, 174.34, 133.77, 120.11, 50.0, 50.0, 114.08, 50.0, 146.64]
d: [3.5, 4.12, 5.51, 4.74, 3.92, 3.5, 5.29, 4.8, 3.5, 3.5, 3.87, 3.6, 4.62, 2.0]

iteration: 68
best: [5.78, 7.27, 10.49, 12.99, 15.45, 19.21, 27.65, 38.39, 39.46, 44.38, 46.22, 47.9, 50.88, 51.8]
time: [5.77, 7.11, 10.23, 1000, 1000, 1000, 1000, 1000, 1000, 1000, 1000, 1000, 1000, 1000]
current_hyper_parameter
v: [27.51, 32.18, 11.92, 25.13, 15.33, 24.9, 30.62, 29.82, 21.25, 29.68, 16.97, 21.66, 31.69, 16.42]
a: [132.31, 98.31, 52.68, 190.98, 106.84, 130.08, 174.34, 133.77, 128.33, 50.0, 50.0, 180.56, 168.3, 34.82]
d: [4.46, 4.12, 5.51, 5.53, 3.92, 3.5, 5.29, 4.8, 3.5, 3.5, 3.87, 5.27, 4.62, 2.0]
BEST_hyper_parameter
v: [32.32, 17.5, 22.05, 32.14, 15.33, 32.52, 30.62, 29.82, 33.69, 12.0, 16.97, 22.88, 11.7, 33.22]
a: [109.41, 142.36, 48.39, 158.28, 106.84, 78.8, 174.34, 133.77, 120.11, 50.0, 50.0, 114.08, 50.0, 146.64]
d: [3.5, 4.12, 5.51, 4.74, 3.92, 3.5, 5.29, 4.8, 3.5, 3.5, 3.87, 3.6, 4.62, 2.0]
mutation at idx = 2

iteration: 69
best: [5.78, 7.27, 10.49, 12.99, 15.45, 19.21, 27.65, 38.39, 39.46, 44.38, 46.22, 47.9, 50.88, 51.8]
time: [5.73, 7.24, 10.56, 13.36, 1000, 1000, 1000, 1000, 1000, 1000, 1000, 1000, 1000, 1000]
current_hyper_parameter
v: [32.32, 17.5, 29.8, 14.4, 26.26, 31.15, 22.94, 12.57, 17.83, 12.0, 12.42, 20.83, 22.68, 29.36]
a: [109.41, 142.36, 48.39, 166.89, 106.84, 62.63, 181.12, 133.77, 104.39, 50.0, 50.0, 118.2, 68.92, 166.31]
d: [3.5, 4.12, 4.34, 5.82, 3.92, 3.5, 5.52, 4.69, 5.37, 3.5, 5.87, 3.6, 5.1, 2.0]
BEST_hyper_parameter
v: [32.32, 17.5, 22.05, 32.14, 15.33, 32.52, 30.62, 29.82, 33.69, 12.0, 16.97, 22.88, 11.7, 33.22]
a: [109.41, 142.36, 48.39, 158.28, 106.84, 78.8, 174.34, 133.77, 120.11, 50.0, 50.0, 114.08, 50.0, 146.64]
d: [3.5, 4.12, 5.51, 4.74, 3.92, 3.5, 5.29, 4.8, 3.5, 3.5, 3.87, 3.6, 4.62, 2.0]
mutation at idx = 0
