iteration: 1, best:[5.81, 7.05, 9.5, 11.67, 14.33, 17.37, 28.46, 31.95, 34.52, 36.26, 39.09, 44.93, 46.47, 47.73]
time: [5.77, 7.13, 9.59, 12.15, 18.41, 21.0, 31.09, 34.19, 35.71, 37.46, 1000, 1000, 1000, 1000]
v: [14.78, 31.76, 27.34, 13.47, 15.21, 32.34, 25.06, 15.31, 28.34, 29.81, 18.83, 11.1, 32.79, 18.19]
a: [195.0, 122.79, 88.06, 139.97, 74.94, 171.12, 97.03, 113.04, 148.13, 72.02, 124.21, 54.71, 123.34, 151.6]
d: [5.27, 5.24, 4.36, 3.5, 4.71, 4.67, 3.73, 3.93, 4.63, 4.88, 5.15, 5.94, 3.5, 2.0]

iteration: 2, best:[5.81, 7.05, 9.5, 11.67, 14.33, 17.37, 28.46, 31.95, 34.52, 36.26, 39.09, 44.93, 46.47, 47.73]
time: [5.82, 7.19, 9.8, 12.44, 18.5, 20.76, 39.59, 42.53, 1000, 1000, 1000, 1000, 1000, 1000]
v: [14.78, 31.76, 27.34, 13.47, 15.21, 34.65, 12.42, 18.19, 22.05, 29.81, 18.83, 34.64, 32.79, 28.14]
a: [195.0, 122.79, 88.06, 139.97, 74.94, 178.62, 158.93, 116.31, 137.29, 72.02, 124.21, 54.71, 123.34, 177.9]
d: [5.27, 5.24, 4.36, 3.5, 4.71, 5.53, 4.12, 5.92, 4.63, 4.88, 5.15, 5.94, 3.5, 2.0]

iteration: 3, best:[5.81, 7.05, 9.5, 11.67, 14.33, 17.37, 28.46, 31.95, 34.52, 36.26, 39.09, 44.93, 46.47, 47.73]
time: [5.81, 7.13, 9.56, 11.66, 25.69, 1000, 1000, 1000, 1000, 1000, 1000, 1000, 1000, 1000]
v: [14.78, 31.76, 27.34, 25.92, 25.62, 10.7, 32.16, 13.87, 24.4, 32.15, 29.73, 11.1, 32.79, 18.19]
a: [195.0, 122.79, 88.06, 175.81, 74.94, 171.12, 25.03, 122.87, 76.19, 72.02, 50.47, 54.71, 123.34, 151.6]
d: [5.27, 5.24, 4.36, 3.5, 4.71, 4.67, 4.36, 4.05, 4.63, 5.2, 5.6, 5.94, 3.5, 2.0]

iteration: 4, best:[5.81, 7.05, 9.5, 11.67, 14.33, 17.37, 28.46, 31.95, 34.52, 36.26, 39.09, 44.93, 46.47, 47.73]
time: [5.87, 7.23, 9.85, 15.92, 22.28, 25.52, 37.06, 39.92, 41.07, 1000, 1000, 1000, 1000, 1000]
v: [14.78, 31.76, 27.34, 13.47, 20.41, 24.91, 16.75, 21.69, 28.27, 10.68, 11.88, 11.1, 26.51, 18.19]
a: [195.0, 122.79, 88.06, 139.97, 159.78, 174.85, 97.03, 113.04, 189.58, 155.6, 124.21, 54.71, 82.64, 151.6]
d: [5.27, 5.24, 4.36, 3.5, 5.54, 4.62, 3.77, 3.93, 4.63, 4.88, 5.15, 5.94, 3.5, 2.0]

iteration: 5, best:[5.81, 7.05, 9.5, 11.67, 14.33, 17.37, 28.46, 31.95, 34.52, 36.26, 39.09, 44.93, 46.47, 47.73]
time: [5.87, 7.22, 9.88, 12.42, 1000, 1000, 1000, 1000, 1000, 1000, 1000, 1000, 1000, 1000]
v: [14.78, 31.76, 27.34, 26.97, 31.34, 32.98, 29.72, 20.87, 21.7, 29.81, 13.32, 26.35, 10.73, 18.19]
a: [195.0, 122.79, 88.06, 86.84, 21.65, 141.32, 128.88, 133.18, 166.87, 72.02, 160.62, 33.66, 69.54, 151.6]
d: [5.27, 5.24, 4.36, 4.45, 5.1, 3.6, 5.94, 3.83, 3.65, 4.88, 4.14, 5.94, 4.26, 2.0]

iteration: 6, best:[5.81, 7.05, 9.5, 11.67, 14.33, 17.37, 28.46, 31.95, 34.52, 36.26, 39.09, 44.93, 46.47, 47.73]
time: [5.91, 7.25, 9.74, 12.1, 24.1, 27.68, 43.74, 46.39, 1000, 1000, 1000, 1000, 1000, 1000]
v: [14.78, 31.76, 23.65, 27.79, 15.21, 31.9, 15.89, 31.65, 25.47, 27.69, 18.83, 17.39, 17.85, 29.52]
a: [195.0, 122.79, 88.06, 91.57, 74.94, 47.06, 122.35, 143.28, 103.76, 128.13, 124.21, 54.71, 104.8, 68.63]
d: [5.27, 5.24, 4.36, 3.5, 4.71, 4.67, 3.73, 4.42, 5.03, 5.89, 5.15, 5.94, 3.5, 2.0]

iteration: 7, best:[5.81, 7.05, 9.5, 11.67, 14.33, 17.37, 28.46, 31.95, 34.52, 36.26, 39.09, 44.93, 46.47, 47.73]
time: [5.86, 7.23, 9.88, 12.75, 18.76, 21.68, 32.59, 35.59, 1000, 1000, 1000, 1000, 1000, 1000]
v: [14.78, 31.76, 27.34, 13.47, 17.16, 26.05, 22.07, 21.63, 11.28, 30.44, 18.83, 28.51, 32.15, 25.45]
a: [195.0, 122.79, 88.06, 139.97, 109.85, 171.12, 45.82, 113.04, 55.68, 99.0, 124.21, 135.36, 123.34, 151.6]
d: [5.27, 5.24, 4.36, 3.5, 4.71, 5.76, 4.72, 3.93, 4.63, 4.15, 5.15, 5.94, 5.41, 2.0]

mutation at idx = 0
iteration: 8, best:[5.81, 7.05, 9.5, 11.67, 14.33, 17.37, 28.46, 31.95, 34.52, 36.26, 39.09, 44.93, 46.47, 47.73]
time: [5.68, 6.97, 9.58, 11.75, 17.54, 27.97, 48.99, 1000, 1000, 1000, 1000, 1000, 1000, 1000]
v: [32.65, 31.76, 19.56, 34.36, 33.2, 21.26, 13.46, 31.28, 25.26, 29.81, 18.83, 11.1, 32.22, 18.19]
a: [153.75, 122.79, 87.25, 139.97, 189.16, 28.84, 169.01, 31.36, 148.13, 72.02, 124.21, 54.71, 123.34, 151.6]
d: [5.28, 5.24, 4.36, 3.5, 5.99, 3.67, 3.73, 5.37, 5.38, 4.88, 5.15, 5.94, 3.5, 2.0]

iteration: 9, best:[5.81, 7.05, 9.5, 11.67, 14.33, 17.37, 28.46, 31.95, 34.52, 36.26, 39.09, 44.93, 46.47, 47.73]
time: [5.88, 7.24, 9.77, 12.64, 22.76, 25.62, 34.08, 37.26, 38.73, 48.05, 1000, 1000, 1000, 1000]
v: [14.78, 31.76, 27.34, 13.47, 15.21, 24.24, 32.85, 15.31, 19.0, 23.29, 18.83, 29.74, 11.99, 19.43]
a: [195.0, 122.79, 88.06, 139.97, 74.94, 171.12, 97.03, 113.04, 192.95, 35.94, 124.21, 74.39, 123.34, 151.6]
d: [5.27, 5.24, 4.36, 3.5, 4.71, 5.45, 3.73, 3.93, 4.63, 4.88, 5.15, 5.03, 3.5, 2.0]

mutation at idx = 1
iteration: 10, best:[5.81, 7.05, 9.5, 11.67, 14.33, 17.37, 28.46, 31.95, 34.52, 36.26, 39.09, 44.93, 46.47, 47.73]
time: [5.93, 7.98, 11.08, 13.84, 20.0, 22.27, 35.08, 37.7, 46.72, 1000, 1000, 1000, 1000, 1000]
v: [14.78, 11.76, 27.34, 13.47, 15.21, 28.66, 26.42, 30.4, 21.17, 30.64, 18.83, 30.25, 17.77, 15.54]
a: [195.0, 45.09, 88.06, 139.97, 74.94, 171.12, 99.21, 109.71, 148.13, 148.2, 124.21, 97.96, 164.81, 69.76]
d: [5.27, 4.19, 4.36, 3.5, 4.71, 4.67, 3.73, 5.99, 5.23, 4.88, 5.15, 5.94, 3.5, 2.0]

iteration: 11, best:[5.81, 7.05, 9.5, 11.67, 14.33, 17.37, 28.46, 31.95, 34.52, 36.26, 39.09, 44.93, 46.47, 47.73]
time: [5.81, 7.12, 10.26, 12.73, 18.75, 21.51, 29.2, 1000, 1000, 1000, 1000, 1000, 1000, 1000]
v: [14.78, 34.21, 10.56, 21.59, 13.12, 32.34, 32.63, 14.98, 34.59, 29.81, 17.69, 28.08, 16.12, 13.38]
a: [195.0, 124.77, 75.48, 126.83, 140.43, 171.12, 175.85, 113.04, 122.99, 72.02, 124.21, 54.71, 198.8, 194.44]
d: [5.27, 3.74, 4.36, 4.27, 4.06, 4.67, 4.73, 3.93, 3.98, 4.88, 5.16, 5.94, 4.87, 2.0]

iteration: 12, best:[5.81, 7.05, 9.5, 11.67, 14.33, 17.37, 28.46, 31.95, 34.52, 36.26, 39.09, 44.93, 46.47, 47.73]
time: [5.86, 7.24, 9.86, 12.55, 17.86, 21.54, 35.08, 38.49, 39.83, 41.55, 1000, 1000, 1000, 1000]
v: [14.78, 31.76, 30.61, 30.2, 32.62, 16.52, 16.31, 10.98, 28.34, 29.81, 24.81, 27.64, 30.63, 18.19]
a: [195.0, 122.79, 88.06, 69.72, 125.65, 106.22, 97.03, 113.04, 148.13, 72.02, 124.21, 54.71, 123.34, 151.6]
d: [5.27, 5.24, 4.36, 3.5, 4.71, 3.99, 5.43, 4.55, 4.63, 4.88, 5.78, 5.94, 3.58, 2.0]

iteration: 13, best:[5.81, 7.05, 9.5, 11.67, 14.33, 17.37, 28.46, 31.95, 34.52, 36.26, 39.09, 44.93, 46.47, 47.73]
time: [5.89, 7.2, 9.52, 12.06, 17.74, 21.51, 34.11, 37.21, 38.7, 40.27, 41.75, 43.38, 46.5, 47.5]
v: [14.78, 31.76, 32.02, 13.89, 19.08, 30.42, 18.82, 23.92, 20.36, 29.81, 18.83, 32.82, 22.81, 18.19]
a: [195.0, 122.79, 98.97, 139.97, 99.65, 71.97, 194.77, 68.79, 194.07, 72.02, 124.21, 105.08, 38.18, 151.6]
d: [5.27, 5.24, 4.36, 3.86, 4.07, 4.19, 5.77, 4.2, 5.69, 4.88, 5.15, 3.52, 5.71, 2.0]

iteration: 14, best:[5.81, 7.05, 9.5, 11.67, 14.33, 17.37, 28.46, 31.95, 34.52, 36.26, 39.09, 43.38, 46.47, 47.5]
time: [5.87, 7.23, 9.78, 15.84, 19.34, 23.26, 35.45, 38.3, 39.73, 44.32, 53.69, 1000, 1000, 1000]
v: [14.78, 31.76, 32.02, 13.89, 19.08, 30.42, 18.82, 23.92, 20.36, 29.81, 30.58, 32.82, 22.81, 18.19]
a: [195.0, 122.79, 98.97, 139.97, 99.65, 71.97, 194.77, 68.79, 194.07, 72.02, 112.33, 105.08, 38.18, 151.6]
d: [5.27, 5.24, 4.36, 3.86, 4.07, 4.19, 5.77, 4.2, 5.69, 4.88, 3.83, 3.52, 5.71, 2.0]

mutation at idx = 0
mutation at idx = 1
iteration: 15, best:[5.81, 7.05, 9.5, 11.67, 14.33, 17.37, 28.46, 31.95, 34.52, 36.26, 39.09, 43.38, 46.47, 47.5]
time: [5.87, 7.39, 9.98, 1000, 1000, 1000, 1000, 1000, 1000, 1000, 1000, 1000, 1000, 1000]
v: [15.14, 19.55, 32.02, 28.51, 13.23, 19.39, 30.02, 15.87, 20.36, 29.81, 11.79, 30.56, 19.69, 18.19]
a: [195.0, 112.16, 98.97, 147.52, 99.65, 172.21, 177.44, 137.15, 194.07, 72.02, 114.82, 198.69, 22.19, 151.6]
d: [3.59, 5.24, 4.36, 4.34, 3.79, 4.19, 5.14, 4.2, 5.69, 4.88, 5.15, 3.52, 5.71, 2.0]

iteration: 16, best:[5.81, 7.05, 9.5, 11.67, 14.33, 17.37, 28.46, 31.95, 34.52, 36.26, 39.09, 43.38, 46.47, 47.5]
time: [5.88, 7.24, 1000, 1000, 1000, 1000, 1000, 1000, 1000, 1000, 1000, 1000, 1000, 1000]
v: [14.78, 30.62, 32.96, 18.29, 19.08, 30.42, 23.05, 23.92, 16.67, 33.93, 16.43, 32.82, 19.61, 25.11]
a: [195.0, 122.79, 30.93, 56.1, 99.65, 71.97, 194.77, 68.79, 193.98, 117.51, 41.31, 105.08, 38.18, 194.82]
d: [5.27, 5.24, 4.36, 4.08, 4.07, 4.19, 4.65, 4.2, 5.44, 3.99, 4.73, 3.52, 5.71, 2.0]

iteration: 17, best:[5.81, 7.05, 9.5, 11.67, 14.33, 17.37, 28.46, 31.95, 34.52, 36.26, 39.09, 43.38, 46.47, 47.5]
time: [5.82, 7.17, 9.69, 12.41, 15.28, 19.18, 35.32, 46.09, 1000, 1000, 1000, 1000, 1000, 1000]
v: [14.78, 31.76, 20.28, 23.94, 19.08, 30.42, 11.84, 14.98, 11.54, 25.27, 28.39, 32.82, 26.88, 20.24]
a: [195.0, 122.79, 153.32, 55.08, 99.65, 71.97, 194.77, 128.88, 157.8, 193.04, 124.21, 105.08, 191.25, 98.15]
d: [5.27, 5.24, 4.36, 3.9, 4.07, 4.19, 5.0, 5.36, 5.69, 4.16, 5.25, 3.52, 4.42, 2.0]

iteration: 18, best:[5.81, 7.05, 9.5, 11.67, 14.33, 17.37, 28.46, 31.95, 34.52, 36.26, 39.09, 43.38, 46.47, 47.5]
time: [5.87, 7.24, 9.78, 15.68, 22.27, 25.96, 37.83, 40.84, 42.17, 46.76, 1000, 1000, 1000, 1000]
v: [14.78, 31.76, 32.02, 15.52, 19.08, 13.77, 23.47, 23.92, 22.33, 28.04, 18.83, 17.47, 22.81, 29.25]
a: [195.0, 122.79, 98.97, 139.97, 99.65, 71.97, 87.34, 68.79, 194.07, 72.02, 124.21, 182.5, 38.18, 151.6]
d: [5.27, 5.24, 4.36, 3.86, 4.07, 4.19, 5.77, 4.2, 4.71, 4.88, 5.15, 4.87, 5.71, 2.0]

mutation at idx = 2
iteration: 19, best:[5.81, 7.05, 9.5, 11.67, 14.33, 17.37, 28.46, 31.95, 34.52, 36.26, 39.09, 43.38, 46.47, 47.5]
time: [5.89, 7.25, 9.74, 11.73, 29.65, 45.13, 1000, 1000, 1000, 1000, 1000, 1000, 1000, 1000]
v: [14.78, 31.76, 32.46, 33.44, 19.88, 29.35, 18.82, 23.92, 13.67, 12.76, 13.83, 17.49, 17.05, 14.21]
a: [195.0, 122.79, 98.97, 121.16, 99.65, 95.27, 194.77, 68.79, 174.41, 190.48, 24.42, 29.32, 102.96, 120.63]
d: [5.27, 5.24, 5.88, 4.54, 5.47, 4.19, 5.77, 4.2, 5.69, 4.88, 5.28, 3.52, 4.07, 2.0]

iteration: 20, best:[5.81, 7.05, 9.5, 11.67, 14.33, 17.37, 28.46, 31.95, 34.52, 36.26, 39.09, 43.38, 46.47, 47.5]
time: [5.89, 7.28, 9.66, 16.02, 29.77, 1000, 1000, 1000, 1000, 1000, 1000, 1000, 1000, 1000]
v: [14.78, 31.76, 32.02, 13.89, 16.69, 18.38, 21.06, 31.65, 20.91, 28.09, 18.83, 17.4, 32.19, 24.93]
a: [195.0, 122.79, 98.97, 139.97, 172.49, 56.83, 194.88, 169.21, 63.86, 81.26, 124.21, 105.08, 109.01, 151.6]
d: [5.27, 5.24, 4.36, 3.86, 4.07, 3.7, 5.77, 4.2, 5.69, 4.88, 5.15, 3.52, 3.96, 2.0]

iteration: 21, best:[5.81, 7.05, 9.5, 11.67, 14.33, 17.37, 28.46, 31.95, 34.52, 36.26, 39.09, 43.38, 46.47, 47.5]
time: [5.88, 7.24, 9.67, 11.96, 26.24, 1000, 1000, 1000, 1000, 1000, 1000, 1000, 1000, 1000]
v: [14.78, 31.76, 32.02, 30.87, 12.3, 12.55, 22.17, 23.92, 32.04, 21.72, 24.45, 18.29, 19.12, 18.19]
a: [195.0, 122.79, 98.97, 99.35, 79.15, 131.11, 82.43, 68.79, 194.07, 41.02, 124.21, 45.08, 45.4, 151.6]
d: [5.27, 5.24, 4.36, 3.86, 4.07, 5.9, 5.77, 4.2, 5.38, 4.96, 5.15, 5.34, 5.71, 2.0]

iteration: 22, best:[5.81, 7.05, 9.5, 11.67, 14.33, 17.37, 28.46, 31.95, 34.52, 36.26, 39.09, 43.38, 46.47, 47.5]
time: [5.89, 7.23, 9.76, 12.34, 18.13, 21.91, 32.44, 36.01, 37.46, 46.6, 47.95, 1000, 1000, 1000]
v: [14.78, 31.76, 32.02, 13.89, 19.08, 30.42, 24.76, 21.12, 30.87, 10.93, 32.07, 23.67, 22.66, 24.1]
a: [195.0, 122.79, 98.97, 139.97, 99.65, 71.97, 159.64, 68.79, 194.07, 85.32, 124.21, 107.25, 128.69, 107.51]
d: [5.27, 5.24, 4.36, 3.86, 4.07, 4.19, 5.77, 4.1, 5.69, 4.88, 5.15, 3.52, 5.4, 2.0]

iteration: 23, best:[5.81, 7.05, 9.5, 11.67, 14.33, 17.37, 28.46, 31.95, 34.52, 36.26, 39.09, 43.38, 46.47, 47.5]
time: [5.87, 7.25, 9.76, 12.26, 22.73, 34.22, 43.62, 1000, 1000, 1000, 1000, 1000, 1000, 1000]
v: [14.78, 31.76, 32.02, 23.23, 11.39, 33.18, 27.03, 19.94, 20.47, 14.16, 33.07, 32.82, 15.6, 32.1]
a: [195.0, 122.79, 98.97, 116.91, 99.65, 76.66, 194.77, 68.79, 78.92, 72.02, 27.58, 105.08, 117.8, 193.9]
d: [5.27, 5.24, 4.36, 3.86, 4.07, 4.78, 5.77, 4.2, 5.69, 4.88, 5.35, 3.52, 4.39, 2.0]

iteration: 24, best:[5.81, 7.05, 9.5, 11.67, 14.33, 17.37, 28.46, 31.95, 34.52, 36.26, 39.09, 43.38, 46.47, 47.5]
time: [5.87, 7.24, 9.64, 11.65, 1000, 1000, 1000, 1000, 1000, 1000, 1000, 1000, 1000, 1000]
v: [14.78, 31.76, 32.02, 30.55, 20.04, 34.1, 18.82, 12.93, 23.68, 29.81, 15.88, 25.57, 22.81, 13.56]
a: [195.0, 122.79, 98.97, 139.97, 101.07, 143.8, 194.77, 76.08, 60.41, 72.02, 53.1, 105.08, 38.18, 148.96]
d: [5.27, 5.24, 4.36, 4.12, 4.41, 5.57, 5.77, 4.2, 5.69, 4.88, 5.15, 3.52, 5.71, 2.0]

iteration: 25, best:[5.81, 7.05, 9.5, 11.67, 14.33, 17.37, 28.46, 31.95, 34.52, 36.26, 39.09, 43.38, 46.47, 47.5]
time: [5.89, 7.28, 9.81, 15.71, 23.4, 26.63, 39.07, 41.85, 1000, 1000, 1000, 1000, 1000, 1000]
v: [14.78, 31.76, 32.02, 13.89, 26.53, 12.08, 18.82, 23.92, 20.36, 14.99, 15.43, 27.52, 22.81, 14.34]
a: [195.0, 122.79, 98.97, 139.97, 56.28, 172.11, 194.77, 68.79, 194.07, 72.02, 124.21, 162.19, 38.18, 151.6]
d: [5.27, 5.24, 4.36, 3.86, 3.82, 4.19, 5.77, 4.2, 5.69, 6.0, 4.14, 5.36, 5.71, 2.0]

iteration: 26, best:[5.81, 7.05, 9.5, 11.67, 14.33, 17.37, 28.46, 31.95, 34.52, 36.26, 39.09, 43.38, 46.47, 47.5]
time: [5.87, 7.25, 10.15, 16.51, 19.88, 24.22, 37.3, 1000, 1000, 1000, 1000, 1000, 1000, 1000]
v: [14.78, 31.76, 23.97, 13.89, 19.08, 22.18, 18.82, 26.21, 13.58, 25.07, 18.83, 21.78, 18.62, 17.23]
a: [195.0, 122.79, 57.07, 139.97, 99.65, 56.49, 194.77, 34.44, 33.86, 72.02, 124.21, 176.29, 38.18, 151.6]
d: [5.27, 5.24, 5.82, 3.86, 4.07, 5.47, 5.77, 4.88, 4.28, 3.99, 5.15, 3.52, 5.71, 2.0]

iteration: 27, best:[5.81, 7.05, 9.5, 11.67, 14.33, 17.37, 28.46, 31.95, 34.52, 36.26, 39.09, 43.38, 46.47, 47.5]
time: [5.8, 7.18, 10.09, 16.04, 1000, 1000, 1000, 1000, 1000, 1000, 1000, 1000, 1000, 1000]
v: [14.78, 31.76, 28.05, 13.89, 33.89, 30.42, 16.86, 31.1, 19.12, 34.28, 26.15, 13.85, 16.85, 25.55]
a: [195.0, 122.79, 58.39, 139.97, 101.8, 71.97, 33.14, 144.77, 88.1, 94.86, 56.78, 105.08, 68.52, 151.6]
d: [5.27, 5.24, 4.36, 3.86, 4.07, 4.19, 5.77, 4.2, 5.69, 4.71, 5.15, 4.55, 5.44, 2.0]

mutation at idx = 1
iteration: 28, best:[5.81, 7.05, 9.5, 11.67, 14.33, 17.37, 28.46, 31.95, 34.52, 36.26, 39.09, 43.38, 46.47, 47.5]
time: [5.93, 7.69, 9.98, 12.27, 18.3, 21.97, 34.25, 37.55, 38.98, 40.3, 1000, 1000, 1000, 1000]
v: [14.78, 16.31, 34.63, 15.0, 16.21, 25.88, 22.94, 14.25, 24.73, 29.81, 17.24, 30.66, 22.81, 13.19]
a: [195.0, 68.57, 158.93, 138.06, 99.65, 71.97, 66.06, 107.31, 194.07, 72.02, 51.37, 105.08, 38.18, 151.84]
d: [5.27, 4.66, 5.59, 3.86, 4.52, 5.24, 5.77, 4.2, 5.69, 4.88, 5.15, 4.77, 5.71, 2.0]

iteration: 29, best:[5.81, 7.05, 9.5, 11.67, 14.33, 17.37, 28.46, 31.95, 34.52, 36.26, 39.09, 43.38, 46.47, 47.5]
time: [5.87, 7.12, 9.7, 11.84, 1000, 1000, 1000, 1000, 1000, 1000, 1000, 1000, 1000, 1000]
v: [14.78, 34.04, 34.85, 24.82, 11.02, 30.42, 16.07, 23.92, 32.22, 29.81, 19.9, 20.74, 23.1, 32.66]
a: [195.0, 197.28, 93.87, 139.97, 25.47, 71.97, 39.82, 68.79, 47.54, 72.02, 192.51, 107.37, 97.23, 45.16]
d: [5.27, 3.61, 5.67, 5.08, 4.07, 4.19, 5.97, 4.2, 5.69, 4.88, 5.15, 3.52, 4.97, 2.0]

iteration: 30, best:[5.81, 7.05, 9.5, 11.67, 14.33, 17.37, 28.46, 31.95, 34.52, 36.26, 39.09, 43.38, 46.47, 47.5]
time: [5.81, 7.13, 9.45, 12.03, 14.33, 17.6, 29.77, 32.8, 1000, 1000, 1000, 1000, 1000, 1000]
v: [14.78, 31.76, 32.02, 13.89, 26.93, 26.83, 31.64, 20.44, 11.3, 33.71, 13.07, 30.59, 25.16, 18.19]
a: [195.0, 122.79, 98.97, 139.97, 138.68, 167.58, 20.98, 136.05, 63.85, 72.02, 124.21, 138.74, 38.18, 151.6]
d: [5.27, 5.24, 4.36, 3.86, 3.81, 4.19, 4.34, 4.2, 4.24, 4.88, 5.15, 5.03, 5.15, 2.0]

iteration: 31, best:[5.81, 7.05, 9.5, 11.67, 14.33, 17.37, 28.46, 31.95, 34.52, 36.26, 39.09, 43.38, 46.47, 47.5]
time: [5.81, 7.17, 9.63, 12.41, 18.36, 1000, 1000, 1000, 1000, 1000, 1000, 1000, 1000, 1000]
v: [14.78, 31.76, 32.02, 16.38, 21.16, 19.47, 18.82, 32.56, 31.63, 29.81, 25.33, 29.94, 19.02, 27.17]
a: [195.0, 122.79, 98.97, 55.1, 99.65, 135.84, 194.77, 191.21, 194.07, 72.02, 190.67, 88.61, 155.61, 151.6]
d: [5.27, 5.24, 4.36, 3.86, 4.07, 4.19, 5.77, 5.24, 5.51, 4.88, 5.15, 3.52, 5.71, 2.0]

iteration: 32, best:[5.81, 7.05, 9.5, 11.67, 14.33, 17.37, 28.46, 31.95, 34.52, 36.26, 39.09, 43.38, 46.47, 47.5]
time: [5.88, 7.25, 9.68, 12.29, 18.03, 22.18, 34.82, 37.62, 39.09, 40.8, 53.88, 1000, 1000, 1000]
v: [14.78, 31.76, 32.02, 32.36, 19.08, 20.73, 18.82, 15.25, 20.36, 29.81, 18.83, 31.9, 21.2, 31.93]
a: [195.0, 122.79, 98.97, 58.02, 99.65, 71.97, 194.77, 153.75, 194.07, 72.02, 124.21, 176.38, 109.16, 151.6]
d: [5.27, 5.24, 4.36, 3.86, 4.07, 4.19, 5.77, 4.77, 5.69, 4.88, 5.15, 3.52, 5.71, 2.0]

iteration: 33, best:[5.81, 7.05, 9.5, 11.67, 14.33, 17.37, 28.46, 31.95, 34.52, 36.26, 39.09, 43.38, 46.47, 47.5]
time: [5.84, 7.13, 9.47, 12.05, 17.89, 20.99, 36.51, 39.58, 41.23, 43.07, 44.7, 46.6, 48.63, 1000]
v: [14.78, 31.76, 32.02, 13.89, 16.06, 30.42, 13.81, 23.08, 12.58, 19.48, 17.97, 17.63, 30.59, 16.25]
a: [195.0, 122.79, 98.97, 139.97, 89.35, 71.97, 129.42, 68.79, 178.94, 72.02, 154.77, 105.08, 164.66, 195.45]
d: [5.27, 5.24, 4.36, 3.86, 4.07, 4.19, 3.72, 5.34, 4.94, 4.19, 5.15, 4.2, 5.71, 2.0]

iteration: 34, best:[5.81, 7.05, 9.5, 11.67, 14.33, 17.37, 28.46, 31.95, 34.52, 36.26, 39.09, 43.38, 46.47, 47.5]
time: [5.86, 7.21, 9.5, 12.03, 17.76, 21.29, 31.16, 1000, 1000, 1000, 1000, 1000, 1000, 1000]
v: [14.78, 31.76, 32.02, 13.89, 16.79, 30.67, 28.27, 30.41, 14.77, 11.58, 33.51, 32.64, 11.7, 20.86]
a: [195.0, 122.79, 98.97, 139.97, 108.45, 71.97, 113.81, 48.34, 130.3, 158.15, 173.02, 105.08, 70.41, 179.03]
d: [5.27, 5.24, 4.36, 3.86, 4.07, 5.77, 4.31, 4.2, 5.21, 4.08, 5.15, 3.52, 5.71, 2.0]

iteration: 35, best:[5.81, 7.05, 9.5, 11.67, 14.33, 17.37, 28.46, 31.95, 34.52, 36.26, 39.09, 43.38, 46.47, 47.5]
time: [5.88, 7.23, 9.79, 12.29, 14.68, 18.95, 32.53, 35.89, 37.32, 51.19, 1000, 1000, 1000, 1000]
v: [14.78, 31.76, 32.02, 28.67, 23.63, 17.25, 16.8, 22.77, 21.86, 18.36, 17.29, 32.82, 11.29, 28.56]
a: [195.0, 122.79, 98.97, 91.2, 134.57, 87.82, 194.77, 68.79, 127.7, 41.98, 142.36, 105.08, 39.27, 151.6]
d: [5.27, 5.24, 4.36, 3.86, 4.07, 4.19, 4.14, 4.2, 5.69, 4.88, 5.15, 3.52, 5.76, 2.0]

iteration: 36, best:[5.81, 7.05, 9.5, 11.67, 14.33, 17.37, 28.46, 31.95, 34.52, 36.26, 39.09, 43.38, 46.47, 47.5]
time: [5.87, 7.18, 9.51, 14.54, 22.12, 25.86, 37.99, 44.61, 48.76, 1000, 1000, 1000, 1000, 1000]
v: [14.78, 31.76, 31.94, 32.03, 19.08, 30.42, 18.82, 12.56, 16.93, 14.69, 23.32, 10.9, 22.81, 13.79]
a: [195.0, 122.79, 98.97, 167.21, 99.65, 71.97, 194.77, 145.86, 60.81, 72.02, 124.21, 105.08, 38.18, 102.58]
d: [5.27, 5.24, 4.36, 3.86, 4.07, 4.19, 5.77, 4.2, 4.53, 4.88, 5.15, 3.52, 5.71, 2.0]

mutation at idx = 2
iteration: 37, best:[5.81, 7.05, 9.5, 11.67, 14.33, 17.37, 28.46, 31.95, 34.52, 36.26, 39.09, 43.38, 46.47, 47.5]
time: [5.89, 7.25, 10.31, 12.86, 18.55, 21.88, 33.71, 36.23, 37.28, 38.54, 1000, 1000, 1000, 1000]
v: [14.78, 31.76, 11.04, 16.25, 30.36, 21.51, 18.82, 22.33, 32.51, 29.81, 32.47, 32.82, 25.27, 24.87]
a: [195.0, 122.79, 163.32, 189.49, 199.56, 145.23, 194.77, 166.72, 194.07, 72.02, 126.42, 105.08, 78.78, 131.72]
d: [5.27, 5.24, 5.74, 3.86, 4.07, 5.97, 5.77, 5.71, 5.69, 4.88, 4.21, 3.52, 5.71, 2.0]

iteration: 38, best:[5.81, 7.05, 9.5, 11.67, 14.33, 17.37, 28.46, 31.95, 34.52, 36.26, 39.09, 43.38, 46.47, 47.5]
time: [5.82, 7.17, 10.49, 13.68, 16.32, 20.35, 32.33, 35.62, 1000, 1000, 1000, 1000, 1000, 1000]
v: [14.78, 31.76, 14.15, 16.61, 26.6, 30.42, 27.08, 23.92, 20.36, 29.81, 18.83, 30.12, 19.83, 18.19]
a: [195.0, 122.79, 34.84, 76.29, 99.65, 71.97, 45.08, 68.79, 194.07, 72.02, 124.21, 84.21, 190.2, 151.6]
d: [5.27, 5.24, 4.36, 3.86, 4.07, 4.19, 5.77, 4.2, 5.69, 4.88, 5.15, 5.63, 4.09, 2.0]

iteration: 39, best:[5.81, 7.05, 9.5, 11.67, 14.33, 17.37, 28.46, 31.95, 34.52, 36.26, 39.09, 43.38, 46.47, 47.5]
time: [5.87, 7.24, 9.86, 15.79, 22.1, 25.05, 32.7, 1000, 1000, 1000, 1000, 1000, 1000, 1000]
v: [14.78, 31.76, 28.52, 27.34, 16.84, 22.48, 34.49, 11.46, 11.41, 22.44, 11.99, 33.69, 13.42, 24.3]
a: [195.0, 122.79, 83.24, 78.92, 54.67, 144.03, 184.51, 68.79, 58.63, 92.64, 184.14, 105.08, 38.18, 139.13]
d: [5.27, 5.24, 4.36, 3.86, 4.07, 5.24, 5.77, 4.81, 5.69, 4.88, 5.15, 3.86, 5.71, 2.0]

iteration: 40, best:[5.81, 7.05, 9.5, 11.67, 14.33, 17.37, 28.46, 31.95, 34.52, 36.26, 39.09, 43.38, 46.47, 47.5]
time: [5.81, 7.17, 9.64, 12.18, 27.61, 30.88, 43.78, 46.33, 47.41, 48.8, 1000, 1000, 1000, 1000]
v: [14.78, 31.76, 32.02, 13.89, 21.44, 10.78, 18.82, 28.97, 20.36, 17.57, 29.14, 30.8, 31.96, 27.69]
a: [195.0, 122.79, 98.97, 139.97, 40.05, 183.16, 194.77, 145.21, 194.07, 168.26, 29.39, 87.15, 38.18, 145.7]
d: [5.27, 5.24, 4.36, 3.86, 5.74, 4.19, 5.77, 4.2, 5.69, 4.79, 5.15, 4.97, 5.71, 2.0]

iteration: 41, best:[5.81, 7.05, 9.5, 11.67, 14.33, 17.37, 28.46, 31.95, 34.52, 36.26, 39.09, 43.38, 46.47, 47.5]
time: [5.86, 7.23, 9.65, 15.2, 17.87, 1000, 1000, 1000, 1000, 1000, 1000, 1000, 1000, 1000]
v: [14.78, 31.76, 32.02, 13.89, 29.09, 16.85, 13.64, 23.92, 17.27, 12.54, 29.29, 20.13, 23.38, 20.39]
a: [195.0, 122.79, 98.97, 139.97, 75.09, 156.89, 63.29, 68.79, 30.01, 40.07, 148.99, 94.79, 38.18, 36.42]
d: [5.27, 5.24, 4.36, 3.86, 3.92, 5.09, 5.77, 4.2, 5.69, 4.88, 5.9, 3.52, 4.12, 2.0]

iteration: 42, best:[5.81, 7.05, 9.5, 11.67, 14.33, 17.37, 28.46, 31.95, 34.52, 36.26, 39.09, 43.38, 46.47, 47.5]
time: [5.81, 7.16, 9.62, 19.24, 25.7, 29.56, 44.33, 46.73, 1000, 1000, 1000, 1000, 1000, 1000]
v: [14.78, 31.76, 32.02, 15.87, 19.08, 30.42, 14.93, 34.71, 17.13, 29.81, 28.46, 32.82, 32.31, 14.82]
a: [195.0, 122.79, 98.97, 196.01, 99.65, 71.97, 168.01, 131.78, 69.93, 72.02, 41.41, 105.08, 182.25, 74.91]
d: [5.27, 5.24, 4.36, 3.86, 4.07, 4.19, 3.63, 4.53, 5.69, 4.88, 3.84, 3.52, 4.75, 2.0]

mutation at idx = 1
iteration: 43, best:[5.81, 7.05, 9.5, 11.67, 14.33, 17.37, 28.46, 31.95, 34.52, 36.26, 39.09, 43.38, 46.47, 47.5]
time: [5.88, 7.21, 9.78, 1000, 1000, 1000, 1000, 1000, 1000, 1000, 1000, 1000, 1000, 1000]
v: [14.78, 26.3, 32.02, 26.8, 16.17, 32.2, 18.82, 23.09, 23.98, 11.03, 17.33, 10.57, 21.83, 18.19]
a: [195.0, 171.72, 98.97, 151.29, 158.76, 71.97, 194.77, 141.0, 194.07, 145.74, 63.61, 159.09, 38.18, 151.6]
d: [5.27, 3.82, 4.36, 3.86, 5.22, 4.19, 5.77, 4.2, 3.59, 4.88, 5.15, 5.95, 5.71, 2.0]

iteration: 44, best:[5.81, 7.05, 9.5, 11.67, 14.33, 17.37, 28.46, 31.95, 34.52, 36.26, 39.09, 43.38, 46.47, 47.5]
time: [5.81, 7.12, 9.45, 12.03, 15.3, 18.7, 36.28, 38.81, 1000, 1000, 1000, 1000, 1000, 1000]
v: [14.78, 31.76, 32.02, 13.89, 17.15, 17.08, 12.46, 22.19, 29.73, 29.81, 30.23, 32.82, 13.63, 14.22]
a: [195.0, 122.79, 98.97, 139.97, 39.16, 71.97, 66.37, 186.13, 194.07, 72.02, 85.41, 105.08, 46.1, 98.67]
d: [5.27, 5.24, 4.36, 3.86, 4.39, 5.46, 5.77, 4.2, 4.09, 4.88, 5.81, 3.52, 5.71, 2.0]

iteration: 45, best:[5.81, 7.05, 9.5, 11.67, 14.33, 17.37, 28.46, 31.95, 34.52, 36.26, 39.09, 43.38, 46.47, 47.5]
time: [5.87, 7.19, 9.51, 19.18, 33.83, 37.16, 1000, 1000, 1000, 1000, 1000, 1000, 1000, 1000]
v: [14.78, 31.76, 32.02, 24.71, 22.54, 26.66, 17.61, 32.31, 19.07, 29.81, 18.83, 29.9, 13.06, 33.51]
a: [195.0, 122.79, 98.97, 139.97, 94.06, 71.97, 64.21, 58.37, 181.6, 72.02, 124.21, 34.55, 38.18, 74.15]
d: [5.27, 5.24, 4.36, 4.3, 4.07, 4.19, 3.83, 4.37, 5.83, 4.88, 5.15, 3.52, 4.74, 2.0]

mutation at idx = 2
iteration: 46, best:[5.81, 7.05, 9.5, 11.67, 14.33, 17.37, 28.46, 31.95, 34.52, 36.26, 39.09, 43.38, 46.47, 47.5]
time: [5.87, 7.24, 9.7, 1000, 1000, 1000, 1000, 1000, 1000, 1000, 1000, 1000, 1000, 1000]
v: [14.78, 31.76, 30.13, 26.09, 21.99, 29.32, 30.86, 29.73, 19.19, 28.83, 29.2, 33.48, 12.49, 18.19]
a: [195.0, 122.79, 98.97, 148.36, 93.34, 35.4, 54.59, 36.93, 194.07, 188.46, 124.21, 29.46, 38.18, 151.6]
d: [5.27, 5.24, 4.04, 4.32, 4.07, 4.19, 5.41, 4.2, 5.68, 4.88, 5.15, 5.61, 5.71, 2.0]

mutation at idx = 1
iteration: 47, best:[5.81, 7.05, 9.5, 11.67, 14.33, 17.37, 28.46, 31.95, 34.52, 36.26, 39.09, 43.38, 46.47, 47.5]
time: [5.89, 7.31, 9.86, 15.64, 21.5, 26.44, 35.76, 1000, 1000, 1000, 1000, 1000, 1000, 1000]
v: [14.78, 24.12, 32.02, 13.89, 29.03, 34.85, 29.13, 12.54, 10.9, 27.48, 18.83, 28.43, 32.72, 28.12]
a: [195.0, 122.79, 98.97, 139.97, 193.95, 57.8, 194.77, 102.47, 194.07, 37.79, 124.21, 100.23, 29.83, 81.49]
d: [5.27, 5.24, 4.36, 3.86, 5.49, 5.32, 5.77, 4.2, 5.69, 5.95, 5.15, 3.53, 5.1, 2.0]

mutation at idx = 0
mutation at idx = 1
iteration: 48, best:[5.81, 7.05, 9.5, 11.67, 14.33, 17.37, 28.46, 31.95, 34.52, 36.26, 39.09, 43.38, 46.47, 47.5]
time: [6.98, 8.72, 11.35, 17.16, 22.54, 27.35, 35.93, 1000, 1000, 1000, 1000, 1000, 1000, 1000]
v: [15.78, 25.39, 24.17, 15.04, 32.15, 11.95, 32.2, 16.24, 11.64, 28.86, 18.83, 17.35, 22.81, 18.19]
a: [34.19, 96.33, 98.97, 147.34, 135.14, 79.98, 194.77, 39.78, 194.07, 39.21, 124.21, 190.01, 38.18, 151.6]
d: [4.14, 5.24, 4.04, 3.78, 5.64, 4.19, 5.42, 4.2, 5.69, 5.3, 5.15, 3.52, 5.71, 2.0]

iteration: 49, best:[5.81, 7.05, 9.5, 11.67, 14.33, 17.37, 28.46, 31.95, 34.52, 36.26, 39.09, 43.38, 46.47, 47.5]
time: [6.03, 7.45, 9.83, 12.51, 15.65, 19.01, 37.66, 41.26, 42.65, 44.02, 1000, 1000, 1000, 1000]
v: [29.84, 32.92, 32.02, 13.89, 25.44, 28.19, 11.6, 28.86, 24.97, 33.65, 24.73, 16.45, 31.59, 21.95]
a: [70.17, 122.79, 98.97, 139.97, 43.24, 71.97, 194.77, 40.08, 151.2, 114.16, 124.21, 155.9, 163.49, 76.4]
d: [4.69, 5.55, 4.36, 3.86, 4.07, 5.6, 5.77, 4.2, 5.69, 4.93, 5.27, 3.81, 4.36, 2.0]

iteration: 50, best:[5.81, 7.05, 9.5, 11.67, 14.33, 17.37, 28.46, 31.95, 34.52, 36.26, 39.09, 43.38, 46.47, 47.5]
time: [5.87, 7.25, 9.72, 12.26, 1000, 1000, 1000, 1000, 1000, 1000, 1000, 1000, 1000, 1000]
v: [14.78, 31.76, 25.64, 13.89, 24.8, 25.68, 21.02, 24.03, 20.36, 19.55, 32.08, 32.82, 18.9, 18.19]
a: [195.0, 122.79, 100.6, 139.97, 99.65, 71.97, 191.63, 122.14, 194.07, 72.02, 124.21, 105.08, 58.31, 151.6]
d: [5.27, 5.24, 5.49, 3.86, 5.92, 4.19, 4.13, 5.42, 5.69, 4.88, 5.15, 3.52, 5.71, 2.0]

iteration: 51, best:[5.81, 7.05, 9.5, 11.67, 14.33, 17.37, 28.46, 31.95, 34.52, 36.26, 39.09, 43.38, 46.47, 47.5]
time: [5.87, 7.24, 9.66, 12.19, 17.82, 21.58, 32.44, 1000, 1000, 1000, 1000, 1000, 1000, 1000]
v: [14.78, 31.76, 32.02, 13.89, 34.72, 28.53, 22.64, 23.92, 13.02, 19.45, 32.81, 28.18, 13.15, 14.53]
a: [195.0, 122.79, 98.97, 139.97, 99.65, 71.97, 194.77, 68.79, 194.07, 80.03, 196.19, 143.4, 159.04, 151.6]
d: [5.27, 5.24, 4.36, 3.86, 4.07, 4.19, 5.77, 4.2, 5.37, 5.97, 4.68, 3.52, 5.71, 2.0]

iteration: 52, best:[5.81, 7.05, 9.5, 11.67, 14.33, 17.37, 28.46, 31.95, 34.52, 36.26, 39.09, 43.38, 46.47, 47.5]
time: [5.81, 7.11, 9.45, 12.02, 17.52, 22.25, 32.29, 1000, 1000, 1000, 1000, 1000, 1000, 1000]
v: [14.78, 31.76, 32.02, 13.89, 23.24, 30.42, 25.39, 19.98, 26.96, 27.63, 18.83, 31.63, 28.09, 19.07]
a: [195.0, 122.79, 98.97, 139.97, 104.14, 71.97, 194.77, 68.79, 194.07, 72.02, 124.21, 105.08, 38.18, 151.6]
d: [5.27, 5.24, 4.36, 3.86, 4.07, 4.19, 5.98, 5.5, 5.69, 4.88, 5.15, 4.51, 3.97, 2.0]

iteration: 53, best:[5.81, 7.05, 9.5, 11.67, 14.33, 17.37, 28.46, 31.95, 34.52, 36.26, 39.09, 43.38, 46.47, 47.5]
time: [5.82, 7.12, 9.27, 14.45, 17.79, 21.19, 32.98, 35.68, 37.2, 1000, 1000, 1000, 1000, 1000]
v: [14.78, 31.76, 32.02, 26.91, 19.08, 23.66, 18.82, 23.92, 20.36, 32.53, 24.58, 10.61, 13.78, 14.56]
a: [195.0, 122.79, 98.97, 139.97, 99.65, 190.77, 194.77, 68.79, 194.07, 88.39, 35.64, 43.46, 38.18, 95.73]
d: [5.27, 5.24, 4.36, 5.02, 4.07, 4.19, 5.77, 4.2, 5.69, 5.59, 5.87, 3.52, 5.71, 2.0]

iteration: 54, best:[5.81, 7.05, 9.5, 11.67, 14.33, 17.37, 28.46, 31.95, 34.52, 36.26, 39.09, 43.38, 46.47, 47.5]
time: [5.87, 7.23, 9.49, 11.77, 17.77, 32.83, 42.08, 45.77, 47.34, 48.99, 1000, 1000, 1000, 1000]
v: [14.78, 31.76, 32.02, 13.89, 19.87, 17.0, 29.84, 29.18, 20.36, 11.99, 23.07, 32.98, 18.83, 33.06]
a: [195.0, 122.79, 98.97, 139.97, 99.65, 71.97, 162.66, 68.79, 194.07, 72.02, 186.4, 105.08, 85.33, 151.6]
d: [5.27, 5.24, 4.36, 3.86, 4.07, 4.16, 4.58, 4.2, 5.69, 4.88, 4.28, 4.41, 5.71, 2.0]

mutation at idx = 2
iteration: 55, best:[5.81, 7.05, 9.5, 11.67, 14.33, 17.37, 28.46, 31.95, 34.52, 36.26, 39.09, 43.38, 46.47, 47.5]
time: [5.88, 7.22, 9.84, 12.45, 17.92, 22.21, 40.95, 44.38, 48.98, 1000, 1000, 1000, 1000, 1000]
v: [14.78, 31.76, 19.74, 13.89, 27.68, 10.9, 11.8, 26.89, 31.91, 26.51, 11.13, 12.06, 23.97, 27.19]
a: [195.0, 122.79, 98.97, 139.97, 99.65, 74.66, 162.5, 50.05, 195.48, 72.02, 124.21, 37.99, 38.18, 151.6]
d: [5.27, 5.24, 4.36, 3.86, 4.07, 4.78, 5.57, 4.2, 5.42, 5.24, 5.44, 3.52, 4.67, 2.0]

mutation at idx = 1
iteration: 56, best:[5.81, 7.05, 9.5, 11.67, 14.33, 17.37, 28.46, 31.95, 34.52, 36.26, 39.09, 43.38, 46.47, 47.5]
time: [5.87, 7.74, 10.4, 13.05, 16.03, 22.32, 37.16, 39.65, 1000, 1000, 1000, 1000, 1000, 1000]
v: [14.78, 14.28, 29.05, 13.89, 18.65, 14.98, 17.65, 26.99, 34.89, 12.78, 31.67, 27.31, 30.5, 31.61]
a: [195.0, 43.23, 110.88, 139.97, 56.37, 175.19, 61.97, 173.95, 145.64, 72.02, 73.45, 105.08, 38.18, 140.6]
d: [5.27, 5.24, 4.36, 3.86, 4.31, 4.19, 4.67, 4.09, 5.76, 4.88, 5.15, 3.52, 5.71, 2.0]

iteration: 57, best:[5.81, 7.05, 9.5, 11.67, 14.33, 17.37, 28.46, 31.95, 34.52, 36.26, 39.09, 43.38, 46.47, 47.5]
time: [5.9, 7.42, 10.02, 19.58, 25.77, 29.74, 42.32, 1000, 1000, 1000, 1000, 1000, 1000, 1000]
v: [14.78, 32.17, 32.02, 24.83, 19.55, 15.77, 18.71, 33.24, 20.36, 29.81, 19.69, 33.13, 29.04, 18.19]
a: [195.0, 79.0, 98.97, 139.97, 193.13, 90.13, 164.73, 26.27, 194.07, 72.02, 198.26, 129.36, 61.85, 151.6]
d: [5.27, 5.24, 4.36, 5.7, 3.97, 4.19, 5.77, 4.2, 5.69, 4.88, 5.24, 3.75, 5.87, 2.0]

iteration: 58, best:[5.81, 7.05, 9.5, 11.67, 14.33, 17.37, 28.46, 31.95, 34.52, 36.26, 39.09, 43.38, 46.47, 47.5]
time: [5.87, 7.14, 9.32, 1000, 1000, 1000, 1000, 1000, 1000, 1000, 1000, 1000, 1000, 1000]
v: [14.78, 26.96, 34.9, 31.76, 16.1, 34.25, 24.22, 24.83, 16.28, 29.81, 18.83, 22.22, 22.81, 18.19]
a: [195.0, 175.96, 190.89, 37.06, 119.12, 71.97, 163.79, 68.79, 120.17, 72.02, 124.21, 29.4, 38.18, 151.6]
d: [5.27, 4.58, 4.36, 3.86, 4.07, 4.19, 5.46, 4.62, 4.67, 4.88, 5.15, 4.13, 5.71, 2.0]

iteration: 59, best:[5.81, 7.05, 9.5, 11.67, 14.33, 17.37, 28.46, 31.95, 34.52, 36.26, 39.09, 43.38, 46.47, 47.5]
time: [5.86, 7.19, 9.51, 11.64, 14.47, 17.42, 28.09, 31.01, 32.33, 33.8, 1000, 1000, 1000, 1000]
v: [14.78, 31.76, 32.02, 26.21, 24.42, 24.4, 18.82, 23.06, 20.36, 31.54, 20.82, 34.73, 33.58, 22.93]
a: [195.0, 122.79, 98.97, 139.97, 62.57, 170.79, 194.77, 68.79, 194.07, 121.13, 110.89, 92.45, 38.18, 117.91]
d: [5.27, 5.24, 4.36, 3.86, 4.62, 4.19, 5.77, 5.63, 5.69, 3.65, 5.15, 3.52, 5.11, 2.0]

mutation at idx = 6
iteration: 60, best:[5.81, 7.05, 9.5, 11.67, 14.33, 17.37, 28.09, 31.01, 32.33, 33.8, 39.09, 43.38, 46.47, 47.5]
time: [5.85, 7.2, 9.67, 1000, 1000, 1000, 1000, 1000, 1000, 1000, 1000, 1000, 1000, 1000]
v: [14.78, 31.76, 32.02, 13.89, 19.08, 30.42, 14.74, 23.06, 20.36, 31.54, 33.82, 32.82, 34.48, 23.69]
a: [195.0, 122.79, 98.97, 139.97, 99.65, 71.97, 84.83, 68.79, 194.07, 121.13, 124.21, 105.08, 64.69, 99.82]
d: [5.27, 5.24, 4.36, 3.86, 4.07, 4.19, 3.97, 5.63, 5.69, 3.65, 5.15, 3.52, 5.71, 2.0]

mutation at idx = 0
iteration: 61, best:[5.81, 7.05, 9.5, 11.67, 14.33, 17.37, 28.09, 31.01, 32.33, 33.8, 39.09, 43.38, 46.47, 47.5]
time: [5.84, 7.15, 9.46, 12.34, 18.24, 25.79, 41.34, 1000, 1000, 1000, 1000, 1000, 1000, 1000]
v: [16.42, 31.76, 32.02, 10.58, 19.08, 12.85, 18.58, 24.77, 16.36, 31.09, 32.7, 33.98, 24.72, 13.61]
a: [195.0, 122.79, 98.97, 145.41, 99.65, 26.16, 194.77, 27.39, 143.02, 194.7, 124.21, 105.08, 38.18, 151.6]
d: [5.27, 5.24, 4.36, 5.68, 4.07, 4.19, 4.97, 5.63, 5.58, 4.96, 5.15, 4.95, 5.71, 2.0]

mutation at idx = 0
iteration: 62, best:[5.81, 7.05, 9.5, 11.67, 14.33, 17.37, 28.09, 31.01, 32.33, 33.8, 39.09, 43.38, 46.47, 47.5]
time: [5.87, 7.17, 9.5, 12.13, 1000, 1000, 1000, 1000, 1000, 1000, 1000, 1000, 1000, 1000]
v: [18.12, 31.76, 32.02, 13.07, 19.08, 12.31, 15.69, 25.06, 20.36, 28.19, 18.83, 23.93, 28.75, 18.5]
a: [128.17, 122.79, 98.97, 139.97, 99.65, 58.62, 194.77, 125.64, 194.07, 121.13, 124.21, 105.08, 76.21, 60.73]
d: [5.69, 5.24, 4.36, 4.79, 4.07, 4.19, 5.77, 5.86, 5.69, 4.24, 5.15, 3.65, 4.35, 2.0]

mutation at idx = 0
iteration: 63, best:[5.81, 7.05, 9.5, 11.67, 14.33, 17.37, 28.09, 31.01, 32.33, 33.8, 39.09, 43.38, 46.47, 47.5]
time: [6.94, 8.51, 10.92, 13.38, 1000, 1000, 1000, 1000, 1000, 1000, 1000, 1000, 1000, 1000]
v: [22.74, 31.76, 32.02, 18.41, 18.38, 20.06, 32.41, 16.19, 26.41, 12.19, 28.8, 11.07, 22.81, 28.29]
a: [35.17, 122.79, 98.97, 120.54, 24.25, 191.68, 194.77, 157.86, 156.85, 153.37, 126.23, 43.53, 38.18, 151.6]
d: [3.74, 5.24, 4.36, 4.18, 4.07, 4.19, 5.88, 5.63, 5.69, 5.53, 5.15, 4.34, 5.71, 2.0]

iteration: 64, best:[5.81, 7.05, 9.5, 11.67, 14.33, 17.37, 28.09, 31.01, 32.33, 33.8, 39.09, 43.38, 46.47, 47.5]
time: [5.74, 7.28, 10.73, 16.82, 25.08, 28.92, 1000, 1000, 1000, 1000, 1000, 1000, 1000, 1000]
v: [31.71, 14.35, 13.12, 13.89, 13.69, 27.84, 10.74, 23.06, 24.53, 12.98, 25.76, 32.82, 22.81, 18.19]
a: [195.0, 122.79, 98.97, 139.97, 119.76, 71.97, 93.32, 68.79, 181.08, 183.39, 124.21, 105.08, 38.18, 151.6]
d: [5.84, 3.53, 4.36, 3.86, 4.07, 4.19, 5.23, 5.63, 5.69, 3.65, 5.15, 3.52, 5.71, 2.0]

iteration: 65, best:[5.81, 7.05, 9.5, 11.67, 14.33, 17.37, 28.09, 31.01, 32.33, 33.8, 39.09, 43.38, 46.47, 47.5]
time: [5.86, 7.22, 10.45, 13.37, 19.73, 23.81, 39.32, 42.46, 43.86, 45.26, 1000, 1000, 1000, 1000]
v: [14.78, 31.76, 11.9, 15.57, 17.23, 12.67, 17.92, 19.94, 20.36, 31.54, 17.0, 11.02, 16.93, 18.19]
a: [195.0, 122.79, 78.86, 111.93, 52.92, 33.77, 170.83, 68.79, 194.07, 121.13, 124.21, 104.5, 62.88, 151.6]
d: [5.27, 5.24, 4.36, 3.86, 5.33, 4.19, 5.0, 3.63, 5.69, 3.65, 5.15, 3.93, 4.87, 2.0]

iteration: 66, best:[5.81, 7.05, 9.5, 11.67, 14.33, 17.37, 28.09, 31.01, 32.33, 33.8, 39.09, 43.38, 46.47, 47.5]
time: [5.81, 7.16, 1000, 1000, 1000, 1000, 1000, 1000, 1000, 1000, 1000, 1000, 1000, 1000]
v: [14.78, 31.76, 21.46, 18.72, 22.42, 13.48, 18.82, 24.58, 33.74, 26.05, 11.53, 32.82, 23.37, 18.19]
a: [195.0, 122.79, 30.14, 159.57, 99.65, 37.56, 194.77, 24.09, 194.07, 26.36, 85.54, 105.08, 180.99, 151.6]
d: [5.27, 5.24, 4.96, 4.91, 5.56, 5.14, 5.77, 3.69, 5.69, 5.16, 5.15, 3.52, 4.34, 2.0]

iteration: 67, best:[5.81, 7.05, 9.5, 11.67, 14.33, 17.37, 28.09, 31.01, 32.33, 33.8, 39.09, 43.38, 46.47, 47.5]
time: [5.82, 7.17, 9.63, 11.67, 14.59, 17.52, 28.04, 34.2, 35.57, 1000, 1000, 1000, 1000, 1000]
v: [14.78, 31.76, 32.02, 27.38, 10.55, 20.5, 22.67, 23.06, 19.66, 19.44, 28.68, 32.82, 12.64, 18.19]
a: [195.0, 122.79, 98.97, 139.97, 102.46, 151.87, 91.79, 68.79, 194.07, 22.21, 124.21, 105.08, 38.18, 151.6]
d: [5.27, 5.24, 4.36, 3.86, 3.72, 4.19, 5.77, 5.63, 5.69, 3.79, 5.15, 3.52, 5.49, 2.0]

mutation at idx = 6
iteration: 68, best:[5.81, 7.05, 9.5, 11.67, 14.33, 17.37, 28.09, 31.01, 32.33, 33.8, 39.09, 43.38, 46.47, 47.5]
time: [5.8, 7.15, 9.62, 15.35, 30.53, 1000, 1000, 1000, 1000, 1000, 1000, 1000, 1000, 1000]
v: [14.78, 31.76, 32.02, 13.89, 19.08, 30.42, 21.13, 14.47, 20.36, 23.01, 25.0, 32.82, 30.3, 30.93]
a: [195.0, 122.79, 98.97, 139.97, 99.65, 71.97, 70.4, 63.26, 194.07, 121.13, 65.58, 105.08, 31.23, 119.93]
d: [5.27, 5.24, 4.36, 3.86, 4.07, 4.19, 5.77, 5.53, 5.69, 3.65, 4.92, 3.52, 5.71, 2.0]

iteration: 69, best:[5.81, 7.05, 9.5, 11.67, 14.33, 17.37, 28.09, 31.01, 32.33, 33.8, 39.09, 43.38, 46.47, 47.5]
time: [5.87, 7.24, 9.65, 15.55, 18.3, 22.33, 34.38, 37.34, 38.81, 40.53, 1000, 1000, 1000, 1000]
v: [14.78, 31.76, 32.02, 22.23, 23.49, 30.42, 18.82, 23.06, 25.08, 14.62, 18.83, 16.61, 22.81, 18.19]
a: [195.0, 122.79, 98.97, 29.81, 99.65, 71.97, 194.77, 68.79, 105.81, 121.13, 124.21, 75.87, 38.18, 151.6]
d: [5.27, 5.24, 4.36, 3.86, 4.07, 4.19, 5.77, 5.63, 4.25, 3.65, 5.15, 3.52, 5.71, 2.0]

mutation at idx = 2
iteration: 70, best:[5.81, 7.05, 9.5, 11.67, 14.33, 17.37, 28.09, 31.01, 32.33, 33.8, 39.09, 43.38, 46.47, 47.5]
time: [5.86, 7.23, 10.46, 24.92, 34.58, 40.54, 1000, 1000, 1000, 1000, 1000, 1000, 1000, 1000]
v: [14.78, 31.76, 10.9, 12.15, 12.96, 30.42, 18.82, 10.81, 20.36, 31.54, 18.83, 32.82, 27.85, 20.97]
a: [195.0, 122.79, 53.02, 164.47, 32.03, 71.97, 194.77, 68.79, 194.07, 121.13, 124.21, 105.08, 127.41, 168.63]
d: [5.27, 5.24, 4.36, 3.86, 5.22, 4.19, 5.77, 4.35, 5.69, 3.65, 5.15, 3.52, 5.71, 2.0]

mutation at idx = 1
iteration: 71, best:[5.81, 7.05, 9.5, 11.67, 14.33, 17.37, 28.09, 31.01, 32.33, 33.8, 39.09, 43.38, 46.47, 47.5]
time: [5.92, 7.8, 11.02, 13.3, 16.0, 19.61, 31.91, 34.65, 35.88, 37.27, 1000, 1000, 1000, 1000]
v: [14.78, 12.05, 15.19, 28.25, 15.73, 30.42, 18.82, 18.24, 26.56, 31.54, 16.88, 32.82, 18.0, 12.3]
a: [195.0, 122.79, 131.12, 133.28, 68.65, 71.97, 194.77, 164.83, 194.07, 121.13, 124.21, 105.08, 132.94, 151.6]
d: [5.27, 4.59, 4.36, 3.86, 4.73, 4.19, 5.77, 5.63, 5.69, 3.65, 5.15, 3.52, 3.74, 2.0]

mutation at idx = 0
iteration: 72, best:[5.81, 7.05, 9.5, 11.67, 14.33, 17.37, 28.09, 31.01, 32.33, 33.8, 39.09, 43.38, 46.47, 47.5]
time: [14.79, 29.04, 31.34, 34.49, 40.37, 43.46, 1000, 1000, 1000, 1000, 1000, 1000, 1000, 1000]
v: [33.37, 31.76, 27.32, 12.09, 21.24, 34.68, 24.28, 15.06, 14.9, 14.1, 34.99, 26.79, 26.33, 18.11]
a: [31.91, 122.79, 180.91, 42.9, 99.65, 115.4, 194.77, 38.8, 194.07, 121.13, 124.21, 185.09, 38.18, 28.89]
d: [5.98, 5.24, 4.51, 3.86, 4.07, 4.19, 5.77, 5.39, 5.69, 3.65, 5.15, 3.52, 5.71, 2.0]

iteration: 73, best:[5.81, 7.05, 9.5, 11.67, 14.33, 17.37, 28.09, 31.01, 32.33, 33.8, 39.09, 43.38, 46.47, 47.5]
time: [5.87, 7.22, 9.58, 15.24, 20.97, 24.15, 34.51, 36.92, 38.23, 39.9, 1000, 1000, 1000, 1000]
v: [14.78, 25.94, 32.02, 13.46, 28.27, 33.74, 18.82, 28.88, 11.61, 25.45, 29.25, 15.06, 27.39, 15.83]
a: [195.0, 122.79, 98.97, 131.11, 135.0, 197.8, 194.77, 111.45, 194.07, 165.94, 124.21, 97.3, 89.5, 176.32]
d: [5.27, 5.63, 4.36, 4.69, 4.07, 4.19, 5.77, 5.63, 5.76, 4.97, 5.15, 4.52, 4.79, 2.0]

iteration: 74, best:[5.81, 7.05, 9.5, 11.67, 14.33, 17.37, 28.09, 31.01, 32.33, 33.8, 39.09, 43.38, 46.47, 47.5]
time: [5.88, 7.25, 9.69, 15.94, 22.43, 24.91, 33.53, 36.86, 38.32, 39.79, 1000, 1000, 1000, 1000]
v: [14.78, 31.76, 32.02, 28.51, 17.56, 34.25, 26.67, 23.06, 26.85, 29.8, 30.3, 20.64, 18.65, 12.92]
a: [195.0, 122.79, 98.97, 85.74, 101.92, 174.33, 152.93, 68.79, 104.57, 121.13, 172.62, 105.08, 184.03, 151.6]
d: [5.27, 5.24, 4.36, 3.86, 4.07, 4.19, 5.77, 5.63, 5.81, 3.65, 4.68, 3.52, 4.16, 2.0]

iteration: 75, best:[5.81, 7.05, 9.5, 11.67, 14.33, 17.37, 28.09, 31.01, 32.33, 33.8, 39.09, 43.38, 46.47, 47.5]
time: [5.86, 7.24, 9.64, 12.26, 1000, 1000, 1000, 1000, 1000, 1000, 1000, 1000, 1000, 1000]
v: [14.78, 31.76, 32.02, 11.8, 30.12, 30.42, 17.87, 27.61, 20.36, 24.59, 16.91, 32.82, 20.5, 18.13]
a: [195.0, 122.79, 98.97, 190.54, 112.52, 71.97, 194.77, 132.45, 194.07, 152.75, 65.73, 105.08, 114.05, 37.42]
d: [5.27, 5.24, 4.36, 4.44, 3.6, 4.19, 5.77, 5.63, 5.69, 5.73, 5.15, 3.52, 5.71, 2.0]

iteration: 76, best:[5.81, 7.05, 9.5, 11.67, 14.33, 17.37, 28.09, 31.01, 32.33, 33.8, 39.09, 43.38, 46.47, 47.5]
time: [5.87, 7.22, 9.66, 19.75, 31.86, 34.42, 48.87, 1000, 1000, 1000, 1000, 1000, 1000, 1000]
v: [14.78, 31.76, 32.02, 13.89, 11.56, 25.68, 14.13, 24.98, 24.48, 32.46, 17.85, 17.21, 17.94, 32.77]
a: [195.0, 122.79, 98.97, 139.97, 99.65, 166.96, 194.77, 143.94, 194.07, 121.13, 124.21, 105.08, 158.0, 33.21]
d: [5.27, 5.24, 4.36, 3.86, 5.98, 4.19, 5.77, 4.18, 5.69, 3.91, 4.56, 3.52, 5.71, 2.0]

mutation at idx = 2
iteration: 77, best:[5.81, 7.05, 9.5, 11.67, 14.33, 17.37, 28.09, 31.01, 32.33, 33.8, 39.09, 43.38, 46.47, 47.5]
time: [5.87, 7.23, 9.65, 15.1, 26.09, 30.09, 38.46, 42.22, 43.72, 45.51, 49.47, 1000, 1000, 1000]
v: [14.78, 31.76, 30.88, 22.81, 19.08, 12.6, 34.63, 23.06, 34.56, 16.75, 29.99, 22.93, 12.64, 25.61]
a: [195.0, 122.79, 98.97, 139.97, 99.65, 165.82, 153.93, 68.79, 129.09, 121.13, 124.21, 105.08, 198.07, 138.2]
d: [5.27, 5.24, 4.03, 3.86, 4.07, 4.19, 5.77, 5.63, 5.69, 3.65, 5.15, 3.52, 4.09, 2.0]

iteration: 78, best:[5.81, 7.05, 9.5, 11.67, 14.33, 17.37, 28.09, 31.01, 32.33, 33.8, 39.09, 43.38, 46.47, 47.5]
time: [5.8, 7.13, 9.46, 11.77, 38.23, 43.09, 1000, 1000, 1000, 1000, 1000, 1000, 1000, 1000]
v: [14.78, 31.76, 32.02, 17.53, 24.42, 25.56, 17.54, 23.06, 15.89, 25.09, 18.83, 32.82, 14.15, 16.03]
a: [195.0, 122.79, 98.97, 197.46, 99.65, 104.38, 194.77, 68.79, 164.56, 161.18, 124.21, 105.08, 93.18, 60.47]
d: [5.27, 5.24, 4.36, 4.83, 4.07, 4.24, 5.77, 5.63, 5.69, 5.12, 5.15, 3.52, 5.71, 2.0]

iteration: 79, best:[5.81, 7.05, 9.5, 11.67, 14.33, 17.37, 28.09, 31.01, 32.33, 33.8, 39.09, 43.38, 46.47, 47.5]
time: [5.9, 7.21, 9.54, 12.12, 17.96, 40.26, 1000, 1000, 1000, 1000, 1000, 1000, 1000, 1000]
v: [14.78, 31.76, 32.02, 13.89, 20.24, 15.25, 25.69, 23.06, 25.43, 19.17, 26.01, 20.9, 17.88, 18.19]
a: [195.0, 122.79, 98.97, 139.97, 79.44, 71.97, 73.63, 68.79, 97.72, 169.18, 175.93, 65.88, 38.18, 151.6]
d: [5.27, 5.24, 4.36, 3.86, 4.07, 4.19, 5.77, 5.63, 5.69, 3.65, 4.02, 4.25, 5.73, 2.0]

mutation at idx = 0
iteration: 80, best:[5.81, 7.05, 9.5, 11.67, 14.33, 17.37, 28.09, 31.01, 32.33, 33.8, 39.09, 43.38, 46.47, 47.5]
time: [5.81, 7.11, 9.43, 12.11, 17.53, 21.23, 32.44, 35.66, 37.21, 38.93, 40.98, 42.78, 47.06, 48.13]
v: [26.75, 31.76, 32.02, 13.89, 31.55, 30.42, 24.99, 24.76, 21.6, 13.2, 20.02, 21.28, 29.21, 18.19]
a: [107.09, 122.79, 98.97, 139.97, 99.65, 71.97, 70.8, 68.79, 118.59, 120.59, 69.12, 155.57, 38.18, 151.6]
d: [5.27, 5.24, 4.36, 3.86, 4.07, 4.19, 5.77, 5.63, 5.69, 3.65, 4.12, 3.6, 5.58, 2.0]

iteration: 81, best:[5.81, 7.05, 9.5, 11.67, 14.33, 17.37, 28.09, 31.01, 32.33, 33.8, 39.09, 43.38, 46.47, 47.5]
time: [5.87, 7.25, 9.66, 12.33, 19.68, 24.69, 42.08, 51.79, 1000, 1000, 1000, 1000, 1000, 1000]
v: [14.78, 31.76, 32.02, 21.56, 35.0, 30.42, 11.87, 34.47, 11.41, 31.54, 24.23, 15.99, 32.93, 27.35]
a: [195.0, 122.79, 98.97, 56.11, 36.37, 71.97, 194.77, 116.73, 194.01, 121.13, 83.11, 166.85, 176.81, 54.54]
d: [5.27, 5.24, 4.36, 3.86, 4.07, 4.19, 5.77, 5.63, 4.46, 3.65, 4.82, 3.52, 5.88, 2.0]

iteration: 82, best:[5.81, 7.05, 9.5, 11.67, 14.33, 17.37, 28.09, 31.01, 32.33, 33.8, 39.09, 43.38, 46.47, 47.5]
time: [5.87, 7.24, 9.66, 12.37, 14.76, 19.28, 28.5, 32.26, 33.76, 1000, 1000, 1000, 1000, 1000]
v: [14.78, 31.76, 32.02, 24.07, 34.18, 20.2, 28.74, 23.06, 20.36, 29.96, 20.87, 32.82, 29.47, 34.0]
a: [195.0, 122.79, 98.97, 45.91, 115.1, 71.97, 179.96, 68.79, 194.07, 65.34, 27.35, 105.08, 180.1, 126.71]
d: [5.27, 5.24, 4.36, 4.61, 4.07, 4.19, 5.77, 5.63, 5.69, 3.65, 3.57, 3.52, 5.71, 2.0]

