iteration: 1, time: [7.43, 10.34, 12.61, 14.03, 15.88, 17.18, 18.6, 20.03, 21.15, 23.45, 26.09, 30.72], last_race_time:[1000. 1000. 1000. 1000. 1000. 1000. 1000. 1000. 1000. 1000. 1000. 1000.]
v: [12.0, 12.0, 12.0, 9.182512975220524, 12.0, 12.906587790610747, 12.0, 12.0, 12.0, 12.0, 12.0, 12.0]
a: [100.0, 100.0, 100.0, 100.0, 100.0, 100.0, 100.0, 100.0, 81.22351681394488, 100.0, 100.0, 100.0]
d: [5.0, 5.0, 5.0, 5.0, 5.0, 4.750758597544794, 5.0, 6.775556378494994, 5.0, 4.414147142284089, 5.0, 5.0]
iteration: 2, time: [7.28, 10.17, 12.41, 13.85, 15.68, 17.24, 19.03, 20.46, 21.59, 23.83, 26.41, 31.05], last_race_time:[ 7.43 10.34 12.61 14.03 15.88 17.18 18.6  20.03 21.15 23.45 26.09 30.72]
v: [12.0, 12.0, 12.0, 9.182512975220524, 12.0, 12.906587790610747, 12.0, 12.0, 12.0, 12.0, 12.0, 12.0]
a: [100.0, 100.0, 100.0, 100.0, 100.0, 100.0, 100.0, 100.0, 81.22351681394488, 100.0, 100.0, 88.42680318331855]
d: [5.0, 5.0, 5.0, 5.0, 5.0, 4.750758597544794, 5.0, 6.775556378494994, 5.0, 4.414147142284089, 5.0, 5.0152733445251805]
iteration: 3, time: [7.04, 10.01, 12.26, 13.68, 15.66, 19.77, 21.18, 1000, 1000, 1000, 1000, 1000], last_race_time:[ 7.28 10.17 12.41 13.85 15.68 17.18 18.6  20.03 21.15 23.45 26.09 30.72]
v: [12.0, 12.0, 12.0, 9.182512975220524, 12.0, 12.906587790610747, 12.0, 12.0, 12.0, 12.0, 12.0, 15.017579238100984]
a: [100.0, 100.0, 100.0, 100.0, 100.0, 100.0, 100.0, 100.0, 81.22351681394488, 100.0, 100.0, 100.0]
d: [5.0, 5.0, 5.0, 5.0, 5.0, 4.750758597544794, 5.0, 6.775556378494994, 5.0, 4.414147142284089, 5.0, 5.0]
iteration: 4, time: [6.94, 9.9, 12.18, 13.62, 15.52, 1000, 1000, 1000, 1000, 1000, 1000, 1000], last_race_time:[ 7.04 10.01 12.26 13.68 15.66 17.18 18.6  20.03 21.15 23.45 26.09 30.72]
v: [12.0, 12.0, 12.0, 9.182512975220524, 12.0, 12.906587790610747, 12.368545472197688, 15.897625517495264, 12.0, 5.384948819715227, 11.76485360444206, 12.0]
a: [100.0, 100.0, 100.0, 100.0, 100.0, 118.5824967263678, 100.0, 100.0, 89.35175235916311, 107.15554642719036, 129.8159662942639, 100.0]
d: [5.0, 5.0, 5.0, 5.0, 5.0, 10.232328412738813, 5.0, 6.775556378494994, 8.894479058308377, 14.967063164862413, 5.0, 5.0]
iteration: 5, time: [7.03, 10.0, 12.26, 13.68, 15.57, 19.75, 20.97, 1000, 1000, 1000, 1000, 1000], last_race_time:[ 6.94  9.9  12.18 13.62 15.52 17.18 18.6  20.03 21.15 23.45 26.09 30.72]
v: [12.0, 12.0, 12.0, 9.182512975220524, 12.0, 12.906587790610747, 15.211579895762018, 6.917807627981778, 23.86178149837123, 12.0, 24.252756310063983, 19.946470111345338]
a: [100.0, 100.0, 100.0, 100.0, 100.0, 100.0, 144.7084373430372, 100.0, 81.22351681394488, 100.0, 91.99868026415572, 100.0]
d: [5.0, 5.0, 5.0, 5.0, 5.0, 5.077868850073145, 5.0, 13.55195447078858, 5.0, 8.914294835795477, 5.0, 5.978936790022288]
iteration: 6, time: [6.87, 9.83, 12.09, 13.52, 1000, 1000, 1000, 1000, 1000, 1000, 1000, 1000], last_race_time:[ 6.94  9.9  12.18 13.62 15.52 17.18 18.6  20.03 21.15 23.45 26.09 30.72]
v: [12.0, 12.0, 12.0, 9.182512975220524, 12.0, 22.12015166946429, 20.07029741995585, 7.770829310652192, 12.0, 16.747795067755384, 12.0, 12.0]
a: [100.0, 100.0, 100.0, 100.0, 100.0, 135.3031381874247, 86.99462460959535, 69.36405597514506, 90.43331676510664, 100.0, 88.16079524056217, 100.0]
d: [5.0, 5.0, 5.0, 5.0, 5.0, 13.920270812813007, 11.417237064224782, 6.775556378494994, 5.0, 5.962968594560878, 5.0, 5.0]
iteration: 7, time: [7.26, 10.16, 12.39, 13.8, 17.6, 1000, 1000, 1000, 1000, 1000, 1000, 1000], last_race_time:[ 6.87  9.83 12.09 13.52 15.52 17.18 18.6  20.03 21.15 23.45 26.09 30.72]
v: [12.0, 12.0, 12.0, 9.182512975220524, 9.572264709026985, 13.404464257664547, 21.195572200174382, 12.0, 12.0, 12.211948579065758, 12.0, 12.0]
a: [100.0, 100.0, 100.0, 100.0, 100.0, 62.317860248719796, 100.0, 124.72380788354158, 81.22351681394488, 126.13185992703117, 100.0, 100.0]
d: [5.0, 5.0, 5.0, 5.0, 10.666412271752812, 4.750758597544794, 5.0, 5.219879798486591, 5.0, 5.525104749959771, 13.170165244181856, 13.186707543860337]
iteration: 8, time: [6.85, 9.71, 11.94, 13.38, 18.89, 20.23, 21.06, 1000, 1000, 1000, 1000, 1000], last_race_time:[ 6.87  9.83 12.09 13.52 15.52 17.18 18.6  20.03 21.15 23.45 26.09 30.72]
v: [12.0, 12.0, 12.0, 9.182512975220524, 9.26519444374361, 5.664007880180817, 12.0, 18.121297244124314, 12.0, 12.0, 18.12009928161903, 12.703061447583298]
a: [100.0, 100.0, 100.0, 100.0, 63.26739747460167, 100.0, 100.0, 100.0, 145.72205835148955, 100.0, 100.0, 101.98040501423307]
d: [5.0, 5.0, 5.0, 5.0, 5.0, 11.224129558887014, 5.0, 11.539970961468427, 5.0, 4.414147142284089, 13.604642958094262, 14.01743375232904]
iteration: 9, time: [7.06, 10.05, 12.3, 13.76, 15.28, 1000, 1000, 1000, 1000, 1000, 1000, 1000], last_race_time:[ 6.85  9.71 11.94 13.38 15.52 17.18 18.6  20.03 21.15 23.45 26.09 30.72]
v: [12.0, 12.0, 12.0, 9.182512975220524, 23.57130477398504, 6.532665283610843, 5.122240039837385, 12.0, 12.0, 10.89597274857858, 6.647391381757581, 7.909618413896777]
a: [100.0, 100.0, 100.0, 100.0, 100.0, 115.53744402723441, 105.2158195617675, 100.0, 68.929553328537, 100.0, 100.0, 100.0]
d: [5.0, 5.0, 5.0, 5.0, 5.0, 4.750758597544794, 4.640624523308797, 4.528692113095761, 5.0, 4.414147142284089, 13.642225308231833, 5.0]
iteration: 10, time: [6.99, 9.95, 12.19, 13.62, 15.22, 1000, 1000, 1000, 1000, 1000, 1000, 1000], last_race_time:[ 6.85  9.71 11.94 13.38 15.28 17.18 18.6  20.03 21.15 23.45 26.09 30.72]
v: [12.0, 12.0, 12.0, 9.182512975220524, 23.57130477398504, 12.906587790610747, 20.069418750367863, 12.0, 5.728598235858316, 12.0, 12.180661247919172, 20.979308944973383]
a: [100.0, 100.0, 100.0, 100.0, 100.0, 92.20329727778292, 77.23929269089625, 100.0, 81.22351681394488, 100.0, 118.66838752383183, 70.89050834160783]
d: [5.0, 5.0, 5.0, 5.0, 5.0, 4.750758597544794, 5.0, 5.54317060571075, 5.0, 4.414147142284089, 7.457537294713111, 14.13930625121409]
iteration: 11, time: [6.96, 9.9, 12.15, 13.63, 15.17, 18.27, 1000, 1000, 1000, 1000, 1000, 1000], last_race_time:[ 6.85  9.71 11.94 13.38 15.22 17.18 18.6  20.03 21.15 23.45 26.09 30.72]
v: [12.0, 12.0, 12.0, 9.182512975220524, 23.57130477398504, 12.906587790610747, 16.029010433928576, 24.087607631347733, 17.795951540461687, 22.604209023753366, 19.979310573976576, 24.33223365541555]
a: [100.0, 100.0, 100.0, 100.0, 100.0, 148.0055846472642, 100.0, 100.0, 63.173524889421394, 65.34153004548551, 100.0, 130.72128118186424]
d: [5.0, 5.0, 5.0, 5.0, 5.0, 4.750758597544794, 5.0, 6.775556378494994, 6.78297275070956, 4.414147142284089, 13.887637389205542, 8.1117272314184]
iteration: 12, time: [6.93, 9.88, 12.12, 13.53, 18.14, 1000, 1000, 1000, 1000, 1000, 1000, 1000], last_race_time:[ 6.85  9.71 11.94 13.38 15.17 17.18 18.6  20.03 21.15 23.45 26.09 30.72]
v: [12.0, 12.0, 12.0, 9.182512975220524, 23.57130477398504, 12.906587790610747, 12.0, 6.355217239017962, 12.0, 12.305161622088765, 12.845609414489264, 12.0]
a: [100.0, 100.0, 100.0, 100.0, 100.0, 62.656809626204804, 120.88796112281364, 100.18612465326149, 81.22351681394488, 141.88354189101847, 100.0, 78.93867709826011]
d: [5.0, 5.0, 5.0, 5.0, 5.0, 5.134682260378965, 14.706148783213573, 14.641320890929029, 12.440746726876426, 4.414147142284089, 9.519324839303014, 8.196759200500088]
