iteration: 1, time: [7.69, 11.13, 13.86, 15.5, 17.55, 21.73, 1000], last_race_time:[1000. 1000. 1000. 1000. 1000. 1000. 1000.]
v: [12.0, 12.0, 12.0, 12.0, 12.0, 12.0, 12.0]
a: [50.0, 50.0, 50.0, 50.0, 50.0, 50.0, 50.0]
d: [3.5, 3.5, 3.5, 3.5, 3.5, 3.5, 3.5]
iteration: 2, time: [7.42, 10.86, 13.59, 15.21, 17.28, 22.61, 24.36], last_race_time:[   7.69   11.13   13.86   15.5    17.55   21.73 1000.  ]
v: [12.0, 12.0, 12.0, 12.0, 12.0, 12.0, 18.86921486958147]
a: [50.0, 50.0, 50.0, 50.0, 50.0, 50.0, 78.0353561050804]
d: [3.5, 3.5, 3.5, 3.5, 3.5, 3.5, 6.730663401038529]
iteration: 3, time: [7.52, 10.97, 13.68, 15.3, 17.35, 18.46, 1000], last_race_time:[   7.42   10.86   13.59   15.21   17.28   21.73 1000.  ]
v: [12.0, 12.0, 12.0, 12.0, 12.0, 20.79085332727545, 12.0]
a: [50.0, 50.0, 50.0, 50.0, 50.0, 69.83769636723432, 65.87595254675388]
d: [3.5, 3.5, 3.5, 3.5, 3.5, 5.74022121790196, 3.5]
iteration: 4, time: [7.41, 10.83, 13.48, 15.12, 17.2, 18.36, 19.77], last_race_time:[   7.42   10.86   13.59   15.21   17.28   18.46 1000.  ]
v: [12.0, 12.0, 12.0, 12.0, 12.0, 20.79085332727545, 12.0]
a: [50.0, 50.0, 50.0, 50.0, 50.0, 69.83769636723432, 74.7333665172706]
d: [3.5, 3.5, 3.5, 3.5, 3.5, 5.74022121790196, 3.5]
iteration: 5, time: [7.63, 11.1, 13.76, 15.35, 17.36, 18.76, 20.0], last_race_time:[ 7.41 10.83 13.48 15.12 17.2  18.36 19.77]
v: [12.0, 12.0, 12.0, 12.0, 12.0, 20.79085332727545, 24.724961372943696]
a: [50.0, 50.0, 50.0, 50.0, 50.0, 69.83769636723432, 74.7333665172706]
d: [3.5, 3.5, 3.5, 3.5, 3.5, 5.74022121790196, 3.5]
iteration: 6, time: [7.42, 10.84, 13.48, 15.12, 17.25, 18.39, 19.64], last_race_time:[ 7.41 10.83 13.48 15.12 17.2  18.36 19.77]
v: [12.0, 12.0, 12.0, 12.0, 12.0, 20.79085332727545, 13.124722099305533]
a: [50.0, 50.0, 50.0, 50.0, 50.0, 69.83769636723432, 157.99090925965243]
d: [3.5, 3.5, 3.5, 3.5, 3.5, 5.74022121790196, 3.5]
iteration: 7, time: [7.58, 11.04, 13.72, 15.32, 17.36, 18.47, 19.75], last_race_time:[ 7.41 10.83 13.48 15.12 17.2  18.36 19.64]
v: [12.0, 12.0, 12.0, 12.0, 12.0, 20.79085332727545, 13.124722099305533]
a: [50.0, 50.0, 50.0, 50.0, 50.0, 69.83769636723432, 157.99090925965243]
d: [3.5, 3.5, 3.5, 3.5, 3.5, 5.74022121790196, 3.5]
iteration: 8, time: [7.52, 10.96, 13.65, 15.26, 17.3, 18.44, 19.93], last_race_time:[ 7.41 10.83 13.48 15.12 17.2  18.36 19.64]
v: [12.0, 12.0, 12.0, 12.0, 12.0, 20.79085332727545, 13.124722099305533]
a: [50.0, 50.0, 50.0, 50.0, 50.0, 69.83769636723432, 69.08325785952289]
d: [3.5, 3.5, 3.5, 3.5, 3.5, 5.74022121790196, 6.728221987713214]
iteration: 9, time: [7.53, 10.96, 13.68, 15.29, 17.31, 18.47, 19.77], last_race_time:[ 7.41 10.83 13.48 15.12 17.2  18.36 19.64]
v: [12.0, 12.0, 12.0, 12.0, 12.0, 20.79085332727545, 13.124722099305533]
a: [50.0, 50.0, 50.0, 50.0, 50.0, 69.83769636723432, 157.99090925965243]
d: [3.5, 3.5, 3.5, 3.5, 3.5, 5.74022121790196, 4.027399820238191]
iteration: 10, time: [7.54, 11.0, 13.69, 15.27, 17.32, 18.42, 1000], last_race_time:[ 7.41 10.83 13.48 15.12 17.2  18.36 19.64]
v: [12.0, 12.0, 12.0, 12.0, 12.0, 20.79085332727545, 5.897966153218186]
a: [50.0, 50.0, 50.0, 50.0, 50.0, 69.83769636723432, 157.99090925965243]
d: [3.5, 3.5, 3.5, 3.5, 3.5, 5.74022121790196, 3.5]
iteration: 11, time: [7.51, 10.95, 13.67, 15.29, 17.32, 18.53, 19.8], last_race_time:[ 7.41 10.83 13.48 15.12 17.2  18.36 19.64]
v: [12.0, 12.0, 12.0, 12.0, 12.0, 20.79085332727545, 13.124722099305533]
a: [50.0, 50.0, 50.0, 50.0, 50.0, 69.83769636723432, 157.99090925965243]
d: [3.5, 3.5, 3.5, 3.5, 3.5, 5.74022121790196, 3.5]
iteration: 12, time: [7.64, 11.09, 13.75, 15.34, 17.36, 18.76, 19.98], last_race_time:[ 7.41 10.83 13.48 15.12 17.2  18.36 19.64]
v: [12.0, 12.0, 12.0, 12.0, 12.0, 20.79085332727545, 16.500040212456753]
a: [50.0, 50.0, 50.0, 50.0, 50.0, 69.83769636723432, 111.27932422002206]
d: [3.5, 3.5, 3.5, 3.5, 3.5, 5.74022121790196, 3.5]
iteration: 13, time: [7.57, 11.04, 13.74, 15.32, 17.36, 18.47, 19.73], last_race_time:[ 7.41 10.83 13.48 15.12 17.2  18.36 19.64]
v: [12.0, 12.0, 12.0, 12.0, 12.0, 20.79085332727545, 13.124722099305533]
a: [50.0, 50.0, 50.0, 50.0, 50.0, 69.83769636723432, 157.99090925965243]
d: [3.5, 3.5, 3.5, 3.5, 3.5, 5.74022121790196, 6.008265370460774]
iteration: 14, time: [7.42, 10.84, 13.58, 15.2, 17.27, 18.38, 19.65], last_race_time:[ 7.41 10.83 13.48 15.12 17.2  18.36 19.64]
v: [12.0, 12.0, 12.0, 12.0, 12.0, 20.79085332727545, 13.124722099305533]
a: [50.0, 50.0, 50.0, 50.0, 50.0, 69.83769636723432, 152.77853350813493]
d: [3.5, 3.5, 3.5, 3.5, 3.5, 5.74022121790196, 4.609731944992383]
iteration: 15, time: [7.54, 11.04, 13.74, 15.35, 17.38, 18.48, 19.68], last_race_time:[ 7.41 10.83 13.48 15.12 17.2  18.36 19.64]
v: [12.0, 12.0, 12.0, 12.0, 12.0, 20.79085332727545, 14.153700815048925]
a: [50.0, 50.0, 50.0, 50.0, 50.0, 69.83769636723432, 189.10972544246954]
d: [3.5, 3.5, 3.5, 3.5, 3.5, 5.74022121790196, 5.805052726008239]
iteration: 16, time: [7.71, 11.16, 13.81, 15.4, 17.6, 18.81, 19.85], last_race_time:[ 7.41 10.83 13.48 15.12 17.2  18.36 19.64]
v: [12.0, 12.0, 12.0, 12.0, 12.0, 20.79085332727545, 21.087198059146647]
a: [50.0, 50.0, 50.0, 50.0, 50.0, 69.83769636723432, 157.99090925965243]
d: [3.5, 3.5, 3.5, 3.5, 3.5, 5.74022121790196, 3.5]
iteration: 17, time: [7.58, 11.05, 13.73, 15.32, 17.35, 18.74, 19.78], last_race_time:[ 7.41 10.83 13.48 15.12 17.2  18.36 19.64]
v: [12.0, 12.0, 12.0, 12.0, 12.0, 20.79085332727545, 23.073002049184694]
a: [50.0, 50.0, 50.0, 50.0, 50.0, 69.83769636723432, 157.99090925965243]
d: [3.5, 3.5, 3.5, 3.5, 3.5, 5.74022121790196, 3.5]
iteration: 18, time: [7.58, 11.04, 13.73, 15.32, 17.37, 18.76, 20.03], last_race_time:[ 7.41 10.83 13.48 15.12 17.2  18.36 19.64]
v: [12.0, 12.0, 12.0, 12.0, 12.0, 20.79085332727545, 13.124722099305533]
a: [50.0, 50.0, 50.0, 50.0, 50.0, 69.83769636723432, 157.99090925965243]
d: [3.5, 3.5, 3.5, 3.5, 3.5, 5.74022121790196, 4.295987856119425]
iteration: 19, time: [7.52, 10.98, 13.67, 15.27, 17.32, 18.43, 24.89], last_race_time:[ 7.41 10.83 13.48 15.12 17.2  18.36 19.64]
v: [12.0, 12.0, 12.0, 12.0, 12.0, 20.79085332727545, 6.841654045705486]
a: [50.0, 50.0, 50.0, 50.0, 50.0, 69.83769636723432, 157.99090925965243]
d: [3.5, 3.5, 3.5, 3.5, 3.5, 5.74022121790196, 3.5]
