
iteration: 1
best: [1000.0, 1000.0, 1000.0, 1000.0, 1000.0, 1000.0, 1000.0, 1000.0, 1000.0, 1000.0, 1000.0, 1000.0, 1000.0, 51.33]
time: [6.05, 7.85, 11.44, 15.12, 18.73, 22.55, 34.86, 38.67, 40.91, 43.61, 45.17, 47.42, 1000, 1000]
current_hyper_parameter
v: [12.0, 25.36, 12.0, 12.0, 28.58, 33.72, 27.19, 12.0, 12.0, 12.0, 12.0, 12.0, 31.62, 12.0]
a: [121.73, 67.02, 103.35, 50.0, 50.0, 50.0, 50.0, 50.0, 50.0, 50.0, 141.44, 143.24, 50.0, 50.0]
d: [3.5, 3.5, 3.5, 3.5, 3.5, 3.5, 3.5, 3.5, 3.5, 3.5, 3.5, 3.5, 3.5, 2.0]
BEST_hyper_parameter
v: [12.0, 25.36, 12.0, 12.0, 28.58, 33.72, 27.19, 12.0, 12.0, 12.0, 12.0, 12.0, 31.62, 12.0]
a: [121.73, 67.02, 103.35, 50.0, 50.0, 50.0, 50.0, 50.0, 50.0, 50.0, 141.44, 143.24, 50.0, 50.0]
d: [3.5, 3.5, 3.5, 3.5, 3.5, 3.5, 3.5, 3.5, 3.5, 3.5, 3.5, 3.5, 3.5, 2.0]
random_idx_1 = 0, random_idx_2 = 4
random_idx_1 = 1, random_idx_2 = 9

iteration: 2
best: [1000.0, 1000.0, 1000.0, 1000.0, 1000.0, 1000.0, 1000.0, 1000.0, 1000.0, 1000.0, 1000.0, 1000.0, 1000.0, 51.33]
time: [6.16, 7.97, 11.71, 15.46, 18.92, 22.98, 35.31, 38.95, 41.24, 43.85, 45.34, 47.6, 50.32, 52.28]
current_hyper_parameter
v: [12.0, 25.36, 12.0, 12.0, 27.84, 33.72, 27.19, 12.0, 12.0, 12.0, 12.0, 12.0, 31.62, 12.0]
a: [121.73, 67.02, 103.35, 50.0, 50.0, 50.0, 50.0, 50.0, 50.0, 74.82, 141.44, 143.24, 50.0, 50.0]
d: [3.5, 3.5, 3.5, 3.5, 3.5, 3.5, 3.5, 3.5, 3.5, 3.5, 3.5, 3.5, 3.5, 2.0]
BEST_hyper_parameter
v: [12.0, 25.36, 12.0, 12.0, 28.58, 33.72, 27.19, 12.0, 12.0, 12.0, 12.0, 12.0, 31.62, 12.0]
a: [121.73, 67.02, 103.35, 50.0, 50.0, 50.0, 50.0, 50.0, 50.0, 50.0, 141.44, 143.24, 50.0, 50.0]
d: [3.5, 3.5, 3.5, 3.5, 3.5, 3.5, 3.5, 3.5, 3.5, 3.5, 3.5, 3.5, 3.5, 2.0]
random_idx_1 = 1, random_idx_2 = 13
random_idx_1 = 0, random_idx_2 = 13

iteration: 3
best: [1000.0, 1000.0, 1000.0, 1000.0, 1000.0, 1000.0, 1000.0, 1000.0, 1000.0, 1000.0, 1000.0, 1000.0, 1000.0, 51.33]
time: [6.12, 7.92, 11.46, 15.28, 21.91, 1000, 1000, 1000, 1000, 1000, 1000, 1000, 1000, 1000]
current_hyper_parameter
v: [12.0, 25.36, 12.0, 12.0, 28.58, 33.72, 27.19, 12.0, 12.0, 12.0, 12.0, 12.0, 31.62, 25.16]
a: [121.73, 67.02, 103.35, 50.0, 50.0, 50.0, 50.0, 50.0, 50.0, 50.0, 141.44, 143.24, 50.0, 72.98]
d: [3.5, 3.5, 3.5, 3.5, 3.5, 3.5, 3.5, 3.5, 3.5, 3.5, 3.5, 3.5, 3.5, 2.0]
BEST_hyper_parameter
v: [12.0, 25.36, 12.0, 12.0, 28.58, 33.72, 27.19, 12.0, 12.0, 12.0, 12.0, 12.0, 31.62, 12.0]
a: [121.73, 67.02, 103.35, 50.0, 50.0, 50.0, 50.0, 50.0, 50.0, 50.0, 141.44, 143.24, 50.0, 50.0]
d: [3.5, 3.5, 3.5, 3.5, 3.5, 3.5, 3.5, 3.5, 3.5, 3.5, 3.5, 3.5, 3.5, 2.0]
random_idx_1 = 0, random_idx_2 = 3
random_idx_1 = 0, random_idx_2 = 9

iteration: 4
best: [1000.0, 1000.0, 1000.0, 1000.0, 1000.0, 1000.0, 1000.0, 1000.0, 1000.0, 1000.0, 1000.0, 1000.0, 1000.0, 51.33]
time: [6.05, 7.87, 11.52, 15.36, 21.89, 25.74, 37.79, 41.35, 43.72, 46.33, 55.91, 1000, 1000, 1000]
current_hyper_parameter
v: [12.0, 25.36, 12.0, 9.0, 28.58, 33.72, 27.19, 12.0, 12.0, 16.33, 12.0, 12.0, 31.62, 12.0]
a: [121.73, 67.02, 103.35, 50.0, 50.0, 50.0, 50.0, 50.0, 50.0, 50.0, 141.44, 143.24, 50.0, 50.0]
d: [3.5, 3.5, 3.5, 3.5, 3.5, 3.5, 3.5, 3.5, 3.5, 3.5, 3.5, 3.5, 3.5, 2.0]
BEST_hyper_parameter
v: [12.0, 25.36, 12.0, 12.0, 28.58, 33.72, 27.19, 12.0, 12.0, 12.0, 12.0, 12.0, 31.62, 12.0]
a: [121.73, 67.02, 103.35, 50.0, 50.0, 50.0, 50.0, 50.0, 50.0, 50.0, 141.44, 143.24, 50.0, 50.0]
d: [3.5, 3.5, 3.5, 3.5, 3.5, 3.5, 3.5, 3.5, 3.5, 3.5, 3.5, 3.5, 3.5, 2.0]
random_idx_1 = 2, random_idx_2 = 11
random_idx_1 = 2, random_idx_2 = 13

iteration: 5
best: [1000.0, 1000.0, 1000.0, 1000.0, 1000.0, 1000.0, 1000.0, 1000.0, 1000.0, 1000.0, 1000.0, 1000.0, 1000.0, 51.33]
time: [6.16, 7.99, 11.7, 15.2, 18.63, 22.91, 35.14, 39.0, 41.29, 43.96, 45.64, 48.16, 50.44, 52.12]
current_hyper_parameter
v: [12.0, 25.36, 12.0, 12.0, 28.58, 33.72, 27.19, 12.0, 12.0, 12.0, 12.0, 12.0, 31.62, 12.0]
a: [121.73, 67.02, 103.35, 50.0, 50.0, 50.0, 50.0, 50.0, 50.0, 50.0, 141.44, 143.24, 50.0, 50.0]
d: [3.5, 3.5, 3.5, 3.5, 3.5, 3.5, 3.5, 3.5, 3.5, 3.5, 3.5, 3.5, 3.5, 2.0]
BEST_hyper_parameter
v: [12.0, 25.36, 12.0, 12.0, 28.58, 33.72, 27.19, 12.0, 12.0, 12.0, 12.0, 12.0, 31.62, 12.0]
a: [121.73, 67.02, 103.35, 50.0, 50.0, 50.0, 50.0, 50.0, 50.0, 50.0, 141.44, 143.24, 50.0, 50.0]
d: [3.5, 3.5, 3.5, 3.5, 3.5, 3.5, 3.5, 3.5, 3.5, 3.5, 3.5, 3.5, 3.5, 2.0]
random_idx_1 = 2, random_idx_2 = 13
random_idx_1 = 1, random_idx_2 = 9

iteration: 6
best: [1000.0, 1000.0, 1000.0, 1000.0, 1000.0, 1000.0, 1000.0, 1000.0, 1000.0, 1000.0, 1000.0, 1000.0, 1000.0, 51.33]
time: [6.09, 7.92, 11.39, 14.94, 21.61, 25.43, 37.87, 41.64, 43.94, 46.35, 48.37, 50.77, 1000, 1000]
current_hyper_parameter
v: [12.0, 25.36, 12.0, 12.0, 28.58, 33.72, 27.19, 12.0, 12.0, 12.0, 12.0, 12.0, 31.62, 12.0]
a: [121.73, 67.02, 103.35, 50.0, 50.0, 50.0, 50.0, 50.0, 50.0, 99.0, 141.44, 143.24, 50.0, 50.0]
d: [3.5, 3.5, 3.5, 3.5, 3.5, 3.5, 3.5, 3.5, 3.5, 3.5, 3.5, 3.5, 3.5, 2.0]
BEST_hyper_parameter
v: [12.0, 25.36, 12.0, 12.0, 28.58, 33.72, 27.19, 12.0, 12.0, 12.0, 12.0, 12.0, 31.62, 12.0]
a: [121.73, 67.02, 103.35, 50.0, 50.0, 50.0, 50.0, 50.0, 50.0, 50.0, 141.44, 143.24, 50.0, 50.0]
d: [3.5, 3.5, 3.5, 3.5, 3.5, 3.5, 3.5, 3.5, 3.5, 3.5, 3.5, 3.5, 3.5, 2.0]
random_idx_1 = 1, random_idx_2 = 10
random_idx_1 = 2, random_idx_2 = 5

iteration: 7
best: [1000.0, 1000.0, 1000.0, 1000.0, 1000.0, 1000.0, 1000.0, 1000.0, 1000.0, 1000.0, 1000.0, 1000.0, 1000.0, 51.33]
time: [6.19, 8.01, 11.7, 15.18, 22.49, 29.29, 41.68, 45.34, 47.66, 50.34, 51.98, 1000, 1000, 1000]
current_hyper_parameter
v: [12.0, 25.36, 12.0, 12.0, 28.58, 33.72, 27.19, 12.0, 12.0, 12.0, 12.0, 12.0, 31.62, 12.0]
a: [121.73, 67.02, 103.35, 50.0, 50.0, 50.0, 50.0, 50.0, 50.0, 50.0, 96.17, 143.24, 50.0, 50.0]
d: [3.5, 3.5, 3.5, 3.5, 3.5, 3.5, 3.5, 3.5, 3.5, 3.5, 3.5, 3.5, 3.5, 2.0]
BEST_hyper_parameter
v: [12.0, 25.36, 12.0, 12.0, 28.58, 33.72, 27.19, 12.0, 12.0, 12.0, 12.0, 12.0, 31.62, 12.0]
a: [121.73, 67.02, 103.35, 50.0, 50.0, 50.0, 50.0, 50.0, 50.0, 50.0, 141.44, 143.24, 50.0, 50.0]
d: [3.5, 3.5, 3.5, 3.5, 3.5, 3.5, 3.5, 3.5, 3.5, 3.5, 3.5, 3.5, 3.5, 2.0]
random_idx_1 = 0, random_idx_2 = 7
random_idx_1 = 1, random_idx_2 = 7

iteration: 8
best: [1000.0, 1000.0, 1000.0, 1000.0, 1000.0, 1000.0, 1000.0, 1000.0, 1000.0, 1000.0, 1000.0, 1000.0, 1000.0, 51.33]
time: [6.15, 7.99, 11.64, 15.22, 18.67, 22.88, 35.21, 37.75, 40.48, 49.37, 54.57, 1000, 1000, 1000]
current_hyper_parameter
v: [12.0, 25.36, 12.0, 12.0, 28.58, 33.72, 27.19, 30.41, 12.0, 12.0, 12.0, 12.0, 31.62, 12.0]
a: [121.73, 67.02, 103.35, 50.0, 50.0, 50.0, 50.0, 148.37, 50.0, 50.0, 141.44, 143.24, 50.0, 50.0]
d: [3.5, 3.5, 3.5, 3.5, 3.5, 3.5, 3.5, 3.5, 3.5, 3.5, 3.5, 3.5, 3.5, 2.0]
BEST_hyper_parameter
v: [12.0, 25.36, 12.0, 12.0, 28.58, 33.72, 27.19, 12.0, 12.0, 12.0, 12.0, 12.0, 31.62, 12.0]
a: [121.73, 67.02, 103.35, 50.0, 50.0, 50.0, 50.0, 50.0, 50.0, 50.0, 141.44, 143.24, 50.0, 50.0]
d: [3.5, 3.5, 3.5, 3.5, 3.5, 3.5, 3.5, 3.5, 3.5, 3.5, 3.5, 3.5, 3.5, 2.0]
random_idx_1 = 0, random_idx_2 = 3
random_idx_1 = 1, random_idx_2 = 0

iteration: 9
best: [1000.0, 1000.0, 1000.0, 1000.0, 1000.0, 1000.0, 1000.0, 1000.0, 1000.0, 1000.0, 1000.0, 1000.0, 1000.0, 51.33]
time: [6.05, 7.85, 11.33, 14.51, 21.07, 24.84, 37.26, 40.9, 43.22, 45.87, 47.69, 50.2, 1000, 1000]
current_hyper_parameter
v: [12.0, 25.36, 12.0, 29.08, 28.58, 33.72, 27.19, 12.0, 12.0, 12.0, 12.0, 12.0, 31.62, 12.0]
a: [138.33, 67.02, 103.35, 50.0, 50.0, 50.0, 50.0, 50.0, 50.0, 50.0, 141.44, 143.24, 50.0, 50.0]
d: [3.5, 3.5, 3.5, 3.5, 3.5, 3.5, 3.5, 3.5, 3.5, 3.5, 3.5, 3.5, 3.5, 2.0]
BEST_hyper_parameter
v: [12.0, 25.36, 12.0, 12.0, 28.58, 33.72, 27.19, 12.0, 12.0, 12.0, 12.0, 12.0, 31.62, 12.0]
a: [121.73, 67.02, 103.35, 50.0, 50.0, 50.0, 50.0, 50.0, 50.0, 50.0, 141.44, 143.24, 50.0, 50.0]
d: [3.5, 3.5, 3.5, 3.5, 3.5, 3.5, 3.5, 3.5, 3.5, 3.5, 3.5, 3.5, 3.5, 2.0]
random_idx_1 = 2, random_idx_2 = 10
random_idx_1 = 0, random_idx_2 = 4

iteration: 10
best: [1000.0, 1000.0, 1000.0, 1000.0, 1000.0, 1000.0, 1000.0, 1000.0, 1000.0, 1000.0, 1000.0, 1000.0, 1000.0, 51.33]
time: [6.17, 7.96, 11.62, 15.22, 18.71, 22.91, 35.25, 38.91, 41.25, 43.92, 48.47, 50.71, 1000, 1000]
current_hyper_parameter
v: [12.0, 25.36, 12.0, 12.0, 33.07, 33.72, 27.19, 12.0, 12.0, 12.0, 12.0, 12.0, 31.62, 12.0]
a: [121.73, 67.02, 103.35, 50.0, 50.0, 50.0, 50.0, 50.0, 50.0, 50.0, 141.44, 143.24, 50.0, 50.0]
d: [3.5, 3.5, 3.5, 3.5, 3.5, 3.5, 3.5, 3.5, 3.5, 3.5, 3.5, 3.5, 3.5, 2.0]
BEST_hyper_parameter
v: [12.0, 25.36, 12.0, 12.0, 28.58, 33.72, 27.19, 12.0, 12.0, 12.0, 12.0, 12.0, 31.62, 12.0]
a: [121.73, 67.02, 103.35, 50.0, 50.0, 50.0, 50.0, 50.0, 50.0, 50.0, 141.44, 143.24, 50.0, 50.0]
d: [3.5, 3.5, 3.5, 3.5, 3.5, 3.5, 3.5, 3.5, 3.5, 3.5, 3.5, 3.5, 3.5, 2.0]
random_idx_1 = 0, random_idx_2 = 8
random_idx_1 = 0, random_idx_2 = 13

iteration: 11
best: [1000.0, 1000.0, 1000.0, 1000.0, 1000.0, 1000.0, 1000.0, 1000.0, 1000.0, 1000.0, 1000.0, 1000.0, 1000.0, 51.33]
time: [6.08, 7.89, 11.37, 14.89, 21.58, 25.41, 37.76, 41.56, 43.66, 46.27, 48.17, 50.38, 1000, 1000]
current_hyper_parameter
v: [12.0, 25.36, 12.0, 12.0, 28.58, 33.72, 27.19, 12.0, 15.2, 12.0, 12.0, 12.0, 31.62, 26.79]
a: [121.73, 67.02, 103.35, 50.0, 50.0, 50.0, 50.0, 50.0, 50.0, 50.0, 141.44, 143.24, 50.0, 50.0]
d: [3.5, 3.5, 3.5, 3.5, 3.5, 3.5, 3.5, 3.5, 3.5, 3.5, 3.5, 3.5, 3.5, 2.0]
BEST_hyper_parameter
v: [12.0, 25.36, 12.0, 12.0, 28.58, 33.72, 27.19, 12.0, 12.0, 12.0, 12.0, 12.0, 31.62, 12.0]
a: [121.73, 67.02, 103.35, 50.0, 50.0, 50.0, 50.0, 50.0, 50.0, 50.0, 141.44, 143.24, 50.0, 50.0]
d: [3.5, 3.5, 3.5, 3.5, 3.5, 3.5, 3.5, 3.5, 3.5, 3.5, 3.5, 3.5, 3.5, 2.0]
random_idx_1 = 0, random_idx_2 = 13
random_idx_1 = 1, random_idx_2 = 9

iteration: 12
best: [1000.0, 1000.0, 1000.0, 1000.0, 1000.0, 1000.0, 1000.0, 1000.0, 1000.0, 1000.0, 1000.0, 1000.0, 1000.0, 51.33]
time: [6.18, 7.98, 11.64, 15.19, 21.74, 25.64, 37.9, 41.9, 44.1, 46.7, 51.35, 1000, 1000, 1000]
current_hyper_parameter
v: [12.0, 25.36, 12.0, 12.0, 28.58, 33.72, 27.19, 12.0, 12.0, 12.0, 12.0, 12.0, 31.62, 29.79]
a: [121.73, 67.02, 103.35, 50.0, 50.0, 50.0, 50.0, 50.0, 50.0, 53.48, 141.44, 143.24, 50.0, 50.0]
d: [3.5, 3.5, 3.5, 3.5, 3.5, 3.5, 3.5, 3.5, 3.5, 3.5, 3.5, 3.5, 3.5, 2.0]
BEST_hyper_parameter
v: [12.0, 25.36, 12.0, 12.0, 28.58, 33.72, 27.19, 12.0, 12.0, 12.0, 12.0, 12.0, 31.62, 12.0]
a: [121.73, 67.02, 103.35, 50.0, 50.0, 50.0, 50.0, 50.0, 50.0, 50.0, 141.44, 143.24, 50.0, 50.0]
d: [3.5, 3.5, 3.5, 3.5, 3.5, 3.5, 3.5, 3.5, 3.5, 3.5, 3.5, 3.5, 3.5, 2.0]
random_idx_1 = 1, random_idx_2 = 3
random_idx_1 = 1, random_idx_2 = 2

iteration: 13
best: [1000.0, 1000.0, 1000.0, 1000.0, 1000.0, 1000.0, 1000.0, 1000.0, 1000.0, 1000.0, 1000.0, 1000.0, 1000.0, 51.33]
time: [6.17, 7.96, 11.89, 15.91, 22.67, 26.64, 38.93, 42.91, 45.09, 47.76, 52.37, 1000, 1000, 1000]
current_hyper_parameter
v: [12.0, 25.36, 12.0, 12.0, 28.58, 33.72, 27.19, 12.0, 12.0, 12.0, 12.0, 12.0, 31.62, 12.0]
a: [121.73, 67.02, 53.02, 58.68, 50.0, 50.0, 50.0, 50.0, 50.0, 50.0, 141.44, 143.24, 50.0, 50.0]
d: [3.5, 3.5, 3.5, 3.5, 3.5, 3.5, 3.5, 3.5, 3.5, 3.5, 3.5, 3.5, 3.5, 2.0]
BEST_hyper_parameter
v: [12.0, 25.36, 12.0, 12.0, 28.58, 33.72, 27.19, 12.0, 12.0, 12.0, 12.0, 12.0, 31.62, 12.0]
a: [121.73, 67.02, 103.35, 50.0, 50.0, 50.0, 50.0, 50.0, 50.0, 50.0, 141.44, 143.24, 50.0, 50.0]
d: [3.5, 3.5, 3.5, 3.5, 3.5, 3.5, 3.5, 3.5, 3.5, 3.5, 3.5, 3.5, 3.5, 2.0]
random_idx_1 = 1, random_idx_2 = 5
random_idx_1 = 2, random_idx_2 = 8

iteration: 14
best: [1000.0, 1000.0, 1000.0, 1000.0, 1000.0, 1000.0, 1000.0, 1000.0, 1000.0, 1000.0, 1000.0, 1000.0, 1000.0, 51.33]
time: [6.04, 7.83, 11.28, 14.75, 21.38, 23.75, 33.55, 37.36, 39.82, 42.53, 47.05, 49.33, 1000, 1000]
current_hyper_parameter
v: [12.0, 25.36, 12.0, 12.0, 28.58, 33.72, 27.19, 12.0, 12.0, 12.0, 12.0, 12.0, 31.62, 12.0]
a: [121.73, 67.02, 103.35, 50.0, 50.0, 159.77, 50.0, 50.0, 50.0, 50.0, 141.44, 143.24, 50.0, 50.0]
d: [3.5, 3.5, 3.5, 3.5, 3.5, 3.5, 3.5, 3.5, 3.5, 3.5, 3.5, 3.5, 3.5, 2.0]
BEST_hyper_parameter
v: [12.0, 25.36, 12.0, 12.0, 28.58, 33.72, 27.19, 12.0, 12.0, 12.0, 12.0, 12.0, 31.62, 12.0]
a: [121.73, 67.02, 103.35, 50.0, 50.0, 50.0, 50.0, 50.0, 50.0, 50.0, 141.44, 143.24, 50.0, 50.0]
d: [3.5, 3.5, 3.5, 3.5, 3.5, 3.5, 3.5, 3.5, 3.5, 3.5, 3.5, 3.5, 3.5, 2.0]
random_idx_1 = 1, random_idx_2 = 4
random_idx_1 = 1, random_idx_2 = 10

iteration: 15
best: [1000.0, 1000.0, 1000.0, 1000.0, 1000.0, 1000.0, 1000.0, 1000.0, 1000.0, 1000.0, 1000.0, 1000.0, 1000.0, 51.33]
time: [6.15, 7.94, 11.52, 15.13, 20.59, 25.13, 37.09, 40.76, 42.99, 45.7, 47.56, 50.03, 1000, 1000]
current_hyper_parameter
v: [12.0, 25.36, 12.0, 12.0, 28.58, 33.72, 27.19, 12.0, 12.0, 12.0, 12.0, 12.0, 31.62, 12.0]
a: [121.73, 67.02, 103.35, 50.0, 159.65, 50.0, 50.0, 50.0, 50.0, 50.0, 72.95, 143.24, 50.0, 50.0]
d: [3.5, 3.5, 3.5, 3.5, 3.5, 3.5, 3.5, 3.5, 3.5, 3.5, 3.5, 3.5, 3.5, 2.0]
BEST_hyper_parameter
v: [12.0, 25.36, 12.0, 12.0, 28.58, 33.72, 27.19, 12.0, 12.0, 12.0, 12.0, 12.0, 31.62, 12.0]
a: [121.73, 67.02, 103.35, 50.0, 50.0, 50.0, 50.0, 50.0, 50.0, 50.0, 141.44, 143.24, 50.0, 50.0]
d: [3.5, 3.5, 3.5, 3.5, 3.5, 3.5, 3.5, 3.5, 3.5, 3.5, 3.5, 3.5, 3.5, 2.0]
random_idx_1 = 0, random_idx_2 = 2
random_idx_1 = 2, random_idx_2 = 11

iteration: 16
best: [1000.0, 1000.0, 1000.0, 1000.0, 1000.0, 1000.0, 1000.0, 1000.0, 1000.0, 1000.0, 1000.0, 1000.0, 1000.0, 51.33]
time: [6.15, 7.96, 10.92, 14.26, 17.93, 21.71, 34.14, 37.78, 39.94, 42.61, 44.44, 46.94, 49.5, 51.97]
current_hyper_parameter
v: [12.0, 25.36, 24.2, 12.0, 28.58, 33.72, 27.19, 12.0, 12.0, 12.0, 12.0, 12.0, 31.62, 12.0]
a: [121.73, 67.02, 103.35, 50.0, 50.0, 50.0, 50.0, 50.0, 50.0, 50.0, 141.44, 143.24, 50.0, 50.0]
d: [3.5, 3.5, 3.5, 3.5, 3.5, 3.5, 3.5, 3.5, 3.5, 3.5, 3.5, 3.5, 3.5, 2.0]
BEST_hyper_parameter
v: [12.0, 25.36, 12.0, 12.0, 28.58, 33.72, 27.19, 12.0, 12.0, 12.0, 12.0, 12.0, 31.62, 12.0]
a: [121.73, 67.02, 103.35, 50.0, 50.0, 50.0, 50.0, 50.0, 50.0, 50.0, 141.44, 143.24, 50.0, 50.0]
d: [3.5, 3.5, 3.5, 3.5, 3.5, 3.5, 3.5, 3.5, 3.5, 3.5, 3.5, 3.5, 3.5, 2.0]
random_idx_1 = 2, random_idx_2 = 1
random_idx_1 = 1, random_idx_2 = 4

iteration: 17
best: [1000.0, 1000.0, 1000.0, 1000.0, 1000.0, 1000.0, 1000.0, 1000.0, 1000.0, 1000.0, 1000.0, 1000.0, 1000.0, 51.33]
time: [6.15, 7.96, 11.56, 15.22, 17.83, 22.77, 35.3, 39.04, 41.24, 43.83, 52.8, 1000, 1000, 1000]
current_hyper_parameter
v: [12.0, 25.36, 12.0, 12.0, 28.58, 33.72, 27.19, 12.0, 12.0, 12.0, 12.0, 12.0, 31.62, 12.0]
a: [121.73, 67.02, 103.35, 50.0, 127.17, 50.0, 50.0, 50.0, 50.0, 50.0, 141.44, 143.24, 50.0, 50.0]
d: [3.5, 3.5, 3.5, 3.5, 3.5, 3.5, 3.5, 3.5, 3.5, 3.5, 3.5, 3.5, 3.5, 2.0]
BEST_hyper_parameter
v: [12.0, 25.36, 12.0, 12.0, 28.58, 33.72, 27.19, 12.0, 12.0, 12.0, 12.0, 12.0, 31.62, 12.0]
a: [121.73, 67.02, 103.35, 50.0, 50.0, 50.0, 50.0, 50.0, 50.0, 50.0, 141.44, 143.24, 50.0, 50.0]
d: [3.5, 3.5, 3.5, 3.5, 3.5, 3.5, 3.5, 3.5, 3.5, 3.5, 3.5, 3.5, 3.5, 2.0]
random_idx_1 = 1, random_idx_2 = 6
random_idx_1 = 2, random_idx_2 = 3

iteration: 18
best: [1000.0, 1000.0, 1000.0, 1000.0, 1000.0, 1000.0, 1000.0, 1000.0, 1000.0, 1000.0, 1000.0, 1000.0, 1000.0, 51.33]
time: [6.16, 8.0, 11.66, 15.14, 18.54, 22.79, 34.4, 41.27, 48.81, 1000, 1000, 1000, 1000, 1000]
current_hyper_parameter
v: [12.0, 25.36, 12.0, 12.0, 28.58, 33.72, 27.19, 12.0, 12.0, 12.0, 12.0, 12.0, 31.62, 12.0]
a: [121.73, 67.02, 103.35, 50.0, 50.0, 50.0, 61.81, 50.0, 50.0, 50.0, 141.44, 143.24, 50.0, 50.0]
d: [3.5, 3.5, 3.5, 3.5, 3.5, 3.5, 3.5, 3.5, 3.5, 3.5, 3.5, 3.5, 3.5, 2.0]
BEST_hyper_parameter
v: [12.0, 25.36, 12.0, 12.0, 28.58, 33.72, 27.19, 12.0, 12.0, 12.0, 12.0, 12.0, 31.62, 12.0]
a: [121.73, 67.02, 103.35, 50.0, 50.0, 50.0, 50.0, 50.0, 50.0, 50.0, 141.44, 143.24, 50.0, 50.0]
d: [3.5, 3.5, 3.5, 3.5, 3.5, 3.5, 3.5, 3.5, 3.5, 3.5, 3.5, 3.5, 3.5, 2.0]
random_idx_1 = 2, random_idx_2 = 4
random_idx_1 = 1, random_idx_2 = 1

iteration: 19
best: [1000.0, 1000.0, 1000.0, 1000.0, 1000.0, 1000.0, 1000.0, 1000.0, 1000.0, 1000.0, 1000.0, 1000.0, 1000.0, 51.33]
time: [6.04, 9.19, 16.37, 20.3, 27.02, 30.89, 44.18, 48.64, 54.38, 1000, 1000, 1000, 1000, 1000]
current_hyper_parameter
v: [12.0, 25.36, 12.0, 12.0, 28.58, 33.72, 27.19, 12.0, 12.0, 12.0, 12.0, 12.0, 31.62, 12.0]
a: [121.73, 26.29, 103.35, 50.0, 50.0, 50.0, 50.0, 50.0, 50.0, 50.0, 141.44, 143.24, 50.0, 50.0]
d: [3.5, 3.5, 3.5, 3.5, 3.5, 3.5, 3.5, 3.5, 3.5, 3.5, 3.5, 3.5, 3.5, 2.0]
BEST_hyper_parameter
v: [12.0, 25.36, 12.0, 12.0, 28.58, 33.72, 27.19, 12.0, 12.0, 12.0, 12.0, 12.0, 31.62, 12.0]
a: [121.73, 67.02, 103.35, 50.0, 50.0, 50.0, 50.0, 50.0, 50.0, 50.0, 141.44, 143.24, 50.0, 50.0]
d: [3.5, 3.5, 3.5, 3.5, 3.5, 3.5, 3.5, 3.5, 3.5, 3.5, 3.5, 3.5, 3.5, 2.0]
random_idx_1 = 1, random_idx_2 = 4
random_idx_1 = 0, random_idx_2 = 13

iteration: 20
best: [1000.0, 1000.0, 1000.0, 1000.0, 1000.0, 1000.0, 1000.0, 1000.0, 1000.0, 1000.0, 1000.0, 1000.0, 1000.0, 51.33]
time: [6.03, 8.22, 12.17, 16.27, 22.32, 27.14, 39.46, 44.81, 47.57, 50.7, 1000, 1000, 1000, 1000]
current_hyper_parameter
v: [12.0, 25.36, 12.0, 12.0, 28.58, 33.72, 27.19, 12.0, 12.0, 12.0, 12.0, 12.0, 31.62, 31.29]
a: [121.73, 67.02, 103.35, 50.0, 72.77, 50.0, 50.0, 50.0, 50.0, 50.0, 141.44, 143.24, 50.0, 50.0]
d: [3.5, 3.5, 3.5, 3.5, 3.5, 3.5, 3.5, 3.5, 3.5, 3.5, 3.5, 3.5, 3.5, 2.0]
BEST_hyper_parameter
v: [12.0, 25.36, 12.0, 12.0, 28.58, 33.72, 27.19, 12.0, 12.0, 12.0, 12.0, 12.0, 31.62, 12.0]
a: [121.73, 67.02, 103.35, 50.0, 50.0, 50.0, 50.0, 50.0, 50.0, 50.0, 141.44, 143.24, 50.0, 50.0]
d: [3.5, 3.5, 3.5, 3.5, 3.5, 3.5, 3.5, 3.5, 3.5, 3.5, 3.5, 3.5, 3.5, 2.0]
random_idx_1 = 0, random_idx_2 = 10
random_idx_1 = 0, random_idx_2 = 8

iteration: 21
best: [1000.0, 1000.0, 1000.0, 1000.0, 1000.0, 1000.0, 1000.0, 1000.0, 1000.0, 1000.0, 1000.0, 1000.0, 1000.0, 51.33]
time: [6.02, 8.23, 12.22, 16.2, 19.94, 23.82, 37.28, 42.19, 44.93, 48.1, 49.25, 51.79, 1000, 1000]
current_hyper_parameter
v: [12.0, 25.36, 12.0, 12.0, 28.58, 33.72, 27.19, 12.0, 16.59, 12.0, 29.51, 12.0, 31.62, 12.0]
a: [121.73, 67.02, 103.35, 50.0, 50.0, 50.0, 50.0, 50.0, 50.0, 50.0, 141.44, 143.24, 50.0, 50.0]
d: [3.5, 3.5, 3.5, 3.5, 3.5, 3.5, 3.5, 3.5, 3.5, 3.5, 3.5, 3.5, 3.5, 2.0]
BEST_hyper_parameter
v: [12.0, 25.36, 12.0, 12.0, 28.58, 33.72, 27.19, 12.0, 12.0, 12.0, 12.0, 12.0, 31.62, 12.0]
a: [121.73, 67.02, 103.35, 50.0, 50.0, 50.0, 50.0, 50.0, 50.0, 50.0, 141.44, 143.24, 50.0, 50.0]
d: [3.5, 3.5, 3.5, 3.5, 3.5, 3.5, 3.5, 3.5, 3.5, 3.5, 3.5, 3.5, 3.5, 2.0]
random_idx_1 = 0, random_idx_2 = 10
random_idx_1 = 1, random_idx_2 = 4

iteration: 22
best: [1000.0, 1000.0, 1000.0, 1000.0, 1000.0, 1000.0, 1000.0, 1000.0, 1000.0, 1000.0, 1000.0, 1000.0, 1000.0, 51.33]
time: [6.03, 8.2, 12.15, 16.18, 19.61, 23.82, 37.25, 41.67, 47.39, 50.39, 51.63, 1000, 1000, 1000]
current_hyper_parameter
v: [12.0, 25.36, 12.0, 12.0, 28.58, 33.72, 27.19, 12.0, 12.0, 12.0, 22.26, 12.0, 31.62, 12.0]
a: [121.73, 67.02, 103.35, 50.0, 57.41, 50.0, 50.0, 50.0, 50.0, 50.0, 141.44, 143.24, 50.0, 50.0]
d: [3.5, 3.5, 3.5, 3.5, 3.5, 3.5, 3.5, 3.5, 3.5, 3.5, 3.5, 3.5, 3.5, 2.0]
BEST_hyper_parameter
v: [12.0, 25.36, 12.0, 12.0, 28.58, 33.72, 27.19, 12.0, 12.0, 12.0, 12.0, 12.0, 31.62, 12.0]
a: [121.73, 67.02, 103.35, 50.0, 50.0, 50.0, 50.0, 50.0, 50.0, 50.0, 141.44, 143.24, 50.0, 50.0]
d: [3.5, 3.5, 3.5, 3.5, 3.5, 3.5, 3.5, 3.5, 3.5, 3.5, 3.5, 3.5, 3.5, 2.0]
random_idx_1 = 2, random_idx_2 = 2
random_idx_1 = 1, random_idx_2 = 11
