
iteration: 1
best: [1000.0, 1000.0, 1000.0, 1000.0, 1000.0, 1000.0, 1000.0, 1000.0, 1000.0, 1000.0, 1000.0, 1000.0, 1000.0, 51.57]
time: [6.03, 7.82, 11.37, 14.95, 18.45, 22.73, 34.89, 38.69, 40.88, 43.58, 45.31, 47.38, 49.9, 51.55]
current_hyper_parameter
v: [12.0, 32.24, 12.0, 12.0, 28.58, 33.72, 27.19, 12.0, 12.0, 12.0, 12.0, 12.0, 31.62, 12.0]
a: [121.73, 67.02, 103.35, 50.0, 50.0, 50.0, 50.0, 50.0, 50.0, 50.0, 141.44, 143.24, 50.0, 50.0]
d: [3.5, 3.5, 3.5, 3.5, 3.5, 3.5, 3.5, 3.5, 3.5, 3.5, 3.5, 3.5, 3.5, 2.0]
BEST_hyper_parameter
v: [12.0, 32.24, 12.0, 12.0, 28.58, 33.72, 27.19, 12.0, 12.0, 12.0, 12.0, 12.0, 31.62, 12.0]
a: [121.73, 67.02, 103.35, 50.0, 50.0, 50.0, 50.0, 50.0, 50.0, 50.0, 141.44, 143.24, 50.0, 50.0]
d: [3.5, 3.5, 3.5, 3.5, 3.5, 3.5, 3.5, 3.5, 3.5, 3.5, 3.5, 3.5, 3.5, 2.0]
random_idx_1 = 2, random_idx_2 = 3
random_idx_1 = 1, random_idx_2 = 9

iteration: 2
best: [1000.0, 1000.0, 1000.0, 1000.0, 1000.0, 1000.0, 1000.0, 1000.0, 1000.0, 1000.0, 1000.0, 1000.0, 1000.0, 51.55]
time: [6.15, 7.94, 11.44, 15.09, 18.64, 22.87, 35.15, 39.01, 41.25, 43.62, 45.73, 48.09, 51.2, 52.93]
current_hyper_parameter
v: [12.0, 32.24, 12.0, 12.0, 28.58, 33.72, 27.19, 12.0, 12.0, 12.0, 12.0, 12.0, 31.62, 12.0]
a: [121.73, 67.02, 103.35, 50.0, 50.0, 50.0, 50.0, 50.0, 50.0, 126.02, 141.44, 143.24, 50.0, 50.0]
d: [3.5, 3.5, 3.5, 3.5, 3.5, 3.5, 3.5, 3.5, 3.5, 3.5, 3.5, 3.5, 3.5, 2.0]
BEST_hyper_parameter
v: [12.0, 32.24, 12.0, 12.0, 28.58, 33.72, 27.19, 12.0, 12.0, 12.0, 12.0, 12.0, 31.62, 12.0]
a: [121.73, 67.02, 103.35, 50.0, 50.0, 50.0, 50.0, 50.0, 50.0, 50.0, 141.44, 143.24, 50.0, 50.0]
d: [3.5, 3.5, 3.5, 3.5, 3.5, 3.5, 3.5, 3.5, 3.5, 3.5, 3.5, 3.5, 3.5, 2.0]
random_idx_1 = 0, random_idx_2 = 0
random_idx_1 = 2, random_idx_2 = 0

iteration: 3
best: [1000.0, 1000.0, 1000.0, 1000.0, 1000.0, 1000.0, 1000.0, 1000.0, 1000.0, 1000.0, 1000.0, 1000.0, 1000.0, 51.55]
time: [5.76, 7.42, 11.0, 14.65, 18.19, 22.48, 34.71, 38.36, 40.82, 43.54, 48.03, 50.37, 1000, 1000]
current_hyper_parameter
v: [26.02, 32.24, 12.0, 12.0, 28.58, 33.72, 27.19, 12.0, 12.0, 12.0, 12.0, 12.0, 31.62, 12.0]
a: [121.73, 67.02, 103.35, 50.0, 50.0, 50.0, 50.0, 50.0, 50.0, 50.0, 141.44, 143.24, 50.0, 50.0]
d: [3.5, 3.5, 3.5, 3.5, 3.5, 3.5, 3.5, 3.5, 3.5, 3.5, 3.5, 3.5, 3.5, 2.0]
BEST_hyper_parameter
v: [12.0, 32.24, 12.0, 12.0, 28.58, 33.72, 27.19, 12.0, 12.0, 12.0, 12.0, 12.0, 31.62, 12.0]
a: [121.73, 67.02, 103.35, 50.0, 50.0, 50.0, 50.0, 50.0, 50.0, 50.0, 141.44, 143.24, 50.0, 50.0]
d: [3.5, 3.5, 3.5, 3.5, 3.5, 3.5, 3.5, 3.5, 3.5, 3.5, 3.5, 3.5, 3.5, 2.0]
random_idx_1 = 2, random_idx_2 = 12
random_idx_1 = 2, random_idx_2 = 0

iteration: 4
best: [1000.0, 1000.0, 1000.0, 1000.0, 1000.0, 1000.0, 1000.0, 1000.0, 1000.0, 1000.0, 1000.0, 1000.0, 1000.0, 51.55]
time: [6.21, 7.99, 11.49, 15.51, 22.2, 26.02, 38.34, 42.05, 44.31, 47.02, 48.66, 50.71, 1000, 1000]
current_hyper_parameter
v: [12.0, 32.24, 12.0, 12.0, 28.58, 33.72, 27.19, 12.0, 12.0, 12.0, 12.0, 12.0, 31.62, 12.0]
a: [121.73, 67.02, 103.35, 50.0, 50.0, 50.0, 50.0, 50.0, 50.0, 50.0, 141.44, 143.24, 50.0, 50.0]
d: [3.5, 3.5, 3.5, 3.5, 3.5, 3.5, 3.5, 3.5, 3.5, 3.5, 3.5, 3.5, 3.5, 2.0]
BEST_hyper_parameter
v: [12.0, 32.24, 12.0, 12.0, 28.58, 33.72, 27.19, 12.0, 12.0, 12.0, 12.0, 12.0, 31.62, 12.0]
a: [121.73, 67.02, 103.35, 50.0, 50.0, 50.0, 50.0, 50.0, 50.0, 50.0, 141.44, 143.24, 50.0, 50.0]
d: [3.5, 3.5, 3.5, 3.5, 3.5, 3.5, 3.5, 3.5, 3.5, 3.5, 3.5, 3.5, 3.5, 2.0]
random_idx_1 = 1, random_idx_2 = 0
random_idx_1 = 0, random_idx_2 = 4

iteration: 5
best: [1000.0, 1000.0, 1000.0, 1000.0, 1000.0, 1000.0, 1000.0, 1000.0, 1000.0, 1000.0, 1000.0, 1000.0, 1000.0, 51.55]
time: [6.23, 8.2, 11.75, 15.32, 18.92, 22.92, 35.21, 38.98, 41.27, 43.91, 48.82, 51.99, 1000, 1000]
current_hyper_parameter
v: [12.0, 32.24, 12.0, 12.0, 32.84, 33.72, 27.19, 12.0, 12.0, 12.0, 12.0, 12.0, 31.62, 12.0]
a: [138.55, 67.02, 103.35, 50.0, 50.0, 50.0, 50.0, 50.0, 50.0, 50.0, 141.44, 143.24, 50.0, 50.0]
d: [3.5, 3.5, 3.5, 3.5, 3.5, 3.5, 3.5, 3.5, 3.5, 3.5, 3.5, 3.5, 3.5, 2.0]
BEST_hyper_parameter
v: [12.0, 32.24, 12.0, 12.0, 28.58, 33.72, 27.19, 12.0, 12.0, 12.0, 12.0, 12.0, 31.62, 12.0]
a: [121.73, 67.02, 103.35, 50.0, 50.0, 50.0, 50.0, 50.0, 50.0, 50.0, 141.44, 143.24, 50.0, 50.0]
d: [3.5, 3.5, 3.5, 3.5, 3.5, 3.5, 3.5, 3.5, 3.5, 3.5, 3.5, 3.5, 3.5, 2.0]
random_idx_1 = 2, random_idx_2 = 7
random_idx_1 = 2, random_idx_2 = 9

iteration: 6
best: [1000.0, 1000.0, 1000.0, 1000.0, 1000.0, 1000.0, 1000.0, 1000.0, 1000.0, 1000.0, 1000.0, 1000.0, 1000.0, 51.55]
time: [6.16, 7.94, 11.62, 15.2, 18.82, 23.06, 35.47, 40.4, 42.74, 45.39, 54.78, 1000, 1000, 1000]
current_hyper_parameter
v: [12.0, 32.24, 12.0, 12.0, 28.58, 33.72, 27.19, 12.0, 12.0, 12.0, 12.0, 12.0, 31.62, 12.0]
a: [121.73, 67.02, 103.35, 50.0, 50.0, 50.0, 50.0, 50.0, 50.0, 50.0, 141.44, 143.24, 50.0, 50.0]
d: [3.5, 3.5, 3.5, 3.5, 3.5, 3.5, 3.5, 3.5, 3.5, 3.5, 3.5, 3.5, 3.5, 2.0]
BEST_hyper_parameter
v: [12.0, 32.24, 12.0, 12.0, 28.58, 33.72, 27.19, 12.0, 12.0, 12.0, 12.0, 12.0, 31.62, 12.0]
a: [121.73, 67.02, 103.35, 50.0, 50.0, 50.0, 50.0, 50.0, 50.0, 50.0, 141.44, 143.24, 50.0, 50.0]
d: [3.5, 3.5, 3.5, 3.5, 3.5, 3.5, 3.5, 3.5, 3.5, 3.5, 3.5, 3.5, 3.5, 2.0]
random_idx_1 = 1, random_idx_2 = 3
random_idx_1 = 1, random_idx_2 = 0

iteration: 7
best: [1000.0, 1000.0, 1000.0, 1000.0, 1000.0, 1000.0, 1000.0, 1000.0, 1000.0, 1000.0, 1000.0, 1000.0, 1000.0, 51.55]
time: [6.45, 8.37, 11.92, 16.11, 22.92, 26.86, 39.2, 43.02, 45.42, 48.11, 49.61, 51.88, 1000, 1000]
current_hyper_parameter
v: [12.0, 32.24, 12.0, 12.0, 28.58, 33.72, 27.19, 12.0, 12.0, 12.0, 12.0, 12.0, 31.62, 12.0]
a: [53.47, 67.02, 103.35, 34.83, 50.0, 50.0, 50.0, 50.0, 50.0, 50.0, 141.44, 143.24, 50.0, 50.0]
d: [3.5, 3.5, 3.5, 3.5, 3.5, 3.5, 3.5, 3.5, 3.5, 3.5, 3.5, 3.5, 3.5, 2.0]
BEST_hyper_parameter
v: [12.0, 32.24, 12.0, 12.0, 28.58, 33.72, 27.19, 12.0, 12.0, 12.0, 12.0, 12.0, 31.62, 12.0]
a: [121.73, 67.02, 103.35, 50.0, 50.0, 50.0, 50.0, 50.0, 50.0, 50.0, 141.44, 143.24, 50.0, 50.0]
d: [3.5, 3.5, 3.5, 3.5, 3.5, 3.5, 3.5, 3.5, 3.5, 3.5, 3.5, 3.5, 3.5, 2.0]
random_idx_1 = 0, random_idx_2 = 13
random_idx_1 = 0, random_idx_2 = 8

iteration: 8
best: [1000.0, 1000.0, 1000.0, 1000.0, 1000.0, 1000.0, 1000.0, 1000.0, 1000.0, 1000.0, 1000.0, 1000.0, 1000.0, 51.55]
time: [6.14, 7.93, 11.56, 15.17, 18.68, 22.96, 35.38, 39.01, 41.49, 44.83, 46.43, 48.78, 54.32, 1000]
current_hyper_parameter
v: [12.0, 32.24, 12.0, 12.0, 28.58, 33.72, 27.19, 12.0, 10.24, 12.0, 12.0, 12.0, 31.62, 33.35]
a: [121.73, 67.02, 103.35, 50.0, 50.0, 50.0, 50.0, 50.0, 50.0, 50.0, 141.44, 143.24, 50.0, 50.0]
d: [3.5, 3.5, 3.5, 3.5, 3.5, 3.5, 3.5, 3.5, 3.5, 3.5, 3.5, 3.5, 3.5, 2.0]
BEST_hyper_parameter
v: [12.0, 32.24, 12.0, 12.0, 28.58, 33.72, 27.19, 12.0, 12.0, 12.0, 12.0, 12.0, 31.62, 12.0]
a: [121.73, 67.02, 103.35, 50.0, 50.0, 50.0, 50.0, 50.0, 50.0, 50.0, 141.44, 143.24, 50.0, 50.0]
d: [3.5, 3.5, 3.5, 3.5, 3.5, 3.5, 3.5, 3.5, 3.5, 3.5, 3.5, 3.5, 3.5, 2.0]
random_idx_1 = 1, random_idx_2 = 12
random_idx_1 = 1, random_idx_2 = 12

iteration: 9
best: [1000.0, 1000.0, 1000.0, 1000.0, 1000.0, 1000.0, 1000.0, 1000.0, 1000.0, 1000.0, 1000.0, 1000.0, 1000.0, 51.55]
time: [6.19, 7.97, 11.63, 15.26, 18.73, 23.03, 35.23, 39.13, 41.4, 44.0, 48.51, 50.75, 52.67, 1000]
current_hyper_parameter
v: [12.0, 32.24, 12.0, 12.0, 28.58, 33.72, 27.19, 12.0, 12.0, 12.0, 12.0, 12.0, 31.62, 12.0]
a: [121.73, 67.02, 103.35, 50.0, 50.0, 50.0, 50.0, 50.0, 50.0, 50.0, 141.44, 143.24, 120.59, 50.0]
d: [3.5, 3.5, 3.5, 3.5, 3.5, 3.5, 3.5, 3.5, 3.5, 3.5, 3.5, 3.5, 3.5, 2.0]
BEST_hyper_parameter
v: [12.0, 32.24, 12.0, 12.0, 28.58, 33.72, 27.19, 12.0, 12.0, 12.0, 12.0, 12.0, 31.62, 12.0]
a: [121.73, 67.02, 103.35, 50.0, 50.0, 50.0, 50.0, 50.0, 50.0, 50.0, 141.44, 143.24, 50.0, 50.0]
d: [3.5, 3.5, 3.5, 3.5, 3.5, 3.5, 3.5, 3.5, 3.5, 3.5, 3.5, 3.5, 3.5, 2.0]
random_idx_1 = 0, random_idx_2 = 1
random_idx_1 = 0, random_idx_2 = 1

iteration: 10
best: [1000.0, 1000.0, 1000.0, 1000.0, 1000.0, 1000.0, 1000.0, 1000.0, 1000.0, 1000.0, 1000.0, 1000.0, 1000.0, 51.55]
time: [6.2, 8.1, 11.78, 15.32, 18.8, 22.84, 35.18, 38.95, 41.18, 43.87, 45.6, 48.26, 1000, 1000]
current_hyper_parameter
v: [12.0, 14.87, 12.0, 12.0, 28.58, 33.72, 27.19, 12.0, 12.0, 12.0, 12.0, 12.0, 31.62, 12.0]
a: [121.73, 67.02, 103.35, 50.0, 50.0, 50.0, 50.0, 50.0, 50.0, 50.0, 141.44, 143.24, 50.0, 50.0]
d: [3.5, 3.5, 3.5, 3.5, 3.5, 3.5, 3.5, 3.5, 3.5, 3.5, 3.5, 3.5, 3.5, 2.0]
BEST_hyper_parameter
v: [12.0, 32.24, 12.0, 12.0, 28.58, 33.72, 27.19, 12.0, 12.0, 12.0, 12.0, 12.0, 31.62, 12.0]
a: [121.73, 67.02, 103.35, 50.0, 50.0, 50.0, 50.0, 50.0, 50.0, 50.0, 141.44, 143.24, 50.0, 50.0]
d: [3.5, 3.5, 3.5, 3.5, 3.5, 3.5, 3.5, 3.5, 3.5, 3.5, 3.5, 3.5, 3.5, 2.0]
random_idx_1 = 0, random_idx_2 = 13
random_idx_1 = 2, random_idx_2 = 0

iteration: 11
best: [1000.0, 1000.0, 1000.0, 1000.0, 1000.0, 1000.0, 1000.0, 1000.0, 1000.0, 1000.0, 1000.0, 1000.0, 1000.0, 51.55]
time: [6.15, 7.94, 11.54, 15.2, 18.72, 22.96, 35.13, 39.18, 41.53, 44.08, 45.59, 47.87, 50.55, 52.32]
current_hyper_parameter
v: [12.0, 32.24, 12.0, 12.0, 28.58, 33.72, 27.19, 12.0, 12.0, 12.0, 12.0, 12.0, 31.62, 27.08]
a: [121.73, 67.02, 103.35, 50.0, 50.0, 50.0, 50.0, 50.0, 50.0, 50.0, 141.44, 143.24, 50.0, 50.0]
d: [3.5, 3.5, 3.5, 3.5, 3.5, 3.5, 3.5, 3.5, 3.5, 3.5, 3.5, 3.5, 3.5, 2.0]
BEST_hyper_parameter
v: [12.0, 32.24, 12.0, 12.0, 28.58, 33.72, 27.19, 12.0, 12.0, 12.0, 12.0, 12.0, 31.62, 12.0]
a: [121.73, 67.02, 103.35, 50.0, 50.0, 50.0, 50.0, 50.0, 50.0, 50.0, 141.44, 143.24, 50.0, 50.0]
d: [3.5, 3.5, 3.5, 3.5, 3.5, 3.5, 3.5, 3.5, 3.5, 3.5, 3.5, 3.5, 3.5, 2.0]
random_idx_1 = 2, random_idx_2 = 1
random_idx_1 = 1, random_idx_2 = 2

iteration: 12
best: [1000.0, 1000.0, 1000.0, 1000.0, 1000.0, 1000.0, 1000.0, 1000.0, 1000.0, 1000.0, 1000.0, 1000.0, 1000.0, 51.55]
time: [6.09, 7.85, 12.0, 16.11, 26.85, 30.88, 43.18, 47.21, 49.48, 52.05, 1000, 1000, 1000, 1000]
current_hyper_parameter
v: [12.0, 32.24, 12.0, 12.0, 28.58, 33.72, 27.19, 12.0, 12.0, 12.0, 12.0, 12.0, 31.62, 12.0]
a: [121.73, 67.02, 41.96, 50.0, 50.0, 50.0, 50.0, 50.0, 50.0, 50.0, 141.44, 143.24, 50.0, 50.0]
d: [3.5, 3.5, 3.5, 3.5, 3.5, 3.5, 3.5, 3.5, 3.5, 3.5, 3.5, 3.5, 3.5, 2.0]
BEST_hyper_parameter
v: [12.0, 32.24, 12.0, 12.0, 28.58, 33.72, 27.19, 12.0, 12.0, 12.0, 12.0, 12.0, 31.62, 12.0]
a: [121.73, 67.02, 103.35, 50.0, 50.0, 50.0, 50.0, 50.0, 50.0, 50.0, 141.44, 143.24, 50.0, 50.0]
d: [3.5, 3.5, 3.5, 3.5, 3.5, 3.5, 3.5, 3.5, 3.5, 3.5, 3.5, 3.5, 3.5, 2.0]
random_idx_1 = 0, random_idx_2 = 10
random_idx_1 = 0, random_idx_2 = 9

iteration: 13
best: [1000.0, 1000.0, 1000.0, 1000.0, 1000.0, 1000.0, 1000.0, 1000.0, 1000.0, 1000.0, 1000.0, 1000.0, 1000.0, 51.55]
time: [6.16, 7.94, 11.56, 15.24, 19.04, 22.8, 35.11, 38.8, 41.1, 43.67, 52.21, 1000, 1000, 1000]
current_hyper_parameter
v: [12.0, 32.24, 12.0, 12.0, 28.58, 33.72, 27.19, 12.0, 12.0, 22.87, 25.46, 12.0, 31.62, 12.0]
a: [121.73, 67.02, 103.35, 50.0, 50.0, 50.0, 50.0, 50.0, 50.0, 50.0, 141.44, 143.24, 50.0, 50.0]
d: [3.5, 3.5, 3.5, 3.5, 3.5, 3.5, 3.5, 3.5, 3.5, 3.5, 3.5, 3.5, 3.5, 2.0]
BEST_hyper_parameter
v: [12.0, 32.24, 12.0, 12.0, 28.58, 33.72, 27.19, 12.0, 12.0, 12.0, 12.0, 12.0, 31.62, 12.0]
a: [121.73, 67.02, 103.35, 50.0, 50.0, 50.0, 50.0, 50.0, 50.0, 50.0, 141.44, 143.24, 50.0, 50.0]
d: [3.5, 3.5, 3.5, 3.5, 3.5, 3.5, 3.5, 3.5, 3.5, 3.5, 3.5, 3.5, 3.5, 2.0]
random_idx_1 = 0, random_idx_2 = 7
random_idx_1 = 2, random_idx_2 = 1

iteration: 14
best: [1000.0, 1000.0, 1000.0, 1000.0, 1000.0, 1000.0, 1000.0, 1000.0, 1000.0, 1000.0, 1000.0, 1000.0, 1000.0, 51.55]
time: [6.18, 7.97, 11.56, 15.39, 22.06, 25.93, 38.2, 41.9, 44.29, 47.48, 49.32, 51.5, 1000, 1000]
current_hyper_parameter
v: [12.0, 32.24, 12.0, 12.0, 28.58, 33.72, 27.19, 17.47, 12.0, 12.0, 12.0, 12.0, 31.62, 12.0]
a: [121.73, 67.02, 103.35, 50.0, 50.0, 50.0, 50.0, 50.0, 50.0, 50.0, 141.44, 143.24, 50.0, 50.0]
d: [3.5, 3.5, 3.5, 3.5, 3.5, 3.5, 3.5, 3.5, 3.5, 3.5, 3.5, 3.5, 3.5, 2.0]
BEST_hyper_parameter
v: [12.0, 32.24, 12.0, 12.0, 28.58, 33.72, 27.19, 12.0, 12.0, 12.0, 12.0, 12.0, 31.62, 12.0]
a: [121.73, 67.02, 103.35, 50.0, 50.0, 50.0, 50.0, 50.0, 50.0, 50.0, 141.44, 143.24, 50.0, 50.0]
d: [3.5, 3.5, 3.5, 3.5, 3.5, 3.5, 3.5, 3.5, 3.5, 3.5, 3.5, 3.5, 3.5, 2.0]
random_idx_1 = 1, random_idx_2 = 9
random_idx_1 = 1, random_idx_2 = 0

iteration: 15
best: [1000.0, 1000.0, 1000.0, 1000.0, 1000.0, 1000.0, 1000.0, 1000.0, 1000.0, 1000.0, 1000.0, 1000.0, 1000.0, 51.55]
time: [6.08, 7.89, 11.38, 15.29, 18.78, 23.11, 35.2, 38.96, 41.2, 43.47, 49.52, 1000, 1000, 1000]
current_hyper_parameter
v: [12.0, 32.24, 12.0, 12.0, 28.58, 33.72, 27.19, 12.0, 12.0, 12.0, 12.0, 12.0, 31.62, 12.0]
a: [105.12, 67.02, 103.35, 50.0, 50.0, 50.0, 50.0, 50.0, 50.0, 148.08, 141.44, 143.24, 50.0, 50.0]
d: [3.5, 3.5, 3.5, 3.5, 3.5, 3.5, 3.5, 3.5, 3.5, 3.5, 3.5, 3.5, 3.5, 2.0]
BEST_hyper_parameter
v: [12.0, 32.24, 12.0, 12.0, 28.58, 33.72, 27.19, 12.0, 12.0, 12.0, 12.0, 12.0, 31.62, 12.0]
a: [121.73, 67.02, 103.35, 50.0, 50.0, 50.0, 50.0, 50.0, 50.0, 50.0, 141.44, 143.24, 50.0, 50.0]
d: [3.5, 3.5, 3.5, 3.5, 3.5, 3.5, 3.5, 3.5, 3.5, 3.5, 3.5, 3.5, 3.5, 2.0]
random_idx_1 = 2, random_idx_2 = 10
random_idx_1 = 0, random_idx_2 = 6

iteration: 16
best: [1000.0, 1000.0, 1000.0, 1000.0, 1000.0, 1000.0, 1000.0, 1000.0, 1000.0, 1000.0, 1000.0, 1000.0, 1000.0, 51.55]
time: [6.19, 7.98, 11.54, 15.44, 22.56, 26.73, 50.87, 1000, 1000, 1000, 1000, 1000, 1000, 1000]
current_hyper_parameter
v: [12.0, 32.24, 12.0, 12.0, 28.58, 33.72, 8.55, 12.0, 12.0, 12.0, 12.0, 12.0, 31.62, 12.0]
a: [121.73, 67.02, 103.35, 50.0, 50.0, 50.0, 50.0, 50.0, 50.0, 50.0, 141.44, 143.24, 50.0, 50.0]
d: [3.5, 3.5, 3.5, 3.5, 3.5, 3.5, 3.5, 3.5, 3.5, 3.5, 3.5, 3.5, 3.5, 2.0]
BEST_hyper_parameter
v: [12.0, 32.24, 12.0, 12.0, 28.58, 33.72, 27.19, 12.0, 12.0, 12.0, 12.0, 12.0, 31.62, 12.0]
a: [121.73, 67.02, 103.35, 50.0, 50.0, 50.0, 50.0, 50.0, 50.0, 50.0, 141.44, 143.24, 50.0, 50.0]
d: [3.5, 3.5, 3.5, 3.5, 3.5, 3.5, 3.5, 3.5, 3.5, 3.5, 3.5, 3.5, 3.5, 2.0]
random_idx_1 = 1, random_idx_2 = 0
random_idx_1 = 0, random_idx_2 = 6

iteration: 17
best: [1000.0, 1000.0, 1000.0, 1000.0, 1000.0, 1000.0, 1000.0, 1000.0, 1000.0, 1000.0, 1000.0, 1000.0, 1000.0, 51.55]
time: [6.19, 8.04, 11.7, 15.41, 19.07, 22.8, 34.55, 38.9, 41.59, 44.46, 45.96, 48.21, 50.91, 52.87]
current_hyper_parameter
v: [12.0, 32.24, 12.0, 12.0, 28.58, 33.72, 32.76, 12.0, 12.0, 12.0, 12.0, 12.0, 31.62, 12.0]
a: [109.59, 67.02, 103.35, 50.0, 50.0, 50.0, 50.0, 50.0, 50.0, 50.0, 141.44, 143.24, 50.0, 50.0]
d: [3.5, 3.5, 3.5, 3.5, 3.5, 3.5, 3.5, 3.5, 3.5, 3.5, 3.5, 3.5, 3.5, 2.0]
BEST_hyper_parameter
v: [12.0, 32.24, 12.0, 12.0, 28.58, 33.72, 27.19, 12.0, 12.0, 12.0, 12.0, 12.0, 31.62, 12.0]
a: [121.73, 67.02, 103.35, 50.0, 50.0, 50.0, 50.0, 50.0, 50.0, 50.0, 141.44, 143.24, 50.0, 50.0]
d: [3.5, 3.5, 3.5, 3.5, 3.5, 3.5, 3.5, 3.5, 3.5, 3.5, 3.5, 3.5, 3.5, 2.0]
random_idx_1 = 2, random_idx_2 = 7
random_idx_1 = 0, random_idx_2 = 1

iteration: 18
best: [1000.0, 1000.0, 1000.0, 1000.0, 1000.0, 1000.0, 1000.0, 1000.0, 1000.0, 1000.0, 1000.0, 1000.0, 1000.0, 51.55]
time: [6.05, 7.85, 11.32, 14.85, 18.36, 22.37, 34.57, 38.48, 40.72, 43.32, 45.05, 47.03, 49.53, 51.33]
current_hyper_parameter
v: [12.0, 25.36, 12.0, 12.0, 28.58, 33.72, 27.19, 12.0, 12.0, 12.0, 12.0, 12.0, 31.62, 12.0]
a: [121.73, 67.02, 103.35, 50.0, 50.0, 50.0, 50.0, 50.0, 50.0, 50.0, 141.44, 143.24, 50.0, 50.0]
d: [3.5, 3.5, 3.5, 3.5, 3.5, 3.5, 3.5, 3.5, 3.5, 3.5, 3.5, 3.5, 3.5, 2.0]
BEST_hyper_parameter
v: [12.0, 32.24, 12.0, 12.0, 28.58, 33.72, 27.19, 12.0, 12.0, 12.0, 12.0, 12.0, 31.62, 12.0]
a: [121.73, 67.02, 103.35, 50.0, 50.0, 50.0, 50.0, 50.0, 50.0, 50.0, 141.44, 143.24, 50.0, 50.0]
d: [3.5, 3.5, 3.5, 3.5, 3.5, 3.5, 3.5, 3.5, 3.5, 3.5, 3.5, 3.5, 3.5, 2.0]
random_idx_1 = 1, random_idx_2 = 11
random_idx_1 = 1, random_idx_2 = 10

iteration: 19
best: [1000.0, 1000.0, 1000.0, 1000.0, 1000.0, 1000.0, 1000.0, 1000.0, 1000.0, 1000.0, 1000.0, 1000.0, 1000.0, 51.33]
time: [6.15, 7.94, 11.58, 15.3, 18.82, 23.05, 34.95, 38.94, 41.32, 43.88, 48.59, 1000, 1000, 1000]
current_hyper_parameter
v: [12.0, 25.36, 12.0, 12.0, 28.58, 33.72, 27.19, 12.0, 12.0, 12.0, 12.0, 12.0, 31.62, 12.0]
a: [121.73, 67.02, 103.35, 50.0, 50.0, 50.0, 50.0, 50.0, 50.0, 50.0, 91.16, 33.16, 50.0, 50.0]
d: [3.5, 3.5, 3.5, 3.5, 3.5, 3.5, 3.5, 3.5, 3.5, 3.5, 3.5, 3.5, 3.5, 2.0]
BEST_hyper_parameter
v: [12.0, 25.36, 12.0, 12.0, 28.58, 33.72, 27.19, 12.0, 12.0, 12.0, 12.0, 12.0, 31.62, 12.0]
a: [121.73, 67.02, 103.35, 50.0, 50.0, 50.0, 50.0, 50.0, 50.0, 50.0, 141.44, 143.24, 50.0, 50.0]
d: [3.5, 3.5, 3.5, 3.5, 3.5, 3.5, 3.5, 3.5, 3.5, 3.5, 3.5, 3.5, 3.5, 2.0]
random_idx_1 = 0, random_idx_2 = 5
random_idx_1 = 2, random_idx_2 = 1

iteration: 20
best: [1000.0, 1000.0, 1000.0, 1000.0, 1000.0, 1000.0, 1000.0, 1000.0, 1000.0, 1000.0, 1000.0, 1000.0, 1000.0, 51.33]
time: [6.17, 7.95, 11.56, 15.18, 18.69, 22.9, 35.21, 39.31, 41.59, 44.52, 46.12, 48.44, 54.08, 1000]
current_hyper_parameter
v: [12.0, 25.36, 12.0, 12.0, 28.58, 26.19, 27.19, 12.0, 12.0, 12.0, 12.0, 12.0, 31.62, 12.0]
a: [121.73, 67.02, 103.35, 50.0, 50.0, 50.0, 50.0, 50.0, 50.0, 50.0, 141.44, 143.24, 50.0, 50.0]
d: [3.5, 3.5, 3.5, 3.5, 3.5, 3.5, 3.5, 3.5, 3.5, 3.5, 3.5, 3.5, 3.5, 2.0]
BEST_hyper_parameter
v: [12.0, 25.36, 12.0, 12.0, 28.58, 33.72, 27.19, 12.0, 12.0, 12.0, 12.0, 12.0, 31.62, 12.0]
a: [121.73, 67.02, 103.35, 50.0, 50.0, 50.0, 50.0, 50.0, 50.0, 50.0, 141.44, 143.24, 50.0, 50.0]
d: [3.5, 3.5, 3.5, 3.5, 3.5, 3.5, 3.5, 3.5, 3.5, 3.5, 3.5, 3.5, 3.5, 2.0]
random_idx_1 = 2, random_idx_2 = 6
random_idx_1 = 2, random_idx_2 = 1

iteration: 21
best: [1000.0, 1000.0, 1000.0, 1000.0, 1000.0, 1000.0, 1000.0, 1000.0, 1000.0, 1000.0, 1000.0, 1000.0, 1000.0, 51.33]
time: [6.17, 7.96, 11.56, 15.13, 18.57, 22.82, 35.02, 38.84, 41.1, 43.74, 48.3, 50.56, 1000, 1000]
current_hyper_parameter
v: [12.0, 25.36, 12.0, 12.0, 28.58, 33.72, 27.19, 12.0, 12.0, 12.0, 12.0, 12.0, 31.62, 12.0]
a: [121.73, 67.02, 103.35, 50.0, 50.0, 50.0, 50.0, 50.0, 50.0, 50.0, 141.44, 143.24, 50.0, 50.0]
d: [3.5, 3.5, 3.5, 3.5, 3.5, 3.5, 3.5, 3.5, 3.5, 3.5, 3.5, 3.5, 3.5, 2.0]
BEST_hyper_parameter
v: [12.0, 25.36, 12.0, 12.0, 28.58, 33.72, 27.19, 12.0, 12.0, 12.0, 12.0, 12.0, 31.62, 12.0]
a: [121.73, 67.02, 103.35, 50.0, 50.0, 50.0, 50.0, 50.0, 50.0, 50.0, 141.44, 143.24, 50.0, 50.0]
d: [3.5, 3.5, 3.5, 3.5, 3.5, 3.5, 3.5, 3.5, 3.5, 3.5, 3.5, 3.5, 3.5, 2.0]
random_idx_1 = 0, random_idx_2 = 0
random_idx_1 = 2, random_idx_2 = 5

iteration: 22
best: [1000.0, 1000.0, 1000.0, 1000.0, 1000.0, 1000.0, 1000.0, 1000.0, 1000.0, 1000.0, 1000.0, 1000.0, 1000.0, 51.33]
time: [5.76, 7.38, 10.92, 14.74, 21.4, 25.21, 37.53, 41.37, 43.61, 46.19, 50.73, 1000, 1000, 1000]
current_hyper_parameter
v: [26.97, 25.36, 12.0, 12.0, 28.58, 33.72, 27.19, 12.0, 12.0, 12.0, 12.0, 12.0, 31.62, 12.0]
a: [121.73, 67.02, 103.35, 50.0, 50.0, 50.0, 50.0, 50.0, 50.0, 50.0, 141.44, 143.24, 50.0, 50.0]
d: [3.5, 3.5, 3.5, 3.5, 3.5, 3.5, 3.5, 3.5, 3.5, 3.5, 3.5, 3.5, 3.5, 2.0]
BEST_hyper_parameter
v: [12.0, 25.36, 12.0, 12.0, 28.58, 33.72, 27.19, 12.0, 12.0, 12.0, 12.0, 12.0, 31.62, 12.0]
a: [121.73, 67.02, 103.35, 50.0, 50.0, 50.0, 50.0, 50.0, 50.0, 50.0, 141.44, 143.24, 50.0, 50.0]
d: [3.5, 3.5, 3.5, 3.5, 3.5, 3.5, 3.5, 3.5, 3.5, 3.5, 3.5, 3.5, 3.5, 2.0]
random_idx_1 = 1, random_idx_2 = 2
random_idx_1 = 2, random_idx_2 = 12

iteration: 23
best: [1000.0, 1000.0, 1000.0, 1000.0, 1000.0, 1000.0, 1000.0, 1000.0, 1000.0, 1000.0, 1000.0, 1000.0, 1000.0, 51.33]
time: [6.17, 7.96, 11.65, 15.41, 19.11, 23.33, 35.62, 39.4, 41.6, 44.18, 48.76, 51.01, 1000, 1000]
current_hyper_parameter
v: [12.0, 25.36, 12.0, 12.0, 28.58, 33.72, 27.19, 12.0, 12.0, 12.0, 12.0, 12.0, 31.62, 12.0]
a: [121.73, 67.02, 66.36, 50.0, 50.0, 50.0, 50.0, 50.0, 50.0, 50.0, 141.44, 143.24, 50.0, 50.0]
d: [3.5, 3.5, 3.5, 3.5, 3.5, 3.5, 3.5, 3.5, 3.5, 3.5, 3.5, 3.5, 3.5, 2.0]
BEST_hyper_parameter
v: [12.0, 25.36, 12.0, 12.0, 28.58, 33.72, 27.19, 12.0, 12.0, 12.0, 12.0, 12.0, 31.62, 12.0]
a: [121.73, 67.02, 103.35, 50.0, 50.0, 50.0, 50.0, 50.0, 50.0, 50.0, 141.44, 143.24, 50.0, 50.0]
d: [3.5, 3.5, 3.5, 3.5, 3.5, 3.5, 3.5, 3.5, 3.5, 3.5, 3.5, 3.5, 3.5, 2.0]
random_idx_1 = 0, random_idx_2 = 1
random_idx_1 = 1, random_idx_2 = 8

iteration: 24
best: [1000.0, 1000.0, 1000.0, 1000.0, 1000.0, 1000.0, 1000.0, 1000.0, 1000.0, 1000.0, 1000.0, 1000.0, 1000.0, 51.33]
time: [6.08, 7.97, 11.72, 15.17, 18.55, 22.85, 35.14, 38.8, 1000, 1000, 1000, 1000, 1000, 1000]
current_hyper_parameter
v: [12.0, 15.82, 12.0, 12.0, 28.58, 33.72, 27.19, 12.0, 12.0, 12.0, 12.0, 12.0, 31.62, 12.0]
a: [121.73, 67.02, 103.35, 50.0, 50.0, 50.0, 50.0, 50.0, 21.03, 50.0, 141.44, 143.24, 50.0, 50.0]
d: [3.5, 3.5, 3.5, 3.5, 3.5, 3.5, 3.5, 3.5, 3.5, 3.5, 3.5, 3.5, 3.5, 2.0]
BEST_hyper_parameter
v: [12.0, 25.36, 12.0, 12.0, 28.58, 33.72, 27.19, 12.0, 12.0, 12.0, 12.0, 12.0, 31.62, 12.0]
a: [121.73, 67.02, 103.35, 50.0, 50.0, 50.0, 50.0, 50.0, 50.0, 50.0, 141.44, 143.24, 50.0, 50.0]
d: [3.5, 3.5, 3.5, 3.5, 3.5, 3.5, 3.5, 3.5, 3.5, 3.5, 3.5, 3.5, 3.5, 2.0]
random_idx_1 = 0, random_idx_2 = 12
random_idx_1 = 0, random_idx_2 = 1

iteration: 25
best: [1000.0, 1000.0, 1000.0, 1000.0, 1000.0, 1000.0, 1000.0, 1000.0, 1000.0, 1000.0, 1000.0, 1000.0, 1000.0, 51.33]
time: [6.17, 7.95, 11.51, 15.2, 18.68, 22.65, 35.15, 40.28, 42.53, 45.12, 46.74, 49.46, 1000, 1000]
current_hyper_parameter
v: [12.0, 26.33, 12.0, 12.0, 28.58, 33.72, 27.19, 12.0, 12.0, 12.0, 12.0, 12.0, 32.1, 12.0]
a: [121.73, 67.02, 103.35, 50.0, 50.0, 50.0, 50.0, 50.0, 50.0, 50.0, 141.44, 143.24, 50.0, 50.0]
d: [3.5, 3.5, 3.5, 3.5, 3.5, 3.5, 3.5, 3.5, 3.5, 3.5, 3.5, 3.5, 3.5, 2.0]
BEST_hyper_parameter
v: [12.0, 25.36, 12.0, 12.0, 28.58, 33.72, 27.19, 12.0, 12.0, 12.0, 12.0, 12.0, 31.62, 12.0]
a: [121.73, 67.02, 103.35, 50.0, 50.0, 50.0, 50.0, 50.0, 50.0, 50.0, 141.44, 143.24, 50.0, 50.0]
d: [3.5, 3.5, 3.5, 3.5, 3.5, 3.5, 3.5, 3.5, 3.5, 3.5, 3.5, 3.5, 3.5, 2.0]
random_idx_1 = 0, random_idx_2 = 12
random_idx_1 = 0, random_idx_2 = 7

iteration: 26
best: [1000.0, 1000.0, 1000.0, 1000.0, 1000.0, 1000.0, 1000.0, 1000.0, 1000.0, 1000.0, 1000.0, 1000.0, 1000.0, 51.33]
time: [6.15, 7.94, 11.53, 15.21, 21.89, 27.61, 39.62, 43.52, 45.72, 48.49, 50.36, 1000, 1000, 1000]
current_hyper_parameter
v: [12.0, 25.36, 12.0, 12.0, 28.58, 33.72, 27.19, 31.68, 12.0, 12.0, 12.0, 12.0, 21.75, 12.0]
a: [121.73, 67.02, 103.35, 50.0, 50.0, 50.0, 50.0, 50.0, 50.0, 50.0, 141.44, 143.24, 50.0, 50.0]
d: [3.5, 3.5, 3.5, 3.5, 3.5, 3.5, 3.5, 3.5, 3.5, 3.5, 3.5, 3.5, 3.5, 2.0]
BEST_hyper_parameter
v: [12.0, 25.36, 12.0, 12.0, 28.58, 33.72, 27.19, 12.0, 12.0, 12.0, 12.0, 12.0, 31.62, 12.0]
a: [121.73, 67.02, 103.35, 50.0, 50.0, 50.0, 50.0, 50.0, 50.0, 50.0, 141.44, 143.24, 50.0, 50.0]
d: [3.5, 3.5, 3.5, 3.5, 3.5, 3.5, 3.5, 3.5, 3.5, 3.5, 3.5, 3.5, 3.5, 2.0]
random_idx_1 = 1, random_idx_2 = 5
random_idx_1 = 2, random_idx_2 = 12

iteration: 27
best: [1000.0, 1000.0, 1000.0, 1000.0, 1000.0, 1000.0, 1000.0, 1000.0, 1000.0, 1000.0, 1000.0, 1000.0, 1000.0, 51.33]
time: [6.16, 7.95, 11.57, 15.16, 18.62, 22.31, 34.01, 37.73, 40.0, 42.67, 47.35, 49.73, 52.18, 1000]
current_hyper_parameter
v: [12.0, 25.36, 12.0, 12.0, 28.58, 33.72, 27.19, 12.0, 12.0, 12.0, 12.0, 12.0, 31.62, 12.0]
a: [121.73, 67.02, 103.35, 50.0, 50.0, 63.89, 50.0, 50.0, 50.0, 50.0, 141.44, 143.24, 50.0, 50.0]
d: [3.5, 3.5, 3.5, 3.5, 3.5, 3.5, 3.5, 3.5, 3.5, 3.5, 3.5, 3.5, 3.5, 2.0]
BEST_hyper_parameter
v: [12.0, 25.36, 12.0, 12.0, 28.58, 33.72, 27.19, 12.0, 12.0, 12.0, 12.0, 12.0, 31.62, 12.0]
a: [121.73, 67.02, 103.35, 50.0, 50.0, 50.0, 50.0, 50.0, 50.0, 50.0, 141.44, 143.24, 50.0, 50.0]
d: [3.5, 3.5, 3.5, 3.5, 3.5, 3.5, 3.5, 3.5, 3.5, 3.5, 3.5, 3.5, 3.5, 2.0]
random_idx_1 = 0, random_idx_2 = 2
random_idx_1 = 0, random_idx_2 = 0

iteration: 28
best: [1000.0, 1000.0, 1000.0, 1000.0, 1000.0, 1000.0, 1000.0, 1000.0, 1000.0, 1000.0, 1000.0, 1000.0, 1000.0, 51.33]
time: [5.78, 7.46, 10.55, 13.83, 17.49, 21.81, 34.14, 39.18, 41.42, 44.05, 45.88, 48.43, 51.12, 52.86]
current_hyper_parameter
v: [24.79, 25.36, 17.45, 12.0, 28.58, 33.72, 27.19, 12.0, 12.0, 12.0, 12.0, 12.0, 31.62, 12.0]
a: [121.73, 67.02, 103.35, 50.0, 50.0, 50.0, 50.0, 50.0, 50.0, 50.0, 141.44, 143.24, 50.0, 50.0]
d: [3.5, 3.5, 3.5, 3.5, 3.5, 3.5, 3.5, 3.5, 3.5, 3.5, 3.5, 3.5, 3.5, 2.0]
BEST_hyper_parameter
v: [12.0, 25.36, 12.0, 12.0, 28.58, 33.72, 27.19, 12.0, 12.0, 12.0, 12.0, 12.0, 31.62, 12.0]
a: [121.73, 67.02, 103.35, 50.0, 50.0, 50.0, 50.0, 50.0, 50.0, 50.0, 141.44, 143.24, 50.0, 50.0]
d: [3.5, 3.5, 3.5, 3.5, 3.5, 3.5, 3.5, 3.5, 3.5, 3.5, 3.5, 3.5, 3.5, 2.0]
random_idx_1 = 0, random_idx_2 = 8
random_idx_1 = 0, random_idx_2 = 7

iteration: 29
best: [1000.0, 1000.0, 1000.0, 1000.0, 1000.0, 1000.0, 1000.0, 1000.0, 1000.0, 1000.0, 1000.0, 1000.0, 1000.0, 51.33]
time: [6.17, 7.97, 11.6, 15.3, 21.99, 25.88, 38.14, 41.98, 44.44, 47.14, 48.61, 50.9, 1000, 1000]
current_hyper_parameter
v: [12.0, 25.36, 12.0, 12.0, 28.58, 33.72, 27.19, 17.68, 9.62, 12.0, 12.0, 12.0, 31.62, 12.0]
a: [121.73, 67.02, 103.35, 50.0, 50.0, 50.0, 50.0, 50.0, 50.0, 50.0, 141.44, 143.24, 50.0, 50.0]
d: [3.5, 3.5, 3.5, 3.5, 3.5, 3.5, 3.5, 3.5, 3.5, 3.5, 3.5, 3.5, 3.5, 2.0]
BEST_hyper_parameter
v: [12.0, 25.36, 12.0, 12.0, 28.58, 33.72, 27.19, 12.0, 12.0, 12.0, 12.0, 12.0, 31.62, 12.0]
a: [121.73, 67.02, 103.35, 50.0, 50.0, 50.0, 50.0, 50.0, 50.0, 50.0, 141.44, 143.24, 50.0, 50.0]
d: [3.5, 3.5, 3.5, 3.5, 3.5, 3.5, 3.5, 3.5, 3.5, 3.5, 3.5, 3.5, 3.5, 2.0]
random_idx_1 = 2, random_idx_2 = 13
random_idx_1 = 2, random_idx_2 = 13

iteration: 30
best: [1000.0, 1000.0, 1000.0, 1000.0, 1000.0, 1000.0, 1000.0, 1000.0, 1000.0, 1000.0, 1000.0, 1000.0, 1000.0, 51.33]
time: [6.16, 7.94, 11.59, 15.17, 18.59, 22.83, 35.05, 38.93, 41.09, 43.76, 53.23, 1000, 1000, 1000]
current_hyper_parameter
v: [12.0, 25.36, 12.0, 12.0, 28.58, 33.72, 27.19, 12.0, 12.0, 12.0, 12.0, 12.0, 31.62, 12.0]
a: [121.73, 67.02, 103.35, 50.0, 50.0, 50.0, 50.0, 50.0, 50.0, 50.0, 141.44, 143.24, 50.0, 50.0]
d: [3.5, 3.5, 3.5, 3.5, 3.5, 3.5, 3.5, 3.5, 3.5, 3.5, 3.5, 3.5, 3.5, 2.0]
BEST_hyper_parameter
v: [12.0, 25.36, 12.0, 12.0, 28.58, 33.72, 27.19, 12.0, 12.0, 12.0, 12.0, 12.0, 31.62, 12.0]
a: [121.73, 67.02, 103.35, 50.0, 50.0, 50.0, 50.0, 50.0, 50.0, 50.0, 141.44, 143.24, 50.0, 50.0]
d: [3.5, 3.5, 3.5, 3.5, 3.5, 3.5, 3.5, 3.5, 3.5, 3.5, 3.5, 3.5, 3.5, 2.0]
random_idx_1 = 1, random_idx_2 = 0
random_idx_1 = 1, random_idx_2 = 12

iteration: 31
best: [1000.0, 1000.0, 1000.0, 1000.0, 1000.0, 1000.0, 1000.0, 1000.0, 1000.0, 1000.0, 1000.0, 1000.0, 1000.0, 51.33]
time: [6.18, 8.02, 11.65, 15.36, 18.96, 22.99, 35.31, 38.96, 41.27, 43.95, 48.5, 50.78, 1000, 1000]
current_hyper_parameter
v: [12.0, 25.36, 12.0, 12.0, 28.58, 33.72, 27.19, 12.0, 12.0, 12.0, 12.0, 12.0, 31.62, 12.0]
a: [84.31, 67.02, 103.35, 50.0, 50.0, 50.0, 50.0, 50.0, 50.0, 50.0, 141.44, 143.24, 39.16, 50.0]
d: [3.5, 3.5, 3.5, 3.5, 3.5, 3.5, 3.5, 3.5, 3.5, 3.5, 3.5, 3.5, 3.5, 2.0]
BEST_hyper_parameter
v: [12.0, 25.36, 12.0, 12.0, 28.58, 33.72, 27.19, 12.0, 12.0, 12.0, 12.0, 12.0, 31.62, 12.0]
a: [121.73, 67.02, 103.35, 50.0, 50.0, 50.0, 50.0, 50.0, 50.0, 50.0, 141.44, 143.24, 50.0, 50.0]
d: [3.5, 3.5, 3.5, 3.5, 3.5, 3.5, 3.5, 3.5, 3.5, 3.5, 3.5, 3.5, 3.5, 2.0]
random_idx_1 = 0, random_idx_2 = 6
random_idx_1 = 1, random_idx_2 = 10
