
iteration: 1
best: [1000.0, 1000.0, 1000.0, 1000.0, 1000.0, 1000.0, 1000.0, 1000.0, 1000.0, 1000.0, 1000.0, 1000.0, 1000.0, 61.98]
time: [6.08, 8.19, 12.28, 15.9, 19.36, 23.61, 35.64, 39.58, 41.72, 44.34, 46.29, 49.39, 52.35, 54.13]
current_hyper_parameter
v: [12.0, 12.0, 12.0, 12.0, 28.58, 33.72, 29.91, 12.0, 12.0, 12.0, 12.0, 12.0, 12.0, 12.0]
a: [121.73, 50.0, 103.35, 50.0, 50.0, 50.0, 50.0, 50.0, 50.0, 50.0, 141.44, 50.0, 50.0, 50.0]
d: [3.5, 3.5, 3.5, 3.5, 3.5, 3.5, 3.5, 3.5, 3.5, 3.5, 3.5, 3.5, 3.5, 2.0]
BEST_hyper_parameter
v: [12.0, 12.0, 12.0, 12.0, 28.58, 33.72, 29.91, 12.0, 12.0, 12.0, 12.0, 12.0, 12.0, 12.0]
a: [121.73, 50.0, 103.35, 50.0, 50.0, 50.0, 50.0, 50.0, 50.0, 50.0, 141.44, 50.0, 50.0, 50.0]
d: [3.5, 3.5, 3.5, 3.5, 3.5, 3.5, 3.5, 3.5, 3.5, 3.5, 3.5, 3.5, 3.5, 2.0]
random_idx_1 = 0, random_idx_2 = 12
random_idx_1 = 1, random_idx_2 = 11

iteration: 2
best: [1000.0, 1000.0, 1000.0, 1000.0, 1000.0, 1000.0, 1000.0, 1000.0, 1000.0, 1000.0, 1000.0, 1000.0, 1000.0, 54.13]
time: [6.05, 8.05, 11.8, 15.21, 18.61, 22.88, 34.9, 38.8, 40.99, 43.65, 45.35, 48.5, 50.95, 52.76]
current_hyper_parameter
v: [12.0, 12.0, 12.0, 12.0, 28.58, 33.72, 29.91, 12.0, 12.0, 12.0, 12.0, 12.0, 31.62, 12.0]
a: [121.73, 50.0, 103.35, 50.0, 50.0, 50.0, 50.0, 50.0, 50.0, 50.0, 141.44, 50.4, 50.0, 50.0]
d: [3.5, 3.5, 3.5, 3.5, 3.5, 3.5, 3.5, 3.5, 3.5, 3.5, 3.5, 3.5, 3.5, 2.0]
BEST_hyper_parameter
v: [12.0, 12.0, 12.0, 12.0, 28.58, 33.72, 29.91, 12.0, 12.0, 12.0, 12.0, 12.0, 12.0, 12.0]
a: [121.73, 50.0, 103.35, 50.0, 50.0, 50.0, 50.0, 50.0, 50.0, 50.0, 141.44, 50.0, 50.0, 50.0]
d: [3.5, 3.5, 3.5, 3.5, 3.5, 3.5, 3.5, 3.5, 3.5, 3.5, 3.5, 3.5, 3.5, 2.0]
random_idx_1 = 2, random_idx_2 = 13
random_idx_1 = 1, random_idx_2 = 10

iteration: 3
best: [1000.0, 1000.0, 1000.0, 1000.0, 1000.0, 1000.0, 1000.0, 1000.0, 1000.0, 1000.0, 1000.0, 1000.0, 1000.0, 52.76]
time: [6.17, 8.27, 12.21, 15.73, 19.21, 23.45, 35.45, 39.33, 41.5, 44.13, 45.96, 49.08, 51.85, 53.74]
current_hyper_parameter
v: [12.0, 12.0, 12.0, 12.0, 28.58, 33.72, 29.91, 12.0, 12.0, 12.0, 12.0, 12.0, 31.62, 12.0]
a: [121.73, 50.0, 103.35, 50.0, 50.0, 50.0, 50.0, 50.0, 50.0, 50.0, 99.21, 50.4, 50.0, 50.0]
d: [3.5, 3.5, 3.5, 3.5, 3.5, 3.5, 3.5, 3.5, 3.5, 3.5, 3.5, 3.5, 3.5, 2.0]
BEST_hyper_parameter
v: [12.0, 12.0, 12.0, 12.0, 28.58, 33.72, 29.91, 12.0, 12.0, 12.0, 12.0, 12.0, 31.62, 12.0]
a: [121.73, 50.0, 103.35, 50.0, 50.0, 50.0, 50.0, 50.0, 50.0, 50.0, 141.44, 50.4, 50.0, 50.0]
d: [3.5, 3.5, 3.5, 3.5, 3.5, 3.5, 3.5, 3.5, 3.5, 3.5, 3.5, 3.5, 3.5, 2.0]
random_idx_1 = 1, random_idx_2 = 11
random_idx_1 = 0, random_idx_2 = 6

iteration: 4
best: [1000.0, 1000.0, 1000.0, 1000.0, 1000.0, 1000.0, 1000.0, 1000.0, 1000.0, 1000.0, 1000.0, 1000.0, 1000.0, 52.76]
time: [6.15, 8.24, 12.16, 15.65, 19.1, 23.31, 35.63, 39.28, 41.38, 44.04, 45.69, 47.88, 50.68, 52.62]
current_hyper_parameter
v: [12.0, 12.0, 12.0, 12.0, 28.58, 33.72, 27.19, 12.0, 12.0, 12.0, 12.0, 12.0, 31.62, 12.0]
a: [121.73, 50.0, 103.35, 50.0, 50.0, 50.0, 50.0, 50.0, 50.0, 50.0, 141.44, 143.24, 50.0, 50.0]
d: [3.5, 3.5, 3.5, 3.5, 3.5, 3.5, 3.5, 3.5, 3.5, 3.5, 3.5, 3.5, 3.5, 2.0]
BEST_hyper_parameter
v: [12.0, 12.0, 12.0, 12.0, 28.58, 33.72, 29.91, 12.0, 12.0, 12.0, 12.0, 12.0, 31.62, 12.0]
a: [121.73, 50.0, 103.35, 50.0, 50.0, 50.0, 50.0, 50.0, 50.0, 50.0, 141.44, 50.4, 50.0, 50.0]
d: [3.5, 3.5, 3.5, 3.5, 3.5, 3.5, 3.5, 3.5, 3.5, 3.5, 3.5, 3.5, 3.5, 2.0]
random_idx_1 = 2, random_idx_2 = 4
random_idx_1 = 2, random_idx_2 = 7

iteration: 5
best: [1000.0, 1000.0, 1000.0, 1000.0, 1000.0, 1000.0, 1000.0, 1000.0, 1000.0, 1000.0, 1000.0, 1000.0, 1000.0, 52.62]
time: [6.17, 8.28, 12.18, 15.81, 22.4, 26.22, 38.58, 42.29, 44.53, 47.25, 48.96, 51.52, 53.89, 1000]
current_hyper_parameter
v: [12.0, 12.0, 12.0, 12.0, 28.58, 33.72, 27.19, 12.0, 12.0, 12.0, 12.0, 12.0, 31.62, 12.0]
a: [121.73, 50.0, 103.35, 50.0, 50.0, 50.0, 50.0, 50.0, 50.0, 50.0, 141.44, 143.24, 50.0, 50.0]
d: [3.5, 3.5, 3.5, 3.5, 3.5, 3.5, 3.5, 3.5, 3.5, 3.5, 3.5, 3.5, 3.5, 2.0]
BEST_hyper_parameter
v: [12.0, 12.0, 12.0, 12.0, 28.58, 33.72, 27.19, 12.0, 12.0, 12.0, 12.0, 12.0, 31.62, 12.0]
a: [121.73, 50.0, 103.35, 50.0, 50.0, 50.0, 50.0, 50.0, 50.0, 50.0, 141.44, 143.24, 50.0, 50.0]
d: [3.5, 3.5, 3.5, 3.5, 3.5, 3.5, 3.5, 3.5, 3.5, 3.5, 3.5, 3.5, 3.5, 2.0]
random_idx_1 = 0, random_idx_2 = 6
random_idx_1 = 1, random_idx_2 = 9

iteration: 6
best: [1000.0, 1000.0, 1000.0, 1000.0, 1000.0, 1000.0, 1000.0, 1000.0, 1000.0, 1000.0, 1000.0, 1000.0, 1000.0, 52.62]
time: [6.16, 8.27, 12.15, 15.64, 19.07, 23.28, 35.21, 39.2, 41.32, 43.68, 45.74, 48.05, 51.27, 53.03]
current_hyper_parameter
v: [12.0, 12.0, 12.0, 12.0, 28.58, 33.72, 33.21, 12.0, 12.0, 12.0, 12.0, 12.0, 31.62, 12.0]
a: [121.73, 50.0, 103.35, 50.0, 50.0, 50.0, 50.0, 50.0, 50.0, 99.24, 141.44, 143.24, 50.0, 50.0]
d: [3.5, 3.5, 3.5, 3.5, 3.5, 3.5, 3.5, 3.5, 3.5, 3.5, 3.5, 3.5, 3.5, 2.0]
BEST_hyper_parameter
v: [12.0, 12.0, 12.0, 12.0, 28.58, 33.72, 27.19, 12.0, 12.0, 12.0, 12.0, 12.0, 31.62, 12.0]
a: [121.73, 50.0, 103.35, 50.0, 50.0, 50.0, 50.0, 50.0, 50.0, 50.0, 141.44, 143.24, 50.0, 50.0]
d: [3.5, 3.5, 3.5, 3.5, 3.5, 3.5, 3.5, 3.5, 3.5, 3.5, 3.5, 3.5, 3.5, 2.0]
random_idx_1 = 1, random_idx_2 = 7
random_idx_1 = 1, random_idx_2 = 4

iteration: 7
best: [1000.0, 1000.0, 1000.0, 1000.0, 1000.0, 1000.0, 1000.0, 1000.0, 1000.0, 1000.0, 1000.0, 1000.0, 1000.0, 52.62]
time: [6.19, 8.29, 12.18, 15.63, 21.27, 32.66, 45.06, 48.67, 50.82, 53.48, 1000, 1000, 1000, 1000]
current_hyper_parameter
v: [12.0, 12.0, 12.0, 12.0, 28.58, 33.72, 27.19, 12.0, 12.0, 12.0, 12.0, 12.0, 31.62, 12.0]
a: [121.73, 50.0, 103.35, 50.0, 112.53, 50.0, 50.0, 74.66, 50.0, 50.0, 141.44, 143.24, 50.0, 50.0]
d: [3.5, 3.5, 3.5, 3.5, 3.5, 3.5, 3.5, 3.5, 3.5, 3.5, 3.5, 3.5, 3.5, 2.0]
BEST_hyper_parameter
v: [12.0, 12.0, 12.0, 12.0, 28.58, 33.72, 27.19, 12.0, 12.0, 12.0, 12.0, 12.0, 31.62, 12.0]
a: [121.73, 50.0, 103.35, 50.0, 50.0, 50.0, 50.0, 50.0, 50.0, 50.0, 141.44, 143.24, 50.0, 50.0]
d: [3.5, 3.5, 3.5, 3.5, 3.5, 3.5, 3.5, 3.5, 3.5, 3.5, 3.5, 3.5, 3.5, 2.0]
random_idx_1 = 1, random_idx_2 = 1
random_idx_1 = 2, random_idx_2 = 6

iteration: 8
best: [1000.0, 1000.0, 1000.0, 1000.0, 1000.0, 1000.0, 1000.0, 1000.0, 1000.0, 1000.0, 1000.0, 1000.0, 1000.0, 52.62]
time: [6.16, 8.14, 11.94, 15.58, 19.07, 23.32, 35.52, 39.25, 41.43, 44.12, 45.83, 48.29, 50.54, 52.13]
current_hyper_parameter
v: [12.0, 12.0, 12.0, 12.0, 28.58, 33.72, 27.19, 12.0, 12.0, 12.0, 12.0, 12.0, 31.62, 12.0]
a: [121.73, 81.47, 103.35, 50.0, 50.0, 50.0, 50.0, 50.0, 50.0, 50.0, 141.44, 143.24, 50.0, 50.0]
d: [3.5, 3.5, 3.5, 3.5, 3.5, 3.5, 3.5, 3.5, 3.5, 3.5, 3.5, 3.5, 3.5, 2.0]
BEST_hyper_parameter
v: [12.0, 12.0, 12.0, 12.0, 28.58, 33.72, 27.19, 12.0, 12.0, 12.0, 12.0, 12.0, 31.62, 12.0]
a: [121.73, 50.0, 103.35, 50.0, 50.0, 50.0, 50.0, 50.0, 50.0, 50.0, 141.44, 143.24, 50.0, 50.0]
d: [3.5, 3.5, 3.5, 3.5, 3.5, 3.5, 3.5, 3.5, 3.5, 3.5, 3.5, 3.5, 3.5, 2.0]
random_idx_1 = 0, random_idx_2 = 2
random_idx_1 = 2, random_idx_2 = 11

iteration: 9
best: [1000.0, 1000.0, 1000.0, 1000.0, 1000.0, 1000.0, 1000.0, 1000.0, 1000.0, 1000.0, 1000.0, 1000.0, 1000.0, 52.13]
time: [6.2, 8.17, 12.07, 15.76, 22.42, 26.23, 38.67, 42.28, 44.52, 47.21, 49.0, 51.51, 1000, 1000]
current_hyper_parameter
v: [12.0, 12.0, 11.0, 12.0, 28.58, 33.72, 27.19, 12.0, 12.0, 12.0, 12.0, 12.0, 31.62, 12.0]
a: [121.73, 81.47, 103.35, 50.0, 50.0, 50.0, 50.0, 50.0, 50.0, 50.0, 141.44, 143.24, 50.0, 50.0]
d: [3.5, 3.5, 3.5, 3.5, 3.5, 3.5, 3.5, 3.5, 3.5, 3.5, 3.5, 3.5, 3.5, 2.0]
BEST_hyper_parameter
v: [12.0, 12.0, 12.0, 12.0, 28.58, 33.72, 27.19, 12.0, 12.0, 12.0, 12.0, 12.0, 31.62, 12.0]
a: [121.73, 81.47, 103.35, 50.0, 50.0, 50.0, 50.0, 50.0, 50.0, 50.0, 141.44, 143.24, 50.0, 50.0]
d: [3.5, 3.5, 3.5, 3.5, 3.5, 3.5, 3.5, 3.5, 3.5, 3.5, 3.5, 3.5, 3.5, 2.0]
random_idx_1 = 2, random_idx_2 = 4
random_idx_1 = 1, random_idx_2 = 12

iteration: 10
best: [1000.0, 1000.0, 1000.0, 1000.0, 1000.0, 1000.0, 1000.0, 1000.0, 1000.0, 1000.0, 1000.0, 1000.0, 1000.0, 52.13]
time: [6.18, 8.16, 11.96, 15.65, 19.12, 23.38, 35.57, 39.36, 41.55, 44.24, 45.94, 48.43, 50.15, 1000]
current_hyper_parameter
v: [12.0, 12.0, 12.0, 12.0, 28.58, 33.72, 27.19, 12.0, 12.0, 12.0, 12.0, 12.0, 31.62, 12.0]
a: [121.73, 81.47, 103.35, 50.0, 50.0, 50.0, 50.0, 50.0, 50.0, 50.0, 141.44, 143.24, 109.56, 50.0]
d: [3.5, 3.5, 3.5, 3.5, 3.5, 3.5, 3.5, 3.5, 3.5, 3.5, 3.5, 3.5, 3.5, 2.0]
BEST_hyper_parameter
v: [12.0, 12.0, 12.0, 12.0, 28.58, 33.72, 27.19, 12.0, 12.0, 12.0, 12.0, 12.0, 31.62, 12.0]
a: [121.73, 81.47, 103.35, 50.0, 50.0, 50.0, 50.0, 50.0, 50.0, 50.0, 141.44, 143.24, 50.0, 50.0]
d: [3.5, 3.5, 3.5, 3.5, 3.5, 3.5, 3.5, 3.5, 3.5, 3.5, 3.5, 3.5, 3.5, 2.0]
random_idx_1 = 2, random_idx_2 = 0
random_idx_1 = 0, random_idx_2 = 2

iteration: 11
best: [1000.0, 1000.0, 1000.0, 1000.0, 1000.0, 1000.0, 1000.0, 1000.0, 1000.0, 1000.0, 1000.0, 1000.0, 1000.0, 52.13]
time: [6.16, 8.15, 11.3, 14.8, 18.26, 22.31, 34.58, 38.24, 40.44, 43.06, 44.9, 47.36, 1000, 1000]
current_hyper_parameter
v: [12.0, 12.0, 19.46, 12.0, 28.58, 33.72, 27.19, 12.0, 12.0, 12.0, 12.0, 12.0, 31.62, 12.0]
a: [121.73, 81.47, 103.35, 50.0, 50.0, 50.0, 50.0, 50.0, 50.0, 50.0, 141.44, 143.24, 50.0, 50.0]
d: [3.5, 3.5, 3.5, 3.5, 3.5, 3.5, 3.5, 3.5, 3.5, 3.5, 3.5, 3.5, 3.5, 2.0]
BEST_hyper_parameter
v: [12.0, 12.0, 12.0, 12.0, 28.58, 33.72, 27.19, 12.0, 12.0, 12.0, 12.0, 12.0, 31.62, 12.0]
a: [121.73, 81.47, 103.35, 50.0, 50.0, 50.0, 50.0, 50.0, 50.0, 50.0, 141.44, 143.24, 50.0, 50.0]
d: [3.5, 3.5, 3.5, 3.5, 3.5, 3.5, 3.5, 3.5, 3.5, 3.5, 3.5, 3.5, 3.5, 2.0]
random_idx_1 = 1, random_idx_2 = 2
random_idx_1 = 2, random_idx_2 = 9

iteration: 12
best: [1000.0, 1000.0, 1000.0, 1000.0, 1000.0, 1000.0, 1000.0, 1000.0, 1000.0, 1000.0, 1000.0, 1000.0, 1000.0, 52.13]
time: [6.17, 8.16, 11.99, 15.61, 22.16, 30.08, 42.41, 46.22, 48.52, 51.17, 52.75, 1000, 1000, 1000]
current_hyper_parameter
v: [12.0, 12.0, 12.0, 12.0, 28.58, 33.72, 27.19, 12.0, 12.0, 12.0, 12.0, 12.0, 31.62, 12.0]
a: [121.73, 81.47, 90.03, 50.0, 50.0, 50.0, 50.0, 50.0, 50.0, 50.0, 141.44, 143.24, 50.0, 50.0]
d: [3.5, 3.5, 3.5, 3.5, 3.5, 3.5, 3.5, 3.5, 3.5, 3.5, 3.5, 3.5, 3.5, 2.0]
BEST_hyper_parameter
v: [12.0, 12.0, 12.0, 12.0, 28.58, 33.72, 27.19, 12.0, 12.0, 12.0, 12.0, 12.0, 31.62, 12.0]
a: [121.73, 81.47, 103.35, 50.0, 50.0, 50.0, 50.0, 50.0, 50.0, 50.0, 141.44, 143.24, 50.0, 50.0]
d: [3.5, 3.5, 3.5, 3.5, 3.5, 3.5, 3.5, 3.5, 3.5, 3.5, 3.5, 3.5, 3.5, 2.0]
random_idx_1 = 1, random_idx_2 = 0
random_idx_1 = 1, random_idx_2 = 10

iteration: 13
best: [1000.0, 1000.0, 1000.0, 1000.0, 1000.0, 1000.0, 1000.0, 1000.0, 1000.0, 1000.0, 1000.0, 1000.0, 1000.0, 52.13]
time: [6.85, 9.15, 12.99, 16.7, 20.16, 24.42, 36.76, 41.78, 44.05, 46.79, 48.5, 51.13, 1000, 1000]
current_hyper_parameter
v: [12.0, 12.0, 12.0, 12.0, 28.58, 33.72, 27.19, 12.0, 12.0, 12.0, 12.0, 12.0, 31.62, 12.0]
a: [39.85, 81.47, 103.35, 50.0, 50.0, 50.0, 50.0, 50.0, 50.0, 50.0, 132.77, 143.24, 50.0, 50.0]
d: [3.5, 3.5, 3.5, 3.5, 3.5, 3.5, 3.5, 3.5, 3.5, 3.5, 3.5, 3.5, 3.5, 2.0]
BEST_hyper_parameter
v: [12.0, 12.0, 12.0, 12.0, 28.58, 33.72, 27.19, 12.0, 12.0, 12.0, 12.0, 12.0, 31.62, 12.0]
a: [121.73, 81.47, 103.35, 50.0, 50.0, 50.0, 50.0, 50.0, 50.0, 50.0, 141.44, 143.24, 50.0, 50.0]
d: [3.5, 3.5, 3.5, 3.5, 3.5, 3.5, 3.5, 3.5, 3.5, 3.5, 3.5, 3.5, 3.5, 2.0]
random_idx_1 = 2, random_idx_2 = 4
random_idx_1 = 1, random_idx_2 = 2

iteration: 14
best: [1000.0, 1000.0, 1000.0, 1000.0, 1000.0, 1000.0, 1000.0, 1000.0, 1000.0, 1000.0, 1000.0, 1000.0, 1000.0, 52.13]
time: [6.17, 8.18, 12.33, 16.2, 19.69, 23.87, 36.07, 39.73, 41.93, 44.56, 46.35, 48.81, 51.45, 53.63]
current_hyper_parameter
v: [12.0, 12.0, 12.0, 12.0, 28.58, 33.72, 27.19, 12.0, 12.0, 12.0, 12.0, 12.0, 31.62, 12.0]
a: [121.73, 81.47, 46.6, 50.0, 50.0, 50.0, 50.0, 50.0, 50.0, 50.0, 141.44, 143.24, 50.0, 50.0]
d: [3.5, 3.5, 3.5, 3.5, 3.5, 3.5, 3.5, 3.5, 3.5, 3.5, 3.5, 3.5, 3.5, 2.0]
BEST_hyper_parameter
v: [12.0, 12.0, 12.0, 12.0, 28.58, 33.72, 27.19, 12.0, 12.0, 12.0, 12.0, 12.0, 31.62, 12.0]
a: [121.73, 81.47, 103.35, 50.0, 50.0, 50.0, 50.0, 50.0, 50.0, 50.0, 141.44, 143.24, 50.0, 50.0]
d: [3.5, 3.5, 3.5, 3.5, 3.5, 3.5, 3.5, 3.5, 3.5, 3.5, 3.5, 3.5, 3.5, 2.0]
random_idx_1 = 2, random_idx_2 = 2
random_idx_1 = 0, random_idx_2 = 8

iteration: 15
best: [1000.0, 1000.0, 1000.0, 1000.0, 1000.0, 1000.0, 1000.0, 1000.0, 1000.0, 1000.0, 1000.0, 1000.0, 1000.0, 52.13]
time: [6.16, 8.16, 11.96, 15.72, 22.43, 26.21, 38.52, 42.17, 44.25, 46.8, 48.73, 50.93, 1000, 1000]
current_hyper_parameter
v: [12.0, 12.0, 12.0, 12.0, 28.58, 33.72, 27.19, 12.0, 20.82, 12.0, 12.0, 12.0, 31.62, 12.0]
a: [121.73, 81.47, 103.35, 50.0, 50.0, 50.0, 50.0, 50.0, 50.0, 50.0, 141.44, 143.24, 50.0, 50.0]
d: [3.5, 3.5, 6.01, 3.5, 3.5, 3.5, 3.5, 3.5, 3.5, 3.5, 3.5, 3.5, 3.5, 2.0]
BEST_hyper_parameter
v: [12.0, 12.0, 12.0, 12.0, 28.58, 33.72, 27.19, 12.0, 12.0, 12.0, 12.0, 12.0, 31.62, 12.0]
a: [121.73, 81.47, 103.35, 50.0, 50.0, 50.0, 50.0, 50.0, 50.0, 50.0, 141.44, 143.24, 50.0, 50.0]
d: [3.5, 3.5, 3.5, 3.5, 3.5, 3.5, 3.5, 3.5, 3.5, 3.5, 3.5, 3.5, 3.5, 2.0]
random_idx_1 = 1, random_idx_2 = 3
random_idx_1 = 2, random_idx_2 = 10

iteration: 16
best: [1000.0, 1000.0, 1000.0, 1000.0, 1000.0, 1000.0, 1000.0, 1000.0, 1000.0, 1000.0, 1000.0, 1000.0, 1000.0, 52.13]
time: [6.15, 8.15, 11.94, 15.24, 21.82, 39.7, 51.85, 1000, 1000, 1000, 1000, 1000, 1000, 1000]
current_hyper_parameter
v: [12.0, 12.0, 12.0, 12.0, 28.58, 33.72, 27.19, 12.0, 12.0, 12.0, 12.0, 12.0, 31.62, 12.0]
a: [121.73, 81.47, 103.35, 128.25, 50.0, 50.0, 50.0, 50.0, 50.0, 50.0, 141.44, 143.24, 50.0, 50.0]
d: [3.5, 3.5, 3.5, 3.5, 3.5, 3.5, 3.5, 3.5, 3.5, 3.5, 3.5, 3.5, 3.5, 2.0]
BEST_hyper_parameter
v: [12.0, 12.0, 12.0, 12.0, 28.58, 33.72, 27.19, 12.0, 12.0, 12.0, 12.0, 12.0, 31.62, 12.0]
a: [121.73, 81.47, 103.35, 50.0, 50.0, 50.0, 50.0, 50.0, 50.0, 50.0, 141.44, 143.24, 50.0, 50.0]
d: [3.5, 3.5, 3.5, 3.5, 3.5, 3.5, 3.5, 3.5, 3.5, 3.5, 3.5, 3.5, 3.5, 2.0]
random_idx_1 = 1, random_idx_2 = 6
random_idx_1 = 0, random_idx_2 = 0

iteration: 17
best: [1000.0, 1000.0, 1000.0, 1000.0, 1000.0, 1000.0, 1000.0, 1000.0, 1000.0, 1000.0, 1000.0, 1000.0, 1000.0, 52.13]
time: [5.87, 7.64, 11.3, 14.83, 18.44, 22.26, 32.29, 37.17, 39.73, 42.44, 47.16, 1000, 1000, 1000]
current_hyper_parameter
v: [18.08, 12.0, 12.0, 12.0, 28.58, 33.72, 27.19, 12.0, 12.0, 12.0, 12.0, 12.0, 31.62, 12.0]
a: [121.73, 81.47, 103.35, 50.0, 50.0, 50.0, 154.06, 50.0, 50.0, 50.0, 141.44, 143.24, 50.0, 50.0]
d: [3.5, 3.5, 3.5, 3.5, 3.5, 3.5, 3.5, 3.5, 3.5, 3.5, 3.5, 3.5, 3.5, 2.0]
BEST_hyper_parameter
v: [12.0, 12.0, 12.0, 12.0, 28.58, 33.72, 27.19, 12.0, 12.0, 12.0, 12.0, 12.0, 31.62, 12.0]
a: [121.73, 81.47, 103.35, 50.0, 50.0, 50.0, 50.0, 50.0, 50.0, 50.0, 141.44, 143.24, 50.0, 50.0]
d: [3.5, 3.5, 3.5, 3.5, 3.5, 3.5, 3.5, 3.5, 3.5, 3.5, 3.5, 3.5, 3.5, 2.0]
random_idx_1 = 1, random_idx_2 = 3
random_idx_1 = 0, random_idx_2 = 1

iteration: 18
best: [1000.0, 1000.0, 1000.0, 1000.0, 1000.0, 1000.0, 1000.0, 1000.0, 1000.0, 1000.0, 1000.0, 1000.0, 1000.0, 52.13]
time: [6.16, 7.79, 11.34, 17.88, 25.55, 29.2, 41.41, 45.45, 47.66, 50.32, 54.89, 1000, 1000, 1000]
current_hyper_parameter
v: [12.0, 31.58, 12.0, 12.0, 28.58, 33.72, 27.19, 12.0, 12.0, 12.0, 12.0, 12.0, 31.62, 12.0]
a: [121.73, 81.47, 103.35, 148.67, 50.0, 50.0, 50.0, 50.0, 50.0, 50.0, 141.44, 143.24, 50.0, 50.0]
d: [3.5, 3.5, 3.5, 3.5, 3.5, 3.5, 3.5, 3.5, 3.5, 3.5, 3.5, 3.5, 3.5, 2.0]
BEST_hyper_parameter
v: [12.0, 12.0, 12.0, 12.0, 28.58, 33.72, 27.19, 12.0, 12.0, 12.0, 12.0, 12.0, 31.62, 12.0]
a: [121.73, 81.47, 103.35, 50.0, 50.0, 50.0, 50.0, 50.0, 50.0, 50.0, 141.44, 143.24, 50.0, 50.0]
d: [3.5, 3.5, 3.5, 3.5, 3.5, 3.5, 3.5, 3.5, 3.5, 3.5, 3.5, 3.5, 3.5, 2.0]
random_idx_1 = 1, random_idx_2 = 8
random_idx_1 = 1, random_idx_2 = 3

iteration: 19
best: [1000.0, 1000.0, 1000.0, 1000.0, 1000.0, 1000.0, 1000.0, 1000.0, 1000.0, 1000.0, 1000.0, 1000.0, 1000.0, 52.13]
time: [6.15, 8.13, 11.92, 18.17, 24.72, 1000, 1000, 1000, 1000, 1000, 1000, 1000, 1000, 1000]
current_hyper_parameter
v: [12.0, 12.0, 12.0, 12.0, 28.58, 33.72, 27.19, 12.0, 12.0, 12.0, 12.0, 12.0, 31.62, 12.0]
a: [121.73, 81.47, 103.35, 124.9, 50.0, 50.0, 50.0, 50.0, 102.62, 50.0, 141.44, 143.24, 50.0, 50.0]
d: [3.5, 3.5, 3.5, 3.5, 3.5, 3.5, 3.5, 3.5, 3.5, 3.5, 3.5, 3.5, 3.5, 2.0]
BEST_hyper_parameter
v: [12.0, 12.0, 12.0, 12.0, 28.58, 33.72, 27.19, 12.0, 12.0, 12.0, 12.0, 12.0, 31.62, 12.0]
a: [121.73, 81.47, 103.35, 50.0, 50.0, 50.0, 50.0, 50.0, 50.0, 50.0, 141.44, 143.24, 50.0, 50.0]
d: [3.5, 3.5, 3.5, 3.5, 3.5, 3.5, 3.5, 3.5, 3.5, 3.5, 3.5, 3.5, 3.5, 2.0]
random_idx_1 = 1, random_idx_2 = 11
random_idx_1 = 1, random_idx_2 = 9

iteration: 20
best: [1000.0, 1000.0, 1000.0, 1000.0, 1000.0, 1000.0, 1000.0, 1000.0, 1000.0, 1000.0, 1000.0, 1000.0, 1000.0, 52.13]
time: [6.07, 8.01, 11.76, 15.29, 18.73, 22.74, 35.15, 38.78, 41.11, 43.34, 45.53, 1000, 1000, 1000]
current_hyper_parameter
v: [12.0, 12.0, 12.0, 12.0, 28.58, 33.72, 27.19, 12.0, 12.0, 12.0, 12.0, 12.0, 31.62, 12.0]
a: [121.73, 81.47, 103.35, 50.0, 50.0, 50.0, 50.0, 50.0, 50.0, 149.31, 141.44, 24.84, 50.0, 50.0]
d: [3.5, 3.5, 3.5, 3.5, 3.5, 3.5, 3.5, 3.5, 3.5, 3.5, 3.5, 3.5, 3.5, 2.0]
BEST_hyper_parameter
v: [12.0, 12.0, 12.0, 12.0, 28.58, 33.72, 27.19, 12.0, 12.0, 12.0, 12.0, 12.0, 31.62, 12.0]
a: [121.73, 81.47, 103.35, 50.0, 50.0, 50.0, 50.0, 50.0, 50.0, 50.0, 141.44, 143.24, 50.0, 50.0]
d: [3.5, 3.5, 3.5, 3.5, 3.5, 3.5, 3.5, 3.5, 3.5, 3.5, 3.5, 3.5, 3.5, 2.0]
random_idx_1 = 1, random_idx_2 = 1
random_idx_1 = 0, random_idx_2 = 1

iteration: 21
best: [1000.0, 1000.0, 1000.0, 1000.0, 1000.0, 1000.0, 1000.0, 1000.0, 1000.0, 1000.0, 1000.0, 1000.0, 1000.0, 52.13]
time: [6.16, 7.96, 11.48, 15.07, 18.55, 22.82, 35.0, 38.75, 40.99, 43.57, 45.25, 47.28, 49.77, 51.57]
current_hyper_parameter
v: [12.0, 32.24, 12.0, 12.0, 28.58, 33.72, 27.19, 12.0, 12.0, 12.0, 12.0, 12.0, 31.62, 12.0]
a: [121.73, 67.02, 103.35, 50.0, 50.0, 50.0, 50.0, 50.0, 50.0, 50.0, 141.44, 143.24, 50.0, 50.0]
d: [3.5, 3.5, 3.5, 3.5, 3.5, 3.5, 3.5, 3.5, 3.5, 3.5, 3.5, 3.5, 3.5, 2.0]
BEST_hyper_parameter
v: [12.0, 12.0, 12.0, 12.0, 28.58, 33.72, 27.19, 12.0, 12.0, 12.0, 12.0, 12.0, 31.62, 12.0]
a: [121.73, 81.47, 103.35, 50.0, 50.0, 50.0, 50.0, 50.0, 50.0, 50.0, 141.44, 143.24, 50.0, 50.0]
d: [3.5, 3.5, 3.5, 3.5, 3.5, 3.5, 3.5, 3.5, 3.5, 3.5, 3.5, 3.5, 3.5, 2.0]
random_idx_1 = 0, random_idx_2 = 0
random_idx_1 = 0, random_idx_2 = 7

iteration: 22
best: [1000.0, 1000.0, 1000.0, 1000.0, 1000.0, 1000.0, 1000.0, 1000.0, 1000.0, 1000.0, 1000.0, 1000.0, 1000.0, 51.57]
time: [5.74, 7.37, 10.88, 14.56, 18.01, 22.24, 34.59, 39.21, 41.4, 43.99, 54.08, 1000, 1000, 1000]
current_hyper_parameter
v: [28.32, 32.24, 12.0, 12.0, 28.58, 33.72, 27.19, 22.86, 12.0, 12.0, 12.0, 12.0, 31.62, 12.0]
a: [121.73, 67.02, 103.35, 50.0, 50.0, 50.0, 50.0, 50.0, 50.0, 50.0, 141.44, 143.24, 50.0, 50.0]
d: [3.5, 3.5, 3.5, 3.5, 3.5, 3.5, 3.5, 3.5, 3.5, 3.5, 3.5, 3.5, 3.5, 2.0]
BEST_hyper_parameter
v: [12.0, 32.24, 12.0, 12.0, 28.58, 33.72, 27.19, 12.0, 12.0, 12.0, 12.0, 12.0, 31.62, 12.0]
a: [121.73, 67.02, 103.35, 50.0, 50.0, 50.0, 50.0, 50.0, 50.0, 50.0, 141.44, 143.24, 50.0, 50.0]
d: [3.5, 3.5, 3.5, 3.5, 3.5, 3.5, 3.5, 3.5, 3.5, 3.5, 3.5, 3.5, 3.5, 2.0]
random_idx_1 = 2, random_idx_2 = 4
random_idx_1 = 1, random_idx_2 = 10

iteration: 23
best: [1000.0, 1000.0, 1000.0, 1000.0, 1000.0, 1000.0, 1000.0, 1000.0, 1000.0, 1000.0, 1000.0, 1000.0, 1000.0, 51.57]
time: [6.17, 7.94, 11.52, 15.12, 18.63, 22.84, 35.1, 38.86, 41.1, 43.68, 49.11, 1000, 1000, 1000]
current_hyper_parameter
v: [12.0, 32.24, 12.0, 12.0, 28.58, 33.72, 27.19, 12.0, 12.0, 12.0, 12.0, 12.0, 31.62, 12.0]
a: [121.73, 67.02, 103.35, 50.0, 50.0, 50.0, 50.0, 50.0, 50.0, 50.0, 97.51, 143.24, 50.0, 50.0]
d: [3.5, 3.5, 3.5, 3.5, 3.5, 3.5, 3.5, 3.5, 3.5, 3.5, 3.5, 3.5, 3.5, 2.0]
BEST_hyper_parameter
v: [12.0, 32.24, 12.0, 12.0, 28.58, 33.72, 27.19, 12.0, 12.0, 12.0, 12.0, 12.0, 31.62, 12.0]
a: [121.73, 67.02, 103.35, 50.0, 50.0, 50.0, 50.0, 50.0, 50.0, 50.0, 141.44, 143.24, 50.0, 50.0]
d: [3.5, 3.5, 3.5, 3.5, 3.5, 3.5, 3.5, 3.5, 3.5, 3.5, 3.5, 3.5, 3.5, 2.0]
random_idx_1 = 0, random_idx_2 = 3
random_idx_1 = 1, random_idx_2 = 9

iteration: 24
best: [1000.0, 1000.0, 1000.0, 1000.0, 1000.0, 1000.0, 1000.0, 1000.0, 1000.0, 1000.0, 1000.0, 1000.0, 1000.0, 51.57]
time: [6.14, 7.92, 11.56, 15.03, 18.58, 22.83, 35.06, 38.85, 41.12, 43.58, 45.48, 47.71, 50.58, 52.33]
current_hyper_parameter
v: [12.0, 32.24, 12.0, 17.18, 28.58, 33.72, 27.19, 12.0, 12.0, 12.0, 12.0, 12.0, 31.62, 12.0]
a: [121.73, 67.02, 103.35, 50.0, 50.0, 50.0, 50.0, 50.0, 50.0, 80.81, 141.44, 143.24, 50.0, 50.0]
d: [3.5, 3.5, 3.5, 3.5, 3.5, 3.5, 3.5, 3.5, 3.5, 3.5, 3.5, 3.5, 3.5, 2.0]
BEST_hyper_parameter
v: [12.0, 32.24, 12.0, 12.0, 28.58, 33.72, 27.19, 12.0, 12.0, 12.0, 12.0, 12.0, 31.62, 12.0]
a: [121.73, 67.02, 103.35, 50.0, 50.0, 50.0, 50.0, 50.0, 50.0, 50.0, 141.44, 143.24, 50.0, 50.0]
d: [3.5, 3.5, 3.5, 3.5, 3.5, 3.5, 3.5, 3.5, 3.5, 3.5, 3.5, 3.5, 3.5, 2.0]
random_idx_1 = 0, random_idx_2 = 10
random_idx_1 = 0, random_idx_2 = 1

iteration: 25
best: [1000.0, 1000.0, 1000.0, 1000.0, 1000.0, 1000.0, 1000.0, 1000.0, 1000.0, 1000.0, 1000.0, 1000.0, 1000.0, 51.57]
time: [6.08, 7.88, 11.56, 15.16, 18.71, 23.03, 35.21, 38.86, 41.08, 43.76, 1000, 1000, 1000, 1000]
current_hyper_parameter
v: [12.0, 27.87, 12.0, 12.0, 28.58, 33.72, 27.19, 12.0, 12.0, 12.0, 27.22, 12.0, 31.62, 12.0]
a: [121.73, 67.02, 103.35, 50.0, 50.0, 50.0, 50.0, 50.0, 50.0, 50.0, 141.44, 143.24, 50.0, 50.0]
d: [3.5, 3.5, 3.5, 3.5, 3.5, 3.5, 3.5, 3.5, 3.5, 3.5, 3.5, 3.5, 3.5, 2.0]
BEST_hyper_parameter
v: [12.0, 32.24, 12.0, 12.0, 28.58, 33.72, 27.19, 12.0, 12.0, 12.0, 12.0, 12.0, 31.62, 12.0]
a: [121.73, 67.02, 103.35, 50.0, 50.0, 50.0, 50.0, 50.0, 50.0, 50.0, 141.44, 143.24, 50.0, 50.0]
d: [3.5, 3.5, 3.5, 3.5, 3.5, 3.5, 3.5, 3.5, 3.5, 3.5, 3.5, 3.5, 3.5, 2.0]
random_idx_1 = 0, random_idx_2 = 13
random_idx_1 = 1, random_idx_2 = 8

iteration: 26
best: [1000.0, 1000.0, 1000.0, 1000.0, 1000.0, 1000.0, 1000.0, 1000.0, 1000.0, 1000.0, 1000.0, 1000.0, 1000.0, 51.57]
time: [6.16, 7.93, 11.53, 15.21, 18.9, 22.76, 35.07, 38.69, 40.7, 43.2, 44.67, 46.99, 52.7, 1000]
current_hyper_parameter
v: [12.0, 32.24, 12.0, 12.0, 28.58, 33.72, 27.19, 12.0, 12.0, 12.0, 12.0, 12.0, 31.62, 11.76]
a: [121.73, 67.02, 103.35, 50.0, 50.0, 50.0, 50.0, 50.0, 117.39, 50.0, 141.44, 143.24, 50.0, 50.0]
d: [3.5, 3.5, 3.5, 3.5, 3.5, 3.5, 3.5, 3.5, 3.5, 3.5, 3.5, 3.5, 3.5, 2.0]
BEST_hyper_parameter
v: [12.0, 32.24, 12.0, 12.0, 28.58, 33.72, 27.19, 12.0, 12.0, 12.0, 12.0, 12.0, 31.62, 12.0]
a: [121.73, 67.02, 103.35, 50.0, 50.0, 50.0, 50.0, 50.0, 50.0, 50.0, 141.44, 143.24, 50.0, 50.0]
d: [3.5, 3.5, 3.5, 3.5, 3.5, 3.5, 3.5, 3.5, 3.5, 3.5, 3.5, 3.5, 3.5, 2.0]
random_idx_1 = 0, random_idx_2 = 11
random_idx_1 = 0, random_idx_2 = 1

iteration: 27
best: [1000.0, 1000.0, 1000.0, 1000.0, 1000.0, 1000.0, 1000.0, 1000.0, 1000.0, 1000.0, 1000.0, 1000.0, 1000.0, 51.57]
time: [6.14, 7.95, 11.62, 15.12, 18.56, 22.82, 35.06, 38.74, 41.01, 43.68, 48.19, 50.31, 1000, 1000]
current_hyper_parameter
v: [12.0, 20.32, 12.0, 12.0, 28.58, 33.72, 27.19, 12.0, 12.0, 12.0, 12.0, 14.66, 31.62, 12.0]
a: [121.73, 67.02, 103.35, 50.0, 50.0, 50.0, 50.0, 50.0, 50.0, 50.0, 141.44, 143.24, 50.0, 50.0]
d: [3.5, 3.5, 3.5, 3.5, 3.5, 3.5, 3.5, 3.5, 3.5, 3.5, 3.5, 3.5, 3.5, 2.0]
BEST_hyper_parameter
v: [12.0, 32.24, 12.0, 12.0, 28.58, 33.72, 27.19, 12.0, 12.0, 12.0, 12.0, 12.0, 31.62, 12.0]
a: [121.73, 67.02, 103.35, 50.0, 50.0, 50.0, 50.0, 50.0, 50.0, 50.0, 141.44, 143.24, 50.0, 50.0]
d: [3.5, 3.5, 3.5, 3.5, 3.5, 3.5, 3.5, 3.5, 3.5, 3.5, 3.5, 3.5, 3.5, 2.0]
random_idx_1 = 1, random_idx_2 = 12
random_idx_1 = 2, random_idx_2 = 12

iteration: 28
best: [1000.0, 1000.0, 1000.0, 1000.0, 1000.0, 1000.0, 1000.0, 1000.0, 1000.0, 1000.0, 1000.0, 1000.0, 1000.0, 51.57]
time: [6.15, 7.99, 11.62, 15.22, 18.73, 22.69, 34.95, 38.99, 41.22, 43.79, 48.62, 51.03, 1000, 1000]
current_hyper_parameter
v: [12.0, 32.24, 12.0, 12.0, 28.58, 33.72, 27.19, 12.0, 12.0, 12.0, 12.0, 12.0, 31.62, 12.0]
a: [121.73, 67.02, 103.35, 50.0, 50.0, 50.0, 50.0, 50.0, 50.0, 50.0, 141.44, 143.24, 65.04, 50.0]
d: [3.5, 3.5, 3.5, 3.5, 3.5, 3.5, 3.5, 3.5, 3.5, 3.5, 3.5, 3.5, 3.5, 2.0]
BEST_hyper_parameter
v: [12.0, 32.24, 12.0, 12.0, 28.58, 33.72, 27.19, 12.0, 12.0, 12.0, 12.0, 12.0, 31.62, 12.0]
a: [121.73, 67.02, 103.35, 50.0, 50.0, 50.0, 50.0, 50.0, 50.0, 50.0, 141.44, 143.24, 50.0, 50.0]
d: [3.5, 3.5, 3.5, 3.5, 3.5, 3.5, 3.5, 3.5, 3.5, 3.5, 3.5, 3.5, 3.5, 2.0]
random_idx_1 = 2, random_idx_2 = 11
random_idx_1 = 1, random_idx_2 = 4

iteration: 29
best: [1000.0, 1000.0, 1000.0, 1000.0, 1000.0, 1000.0, 1000.0, 1000.0, 1000.0, 1000.0, 1000.0, 1000.0, 1000.0, 51.57]
time: [6.04, 7.84, 11.53, 15.15, 17.84, 22.48, 34.7, 39.68, 41.96, 44.57, 46.26, 48.44, 51.32, 53.09]
current_hyper_parameter
v: [12.0, 32.24, 12.0, 12.0, 28.58, 33.72, 27.19, 12.0, 12.0, 12.0, 12.0, 12.0, 31.62, 12.0]
a: [121.73, 67.02, 103.35, 50.0, 89.16, 50.0, 50.0, 50.0, 50.0, 50.0, 141.44, 143.24, 50.0, 50.0]
d: [3.5, 3.5, 3.5, 3.5, 3.5, 3.5, 3.5, 3.5, 3.5, 3.5, 3.5, 3.5, 3.5, 2.0]
BEST_hyper_parameter
v: [12.0, 32.24, 12.0, 12.0, 28.58, 33.72, 27.19, 12.0, 12.0, 12.0, 12.0, 12.0, 31.62, 12.0]
a: [121.73, 67.02, 103.35, 50.0, 50.0, 50.0, 50.0, 50.0, 50.0, 50.0, 141.44, 143.24, 50.0, 50.0]
d: [3.5, 3.5, 3.5, 3.5, 3.5, 3.5, 3.5, 3.5, 3.5, 3.5, 3.5, 3.5, 3.5, 2.0]
random_idx_1 = 0, random_idx_2 = 3
random_idx_1 = 1, random_idx_2 = 1

iteration: 30
best: [1000.0, 1000.0, 1000.0, 1000.0, 1000.0, 1000.0, 1000.0, 1000.0, 1000.0, 1000.0, 1000.0, 1000.0, 1000.0, 51.57]
time: [6.15, 7.57, 10.48, 14.01, 17.47, 21.74, 33.98, 37.59, 39.84, 42.52, 47.05, 49.33, 52.05, 1000]
current_hyper_parameter
v: [12.0, 32.24, 12.0, 32.55, 28.58, 33.72, 27.19, 12.0, 12.0, 12.0, 12.0, 12.0, 31.62, 12.0]
a: [121.73, 135.66, 103.35, 50.0, 50.0, 50.0, 50.0, 50.0, 50.0, 50.0, 141.44, 143.24, 50.0, 50.0]
d: [3.5, 3.5, 3.5, 3.5, 3.5, 3.5, 3.5, 3.5, 3.5, 3.5, 3.5, 3.5, 3.5, 2.0]
BEST_hyper_parameter
v: [12.0, 32.24, 12.0, 12.0, 28.58, 33.72, 27.19, 12.0, 12.0, 12.0, 12.0, 12.0, 31.62, 12.0]
a: [121.73, 67.02, 103.35, 50.0, 50.0, 50.0, 50.0, 50.0, 50.0, 50.0, 141.44, 143.24, 50.0, 50.0]
d: [3.5, 3.5, 3.5, 3.5, 3.5, 3.5, 3.5, 3.5, 3.5, 3.5, 3.5, 3.5, 3.5, 2.0]
random_idx_1 = 0, random_idx_2 = 13
random_idx_1 = 2, random_idx_2 = 12

iteration: 31
best: [1000.0, 1000.0, 1000.0, 1000.0, 1000.0, 1000.0, 1000.0, 1000.0, 1000.0, 1000.0, 1000.0, 1000.0, 1000.0, 51.57]
time: [6.16, 7.93, 11.46, 15.14, 21.83, 25.66, 37.96, 41.68, 44.02, 46.67, 48.3, 50.32, 1000, 1000]
current_hyper_parameter
v: [12.0, 32.24, 12.0, 12.0, 28.58, 33.72, 27.19, 12.0, 12.0, 12.0, 12.0, 12.0, 31.62, 12.0]
a: [121.73, 67.02, 103.35, 50.0, 50.0, 50.0, 50.0, 50.0, 50.0, 50.0, 141.44, 143.24, 50.0, 50.0]
d: [3.5, 3.5, 3.5, 3.5, 3.5, 3.5, 3.5, 3.5, 3.5, 3.5, 3.5, 3.5, 3.5, 2.0]
BEST_hyper_parameter
v: [12.0, 32.24, 12.0, 12.0, 28.58, 33.72, 27.19, 12.0, 12.0, 12.0, 12.0, 12.0, 31.62, 12.0]
a: [121.73, 67.02, 103.35, 50.0, 50.0, 50.0, 50.0, 50.0, 50.0, 50.0, 141.44, 143.24, 50.0, 50.0]
d: [3.5, 3.5, 3.5, 3.5, 3.5, 3.5, 3.5, 3.5, 3.5, 3.5, 3.5, 3.5, 3.5, 2.0]
random_idx_1 = 0, random_idx_2 = 10
random_idx_1 = 0, random_idx_2 = 0

iteration: 32
best: [1000.0, 1000.0, 1000.0, 1000.0, 1000.0, 1000.0, 1000.0, 1000.0, 1000.0, 1000.0, 1000.0, 1000.0, 1000.0, 51.57]
time: [5.93, 7.62, 11.11, 14.6, 18.04, 22.27, 34.44, 38.2, 40.42, 43.1, 1000, 1000, 1000, 1000]
current_hyper_parameter
v: [15.69, 32.24, 12.0, 12.0, 28.58, 33.72, 27.19, 12.0, 12.0, 12.0, 27.6, 12.0, 31.62, 12.0]
a: [121.73, 67.02, 103.35, 50.0, 50.0, 50.0, 50.0, 50.0, 50.0, 50.0, 141.44, 143.24, 50.0, 50.0]
d: [3.5, 3.5, 3.5, 3.5, 3.5, 3.5, 3.5, 3.5, 3.5, 3.5, 3.5, 3.5, 3.5, 2.0]
BEST_hyper_parameter
v: [12.0, 32.24, 12.0, 12.0, 28.58, 33.72, 27.19, 12.0, 12.0, 12.0, 12.0, 12.0, 31.62, 12.0]
a: [121.73, 67.02, 103.35, 50.0, 50.0, 50.0, 50.0, 50.0, 50.0, 50.0, 141.44, 143.24, 50.0, 50.0]
d: [3.5, 3.5, 3.5, 3.5, 3.5, 3.5, 3.5, 3.5, 3.5, 3.5, 3.5, 3.5, 3.5, 2.0]
random_idx_1 = 2, random_idx_2 = 1
random_idx_1 = 1, random_idx_2 = 9
