
iteration: 1
best: [1000.0, 1000.0, 1000.0, 1000.0, 1000.0, 1000.0, 1000.0, 1000.0, 1000.0, 1000.0, 1000.0, 1000.0, 1000.0, 47.43]
time: [5.62, 6.92, 9.89, 13.09, 19.0, 22.55, 34.93, 38.67, 40.18, 1000, 1000, 1000, 1000, 1000]
current_hyper_parameter
v: [31.29, 24.71, 12.0, 11.08, 19.01, 16.03, 22.75, 12.0, 32.19, 12.0, 12.0, 26.66, 12.0, 31.21]
a: [141.66, 139.15, 104.72, 93.76, 119.68, 119.98, 50.0, 50.0, 95.79, 25.96, 50.0, 50.0, 157.77, 45.26]
d: [3.5, 3.5, 3.5, 3.5, 3.5, 3.5, 3.5, 3.5, 3.5, 3.5, 3.5, 3.5, 3.5, 2.0]
BEST_hyper_parameter
v: [31.29, 24.71, 12.0, 11.08, 19.01, 16.03, 22.75, 12.0, 32.19, 12.0, 12.0, 26.66, 12.0, 31.21]
a: [141.66, 139.15, 104.72, 93.76, 119.68, 119.98, 50.0, 50.0, 95.79, 25.96, 50.0, 50.0, 157.77, 45.26]
d: [3.5, 3.5, 3.5, 3.5, 3.5, 3.5, 3.5, 3.5, 3.5, 3.5, 3.5, 3.5, 3.5, 2.0]
random_idx_1 = 2, random_idx_2 = 9
random_idx_1 = 0, random_idx_2 = 6

iteration: 2
best: [1000.0, 1000.0, 1000.0, 1000.0, 1000.0, 1000.0, 1000.0, 1000.0, 1000.0, 1000.0, 1000.0, 1000.0, 1000.0, 47.43]
time: [5.66, 7.02, 9.88, 13.19, 19.65, 26.18, 43.45, 47.52, 48.91, 1000, 1000, 1000, 1000, 1000]
current_hyper_parameter
v: [31.29, 24.71, 12.0, 11.08, 19.01, 16.03, 11.49, 12.0, 32.19, 12.0, 12.0, 26.66, 12.0, 31.21]
a: [141.66, 139.15, 104.72, 93.76, 119.68, 119.98, 50.0, 50.0, 95.79, 25.96, 50.0, 50.0, 157.77, 45.26]
d: [3.5, 3.5, 3.5, 3.5, 3.5, 3.5, 3.5, 3.5, 3.5, 3.5, 3.5, 3.5, 3.5, 2.0]
BEST_hyper_parameter
v: [31.29, 24.71, 12.0, 11.08, 19.01, 16.03, 22.75, 12.0, 32.19, 12.0, 12.0, 26.66, 12.0, 31.21]
a: [141.66, 139.15, 104.72, 93.76, 119.68, 119.98, 50.0, 50.0, 95.79, 25.96, 50.0, 50.0, 157.77, 45.26]
d: [3.5, 3.5, 3.5, 3.5, 3.5, 3.5, 3.5, 3.5, 3.5, 3.5, 3.5, 3.5, 3.5, 2.0]
random_idx_1 = 2, random_idx_2 = 10
random_idx_1 = 1, random_idx_2 = 13

iteration: 3
best: [1000.0, 1000.0, 1000.0, 1000.0, 1000.0, 1000.0, 1000.0, 1000.0, 1000.0, 1000.0, 1000.0, 1000.0, 1000.0, 47.43]
time: [5.71, 7.07, 10.59, 14.01, 19.68, 23.3, 35.95, 39.6, 41.05, 1000, 1000, 1000, 1000, 1000]
current_hyper_parameter
v: [31.29, 24.71, 12.0, 11.08, 19.01, 16.03, 22.75, 12.0, 32.19, 12.0, 12.0, 26.66, 12.0, 31.21]
a: [141.66, 139.15, 104.72, 93.76, 119.68, 119.98, 50.0, 50.0, 95.79, 25.96, 50.0, 50.0, 157.77, 115.0]
d: [3.5, 3.5, 3.5, 3.5, 3.5, 3.5, 3.5, 3.5, 3.5, 3.5, 3.5, 3.5, 3.5, 2.0]
BEST_hyper_parameter
v: [31.29, 24.71, 12.0, 11.08, 19.01, 16.03, 22.75, 12.0, 32.19, 12.0, 12.0, 26.66, 12.0, 31.21]
a: [141.66, 139.15, 104.72, 93.76, 119.68, 119.98, 50.0, 50.0, 95.79, 25.96, 50.0, 50.0, 157.77, 45.26]
d: [3.5, 3.5, 3.5, 3.5, 3.5, 3.5, 3.5, 3.5, 3.5, 3.5, 3.5, 3.5, 3.5, 2.0]
random_idx_1 = 1, random_idx_2 = 0
random_idx_1 = 0, random_idx_2 = 12

iteration: 4
best: [1000.0, 1000.0, 1000.0, 1000.0, 1000.0, 1000.0, 1000.0, 1000.0, 1000.0, 1000.0, 1000.0, 1000.0, 1000.0, 47.43]
time: [7.94, 9.61, 12.89, 16.16, 18.81, 22.68, 34.84, 38.63, 40.21, 1000, 1000, 1000, 1000, 1000]
current_hyper_parameter
v: [31.29, 24.71, 12.0, 11.08, 19.01, 16.03, 22.75, 12.0, 32.19, 12.0, 12.0, 26.66, 18.25, 31.21]
a: [27.8, 139.15, 104.72, 93.76, 119.68, 119.98, 50.0, 50.0, 95.79, 25.96, 50.0, 50.0, 157.77, 45.26]
d: [3.5, 3.5, 3.5, 3.5, 3.5, 3.5, 3.5, 3.5, 3.5, 3.5, 3.5, 3.5, 3.5, 2.0]
BEST_hyper_parameter
v: [31.29, 24.71, 12.0, 11.08, 19.01, 16.03, 22.75, 12.0, 32.19, 12.0, 12.0, 26.66, 12.0, 31.21]
a: [141.66, 139.15, 104.72, 93.76, 119.68, 119.98, 50.0, 50.0, 95.79, 25.96, 50.0, 50.0, 157.77, 45.26]
d: [3.5, 3.5, 3.5, 3.5, 3.5, 3.5, 3.5, 3.5, 3.5, 3.5, 3.5, 3.5, 3.5, 2.0]
random_idx_1 = 2, random_idx_2 = 2
random_idx_1 = 1, random_idx_2 = 9

iteration: 5
best: [1000.0, 1000.0, 1000.0, 1000.0, 1000.0, 1000.0, 1000.0, 1000.0, 1000.0, 1000.0, 1000.0, 1000.0, 1000.0, 47.43]
time: [5.7, 7.07, 10.63, 14.04, 1000, 1000, 1000, 1000, 1000, 1000, 1000, 1000, 1000, 1000]
current_hyper_parameter
v: [31.29, 24.71, 12.0, 11.08, 19.01, 16.03, 22.75, 12.0, 32.19, 12.0, 12.0, 26.66, 12.0, 31.21]
a: [141.66, 139.15, 104.72, 93.76, 119.68, 119.98, 50.0, 50.0, 95.79, 52.69, 50.0, 50.0, 157.77, 45.26]
d: [3.5, 3.5, 5.88, 3.5, 3.5, 3.5, 3.5, 3.5, 3.5, 3.5, 3.5, 3.5, 3.5, 2.0]
BEST_hyper_parameter
v: [31.29, 24.71, 12.0, 11.08, 19.01, 16.03, 22.75, 12.0, 32.19, 12.0, 12.0, 26.66, 12.0, 31.21]
a: [141.66, 139.15, 104.72, 93.76, 119.68, 119.98, 50.0, 50.0, 95.79, 25.96, 50.0, 50.0, 157.77, 45.26]
d: [3.5, 3.5, 3.5, 3.5, 3.5, 3.5, 3.5, 3.5, 3.5, 3.5, 3.5, 3.5, 3.5, 2.0]
random_idx_1 = 2, random_idx_2 = 10
random_idx_1 = 1, random_idx_2 = 10

iteration: 6
best: [1000.0, 1000.0, 1000.0, 1000.0, 1000.0, 1000.0, 1000.0, 1000.0, 1000.0, 1000.0, 1000.0, 1000.0, 1000.0, 47.43]
time: [5.7, 7.08, 10.24, 13.51, 1000, 1000, 1000, 1000, 1000, 1000, 1000, 1000, 1000, 1000]
current_hyper_parameter
v: [31.29, 24.71, 12.0, 11.08, 19.01, 16.03, 22.75, 12.0, 32.19, 12.0, 12.0, 26.66, 12.0, 31.21]
a: [141.66, 139.15, 104.72, 93.76, 119.68, 119.98, 50.0, 50.0, 95.79, 25.96, 40.93, 50.0, 157.77, 45.26]
d: [3.5, 3.5, 3.5, 3.5, 3.5, 3.5, 3.5, 3.5, 3.5, 3.5, 3.5, 3.5, 3.5, 2.0]
BEST_hyper_parameter
v: [31.29, 24.71, 12.0, 11.08, 19.01, 16.03, 22.75, 12.0, 32.19, 12.0, 12.0, 26.66, 12.0, 31.21]
a: [141.66, 139.15, 104.72, 93.76, 119.68, 119.98, 50.0, 50.0, 95.79, 25.96, 50.0, 50.0, 157.77, 45.26]
d: [3.5, 3.5, 3.5, 3.5, 3.5, 3.5, 3.5, 3.5, 3.5, 3.5, 3.5, 3.5, 3.5, 2.0]
random_idx_1 = 2, random_idx_2 = 13
random_idx_1 = 1, random_idx_2 = 5

iteration: 7
best: [1000.0, 1000.0, 1000.0, 1000.0, 1000.0, 1000.0, 1000.0, 1000.0, 1000.0, 1000.0, 1000.0, 1000.0, 1000.0, 47.43]
time: [5.69, 7.05, 10.61, 14.01, 1000, 1000, 1000, 1000, 1000, 1000, 1000, 1000, 1000, 1000]
current_hyper_parameter
v: [31.29, 24.71, 12.0, 11.08, 19.01, 16.03, 22.75, 12.0, 32.19, 12.0, 12.0, 26.66, 12.0, 31.21]
a: [141.66, 139.15, 104.72, 93.76, 119.68, 84.64, 50.0, 50.0, 95.79, 25.96, 50.0, 50.0, 157.77, 45.26]
d: [3.5, 3.5, 3.5, 3.5, 3.5, 3.5, 3.5, 3.5, 3.5, 3.5, 3.5, 3.5, 3.5, 2.0]
BEST_hyper_parameter
v: [31.29, 24.71, 12.0, 11.08, 19.01, 16.03, 22.75, 12.0, 32.19, 12.0, 12.0, 26.66, 12.0, 31.21]
a: [141.66, 139.15, 104.72, 93.76, 119.68, 119.98, 50.0, 50.0, 95.79, 25.96, 50.0, 50.0, 157.77, 45.26]
d: [3.5, 3.5, 3.5, 3.5, 3.5, 3.5, 3.5, 3.5, 3.5, 3.5, 3.5, 3.5, 3.5, 2.0]
random_idx_1 = 2, random_idx_2 = 7
random_idx_1 = 2, random_idx_2 = 1

iteration: 8
best: [1000.0, 1000.0, 1000.0, 1000.0, 1000.0, 1000.0, 1000.0, 1000.0, 1000.0, 1000.0, 1000.0, 1000.0, 1000.0, 47.43]
time: [5.7, 7.07, 10.63, 14.01, 1000, 1000, 1000, 1000, 1000, 1000, 1000, 1000, 1000, 1000]
current_hyper_parameter
v: [31.29, 24.71, 12.0, 11.08, 19.01, 16.03, 22.75, 12.0, 32.19, 12.0, 12.0, 26.66, 12.0, 31.21]
a: [141.66, 139.15, 104.72, 93.76, 119.68, 119.98, 50.0, 50.0, 95.79, 25.96, 50.0, 50.0, 157.77, 45.26]
d: [3.5, 3.5, 3.5, 3.5, 3.5, 3.5, 3.5, 3.5, 3.5, 3.5, 3.5, 3.5, 3.5, 2.0]
BEST_hyper_parameter
v: [31.29, 24.71, 12.0, 11.08, 19.01, 16.03, 22.75, 12.0, 32.19, 12.0, 12.0, 26.66, 12.0, 31.21]
a: [141.66, 139.15, 104.72, 93.76, 119.68, 119.98, 50.0, 50.0, 95.79, 25.96, 50.0, 50.0, 157.77, 45.26]
d: [3.5, 3.5, 3.5, 3.5, 3.5, 3.5, 3.5, 3.5, 3.5, 3.5, 3.5, 3.5, 3.5, 2.0]
random_idx_1 = 0, random_idx_2 = 7
random_idx_1 = 0, random_idx_2 = 7

iteration: 9
best: [1000.0, 1000.0, 1000.0, 1000.0, 1000.0, 1000.0, 1000.0, 1000.0, 1000.0, 1000.0, 1000.0, 1000.0, 1000.0, 47.43]
time: [5.7, 7.03, 9.94, 13.17, 15.79, 19.7, 31.68, 35.35, 40.36, 52.42, 1000, 1000, 1000, 1000]
current_hyper_parameter
v: [31.29, 24.71, 12.0, 11.08, 19.01, 16.03, 22.75, 28.08, 32.19, 12.0, 12.0, 26.66, 12.0, 31.21]
a: [141.66, 139.15, 104.72, 93.76, 119.68, 119.98, 50.0, 50.0, 95.79, 25.96, 50.0, 50.0, 157.77, 45.26]
d: [3.5, 3.5, 3.5, 3.5, 3.5, 3.5, 3.5, 3.5, 3.5, 3.5, 3.5, 3.5, 3.5, 2.0]
BEST_hyper_parameter
v: [31.29, 24.71, 12.0, 11.08, 19.01, 16.03, 22.75, 12.0, 32.19, 12.0, 12.0, 26.66, 12.0, 31.21]
a: [141.66, 139.15, 104.72, 93.76, 119.68, 119.98, 50.0, 50.0, 95.79, 25.96, 50.0, 50.0, 157.77, 45.26]
d: [3.5, 3.5, 3.5, 3.5, 3.5, 3.5, 3.5, 3.5, 3.5, 3.5, 3.5, 3.5, 3.5, 2.0]
random_idx_1 = 0, random_idx_2 = 11
random_idx_1 = 2, random_idx_2 = 13

iteration: 10
best: [1000.0, 1000.0, 1000.0, 1000.0, 1000.0, 1000.0, 1000.0, 1000.0, 1000.0, 1000.0, 1000.0, 1000.0, 1000.0, 47.43]
time: [5.71, 7.06, 10.43, 14.05, 1000, 1000, 1000, 1000, 1000, 1000, 1000, 1000, 1000, 1000]
current_hyper_parameter
v: [31.29, 24.71, 12.0, 11.08, 19.01, 16.03, 22.75, 12.0, 32.19, 12.0, 12.0, 27.9, 12.0, 31.21]
a: [141.66, 139.15, 104.72, 93.76, 119.68, 119.98, 50.0, 50.0, 95.79, 25.96, 50.0, 50.0, 157.77, 45.26]
d: [3.5, 3.5, 3.5, 3.5, 3.5, 3.5, 3.5, 3.5, 3.5, 3.5, 3.5, 3.5, 3.5, 2.0]
BEST_hyper_parameter
v: [31.29, 24.71, 12.0, 11.08, 19.01, 16.03, 22.75, 12.0, 32.19, 12.0, 12.0, 26.66, 12.0, 31.21]
a: [141.66, 139.15, 104.72, 93.76, 119.68, 119.98, 50.0, 50.0, 95.79, 25.96, 50.0, 50.0, 157.77, 45.26]
d: [3.5, 3.5, 3.5, 3.5, 3.5, 3.5, 3.5, 3.5, 3.5, 3.5, 3.5, 3.5, 3.5, 2.0]
random_idx_1 = 1, random_idx_2 = 2
random_idx_1 = 1, random_idx_2 = 2

iteration: 11
best: [1000.0, 1000.0, 1000.0, 1000.0, 1000.0, 1000.0, 1000.0, 1000.0, 1000.0, 1000.0, 1000.0, 1000.0, 1000.0, 47.43]
time: [5.7, 7.04, 10.35, 13.72, 20.35, 23.42, 36.16, 39.99, 44.72, 1000, 1000, 1000, 1000, 1000]
current_hyper_parameter
v: [31.29, 24.71, 12.0, 11.08, 19.01, 16.03, 22.75, 12.0, 32.19, 12.0, 12.0, 26.66, 12.0, 31.21]
a: [141.66, 139.15, 123.97, 93.76, 119.68, 119.98, 50.0, 50.0, 95.79, 25.96, 50.0, 50.0, 157.77, 45.26]
d: [3.5, 3.5, 3.5, 3.5, 3.5, 3.5, 3.5, 3.5, 3.5, 3.5, 3.5, 3.5, 3.5, 2.0]
BEST_hyper_parameter
v: [31.29, 24.71, 12.0, 11.08, 19.01, 16.03, 22.75, 12.0, 32.19, 12.0, 12.0, 26.66, 12.0, 31.21]
a: [141.66, 139.15, 104.72, 93.76, 119.68, 119.98, 50.0, 50.0, 95.79, 25.96, 50.0, 50.0, 157.77, 45.26]
d: [3.5, 3.5, 3.5, 3.5, 3.5, 3.5, 3.5, 3.5, 3.5, 3.5, 3.5, 3.5, 3.5, 2.0]
random_idx_1 = 1, random_idx_2 = 6
random_idx_1 = 0, random_idx_2 = 4

iteration: 12
best: [1000.0, 1000.0, 1000.0, 1000.0, 1000.0, 1000.0, 1000.0, 1000.0, 1000.0, 1000.0, 1000.0, 1000.0, 1000.0, 47.43]
time: [5.71, 7.06, 10.4, 13.69, 16.21, 20.21, 30.84, 35.69, 37.4, 39.12, 41.69, 44.2, 46.32, 48.1]
current_hyper_parameter
v: [31.29, 24.71, 12.0, 11.08, 21.85, 16.03, 22.75, 12.0, 32.19, 12.0, 12.0, 26.66, 12.0, 31.21]
a: [141.66, 139.15, 104.72, 93.76, 119.68, 119.98, 126.95, 50.0, 95.79, 25.96, 50.0, 50.0, 157.77, 45.26]
d: [3.5, 3.5, 3.5, 3.5, 3.5, 3.5, 3.5, 3.5, 3.5, 3.5, 3.5, 3.5, 3.5, 2.0]
BEST_hyper_parameter
v: [31.29, 24.71, 12.0, 11.08, 19.01, 16.03, 22.75, 12.0, 32.19, 12.0, 12.0, 26.66, 12.0, 31.21]
a: [141.66, 139.15, 104.72, 93.76, 119.68, 119.98, 50.0, 50.0, 95.79, 25.96, 50.0, 50.0, 157.77, 45.26]
d: [3.5, 3.5, 3.5, 3.5, 3.5, 3.5, 3.5, 3.5, 3.5, 3.5, 3.5, 3.5, 3.5, 2.0]
random_idx_1 = 1, random_idx_2 = 2
random_idx_1 = 0, random_idx_2 = 1

iteration: 13
best: [1000.0, 1000.0, 1000.0, 1000.0, 1000.0, 1000.0, 1000.0, 1000.0, 1000.0, 1000.0, 1000.0, 1000.0, 1000.0, 47.43]
time: [5.74, 7.11, 10.26, 14.07, 19.82, 23.43, 35.84, 39.62, 41.18, 1000, 1000, 1000, 1000, 1000]
current_hyper_parameter
v: [31.29, 23.1, 12.0, 11.08, 19.01, 16.03, 22.75, 12.0, 32.19, 12.0, 12.0, 26.66, 12.0, 31.21]
a: [141.66, 139.15, 42.47, 93.76, 119.68, 119.98, 50.0, 50.0, 95.79, 25.96, 50.0, 50.0, 157.77, 45.26]
d: [3.5, 3.5, 3.5, 3.5, 3.5, 3.5, 3.5, 3.5, 3.5, 3.5, 3.5, 3.5, 3.5, 2.0]
BEST_hyper_parameter
v: [31.29, 24.71, 12.0, 11.08, 19.01, 16.03, 22.75, 12.0, 32.19, 12.0, 12.0, 26.66, 12.0, 31.21]
a: [141.66, 139.15, 104.72, 93.76, 119.68, 119.98, 50.0, 50.0, 95.79, 25.96, 50.0, 50.0, 157.77, 45.26]
d: [3.5, 3.5, 3.5, 3.5, 3.5, 3.5, 3.5, 3.5, 3.5, 3.5, 3.5, 3.5, 3.5, 2.0]
random_idx_1 = 1, random_idx_2 = 9
random_idx_1 = 0, random_idx_2 = 2

iteration: 14
best: [1000.0, 1000.0, 1000.0, 1000.0, 1000.0, 1000.0, 1000.0, 1000.0, 1000.0, 1000.0, 1000.0, 1000.0, 1000.0, 47.43]
time: [5.67, 7.02, 9.39, 12.37, 15.21, 19.18, 31.16, 35.06, 36.52, 45.93, 48.1, 1000, 1000, 1000]
current_hyper_parameter
v: [31.29, 24.71, 28.81, 11.08, 19.01, 16.03, 22.75, 12.0, 32.19, 12.0, 12.0, 26.66, 12.0, 31.21]
a: [141.66, 139.15, 104.72, 93.76, 119.68, 119.98, 50.0, 50.0, 95.79, 42.61, 50.0, 50.0, 157.77, 45.26]
d: [3.5, 3.5, 3.5, 3.5, 3.5, 3.5, 3.5, 3.5, 3.5, 3.5, 3.5, 3.5, 3.5, 2.0]
BEST_hyper_parameter
v: [31.29, 24.71, 12.0, 11.08, 19.01, 16.03, 22.75, 12.0, 32.19, 12.0, 12.0, 26.66, 12.0, 31.21]
a: [141.66, 139.15, 104.72, 93.76, 119.68, 119.98, 50.0, 50.0, 95.79, 25.96, 50.0, 50.0, 157.77, 45.26]
d: [3.5, 3.5, 3.5, 3.5, 3.5, 3.5, 3.5, 3.5, 3.5, 3.5, 3.5, 3.5, 3.5, 2.0]
random_idx_1 = 0, random_idx_2 = 4
random_idx_1 = 1, random_idx_2 = 12

iteration: 15
best: [1000.0, 1000.0, 1000.0, 1000.0, 1000.0, 1000.0, 1000.0, 1000.0, 1000.0, 1000.0, 1000.0, 1000.0, 1000.0, 47.43]
time: [5.68, 7.01, 9.89, 13.15, 18.62, 22.39, 35.07, 39.63, 41.23, 1000, 1000, 1000, 1000, 1000]
current_hyper_parameter
v: [31.29, 24.71, 12.0, 11.08, 28.46, 16.03, 22.75, 12.0, 32.19, 12.0, 12.0, 26.66, 12.0, 31.21]
a: [141.66, 139.15, 104.72, 93.76, 119.68, 119.98, 50.0, 50.0, 95.79, 25.96, 50.0, 50.0, 143.17, 45.26]
d: [3.5, 3.5, 3.5, 3.5, 3.5, 3.5, 3.5, 3.5, 3.5, 3.5, 3.5, 3.5, 3.5, 2.0]
BEST_hyper_parameter
v: [31.29, 24.71, 12.0, 11.08, 19.01, 16.03, 22.75, 12.0, 32.19, 12.0, 12.0, 26.66, 12.0, 31.21]
a: [141.66, 139.15, 104.72, 93.76, 119.68, 119.98, 50.0, 50.0, 95.79, 25.96, 50.0, 50.0, 157.77, 45.26]
d: [3.5, 3.5, 3.5, 3.5, 3.5, 3.5, 3.5, 3.5, 3.5, 3.5, 3.5, 3.5, 3.5, 2.0]
random_idx_1 = 1, random_idx_2 = 11
random_idx_1 = 1, random_idx_2 = 2

iteration: 16
best: [1000.0, 1000.0, 1000.0, 1000.0, 1000.0, 1000.0, 1000.0, 1000.0, 1000.0, 1000.0, 1000.0, 1000.0, 1000.0, 47.43]
time: [5.7, 7.03, 9.92, 13.3, 19.53, 37.08, 1000, 1000, 1000, 1000, 1000, 1000, 1000, 1000]
current_hyper_parameter
v: [31.29, 24.71, 12.0, 11.08, 19.01, 16.03, 22.75, 12.0, 32.19, 12.0, 12.0, 26.66, 12.0, 31.21]
a: [141.66, 139.15, 87.64, 93.76, 119.68, 119.98, 50.0, 50.0, 95.79, 25.96, 50.0, 95.72, 157.77, 45.26]
d: [3.5, 3.5, 3.5, 3.5, 3.5, 3.5, 3.5, 3.5, 3.5, 3.5, 3.5, 3.5, 3.5, 2.0]
BEST_hyper_parameter
v: [31.29, 24.71, 12.0, 11.08, 19.01, 16.03, 22.75, 12.0, 32.19, 12.0, 12.0, 26.66, 12.0, 31.21]
a: [141.66, 139.15, 104.72, 93.76, 119.68, 119.98, 50.0, 50.0, 95.79, 25.96, 50.0, 50.0, 157.77, 45.26]
d: [3.5, 3.5, 3.5, 3.5, 3.5, 3.5, 3.5, 3.5, 3.5, 3.5, 3.5, 3.5, 3.5, 2.0]
random_idx_1 = 0, random_idx_2 = 4
random_idx_1 = 1, random_idx_2 = 3

iteration: 17
best: [1000.0, 1000.0, 1000.0, 1000.0, 1000.0, 1000.0, 1000.0, 1000.0, 1000.0, 1000.0, 1000.0, 1000.0, 1000.0, 47.43]
time: [5.69, 7.04, 9.9, 13.06, 18.74, 42.32, 1000, 1000, 1000, 1000, 1000, 1000, 1000, 1000]
current_hyper_parameter
v: [31.29, 24.71, 12.0, 11.08, 28.41, 16.03, 22.75, 12.0, 32.19, 12.0, 12.0, 26.66, 12.0, 31.21]
a: [141.66, 139.15, 104.72, 129.63, 119.68, 119.98, 50.0, 50.0, 95.79, 25.96, 50.0, 50.0, 157.77, 45.26]
d: [3.5, 3.5, 3.5, 3.5, 3.5, 3.5, 3.5, 3.5, 3.5, 3.5, 3.5, 3.5, 3.5, 2.0]
BEST_hyper_parameter
v: [31.29, 24.71, 12.0, 11.08, 19.01, 16.03, 22.75, 12.0, 32.19, 12.0, 12.0, 26.66, 12.0, 31.21]
a: [141.66, 139.15, 104.72, 93.76, 119.68, 119.98, 50.0, 50.0, 95.79, 25.96, 50.0, 50.0, 157.77, 45.26]
d: [3.5, 3.5, 3.5, 3.5, 3.5, 3.5, 3.5, 3.5, 3.5, 3.5, 3.5, 3.5, 3.5, 2.0]
random_idx_1 = 1, random_idx_2 = 13
random_idx_1 = 0, random_idx_2 = 7

iteration: 18
best: [1000.0, 1000.0, 1000.0, 1000.0, 1000.0, 1000.0, 1000.0, 1000.0, 1000.0, 1000.0, 1000.0, 1000.0, 1000.0, 47.43]
time: [5.71, 7.05, 10.41, 13.69, 16.32, 20.17, 32.21, 35.85, 37.4, 39.14, 41.79, 44.36, 46.62, 50.55]
current_hyper_parameter
v: [31.29, 24.71, 12.0, 11.08, 19.01, 16.03, 22.75, 24.27, 32.19, 12.0, 12.0, 26.66, 12.0, 31.21]
a: [141.66, 139.15, 104.72, 93.76, 119.68, 119.98, 50.0, 50.0, 95.79, 25.96, 50.0, 50.0, 157.77, 153.83]
d: [3.5, 3.5, 3.5, 3.5, 3.5, 3.5, 3.5, 3.5, 3.5, 3.5, 3.5, 3.5, 3.5, 2.0]
BEST_hyper_parameter
v: [31.29, 24.71, 12.0, 11.08, 19.01, 16.03, 22.75, 12.0, 32.19, 12.0, 12.0, 26.66, 12.0, 31.21]
a: [141.66, 139.15, 104.72, 93.76, 119.68, 119.98, 50.0, 50.0, 95.79, 25.96, 50.0, 50.0, 157.77, 45.26]
d: [3.5, 3.5, 3.5, 3.5, 3.5, 3.5, 3.5, 3.5, 3.5, 3.5, 3.5, 3.5, 3.5, 2.0]
random_idx_1 = 1, random_idx_2 = 3
random_idx_1 = 1, random_idx_2 = 5

iteration: 19
best: [1000.0, 1000.0, 1000.0, 1000.0, 1000.0, 1000.0, 1000.0, 1000.0, 1000.0, 1000.0, 1000.0, 1000.0, 1000.0, 47.43]
time: [5.7, 7.08, 10.26, 13.43, 19.16, 1000, 1000, 1000, 1000, 1000, 1000, 1000, 1000, 1000]
current_hyper_parameter
v: [31.29, 24.71, 12.0, 11.08, 19.01, 16.03, 22.75, 12.0, 32.19, 12.0, 12.0, 26.66, 12.0, 31.21]
a: [141.66, 139.15, 104.72, 110.61, 119.68, 61.52, 50.0, 50.0, 95.79, 25.96, 50.0, 50.0, 157.77, 45.26]
d: [3.5, 3.5, 3.5, 3.5, 3.5, 3.5, 3.5, 3.5, 3.5, 3.5, 3.5, 3.5, 3.5, 2.0]
BEST_hyper_parameter
v: [31.29, 24.71, 12.0, 11.08, 19.01, 16.03, 22.75, 12.0, 32.19, 12.0, 12.0, 26.66, 12.0, 31.21]
a: [141.66, 139.15, 104.72, 93.76, 119.68, 119.98, 50.0, 50.0, 95.79, 25.96, 50.0, 50.0, 157.77, 45.26]
d: [3.5, 3.5, 3.5, 3.5, 3.5, 3.5, 3.5, 3.5, 3.5, 3.5, 3.5, 3.5, 3.5, 2.0]
random_idx_1 = 0, random_idx_2 = 12
random_idx_1 = 0, random_idx_2 = 9

iteration: 20
best: [1000.0, 1000.0, 1000.0, 1000.0, 1000.0, 1000.0, 1000.0, 1000.0, 1000.0, 1000.0, 1000.0, 1000.0, 1000.0, 47.43]
time: [5.72, 7.08, 9.97, 13.28, 28.94, 1000, 1000, 1000, 1000, 1000, 1000, 1000, 1000, 1000]
current_hyper_parameter
v: [31.29, 24.71, 12.0, 11.08, 19.01, 16.03, 22.75, 12.0, 32.19, 13.56, 12.0, 26.66, 21.17, 31.21]
a: [141.66, 139.15, 104.72, 93.76, 119.68, 119.98, 50.0, 50.0, 95.79, 25.96, 50.0, 50.0, 157.77, 45.26]
d: [3.5, 3.5, 3.5, 3.5, 3.5, 3.5, 3.5, 3.5, 3.5, 3.5, 3.5, 3.5, 3.5, 2.0]
BEST_hyper_parameter
v: [31.29, 24.71, 12.0, 11.08, 19.01, 16.03, 22.75, 12.0, 32.19, 12.0, 12.0, 26.66, 12.0, 31.21]
a: [141.66, 139.15, 104.72, 93.76, 119.68, 119.98, 50.0, 50.0, 95.79, 25.96, 50.0, 50.0, 157.77, 45.26]
d: [3.5, 3.5, 3.5, 3.5, 3.5, 3.5, 3.5, 3.5, 3.5, 3.5, 3.5, 3.5, 3.5, 2.0]
random_idx_1 = 0, random_idx_2 = 0
random_idx_1 = 0, random_idx_2 = 9

iteration: 21
best: [1000.0, 1000.0, 1000.0, 1000.0, 1000.0, 1000.0, 1000.0, 1000.0, 1000.0, 1000.0, 1000.0, 1000.0, 1000.0, 47.43]
time: [5.69, 7.06, 10.64, 14.03, 16.75, 20.64, 32.68, 36.57, 38.07, 1000, 1000, 1000, 1000, 1000]
current_hyper_parameter
v: [31.06, 24.71, 12.0, 11.08, 19.01, 16.03, 22.75, 12.0, 32.19, 22.99, 12.0, 26.66, 12.0, 31.21]
a: [141.66, 139.15, 104.72, 93.76, 119.68, 119.98, 50.0, 50.0, 95.79, 25.96, 50.0, 50.0, 157.77, 45.26]
d: [3.5, 3.5, 3.5, 3.5, 3.5, 3.5, 3.5, 3.5, 3.5, 3.5, 3.5, 3.5, 3.5, 2.0]
BEST_hyper_parameter
v: [31.29, 24.71, 12.0, 11.08, 19.01, 16.03, 22.75, 12.0, 32.19, 12.0, 12.0, 26.66, 12.0, 31.21]
a: [141.66, 139.15, 104.72, 93.76, 119.68, 119.98, 50.0, 50.0, 95.79, 25.96, 50.0, 50.0, 157.77, 45.26]
d: [3.5, 3.5, 3.5, 3.5, 3.5, 3.5, 3.5, 3.5, 3.5, 3.5, 3.5, 3.5, 3.5, 2.0]
random_idx_1 = 2, random_idx_2 = 10
random_idx_1 = 1, random_idx_2 = 2

iteration: 22
best: [1000.0, 1000.0, 1000.0, 1000.0, 1000.0, 1000.0, 1000.0, 1000.0, 1000.0, 1000.0, 1000.0, 1000.0, 1000.0, 47.43]
time: [5.7, 7.07, 11.51, 15.66, 21.52, 25.07, 37.28, 41.12, 42.61, 1000, 1000, 1000, 1000, 1000]
current_hyper_parameter
v: [31.29, 24.71, 12.0, 11.08, 19.01, 16.03, 22.75, 12.0, 32.19, 12.0, 12.0, 26.66, 12.0, 31.21]
a: [141.66, 139.15, 23.66, 93.76, 119.68, 119.98, 50.0, 50.0, 95.79, 25.96, 50.0, 50.0, 157.77, 45.26]
d: [3.5, 3.5, 3.5, 3.5, 3.5, 3.5, 3.5, 3.5, 3.5, 3.5, 3.5, 3.5, 3.5, 2.0]
BEST_hyper_parameter
v: [31.29, 24.71, 12.0, 11.08, 19.01, 16.03, 22.75, 12.0, 32.19, 12.0, 12.0, 26.66, 12.0, 31.21]
a: [141.66, 139.15, 104.72, 93.76, 119.68, 119.98, 50.0, 50.0, 95.79, 25.96, 50.0, 50.0, 157.77, 45.26]
d: [3.5, 3.5, 3.5, 3.5, 3.5, 3.5, 3.5, 3.5, 3.5, 3.5, 3.5, 3.5, 3.5, 2.0]
random_idx_1 = 0, random_idx_2 = 3
random_idx_1 = 0, random_idx_2 = 4

iteration: 23
best: [1000.0, 1000.0, 1000.0, 1000.0, 1000.0, 1000.0, 1000.0, 1000.0, 1000.0, 1000.0, 1000.0, 1000.0, 1000.0, 47.43]
time: [5.7, 7.08, 10.54, 13.73, 19.18, 22.86, 35.33, 39.08, 40.62, 42.94, 44.75, 47.11, 1000, 1000]
current_hyper_parameter
v: [31.29, 24.71, 12.0, 10.57, 30.21, 16.03, 22.75, 12.0, 32.19, 12.0, 12.0, 26.66, 12.0, 31.21]
a: [141.66, 139.15, 104.72, 93.76, 119.68, 119.98, 50.0, 50.0, 95.79, 25.96, 50.0, 50.0, 157.77, 45.26]
d: [3.5, 3.5, 3.5, 3.5, 3.5, 3.5, 3.5, 3.5, 3.5, 3.5, 3.5, 3.5, 3.5, 2.0]
BEST_hyper_parameter
v: [31.29, 24.71, 12.0, 11.08, 19.01, 16.03, 22.75, 12.0, 32.19, 12.0, 12.0, 26.66, 12.0, 31.21]
a: [141.66, 139.15, 104.72, 93.76, 119.68, 119.98, 50.0, 50.0, 95.79, 25.96, 50.0, 50.0, 157.77, 45.26]
d: [3.5, 3.5, 3.5, 3.5, 3.5, 3.5, 3.5, 3.5, 3.5, 3.5, 3.5, 3.5, 3.5, 2.0]
random_idx_1 = 2, random_idx_2 = 10
random_idx_1 = 2, random_idx_2 = 11

iteration: 24
best: [1000.0, 1000.0, 1000.0, 1000.0, 1000.0, 1000.0, 1000.0, 1000.0, 1000.0, 1000.0, 1000.0, 1000.0, 1000.0, 47.43]
time: [5.67, 7.01, 9.89, 13.2, 19.28, 31.52, 43.91, 47.52, 48.85, 1000, 1000, 1000, 1000, 1000]
current_hyper_parameter
v: [31.29, 24.71, 12.0, 11.08, 19.01, 16.03, 22.75, 12.0, 32.19, 12.0, 12.0, 26.66, 12.0, 31.21]
a: [141.66, 139.15, 104.72, 93.76, 119.68, 119.98, 50.0, 50.0, 95.79, 25.96, 50.0, 50.0, 157.77, 45.26]
d: [3.5, 3.5, 3.5, 3.5, 3.5, 3.5, 3.5, 3.5, 3.5, 3.5, 3.5, 3.5, 3.5, 2.0]
BEST_hyper_parameter
v: [31.29, 24.71, 12.0, 11.08, 19.01, 16.03, 22.75, 12.0, 32.19, 12.0, 12.0, 26.66, 12.0, 31.21]
a: [141.66, 139.15, 104.72, 93.76, 119.68, 119.98, 50.0, 50.0, 95.79, 25.96, 50.0, 50.0, 157.77, 45.26]
d: [3.5, 3.5, 3.5, 3.5, 3.5, 3.5, 3.5, 3.5, 3.5, 3.5, 3.5, 3.5, 3.5, 2.0]
random_idx_1 = 1, random_idx_2 = 0
random_idx_1 = 2, random_idx_2 = 6

iteration: 25
best: [1000.0, 1000.0, 1000.0, 1000.0, 1000.0, 1000.0, 1000.0, 1000.0, 1000.0, 1000.0, 1000.0, 1000.0, 1000.0, 47.43]
time: [6.95, 8.52, 11.47, 14.68, 17.31, 21.19, 33.22, 37.1, 38.66, 40.98, 42.91, 45.83, 1000, 1000]
current_hyper_parameter
v: [31.29, 24.71, 12.0, 11.08, 19.01, 16.03, 22.75, 12.0, 32.19, 12.0, 12.0, 26.66, 12.0, 31.21]
a: [36.31, 139.15, 104.72, 93.76, 119.68, 119.98, 50.0, 50.0, 95.79, 25.96, 50.0, 50.0, 157.77, 45.26]
d: [3.5, 3.5, 3.5, 3.5, 3.5, 3.5, 3.5, 3.5, 3.5, 3.5, 3.5, 3.5, 3.5, 2.0]
BEST_hyper_parameter
v: [31.29, 24.71, 12.0, 11.08, 19.01, 16.03, 22.75, 12.0, 32.19, 12.0, 12.0, 26.66, 12.0, 31.21]
a: [141.66, 139.15, 104.72, 93.76, 119.68, 119.98, 50.0, 50.0, 95.79, 25.96, 50.0, 50.0, 157.77, 45.26]
d: [3.5, 3.5, 3.5, 3.5, 3.5, 3.5, 3.5, 3.5, 3.5, 3.5, 3.5, 3.5, 3.5, 2.0]
random_idx_1 = 2, random_idx_2 = 2
random_idx_1 = 0, random_idx_2 = 6

iteration: 26
best: [1000.0, 1000.0, 1000.0, 1000.0, 1000.0, 1000.0, 1000.0, 1000.0, 1000.0, 1000.0, 1000.0, 1000.0, 1000.0, 47.43]
time: [5.69, 7.08, 10.25, 13.53, 19.31, 26.36, 38.88, 42.46, 43.93, 1000, 1000, 1000, 1000, 1000]
current_hyper_parameter
v: [31.29, 24.71, 12.0, 11.08, 19.01, 16.03, 23.93, 12.0, 32.19, 12.0, 12.0, 26.66, 12.0, 31.21]
a: [141.66, 139.15, 104.72, 93.76, 119.68, 119.98, 50.0, 50.0, 95.79, 25.96, 50.0, 50.0, 157.77, 45.26]
d: [3.5, 3.5, 3.67, 3.5, 3.5, 3.5, 3.5, 3.5, 3.5, 3.5, 3.5, 3.5, 3.5, 2.0]
BEST_hyper_parameter
v: [31.29, 24.71, 12.0, 11.08, 19.01, 16.03, 22.75, 12.0, 32.19, 12.0, 12.0, 26.66, 12.0, 31.21]
a: [141.66, 139.15, 104.72, 93.76, 119.68, 119.98, 50.0, 50.0, 95.79, 25.96, 50.0, 50.0, 157.77, 45.26]
d: [3.5, 3.5, 3.5, 3.5, 3.5, 3.5, 3.5, 3.5, 3.5, 3.5, 3.5, 3.5, 3.5, 2.0]
random_idx_1 = 1, random_idx_2 = 10
random_idx_1 = 2, random_idx_2 = 4

iteration: 27
best: [1000.0, 1000.0, 1000.0, 1000.0, 1000.0, 1000.0, 1000.0, 1000.0, 1000.0, 1000.0, 1000.0, 1000.0, 1000.0, 47.43]
time: [5.69, 7.09, 10.27, 13.52, 1000, 1000, 1000, 1000, 1000, 1000, 1000, 1000, 1000, 1000]
current_hyper_parameter
v: [31.29, 24.71, 12.0, 11.08, 19.01, 16.03, 22.75, 12.0, 32.19, 12.0, 12.0, 26.66, 12.0, 31.21]
a: [141.66, 139.15, 104.72, 93.76, 119.68, 119.98, 50.0, 50.0, 95.79, 25.96, 137.08, 50.0, 157.77, 45.26]
d: [3.5, 3.5, 3.5, 3.5, 3.5, 3.5, 3.5, 3.5, 3.5, 3.5, 3.5, 3.5, 3.5, 2.0]
BEST_hyper_parameter
v: [31.29, 24.71, 12.0, 11.08, 19.01, 16.03, 22.75, 12.0, 32.19, 12.0, 12.0, 26.66, 12.0, 31.21]
a: [141.66, 139.15, 104.72, 93.76, 119.68, 119.98, 50.0, 50.0, 95.79, 25.96, 50.0, 50.0, 157.77, 45.26]
d: [3.5, 3.5, 3.5, 3.5, 3.5, 3.5, 3.5, 3.5, 3.5, 3.5, 3.5, 3.5, 3.5, 2.0]
random_idx_1 = 2, random_idx_2 = 2
random_idx_1 = 1, random_idx_2 = 5

iteration: 28
best: [1000.0, 1000.0, 1000.0, 1000.0, 1000.0, 1000.0, 1000.0, 1000.0, 1000.0, 1000.0, 1000.0, 1000.0, 1000.0, 47.43]
time: [5.69, 7.04, 9.93, 13.3, 1000, 1000, 1000, 1000, 1000, 1000, 1000, 1000, 1000, 1000]
current_hyper_parameter
v: [31.29, 24.71, 12.0, 11.08, 19.01, 16.03, 22.75, 12.0, 32.19, 12.0, 12.0, 26.66, 12.0, 31.21]
a: [141.66, 139.15, 104.72, 93.76, 119.68, 44.61, 50.0, 50.0, 95.79, 25.96, 50.0, 50.0, 157.77, 45.26]
d: [3.5, 3.5, 6.13, 3.5, 3.5, 3.5, 3.5, 3.5, 3.5, 3.5, 3.5, 3.5, 3.5, 2.0]
BEST_hyper_parameter
v: [31.29, 24.71, 12.0, 11.08, 19.01, 16.03, 22.75, 12.0, 32.19, 12.0, 12.0, 26.66, 12.0, 31.21]
a: [141.66, 139.15, 104.72, 93.76, 119.68, 119.98, 50.0, 50.0, 95.79, 25.96, 50.0, 50.0, 157.77, 45.26]
d: [3.5, 3.5, 3.5, 3.5, 3.5, 3.5, 3.5, 3.5, 3.5, 3.5, 3.5, 3.5, 3.5, 2.0]
random_idx_1 = 2, random_idx_2 = 2
random_idx_1 = 0, random_idx_2 = 3

iteration: 29
best: [1000.0, 1000.0, 1000.0, 1000.0, 1000.0, 1000.0, 1000.0, 1000.0, 1000.0, 1000.0, 1000.0, 1000.0, 1000.0, 47.43]
time: [5.71, 7.04, 10.39, 13.42, 19.08, 38.24, 1000, 1000, 1000, 1000, 1000, 1000, 1000, 1000]
current_hyper_parameter
v: [31.29, 24.71, 12.0, 14.25, 19.01, 16.03, 22.75, 12.0, 32.19, 12.0, 12.0, 26.66, 12.0, 31.21]
a: [141.66, 139.15, 104.72, 93.76, 119.68, 119.98, 50.0, 50.0, 95.79, 25.96, 50.0, 50.0, 157.77, 45.26]
d: [3.5, 3.5, 3.7, 3.5, 3.5, 3.5, 3.5, 3.5, 3.5, 3.5, 3.5, 3.5, 3.5, 2.0]
BEST_hyper_parameter
v: [31.29, 24.71, 12.0, 11.08, 19.01, 16.03, 22.75, 12.0, 32.19, 12.0, 12.0, 26.66, 12.0, 31.21]
a: [141.66, 139.15, 104.72, 93.76, 119.68, 119.98, 50.0, 50.0, 95.79, 25.96, 50.0, 50.0, 157.77, 45.26]
d: [3.5, 3.5, 3.5, 3.5, 3.5, 3.5, 3.5, 3.5, 3.5, 3.5, 3.5, 3.5, 3.5, 2.0]
random_idx_1 = 0, random_idx_2 = 4
random_idx_1 = 2, random_idx_2 = 3

iteration: 30
best: [1000.0, 1000.0, 1000.0, 1000.0, 1000.0, 1000.0, 1000.0, 1000.0, 1000.0, 1000.0, 1000.0, 1000.0, 1000.0, 47.43]
time: [5.73, 7.13, 10.53, 14.09, 16.8, 20.68, 32.79, 36.64, 38.21, 43.54, 45.86, 48.49, 1000, 1000]
current_hyper_parameter
v: [31.29, 24.71, 12.0, 11.08, 17.92, 16.03, 22.75, 12.0, 32.19, 12.0, 12.0, 26.66, 12.0, 31.21]
a: [141.66, 139.15, 104.72, 93.76, 119.68, 119.98, 50.0, 50.0, 95.79, 25.96, 50.0, 50.0, 157.77, 45.26]
d: [3.5, 3.5, 3.5, 3.5, 3.5, 3.5, 3.5, 3.5, 3.5, 3.5, 3.5, 3.5, 3.5, 2.0]
BEST_hyper_parameter
v: [31.29, 24.71, 12.0, 11.08, 19.01, 16.03, 22.75, 12.0, 32.19, 12.0, 12.0, 26.66, 12.0, 31.21]
a: [141.66, 139.15, 104.72, 93.76, 119.68, 119.98, 50.0, 50.0, 95.79, 25.96, 50.0, 50.0, 157.77, 45.26]
d: [3.5, 3.5, 3.5, 3.5, 3.5, 3.5, 3.5, 3.5, 3.5, 3.5, 3.5, 3.5, 3.5, 2.0]
random_idx_1 = 0, random_idx_2 = 5
random_idx_1 = 1, random_idx_2 = 5

iteration: 31
best: [1000.0, 1000.0, 1000.0, 1000.0, 1000.0, 1000.0, 1000.0, 1000.0, 1000.0, 1000.0, 1000.0, 1000.0, 1000.0, 47.43]
time: [5.69, 7.05, 10.64, 14.03, 1000, 1000, 1000, 1000, 1000, 1000, 1000, 1000, 1000, 1000]
current_hyper_parameter
v: [31.29, 24.71, 12.0, 11.08, 19.01, 17.01, 22.75, 12.0, 32.19, 12.0, 12.0, 26.66, 12.0, 31.21]
a: [141.66, 139.15, 104.72, 93.76, 119.68, 45.14, 50.0, 50.0, 95.79, 25.96, 50.0, 50.0, 157.77, 45.26]
d: [3.5, 3.5, 3.5, 3.5, 3.5, 3.5, 3.5, 3.5, 3.5, 3.5, 3.5, 3.5, 3.5, 2.0]
BEST_hyper_parameter
v: [31.29, 24.71, 12.0, 11.08, 19.01, 16.03, 22.75, 12.0, 32.19, 12.0, 12.0, 26.66, 12.0, 31.21]
a: [141.66, 139.15, 104.72, 93.76, 119.68, 119.98, 50.0, 50.0, 95.79, 25.96, 50.0, 50.0, 157.77, 45.26]
d: [3.5, 3.5, 3.5, 3.5, 3.5, 3.5, 3.5, 3.5, 3.5, 3.5, 3.5, 3.5, 3.5, 2.0]
random_idx_1 = 0, random_idx_2 = 2
random_idx_1 = 0, random_idx_2 = 10

iteration: 32
best: [1000.0, 1000.0, 1000.0, 1000.0, 1000.0, 1000.0, 1000.0, 1000.0, 1000.0, 1000.0, 1000.0, 1000.0, 1000.0, 47.43]
time: [5.7, 7.07, 10.25, 13.38, 16.1, 22.77, 35.63, 39.42, 40.98, 42.86, 44.98, 47.54, 49.31, 1000]
current_hyper_parameter
v: [31.29, 24.71, 16.04, 11.08, 19.01, 16.03, 22.75, 12.0, 32.19, 12.0, 15.31, 26.66, 12.0, 31.21]
a: [141.66, 139.15, 104.72, 93.76, 119.68, 119.98, 50.0, 50.0, 95.79, 25.96, 50.0, 50.0, 157.77, 45.26]
d: [3.5, 3.5, 3.5, 3.5, 3.5, 3.5, 3.5, 3.5, 3.5, 3.5, 3.5, 3.5, 3.5, 2.0]
BEST_hyper_parameter
v: [31.29, 24.71, 12.0, 11.08, 19.01, 16.03, 22.75, 12.0, 32.19, 12.0, 12.0, 26.66, 12.0, 31.21]
a: [141.66, 139.15, 104.72, 93.76, 119.68, 119.98, 50.0, 50.0, 95.79, 25.96, 50.0, 50.0, 157.77, 45.26]
d: [3.5, 3.5, 3.5, 3.5, 3.5, 3.5, 3.5, 3.5, 3.5, 3.5, 3.5, 3.5, 3.5, 2.0]
random_idx_1 = 2, random_idx_2 = 6
random_idx_1 = 2, random_idx_2 = 0

iteration: 33
best: [1000.0, 1000.0, 1000.0, 1000.0, 1000.0, 1000.0, 1000.0, 1000.0, 1000.0, 1000.0, 1000.0, 1000.0, 1000.0, 47.43]
time: [5.73, 7.16, 10.28, 13.57, 19.33, 23.57, 35.9, 39.53, 41.05, 1000, 1000, 1000, 1000, 1000]
current_hyper_parameter
v: [31.29, 24.71, 12.0, 11.08, 19.01, 16.03, 22.75, 12.0, 32.19, 12.0, 12.0, 26.66, 12.0, 31.21]
a: [141.66, 139.15, 104.72, 93.76, 119.68, 119.98, 50.0, 50.0, 95.79, 25.96, 50.0, 50.0, 157.77, 45.26]
d: [3.5, 3.5, 3.5, 3.5, 3.5, 3.5, 3.5, 3.5, 3.5, 3.5, 3.5, 3.5, 3.5, 2.0]
BEST_hyper_parameter
v: [31.29, 24.71, 12.0, 11.08, 19.01, 16.03, 22.75, 12.0, 32.19, 12.0, 12.0, 26.66, 12.0, 31.21]
a: [141.66, 139.15, 104.72, 93.76, 119.68, 119.98, 50.0, 50.0, 95.79, 25.96, 50.0, 50.0, 157.77, 45.26]
d: [3.5, 3.5, 3.5, 3.5, 3.5, 3.5, 3.5, 3.5, 3.5, 3.5, 3.5, 3.5, 3.5, 2.0]
random_idx_1 = 1, random_idx_2 = 6
random_idx_1 = 2, random_idx_2 = 2

iteration: 34
best: [1000.0, 1000.0, 1000.0, 1000.0, 1000.0, 1000.0, 1000.0, 1000.0, 1000.0, 1000.0, 1000.0, 1000.0, 1000.0, 47.43]
time: [5.68, 7.07, 10.62, 17.13, 28.03, 1000, 1000, 1000, 1000, 1000, 1000, 1000, 1000, 1000]
current_hyper_parameter
v: [31.29, 24.71, 12.0, 11.08, 19.01, 16.03, 22.75, 12.0, 32.19, 12.0, 12.0, 26.66, 12.0, 31.21]
a: [141.66, 139.15, 104.72, 93.76, 119.68, 119.98, 21.02, 50.0, 95.79, 25.96, 50.0, 50.0, 157.77, 45.26]
d: [3.5, 3.5, 5.66, 3.5, 3.5, 3.5, 3.5, 3.5, 3.5, 3.5, 3.5, 3.5, 3.5, 2.0]
BEST_hyper_parameter
v: [31.29, 24.71, 12.0, 11.08, 19.01, 16.03, 22.75, 12.0, 32.19, 12.0, 12.0, 26.66, 12.0, 31.21]
a: [141.66, 139.15, 104.72, 93.76, 119.68, 119.98, 50.0, 50.0, 95.79, 25.96, 50.0, 50.0, 157.77, 45.26]
d: [3.5, 3.5, 3.5, 3.5, 3.5, 3.5, 3.5, 3.5, 3.5, 3.5, 3.5, 3.5, 3.5, 2.0]
random_idx_1 = 0, random_idx_2 = 1
random_idx_1 = 0, random_idx_2 = 5

iteration: 35
best: [1000.0, 1000.0, 1000.0, 1000.0, 1000.0, 1000.0, 1000.0, 1000.0, 1000.0, 1000.0, 1000.0, 1000.0, 1000.0, 47.43]
time: [5.69, 7.0, 9.82, 13.22, 20.42, 25.53, 36.7, 40.42, 41.98, 1000, 1000, 1000, 1000, 1000]
current_hyper_parameter
v: [31.29, 27.94, 12.0, 11.08, 19.01, 32.82, 22.75, 12.0, 32.19, 12.0, 12.0, 26.66, 12.0, 31.21]
a: [141.66, 139.15, 104.72, 93.76, 119.68, 119.98, 50.0, 50.0, 95.79, 25.96, 50.0, 50.0, 157.77, 45.26]
d: [3.5, 3.5, 3.5, 3.5, 3.5, 3.5, 3.5, 3.5, 3.5, 3.5, 3.5, 3.5, 3.5, 2.0]
BEST_hyper_parameter
v: [31.29, 24.71, 12.0, 11.08, 19.01, 16.03, 22.75, 12.0, 32.19, 12.0, 12.0, 26.66, 12.0, 31.21]
a: [141.66, 139.15, 104.72, 93.76, 119.68, 119.98, 50.0, 50.0, 95.79, 25.96, 50.0, 50.0, 157.77, 45.26]
d: [3.5, 3.5, 3.5, 3.5, 3.5, 3.5, 3.5, 3.5, 3.5, 3.5, 3.5, 3.5, 3.5, 2.0]
random_idx_1 = 1, random_idx_2 = 11
random_idx_1 = 2, random_idx_2 = 8
