
iteration: 1
best: [1000.0, 1000.0, 1000.0, 1000.0, 1000.0, 1000.0, 1000.0, 1000.0, 1000.0, 1000.0, 1000.0, 1000.0, 1000.0, 1000.0]
time: [6.55, 8.94, 13.32, 17.02, 24.04, 27.85, 48.09, 52.3, 54.63, 57.3, 59.34, 62.21, 64.81, 66.71]
current_hyper_parameter
v: [12.0, 12.0, 12.0, 12.0, 12.0, 12.0, 12.0, 12.0, 12.0, 12.0, 12.0, 12.0, 12.0, 12.0]
a: [50.0, 50.0, 50.0, 50.0, 50.0, 50.0, 50.0, 50.0, 50.0, 50.0, 50.0, 50.0, 50.0, 50.0]
d: [3.5, 3.5, 3.5, 3.5, 3.5, 3.5, 3.5, 3.5, 3.5, 3.5, 3.5, 3.5, 3.5, 2.0]
BEST_hyper_parameter
v: [12.0, 12.0, 12.0, 12.0, 12.0, 12.0, 12.0, 12.0, 12.0, 12.0, 12.0, 12.0, 12.0, 12.0]
a: [50.0, 50.0, 50.0, 50.0, 50.0, 50.0, 50.0, 50.0, 50.0, 50.0, 50.0, 50.0, 50.0, 50.0]
d: [3.5, 3.5, 3.5, 3.5, 3.5, 3.5, 3.5, 3.5, 3.5, 3.5, 3.5, 3.5, 3.5, 2.0]
random_idx_1 = 1, random_idx_2 = 10
random_idx_1 = 1, random_idx_2 = 2

iteration: 2
best: [1000.0, 1000.0, 1000.0, 1000.0, 1000.0, 1000.0, 1000.0, 1000.0, 1000.0, 1000.0, 1000.0, 1000.0, 1000.0, 66.71]
time: [6.59, 9.0, 12.88, 16.35, 20.3, 24.75, 44.78, 48.93, 51.19, 53.97, 56.05, 58.8, 61.82, 63.6]
current_hyper_parameter
v: [12.0, 12.0, 12.0, 12.0, 12.0, 12.0, 12.0, 12.0, 12.0, 12.0, 12.0, 12.0, 12.0, 12.0]
a: [50.0, 50.0, 103.35, 50.0, 50.0, 50.0, 50.0, 50.0, 50.0, 50.0, 41.01, 50.0, 50.0, 50.0]
d: [3.5, 3.5, 3.5, 3.5, 3.5, 3.5, 3.5, 3.5, 3.5, 3.5, 3.5, 3.5, 3.5, 2.0]
BEST_hyper_parameter
v: [12.0, 12.0, 12.0, 12.0, 12.0, 12.0, 12.0, 12.0, 12.0, 12.0, 12.0, 12.0, 12.0, 12.0]
a: [50.0, 50.0, 50.0, 50.0, 50.0, 50.0, 50.0, 50.0, 50.0, 50.0, 50.0, 50.0, 50.0, 50.0]
d: [3.5, 3.5, 3.5, 3.5, 3.5, 3.5, 3.5, 3.5, 3.5, 3.5, 3.5, 3.5, 3.5, 2.0]
random_idx_1 = 0, random_idx_2 = 4
random_idx_1 = 2, random_idx_2 = 12

iteration: 3
best: [1000.0, 1000.0, 1000.0, 1000.0, 1000.0, 1000.0, 1000.0, 1000.0, 1000.0, 1000.0, 1000.0, 1000.0, 1000.0, 63.6]
time: [6.59, 8.99, 12.89, 16.37, 19.78, 24.28, 44.1, 48.19, 50.46, 53.1, 55.3, 58.08, 61.05, 62.79]
current_hyper_parameter
v: [12.0, 12.0, 12.0, 12.0, 28.58, 12.0, 12.0, 12.0, 12.0, 12.0, 12.0, 12.0, 12.0, 12.0]
a: [50.0, 50.0, 103.35, 50.0, 50.0, 50.0, 50.0, 50.0, 50.0, 50.0, 41.01, 50.0, 50.0, 50.0]
d: [3.5, 3.5, 3.5, 3.5, 3.5, 3.5, 3.5, 3.5, 3.5, 3.5, 3.5, 3.5, 3.5, 2.0]
BEST_hyper_parameter
v: [12.0, 12.0, 12.0, 12.0, 12.0, 12.0, 12.0, 12.0, 12.0, 12.0, 12.0, 12.0, 12.0, 12.0]
a: [50.0, 50.0, 103.35, 50.0, 50.0, 50.0, 50.0, 50.0, 50.0, 50.0, 41.01, 50.0, 50.0, 50.0]
d: [3.5, 3.5, 3.5, 3.5, 3.5, 3.5, 3.5, 3.5, 3.5, 3.5, 3.5, 3.5, 3.5, 2.0]
random_idx_1 = 2, random_idx_2 = 7
random_idx_1 = 0, random_idx_2 = 3

iteration: 4
best: [1000.0, 1000.0, 1000.0, 1000.0, 1000.0, 1000.0, 1000.0, 1000.0, 1000.0, 1000.0, 1000.0, 1000.0, 1000.0, 62.79]
time: [6.65, 9.12, 13.18, 16.54, 23.19, 27.43, 47.54, 51.69, 53.99, 56.61, 58.71, 61.43, 1000, 1000]
current_hyper_parameter
v: [12.0, 12.0, 12.0, 16.1, 28.58, 12.0, 12.0, 12.0, 12.0, 12.0, 12.0, 12.0, 12.0, 12.0]
a: [50.0, 50.0, 103.35, 50.0, 50.0, 50.0, 50.0, 50.0, 50.0, 50.0, 41.01, 50.0, 50.0, 50.0]
d: [3.5, 3.5, 3.5, 3.5, 3.5, 3.5, 3.5, 3.5, 3.5, 3.5, 3.5, 3.5, 3.5, 2.0]
BEST_hyper_parameter
v: [12.0, 12.0, 12.0, 12.0, 28.58, 12.0, 12.0, 12.0, 12.0, 12.0, 12.0, 12.0, 12.0, 12.0]
a: [50.0, 50.0, 103.35, 50.0, 50.0, 50.0, 50.0, 50.0, 50.0, 50.0, 41.01, 50.0, 50.0, 50.0]
d: [3.5, 3.5, 3.5, 3.5, 3.5, 3.5, 3.5, 3.5, 3.5, 3.5, 3.5, 3.5, 3.5, 2.0]
random_idx_1 = 0, random_idx_2 = 0
random_idx_1 = 0, random_idx_2 = 7

iteration: 5
best: [1000.0, 1000.0, 1000.0, 1000.0, 1000.0, 1000.0, 1000.0, 1000.0, 1000.0, 1000.0, 1000.0, 1000.0, 1000.0, 62.79]
time: [6.46, 8.77, 12.68, 16.16, 19.55, 24.05, 43.81, 48.45, 50.84, 53.73, 55.78, 58.46, 61.5, 63.28]
current_hyper_parameter
v: [23.01, 12.0, 12.0, 12.0, 28.58, 12.0, 12.0, 13.75, 12.0, 12.0, 12.0, 12.0, 12.0, 12.0]
a: [50.0, 50.0, 103.35, 50.0, 50.0, 50.0, 50.0, 50.0, 50.0, 50.0, 41.01, 50.0, 50.0, 50.0]
d: [3.5, 3.5, 3.5, 3.5, 3.5, 3.5, 3.5, 3.5, 3.5, 3.5, 3.5, 3.5, 3.5, 2.0]
BEST_hyper_parameter
v: [12.0, 12.0, 12.0, 12.0, 28.58, 12.0, 12.0, 12.0, 12.0, 12.0, 12.0, 12.0, 12.0, 12.0]
a: [50.0, 50.0, 103.35, 50.0, 50.0, 50.0, 50.0, 50.0, 50.0, 50.0, 41.01, 50.0, 50.0, 50.0]
d: [3.5, 3.5, 3.5, 3.5, 3.5, 3.5, 3.5, 3.5, 3.5, 3.5, 3.5, 3.5, 3.5, 2.0]
random_idx_1 = 0, random_idx_2 = 13
random_idx_1 = 2, random_idx_2 = 13

iteration: 6
best: [1000.0, 1000.0, 1000.0, 1000.0, 1000.0, 1000.0, 1000.0, 1000.0, 1000.0, 1000.0, 1000.0, 1000.0, 1000.0, 62.79]
time: [6.61, 9.04, 12.96, 16.42, 22.96, 27.94, 48.23, 52.39, 54.7, 57.37, 59.57, 62.68, 1000, 1000]
current_hyper_parameter
v: [12.0, 12.0, 12.0, 12.0, 28.58, 12.0, 12.0, 12.0, 12.0, 12.0, 12.0, 12.0, 12.0, 16.67]
a: [50.0, 50.0, 103.35, 50.0, 50.0, 50.0, 50.0, 50.0, 50.0, 50.0, 41.01, 50.0, 50.0, 50.0]
d: [3.5, 3.5, 3.5, 3.5, 3.5, 3.5, 3.5, 3.5, 3.5, 3.5, 3.5, 3.5, 3.5, 2.0]
BEST_hyper_parameter
v: [12.0, 12.0, 12.0, 12.0, 28.58, 12.0, 12.0, 12.0, 12.0, 12.0, 12.0, 12.0, 12.0, 12.0]
a: [50.0, 50.0, 103.35, 50.0, 50.0, 50.0, 50.0, 50.0, 50.0, 50.0, 41.01, 50.0, 50.0, 50.0]
d: [3.5, 3.5, 3.5, 3.5, 3.5, 3.5, 3.5, 3.5, 3.5, 3.5, 3.5, 3.5, 3.5, 2.0]
random_idx_1 = 2, random_idx_2 = 13
random_idx_1 = 2, random_idx_2 = 11

iteration: 7
best: [1000.0, 1000.0, 1000.0, 1000.0, 1000.0, 1000.0, 1000.0, 1000.0, 1000.0, 1000.0, 1000.0, 1000.0, 1000.0, 62.79]
time: [6.54, 8.99, 12.87, 16.22, 19.61, 24.12, 43.98, 48.58, 50.87, 53.6, 55.74, 58.49, 61.53, 63.37]
current_hyper_parameter
v: [12.0, 12.0, 12.0, 12.0, 28.58, 12.0, 12.0, 12.0, 12.0, 12.0, 12.0, 12.0, 12.0, 12.0]
a: [50.0, 50.0, 103.35, 50.0, 50.0, 50.0, 50.0, 50.0, 50.0, 50.0, 41.01, 50.0, 50.0, 50.0]
d: [3.5, 3.5, 3.5, 3.5, 3.5, 3.5, 3.5, 3.5, 3.5, 3.5, 3.5, 3.5, 3.5, 2.0]
BEST_hyper_parameter
v: [12.0, 12.0, 12.0, 12.0, 28.58, 12.0, 12.0, 12.0, 12.0, 12.0, 12.0, 12.0, 12.0, 12.0]
a: [50.0, 50.0, 103.35, 50.0, 50.0, 50.0, 50.0, 50.0, 50.0, 50.0, 41.01, 50.0, 50.0, 50.0]
d: [3.5, 3.5, 3.5, 3.5, 3.5, 3.5, 3.5, 3.5, 3.5, 3.5, 3.5, 3.5, 3.5, 2.0]
random_idx_1 = 0, random_idx_2 = 7
random_idx_1 = 0, random_idx_2 = 8

iteration: 8
best: [1000.0, 1000.0, 1000.0, 1000.0, 1000.0, 1000.0, 1000.0, 1000.0, 1000.0, 1000.0, 1000.0, 1000.0, 1000.0, 62.79]
time: [6.5, 8.88, 12.82, 16.29, 19.65, 24.19, 44.39, 49.48, 51.63, 54.16, 59.11, 62.38, 1000, 1000]
current_hyper_parameter
v: [12.0, 12.0, 12.0, 12.0, 28.58, 12.0, 12.0, 10.28, 20.6, 12.0, 12.0, 12.0, 12.0, 12.0]
a: [50.0, 50.0, 103.35, 50.0, 50.0, 50.0, 50.0, 50.0, 50.0, 50.0, 41.01, 50.0, 50.0, 50.0]
d: [3.5, 3.5, 3.5, 3.5, 3.5, 3.5, 3.5, 3.5, 3.5, 3.5, 3.5, 3.5, 3.5, 2.0]
BEST_hyper_parameter
v: [12.0, 12.0, 12.0, 12.0, 28.58, 12.0, 12.0, 12.0, 12.0, 12.0, 12.0, 12.0, 12.0, 12.0]
a: [50.0, 50.0, 103.35, 50.0, 50.0, 50.0, 50.0, 50.0, 50.0, 50.0, 41.01, 50.0, 50.0, 50.0]
d: [3.5, 3.5, 3.5, 3.5, 3.5, 3.5, 3.5, 3.5, 3.5, 3.5, 3.5, 3.5, 3.5, 2.0]
random_idx_1 = 0, random_idx_2 = 5
random_idx_1 = 2, random_idx_2 = 12

iteration: 9
best: [1000.0, 1000.0, 1000.0, 1000.0, 1000.0, 1000.0, 1000.0, 1000.0, 1000.0, 1000.0, 1000.0, 1000.0, 1000.0, 62.79]
time: [6.62, 9.11, 13.19, 16.73, 20.18, 24.36, 43.22, 47.27, 49.51, 52.2, 54.46, 57.12, 60.09, 61.98]
current_hyper_parameter
v: [12.0, 12.0, 12.0, 12.0, 28.58, 33.72, 12.0, 12.0, 12.0, 12.0, 12.0, 12.0, 12.0, 12.0]
a: [50.0, 50.0, 103.35, 50.0, 50.0, 50.0, 50.0, 50.0, 50.0, 50.0, 41.01, 50.0, 50.0, 50.0]
d: [3.5, 3.5, 3.5, 3.5, 3.5, 3.5, 3.5, 3.5, 3.5, 3.5, 3.5, 3.5, 3.5, 2.0]
BEST_hyper_parameter
v: [12.0, 12.0, 12.0, 12.0, 28.58, 12.0, 12.0, 12.0, 12.0, 12.0, 12.0, 12.0, 12.0, 12.0]
a: [50.0, 50.0, 103.35, 50.0, 50.0, 50.0, 50.0, 50.0, 50.0, 50.0, 41.01, 50.0, 50.0, 50.0]
d: [3.5, 3.5, 3.5, 3.5, 3.5, 3.5, 3.5, 3.5, 3.5, 3.5, 3.5, 3.5, 3.5, 2.0]
random_idx_1 = 1, random_idx_2 = 11
random_idx_1 = 1, random_idx_2 = 5

iteration: 10
best: [1000.0, 1000.0, 1000.0, 1000.0, 1000.0, 1000.0, 1000.0, 1000.0, 1000.0, 1000.0, 1000.0, 1000.0, 1000.0, 61.98]
time: [6.6, 9.02, 12.88, 16.39, 20.0, 24.88, 47.32, 51.4, 53.62, 56.36, 58.41, 61.0, 1000, 1000]
current_hyper_parameter
v: [12.0, 12.0, 12.0, 12.0, 28.58, 33.72, 12.0, 12.0, 12.0, 12.0, 12.0, 12.0, 12.0, 12.0]
a: [50.0, 50.0, 103.35, 50.0, 50.0, 32.09, 50.0, 50.0, 50.0, 50.0, 41.01, 59.42, 50.0, 50.0]
d: [3.5, 3.5, 3.5, 3.5, 3.5, 3.5, 3.5, 3.5, 3.5, 3.5, 3.5, 3.5, 3.5, 2.0]
BEST_hyper_parameter
v: [12.0, 12.0, 12.0, 12.0, 28.58, 33.72, 12.0, 12.0, 12.0, 12.0, 12.0, 12.0, 12.0, 12.0]
a: [50.0, 50.0, 103.35, 50.0, 50.0, 50.0, 50.0, 50.0, 50.0, 50.0, 41.01, 50.0, 50.0, 50.0]
d: [3.5, 3.5, 3.5, 3.5, 3.5, 3.5, 3.5, 3.5, 3.5, 3.5, 3.5, 3.5, 3.5, 2.0]
random_idx_1 = 1, random_idx_2 = 13
random_idx_1 = 1, random_idx_2 = 10

iteration: 11
best: [1000.0, 1000.0, 1000.0, 1000.0, 1000.0, 1000.0, 1000.0, 1000.0, 1000.0, 1000.0, 1000.0, 1000.0, 1000.0, 61.98]
time: [6.64, 9.11, 13.15, 16.79, 23.48, 27.27, 46.59, 50.54, 52.8, 55.54, 57.42, 60.69, 1000, 1000]
current_hyper_parameter
v: [12.0, 12.0, 12.0, 12.0, 28.58, 33.72, 12.0, 12.0, 12.0, 12.0, 12.0, 12.0, 12.0, 12.0]
a: [50.0, 50.0, 103.35, 50.0, 50.0, 50.0, 50.0, 50.0, 50.0, 50.0, 77.62, 50.0, 50.0, 75.7]
d: [3.5, 3.5, 3.5, 3.5, 3.5, 3.5, 3.5, 3.5, 3.5, 3.5, 3.5, 3.5, 3.5, 2.0]
BEST_hyper_parameter
v: [12.0, 12.0, 12.0, 12.0, 28.58, 33.72, 12.0, 12.0, 12.0, 12.0, 12.0, 12.0, 12.0, 12.0]
a: [50.0, 50.0, 103.35, 50.0, 50.0, 50.0, 50.0, 50.0, 50.0, 50.0, 41.01, 50.0, 50.0, 50.0]
d: [3.5, 3.5, 3.5, 3.5, 3.5, 3.5, 3.5, 3.5, 3.5, 3.5, 3.5, 3.5, 3.5, 2.0]
random_idx_1 = 0, random_idx_2 = 12
random_idx_1 = 0, random_idx_2 = 11

iteration: 12
best: [1000.0, 1000.0, 1000.0, 1000.0, 1000.0, 1000.0, 1000.0, 1000.0, 1000.0, 1000.0, 1000.0, 1000.0, 1000.0, 61.98]
time: [6.62, 9.07, 13.11, 16.68, 20.24, 24.43, 43.43, 47.6, 49.87, 52.59, 54.53, 57.62, 60.38, 62.23]
current_hyper_parameter
v: [12.0, 12.0, 12.0, 12.0, 28.58, 33.72, 12.0, 12.0, 12.0, 12.0, 12.0, 12.87, 17.66, 12.0]
a: [50.0, 50.0, 103.35, 50.0, 50.0, 50.0, 50.0, 50.0, 50.0, 50.0, 41.01, 50.0, 50.0, 50.0]
d: [3.5, 3.5, 3.5, 3.5, 3.5, 3.5, 3.5, 3.5, 3.5, 3.5, 3.5, 3.5, 3.5, 2.0]
BEST_hyper_parameter
v: [12.0, 12.0, 12.0, 12.0, 28.58, 33.72, 12.0, 12.0, 12.0, 12.0, 12.0, 12.0, 12.0, 12.0]
a: [50.0, 50.0, 103.35, 50.0, 50.0, 50.0, 50.0, 50.0, 50.0, 50.0, 41.01, 50.0, 50.0, 50.0]
d: [3.5, 3.5, 3.5, 3.5, 3.5, 3.5, 3.5, 3.5, 3.5, 3.5, 3.5, 3.5, 3.5, 2.0]
random_idx_1 = 0, random_idx_2 = 7
random_idx_1 = 2, random_idx_2 = 1

iteration: 13
best: [1000.0, 1000.0, 1000.0, 1000.0, 1000.0, 1000.0, 1000.0, 1000.0, 1000.0, 1000.0, 1000.0, 1000.0, 1000.0, 61.98]
time: [6.63, 9.11, 13.2, 16.89, 23.57, 27.36, 46.72, 50.61, 52.93, 55.62, 57.7, 61.02, 1000, 1000]
current_hyper_parameter
v: [12.0, 12.0, 12.0, 12.0, 28.58, 33.72, 12.0, 16.87, 12.0, 12.0, 12.0, 12.0, 12.0, 12.0]
a: [50.0, 50.0, 103.35, 50.0, 50.0, 50.0, 50.0, 50.0, 50.0, 50.0, 41.01, 50.0, 50.0, 50.0]
d: [3.5, 3.5, 3.5, 3.5, 3.5, 3.5, 3.5, 3.5, 3.5, 3.5, 3.5, 3.5, 3.5, 2.0]
BEST_hyper_parameter
v: [12.0, 12.0, 12.0, 12.0, 28.58, 33.72, 12.0, 12.0, 12.0, 12.0, 12.0, 12.0, 12.0, 12.0]
a: [50.0, 50.0, 103.35, 50.0, 50.0, 50.0, 50.0, 50.0, 50.0, 50.0, 41.01, 50.0, 50.0, 50.0]
d: [3.5, 3.5, 3.5, 3.5, 3.5, 3.5, 3.5, 3.5, 3.5, 3.5, 3.5, 3.5, 3.5, 2.0]
random_idx_1 = 2, random_idx_2 = 8
random_idx_1 = 1, random_idx_2 = 6

iteration: 14
best: [1000.0, 1000.0, 1000.0, 1000.0, 1000.0, 1000.0, 1000.0, 1000.0, 1000.0, 1000.0, 1000.0, 1000.0, 1000.0, 61.98]
time: [6.53, 8.98, 12.93, 16.59, 20.14, 24.34, 43.44, 47.49, 49.72, 52.65, 54.55, 57.57, 60.68, 62.38]
current_hyper_parameter
v: [12.0, 12.0, 12.0, 12.0, 28.58, 33.72, 12.0, 12.0, 12.0, 12.0, 12.0, 12.0, 12.0, 12.0]
a: [50.0, 50.0, 103.35, 50.0, 50.0, 50.0, 72.61, 50.0, 50.0, 50.0, 41.01, 50.0, 50.0, 50.0]
d: [3.5, 3.5, 3.5, 3.5, 3.5, 3.5, 3.5, 3.5, 3.5, 3.5, 3.5, 3.5, 3.5, 2.0]
BEST_hyper_parameter
v: [12.0, 12.0, 12.0, 12.0, 28.58, 33.72, 12.0, 12.0, 12.0, 12.0, 12.0, 12.0, 12.0, 12.0]
a: [50.0, 50.0, 103.35, 50.0, 50.0, 50.0, 50.0, 50.0, 50.0, 50.0, 41.01, 50.0, 50.0, 50.0]
d: [3.5, 3.5, 3.5, 3.5, 3.5, 3.5, 3.5, 3.5, 3.5, 3.5, 3.5, 3.5, 3.5, 2.0]
random_idx_1 = 1, random_idx_2 = 3
random_idx_1 = 0, random_idx_2 = 10

iteration: 15
best: [1000.0, 1000.0, 1000.0, 1000.0, 1000.0, 1000.0, 1000.0, 1000.0, 1000.0, 1000.0, 1000.0, 1000.0, 1000.0, 61.98]
time: [6.65, 9.11, 13.2, 16.54, 23.09, 26.78, 46.84, 50.9, 53.12, 55.73, 57.86, 60.53, 1000, 1000]
current_hyper_parameter
v: [12.0, 12.0, 12.0, 12.0, 28.58, 33.72, 12.0, 12.0, 12.0, 12.0, 32.99, 12.0, 12.0, 12.0]
a: [50.0, 50.0, 103.35, 88.28, 50.0, 50.0, 50.0, 50.0, 50.0, 50.0, 41.01, 50.0, 50.0, 50.0]
d: [3.5, 3.5, 3.5, 3.5, 3.5, 3.5, 3.5, 3.5, 3.5, 3.5, 3.5, 3.5, 3.5, 2.0]
BEST_hyper_parameter
v: [12.0, 12.0, 12.0, 12.0, 28.58, 33.72, 12.0, 12.0, 12.0, 12.0, 12.0, 12.0, 12.0, 12.0]
a: [50.0, 50.0, 103.35, 50.0, 50.0, 50.0, 50.0, 50.0, 50.0, 50.0, 41.01, 50.0, 50.0, 50.0]
d: [3.5, 3.5, 3.5, 3.5, 3.5, 3.5, 3.5, 3.5, 3.5, 3.5, 3.5, 3.5, 3.5, 2.0]
random_idx_1 = 0, random_idx_2 = 5
random_idx_1 = 2, random_idx_2 = 13

iteration: 16
best: [1000.0, 1000.0, 1000.0, 1000.0, 1000.0, 1000.0, 1000.0, 1000.0, 1000.0, 1000.0, 1000.0, 1000.0, 1000.0, 61.98]
time: [6.63, 9.12, 13.2, 16.87, 32.89, 1000, 1000, 1000, 1000, 1000, 1000, 1000, 1000, 1000]
current_hyper_parameter
v: [12.0, 12.0, 12.0, 12.0, 28.58, 9.33, 12.0, 12.0, 12.0, 12.0, 12.0, 12.0, 12.0, 12.0]
a: [50.0, 50.0, 103.35, 50.0, 50.0, 50.0, 50.0, 50.0, 50.0, 50.0, 41.01, 50.0, 50.0, 50.0]
d: [3.5, 3.5, 3.5, 3.5, 3.5, 3.5, 3.5, 3.5, 3.5, 3.5, 3.5, 3.5, 3.5, 2.0]
BEST_hyper_parameter
v: [12.0, 12.0, 12.0, 12.0, 28.58, 33.72, 12.0, 12.0, 12.0, 12.0, 12.0, 12.0, 12.0, 12.0]
a: [50.0, 50.0, 103.35, 50.0, 50.0, 50.0, 50.0, 50.0, 50.0, 50.0, 41.01, 50.0, 50.0, 50.0]
d: [3.5, 3.5, 3.5, 3.5, 3.5, 3.5, 3.5, 3.5, 3.5, 3.5, 3.5, 3.5, 3.5, 2.0]
random_idx_1 = 2, random_idx_2 = 13
random_idx_1 = 2, random_idx_2 = 12

iteration: 17
best: [1000.0, 1000.0, 1000.0, 1000.0, 1000.0, 1000.0, 1000.0, 1000.0, 1000.0, 1000.0, 1000.0, 1000.0, 1000.0, 61.98]
time: [6.66, 9.11, 13.15, 16.66, 20.09, 24.27, 43.41, 48.16, 50.44, 53.12, 55.32, 58.0, 60.51, 62.25]
current_hyper_parameter
v: [12.0, 12.0, 12.0, 12.0, 28.58, 33.72, 12.0, 12.0, 12.0, 12.0, 12.0, 12.0, 12.0, 12.0]
a: [50.0, 50.0, 103.35, 50.0, 50.0, 50.0, 50.0, 50.0, 50.0, 50.0, 41.01, 50.0, 50.0, 50.0]
d: [3.5, 3.5, 3.5, 3.5, 3.5, 3.5, 3.5, 3.5, 3.5, 3.5, 3.5, 3.5, 3.5, 2.0]
BEST_hyper_parameter
v: [12.0, 12.0, 12.0, 12.0, 28.58, 33.72, 12.0, 12.0, 12.0, 12.0, 12.0, 12.0, 12.0, 12.0]
a: [50.0, 50.0, 103.35, 50.0, 50.0, 50.0, 50.0, 50.0, 50.0, 50.0, 41.01, 50.0, 50.0, 50.0]
d: [3.5, 3.5, 3.5, 3.5, 3.5, 3.5, 3.5, 3.5, 3.5, 3.5, 3.5, 3.5, 3.5, 2.0]
random_idx_1 = 1, random_idx_2 = 11
random_idx_1 = 2, random_idx_2 = 8

iteration: 18
best: [1000.0, 1000.0, 1000.0, 1000.0, 1000.0, 1000.0, 1000.0, 1000.0, 1000.0, 1000.0, 1000.0, 1000.0, 1000.0, 61.98]
time: [6.63, 9.11, 13.2, 16.82, 23.51, 27.3, 46.66, 50.62, 52.84, 55.54, 57.7, 60.29, 1000, 1000]
current_hyper_parameter
v: [12.0, 12.0, 12.0, 12.0, 28.58, 33.72, 12.0, 12.0, 12.0, 12.0, 12.0, 12.0, 12.0, 12.0]
a: [50.0, 50.0, 103.35, 50.0, 50.0, 50.0, 50.0, 50.0, 50.0, 50.0, 41.01, 63.59, 50.0, 50.0]
d: [3.5, 3.5, 3.5, 3.5, 3.5, 3.5, 3.5, 3.5, 3.5, 3.5, 3.5, 3.5, 3.5, 2.0]
BEST_hyper_parameter
v: [12.0, 12.0, 12.0, 12.0, 28.58, 33.72, 12.0, 12.0, 12.0, 12.0, 12.0, 12.0, 12.0, 12.0]
a: [50.0, 50.0, 103.35, 50.0, 50.0, 50.0, 50.0, 50.0, 50.0, 50.0, 41.01, 50.0, 50.0, 50.0]
d: [3.5, 3.5, 3.5, 3.5, 3.5, 3.5, 3.5, 3.5, 3.5, 3.5, 3.5, 3.5, 3.5, 2.0]
random_idx_1 = 2, random_idx_2 = 9
random_idx_1 = 2, random_idx_2 = 5

iteration: 19
best: [1000.0, 1000.0, 1000.0, 1000.0, 1000.0, 1000.0, 1000.0, 1000.0, 1000.0, 1000.0, 1000.0, 1000.0, 1000.0, 61.98]
time: [6.63, 9.1, 13.15, 16.84, 23.53, 27.39, 46.62, 50.71, 53.09, 55.79, 57.95, 60.66, 1000, 1000]
current_hyper_parameter
v: [12.0, 12.0, 12.0, 12.0, 28.58, 33.72, 12.0, 12.0, 12.0, 12.0, 12.0, 12.0, 12.0, 12.0]
a: [50.0, 50.0, 103.35, 50.0, 50.0, 50.0, 50.0, 50.0, 50.0, 50.0, 41.01, 50.0, 50.0, 50.0]
d: [3.5, 3.5, 3.5, 3.5, 3.5, 3.5, 3.5, 3.5, 3.5, 3.5, 3.5, 3.5, 3.5, 2.0]
BEST_hyper_parameter
v: [12.0, 12.0, 12.0, 12.0, 28.58, 33.72, 12.0, 12.0, 12.0, 12.0, 12.0, 12.0, 12.0, 12.0]
a: [50.0, 50.0, 103.35, 50.0, 50.0, 50.0, 50.0, 50.0, 50.0, 50.0, 41.01, 50.0, 50.0, 50.0]
d: [3.5, 3.5, 3.5, 3.5, 3.5, 3.5, 3.5, 3.5, 3.5, 3.5, 3.5, 3.5, 3.5, 2.0]
random_idx_1 = 2, random_idx_2 = 13
random_idx_1 = 0, random_idx_2 = 5

iteration: 20
best: [1000.0, 1000.0, 1000.0, 1000.0, 1000.0, 1000.0, 1000.0, 1000.0, 1000.0, 1000.0, 1000.0, 1000.0, 1000.0, 61.98]
time: [6.63, 9.11, 13.19, 16.67, 20.1, 24.37, 43.66, 47.72, 49.94, 52.66, 54.72, 57.48, 60.55, 62.41]
current_hyper_parameter
v: [12.0, 12.0, 12.0, 12.0, 28.58, 18.8, 12.0, 12.0, 12.0, 12.0, 12.0, 12.0, 12.0, 12.0]
a: [50.0, 50.0, 103.35, 50.0, 50.0, 50.0, 50.0, 50.0, 50.0, 50.0, 41.01, 50.0, 50.0, 50.0]
d: [3.5, 3.5, 3.5, 3.5, 3.5, 3.5, 3.5, 3.5, 3.5, 3.5, 3.5, 3.5, 3.5, 2.0]
BEST_hyper_parameter
v: [12.0, 12.0, 12.0, 12.0, 28.58, 33.72, 12.0, 12.0, 12.0, 12.0, 12.0, 12.0, 12.0, 12.0]
a: [50.0, 50.0, 103.35, 50.0, 50.0, 50.0, 50.0, 50.0, 50.0, 50.0, 41.01, 50.0, 50.0, 50.0]
d: [3.5, 3.5, 3.5, 3.5, 3.5, 3.5, 3.5, 3.5, 3.5, 3.5, 3.5, 3.5, 3.5, 2.0]
random_idx_1 = 2, random_idx_2 = 4
random_idx_1 = 0, random_idx_2 = 6

iteration: 21
best: [1000.0, 1000.0, 1000.0, 1000.0, 1000.0, 1000.0, 1000.0, 1000.0, 1000.0, 1000.0, 1000.0, 1000.0, 1000.0, 61.98]
time: [6.52, 8.91, 12.79, 16.3, 19.77, 23.75, 40.44, 44.35, 46.52, 49.02, 1000, 1000, 1000, 1000]
current_hyper_parameter
v: [12.0, 12.0, 12.0, 12.0, 28.58, 33.72, 15.14, 12.0, 12.0, 12.0, 12.0, 12.0, 12.0, 12.0]
a: [50.0, 50.0, 103.35, 50.0, 50.0, 50.0, 50.0, 50.0, 50.0, 50.0, 41.01, 50.0, 50.0, 50.0]
d: [3.5, 3.5, 3.5, 3.5, 3.5, 3.5, 3.5, 3.5, 3.5, 3.5, 3.5, 3.5, 3.5, 2.0]
BEST_hyper_parameter
v: [12.0, 12.0, 12.0, 12.0, 28.58, 33.72, 12.0, 12.0, 12.0, 12.0, 12.0, 12.0, 12.0, 12.0]
a: [50.0, 50.0, 103.35, 50.0, 50.0, 50.0, 50.0, 50.0, 50.0, 50.0, 41.01, 50.0, 50.0, 50.0]
d: [3.5, 3.5, 3.5, 3.5, 3.5, 3.5, 3.5, 3.5, 3.5, 3.5, 3.5, 3.5, 3.5, 2.0]
random_idx_1 = 0, random_idx_2 = 10
random_idx_1 = 0, random_idx_2 = 12

iteration: 22
best: [1000.0, 1000.0, 1000.0, 1000.0, 1000.0, 1000.0, 1000.0, 1000.0, 1000.0, 1000.0, 1000.0, 1000.0, 1000.0, 61.98]
time: [6.52, 8.91, 12.8, 16.22, 19.66, 23.93, 42.83, 47.87, 50.54, 53.2, 55.1, 58.74, 61.22, 62.87]
current_hyper_parameter
v: [12.0, 12.0, 12.0, 12.0, 28.58, 33.72, 12.0, 12.0, 12.0, 12.0, 11.46, 12.0, 16.84, 12.0]
a: [50.0, 50.0, 103.35, 50.0, 50.0, 50.0, 50.0, 50.0, 50.0, 50.0, 41.01, 50.0, 50.0, 50.0]
d: [3.5, 3.5, 3.5, 3.5, 3.5, 3.5, 3.5, 3.5, 3.5, 3.5, 3.5, 3.5, 3.5, 2.0]
BEST_hyper_parameter
v: [12.0, 12.0, 12.0, 12.0, 28.58, 33.72, 12.0, 12.0, 12.0, 12.0, 12.0, 12.0, 12.0, 12.0]
a: [50.0, 50.0, 103.35, 50.0, 50.0, 50.0, 50.0, 50.0, 50.0, 50.0, 41.01, 50.0, 50.0, 50.0]
d: [3.5, 3.5, 3.5, 3.5, 3.5, 3.5, 3.5, 3.5, 3.5, 3.5, 3.5, 3.5, 3.5, 2.0]
random_idx_1 = 0, random_idx_2 = 4
random_idx_1 = 2, random_idx_2 = 0

iteration: 23
best: [1000.0, 1000.0, 1000.0, 1000.0, 1000.0, 1000.0, 1000.0, 1000.0, 1000.0, 1000.0, 1000.0, 1000.0, 1000.0, 61.98]
time: [6.63, 9.1, 13.16, 16.66, 20.11, 24.38, 43.32, 48.11, 50.39, 53.1, 55.28, 57.97, 60.9, 62.81]
current_hyper_parameter
v: [12.0, 12.0, 12.0, 12.0, 26.45, 33.72, 12.0, 12.0, 12.0, 12.0, 12.0, 12.0, 12.0, 12.0]
a: [50.0, 50.0, 103.35, 50.0, 50.0, 50.0, 50.0, 50.0, 50.0, 50.0, 41.01, 50.0, 50.0, 50.0]
d: [3.5, 3.5, 3.5, 3.5, 3.5, 3.5, 3.5, 3.5, 3.5, 3.5, 3.5, 3.5, 3.5, 2.0]
BEST_hyper_parameter
v: [12.0, 12.0, 12.0, 12.0, 28.58, 33.72, 12.0, 12.0, 12.0, 12.0, 12.0, 12.0, 12.0, 12.0]
a: [50.0, 50.0, 103.35, 50.0, 50.0, 50.0, 50.0, 50.0, 50.0, 50.0, 41.01, 50.0, 50.0, 50.0]
d: [3.5, 3.5, 3.5, 3.5, 3.5, 3.5, 3.5, 3.5, 3.5, 3.5, 3.5, 3.5, 3.5, 2.0]
random_idx_1 = 1, random_idx_2 = 5
random_idx_1 = 0, random_idx_2 = 11
