
iteration: 1
best: [1000.0, 1000.0, 1000.0, 1000.0, 1000.0, 1000.0, 1000.0, 1000.0, 1000.0, 1000.0, 1000.0, 1000.0, 1000.0, 1000.0]
time: [6.5, 8.94, 13.35, 17.31, 21.23, 25.74, 46.62, 50.87, 53.19, 56.08, 57.88, 60.9, 71.49, 77.16]
current_hyper_parameter
v: [12.0, 12.0, 12.0, 12.0, 12.0, 12.0, 12.0, 12.0, 12.0, 12.0, 12.0, 12.0, 12.0, 12.0]
a: [50.0, 50.0, 50.0, 50.0, 50.0, 50.0, 50.0, 50.0, 50.0, 50.0, 50.0, 50.0, 50.0, 50.0]
d: [3.5, 3.5, 3.5, 3.5, 3.5, 3.5, 3.5, 3.5, 3.5, 3.5, 3.5, 3.5, 3.5, 2.0]
BEST_hyper_parameter
v: [12.0, 12.0, 12.0, 12.0, 12.0, 12.0, 12.0, 12.0, 12.0, 12.0, 12.0, 12.0, 12.0, 12.0]
a: [50.0, 50.0, 50.0, 50.0, 50.0, 50.0, 50.0, 50.0, 50.0, 50.0, 50.0, 50.0, 50.0, 50.0]
d: [3.5, 3.5, 3.5, 3.5, 3.5, 3.5, 3.5, 3.5, 3.5, 3.5, 3.5, 3.5, 3.5, 2.0]
random_idx_1 = 1, random_idx_2 = 4
random_idx_1 = 0, random_idx_2 = 12

iteration: 2
best: [1000.0, 1000.0, 1000.0, 1000.0, 1000.0, 1000.0, 1000.0, 1000.0, 1000.0, 1000.0, 1000.0, 1000.0, 1000.0, 77.16]
time: [6.65, 9.11, 13.58, 17.39, 21.01, 25.51, 45.94, 50.76, 53.02, 55.88, 57.67, 60.73, 63.32, 65.14]
current_hyper_parameter
v: [12.0, 12.0, 12.0, 12.0, 12.0, 12.0, 12.0, 12.0, 12.0, 12.0, 12.0, 12.0, 29.34, 12.0]
a: [50.0, 50.0, 50.0, 50.0, 76.8, 50.0, 50.0, 50.0, 50.0, 50.0, 50.0, 50.0, 50.0, 50.0]
d: [3.5, 3.5, 3.5, 3.5, 3.5, 3.5, 3.5, 3.5, 3.5, 3.5, 3.5, 3.5, 3.5, 2.0]
BEST_hyper_parameter
v: [12.0, 12.0, 12.0, 12.0, 12.0, 12.0, 12.0, 12.0, 12.0, 12.0, 12.0, 12.0, 12.0, 12.0]
a: [50.0, 50.0, 50.0, 50.0, 50.0, 50.0, 50.0, 50.0, 50.0, 50.0, 50.0, 50.0, 50.0, 50.0]
d: [3.5, 3.5, 3.5, 3.5, 3.5, 3.5, 3.5, 3.5, 3.5, 3.5, 3.5, 3.5, 3.5, 2.0]
random_idx_1 = 1, random_idx_2 = 5
random_idx_1 = 1, random_idx_2 = 8

iteration: 3
best: [1000.0, 1000.0, 1000.0, 1000.0, 1000.0, 1000.0, 1000.0, 1000.0, 1000.0, 1000.0, 1000.0, 1000.0, 1000.0, 65.14]
time: [6.75, 9.22, 13.69, 17.65, 21.17, 25.68, 47.38, 51.68, 53.75, 56.2, 61.14, 64.37, 1000, 1000]
current_hyper_parameter
v: [12.0, 12.0, 12.0, 12.0, 12.0, 12.0, 12.0, 12.0, 12.0, 12.0, 12.0, 12.0, 29.34, 12.0]
a: [50.0, 50.0, 50.0, 50.0, 76.8, 45.04, 50.0, 50.0, 80.07, 50.0, 50.0, 50.0, 50.0, 50.0]
d: [3.5, 3.5, 3.5, 3.5, 3.5, 3.5, 3.5, 3.5, 3.5, 3.5, 3.5, 3.5, 3.5, 2.0]
BEST_hyper_parameter
v: [12.0, 12.0, 12.0, 12.0, 12.0, 12.0, 12.0, 12.0, 12.0, 12.0, 12.0, 12.0, 29.34, 12.0]
a: [50.0, 50.0, 50.0, 50.0, 76.8, 50.0, 50.0, 50.0, 50.0, 50.0, 50.0, 50.0, 50.0, 50.0]
d: [3.5, 3.5, 3.5, 3.5, 3.5, 3.5, 3.5, 3.5, 3.5, 3.5, 3.5, 3.5, 3.5, 2.0]
random_idx_1 = 0, random_idx_2 = 5
random_idx_1 = 0, random_idx_2 = 12

iteration: 4
best: [1000.0, 1000.0, 1000.0, 1000.0, 1000.0, 1000.0, 1000.0, 1000.0, 1000.0, 1000.0, 1000.0, 1000.0, 1000.0, 65.14]
time: [6.53, 9.01, 13.51, 17.42, 21.02, 25.3, 44.58, 48.59, 50.78, 53.88, 55.63, 58.57, 64.28, 66.1]
current_hyper_parameter
v: [12.0, 12.0, 12.0, 12.0, 12.0, 28.67, 12.0, 12.0, 12.0, 12.0, 12.0, 12.0, 12.28, 12.0]
a: [50.0, 50.0, 50.0, 50.0, 76.8, 50.0, 50.0, 50.0, 50.0, 50.0, 50.0, 50.0, 50.0, 50.0]
d: [3.5, 3.5, 3.5, 3.5, 3.5, 3.5, 3.5, 3.5, 3.5, 3.5, 3.5, 3.5, 3.5, 2.0]
BEST_hyper_parameter
v: [12.0, 12.0, 12.0, 12.0, 12.0, 12.0, 12.0, 12.0, 12.0, 12.0, 12.0, 12.0, 29.34, 12.0]
a: [50.0, 50.0, 50.0, 50.0, 76.8, 50.0, 50.0, 50.0, 50.0, 50.0, 50.0, 50.0, 50.0, 50.0]
d: [3.5, 3.5, 3.5, 3.5, 3.5, 3.5, 3.5, 3.5, 3.5, 3.5, 3.5, 3.5, 3.5, 2.0]
random_idx_1 = 1, random_idx_2 = 12
random_idx_1 = 0, random_idx_2 = 7

iteration: 5
best: [1000.0, 1000.0, 1000.0, 1000.0, 1000.0, 1000.0, 1000.0, 1000.0, 1000.0, 1000.0, 1000.0, 1000.0, 1000.0, 65.14]
time: [6.75, 9.21, 13.6, 17.46, 24.13, 28.41, 49.03, 52.99, 55.15, 57.87, 59.87, 62.5, 64.19, 65.22]
current_hyper_parameter
v: [12.0, 12.0, 12.0, 12.0, 12.0, 12.0, 12.0, 15.16, 12.0, 12.0, 12.0, 12.0, 29.34, 12.0]
a: [50.0, 50.0, 50.0, 50.0, 76.8, 50.0, 50.0, 50.0, 50.0, 50.0, 50.0, 50.0, 104.85, 50.0]
d: [3.5, 3.5, 3.5, 3.5, 3.5, 3.5, 3.5, 3.5, 3.5, 3.5, 3.5, 3.5, 3.5, 2.0]
BEST_hyper_parameter
v: [12.0, 12.0, 12.0, 12.0, 12.0, 12.0, 12.0, 12.0, 12.0, 12.0, 12.0, 12.0, 29.34, 12.0]
a: [50.0, 50.0, 50.0, 50.0, 76.8, 50.0, 50.0, 50.0, 50.0, 50.0, 50.0, 50.0, 50.0, 50.0]
d: [3.5, 3.5, 3.5, 3.5, 3.5, 3.5, 3.5, 3.5, 3.5, 3.5, 3.5, 3.5, 3.5, 2.0]
random_idx_1 = 0, random_idx_2 = 11
random_idx_1 = 2, random_idx_2 = 9

iteration: 6
best: [1000.0, 1000.0, 1000.0, 1000.0, 1000.0, 1000.0, 1000.0, 1000.0, 1000.0, 1000.0, 1000.0, 1000.0, 1000.0, 65.14]
time: [6.7, 9.19, 13.6, 20.49, 24.11, 28.54, 48.82, 52.9, 55.14, 58.04, 59.84, 62.89, 65.47, 1000]
current_hyper_parameter
v: [12.0, 12.0, 12.0, 12.0, 12.0, 12.0, 12.0, 12.0, 12.0, 12.0, 12.0, 12.89, 29.34, 12.0]
a: [50.0, 50.0, 50.0, 50.0, 76.8, 50.0, 50.0, 50.0, 50.0, 50.0, 50.0, 50.0, 50.0, 50.0]
d: [3.5, 3.5, 3.5, 3.5, 3.5, 3.5, 3.5, 3.5, 3.5, 3.5, 3.5, 3.5, 3.5, 2.0]
BEST_hyper_parameter
v: [12.0, 12.0, 12.0, 12.0, 12.0, 12.0, 12.0, 12.0, 12.0, 12.0, 12.0, 12.0, 29.34, 12.0]
a: [50.0, 50.0, 50.0, 50.0, 76.8, 50.0, 50.0, 50.0, 50.0, 50.0, 50.0, 50.0, 50.0, 50.0]
d: [3.5, 3.5, 3.5, 3.5, 3.5, 3.5, 3.5, 3.5, 3.5, 3.5, 3.5, 3.5, 3.5, 2.0]
random_idx_1 = 0, random_idx_2 = 5
random_idx_1 = 1, random_idx_2 = 5

iteration: 7
best: [1000.0, 1000.0, 1000.0, 1000.0, 1000.0, 1000.0, 1000.0, 1000.0, 1000.0, 1000.0, 1000.0, 1000.0, 1000.0, 65.14]
time: [6.61, 9.08, 13.52, 17.42, 24.12, 26.8, 43.86, 47.95, 50.18, 52.87, 54.67, 57.66, 60.25, 62.13]
current_hyper_parameter
v: [12.0, 12.0, 12.0, 12.0, 12.0, 30.02, 12.0, 12.0, 12.0, 12.0, 12.0, 12.0, 29.34, 12.0]
a: [50.0, 50.0, 50.0, 50.0, 76.8, 142.43, 50.0, 50.0, 50.0, 50.0, 50.0, 50.0, 50.0, 50.0]
d: [3.5, 3.5, 3.5, 3.5, 3.5, 3.5, 3.5, 3.5, 3.5, 3.5, 3.5, 3.5, 3.5, 2.0]
BEST_hyper_parameter
v: [12.0, 12.0, 12.0, 12.0, 12.0, 12.0, 12.0, 12.0, 12.0, 12.0, 12.0, 12.0, 29.34, 12.0]
a: [50.0, 50.0, 50.0, 50.0, 76.8, 50.0, 50.0, 50.0, 50.0, 50.0, 50.0, 50.0, 50.0, 50.0]
d: [3.5, 3.5, 3.5, 3.5, 3.5, 3.5, 3.5, 3.5, 3.5, 3.5, 3.5, 3.5, 3.5, 2.0]
random_idx_1 = 0, random_idx_2 = 2
random_idx_1 = 1, random_idx_2 = 0

iteration: 8
best: [1000.0, 1000.0, 1000.0, 1000.0, 1000.0, 1000.0, 1000.0, 1000.0, 1000.0, 1000.0, 1000.0, 1000.0, 1000.0, 62.13]
time: [6.33, 8.6, 12.94, 16.83, 20.33, 23.14, 37.05, 40.97, 43.25, 46.23, 48.03, 51.06, 53.55, 55.49]
current_hyper_parameter
v: [12.0, 12.0, 11.95, 12.0, 12.0, 30.02, 12.0, 12.0, 12.0, 12.0, 12.0, 12.0, 29.34, 12.0]
a: [88.42, 50.0, 50.0, 50.0, 76.8, 142.43, 50.0, 50.0, 50.0, 50.0, 50.0, 50.0, 50.0, 50.0]
d: [3.5, 3.5, 3.5, 3.5, 3.5, 3.5, 3.5, 3.5, 3.5, 3.5, 3.5, 3.5, 3.5, 2.0]
BEST_hyper_parameter
v: [12.0, 12.0, 12.0, 12.0, 12.0, 30.02, 12.0, 12.0, 12.0, 12.0, 12.0, 12.0, 29.34, 12.0]
a: [50.0, 50.0, 50.0, 50.0, 76.8, 142.43, 50.0, 50.0, 50.0, 50.0, 50.0, 50.0, 50.0, 50.0]
d: [3.5, 3.5, 3.5, 3.5, 3.5, 3.5, 3.5, 3.5, 3.5, 3.5, 3.5, 3.5, 3.5, 2.0]
random_idx_1 = 1, random_idx_2 = 5
random_idx_1 = 2, random_idx_2 = 11

iteration: 9
best: [1000.0, 1000.0, 1000.0, 1000.0, 1000.0, 1000.0, 1000.0, 1000.0, 1000.0, 1000.0, 1000.0, 1000.0, 1000.0, 55.49]
time: [6.12, 8.29, 12.62, 16.42, 23.12, 26.37, 44.57, 48.63, 50.9, 53.84, 55.65, 1000, 1000, 1000]
current_hyper_parameter
v: [12.0, 12.0, 11.95, 12.0, 12.0, 30.02, 12.0, 12.0, 12.0, 12.0, 12.0, 12.0, 29.34, 12.0]
a: [88.42, 50.0, 50.0, 50.0, 76.8, 82.09, 50.0, 50.0, 50.0, 50.0, 50.0, 50.0, 50.0, 50.0]
d: [3.5, 3.5, 3.5, 3.5, 3.5, 3.5, 3.5, 3.5, 3.5, 3.5, 3.5, 3.5, 3.5, 2.0]
BEST_hyper_parameter
v: [12.0, 12.0, 11.95, 12.0, 12.0, 30.02, 12.0, 12.0, 12.0, 12.0, 12.0, 12.0, 29.34, 12.0]
a: [88.42, 50.0, 50.0, 50.0, 76.8, 142.43, 50.0, 50.0, 50.0, 50.0, 50.0, 50.0, 50.0, 50.0]
d: [3.5, 3.5, 3.5, 3.5, 3.5, 3.5, 3.5, 3.5, 3.5, 3.5, 3.5, 3.5, 3.5, 2.0]
random_idx_1 = 2, random_idx_2 = 3
random_idx_1 = 1, random_idx_2 = 3

iteration: 10
best: [1000.0, 1000.0, 1000.0, 1000.0, 1000.0, 1000.0, 1000.0, 1000.0, 1000.0, 1000.0, 1000.0, 1000.0, 1000.0, 55.49]
time: [6.35, 8.6, 12.93, 16.88, 20.44, 23.41, 38.49, 42.49, 44.63, 47.3, 49.47, 52.19, 54.92, 57.0]
current_hyper_parameter
v: [12.0, 12.0, 11.95, 12.0, 12.0, 30.02, 12.0, 12.0, 12.0, 12.0, 12.0, 12.0, 29.34, 12.0]
a: [88.42, 50.0, 50.0, 43.81, 76.8, 142.43, 50.0, 50.0, 50.0, 50.0, 50.0, 50.0, 50.0, 50.0]
d: [3.5, 3.5, 3.5, 3.5, 3.5, 3.5, 3.5, 3.5, 3.5, 3.5, 3.5, 3.5, 3.5, 2.0]
BEST_hyper_parameter
v: [12.0, 12.0, 11.95, 12.0, 12.0, 30.02, 12.0, 12.0, 12.0, 12.0, 12.0, 12.0, 29.34, 12.0]
a: [88.42, 50.0, 50.0, 50.0, 76.8, 142.43, 50.0, 50.0, 50.0, 50.0, 50.0, 50.0, 50.0, 50.0]
d: [3.5, 3.5, 3.5, 3.5, 3.5, 3.5, 3.5, 3.5, 3.5, 3.5, 3.5, 3.5, 3.5, 2.0]
random_idx_1 = 1, random_idx_2 = 12
random_idx_1 = 2, random_idx_2 = 7

iteration: 11
best: [1000.0, 1000.0, 1000.0, 1000.0, 1000.0, 1000.0, 1000.0, 1000.0, 1000.0, 1000.0, 1000.0, 1000.0, 1000.0, 55.49]
time: [6.39, 8.66, 13.0, 16.85, 23.47, 25.94, 43.21, 47.24, 49.51, 52.36, 54.21, 1000, 1000, 1000]
current_hyper_parameter
v: [12.0, 12.0, 11.95, 12.0, 12.0, 30.02, 12.0, 12.0, 12.0, 12.0, 12.0, 12.0, 29.34, 12.0]
a: [88.42, 50.0, 50.0, 50.0, 76.8, 142.43, 50.0, 50.0, 50.0, 50.0, 50.0, 50.0, 100.23, 50.0]
d: [3.5, 3.5, 3.5, 3.5, 3.5, 3.5, 3.5, 3.5, 3.5, 3.5, 3.5, 3.5, 3.5, 2.0]
BEST_hyper_parameter
v: [12.0, 12.0, 11.95, 12.0, 12.0, 30.02, 12.0, 12.0, 12.0, 12.0, 12.0, 12.0, 29.34, 12.0]
a: [88.42, 50.0, 50.0, 50.0, 76.8, 142.43, 50.0, 50.0, 50.0, 50.0, 50.0, 50.0, 50.0, 50.0]
d: [3.5, 3.5, 3.5, 3.5, 3.5, 3.5, 3.5, 3.5, 3.5, 3.5, 3.5, 3.5, 3.5, 2.0]
random_idx_1 = 0, random_idx_2 = 11
random_idx_1 = 1, random_idx_2 = 1

iteration: 12
best: [1000.0, 1000.0, 1000.0, 1000.0, 1000.0, 1000.0, 1000.0, 1000.0, 1000.0, 1000.0, 1000.0, 1000.0, 1000.0, 55.49]
time: [6.34, 8.28, 12.21, 15.95, 22.67, 25.29, 47.65, 51.78, 53.96, 56.58, 1000, 1000, 1000, 1000]
current_hyper_parameter
v: [12.0, 12.0, 11.95, 12.0, 12.0, 30.02, 12.0, 12.0, 12.0, 12.0, 12.0, 20.54, 29.34, 12.0]
a: [88.42, 159.0, 50.0, 50.0, 76.8, 142.43, 50.0, 50.0, 50.0, 50.0, 50.0, 50.0, 50.0, 50.0]
d: [3.5, 3.5, 3.5, 3.5, 3.5, 3.5, 3.5, 3.5, 3.5, 3.5, 3.5, 3.5, 3.5, 2.0]
BEST_hyper_parameter
v: [12.0, 12.0, 11.95, 12.0, 12.0, 30.02, 12.0, 12.0, 12.0, 12.0, 12.0, 12.0, 29.34, 12.0]
a: [88.42, 50.0, 50.0, 50.0, 76.8, 142.43, 50.0, 50.0, 50.0, 50.0, 50.0, 50.0, 50.0, 50.0]
d: [3.5, 3.5, 3.5, 3.5, 3.5, 3.5, 3.5, 3.5, 3.5, 3.5, 3.5, 3.5, 3.5, 2.0]
random_idx_1 = 1, random_idx_2 = 3
random_idx_1 = 1, random_idx_2 = 6

iteration: 13
best: [1000.0, 1000.0, 1000.0, 1000.0, 1000.0, 1000.0, 1000.0, 1000.0, 1000.0, 1000.0, 1000.0, 1000.0, 1000.0, 55.49]
time: [6.23, 8.46, 12.85, 19.39, 1000, 1000, 1000, 1000, 1000, 1000, 1000, 1000, 1000, 1000]
current_hyper_parameter
v: [12.0, 12.0, 11.95, 12.0, 12.0, 30.02, 12.0, 12.0, 12.0, 12.0, 12.0, 12.0, 29.34, 12.0]
a: [88.42, 50.0, 50.0, 101.77, 76.8, 142.43, 22.05, 50.0, 50.0, 50.0, 50.0, 50.0, 50.0, 50.0]
d: [3.5, 3.5, 3.5, 3.5, 3.5, 3.5, 3.5, 3.5, 3.5, 3.5, 3.5, 3.5, 3.5, 2.0]
BEST_hyper_parameter
v: [12.0, 12.0, 11.95, 12.0, 12.0, 30.02, 12.0, 12.0, 12.0, 12.0, 12.0, 12.0, 29.34, 12.0]
a: [88.42, 50.0, 50.0, 50.0, 76.8, 142.43, 50.0, 50.0, 50.0, 50.0, 50.0, 50.0, 50.0, 50.0]
d: [3.5, 3.5, 3.5, 3.5, 3.5, 3.5, 3.5, 3.5, 3.5, 3.5, 3.5, 3.5, 3.5, 2.0]
random_idx_1 = 1, random_idx_2 = 5
random_idx_1 = 0, random_idx_2 = 5

iteration: 14
best: [1000.0, 1000.0, 1000.0, 1000.0, 1000.0, 1000.0, 1000.0, 1000.0, 1000.0, 1000.0, 1000.0, 1000.0, 1000.0, 55.49]
time: [6.34, 8.62, 13.0, 16.8, 23.41, 26.06, 41.4, 45.41, 47.65, 50.32, 52.15, 55.11, 1000, 1000]
current_hyper_parameter
v: [12.0, 12.0, 11.95, 12.0, 12.0, 34.97, 12.0, 12.0, 12.0, 12.0, 12.0, 12.0, 29.34, 12.0]
a: [88.42, 50.0, 50.0, 50.0, 76.8, 101.96, 50.0, 50.0, 50.0, 50.0, 50.0, 50.0, 50.0, 50.0]
d: [3.5, 3.5, 3.5, 3.5, 3.5, 3.5, 3.5, 3.5, 3.5, 3.5, 3.5, 3.5, 3.5, 2.0]
BEST_hyper_parameter
v: [12.0, 12.0, 11.95, 12.0, 12.0, 30.02, 12.0, 12.0, 12.0, 12.0, 12.0, 12.0, 29.34, 12.0]
a: [88.42, 50.0, 50.0, 50.0, 76.8, 142.43, 50.0, 50.0, 50.0, 50.0, 50.0, 50.0, 50.0, 50.0]
d: [3.5, 3.5, 3.5, 3.5, 3.5, 3.5, 3.5, 3.5, 3.5, 3.5, 3.5, 3.5, 3.5, 2.0]
random_idx_1 = 1, random_idx_2 = 13
random_idx_1 = 2, random_idx_2 = 4

iteration: 15
best: [1000.0, 1000.0, 1000.0, 1000.0, 1000.0, 1000.0, 1000.0, 1000.0, 1000.0, 1000.0, 1000.0, 1000.0, 1000.0, 55.49]
time: [6.37, 8.59, 12.95, 16.94, 20.58, 23.56, 37.59, 41.5, 43.68, 46.34, 48.25, 51.19, 53.76, 55.86]
current_hyper_parameter
v: [12.0, 12.0, 11.95, 12.0, 12.0, 30.02, 12.0, 12.0, 12.0, 12.0, 12.0, 12.0, 29.34, 12.0]
a: [88.42, 50.0, 50.0, 50.0, 76.8, 142.43, 50.0, 50.0, 50.0, 50.0, 50.0, 50.0, 50.0, 38.79]
d: [3.5, 3.5, 3.5, 3.5, 3.5, 3.5, 3.5, 3.5, 3.5, 3.5, 3.5, 3.5, 3.5, 2.0]
BEST_hyper_parameter
v: [12.0, 12.0, 11.95, 12.0, 12.0, 30.02, 12.0, 12.0, 12.0, 12.0, 12.0, 12.0, 29.34, 12.0]
a: [88.42, 50.0, 50.0, 50.0, 76.8, 142.43, 50.0, 50.0, 50.0, 50.0, 50.0, 50.0, 50.0, 50.0]
d: [3.5, 3.5, 3.5, 3.5, 3.5, 3.5, 3.5, 3.5, 3.5, 3.5, 3.5, 3.5, 3.5, 2.0]
random_idx_1 = 0, random_idx_2 = 10
random_idx_1 = 1, random_idx_2 = 11

iteration: 16
best: [1000.0, 1000.0, 1000.0, 1000.0, 1000.0, 1000.0, 1000.0, 1000.0, 1000.0, 1000.0, 1000.0, 1000.0, 1000.0, 55.49]
time: [6.36, 8.58, 12.97, 16.95, 23.58, 26.5, 40.38, 44.43, 46.7, 49.38, 51.45, 54.13, 1000, 1000]
current_hyper_parameter
v: [12.0, 12.0, 11.95, 12.0, 12.0, 30.02, 12.0, 12.0, 12.0, 12.0, 9.74, 12.0, 29.34, 12.0]
a: [88.42, 50.0, 50.0, 50.0, 76.8, 142.43, 50.0, 50.0, 50.0, 50.0, 50.0, 59.89, 50.0, 50.0]
d: [3.5, 3.5, 3.5, 3.5, 3.5, 3.5, 3.5, 3.5, 3.5, 3.5, 3.5, 3.5, 3.5, 2.0]
BEST_hyper_parameter
v: [12.0, 12.0, 11.95, 12.0, 12.0, 30.02, 12.0, 12.0, 12.0, 12.0, 12.0, 12.0, 29.34, 12.0]
a: [88.42, 50.0, 50.0, 50.0, 76.8, 142.43, 50.0, 50.0, 50.0, 50.0, 50.0, 50.0, 50.0, 50.0]
d: [3.5, 3.5, 3.5, 3.5, 3.5, 3.5, 3.5, 3.5, 3.5, 3.5, 3.5, 3.5, 3.5, 2.0]
random_idx_1 = 1, random_idx_2 = 8
random_idx_1 = 0, random_idx_2 = 13

iteration: 17
best: [1000.0, 1000.0, 1000.0, 1000.0, 1000.0, 1000.0, 1000.0, 1000.0, 1000.0, 1000.0, 1000.0, 1000.0, 1000.0, 55.49]
time: [6.34, 8.58, 13.0, 17.02, 23.72, 26.51, 41.33, 45.56, 47.61, 50.0, 52.84, 55.83, 1000, 1000]
current_hyper_parameter
v: [12.0, 12.0, 11.95, 12.0, 12.0, 30.02, 12.0, 12.0, 12.0, 12.0, 12.0, 12.0, 29.34, 34.98]
a: [88.42, 50.0, 50.0, 50.0, 76.8, 142.43, 50.0, 50.0, 109.36, 50.0, 50.0, 50.0, 50.0, 50.0]
d: [3.5, 3.5, 3.5, 3.5, 3.5, 3.5, 3.5, 3.5, 3.5, 3.5, 3.5, 3.5, 3.5, 2.0]
BEST_hyper_parameter
v: [12.0, 12.0, 11.95, 12.0, 12.0, 30.02, 12.0, 12.0, 12.0, 12.0, 12.0, 12.0, 29.34, 12.0]
a: [88.42, 50.0, 50.0, 50.0, 76.8, 142.43, 50.0, 50.0, 50.0, 50.0, 50.0, 50.0, 50.0, 50.0]
d: [3.5, 3.5, 3.5, 3.5, 3.5, 3.5, 3.5, 3.5, 3.5, 3.5, 3.5, 3.5, 3.5, 2.0]
random_idx_1 = 0, random_idx_2 = 11
random_idx_1 = 1, random_idx_2 = 10

iteration: 18
best: [1000.0, 1000.0, 1000.0, 1000.0, 1000.0, 1000.0, 1000.0, 1000.0, 1000.0, 1000.0, 1000.0, 1000.0, 1000.0, 55.49]
time: [6.34, 8.56, 12.92, 16.92, 20.63, 23.55, 37.2, 41.33, 43.6, 46.29, 47.79, 50.69, 53.42, 55.5]
current_hyper_parameter
v: [12.0, 12.0, 11.95, 12.0, 12.0, 30.02, 12.0, 12.0, 12.0, 12.0, 12.0, 34.46, 29.34, 12.0]
a: [88.42, 50.0, 50.0, 50.0, 76.8, 142.43, 50.0, 50.0, 50.0, 50.0, 133.83, 50.0, 50.0, 50.0]
d: [3.5, 3.5, 3.5, 3.5, 3.5, 3.5, 3.5, 3.5, 3.5, 3.5, 3.5, 3.5, 3.5, 2.0]
BEST_hyper_parameter
v: [12.0, 12.0, 11.95, 12.0, 12.0, 30.02, 12.0, 12.0, 12.0, 12.0, 12.0, 12.0, 29.34, 12.0]
a: [88.42, 50.0, 50.0, 50.0, 76.8, 142.43, 50.0, 50.0, 50.0, 50.0, 50.0, 50.0, 50.0, 50.0]
d: [3.5, 3.5, 3.5, 3.5, 3.5, 3.5, 3.5, 3.5, 3.5, 3.5, 3.5, 3.5, 3.5, 2.0]
random_idx_1 = 2, random_idx_2 = 8
random_idx_1 = 1, random_idx_2 = 13

iteration: 19
best: [1000.0, 1000.0, 1000.0, 1000.0, 1000.0, 1000.0, 1000.0, 1000.0, 1000.0, 1000.0, 1000.0, 1000.0, 1000.0, 55.49]
time: [6.23, 8.45, 12.87, 16.75, 23.42, 25.88, 44.97, 49.14, 51.38, 53.99, 55.76, 1000, 1000, 1000]
current_hyper_parameter
v: [12.0, 12.0, 11.95, 12.0, 12.0, 30.02, 12.0, 12.0, 12.0, 12.0, 12.0, 12.0, 29.34, 12.0]
a: [88.42, 50.0, 50.0, 50.0, 76.8, 142.43, 50.0, 50.0, 50.0, 50.0, 50.0, 50.0, 50.0, 111.19]
d: [3.5, 3.5, 3.5, 3.5, 3.5, 3.5, 3.5, 3.5, 3.5, 3.5, 3.5, 3.5, 3.5, 2.0]
BEST_hyper_parameter
v: [12.0, 12.0, 11.95, 12.0, 12.0, 30.02, 12.0, 12.0, 12.0, 12.0, 12.0, 12.0, 29.34, 12.0]
a: [88.42, 50.0, 50.0, 50.0, 76.8, 142.43, 50.0, 50.0, 50.0, 50.0, 50.0, 50.0, 50.0, 50.0]
d: [3.5, 3.5, 3.5, 3.5, 3.5, 3.5, 3.5, 3.5, 3.5, 3.5, 3.5, 3.5, 3.5, 2.0]
random_idx_1 = 1, random_idx_2 = 1
random_idx_1 = 2, random_idx_2 = 10

iteration: 20
best: [1000.0, 1000.0, 1000.0, 1000.0, 1000.0, 1000.0, 1000.0, 1000.0, 1000.0, 1000.0, 1000.0, 1000.0, 1000.0, 55.49]
time: [6.21, 8.23, 12.21, 15.81, 19.43, 22.37, 38.58, 42.66, 44.84, 47.69, 49.51, 52.5, 55.04, 56.82]
current_hyper_parameter
v: [12.0, 12.0, 11.95, 12.0, 12.0, 30.02, 12.0, 12.0, 12.0, 12.0, 12.0, 12.0, 29.34, 12.0]
a: [88.42, 94.39, 50.0, 50.0, 76.8, 142.43, 50.0, 50.0, 50.0, 50.0, 50.0, 50.0, 50.0, 50.0]
d: [3.5, 3.5, 3.5, 3.5, 3.5, 3.5, 3.5, 3.5, 3.5, 3.5, 3.5, 3.5, 3.5, 2.0]
BEST_hyper_parameter
v: [12.0, 12.0, 11.95, 12.0, 12.0, 30.02, 12.0, 12.0, 12.0, 12.0, 12.0, 12.0, 29.34, 12.0]
a: [88.42, 50.0, 50.0, 50.0, 76.8, 142.43, 50.0, 50.0, 50.0, 50.0, 50.0, 50.0, 50.0, 50.0]
d: [3.5, 3.5, 3.5, 3.5, 3.5, 3.5, 3.5, 3.5, 3.5, 3.5, 3.5, 3.5, 3.5, 2.0]
random_idx_1 = 2, random_idx_2 = 10
random_idx_1 = 0, random_idx_2 = 13

iteration: 21
best: [1000.0, 1000.0, 1000.0, 1000.0, 1000.0, 1000.0, 1000.0, 1000.0, 1000.0, 1000.0, 1000.0, 1000.0, 1000.0, 55.49]
time: [6.34, 8.59, 12.92, 16.88, 20.52, 23.48, 55.19, 1000, 1000, 1000, 1000, 1000, 1000, 1000]
current_hyper_parameter
v: [12.0, 12.0, 11.95, 12.0, 12.0, 30.02, 12.0, 12.0, 12.0, 12.0, 12.0, 12.0, 29.34, 32.78]
a: [88.42, 50.0, 50.0, 50.0, 76.8, 142.43, 50.0, 50.0, 50.0, 50.0, 50.0, 50.0, 50.0, 50.0]
d: [3.5, 3.5, 3.5, 3.5, 3.5, 3.5, 3.5, 3.5, 3.5, 3.5, 3.5, 3.5, 3.5, 2.0]
BEST_hyper_parameter
v: [12.0, 12.0, 11.95, 12.0, 12.0, 30.02, 12.0, 12.0, 12.0, 12.0, 12.0, 12.0, 29.34, 12.0]
a: [88.42, 50.0, 50.0, 50.0, 76.8, 142.43, 50.0, 50.0, 50.0, 50.0, 50.0, 50.0, 50.0, 50.0]
d: [3.5, 3.5, 3.5, 3.5, 3.5, 3.5, 3.5, 3.5, 3.5, 3.5, 3.5, 3.5, 3.5, 2.0]
random_idx_1 = 1, random_idx_2 = 4
random_idx_1 = 0, random_idx_2 = 0

iteration: 22
best: [1000.0, 1000.0, 1000.0, 1000.0, 1000.0, 1000.0, 1000.0, 1000.0, 1000.0, 1000.0, 1000.0, 1000.0, 1000.0, 55.49]
time: [5.91, 7.72, 11.67, 15.48, 1000, 1000, 1000, 1000, 1000, 1000, 1000, 1000, 1000, 1000]
current_hyper_parameter
v: [27.27, 12.0, 11.95, 12.0, 12.0, 30.02, 12.0, 12.0, 12.0, 12.0, 12.0, 12.0, 29.34, 12.0]
a: [88.42, 50.0, 50.0, 50.0, 147.85, 142.43, 50.0, 50.0, 50.0, 50.0, 50.0, 50.0, 50.0, 50.0]
d: [3.5, 3.5, 3.5, 3.5, 3.5, 3.5, 3.5, 3.5, 3.5, 3.5, 3.5, 3.5, 3.5, 2.0]
BEST_hyper_parameter
v: [12.0, 12.0, 11.95, 12.0, 12.0, 30.02, 12.0, 12.0, 12.0, 12.0, 12.0, 12.0, 29.34, 12.0]
a: [88.42, 50.0, 50.0, 50.0, 76.8, 142.43, 50.0, 50.0, 50.0, 50.0, 50.0, 50.0, 50.0, 50.0]
d: [3.5, 3.5, 3.5, 3.5, 3.5, 3.5, 3.5, 3.5, 3.5, 3.5, 3.5, 3.5, 3.5, 2.0]
random_idx_1 = 2, random_idx_2 = 0
random_idx_1 = 0, random_idx_2 = 4

iteration: 23
best: [1000.0, 1000.0, 1000.0, 1000.0, 1000.0, 1000.0, 1000.0, 1000.0, 1000.0, 1000.0, 1000.0, 1000.0, 1000.0, 55.49]
time: [6.33, 8.57, 12.88, 16.76, 19.84, 22.94, 36.56, 40.53, 42.77, 45.68, 47.47, 50.52, 53.06, 54.92]
current_hyper_parameter
v: [12.0, 12.0, 11.95, 12.0, 17.3, 30.02, 12.0, 12.0, 12.0, 12.0, 12.0, 12.0, 29.34, 12.0]
a: [88.42, 50.0, 50.0, 50.0, 76.8, 142.43, 50.0, 50.0, 50.0, 50.0, 50.0, 50.0, 50.0, 50.0]
d: [3.5, 3.5, 3.5, 3.5, 3.5, 3.5, 3.5, 3.5, 3.5, 3.5, 3.5, 3.5, 3.5, 2.0]
BEST_hyper_parameter
v: [12.0, 12.0, 11.95, 12.0, 12.0, 30.02, 12.0, 12.0, 12.0, 12.0, 12.0, 12.0, 29.34, 12.0]
a: [88.42, 50.0, 50.0, 50.0, 76.8, 142.43, 50.0, 50.0, 50.0, 50.0, 50.0, 50.0, 50.0, 50.0]
d: [3.5, 3.5, 3.5, 3.5, 3.5, 3.5, 3.5, 3.5, 3.5, 3.5, 3.5, 3.5, 3.5, 2.0]
random_idx_1 = 1, random_idx_2 = 3
random_idx_1 = 0, random_idx_2 = 12

iteration: 24
best: [1000.0, 1000.0, 1000.0, 1000.0, 1000.0, 1000.0, 1000.0, 1000.0, 1000.0, 1000.0, 1000.0, 1000.0, 1000.0, 54.92]
time: [6.34, 8.63, 13.03, 16.33, 19.48, 22.54, 36.17, 40.27, 42.54, 45.22, 46.98, 49.95, 52.59, 54.47]
current_hyper_parameter
v: [12.0, 12.0, 11.95, 12.0, 17.3, 30.02, 12.0, 12.0, 12.0, 12.0, 12.0, 12.0, 22.79, 12.0]
a: [88.42, 50.0, 50.0, 139.41, 76.8, 142.43, 50.0, 50.0, 50.0, 50.0, 50.0, 50.0, 50.0, 50.0]
d: [3.5, 3.5, 3.5, 3.5, 3.5, 3.5, 3.5, 3.5, 3.5, 3.5, 3.5, 3.5, 3.5, 2.0]
BEST_hyper_parameter
v: [12.0, 12.0, 11.95, 12.0, 17.3, 30.02, 12.0, 12.0, 12.0, 12.0, 12.0, 12.0, 29.34, 12.0]
a: [88.42, 50.0, 50.0, 50.0, 76.8, 142.43, 50.0, 50.0, 50.0, 50.0, 50.0, 50.0, 50.0, 50.0]
d: [3.5, 3.5, 3.5, 3.5, 3.5, 3.5, 3.5, 3.5, 3.5, 3.5, 3.5, 3.5, 3.5, 2.0]
random_idx_1 = 0, random_idx_2 = 8
random_idx_1 = 1, random_idx_2 = 7

iteration: 25
best: [1000.0, 1000.0, 1000.0, 1000.0, 1000.0, 1000.0, 1000.0, 1000.0, 1000.0, 1000.0, 1000.0, 1000.0, 1000.0, 54.47]
time: [6.19, 8.4, 12.83, 19.29, 1000, 1000, 1000, 1000, 1000, 1000, 1000, 1000, 1000, 1000]
current_hyper_parameter
v: [12.0, 12.0, 11.95, 12.0, 17.3, 30.02, 12.0, 12.0, 34.79, 12.0, 12.0, 12.0, 22.79, 12.0]
a: [88.42, 50.0, 50.0, 139.41, 76.8, 142.43, 50.0, 25.64, 50.0, 50.0, 50.0, 50.0, 50.0, 50.0]
d: [3.5, 3.5, 3.5, 3.5, 3.5, 3.5, 3.5, 3.5, 3.5, 3.5, 3.5, 3.5, 3.5, 2.0]
BEST_hyper_parameter
v: [12.0, 12.0, 11.95, 12.0, 17.3, 30.02, 12.0, 12.0, 12.0, 12.0, 12.0, 12.0, 22.79, 12.0]
a: [88.42, 50.0, 50.0, 139.41, 76.8, 142.43, 50.0, 50.0, 50.0, 50.0, 50.0, 50.0, 50.0, 50.0]
d: [3.5, 3.5, 3.5, 3.5, 3.5, 3.5, 3.5, 3.5, 3.5, 3.5, 3.5, 3.5, 3.5, 2.0]
random_idx_1 = 1, random_idx_2 = 13
random_idx_1 = 0, random_idx_2 = 11

iteration: 26
best: [1000.0, 1000.0, 1000.0, 1000.0, 1000.0, 1000.0, 1000.0, 1000.0, 1000.0, 1000.0, 1000.0, 1000.0, 1000.0, 54.47]
time: [6.34, 8.58, 12.91, 19.3, 22.34, 25.49, 39.09, 43.09, 45.3, 47.94, 50.04, 53.05, 1000, 1000]
current_hyper_parameter
v: [12.0, 12.0, 11.95, 12.0, 17.3, 30.02, 12.0, 12.0, 12.0, 12.0, 12.0, 14.08, 22.79, 12.0]
a: [88.42, 50.0, 50.0, 139.41, 76.8, 142.43, 50.0, 50.0, 50.0, 50.0, 50.0, 50.0, 50.0, 80.28]
d: [3.5, 3.5, 3.5, 3.5, 3.5, 3.5, 3.5, 3.5, 3.5, 3.5, 3.5, 3.5, 3.5, 2.0]
BEST_hyper_parameter
v: [12.0, 12.0, 11.95, 12.0, 17.3, 30.02, 12.0, 12.0, 12.0, 12.0, 12.0, 12.0, 22.79, 12.0]
a: [88.42, 50.0, 50.0, 139.41, 76.8, 142.43, 50.0, 50.0, 50.0, 50.0, 50.0, 50.0, 50.0, 50.0]
d: [3.5, 3.5, 3.5, 3.5, 3.5, 3.5, 3.5, 3.5, 3.5, 3.5, 3.5, 3.5, 3.5, 2.0]
random_idx_1 = 0, random_idx_2 = 1
random_idx_1 = 0, random_idx_2 = 4

iteration: 27
best: [1000.0, 1000.0, 1000.0, 1000.0, 1000.0, 1000.0, 1000.0, 1000.0, 1000.0, 1000.0, 1000.0, 1000.0, 1000.0, 54.47]
time: [6.33, 8.47, 12.76, 15.94, 22.44, 24.89, 42.12, 46.12, 48.33, 50.92, 52.82, 55.48, 1000, 1000]
current_hyper_parameter
v: [12.0, 16.99, 11.95, 12.0, 11.6, 30.02, 12.0, 12.0, 12.0, 12.0, 12.0, 12.0, 22.79, 12.0]
a: [88.42, 50.0, 50.0, 139.41, 76.8, 142.43, 50.0, 50.0, 50.0, 50.0, 50.0, 50.0, 50.0, 50.0]
d: [3.5, 3.5, 3.5, 3.5, 3.5, 3.5, 3.5, 3.5, 3.5, 3.5, 3.5, 3.5, 3.5, 2.0]
BEST_hyper_parameter
v: [12.0, 12.0, 11.95, 12.0, 17.3, 30.02, 12.0, 12.0, 12.0, 12.0, 12.0, 12.0, 22.79, 12.0]
a: [88.42, 50.0, 50.0, 139.41, 76.8, 142.43, 50.0, 50.0, 50.0, 50.0, 50.0, 50.0, 50.0, 50.0]
d: [3.5, 3.5, 3.5, 3.5, 3.5, 3.5, 3.5, 3.5, 3.5, 3.5, 3.5, 3.5, 3.5, 2.0]
random_idx_1 = 2, random_idx_2 = 10
random_idx_1 = 1, random_idx_2 = 10

iteration: 28
best: [1000.0, 1000.0, 1000.0, 1000.0, 1000.0, 1000.0, 1000.0, 1000.0, 1000.0, 1000.0, 1000.0, 1000.0, 1000.0, 54.47]
time: [6.21, 8.39, 12.78, 15.97, 18.92, 22.05, 53.24, 1000, 1000, 1000, 1000, 1000, 1000, 1000]
current_hyper_parameter
v: [12.0, 12.0, 11.95, 12.0, 17.3, 30.02, 12.0, 12.0, 12.0, 12.0, 12.0, 12.0, 22.79, 12.0]
a: [88.42, 50.0, 50.0, 139.41, 76.8, 142.43, 50.0, 50.0, 50.0, 50.0, 98.95, 50.0, 50.0, 50.0]
d: [3.5, 3.5, 3.5, 3.5, 3.5, 3.5, 3.5, 3.5, 3.5, 3.5, 3.5, 3.5, 3.5, 2.0]
BEST_hyper_parameter
v: [12.0, 12.0, 11.95, 12.0, 17.3, 30.02, 12.0, 12.0, 12.0, 12.0, 12.0, 12.0, 22.79, 12.0]
a: [88.42, 50.0, 50.0, 139.41, 76.8, 142.43, 50.0, 50.0, 50.0, 50.0, 50.0, 50.0, 50.0, 50.0]
d: [3.5, 3.5, 3.5, 3.5, 3.5, 3.5, 3.5, 3.5, 3.5, 3.5, 3.5, 3.5, 3.5, 2.0]
random_idx_1 = 0, random_idx_2 = 7
random_idx_1 = 2, random_idx_2 = 1

iteration: 29
best: [1000.0, 1000.0, 1000.0, 1000.0, 1000.0, 1000.0, 1000.0, 1000.0, 1000.0, 1000.0, 1000.0, 1000.0, 1000.0, 54.47]
time: [6.36, 8.6, 12.93, 19.3, 25.36, 27.98, 42.23, 46.12, 48.24, 50.79, 55.61, 1000, 1000, 1000]
current_hyper_parameter
v: [12.0, 12.0, 11.95, 12.0, 17.3, 30.02, 12.0, 28.98, 12.0, 12.0, 12.0, 12.0, 22.79, 12.0]
a: [88.42, 50.0, 50.0, 139.41, 76.8, 142.43, 50.0, 50.0, 50.0, 50.0, 50.0, 50.0, 50.0, 50.0]
d: [3.5, 3.5, 3.5, 3.5, 3.5, 3.5, 3.5, 3.5, 3.5, 3.5, 3.5, 3.5, 3.5, 2.0]
BEST_hyper_parameter
v: [12.0, 12.0, 11.95, 12.0, 17.3, 30.02, 12.0, 12.0, 12.0, 12.0, 12.0, 12.0, 22.79, 12.0]
a: [88.42, 50.0, 50.0, 139.41, 76.8, 142.43, 50.0, 50.0, 50.0, 50.0, 50.0, 50.0, 50.0, 50.0]
d: [3.5, 3.5, 3.5, 3.5, 3.5, 3.5, 3.5, 3.5, 3.5, 3.5, 3.5, 3.5, 3.5, 2.0]
random_idx_1 = 2, random_idx_2 = 1
random_idx_1 = 2, random_idx_2 = 9

iteration: 30
best: [1000.0, 1000.0, 1000.0, 1000.0, 1000.0, 1000.0, 1000.0, 1000.0, 1000.0, 1000.0, 1000.0, 1000.0, 1000.0, 54.47]
time: [6.32, 8.57, 12.89, 1000, 1000, 1000, 1000, 1000, 1000, 1000, 1000, 1000, 1000, 1000]
current_hyper_parameter
v: [12.0, 12.0, 11.95, 12.0, 17.3, 30.02, 12.0, 12.0, 12.0, 12.0, 12.0, 12.0, 22.79, 12.0]
a: [88.42, 50.0, 50.0, 139.41, 76.8, 142.43, 50.0, 50.0, 50.0, 50.0, 50.0, 50.0, 50.0, 50.0]
d: [3.5, 3.5, 3.5, 3.5, 3.5, 3.5, 3.5, 3.5, 3.5, 3.5, 3.5, 3.5, 3.5, 2.0]
BEST_hyper_parameter
v: [12.0, 12.0, 11.95, 12.0, 17.3, 30.02, 12.0, 12.0, 12.0, 12.0, 12.0, 12.0, 22.79, 12.0]
a: [88.42, 50.0, 50.0, 139.41, 76.8, 142.43, 50.0, 50.0, 50.0, 50.0, 50.0, 50.0, 50.0, 50.0]
d: [3.5, 3.5, 3.5, 3.5, 3.5, 3.5, 3.5, 3.5, 3.5, 3.5, 3.5, 3.5, 3.5, 2.0]
random_idx_1 = 1, random_idx_2 = 5
random_idx_1 = 2, random_idx_2 = 13

iteration: 31
best: [1000.0, 1000.0, 1000.0, 1000.0, 1000.0, 1000.0, 1000.0, 1000.0, 1000.0, 1000.0, 1000.0, 1000.0, 1000.0, 54.47]
time: [6.35, 8.57, 12.89, 19.29, 25.34, 27.86, 43.88, 47.99, 50.24, 52.93, 54.85, 1000, 1000, 1000]
current_hyper_parameter
v: [12.0, 12.0, 11.95, 12.0, 17.3, 30.02, 12.0, 12.0, 12.0, 12.0, 12.0, 12.0, 22.79, 12.0]
a: [88.42, 50.0, 50.0, 139.41, 76.8, 159.15, 50.0, 50.0, 50.0, 50.0, 50.0, 50.0, 50.0, 50.0]
d: [3.5, 3.5, 3.5, 3.5, 3.5, 3.5, 3.5, 3.5, 3.5, 3.5, 3.5, 3.5, 3.5, 2.0]
BEST_hyper_parameter
v: [12.0, 12.0, 11.95, 12.0, 17.3, 30.02, 12.0, 12.0, 12.0, 12.0, 12.0, 12.0, 22.79, 12.0]
a: [88.42, 50.0, 50.0, 139.41, 76.8, 142.43, 50.0, 50.0, 50.0, 50.0, 50.0, 50.0, 50.0, 50.0]
d: [3.5, 3.5, 3.5, 3.5, 3.5, 3.5, 3.5, 3.5, 3.5, 3.5, 3.5, 3.5, 3.5, 2.0]
random_idx_1 = 2, random_idx_2 = 7
random_idx_1 = 0, random_idx_2 = 13

iteration: 32
best: [1000.0, 1000.0, 1000.0, 1000.0, 1000.0, 1000.0, 1000.0, 1000.0, 1000.0, 1000.0, 1000.0, 1000.0, 1000.0, 54.47]
time: [6.33, 8.56, 12.9, 1000, 1000, 1000, 1000, 1000, 1000, 1000, 1000, 1000, 1000, 1000]
current_hyper_parameter
v: [12.0, 12.0, 11.95, 12.0, 17.3, 30.02, 12.0, 12.0, 12.0, 12.0, 12.0, 12.0, 22.79, 25.76]
a: [88.42, 50.0, 50.0, 139.41, 76.8, 142.43, 50.0, 50.0, 50.0, 50.0, 50.0, 50.0, 50.0, 50.0]
d: [3.5, 3.5, 3.5, 3.5, 3.5, 3.5, 3.5, 3.5, 3.5, 3.5, 3.5, 3.5, 3.5, 2.0]
BEST_hyper_parameter
v: [12.0, 12.0, 11.95, 12.0, 17.3, 30.02, 12.0, 12.0, 12.0, 12.0, 12.0, 12.0, 22.79, 12.0]
a: [88.42, 50.0, 50.0, 139.41, 76.8, 142.43, 50.0, 50.0, 50.0, 50.0, 50.0, 50.0, 50.0, 50.0]
d: [3.5, 3.5, 3.5, 3.5, 3.5, 3.5, 3.5, 3.5, 3.5, 3.5, 3.5, 3.5, 3.5, 2.0]
random_idx_1 = 0, random_idx_2 = 1
random_idx_1 = 0, random_idx_2 = 11

iteration: 33
best: [1000.0, 1000.0, 1000.0, 1000.0, 1000.0, 1000.0, 1000.0, 1000.0, 1000.0, 1000.0, 1000.0, 1000.0, 1000.0, 54.47]
time: [6.33, 8.57, 12.9, 19.41, 1000, 1000, 1000, 1000, 1000, 1000, 1000, 1000, 1000, 1000]
current_hyper_parameter
v: [12.0, 12.03, 11.95, 12.0, 17.3, 30.02, 12.0, 12.0, 12.0, 12.0, 12.0, 17.71, 22.79, 12.0]
a: [88.42, 50.0, 50.0, 139.41, 76.8, 142.43, 50.0, 50.0, 50.0, 50.0, 50.0, 50.0, 50.0, 50.0]
d: [3.5, 3.5, 3.5, 3.5, 3.5, 3.5, 3.5, 3.5, 3.5, 3.5, 3.5, 3.5, 3.5, 2.0]
BEST_hyper_parameter
v: [12.0, 12.0, 11.95, 12.0, 17.3, 30.02, 12.0, 12.0, 12.0, 12.0, 12.0, 12.0, 22.79, 12.0]
a: [88.42, 50.0, 50.0, 139.41, 76.8, 142.43, 50.0, 50.0, 50.0, 50.0, 50.0, 50.0, 50.0, 50.0]
d: [3.5, 3.5, 3.5, 3.5, 3.5, 3.5, 3.5, 3.5, 3.5, 3.5, 3.5, 3.5, 3.5, 2.0]
random_idx_1 = 0, random_idx_2 = 6
random_idx_1 = 0, random_idx_2 = 11

iteration: 34
best: [1000.0, 1000.0, 1000.0, 1000.0, 1000.0, 1000.0, 1000.0, 1000.0, 1000.0, 1000.0, 1000.0, 1000.0, 1000.0, 54.47]
time: [6.22, 8.46, 12.84, 19.23, 25.42, 28.41, 39.46, 43.44, 45.57, 48.19, 50.01, 52.95, 1000, 1000]
current_hyper_parameter
v: [12.0, 12.0, 11.95, 12.0, 17.3, 30.02, 23.89, 12.0, 12.0, 12.0, 12.0, 14.5, 22.79, 12.0]
a: [88.42, 50.0, 50.0, 139.41, 76.8, 142.43, 50.0, 50.0, 50.0, 50.0, 50.0, 50.0, 50.0, 50.0]
d: [3.5, 3.5, 3.5, 3.5, 3.5, 3.5, 3.5, 3.5, 3.5, 3.5, 3.5, 3.5, 3.5, 2.0]
BEST_hyper_parameter
v: [12.0, 12.0, 11.95, 12.0, 17.3, 30.02, 12.0, 12.0, 12.0, 12.0, 12.0, 12.0, 22.79, 12.0]
a: [88.42, 50.0, 50.0, 139.41, 76.8, 142.43, 50.0, 50.0, 50.0, 50.0, 50.0, 50.0, 50.0, 50.0]
d: [3.5, 3.5, 3.5, 3.5, 3.5, 3.5, 3.5, 3.5, 3.5, 3.5, 3.5, 3.5, 3.5, 2.0]
random_idx_1 = 2, random_idx_2 = 6
random_idx_1 = 0, random_idx_2 = 9

iteration: 35
best: [1000.0, 1000.0, 1000.0, 1000.0, 1000.0, 1000.0, 1000.0, 1000.0, 1000.0, 1000.0, 1000.0, 1000.0, 1000.0, 54.47]
time: [6.34, 8.6, 12.94, 19.45, 1000, 1000, 1000, 1000, 1000, 1000, 1000, 1000, 1000, 1000]
current_hyper_parameter
v: [12.0, 12.0, 11.95, 12.0, 17.3, 30.02, 12.0, 12.0, 12.0, 28.97, 12.0, 12.0, 22.79, 12.0]
a: [88.42, 50.0, 50.0, 139.41, 76.8, 142.43, 50.0, 50.0, 50.0, 50.0, 50.0, 50.0, 50.0, 50.0]
d: [3.5, 3.5, 3.5, 3.5, 3.5, 3.5, 3.5, 3.5, 3.5, 3.5, 3.5, 3.5, 3.5, 2.0]
BEST_hyper_parameter
v: [12.0, 12.0, 11.95, 12.0, 17.3, 30.02, 12.0, 12.0, 12.0, 12.0, 12.0, 12.0, 22.79, 12.0]
a: [88.42, 50.0, 50.0, 139.41, 76.8, 142.43, 50.0, 50.0, 50.0, 50.0, 50.0, 50.0, 50.0, 50.0]
d: [3.5, 3.5, 3.5, 3.5, 3.5, 3.5, 3.5, 3.5, 3.5, 3.5, 3.5, 3.5, 3.5, 2.0]
random_idx_1 = 0, random_idx_2 = 7
random_idx_1 = 2, random_idx_2 = 11

iteration: 36
best: [1000.0, 1000.0, 1000.0, 1000.0, 1000.0, 1000.0, 1000.0, 1000.0, 1000.0, 1000.0, 1000.0, 1000.0, 1000.0, 54.47]
time: [6.33, 8.57, 12.9, 19.29, 34.06, 41.16, 56.26, 1000, 1000, 1000, 1000, 1000, 1000, 1000]
current_hyper_parameter
v: [12.0, 12.0, 11.95, 12.0, 17.3, 30.02, 12.0, 10.4, 12.0, 12.0, 12.0, 12.0, 22.79, 12.0]
a: [88.42, 50.0, 50.0, 139.41, 76.8, 142.43, 50.0, 50.0, 50.0, 50.0, 50.0, 50.0, 50.0, 50.0]
d: [3.5, 3.5, 3.5, 3.5, 3.5, 3.5, 3.5, 3.5, 3.5, 3.5, 3.5, 3.5, 3.5, 2.0]
BEST_hyper_parameter
v: [12.0, 12.0, 11.95, 12.0, 17.3, 30.02, 12.0, 12.0, 12.0, 12.0, 12.0, 12.0, 22.79, 12.0]
a: [88.42, 50.0, 50.0, 139.41, 76.8, 142.43, 50.0, 50.0, 50.0, 50.0, 50.0, 50.0, 50.0, 50.0]
d: [3.5, 3.5, 3.5, 3.5, 3.5, 3.5, 3.5, 3.5, 3.5, 3.5, 3.5, 3.5, 3.5, 2.0]
random_idx_1 = 2, random_idx_2 = 8
random_idx_1 = 1, random_idx_2 = 7

iteration: 37
best: [1000.0, 1000.0, 1000.0, 1000.0, 1000.0, 1000.0, 1000.0, 1000.0, 1000.0, 1000.0, 1000.0, 1000.0, 1000.0, 54.47]
time: [6.34, 8.58, 12.91, 19.48, 1000, 1000, 1000, 1000, 1000, 1000, 1000, 1000, 1000, 1000]
current_hyper_parameter
v: [12.0, 12.0, 11.95, 12.0, 17.3, 30.02, 12.0, 12.0, 12.0, 12.0, 12.0, 12.0, 22.79, 12.0]
a: [88.42, 50.0, 50.0, 139.41, 76.8, 142.43, 50.0, 84.14, 50.0, 50.0, 50.0, 50.0, 50.0, 50.0]
d: [3.5, 3.5, 3.5, 3.5, 3.5, 3.5, 3.5, 3.5, 3.5, 3.5, 3.5, 3.5, 3.5, 2.0]
BEST_hyper_parameter
v: [12.0, 12.0, 11.95, 12.0, 17.3, 30.02, 12.0, 12.0, 12.0, 12.0, 12.0, 12.0, 22.79, 12.0]
a: [88.42, 50.0, 50.0, 139.41, 76.8, 142.43, 50.0, 50.0, 50.0, 50.0, 50.0, 50.0, 50.0, 50.0]
d: [3.5, 3.5, 3.5, 3.5, 3.5, 3.5, 3.5, 3.5, 3.5, 3.5, 3.5, 3.5, 3.5, 2.0]
random_idx_1 = 2, random_idx_2 = 0
random_idx_1 = 2, random_idx_2 = 12

iteration: 38
best: [1000.0, 1000.0, 1000.0, 1000.0, 1000.0, 1000.0, 1000.0, 1000.0, 1000.0, 1000.0, 1000.0, 1000.0, 1000.0, 54.47]
time: [6.23, 8.45, 12.84, 19.24, 25.34, 27.9, 42.6, 46.55, 48.76, 51.38, 53.28, 1000, 1000, 1000]
current_hyper_parameter
v: [12.0, 12.0, 11.95, 12.0, 17.3, 30.02, 12.0, 12.0, 12.0, 12.0, 12.0, 12.0, 22.79, 12.0]
a: [88.42, 50.0, 50.0, 139.41, 76.8, 142.43, 50.0, 50.0, 50.0, 50.0, 50.0, 50.0, 50.0, 50.0]
d: [3.5, 3.5, 3.5, 3.5, 3.5, 3.5, 3.5, 3.5, 3.5, 3.5, 3.5, 3.5, 3.5, 2.0]
BEST_hyper_parameter
v: [12.0, 12.0, 11.95, 12.0, 17.3, 30.02, 12.0, 12.0, 12.0, 12.0, 12.0, 12.0, 22.79, 12.0]
a: [88.42, 50.0, 50.0, 139.41, 76.8, 142.43, 50.0, 50.0, 50.0, 50.0, 50.0, 50.0, 50.0, 50.0]
d: [3.5, 3.5, 3.5, 3.5, 3.5, 3.5, 3.5, 3.5, 3.5, 3.5, 3.5, 3.5, 3.5, 2.0]
random_idx_1 = 1, random_idx_2 = 9
random_idx_1 = 1, random_idx_2 = 9

iteration: 39
best: [1000.0, 1000.0, 1000.0, 1000.0, 1000.0, 1000.0, 1000.0, 1000.0, 1000.0, 1000.0, 1000.0, 1000.0, 1000.0, 54.47]
time: [6.34, 8.57, 12.91, 19.34, 26.7, 29.33, 47.11, 51.2, 53.42, 55.7, 1000, 1000, 1000, 1000]
current_hyper_parameter
v: [12.0, 12.0, 11.95, 12.0, 17.3, 30.02, 12.0, 12.0, 12.0, 12.0, 12.0, 12.0, 22.79, 12.0]
a: [88.42, 50.0, 50.0, 139.41, 76.8, 142.43, 50.0, 50.0, 50.0, 156.91, 50.0, 50.0, 50.0, 50.0]
d: [3.5, 3.5, 3.5, 3.5, 3.5, 3.5, 3.5, 3.5, 3.5, 3.5, 3.5, 3.5, 3.5, 2.0]
BEST_hyper_parameter
v: [12.0, 12.0, 11.95, 12.0, 17.3, 30.02, 12.0, 12.0, 12.0, 12.0, 12.0, 12.0, 22.79, 12.0]
a: [88.42, 50.0, 50.0, 139.41, 76.8, 142.43, 50.0, 50.0, 50.0, 50.0, 50.0, 50.0, 50.0, 50.0]
d: [3.5, 3.5, 3.5, 3.5, 3.5, 3.5, 3.5, 3.5, 3.5, 3.5, 3.5, 3.5, 3.5, 2.0]
random_idx_1 = 2, random_idx_2 = 5
random_idx_1 = 0, random_idx_2 = 5

iteration: 40
best: [1000.0, 1000.0, 1000.0, 1000.0, 1000.0, 1000.0, 1000.0, 1000.0, 1000.0, 1000.0, 1000.0, 1000.0, 1000.0, 54.47]
time: [6.18, 8.38, 12.82, 19.21, 25.56, 31.56, 46.11, 50.05, 52.27, 54.97, 56.28, 1000, 1000, 1000]
current_hyper_parameter
v: [12.0, 12.0, 11.95, 12.0, 17.3, 29.46, 12.0, 12.0, 12.0, 12.0, 12.0, 12.0, 22.79, 12.0]
a: [88.42, 50.0, 50.0, 139.41, 76.8, 142.43, 50.0, 50.0, 50.0, 50.0, 50.0, 50.0, 50.0, 50.0]
d: [3.5, 3.5, 3.5, 3.5, 3.5, 3.5, 3.5, 3.5, 3.5, 3.5, 3.5, 3.5, 3.5, 2.0]
BEST_hyper_parameter
v: [12.0, 12.0, 11.95, 12.0, 17.3, 30.02, 12.0, 12.0, 12.0, 12.0, 12.0, 12.0, 22.79, 12.0]
a: [88.42, 50.0, 50.0, 139.41, 76.8, 142.43, 50.0, 50.0, 50.0, 50.0, 50.0, 50.0, 50.0, 50.0]
d: [3.5, 3.5, 3.5, 3.5, 3.5, 3.5, 3.5, 3.5, 3.5, 3.5, 3.5, 3.5, 3.5, 2.0]
random_idx_1 = 2, random_idx_2 = 3
random_idx_1 = 1, random_idx_2 = 1

iteration: 41
best: [1000.0, 1000.0, 1000.0, 1000.0, 1000.0, 1000.0, 1000.0, 1000.0, 1000.0, 1000.0, 1000.0, 1000.0, 1000.0, 54.47]
time: [6.27, 8.51, 12.91, 19.29, 22.33, 25.45, 39.6, 43.51, 45.65, 48.27, 50.21, 53.13, 1000, 1000]
current_hyper_parameter
v: [12.0, 12.0, 11.95, 12.0, 17.3, 30.02, 12.0, 12.0, 12.0, 12.0, 12.0, 12.0, 22.79, 12.0]
a: [88.42, 44.41, 50.0, 139.41, 76.8, 142.43, 50.0, 50.0, 50.0, 50.0, 50.0, 50.0, 50.0, 50.0]
d: [3.5, 3.5, 3.5, 3.5, 3.5, 3.5, 3.5, 3.5, 3.5, 3.5, 3.5, 3.5, 3.5, 2.0]
BEST_hyper_parameter
v: [12.0, 12.0, 11.95, 12.0, 17.3, 30.02, 12.0, 12.0, 12.0, 12.0, 12.0, 12.0, 22.79, 12.0]
a: [88.42, 50.0, 50.0, 139.41, 76.8, 142.43, 50.0, 50.0, 50.0, 50.0, 50.0, 50.0, 50.0, 50.0]
d: [3.5, 3.5, 3.5, 3.5, 3.5, 3.5, 3.5, 3.5, 3.5, 3.5, 3.5, 3.5, 3.5, 2.0]
random_idx_1 = 1, random_idx_2 = 6
random_idx_1 = 1, random_idx_2 = 8

iteration: 42
best: [1000.0, 1000.0, 1000.0, 1000.0, 1000.0, 1000.0, 1000.0, 1000.0, 1000.0, 1000.0, 1000.0, 1000.0, 1000.0, 54.47]
time: [6.34, 8.59, 12.91, 19.46, 23.52, 26.47, 40.1, 45.15, 47.14, 49.45, 51.5, 54.35, 1000, 1000]
current_hyper_parameter
v: [12.0, 12.0, 11.95, 12.0, 17.3, 30.02, 12.0, 12.0, 12.0, 12.0, 12.0, 12.0, 22.79, 12.0]
a: [88.42, 50.0, 50.0, 139.41, 76.8, 142.43, 76.12, 50.0, 104.62, 50.0, 50.0, 50.0, 50.0, 50.0]
d: [3.5, 3.5, 3.5, 3.5, 3.5, 3.5, 3.5, 3.5, 3.5, 3.5, 3.5, 3.5, 3.5, 2.0]
BEST_hyper_parameter
v: [12.0, 12.0, 11.95, 12.0, 17.3, 30.02, 12.0, 12.0, 12.0, 12.0, 12.0, 12.0, 22.79, 12.0]
a: [88.42, 50.0, 50.0, 139.41, 76.8, 142.43, 50.0, 50.0, 50.0, 50.0, 50.0, 50.0, 50.0, 50.0]
d: [3.5, 3.5, 3.5, 3.5, 3.5, 3.5, 3.5, 3.5, 3.5, 3.5, 3.5, 3.5, 3.5, 2.0]
random_idx_1 = 0, random_idx_2 = 5
random_idx_1 = 2, random_idx_2 = 9

iteration: 43
best: [1000.0, 1000.0, 1000.0, 1000.0, 1000.0, 1000.0, 1000.0, 1000.0, 1000.0, 1000.0, 1000.0, 1000.0, 1000.0, 54.47]
time: [6.18, 8.38, 12.81, 19.11, 29.88, 44.87, 1000, 1000, 1000, 1000, 1000, 1000, 1000, 1000]
current_hyper_parameter
v: [12.0, 12.0, 11.95, 12.0, 17.3, 23.71, 12.0, 12.0, 12.0, 12.0, 12.0, 12.0, 22.79, 12.0]
a: [88.42, 50.0, 50.0, 139.41, 76.8, 142.43, 50.0, 50.0, 50.0, 50.0, 50.0, 50.0, 50.0, 50.0]
d: [3.5, 3.5, 3.5, 3.5, 3.5, 3.5, 3.5, 3.5, 3.5, 3.5, 3.5, 3.5, 3.5, 2.0]
BEST_hyper_parameter
v: [12.0, 12.0, 11.95, 12.0, 17.3, 30.02, 12.0, 12.0, 12.0, 12.0, 12.0, 12.0, 22.79, 12.0]
a: [88.42, 50.0, 50.0, 139.41, 76.8, 142.43, 50.0, 50.0, 50.0, 50.0, 50.0, 50.0, 50.0, 50.0]
d: [3.5, 3.5, 3.5, 3.5, 3.5, 3.5, 3.5, 3.5, 3.5, 3.5, 3.5, 3.5, 3.5, 2.0]
random_idx_1 = 0, random_idx_2 = 8
random_idx_1 = 2, random_idx_2 = 8

iteration: 44
best: [1000.0, 1000.0, 1000.0, 1000.0, 1000.0, 1000.0, 1000.0, 1000.0, 1000.0, 1000.0, 1000.0, 1000.0, 1000.0, 54.47]
time: [6.33, 8.57, 12.9, 1000, 1000, 1000, 1000, 1000, 1000, 1000, 1000, 1000, 1000, 1000]
current_hyper_parameter
v: [12.0, 12.0, 11.95, 12.0, 17.3, 30.02, 12.0, 12.0, 16.66, 12.0, 12.0, 12.0, 22.79, 12.0]
a: [88.42, 50.0, 50.0, 139.41, 76.8, 142.43, 50.0, 50.0, 50.0, 50.0, 50.0, 50.0, 50.0, 50.0]
d: [3.5, 3.5, 3.5, 3.5, 3.5, 3.5, 3.5, 3.5, 3.5, 3.5, 3.5, 3.5, 3.5, 2.0]
BEST_hyper_parameter
v: [12.0, 12.0, 11.95, 12.0, 17.3, 30.02, 12.0, 12.0, 12.0, 12.0, 12.0, 12.0, 22.79, 12.0]
a: [88.42, 50.0, 50.0, 139.41, 76.8, 142.43, 50.0, 50.0, 50.0, 50.0, 50.0, 50.0, 50.0, 50.0]
d: [3.5, 3.5, 3.5, 3.5, 3.5, 3.5, 3.5, 3.5, 3.5, 3.5, 3.5, 3.5, 3.5, 2.0]
random_idx_1 = 2, random_idx_2 = 10
random_idx_1 = 2, random_idx_2 = 8

iteration: 45
best: [1000.0, 1000.0, 1000.0, 1000.0, 1000.0, 1000.0, 1000.0, 1000.0, 1000.0, 1000.0, 1000.0, 1000.0, 1000.0, 54.47]
time: [6.23, 8.45, 12.84, 16.22, 25.33, 27.93, 42.54, 46.45, 48.69, 51.35, 56.19, 1000, 1000, 1000]
current_hyper_parameter
v: [12.0, 12.0, 11.95, 12.0, 17.3, 30.02, 12.0, 12.0, 12.0, 12.0, 12.0, 12.0, 22.79, 12.0]
a: [88.42, 50.0, 50.0, 139.41, 76.8, 142.43, 50.0, 50.0, 50.0, 50.0, 50.0, 50.0, 50.0, 50.0]
d: [3.5, 3.5, 3.5, 3.5, 3.5, 3.5, 3.5, 3.5, 3.5, 3.5, 3.5, 3.5, 3.5, 2.0]
BEST_hyper_parameter
v: [12.0, 12.0, 11.95, 12.0, 17.3, 30.02, 12.0, 12.0, 12.0, 12.0, 12.0, 12.0, 22.79, 12.0]
a: [88.42, 50.0, 50.0, 139.41, 76.8, 142.43, 50.0, 50.0, 50.0, 50.0, 50.0, 50.0, 50.0, 50.0]
d: [3.5, 3.5, 3.5, 3.5, 3.5, 3.5, 3.5, 3.5, 3.5, 3.5, 3.5, 3.5, 3.5, 2.0]
random_idx_1 = 0, random_idx_2 = 13
random_idx_1 = 0, random_idx_2 = 8

iteration: 46
best: [1000.0, 1000.0, 1000.0, 1000.0, 1000.0, 1000.0, 1000.0, 1000.0, 1000.0, 1000.0, 1000.0, 1000.0, 1000.0, 54.47]
time: [6.33, 8.56, 12.88, 19.28, 25.35, 27.93, 42.63, 46.56, 48.7, 51.21, 56.1, 1000, 1000, 1000]
current_hyper_parameter
v: [12.0, 12.0, 11.95, 12.0, 17.3, 30.02, 12.0, 12.0, 16.21, 12.0, 12.0, 12.0, 22.79, 10.94]
a: [88.42, 50.0, 50.0, 139.41, 76.8, 142.43, 50.0, 50.0, 50.0, 50.0, 50.0, 50.0, 50.0, 50.0]
d: [3.5, 3.5, 3.5, 3.5, 3.5, 3.5, 3.5, 3.5, 3.5, 3.5, 3.5, 3.5, 3.5, 2.0]
BEST_hyper_parameter
v: [12.0, 12.0, 11.95, 12.0, 17.3, 30.02, 12.0, 12.0, 12.0, 12.0, 12.0, 12.0, 22.79, 12.0]
a: [88.42, 50.0, 50.0, 139.41, 76.8, 142.43, 50.0, 50.0, 50.0, 50.0, 50.0, 50.0, 50.0, 50.0]
d: [3.5, 3.5, 3.5, 3.5, 3.5, 3.5, 3.5, 3.5, 3.5, 3.5, 3.5, 3.5, 3.5, 2.0]
random_idx_1 = 2, random_idx_2 = 13
random_idx_1 = 2, random_idx_2 = 0

iteration: 47
best: [1000.0, 1000.0, 1000.0, 1000.0, 1000.0, 1000.0, 1000.0, 1000.0, 1000.0, 1000.0, 1000.0, 1000.0, 1000.0, 54.47]
time: [6.33, 8.58, 12.93, 19.34, 25.41, 27.97, 42.42, 46.49, 48.73, 51.45, 53.39, 1000, 1000, 1000]
current_hyper_parameter
v: [12.0, 12.0, 11.95, 12.0, 17.3, 30.02, 12.0, 12.0, 12.0, 12.0, 12.0, 12.0, 22.79, 12.0]
a: [88.42, 50.0, 50.0, 139.41, 76.8, 142.43, 50.0, 50.0, 50.0, 50.0, 50.0, 50.0, 50.0, 50.0]
d: [3.5, 3.5, 3.5, 3.5, 3.5, 3.5, 3.5, 3.5, 3.5, 3.5, 3.5, 3.5, 3.5, 2.0]
BEST_hyper_parameter
v: [12.0, 12.0, 11.95, 12.0, 17.3, 30.02, 12.0, 12.0, 12.0, 12.0, 12.0, 12.0, 22.79, 12.0]
a: [88.42, 50.0, 50.0, 139.41, 76.8, 142.43, 50.0, 50.0, 50.0, 50.0, 50.0, 50.0, 50.0, 50.0]
d: [3.5, 3.5, 3.5, 3.5, 3.5, 3.5, 3.5, 3.5, 3.5, 3.5, 3.5, 3.5, 3.5, 2.0]
random_idx_1 = 1, random_idx_2 = 5
random_idx_1 = 1, random_idx_2 = 1

iteration: 48
best: [1000.0, 1000.0, 1000.0, 1000.0, 1000.0, 1000.0, 1000.0, 1000.0, 1000.0, 1000.0, 1000.0, 1000.0, 1000.0, 54.47]
time: [6.19, 8.22, 12.26, 15.41, 18.37, 21.44, 35.03, 38.97, 41.17, 43.8, 45.54, 48.5, 51.11, 52.98]
current_hyper_parameter
v: [12.0, 12.0, 11.95, 12.0, 17.3, 30.02, 12.0, 12.0, 12.0, 12.0, 12.0, 12.0, 22.79, 12.0]
a: [88.42, 88.6, 50.0, 139.41, 76.8, 147.83, 50.0, 50.0, 50.0, 50.0, 50.0, 50.0, 50.0, 50.0]
d: [3.5, 3.5, 3.5, 3.5, 3.5, 3.5, 3.5, 3.5, 3.5, 3.5, 3.5, 3.5, 3.5, 2.0]
BEST_hyper_parameter
v: [12.0, 12.0, 11.95, 12.0, 17.3, 30.02, 12.0, 12.0, 12.0, 12.0, 12.0, 12.0, 22.79, 12.0]
a: [88.42, 50.0, 50.0, 139.41, 76.8, 142.43, 50.0, 50.0, 50.0, 50.0, 50.0, 50.0, 50.0, 50.0]
d: [3.5, 3.5, 3.5, 3.5, 3.5, 3.5, 3.5, 3.5, 3.5, 3.5, 3.5, 3.5, 3.5, 2.0]
random_idx_1 = 1, random_idx_2 = 5
random_idx_1 = 1, random_idx_2 = 5

iteration: 49
best: [1000.0, 1000.0, 1000.0, 1000.0, 1000.0, 1000.0, 1000.0, 1000.0, 1000.0, 1000.0, 1000.0, 1000.0, 1000.0, 52.98]
time: [6.33, 8.39, 12.48, 18.89, 26.04, 32.06, 52.84, 1000, 1000, 1000, 1000, 1000, 1000, 1000]
current_hyper_parameter
v: [12.0, 12.0, 11.95, 12.0, 17.3, 30.02, 12.0, 12.0, 12.0, 12.0, 12.0, 12.0, 22.79, 12.0]
a: [88.42, 88.6, 50.0, 139.41, 76.8, 44.53, 50.0, 50.0, 50.0, 50.0, 50.0, 50.0, 50.0, 50.0]
d: [3.5, 3.5, 3.5, 3.5, 3.5, 3.5, 3.5, 3.5, 3.5, 3.5, 3.5, 3.5, 3.5, 2.0]
BEST_hyper_parameter
v: [12.0, 12.0, 11.95, 12.0, 17.3, 30.02, 12.0, 12.0, 12.0, 12.0, 12.0, 12.0, 22.79, 12.0]
a: [88.42, 88.6, 50.0, 139.41, 76.8, 147.83, 50.0, 50.0, 50.0, 50.0, 50.0, 50.0, 50.0, 50.0]
d: [3.5, 3.5, 3.5, 3.5, 3.5, 3.5, 3.5, 3.5, 3.5, 3.5, 3.5, 3.5, 3.5, 2.0]
random_idx_1 = 1, random_idx_2 = 4
random_idx_1 = 2, random_idx_2 = 12

iteration: 50
best: [1000.0, 1000.0, 1000.0, 1000.0, 1000.0, 1000.0, 1000.0, 1000.0, 1000.0, 1000.0, 1000.0, 1000.0, 1000.0, 52.98]
time: [6.34, 8.43, 12.51, 15.78, 18.79, 21.95, 35.45, 39.37, 41.55, 44.2, 46.02, 48.96, 51.6, 53.45]
current_hyper_parameter
v: [12.0, 12.0, 11.95, 12.0, 17.3, 30.02, 12.0, 12.0, 12.0, 12.0, 12.0, 12.0, 22.79, 12.0]
a: [88.42, 88.6, 50.0, 139.41, 83.43, 147.83, 50.0, 50.0, 50.0, 50.0, 50.0, 50.0, 50.0, 50.0]
d: [3.5, 3.5, 3.5, 3.5, 3.5, 3.5, 3.5, 3.5, 3.5, 3.5, 3.5, 3.5, 3.5, 2.0]
BEST_hyper_parameter
v: [12.0, 12.0, 11.95, 12.0, 17.3, 30.02, 12.0, 12.0, 12.0, 12.0, 12.0, 12.0, 22.79, 12.0]
a: [88.42, 88.6, 50.0, 139.41, 76.8, 147.83, 50.0, 50.0, 50.0, 50.0, 50.0, 50.0, 50.0, 50.0]
d: [3.5, 3.5, 3.5, 3.5, 3.5, 3.5, 3.5, 3.5, 3.5, 3.5, 3.5, 3.5, 3.5, 2.0]
random_idx_1 = 1, random_idx_2 = 10
random_idx_1 = 1, random_idx_2 = 6

iteration: 51
best: [1000.0, 1000.0, 1000.0, 1000.0, 1000.0, 1000.0, 1000.0, 1000.0, 1000.0, 1000.0, 1000.0, 1000.0, 1000.0, 52.98]
time: [6.33, 8.39, 12.52, 18.91, 1000, 1000, 1000, 1000, 1000, 1000, 1000, 1000, 1000, 1000]
current_hyper_parameter
v: [12.0, 12.0, 11.95, 12.0, 17.3, 30.02, 12.0, 12.0, 12.0, 12.0, 12.0, 12.0, 22.79, 12.0]
a: [88.42, 88.6, 50.0, 139.41, 76.8, 147.83, 156.12, 50.0, 50.0, 50.0, 147.91, 50.0, 50.0, 50.0]
d: [3.5, 3.5, 3.5, 3.5, 3.5, 3.5, 3.5, 3.5, 3.5, 3.5, 3.5, 3.5, 3.5, 2.0]
BEST_hyper_parameter
v: [12.0, 12.0, 11.95, 12.0, 17.3, 30.02, 12.0, 12.0, 12.0, 12.0, 12.0, 12.0, 22.79, 12.0]
a: [88.42, 88.6, 50.0, 139.41, 76.8, 147.83, 50.0, 50.0, 50.0, 50.0, 50.0, 50.0, 50.0, 50.0]
d: [3.5, 3.5, 3.5, 3.5, 3.5, 3.5, 3.5, 3.5, 3.5, 3.5, 3.5, 3.5, 3.5, 2.0]
random_idx_1 = 0, random_idx_2 = 4
random_idx_1 = 0, random_idx_2 = 12
