
iteration: 1
best: [1000.0, 1000.0, 1000.0, 1000.0, 1000.0, 1000.0, 1000.0, 1000.0, 1000.0, 1000.0, 1000.0, 1000.0, 1000.0, 52.98]
time: [6.2, 8.29, 12.36, 15.59, 18.59, 21.66, 35.33, 39.46, 41.73, 44.46, 46.74, 49.68, 55.34, 1000]
current_hyper_parameter
v: [12.0, 12.0, 11.95, 12.0, 17.3, 30.02, 12.0, 12.0, 12.0, 12.0, 12.0, 12.0, 22.79, 12.0]
a: [88.42, 88.6, 50.0, 139.41, 76.8, 147.83, 50.0, 50.0, 50.0, 50.0, 50.0, 50.0, 50.0, 50.0]
d: [3.5, 3.5, 3.5, 3.5, 3.5, 3.5, 3.5, 3.5, 3.5, 3.5, 3.5, 3.5, 3.5, 2.0]
BEST_hyper_parameter
v: [12.0, 12.0, 11.95, 12.0, 17.3, 30.02, 12.0, 12.0, 12.0, 12.0, 12.0, 12.0, 22.79, 12.0]
a: [88.42, 88.6, 50.0, 139.41, 76.8, 147.83, 50.0, 50.0, 50.0, 50.0, 50.0, 50.0, 50.0, 50.0]
d: [3.5, 3.5, 3.5, 3.5, 3.5, 3.5, 3.5, 3.5, 3.5, 3.5, 3.5, 3.5, 3.5, 2.0]
random_idx_1 = 0, random_idx_2 = 3
random_idx_1 = 1, random_idx_2 = 2

iteration: 2
best: [1000.0, 1000.0, 1000.0, 1000.0, 1000.0, 1000.0, 1000.0, 1000.0, 1000.0, 1000.0, 1000.0, 1000.0, 1000.0, 52.98]
time: [6.24, 8.29, 12.14, 18.1, 21.82, 24.35, 41.85, 46.05, 48.33, 50.95, 52.89, 1000, 1000, 1000]
current_hyper_parameter
v: [12.0, 12.0, 11.95, 27.12, 17.3, 30.02, 12.0, 12.0, 12.0, 12.0, 12.0, 12.0, 22.79, 12.0]
a: [88.42, 88.6, 106.03, 139.41, 76.8, 147.83, 50.0, 50.0, 50.0, 50.0, 50.0, 50.0, 50.0, 50.0]
d: [3.5, 3.5, 3.5, 3.5, 3.5, 3.5, 3.5, 3.5, 3.5, 3.5, 3.5, 3.5, 3.5, 2.0]
BEST_hyper_parameter
v: [12.0, 12.0, 11.95, 12.0, 17.3, 30.02, 12.0, 12.0, 12.0, 12.0, 12.0, 12.0, 22.79, 12.0]
a: [88.42, 88.6, 50.0, 139.41, 76.8, 147.83, 50.0, 50.0, 50.0, 50.0, 50.0, 50.0, 50.0, 50.0]
d: [3.5, 3.5, 3.5, 3.5, 3.5, 3.5, 3.5, 3.5, 3.5, 3.5, 3.5, 3.5, 3.5, 2.0]
random_idx_1 = 1, random_idx_2 = 5
random_idx_1 = 0, random_idx_2 = 13

iteration: 3
best: [1000.0, 1000.0, 1000.0, 1000.0, 1000.0, 1000.0, 1000.0, 1000.0, 1000.0, 1000.0, 1000.0, 1000.0, 1000.0, 52.98]
time: [6.23, 8.3, 12.46, 18.8, 23.02, 26.32, 46.22, 50.3, 52.55, 1000, 1000, 1000, 1000, 1000]
current_hyper_parameter
v: [12.0, 12.0, 11.95, 12.0, 17.3, 30.02, 12.0, 12.0, 12.0, 12.0, 12.0, 12.0, 22.79, 30.8]
a: [88.42, 88.6, 50.0, 139.41, 76.8, 97.17, 50.0, 50.0, 50.0, 50.0, 50.0, 50.0, 50.0, 50.0]
d: [3.5, 3.5, 3.5, 3.5, 3.5, 3.5, 3.5, 3.5, 3.5, 3.5, 3.5, 3.5, 3.5, 2.0]
BEST_hyper_parameter
v: [12.0, 12.0, 11.95, 12.0, 17.3, 30.02, 12.0, 12.0, 12.0, 12.0, 12.0, 12.0, 22.79, 12.0]
a: [88.42, 88.6, 50.0, 139.41, 76.8, 147.83, 50.0, 50.0, 50.0, 50.0, 50.0, 50.0, 50.0, 50.0]
d: [3.5, 3.5, 3.5, 3.5, 3.5, 3.5, 3.5, 3.5, 3.5, 3.5, 3.5, 3.5, 3.5, 2.0]
random_idx_1 = 0, random_idx_2 = 0
random_idx_1 = 0, random_idx_2 = 5

iteration: 4
best: [1000.0, 1000.0, 1000.0, 1000.0, 1000.0, 1000.0, 1000.0, 1000.0, 1000.0, 1000.0, 1000.0, 1000.0, 1000.0, 52.98]
time: [5.87, 7.67, 11.5, 17.92, 1000, 1000, 1000, 1000, 1000, 1000, 1000, 1000, 1000, 1000]
current_hyper_parameter
v: [23.55, 12.0, 11.95, 12.0, 17.3, 16.55, 12.0, 12.0, 12.0, 12.0, 12.0, 12.0, 22.79, 12.0]
a: [88.42, 88.6, 50.0, 139.41, 76.8, 147.83, 50.0, 50.0, 50.0, 50.0, 50.0, 50.0, 50.0, 50.0]
d: [3.5, 3.5, 3.5, 3.5, 3.5, 3.5, 3.5, 3.5, 3.5, 3.5, 3.5, 3.5, 3.5, 2.0]
BEST_hyper_parameter
v: [12.0, 12.0, 11.95, 12.0, 17.3, 30.02, 12.0, 12.0, 12.0, 12.0, 12.0, 12.0, 22.79, 12.0]
a: [88.42, 88.6, 50.0, 139.41, 76.8, 147.83, 50.0, 50.0, 50.0, 50.0, 50.0, 50.0, 50.0, 50.0]
d: [3.5, 3.5, 3.5, 3.5, 3.5, 3.5, 3.5, 3.5, 3.5, 3.5, 3.5, 3.5, 3.5, 2.0]
random_idx_1 = 0, random_idx_2 = 11
random_idx_1 = 1, random_idx_2 = 11

iteration: 5
best: [1000.0, 1000.0, 1000.0, 1000.0, 1000.0, 1000.0, 1000.0, 1000.0, 1000.0, 1000.0, 1000.0, 1000.0, 1000.0, 52.98]
time: [6.23, 8.31, 12.48, 1000, 1000, 1000, 1000, 1000, 1000, 1000, 1000, 1000, 1000, 1000]
current_hyper_parameter
v: [12.0, 12.0, 11.95, 12.0, 17.3, 30.02, 12.0, 12.0, 12.0, 12.0, 12.0, 11.24, 22.79, 12.0]
a: [88.42, 88.6, 50.0, 139.41, 76.8, 147.83, 50.0, 50.0, 50.0, 50.0, 50.0, 107.18, 50.0, 50.0]
d: [3.5, 3.5, 3.5, 3.5, 3.5, 3.5, 3.5, 3.5, 3.5, 3.5, 3.5, 3.5, 3.5, 2.0]
BEST_hyper_parameter
v: [12.0, 12.0, 11.95, 12.0, 17.3, 30.02, 12.0, 12.0, 12.0, 12.0, 12.0, 12.0, 22.79, 12.0]
a: [88.42, 88.6, 50.0, 139.41, 76.8, 147.83, 50.0, 50.0, 50.0, 50.0, 50.0, 50.0, 50.0, 50.0]
d: [3.5, 3.5, 3.5, 3.5, 3.5, 3.5, 3.5, 3.5, 3.5, 3.5, 3.5, 3.5, 3.5, 2.0]
random_idx_1 = 2, random_idx_2 = 7
random_idx_1 = 2, random_idx_2 = 4

iteration: 6
best: [1000.0, 1000.0, 1000.0, 1000.0, 1000.0, 1000.0, 1000.0, 1000.0, 1000.0, 1000.0, 1000.0, 1000.0, 1000.0, 52.98]
time: [6.22, 8.3, 12.45, 15.77, 18.88, 21.99, 35.41, 39.29, 41.52, 44.2, 45.99, 48.96, 51.5, 53.33]
current_hyper_parameter
v: [12.0, 12.0, 11.95, 12.0, 17.3, 30.02, 12.0, 12.0, 12.0, 12.0, 12.0, 12.0, 22.79, 12.0]
a: [88.42, 88.6, 50.0, 139.41, 76.8, 147.83, 50.0, 50.0, 50.0, 50.0, 50.0, 50.0, 50.0, 50.0]
d: [3.5, 3.5, 3.5, 3.5, 3.5, 3.5, 3.5, 3.5, 3.5, 3.5, 3.5, 3.5, 3.5, 2.0]
BEST_hyper_parameter
v: [12.0, 12.0, 11.95, 12.0, 17.3, 30.02, 12.0, 12.0, 12.0, 12.0, 12.0, 12.0, 22.79, 12.0]
a: [88.42, 88.6, 50.0, 139.41, 76.8, 147.83, 50.0, 50.0, 50.0, 50.0, 50.0, 50.0, 50.0, 50.0]
d: [3.5, 3.5, 3.5, 3.5, 3.5, 3.5, 3.5, 3.5, 3.5, 3.5, 3.5, 3.5, 3.5, 2.0]
random_idx_1 = 2, random_idx_2 = 0
random_idx_1 = 2, random_idx_2 = 1

iteration: 7
best: [1000.0, 1000.0, 1000.0, 1000.0, 1000.0, 1000.0, 1000.0, 1000.0, 1000.0, 1000.0, 1000.0, 1000.0, 1000.0, 52.98]
time: [6.22, 8.25, 12.31, 18.79, 1000, 1000, 1000, 1000, 1000, 1000, 1000, 1000, 1000, 1000]
current_hyper_parameter
v: [12.0, 12.0, 11.95, 12.0, 17.3, 30.02, 12.0, 12.0, 12.0, 12.0, 12.0, 12.0, 22.79, 12.0]
a: [88.42, 88.6, 50.0, 139.41, 76.8, 147.83, 50.0, 50.0, 50.0, 50.0, 50.0, 50.0, 50.0, 50.0]
d: [3.5, 3.5, 3.5, 3.5, 3.5, 3.5, 3.5, 3.5, 3.5, 3.5, 3.5, 3.5, 3.5, 2.0]
BEST_hyper_parameter
v: [12.0, 12.0, 11.95, 12.0, 17.3, 30.02, 12.0, 12.0, 12.0, 12.0, 12.0, 12.0, 22.79, 12.0]
a: [88.42, 88.6, 50.0, 139.41, 76.8, 147.83, 50.0, 50.0, 50.0, 50.0, 50.0, 50.0, 50.0, 50.0]
d: [3.5, 3.5, 3.5, 3.5, 3.5, 3.5, 3.5, 3.5, 3.5, 3.5, 3.5, 3.5, 3.5, 2.0]
random_idx_1 = 2, random_idx_2 = 3
random_idx_1 = 0, random_idx_2 = 6

iteration: 8
best: [1000.0, 1000.0, 1000.0, 1000.0, 1000.0, 1000.0, 1000.0, 1000.0, 1000.0, 1000.0, 1000.0, 1000.0, 1000.0, 52.98]
time: [6.36, 8.45, 12.55, 15.85, 26.98, 1000, 1000, 1000, 1000, 1000, 1000, 1000, 1000, 1000]
current_hyper_parameter
v: [12.0, 12.0, 11.95, 12.0, 17.3, 30.02, 13.28, 12.0, 12.0, 12.0, 12.0, 12.0, 22.79, 12.0]
a: [88.42, 88.6, 50.0, 139.41, 76.8, 147.83, 50.0, 50.0, 50.0, 50.0, 50.0, 50.0, 50.0, 50.0]
d: [3.5, 3.5, 3.5, 3.5, 3.5, 3.5, 3.5, 3.5, 3.5, 3.5, 3.5, 3.5, 3.5, 2.0]
BEST_hyper_parameter
v: [12.0, 12.0, 11.95, 12.0, 17.3, 30.02, 12.0, 12.0, 12.0, 12.0, 12.0, 12.0, 22.79, 12.0]
a: [88.42, 88.6, 50.0, 139.41, 76.8, 147.83, 50.0, 50.0, 50.0, 50.0, 50.0, 50.0, 50.0, 50.0]
d: [3.5, 3.5, 3.5, 3.5, 3.5, 3.5, 3.5, 3.5, 3.5, 3.5, 3.5, 3.5, 3.5, 2.0]
random_idx_1 = 1, random_idx_2 = 2
random_idx_1 = 0, random_idx_2 = 9

iteration: 9
best: [1000.0, 1000.0, 1000.0, 1000.0, 1000.0, 1000.0, 1000.0, 1000.0, 1000.0, 1000.0, 1000.0, 1000.0, 1000.0, 52.98]
time: [6.23, 8.3, 12.9, 16.35, 19.38, 22.52, 51.58, 1000, 1000, 1000, 1000, 1000, 1000, 1000]
current_hyper_parameter
v: [12.0, 12.0, 11.95, 12.0, 17.3, 30.02, 12.0, 12.0, 12.0, 28.87, 12.0, 12.0, 22.79, 12.0]
a: [88.42, 88.6, 21.15, 139.41, 76.8, 147.83, 50.0, 50.0, 50.0, 50.0, 50.0, 50.0, 50.0, 50.0]
d: [3.5, 3.5, 3.5, 3.5, 3.5, 3.5, 3.5, 3.5, 3.5, 3.5, 3.5, 3.5, 3.5, 2.0]
BEST_hyper_parameter
v: [12.0, 12.0, 11.95, 12.0, 17.3, 30.02, 12.0, 12.0, 12.0, 12.0, 12.0, 12.0, 22.79, 12.0]
a: [88.42, 88.6, 50.0, 139.41, 76.8, 147.83, 50.0, 50.0, 50.0, 50.0, 50.0, 50.0, 50.0, 50.0]
d: [3.5, 3.5, 3.5, 3.5, 3.5, 3.5, 3.5, 3.5, 3.5, 3.5, 3.5, 3.5, 3.5, 2.0]
random_idx_1 = 2, random_idx_2 = 6
random_idx_1 = 0, random_idx_2 = 10

iteration: 10
best: [1000.0, 1000.0, 1000.0, 1000.0, 1000.0, 1000.0, 1000.0, 1000.0, 1000.0, 1000.0, 1000.0, 1000.0, 1000.0, 52.98]
time: [6.12, 8.14, 12.2, 19.08, 25.84, 28.34, 43.89, 48.01, 50.28, 52.9, 1000, 1000, 1000, 1000]
current_hyper_parameter
v: [12.0, 12.0, 11.95, 12.0, 17.3, 30.02, 12.0, 12.0, 12.0, 12.0, 10.93, 12.0, 22.79, 12.0]
a: [88.42, 88.6, 50.0, 139.41, 76.8, 147.83, 50.0, 50.0, 50.0, 50.0, 50.0, 50.0, 50.0, 50.0]
d: [3.5, 3.5, 3.5, 3.5, 3.5, 3.5, 3.5, 3.5, 3.5, 3.5, 3.5, 3.5, 3.5, 2.0]
BEST_hyper_parameter
v: [12.0, 12.0, 11.95, 12.0, 17.3, 30.02, 12.0, 12.0, 12.0, 12.0, 12.0, 12.0, 22.79, 12.0]
a: [88.42, 88.6, 50.0, 139.41, 76.8, 147.83, 50.0, 50.0, 50.0, 50.0, 50.0, 50.0, 50.0, 50.0]
d: [3.5, 3.5, 3.5, 3.5, 3.5, 3.5, 3.5, 3.5, 3.5, 3.5, 3.5, 3.5, 3.5, 2.0]
random_idx_1 = 2, random_idx_2 = 3
random_idx_1 = 1, random_idx_2 = 2

iteration: 11
best: [1000.0, 1000.0, 1000.0, 1000.0, 1000.0, 1000.0, 1000.0, 1000.0, 1000.0, 1000.0, 1000.0, 1000.0, 1000.0, 52.98]
time: [6.35, 8.42, 12.34, 15.59, 18.49, 21.51, 35.26, 39.25, 41.48, 44.2, 45.96, 48.93, 51.51, 53.35]
current_hyper_parameter
v: [12.0, 12.0, 11.95, 12.0, 17.3, 30.02, 12.0, 12.0, 12.0, 12.0, 12.0, 12.0, 22.79, 12.0]
a: [88.42, 88.6, 73.35, 139.41, 76.8, 147.83, 50.0, 50.0, 50.0, 50.0, 50.0, 50.0, 50.0, 50.0]
d: [3.5, 3.5, 3.5, 3.5, 3.5, 3.5, 3.5, 3.5, 3.5, 3.5, 3.5, 3.5, 3.5, 2.0]
BEST_hyper_parameter
v: [12.0, 12.0, 11.95, 12.0, 17.3, 30.02, 12.0, 12.0, 12.0, 12.0, 12.0, 12.0, 22.79, 12.0]
a: [88.42, 88.6, 50.0, 139.41, 76.8, 147.83, 50.0, 50.0, 50.0, 50.0, 50.0, 50.0, 50.0, 50.0]
d: [3.5, 3.5, 3.5, 3.5, 3.5, 3.5, 3.5, 3.5, 3.5, 3.5, 3.5, 3.5, 3.5, 2.0]
random_idx_1 = 2, random_idx_2 = 8
random_idx_1 = 0, random_idx_2 = 13

iteration: 12
best: [1000.0, 1000.0, 1000.0, 1000.0, 1000.0, 1000.0, 1000.0, 1000.0, 1000.0, 1000.0, 1000.0, 1000.0, 1000.0, 52.98]
time: [6.24, 8.3, 12.34, 15.61, 22.04, 24.64, 38.63, 42.83, 45.08, 47.82, 49.69, 52.58, 1000, 1000]
current_hyper_parameter
v: [12.0, 12.0, 11.95, 12.0, 17.3, 30.02, 12.0, 12.0, 12.0, 12.0, 12.0, 12.0, 22.79, 23.12]
a: [88.42, 88.6, 50.0, 139.41, 76.8, 147.83, 50.0, 50.0, 50.0, 50.0, 50.0, 50.0, 50.0, 50.0]
d: [3.5, 3.5, 3.5, 3.5, 3.5, 3.5, 3.5, 3.5, 3.5, 3.5, 3.5, 3.5, 3.5, 2.0]
BEST_hyper_parameter
v: [12.0, 12.0, 11.95, 12.0, 17.3, 30.02, 12.0, 12.0, 12.0, 12.0, 12.0, 12.0, 22.79, 12.0]
a: [88.42, 88.6, 50.0, 139.41, 76.8, 147.83, 50.0, 50.0, 50.0, 50.0, 50.0, 50.0, 50.0, 50.0]
d: [3.5, 3.5, 3.5, 3.5, 3.5, 3.5, 3.5, 3.5, 3.5, 3.5, 3.5, 3.5, 3.5, 2.0]
random_idx_1 = 2, random_idx_2 = 8
random_idx_1 = 1, random_idx_2 = 11

iteration: 13
best: [1000.0, 1000.0, 1000.0, 1000.0, 1000.0, 1000.0, 1000.0, 1000.0, 1000.0, 1000.0, 1000.0, 1000.0, 1000.0, 52.98]
time: [6.21, 8.26, 12.26, 15.4, 18.43, 21.57, 34.94, 38.85, 41.04, 43.72, 45.53, 47.83, 50.58, 52.33]
current_hyper_parameter
v: [12.0, 12.0, 11.95, 12.0, 17.3, 30.02, 12.0, 12.0, 12.0, 12.0, 12.0, 12.0, 22.79, 12.0]
a: [88.42, 88.6, 50.0, 139.41, 76.8, 147.83, 50.0, 50.0, 50.0, 50.0, 50.0, 105.78, 50.0, 50.0]
d: [3.5, 3.5, 3.5, 3.5, 3.5, 3.5, 3.5, 3.5, 3.5, 3.5, 3.5, 3.5, 3.5, 2.0]
BEST_hyper_parameter
v: [12.0, 12.0, 11.95, 12.0, 17.3, 30.02, 12.0, 12.0, 12.0, 12.0, 12.0, 12.0, 22.79, 12.0]
a: [88.42, 88.6, 50.0, 139.41, 76.8, 147.83, 50.0, 50.0, 50.0, 50.0, 50.0, 50.0, 50.0, 50.0]
d: [3.5, 3.5, 3.5, 3.5, 3.5, 3.5, 3.5, 3.5, 3.5, 3.5, 3.5, 3.5, 3.5, 2.0]
random_idx_1 = 1, random_idx_2 = 7
random_idx_1 = 0, random_idx_2 = 11

iteration: 14
best: [1000.0, 1000.0, 1000.0, 1000.0, 1000.0, 1000.0, 1000.0, 1000.0, 1000.0, 1000.0, 1000.0, 1000.0, 1000.0, 52.33]
time: [6.37, 8.46, 12.57, 15.87, 18.96, 22.07, 35.51, 39.29, 41.42, 44.24, 46.04, 47.85, 50.68, 52.25]
current_hyper_parameter
v: [12.0, 12.0, 11.95, 12.0, 17.3, 30.02, 12.0, 12.0, 12.0, 12.0, 12.0, 34.65, 22.79, 12.0]
a: [88.42, 88.6, 50.0, 139.41, 76.8, 147.83, 50.0, 69.91, 50.0, 50.0, 50.0, 105.78, 50.0, 50.0]
d: [3.5, 3.5, 3.5, 3.5, 3.5, 3.5, 3.5, 3.5, 3.5, 3.5, 3.5, 3.5, 3.5, 2.0]
BEST_hyper_parameter
v: [12.0, 12.0, 11.95, 12.0, 17.3, 30.02, 12.0, 12.0, 12.0, 12.0, 12.0, 12.0, 22.79, 12.0]
a: [88.42, 88.6, 50.0, 139.41, 76.8, 147.83, 50.0, 50.0, 50.0, 50.0, 50.0, 105.78, 50.0, 50.0]
d: [3.5, 3.5, 3.5, 3.5, 3.5, 3.5, 3.5, 3.5, 3.5, 3.5, 3.5, 3.5, 3.5, 2.0]
random_idx_1 = 0, random_idx_2 = 1
random_idx_1 = 2, random_idx_2 = 1

iteration: 15
best: [1000.0, 1000.0, 1000.0, 1000.0, 1000.0, 1000.0, 1000.0, 1000.0, 1000.0, 1000.0, 1000.0, 1000.0, 1000.0, 52.25]
time: [6.19, 8.08, 11.94, 1000, 1000, 1000, 1000, 1000, 1000, 1000, 1000, 1000, 1000, 1000]
current_hyper_parameter
v: [12.0, 15.33, 11.95, 12.0, 17.3, 30.02, 12.0, 12.0, 12.0, 12.0, 12.0, 34.65, 22.79, 12.0]
a: [88.42, 88.6, 50.0, 139.41, 76.8, 147.83, 50.0, 69.91, 50.0, 50.0, 50.0, 105.78, 50.0, 50.0]
d: [3.5, 3.5, 3.5, 3.5, 3.5, 3.5, 3.5, 3.5, 3.5, 3.5, 3.5, 3.5, 3.5, 2.0]
BEST_hyper_parameter
v: [12.0, 12.0, 11.95, 12.0, 17.3, 30.02, 12.0, 12.0, 12.0, 12.0, 12.0, 34.65, 22.79, 12.0]
a: [88.42, 88.6, 50.0, 139.41, 76.8, 147.83, 50.0, 69.91, 50.0, 50.0, 50.0, 105.78, 50.0, 50.0]
d: [3.5, 3.5, 3.5, 3.5, 3.5, 3.5, 3.5, 3.5, 3.5, 3.5, 3.5, 3.5, 3.5, 2.0]
random_idx_1 = 2, random_idx_2 = 9
random_idx_1 = 2, random_idx_2 = 3

iteration: 16
best: [1000.0, 1000.0, 1000.0, 1000.0, 1000.0, 1000.0, 1000.0, 1000.0, 1000.0, 1000.0, 1000.0, 1000.0, 1000.0, 52.25]
time: [6.18, 8.23, 12.26, 18.59, 1000, 1000, 1000, 1000, 1000, 1000, 1000, 1000, 1000, 1000]
current_hyper_parameter
v: [12.0, 12.0, 11.95, 12.0, 17.3, 30.02, 12.0, 12.0, 12.0, 12.0, 12.0, 34.65, 22.79, 12.0]
a: [88.42, 88.6, 50.0, 139.41, 76.8, 147.83, 50.0, 69.91, 50.0, 50.0, 50.0, 105.78, 50.0, 50.0]
d: [3.5, 3.5, 3.5, 3.5, 3.5, 3.5, 3.5, 3.5, 3.5, 3.5, 3.5, 3.5, 3.5, 2.0]
BEST_hyper_parameter
v: [12.0, 12.0, 11.95, 12.0, 17.3, 30.02, 12.0, 12.0, 12.0, 12.0, 12.0, 34.65, 22.79, 12.0]
a: [88.42, 88.6, 50.0, 139.41, 76.8, 147.83, 50.0, 69.91, 50.0, 50.0, 50.0, 105.78, 50.0, 50.0]
d: [3.5, 3.5, 3.5, 3.5, 3.5, 3.5, 3.5, 3.5, 3.5, 3.5, 3.5, 3.5, 3.5, 2.0]
random_idx_1 = 0, random_idx_2 = 8
random_idx_1 = 1, random_idx_2 = 10

iteration: 17
best: [1000.0, 1000.0, 1000.0, 1000.0, 1000.0, 1000.0, 1000.0, 1000.0, 1000.0, 1000.0, 1000.0, 1000.0, 1000.0, 52.25]
time: [6.3, 8.35, 12.47, 15.81, 21.97, 24.72, 48.11, 52.2, 1000, 1000, 1000, 1000, 1000, 1000]
current_hyper_parameter
v: [12.0, 12.0, 11.95, 12.0, 17.3, 30.02, 12.0, 12.0, 10.15, 12.0, 12.0, 34.65, 22.79, 12.0]
a: [88.42, 88.6, 50.0, 139.41, 76.8, 147.83, 50.0, 69.91, 50.0, 50.0, 108.25, 105.78, 50.0, 50.0]
d: [3.5, 3.5, 3.5, 3.5, 3.5, 3.5, 3.5, 3.5, 3.5, 3.5, 3.5, 3.5, 3.5, 2.0]
BEST_hyper_parameter
v: [12.0, 12.0, 11.95, 12.0, 17.3, 30.02, 12.0, 12.0, 12.0, 12.0, 12.0, 34.65, 22.79, 12.0]
a: [88.42, 88.6, 50.0, 139.41, 76.8, 147.83, 50.0, 69.91, 50.0, 50.0, 50.0, 105.78, 50.0, 50.0]
d: [3.5, 3.5, 3.5, 3.5, 3.5, 3.5, 3.5, 3.5, 3.5, 3.5, 3.5, 3.5, 3.5, 2.0]
random_idx_1 = 1, random_idx_2 = 8
random_idx_1 = 2, random_idx_2 = 11

iteration: 18
best: [1000.0, 1000.0, 1000.0, 1000.0, 1000.0, 1000.0, 1000.0, 1000.0, 1000.0, 1000.0, 1000.0, 1000.0, 1000.0, 52.25]
time: [6.19, 8.24, 12.3, 18.99, 22.81, 25.36, 41.05, 44.85, 46.84, 49.34, 51.32, 1000, 1000, 1000]
current_hyper_parameter
v: [12.0, 12.0, 11.95, 12.0, 17.3, 30.02, 12.0, 12.0, 12.0, 12.0, 12.0, 34.65, 22.79, 12.0]
a: [88.42, 88.6, 50.0, 139.41, 76.8, 147.83, 50.0, 69.91, 157.29, 50.0, 50.0, 105.78, 50.0, 50.0]
d: [3.5, 3.5, 3.5, 3.5, 3.5, 3.5, 3.5, 3.5, 3.5, 3.5, 3.5, 3.5, 3.5, 2.0]
BEST_hyper_parameter
v: [12.0, 12.0, 11.95, 12.0, 17.3, 30.02, 12.0, 12.0, 12.0, 12.0, 12.0, 34.65, 22.79, 12.0]
a: [88.42, 88.6, 50.0, 139.41, 76.8, 147.83, 50.0, 69.91, 50.0, 50.0, 50.0, 105.78, 50.0, 50.0]
d: [3.5, 3.5, 3.5, 3.5, 3.5, 3.5, 3.5, 3.5, 3.5, 3.5, 3.5, 3.5, 3.5, 2.0]
random_idx_1 = 2, random_idx_2 = 8
random_idx_1 = 1, random_idx_2 = 12

iteration: 19
best: [1000.0, 1000.0, 1000.0, 1000.0, 1000.0, 1000.0, 1000.0, 1000.0, 1000.0, 1000.0, 1000.0, 1000.0, 1000.0, 52.25]
time: [6.36, 8.48, 12.53, 15.81, 26.21, 28.39, 43.29, 47.31, 49.55, 52.26, 53.87, 1000, 1000, 1000]
current_hyper_parameter
v: [12.0, 12.0, 11.95, 12.0, 17.3, 30.02, 12.0, 12.0, 12.0, 12.0, 12.0, 34.65, 22.79, 12.0]
a: [88.42, 88.6, 50.0, 139.41, 76.8, 147.83, 50.0, 69.91, 50.0, 50.0, 50.0, 105.78, 87.36, 50.0]
d: [3.5, 3.5, 3.5, 3.5, 3.5, 3.5, 3.5, 3.5, 3.5, 3.5, 3.5, 3.5, 3.5, 2.0]
BEST_hyper_parameter
v: [12.0, 12.0, 11.95, 12.0, 17.3, 30.02, 12.0, 12.0, 12.0, 12.0, 12.0, 34.65, 22.79, 12.0]
a: [88.42, 88.6, 50.0, 139.41, 76.8, 147.83, 50.0, 69.91, 50.0, 50.0, 50.0, 105.78, 50.0, 50.0]
d: [3.5, 3.5, 3.5, 3.5, 3.5, 3.5, 3.5, 3.5, 3.5, 3.5, 3.5, 3.5, 3.5, 2.0]
random_idx_1 = 0, random_idx_2 = 0
random_idx_1 = 2, random_idx_2 = 2

iteration: 20
best: [1000.0, 1000.0, 1000.0, 1000.0, 1000.0, 1000.0, 1000.0, 1000.0, 1000.0, 1000.0, 1000.0, 1000.0, 1000.0, 52.25]
time: [5.92, 7.73, 11.57, 14.81, 17.94, 20.99, 34.8, 38.62, 40.88, 43.74, 45.54, 47.27, 50.1, 51.73]
current_hyper_parameter
v: [21.43, 12.0, 11.95, 12.0, 17.3, 30.02, 12.0, 12.0, 12.0, 12.0, 12.0, 34.65, 22.79, 12.0]
a: [88.42, 88.6, 50.0, 139.41, 76.8, 147.83, 50.0, 69.91, 50.0, 50.0, 50.0, 105.78, 50.0, 50.0]
d: [3.5, 3.5, 3.7, 3.5, 3.5, 3.5, 3.5, 3.5, 3.5, 3.5, 3.5, 3.5, 3.5, 2.0]
BEST_hyper_parameter
v: [12.0, 12.0, 11.95, 12.0, 17.3, 30.02, 12.0, 12.0, 12.0, 12.0, 12.0, 34.65, 22.79, 12.0]
a: [88.42, 88.6, 50.0, 139.41, 76.8, 147.83, 50.0, 69.91, 50.0, 50.0, 50.0, 105.78, 50.0, 50.0]
d: [3.5, 3.5, 3.5, 3.5, 3.5, 3.5, 3.5, 3.5, 3.5, 3.5, 3.5, 3.5, 3.5, 2.0]
random_idx_1 = 0, random_idx_2 = 7
random_idx_1 = 1, random_idx_2 = 3

iteration: 21
best: [1000.0, 1000.0, 1000.0, 1000.0, 1000.0, 1000.0, 1000.0, 1000.0, 1000.0, 1000.0, 1000.0, 1000.0, 1000.0, 51.73]
time: [5.98, 7.79, 11.74, 15.83, 18.99, 21.99, 35.83, 39.1, 45.83, 49.13, 50.97, 1000, 1000, 1000]
current_hyper_parameter
v: [21.43, 12.0, 11.95, 12.0, 17.3, 30.02, 12.0, 34.54, 12.0, 12.0, 12.0, 34.65, 22.79, 12.0]
a: [88.42, 88.6, 50.0, 28.83, 76.8, 147.83, 50.0, 69.91, 50.0, 50.0, 50.0, 105.78, 50.0, 50.0]
d: [3.5, 3.5, 3.7, 3.5, 3.5, 3.5, 3.5, 3.5, 3.5, 3.5, 3.5, 3.5, 3.5, 2.0]
BEST_hyper_parameter
v: [21.43, 12.0, 11.95, 12.0, 17.3, 30.02, 12.0, 12.0, 12.0, 12.0, 12.0, 34.65, 22.79, 12.0]
a: [88.42, 88.6, 50.0, 139.41, 76.8, 147.83, 50.0, 69.91, 50.0, 50.0, 50.0, 105.78, 50.0, 50.0]
d: [3.5, 3.5, 3.7, 3.5, 3.5, 3.5, 3.5, 3.5, 3.5, 3.5, 3.5, 3.5, 3.5, 2.0]
random_idx_1 = 0, random_idx_2 = 9
random_idx_1 = 1, random_idx_2 = 6

iteration: 22
best: [1000.0, 1000.0, 1000.0, 1000.0, 1000.0, 1000.0, 1000.0, 1000.0, 1000.0, 1000.0, 1000.0, 1000.0, 1000.0, 51.73]
time: [5.89, 7.67, 11.45, 17.78, 23.83, 26.36, 41.08, 44.63, 46.67, 49.07, 51.11, 52.77, 1000, 1000]
current_hyper_parameter
v: [21.43, 12.0, 11.95, 12.0, 17.3, 30.02, 12.0, 12.0, 12.0, 17.01, 12.0, 34.65, 22.79, 12.0]
a: [88.42, 88.6, 50.0, 139.41, 76.8, 147.83, 120.42, 69.91, 50.0, 50.0, 50.0, 105.78, 50.0, 50.0]
d: [3.5, 3.5, 3.7, 3.5, 3.5, 3.5, 3.5, 3.5, 3.5, 3.5, 3.5, 3.5, 3.5, 2.0]
BEST_hyper_parameter
v: [21.43, 12.0, 11.95, 12.0, 17.3, 30.02, 12.0, 12.0, 12.0, 12.0, 12.0, 34.65, 22.79, 12.0]
a: [88.42, 88.6, 50.0, 139.41, 76.8, 147.83, 50.0, 69.91, 50.0, 50.0, 50.0, 105.78, 50.0, 50.0]
d: [3.5, 3.5, 3.7, 3.5, 3.5, 3.5, 3.5, 3.5, 3.5, 3.5, 3.5, 3.5, 3.5, 2.0]
random_idx_1 = 0, random_idx_2 = 2
random_idx_1 = 0, random_idx_2 = 2

iteration: 23
best: [1000.0, 1000.0, 1000.0, 1000.0, 1000.0, 1000.0, 1000.0, 1000.0, 1000.0, 1000.0, 1000.0, 1000.0, 1000.0, 51.73]
time: [5.93, 7.79, 12.04, 15.35, 18.35, 21.46, 35.02, 38.74, 43.98, 47.84, 49.52, 51.27, 1000, 1000]
current_hyper_parameter
v: [21.43, 12.0, 9.8, 12.0, 17.3, 30.02, 12.0, 12.0, 12.0, 12.0, 12.0, 34.65, 22.79, 12.0]
a: [88.42, 88.6, 50.0, 139.41, 76.8, 147.83, 50.0, 69.91, 50.0, 50.0, 50.0, 105.78, 50.0, 50.0]
d: [3.5, 3.5, 3.7, 3.5, 3.5, 3.5, 3.5, 3.5, 3.5, 3.5, 3.5, 3.5, 3.5, 2.0]
BEST_hyper_parameter
v: [21.43, 12.0, 11.95, 12.0, 17.3, 30.02, 12.0, 12.0, 12.0, 12.0, 12.0, 34.65, 22.79, 12.0]
a: [88.42, 88.6, 50.0, 139.41, 76.8, 147.83, 50.0, 69.91, 50.0, 50.0, 50.0, 105.78, 50.0, 50.0]
d: [3.5, 3.5, 3.7, 3.5, 3.5, 3.5, 3.5, 3.5, 3.5, 3.5, 3.5, 3.5, 3.5, 2.0]
random_idx_1 = 1, random_idx_2 = 11
random_idx_1 = 0, random_idx_2 = 8

iteration: 24
best: [1000.0, 1000.0, 1000.0, 1000.0, 1000.0, 1000.0, 1000.0, 1000.0, 1000.0, 1000.0, 1000.0, 1000.0, 1000.0, 51.73]
time: [5.96, 7.79, 11.93, 18.29, 25.55, 28.68, 47.53, 51.41, 53.06, 1000, 1000, 1000, 1000, 1000]
current_hyper_parameter
v: [21.43, 12.0, 11.95, 12.0, 17.3, 30.02, 12.0, 12.0, 21.78, 12.0, 12.0, 34.65, 22.79, 12.0]
a: [88.42, 88.6, 50.0, 139.41, 76.8, 147.83, 50.0, 69.91, 50.0, 50.0, 50.0, 110.07, 50.0, 50.0]
d: [3.5, 3.5, 3.7, 3.5, 3.5, 3.5, 3.5, 3.5, 3.5, 3.5, 3.5, 3.5, 3.5, 2.0]
BEST_hyper_parameter
v: [21.43, 12.0, 11.95, 12.0, 17.3, 30.02, 12.0, 12.0, 12.0, 12.0, 12.0, 34.65, 22.79, 12.0]
a: [88.42, 88.6, 50.0, 139.41, 76.8, 147.83, 50.0, 69.91, 50.0, 50.0, 50.0, 105.78, 50.0, 50.0]
d: [3.5, 3.5, 3.7, 3.5, 3.5, 3.5, 3.5, 3.5, 3.5, 3.5, 3.5, 3.5, 3.5, 2.0]
random_idx_1 = 1, random_idx_2 = 0
random_idx_1 = 2, random_idx_2 = 7

iteration: 25
best: [1000.0, 1000.0, 1000.0, 1000.0, 1000.0, 1000.0, 1000.0, 1000.0, 1000.0, 1000.0, 1000.0, 1000.0, 1000.0, 51.73]
time: [5.95, 7.79, 11.94, 18.4, 1000, 1000, 1000, 1000, 1000, 1000, 1000, 1000, 1000, 1000]
current_hyper_parameter
v: [21.43, 12.0, 11.95, 12.0, 17.3, 30.02, 12.0, 12.0, 12.0, 12.0, 12.0, 34.65, 22.79, 12.0]
a: [89.22, 88.6, 50.0, 139.41, 76.8, 147.83, 50.0, 69.91, 50.0, 50.0, 50.0, 105.78, 50.0, 50.0]
d: [3.5, 3.5, 3.7, 3.5, 3.5, 3.5, 3.5, 3.5, 3.5, 3.5, 3.5, 3.5, 3.5, 2.0]
BEST_hyper_parameter
v: [21.43, 12.0, 11.95, 12.0, 17.3, 30.02, 12.0, 12.0, 12.0, 12.0, 12.0, 34.65, 22.79, 12.0]
a: [88.42, 88.6, 50.0, 139.41, 76.8, 147.83, 50.0, 69.91, 50.0, 50.0, 50.0, 105.78, 50.0, 50.0]
d: [3.5, 3.5, 3.7, 3.5, 3.5, 3.5, 3.5, 3.5, 3.5, 3.5, 3.5, 3.5, 3.5, 2.0]
random_idx_1 = 2, random_idx_2 = 8
random_idx_1 = 0, random_idx_2 = 10

iteration: 26
best: [1000.0, 1000.0, 1000.0, 1000.0, 1000.0, 1000.0, 1000.0, 1000.0, 1000.0, 1000.0, 1000.0, 1000.0, 1000.0, 51.73]
time: [5.88, 7.66, 11.5, 17.77, 20.8, 23.89, 38.38, 42.19, 44.5, 47.55, 49.73, 51.42, 1000, 1000]
current_hyper_parameter
v: [21.43, 12.0, 11.95, 12.0, 17.3, 30.02, 12.0, 12.0, 12.0, 12.0, 9.43, 34.65, 22.79, 12.0]
a: [88.42, 88.6, 50.0, 139.41, 76.8, 147.83, 50.0, 69.91, 50.0, 50.0, 50.0, 105.78, 50.0, 50.0]
d: [3.5, 3.5, 3.7, 3.5, 3.5, 3.5, 3.5, 3.5, 3.5, 3.5, 3.5, 3.5, 3.5, 2.0]
BEST_hyper_parameter
v: [21.43, 12.0, 11.95, 12.0, 17.3, 30.02, 12.0, 12.0, 12.0, 12.0, 12.0, 34.65, 22.79, 12.0]
a: [88.42, 88.6, 50.0, 139.41, 76.8, 147.83, 50.0, 69.91, 50.0, 50.0, 50.0, 105.78, 50.0, 50.0]
d: [3.5, 3.5, 3.7, 3.5, 3.5, 3.5, 3.5, 3.5, 3.5, 3.5, 3.5, 3.5, 3.5, 2.0]
random_idx_1 = 0, random_idx_2 = 12
random_idx_1 = 2, random_idx_2 = 1

iteration: 27
best: [1000.0, 1000.0, 1000.0, 1000.0, 1000.0, 1000.0, 1000.0, 1000.0, 1000.0, 1000.0, 1000.0, 1000.0, 1000.0, 51.73]
time: [5.95, 7.8, 11.96, 18.33, 24.37, 26.89, 41.86, 45.76, 47.8, 50.34, 52.3, 1000, 1000, 1000]
current_hyper_parameter
v: [21.43, 12.0, 11.95, 12.0, 17.3, 30.02, 12.0, 12.0, 12.0, 12.0, 12.0, 34.65, 31.24, 12.0]
a: [88.42, 88.6, 50.0, 139.41, 76.8, 147.83, 50.0, 69.91, 50.0, 50.0, 50.0, 105.78, 50.0, 50.0]
d: [3.5, 3.5, 3.7, 3.5, 3.5, 3.5, 3.5, 3.5, 3.5, 3.5, 3.5, 3.5, 3.5, 2.0]
BEST_hyper_parameter
v: [21.43, 12.0, 11.95, 12.0, 17.3, 30.02, 12.0, 12.0, 12.0, 12.0, 12.0, 34.65, 22.79, 12.0]
a: [88.42, 88.6, 50.0, 139.41, 76.8, 147.83, 50.0, 69.91, 50.0, 50.0, 50.0, 105.78, 50.0, 50.0]
d: [3.5, 3.5, 3.7, 3.5, 3.5, 3.5, 3.5, 3.5, 3.5, 3.5, 3.5, 3.5, 3.5, 2.0]
random_idx_1 = 2, random_idx_2 = 9
random_idx_1 = 0, random_idx_2 = 2

iteration: 28
best: [1000.0, 1000.0, 1000.0, 1000.0, 1000.0, 1000.0, 1000.0, 1000.0, 1000.0, 1000.0, 1000.0, 1000.0, 1000.0, 51.73]
time: [5.89, 7.69, 11.32, 17.66, 23.81, 26.34, 41.61, 45.47, 47.58, 50.26, 52.34, 1000, 1000, 1000]
current_hyper_parameter
v: [21.43, 12.0, 17.02, 12.0, 17.3, 30.02, 12.0, 12.0, 12.0, 12.0, 12.0, 34.65, 22.79, 12.0]
a: [88.42, 88.6, 50.0, 139.41, 76.8, 147.83, 50.0, 69.91, 50.0, 50.0, 50.0, 105.78, 50.0, 50.0]
d: [3.5, 3.5, 3.7, 3.5, 3.5, 3.5, 3.5, 3.5, 3.5, 3.5, 3.5, 3.5, 3.5, 2.0]
BEST_hyper_parameter
v: [21.43, 12.0, 11.95, 12.0, 17.3, 30.02, 12.0, 12.0, 12.0, 12.0, 12.0, 34.65, 22.79, 12.0]
a: [88.42, 88.6, 50.0, 139.41, 76.8, 147.83, 50.0, 69.91, 50.0, 50.0, 50.0, 105.78, 50.0, 50.0]
d: [3.5, 3.5, 3.7, 3.5, 3.5, 3.5, 3.5, 3.5, 3.5, 3.5, 3.5, 3.5, 3.5, 2.0]
random_idx_1 = 0, random_idx_2 = 12
random_idx_1 = 1, random_idx_2 = 1

iteration: 29
best: [1000.0, 1000.0, 1000.0, 1000.0, 1000.0, 1000.0, 1000.0, 1000.0, 1000.0, 1000.0, 1000.0, 1000.0, 1000.0, 51.73]
time: [6.01, 8.03, 11.92, 18.34, 22.54, 25.45, 39.51, 43.23, 45.52, 48.39, 50.14, 52.02, 1000, 1000]
current_hyper_parameter
v: [21.43, 12.0, 11.95, 12.0, 17.3, 30.02, 12.0, 12.0, 12.0, 12.0, 12.0, 34.65, 18.84, 12.0]
a: [88.42, 157.14, 50.0, 139.41, 76.8, 147.83, 50.0, 69.91, 50.0, 50.0, 50.0, 105.78, 50.0, 50.0]
d: [3.5, 3.5, 3.7, 3.5, 3.5, 3.5, 3.5, 3.5, 3.5, 3.5, 3.5, 3.5, 3.5, 2.0]
BEST_hyper_parameter
v: [21.43, 12.0, 11.95, 12.0, 17.3, 30.02, 12.0, 12.0, 12.0, 12.0, 12.0, 34.65, 22.79, 12.0]
a: [88.42, 88.6, 50.0, 139.41, 76.8, 147.83, 50.0, 69.91, 50.0, 50.0, 50.0, 105.78, 50.0, 50.0]
d: [3.5, 3.5, 3.7, 3.5, 3.5, 3.5, 3.5, 3.5, 3.5, 3.5, 3.5, 3.5, 3.5, 2.0]
random_idx_1 = 0, random_idx_2 = 9
random_idx_1 = 2, random_idx_2 = 6

iteration: 30
best: [1000.0, 1000.0, 1000.0, 1000.0, 1000.0, 1000.0, 1000.0, 1000.0, 1000.0, 1000.0, 1000.0, 1000.0, 1000.0, 51.73]
time: [5.99, 8.14, 12.18, 15.35, 18.36, 21.45, 35.01, 38.79, 40.93, 43.39, 45.46, 47.26, 51.08, 1000]
current_hyper_parameter
v: [21.43, 12.0, 11.95, 12.0, 17.3, 30.02, 12.0, 12.0, 12.0, 21.9, 12.0, 34.65, 22.79, 12.0]
a: [88.42, 88.6, 50.0, 139.41, 76.8, 147.83, 50.0, 69.91, 50.0, 50.0, 50.0, 105.78, 50.0, 50.0]
d: [3.5, 3.5, 3.7, 3.5, 3.5, 3.5, 3.5, 3.5, 3.5, 3.5, 3.5, 3.5, 3.5, 2.0]
BEST_hyper_parameter
v: [21.43, 12.0, 11.95, 12.0, 17.3, 30.02, 12.0, 12.0, 12.0, 12.0, 12.0, 34.65, 22.79, 12.0]
a: [88.42, 88.6, 50.0, 139.41, 76.8, 147.83, 50.0, 69.91, 50.0, 50.0, 50.0, 105.78, 50.0, 50.0]
d: [3.5, 3.5, 3.7, 3.5, 3.5, 3.5, 3.5, 3.5, 3.5, 3.5, 3.5, 3.5, 3.5, 2.0]
random_idx_1 = 1, random_idx_2 = 2
random_idx_1 = 1, random_idx_2 = 4

iteration: 31
best: [1000.0, 1000.0, 1000.0, 1000.0, 1000.0, 1000.0, 1000.0, 1000.0, 1000.0, 1000.0, 1000.0, 1000.0, 1000.0, 51.73]
time: [5.91, 7.7, 11.74, 14.98, 20.9, 23.61, 38.28, 42.11, 44.2, 46.76, 48.52, 50.41, 1000, 1000]
current_hyper_parameter
v: [21.43, 12.0, 11.95, 12.0, 17.3, 30.02, 12.0, 12.0, 12.0, 12.0, 12.0, 34.65, 22.79, 12.0]
a: [88.42, 88.6, 31.74, 139.41, 105.66, 147.83, 50.0, 69.91, 50.0, 50.0, 50.0, 105.78, 50.0, 50.0]
d: [3.5, 3.5, 3.7, 3.5, 3.5, 3.5, 3.5, 3.5, 3.5, 3.5, 3.5, 3.5, 3.5, 2.0]
BEST_hyper_parameter
v: [21.43, 12.0, 11.95, 12.0, 17.3, 30.02, 12.0, 12.0, 12.0, 12.0, 12.0, 34.65, 22.79, 12.0]
a: [88.42, 88.6, 50.0, 139.41, 76.8, 147.83, 50.0, 69.91, 50.0, 50.0, 50.0, 105.78, 50.0, 50.0]
d: [3.5, 3.5, 3.7, 3.5, 3.5, 3.5, 3.5, 3.5, 3.5, 3.5, 3.5, 3.5, 3.5, 2.0]
random_idx_1 = 0, random_idx_2 = 3
random_idx_1 = 1, random_idx_2 = 9

iteration: 32
best: [1000.0, 1000.0, 1000.0, 1000.0, 1000.0, 1000.0, 1000.0, 1000.0, 1000.0, 1000.0, 1000.0, 1000.0, 1000.0, 51.73]
time: [5.96, 7.83, 11.97, 17.91, 21.54, 24.49, 38.19, 42.18, 44.27, 46.63, 48.82, 50.76, 1000, 1000]
current_hyper_parameter
v: [21.43, 12.0, 11.95, 22.93, 17.3, 30.02, 12.0, 12.0, 12.0, 12.0, 12.0, 34.65, 22.79, 12.0]
a: [88.42, 88.6, 50.0, 139.41, 76.8, 147.83, 50.0, 69.91, 50.0, 87.92, 50.0, 105.78, 50.0, 50.0]
d: [3.5, 3.5, 3.7, 3.5, 3.5, 3.5, 3.5, 3.5, 3.5, 3.5, 3.5, 3.5, 3.5, 2.0]
BEST_hyper_parameter
v: [21.43, 12.0, 11.95, 12.0, 17.3, 30.02, 12.0, 12.0, 12.0, 12.0, 12.0, 34.65, 22.79, 12.0]
a: [88.42, 88.6, 50.0, 139.41, 76.8, 147.83, 50.0, 69.91, 50.0, 50.0, 50.0, 105.78, 50.0, 50.0]
d: [3.5, 3.5, 3.7, 3.5, 3.5, 3.5, 3.5, 3.5, 3.5, 3.5, 3.5, 3.5, 3.5, 2.0]
random_idx_1 = 1, random_idx_2 = 3
random_idx_1 = 0, random_idx_2 = 10

iteration: 33
best: [1000.0, 1000.0, 1000.0, 1000.0, 1000.0, 1000.0, 1000.0, 1000.0, 1000.0, 1000.0, 1000.0, 1000.0, 1000.0, 51.73]
time: [5.91, 7.69, 11.53, 15.56, 21.77, 24.36, 40.08, 43.91, 46.1, 48.81, 50.51, 1000, 1000, 1000]
current_hyper_parameter
v: [21.43, 12.0, 11.95, 12.0, 17.3, 30.02, 12.0, 12.0, 12.0, 12.0, 24.0, 34.65, 22.79, 12.0]
a: [88.42, 88.6, 50.0, 36.91, 76.8, 147.83, 50.0, 69.91, 50.0, 50.0, 50.0, 105.78, 50.0, 50.0]
d: [3.5, 3.5, 3.7, 3.5, 3.5, 3.5, 3.5, 3.5, 3.5, 3.5, 3.5, 3.5, 3.5, 2.0]
BEST_hyper_parameter
v: [21.43, 12.0, 11.95, 12.0, 17.3, 30.02, 12.0, 12.0, 12.0, 12.0, 12.0, 34.65, 22.79, 12.0]
a: [88.42, 88.6, 50.0, 139.41, 76.8, 147.83, 50.0, 69.91, 50.0, 50.0, 50.0, 105.78, 50.0, 50.0]
d: [3.5, 3.5, 3.7, 3.5, 3.5, 3.5, 3.5, 3.5, 3.5, 3.5, 3.5, 3.5, 3.5, 2.0]
random_idx_1 = 1, random_idx_2 = 3
random_idx_1 = 2, random_idx_2 = 7

iteration: 34
best: [1000.0, 1000.0, 1000.0, 1000.0, 1000.0, 1000.0, 1000.0, 1000.0, 1000.0, 1000.0, 1000.0, 1000.0, 1000.0, 51.73]
time: [5.96, 7.79, 11.93, 15.35, 18.42, 21.47, 34.93, 38.64, 40.92, 43.77, 45.62, 47.25, 50.21, 51.96]
current_hyper_parameter
v: [21.43, 12.0, 11.95, 12.0, 17.3, 30.02, 12.0, 12.0, 12.0, 12.0, 12.0, 34.65, 22.79, 12.0]
a: [88.42, 88.6, 50.0, 112.04, 76.8, 147.83, 50.0, 69.91, 50.0, 50.0, 50.0, 105.78, 50.0, 50.0]
d: [3.5, 3.5, 3.7, 3.5, 3.5, 3.5, 3.5, 3.5, 3.5, 3.5, 3.5, 3.5, 3.5, 2.0]
BEST_hyper_parameter
v: [21.43, 12.0, 11.95, 12.0, 17.3, 30.02, 12.0, 12.0, 12.0, 12.0, 12.0, 34.65, 22.79, 12.0]
a: [88.42, 88.6, 50.0, 139.41, 76.8, 147.83, 50.0, 69.91, 50.0, 50.0, 50.0, 105.78, 50.0, 50.0]
d: [3.5, 3.5, 3.7, 3.5, 3.5, 3.5, 3.5, 3.5, 3.5, 3.5, 3.5, 3.5, 3.5, 2.0]
random_idx_1 = 2, random_idx_2 = 9
random_idx_1 = 2, random_idx_2 = 4

iteration: 35
best: [1000.0, 1000.0, 1000.0, 1000.0, 1000.0, 1000.0, 1000.0, 1000.0, 1000.0, 1000.0, 1000.0, 1000.0, 1000.0, 51.73]
time: [5.89, 7.69, 11.53, 14.79, 17.86, 20.98, 34.52, 38.26, 43.37, 46.3, 48.49, 50.23, 1000, 1000]
current_hyper_parameter
v: [21.43, 12.0, 11.95, 12.0, 17.3, 30.02, 12.0, 12.0, 12.0, 12.0, 12.0, 34.65, 22.79, 12.0]
a: [88.42, 88.6, 50.0, 139.41, 76.8, 147.83, 50.0, 69.91, 50.0, 50.0, 50.0, 105.78, 50.0, 50.0]
d: [3.5, 3.5, 3.7, 3.5, 3.5, 3.5, 3.5, 3.5, 3.5, 3.5, 3.5, 3.5, 3.5, 2.0]
BEST_hyper_parameter
v: [21.43, 12.0, 11.95, 12.0, 17.3, 30.02, 12.0, 12.0, 12.0, 12.0, 12.0, 34.65, 22.79, 12.0]
a: [88.42, 88.6, 50.0, 139.41, 76.8, 147.83, 50.0, 69.91, 50.0, 50.0, 50.0, 105.78, 50.0, 50.0]
d: [3.5, 3.5, 3.7, 3.5, 3.5, 3.5, 3.5, 3.5, 3.5, 3.5, 3.5, 3.5, 3.5, 2.0]
random_idx_1 = 1, random_idx_2 = 9
random_idx_1 = 0, random_idx_2 = 2

iteration: 36
best: [1000.0, 1000.0, 1000.0, 1000.0, 1000.0, 1000.0, 1000.0, 1000.0, 1000.0, 1000.0, 1000.0, 1000.0, 1000.0, 51.73]
time: [5.97, 7.78, 11.61, 14.7, 29.66, 1000, 1000, 1000, 1000, 1000, 1000, 1000, 1000, 1000]
current_hyper_parameter
v: [21.43, 12.0, 33.59, 12.0, 17.3, 30.02, 12.0, 12.0, 12.0, 12.0, 12.0, 34.65, 22.79, 12.0]
a: [88.42, 88.6, 50.0, 139.41, 76.8, 147.83, 50.0, 69.91, 50.0, 74.84, 50.0, 105.78, 50.0, 50.0]
d: [3.5, 3.5, 3.7, 3.5, 3.5, 3.5, 3.5, 3.5, 3.5, 3.5, 3.5, 3.5, 3.5, 2.0]
BEST_hyper_parameter
v: [21.43, 12.0, 11.95, 12.0, 17.3, 30.02, 12.0, 12.0, 12.0, 12.0, 12.0, 34.65, 22.79, 12.0]
a: [88.42, 88.6, 50.0, 139.41, 76.8, 147.83, 50.0, 69.91, 50.0, 50.0, 50.0, 105.78, 50.0, 50.0]
d: [3.5, 3.5, 3.7, 3.5, 3.5, 3.5, 3.5, 3.5, 3.5, 3.5, 3.5, 3.5, 3.5, 2.0]
random_idx_1 = 0, random_idx_2 = 5
random_idx_1 = 0, random_idx_2 = 11

iteration: 37
best: [1000.0, 1000.0, 1000.0, 1000.0, 1000.0, 1000.0, 1000.0, 1000.0, 1000.0, 1000.0, 1000.0, 1000.0, 1000.0, 51.73]
time: [5.97, 7.79, 11.84, 18.22, 24.64, 43.92, 1000, 1000, 1000, 1000, 1000, 1000, 1000, 1000]
current_hyper_parameter
v: [21.43, 12.0, 11.95, 12.0, 17.3, 10.58, 12.0, 12.0, 12.0, 12.0, 12.0, 9.43, 22.79, 12.0]
a: [88.42, 88.6, 50.0, 139.41, 76.8, 147.83, 50.0, 69.91, 50.0, 50.0, 50.0, 105.78, 50.0, 50.0]
d: [3.5, 3.5, 3.7, 3.5, 3.5, 3.5, 3.5, 3.5, 3.5, 3.5, 3.5, 3.5, 3.5, 2.0]
BEST_hyper_parameter
v: [21.43, 12.0, 11.95, 12.0, 17.3, 30.02, 12.0, 12.0, 12.0, 12.0, 12.0, 34.65, 22.79, 12.0]
a: [88.42, 88.6, 50.0, 139.41, 76.8, 147.83, 50.0, 69.91, 50.0, 50.0, 50.0, 105.78, 50.0, 50.0]
d: [3.5, 3.5, 3.7, 3.5, 3.5, 3.5, 3.5, 3.5, 3.5, 3.5, 3.5, 3.5, 3.5, 2.0]
random_idx_1 = 1, random_idx_2 = 1
random_idx_1 = 1, random_idx_2 = 8

iteration: 38
best: [1000.0, 1000.0, 1000.0, 1000.0, 1000.0, 1000.0, 1000.0, 1000.0, 1000.0, 1000.0, 1000.0, 1000.0, 1000.0, 51.73]
time: [5.97, 7.85, 12.14, 15.39, 18.4, 21.48, 35.14, 39.07, 40.89, 43.16, 45.07, 46.76, 49.62, 51.24]
current_hyper_parameter
v: [21.43, 12.0, 11.95, 12.0, 17.3, 30.02, 12.0, 12.0, 12.0, 12.0, 12.0, 34.65, 22.79, 12.0]
a: [88.42, 61.69, 50.0, 139.41, 76.8, 147.83, 50.0, 69.91, 139.36, 50.0, 50.0, 105.78, 50.0, 50.0]
d: [3.5, 3.5, 3.7, 3.5, 3.5, 3.5, 3.5, 3.5, 3.5, 3.5, 3.5, 3.5, 3.5, 2.0]
BEST_hyper_parameter
v: [21.43, 12.0, 11.95, 12.0, 17.3, 30.02, 12.0, 12.0, 12.0, 12.0, 12.0, 34.65, 22.79, 12.0]
a: [88.42, 88.6, 50.0, 139.41, 76.8, 147.83, 50.0, 69.91, 50.0, 50.0, 50.0, 105.78, 50.0, 50.0]
d: [3.5, 3.5, 3.7, 3.5, 3.5, 3.5, 3.5, 3.5, 3.5, 3.5, 3.5, 3.5, 3.5, 2.0]
random_idx_1 = 2, random_idx_2 = 3
random_idx_1 = 1, random_idx_2 = 1

iteration: 39
best: [1000.0, 1000.0, 1000.0, 1000.0, 1000.0, 1000.0, 1000.0, 1000.0, 1000.0, 1000.0, 1000.0, 1000.0, 1000.0, 51.24]
time: [5.94, 7.75, 11.73, 14.89, 17.85, 20.93, 34.61, 38.48, 40.32, 42.55, 47.29, 50.68, 1000, 1000]
current_hyper_parameter
v: [21.43, 12.0, 11.95, 12.0, 17.3, 30.02, 12.0, 12.0, 12.0, 12.0, 12.0, 34.65, 22.79, 12.0]
a: [88.42, 123.58, 50.0, 139.41, 76.8, 147.83, 50.0, 69.91, 139.36, 50.0, 50.0, 105.78, 50.0, 50.0]
d: [3.5, 3.5, 3.7, 3.5, 3.5, 3.5, 3.5, 3.5, 3.5, 3.5, 3.5, 3.5, 3.5, 2.0]
BEST_hyper_parameter
v: [21.43, 12.0, 11.95, 12.0, 17.3, 30.02, 12.0, 12.0, 12.0, 12.0, 12.0, 34.65, 22.79, 12.0]
a: [88.42, 61.69, 50.0, 139.41, 76.8, 147.83, 50.0, 69.91, 139.36, 50.0, 50.0, 105.78, 50.0, 50.0]
d: [3.5, 3.5, 3.7, 3.5, 3.5, 3.5, 3.5, 3.5, 3.5, 3.5, 3.5, 3.5, 3.5, 2.0]
random_idx_1 = 1, random_idx_2 = 4
random_idx_1 = 0, random_idx_2 = 3

iteration: 40
best: [1000.0, 1000.0, 1000.0, 1000.0, 1000.0, 1000.0, 1000.0, 1000.0, 1000.0, 1000.0, 1000.0, 1000.0, 1000.0, 51.24]
time: [5.9, 7.74, 11.83, 14.11, 17.17, 19.87, 34.64, 38.51, 40.38, 42.61, 44.52, 46.23, 49.1, 50.71]
current_hyper_parameter
v: [21.43, 12.0, 11.95, 29.06, 17.3, 30.02, 12.0, 12.0, 12.0, 12.0, 12.0, 34.65, 22.79, 12.0]
a: [88.42, 61.69, 50.0, 139.41, 46.57, 147.83, 50.0, 69.91, 139.36, 50.0, 50.0, 105.78, 50.0, 50.0]
d: [3.5, 3.5, 3.7, 3.5, 3.5, 3.5, 3.5, 3.5, 3.5, 3.5, 3.5, 3.5, 3.5, 2.0]
BEST_hyper_parameter
v: [21.43, 12.0, 11.95, 12.0, 17.3, 30.02, 12.0, 12.0, 12.0, 12.0, 12.0, 34.65, 22.79, 12.0]
a: [88.42, 61.69, 50.0, 139.41, 76.8, 147.83, 50.0, 69.91, 139.36, 50.0, 50.0, 105.78, 50.0, 50.0]
d: [3.5, 3.5, 3.7, 3.5, 3.5, 3.5, 3.5, 3.5, 3.5, 3.5, 3.5, 3.5, 3.5, 2.0]
random_idx_1 = 0, random_idx_2 = 2
random_idx_1 = 0, random_idx_2 = 4

iteration: 41
best: [1000.0, 1000.0, 1000.0, 1000.0, 1000.0, 1000.0, 1000.0, 1000.0, 1000.0, 1000.0, 1000.0, 1000.0, 1000.0, 50.71]
time: [5.97, 7.81, 12.16, 21.59, 25.78, 28.46, 44.92, 48.85, 50.69, 1000, 1000, 1000, 1000, 1000]
current_hyper_parameter
v: [21.43, 12.0, 9.71, 29.06, 24.96, 30.02, 12.0, 12.0, 12.0, 12.0, 12.0, 34.65, 22.79, 12.0]
a: [88.42, 61.69, 50.0, 139.41, 46.57, 147.83, 50.0, 69.91, 139.36, 50.0, 50.0, 105.78, 50.0, 50.0]
d: [3.5, 3.5, 3.7, 3.5, 3.5, 3.5, 3.5, 3.5, 3.5, 3.5, 3.5, 3.5, 3.5, 2.0]
BEST_hyper_parameter
v: [21.43, 12.0, 11.95, 29.06, 17.3, 30.02, 12.0, 12.0, 12.0, 12.0, 12.0, 34.65, 22.79, 12.0]
a: [88.42, 61.69, 50.0, 139.41, 46.57, 147.83, 50.0, 69.91, 139.36, 50.0, 50.0, 105.78, 50.0, 50.0]
d: [3.5, 3.5, 3.7, 3.5, 3.5, 3.5, 3.5, 3.5, 3.5, 3.5, 3.5, 3.5, 3.5, 2.0]
random_idx_1 = 2, random_idx_2 = 6
random_idx_1 = 2, random_idx_2 = 6

iteration: 42
best: [1000.0, 1000.0, 1000.0, 1000.0, 1000.0, 1000.0, 1000.0, 1000.0, 1000.0, 1000.0, 1000.0, 1000.0, 1000.0, 50.71]
time: [5.97, 7.84, 12.08, 17.45, 1000, 1000, 1000, 1000, 1000, 1000, 1000, 1000, 1000, 1000]
current_hyper_parameter
v: [21.43, 12.0, 11.95, 29.06, 17.3, 30.02, 12.0, 12.0, 12.0, 12.0, 12.0, 34.65, 22.79, 12.0]
a: [88.42, 61.69, 50.0, 139.41, 46.57, 147.83, 50.0, 69.91, 139.36, 50.0, 50.0, 105.78, 50.0, 50.0]
d: [3.5, 3.5, 3.7, 3.5, 3.5, 3.5, 3.5, 3.5, 3.5, 3.5, 3.5, 3.5, 3.5, 2.0]
BEST_hyper_parameter
v: [21.43, 12.0, 11.95, 29.06, 17.3, 30.02, 12.0, 12.0, 12.0, 12.0, 12.0, 34.65, 22.79, 12.0]
a: [88.42, 61.69, 50.0, 139.41, 46.57, 147.83, 50.0, 69.91, 139.36, 50.0, 50.0, 105.78, 50.0, 50.0]
d: [3.5, 3.5, 3.7, 3.5, 3.5, 3.5, 3.5, 3.5, 3.5, 3.5, 3.5, 3.5, 3.5, 2.0]
random_idx_1 = 2, random_idx_2 = 5
random_idx_1 = 2, random_idx_2 = 1

iteration: 43
best: [1000.0, 1000.0, 1000.0, 1000.0, 1000.0, 1000.0, 1000.0, 1000.0, 1000.0, 1000.0, 1000.0, 1000.0, 1000.0, 50.71]
time: [6.0, 8.24, 12.45, 14.91, 23.94, 30.05, 44.81, 48.64, 50.7, 1000, 1000, 1000, 1000, 1000]
current_hyper_parameter
v: [21.43, 12.0, 11.95, 29.06, 17.3, 30.02, 12.0, 12.0, 12.0, 12.0, 12.0, 34.65, 22.79, 12.0]
a: [88.42, 61.69, 50.0, 139.41, 46.57, 147.83, 50.0, 69.91, 139.36, 50.0, 50.0, 105.78, 50.0, 50.0]
d: [3.5, 3.5, 3.7, 3.5, 3.5, 3.5, 3.5, 3.5, 3.5, 3.5, 3.5, 3.5, 3.5, 2.0]
BEST_hyper_parameter
v: [21.43, 12.0, 11.95, 29.06, 17.3, 30.02, 12.0, 12.0, 12.0, 12.0, 12.0, 34.65, 22.79, 12.0]
a: [88.42, 61.69, 50.0, 139.41, 46.57, 147.83, 50.0, 69.91, 139.36, 50.0, 50.0, 105.78, 50.0, 50.0]
d: [3.5, 3.5, 3.7, 3.5, 3.5, 3.5, 3.5, 3.5, 3.5, 3.5, 3.5, 3.5, 3.5, 2.0]
random_idx_1 = 1, random_idx_2 = 3
random_idx_1 = 2, random_idx_2 = 2

iteration: 44
best: [1000.0, 1000.0, 1000.0, 1000.0, 1000.0, 1000.0, 1000.0, 1000.0, 1000.0, 1000.0, 1000.0, 1000.0, 1000.0, 50.71]
time: [5.9, 7.75, 11.87, 14.14, 17.17, 19.87, 34.78, 38.68, 40.62, 43.03, 44.98, 46.75, 49.92, 51.8]
current_hyper_parameter
v: [21.43, 12.0, 11.95, 29.06, 17.3, 30.02, 12.0, 12.0, 12.0, 12.0, 12.0, 34.65, 22.79, 12.0]
a: [88.42, 61.69, 50.0, 134.15, 46.57, 147.83, 50.0, 69.91, 139.36, 50.0, 50.0, 105.78, 50.0, 50.0]
d: [3.5, 3.5, 5.68, 3.5, 3.5, 3.5, 3.5, 3.5, 3.5, 3.5, 3.5, 3.5, 3.5, 2.0]
BEST_hyper_parameter
v: [21.43, 12.0, 11.95, 29.06, 17.3, 30.02, 12.0, 12.0, 12.0, 12.0, 12.0, 34.65, 22.79, 12.0]
a: [88.42, 61.69, 50.0, 139.41, 46.57, 147.83, 50.0, 69.91, 139.36, 50.0, 50.0, 105.78, 50.0, 50.0]
d: [3.5, 3.5, 3.7, 3.5, 3.5, 3.5, 3.5, 3.5, 3.5, 3.5, 3.5, 3.5, 3.5, 2.0]
random_idx_1 = 1, random_idx_2 = 10
random_idx_1 = 2, random_idx_2 = 6

iteration: 45
best: [1000.0, 1000.0, 1000.0, 1000.0, 1000.0, 1000.0, 1000.0, 1000.0, 1000.0, 1000.0, 1000.0, 1000.0, 1000.0, 50.71]
time: [5.97, 7.86, 12.15, 17.53, 22.33, 24.93, 41.22, 45.03, 47.02, 49.56, 1000, 1000, 1000, 1000]
current_hyper_parameter
v: [21.43, 12.0, 11.95, 29.06, 17.3, 30.02, 12.0, 12.0, 12.0, 12.0, 12.0, 34.65, 22.79, 12.0]
a: [88.42, 61.69, 50.0, 139.41, 46.57, 147.83, 50.0, 69.91, 139.36, 50.0, 147.44, 105.78, 50.0, 50.0]
d: [3.5, 3.5, 3.7, 3.5, 3.5, 3.5, 3.5, 3.5, 3.5, 3.5, 3.5, 3.5, 3.5, 2.0]
BEST_hyper_parameter
v: [21.43, 12.0, 11.95, 29.06, 17.3, 30.02, 12.0, 12.0, 12.0, 12.0, 12.0, 34.65, 22.79, 12.0]
a: [88.42, 61.69, 50.0, 139.41, 46.57, 147.83, 50.0, 69.91, 139.36, 50.0, 50.0, 105.78, 50.0, 50.0]
d: [3.5, 3.5, 3.7, 3.5, 3.5, 3.5, 3.5, 3.5, 3.5, 3.5, 3.5, 3.5, 3.5, 2.0]
random_idx_1 = 2, random_idx_2 = 13
random_idx_1 = 0, random_idx_2 = 9

iteration: 46
best: [1000.0, 1000.0, 1000.0, 1000.0, 1000.0, 1000.0, 1000.0, 1000.0, 1000.0, 1000.0, 1000.0, 1000.0, 1000.0, 50.71]
time: [5.94, 7.84, 12.06, 17.46, 1000, 1000, 1000, 1000, 1000, 1000, 1000, 1000, 1000, 1000]
current_hyper_parameter
v: [21.43, 12.0, 11.95, 29.06, 17.3, 30.02, 12.0, 12.0, 12.0, 32.1, 12.0, 34.65, 22.79, 12.0]
a: [88.42, 61.69, 50.0, 139.41, 46.57, 147.83, 50.0, 69.91, 139.36, 50.0, 50.0, 105.78, 50.0, 50.0]
d: [3.5, 3.5, 3.7, 3.5, 3.5, 3.5, 3.5, 3.5, 3.5, 3.5, 3.5, 3.5, 3.5, 2.0]
BEST_hyper_parameter
v: [21.43, 12.0, 11.95, 29.06, 17.3, 30.02, 12.0, 12.0, 12.0, 12.0, 12.0, 34.65, 22.79, 12.0]
a: [88.42, 61.69, 50.0, 139.41, 46.57, 147.83, 50.0, 69.91, 139.36, 50.0, 50.0, 105.78, 50.0, 50.0]
d: [3.5, 3.5, 3.7, 3.5, 3.5, 3.5, 3.5, 3.5, 3.5, 3.5, 3.5, 3.5, 3.5, 2.0]
random_idx_1 = 0, random_idx_2 = 0
random_idx_1 = 0, random_idx_2 = 8

iteration: 47
best: [1000.0, 1000.0, 1000.0, 1000.0, 1000.0, 1000.0, 1000.0, 1000.0, 1000.0, 1000.0, 1000.0, 1000.0, 1000.0, 50.71]
time: [6.0, 7.94, 12.1, 17.48, 22.48, 24.77, 41.65, 45.52, 47.34, 49.63, 51.4, 1000, 1000, 1000]
current_hyper_parameter
v: [18.64, 12.0, 11.95, 29.06, 17.3, 30.02, 12.0, 12.0, 13.56, 12.0, 12.0, 34.65, 22.79, 12.0]
a: [88.42, 61.69, 50.0, 139.41, 46.57, 147.83, 50.0, 69.91, 139.36, 50.0, 50.0, 105.78, 50.0, 50.0]
d: [3.5, 3.5, 3.7, 3.5, 3.5, 3.5, 3.5, 3.5, 3.5, 3.5, 3.5, 3.5, 3.5, 2.0]
BEST_hyper_parameter
v: [21.43, 12.0, 11.95, 29.06, 17.3, 30.02, 12.0, 12.0, 12.0, 12.0, 12.0, 34.65, 22.79, 12.0]
a: [88.42, 61.69, 50.0, 139.41, 46.57, 147.83, 50.0, 69.91, 139.36, 50.0, 50.0, 105.78, 50.0, 50.0]
d: [3.5, 3.5, 3.7, 3.5, 3.5, 3.5, 3.5, 3.5, 3.5, 3.5, 3.5, 3.5, 3.5, 2.0]
random_idx_1 = 0, random_idx_2 = 11
random_idx_1 = 1, random_idx_2 = 8

iteration: 48
best: [1000.0, 1000.0, 1000.0, 1000.0, 1000.0, 1000.0, 1000.0, 1000.0, 1000.0, 1000.0, 1000.0, 1000.0, 1000.0, 50.71]
time: [5.97, 7.83, 12.07, 17.46, 1000, 1000, 1000, 1000, 1000, 1000, 1000, 1000, 1000, 1000]
current_hyper_parameter
v: [21.43, 12.0, 11.95, 29.06, 17.3, 30.02, 12.0, 12.0, 12.0, 12.0, 12.0, 24.95, 22.79, 12.0]
a: [88.42, 61.69, 50.0, 139.41, 46.57, 147.83, 50.0, 69.91, 91.97, 50.0, 50.0, 105.78, 50.0, 50.0]
d: [3.5, 3.5, 3.7, 3.5, 3.5, 3.5, 3.5, 3.5, 3.5, 3.5, 3.5, 3.5, 3.5, 2.0]
BEST_hyper_parameter
v: [21.43, 12.0, 11.95, 29.06, 17.3, 30.02, 12.0, 12.0, 12.0, 12.0, 12.0, 34.65, 22.79, 12.0]
a: [88.42, 61.69, 50.0, 139.41, 46.57, 147.83, 50.0, 69.91, 139.36, 50.0, 50.0, 105.78, 50.0, 50.0]
d: [3.5, 3.5, 3.7, 3.5, 3.5, 3.5, 3.5, 3.5, 3.5, 3.5, 3.5, 3.5, 3.5, 2.0]
random_idx_1 = 0, random_idx_2 = 6
random_idx_1 = 0, random_idx_2 = 9

iteration: 49
best: [1000.0, 1000.0, 1000.0, 1000.0, 1000.0, 1000.0, 1000.0, 1000.0, 1000.0, 1000.0, 1000.0, 1000.0, 1000.0, 50.71]
time: [5.95, 7.83, 12.08, 17.47, 23.8, 46.31, 1000, 1000, 1000, 1000, 1000, 1000, 1000, 1000]
current_hyper_parameter
v: [21.43, 12.0, 11.95, 29.06, 17.3, 30.02, 31.71, 12.0, 12.0, 30.7, 12.0, 34.65, 22.79, 12.0]
a: [88.42, 61.69, 50.0, 139.41, 46.57, 147.83, 50.0, 69.91, 139.36, 50.0, 50.0, 105.78, 50.0, 50.0]
d: [3.5, 3.5, 3.7, 3.5, 3.5, 3.5, 3.5, 3.5, 3.5, 3.5, 3.5, 3.5, 3.5, 2.0]
BEST_hyper_parameter
v: [21.43, 12.0, 11.95, 29.06, 17.3, 30.02, 12.0, 12.0, 12.0, 12.0, 12.0, 34.65, 22.79, 12.0]
a: [88.42, 61.69, 50.0, 139.41, 46.57, 147.83, 50.0, 69.91, 139.36, 50.0, 50.0, 105.78, 50.0, 50.0]
d: [3.5, 3.5, 3.7, 3.5, 3.5, 3.5, 3.5, 3.5, 3.5, 3.5, 3.5, 3.5, 3.5, 2.0]
random_idx_1 = 1, random_idx_2 = 12
random_idx_1 = 1, random_idx_2 = 5

iteration: 50
best: [1000.0, 1000.0, 1000.0, 1000.0, 1000.0, 1000.0, 1000.0, 1000.0, 1000.0, 1000.0, 1000.0, 1000.0, 1000.0, 50.71]
time: [6.01, 8.28, 12.48, 14.92, 1000, 1000, 1000, 1000, 1000, 1000, 1000, 1000, 1000, 1000]
current_hyper_parameter
v: [21.43, 12.0, 11.95, 29.06, 17.3, 30.02, 12.0, 12.0, 12.0, 12.0, 12.0, 34.65, 22.79, 12.0]
a: [88.42, 61.69, 50.0, 139.41, 46.57, 81.94, 50.0, 69.91, 139.36, 50.0, 50.0, 105.78, 20.82, 50.0]
d: [3.5, 3.5, 3.7, 3.5, 3.5, 3.5, 3.5, 3.5, 3.5, 3.5, 3.5, 3.5, 3.5, 2.0]
BEST_hyper_parameter
v: [21.43, 12.0, 11.95, 29.06, 17.3, 30.02, 12.0, 12.0, 12.0, 12.0, 12.0, 34.65, 22.79, 12.0]
a: [88.42, 61.69, 50.0, 139.41, 46.57, 147.83, 50.0, 69.91, 139.36, 50.0, 50.0, 105.78, 50.0, 50.0]
d: [3.5, 3.5, 3.7, 3.5, 3.5, 3.5, 3.5, 3.5, 3.5, 3.5, 3.5, 3.5, 3.5, 2.0]
random_idx_1 = 0, random_idx_2 = 3
random_idx_1 = 2, random_idx_2 = 11

iteration: 51
best: [1000.0, 1000.0, 1000.0, 1000.0, 1000.0, 1000.0, 1000.0, 1000.0, 1000.0, 1000.0, 1000.0, 1000.0, 1000.0, 50.71]
time: [5.89, 7.73, 11.88, 15.75, 19.22, 21.91, 36.76, 40.64, 42.48, 44.71, 46.79, 1000, 1000, 1000]
current_hyper_parameter
v: [21.43, 12.0, 11.95, 8.77, 17.3, 30.02, 12.0, 12.0, 12.0, 12.0, 12.0, 34.65, 22.79, 12.0]
a: [88.42, 61.69, 50.0, 139.41, 46.57, 147.83, 50.0, 69.91, 139.36, 50.0, 50.0, 105.78, 50.0, 50.0]
d: [3.5, 3.5, 3.7, 3.5, 3.5, 3.5, 3.5, 3.5, 3.5, 3.5, 3.5, 3.5, 3.5, 2.0]
BEST_hyper_parameter
v: [21.43, 12.0, 11.95, 29.06, 17.3, 30.02, 12.0, 12.0, 12.0, 12.0, 12.0, 34.65, 22.79, 12.0]
a: [88.42, 61.69, 50.0, 139.41, 46.57, 147.83, 50.0, 69.91, 139.36, 50.0, 50.0, 105.78, 50.0, 50.0]
d: [3.5, 3.5, 3.7, 3.5, 3.5, 3.5, 3.5, 3.5, 3.5, 3.5, 3.5, 3.5, 3.5, 2.0]
random_idx_1 = 1, random_idx_2 = 11
random_idx_1 = 2, random_idx_2 = 13

iteration: 52
best: [1000.0, 1000.0, 1000.0, 1000.0, 1000.0, 1000.0, 1000.0, 1000.0, 1000.0, 1000.0, 1000.0, 1000.0, 1000.0, 50.71]
time: [5.89, 7.74, 11.93, 14.42, 1000, 1000, 1000, 1000, 1000, 1000, 1000, 1000, 1000, 1000]
current_hyper_parameter
v: [21.43, 12.0, 11.95, 29.06, 17.3, 30.02, 12.0, 12.0, 12.0, 12.0, 12.0, 34.65, 22.79, 12.0]
a: [88.42, 61.69, 50.0, 139.41, 46.57, 147.83, 50.0, 69.91, 139.36, 50.0, 50.0, 85.29, 50.0, 50.0]
d: [3.5, 3.5, 3.7, 3.5, 3.5, 3.5, 3.5, 3.5, 3.5, 3.5, 3.5, 3.5, 3.5, 2.0]
BEST_hyper_parameter
v: [21.43, 12.0, 11.95, 29.06, 17.3, 30.02, 12.0, 12.0, 12.0, 12.0, 12.0, 34.65, 22.79, 12.0]
a: [88.42, 61.69, 50.0, 139.41, 46.57, 147.83, 50.0, 69.91, 139.36, 50.0, 50.0, 105.78, 50.0, 50.0]
d: [3.5, 3.5, 3.7, 3.5, 3.5, 3.5, 3.5, 3.5, 3.5, 3.5, 3.5, 3.5, 3.5, 2.0]
random_idx_1 = 0, random_idx_2 = 1
random_idx_1 = 0, random_idx_2 = 8

iteration: 53
best: [1000.0, 1000.0, 1000.0, 1000.0, 1000.0, 1000.0, 1000.0, 1000.0, 1000.0, 1000.0, 1000.0, 1000.0, 1000.0, 50.71]
time: [5.96, 7.83, 11.99, 17.43, 23.75, 1000, 1000, 1000, 1000, 1000, 1000, 1000, 1000, 1000]
current_hyper_parameter
v: [21.43, 10.5, 11.95, 29.06, 17.3, 30.02, 12.0, 12.0, 15.23, 12.0, 12.0, 34.65, 22.79, 12.0]
a: [88.42, 61.69, 50.0, 139.41, 46.57, 147.83, 50.0, 69.91, 139.36, 50.0, 50.0, 105.78, 50.0, 50.0]
d: [3.5, 3.5, 3.7, 3.5, 3.5, 3.5, 3.5, 3.5, 3.5, 3.5, 3.5, 3.5, 3.5, 2.0]
BEST_hyper_parameter
v: [21.43, 12.0, 11.95, 29.06, 17.3, 30.02, 12.0, 12.0, 12.0, 12.0, 12.0, 34.65, 22.79, 12.0]
a: [88.42, 61.69, 50.0, 139.41, 46.57, 147.83, 50.0, 69.91, 139.36, 50.0, 50.0, 105.78, 50.0, 50.0]
d: [3.5, 3.5, 3.7, 3.5, 3.5, 3.5, 3.5, 3.5, 3.5, 3.5, 3.5, 3.5, 3.5, 2.0]
random_idx_1 = 1, random_idx_2 = 0
random_idx_1 = 0, random_idx_2 = 0

iteration: 54
best: [1000.0, 1000.0, 1000.0, 1000.0, 1000.0, 1000.0, 1000.0, 1000.0, 1000.0, 1000.0, 1000.0, 1000.0, 1000.0, 50.71]
time: [5.85, 7.64, 11.55, 13.93, 22.84, 25.86, 40.76, 44.63, 46.46, 48.71, 50.83, 1000, 1000, 1000]
current_hyper_parameter
v: [15.17, 12.0, 11.95, 29.06, 17.3, 30.02, 12.0, 12.0, 12.0, 12.0, 12.0, 34.65, 22.79, 12.0]
a: [154.99, 61.69, 50.0, 139.41, 46.57, 147.83, 50.0, 69.91, 139.36, 50.0, 50.0, 105.78, 50.0, 50.0]
d: [3.5, 3.5, 3.7, 3.5, 3.5, 3.5, 3.5, 3.5, 3.5, 3.5, 3.5, 3.5, 3.5, 2.0]
BEST_hyper_parameter
v: [21.43, 12.0, 11.95, 29.06, 17.3, 30.02, 12.0, 12.0, 12.0, 12.0, 12.0, 34.65, 22.79, 12.0]
a: [88.42, 61.69, 50.0, 139.41, 46.57, 147.83, 50.0, 69.91, 139.36, 50.0, 50.0, 105.78, 50.0, 50.0]
d: [3.5, 3.5, 3.7, 3.5, 3.5, 3.5, 3.5, 3.5, 3.5, 3.5, 3.5, 3.5, 3.5, 2.0]
random_idx_1 = 0, random_idx_2 = 11
random_idx_1 = 2, random_idx_2 = 7

iteration: 55
best: [1000.0, 1000.0, 1000.0, 1000.0, 1000.0, 1000.0, 1000.0, 1000.0, 1000.0, 1000.0, 1000.0, 1000.0, 1000.0, 50.71]
time: [6.01, 8.24, 12.46, 14.92, 23.98, 27.74, 1000, 1000, 1000, 1000, 1000, 1000, 1000, 1000]
current_hyper_parameter
v: [21.43, 12.0, 11.95, 29.06, 17.3, 30.02, 12.0, 12.0, 12.0, 12.0, 12.0, 14.31, 22.79, 12.0]
a: [88.42, 61.69, 50.0, 139.41, 46.57, 147.83, 50.0, 69.91, 139.36, 50.0, 50.0, 105.78, 50.0, 50.0]
d: [3.5, 3.5, 3.7, 3.5, 3.5, 3.5, 3.5, 3.5, 3.5, 3.5, 3.5, 3.5, 3.5, 2.0]
BEST_hyper_parameter
v: [21.43, 12.0, 11.95, 29.06, 17.3, 30.02, 12.0, 12.0, 12.0, 12.0, 12.0, 34.65, 22.79, 12.0]
a: [88.42, 61.69, 50.0, 139.41, 46.57, 147.83, 50.0, 69.91, 139.36, 50.0, 50.0, 105.78, 50.0, 50.0]
d: [3.5, 3.5, 3.7, 3.5, 3.5, 3.5, 3.5, 3.5, 3.5, 3.5, 3.5, 3.5, 3.5, 2.0]
random_idx_1 = 0, random_idx_2 = 6
random_idx_1 = 0, random_idx_2 = 9

iteration: 56
best: [1000.0, 1000.0, 1000.0, 1000.0, 1000.0, 1000.0, 1000.0, 1000.0, 1000.0, 1000.0, 1000.0, 1000.0, 1000.0, 50.71]
time: [5.89, 7.74, 11.82, 14.1, 17.17, 19.9, 35.63, 39.71, 41.67, 43.98, 45.95, 47.66, 54.05, 1000]
current_hyper_parameter
v: [21.43, 12.0, 11.95, 29.06, 17.3, 30.02, 10.8, 12.0, 12.0, 17.05, 12.0, 34.65, 22.79, 12.0]
a: [88.42, 61.69, 50.0, 139.41, 46.57, 147.83, 50.0, 69.91, 139.36, 50.0, 50.0, 105.78, 50.0, 50.0]
d: [3.5, 3.5, 3.7, 3.5, 3.5, 3.5, 3.5, 3.5, 3.5, 3.5, 3.5, 3.5, 3.5, 2.0]
BEST_hyper_parameter
v: [21.43, 12.0, 11.95, 29.06, 17.3, 30.02, 12.0, 12.0, 12.0, 12.0, 12.0, 34.65, 22.79, 12.0]
a: [88.42, 61.69, 50.0, 139.41, 46.57, 147.83, 50.0, 69.91, 139.36, 50.0, 50.0, 105.78, 50.0, 50.0]
d: [3.5, 3.5, 3.7, 3.5, 3.5, 3.5, 3.5, 3.5, 3.5, 3.5, 3.5, 3.5, 3.5, 2.0]
random_idx_1 = 2, random_idx_2 = 7
random_idx_1 = 2, random_idx_2 = 5

iteration: 57
best: [1000.0, 1000.0, 1000.0, 1000.0, 1000.0, 1000.0, 1000.0, 1000.0, 1000.0, 1000.0, 1000.0, 1000.0, 1000.0, 50.71]
time: [5.97, 7.81, 11.92, 14.21, 17.25, 19.95, 34.71, 38.61, 40.52, 42.87, 45.12, 46.82, 49.78, 51.38]
current_hyper_parameter
v: [21.43, 12.0, 11.95, 29.06, 17.3, 30.02, 12.0, 12.0, 12.0, 12.0, 12.0, 34.65, 22.79, 12.0]
a: [88.42, 61.69, 50.0, 139.41, 46.57, 147.83, 50.0, 69.91, 139.36, 50.0, 50.0, 105.78, 50.0, 50.0]
d: [3.5, 3.5, 3.7, 3.5, 3.5, 3.5, 3.5, 3.5, 3.5, 3.5, 3.5, 3.5, 3.5, 2.0]
BEST_hyper_parameter
v: [21.43, 12.0, 11.95, 29.06, 17.3, 30.02, 12.0, 12.0, 12.0, 12.0, 12.0, 34.65, 22.79, 12.0]
a: [88.42, 61.69, 50.0, 139.41, 46.57, 147.83, 50.0, 69.91, 139.36, 50.0, 50.0, 105.78, 50.0, 50.0]
d: [3.5, 3.5, 3.7, 3.5, 3.5, 3.5, 3.5, 3.5, 3.5, 3.5, 3.5, 3.5, 3.5, 2.0]
random_idx_1 = 0, random_idx_2 = 1
random_idx_1 = 1, random_idx_2 = 0

iteration: 58
best: [1000.0, 1000.0, 1000.0, 1000.0, 1000.0, 1000.0, 1000.0, 1000.0, 1000.0, 1000.0, 1000.0, 1000.0, 1000.0, 50.71]
time: [6.35, 8.74, 13.21, 23.67, 27.78, 30.37, 46.34, 50.38, 1000, 1000, 1000, 1000, 1000, 1000]
current_hyper_parameter
v: [21.43, 8.92, 11.95, 29.06, 17.3, 30.02, 12.0, 12.0, 12.0, 12.0, 12.0, 34.65, 22.79, 12.0]
a: [55.85, 61.69, 50.0, 139.41, 46.57, 147.83, 50.0, 69.91, 139.36, 50.0, 50.0, 105.78, 50.0, 50.0]
d: [3.5, 3.5, 3.7, 3.5, 3.5, 3.5, 3.5, 3.5, 3.5, 3.5, 3.5, 3.5, 3.5, 2.0]
BEST_hyper_parameter
v: [21.43, 12.0, 11.95, 29.06, 17.3, 30.02, 12.0, 12.0, 12.0, 12.0, 12.0, 34.65, 22.79, 12.0]
a: [88.42, 61.69, 50.0, 139.41, 46.57, 147.83, 50.0, 69.91, 139.36, 50.0, 50.0, 105.78, 50.0, 50.0]
d: [3.5, 3.5, 3.7, 3.5, 3.5, 3.5, 3.5, 3.5, 3.5, 3.5, 3.5, 3.5, 3.5, 2.0]
random_idx_1 = 1, random_idx_2 = 8
random_idx_1 = 2, random_idx_2 = 2

iteration: 59
best: [1000.0, 1000.0, 1000.0, 1000.0, 1000.0, 1000.0, 1000.0, 1000.0, 1000.0, 1000.0, 1000.0, 1000.0, 1000.0, 50.71]
time: [5.94, 7.84, 11.99, 14.17, 20.11, 1000, 1000, 1000, 1000, 1000, 1000, 1000, 1000, 1000]
current_hyper_parameter
v: [21.43, 12.0, 11.95, 29.06, 17.3, 30.02, 12.0, 12.0, 12.0, 12.0, 12.0, 34.65, 22.79, 12.0]
a: [88.42, 61.69, 50.0, 139.41, 46.57, 147.83, 50.0, 69.91, 103.59, 50.0, 50.0, 105.78, 50.0, 50.0]
d: [3.5, 3.5, 5.37, 3.5, 3.5, 3.5, 3.5, 3.5, 3.5, 3.5, 3.5, 3.5, 3.5, 2.0]
BEST_hyper_parameter
v: [21.43, 12.0, 11.95, 29.06, 17.3, 30.02, 12.0, 12.0, 12.0, 12.0, 12.0, 34.65, 22.79, 12.0]
a: [88.42, 61.69, 50.0, 139.41, 46.57, 147.83, 50.0, 69.91, 139.36, 50.0, 50.0, 105.78, 50.0, 50.0]
d: [3.5, 3.5, 3.7, 3.5, 3.5, 3.5, 3.5, 3.5, 3.5, 3.5, 3.5, 3.5, 3.5, 2.0]
random_idx_1 = 2, random_idx_2 = 4
random_idx_1 = 1, random_idx_2 = 8

iteration: 60
best: [1000.0, 1000.0, 1000.0, 1000.0, 1000.0, 1000.0, 1000.0, 1000.0, 1000.0, 1000.0, 1000.0, 1000.0, 1000.0, 50.71]
time: [5.96, 7.8, 11.86, 14.13, 17.23, 19.89, 34.77, 38.62, 40.87, 43.88, 46.43, 48.28, 51.51, 1000]
current_hyper_parameter
v: [21.43, 12.0, 11.95, 29.06, 17.3, 30.02, 12.0, 12.0, 12.0, 12.0, 12.0, 34.65, 22.79, 12.0]
a: [88.42, 61.69, 50.0, 139.41, 46.57, 147.83, 50.0, 69.91, 69.39, 50.0, 50.0, 105.78, 50.0, 50.0]
d: [3.5, 3.5, 3.7, 3.5, 3.5, 3.5, 3.5, 3.5, 3.5, 3.5, 3.5, 3.5, 3.5, 2.0]
BEST_hyper_parameter
v: [21.43, 12.0, 11.95, 29.06, 17.3, 30.02, 12.0, 12.0, 12.0, 12.0, 12.0, 34.65, 22.79, 12.0]
a: [88.42, 61.69, 50.0, 139.41, 46.57, 147.83, 50.0, 69.91, 139.36, 50.0, 50.0, 105.78, 50.0, 50.0]
d: [3.5, 3.5, 3.7, 3.5, 3.5, 3.5, 3.5, 3.5, 3.5, 3.5, 3.5, 3.5, 3.5, 2.0]
random_idx_1 = 2, random_idx_2 = 11
random_idx_1 = 1, random_idx_2 = 9

iteration: 61
best: [1000.0, 1000.0, 1000.0, 1000.0, 1000.0, 1000.0, 1000.0, 1000.0, 1000.0, 1000.0, 1000.0, 1000.0, 1000.0, 50.71]
time: [5.9, 7.74, 11.86, 14.14, 17.22, 19.87, 35.02, 38.82, 40.84, 43.14, 45.12, 46.83, 49.96, 51.74]
current_hyper_parameter
v: [21.43, 12.0, 11.95, 29.06, 17.3, 30.02, 12.0, 12.0, 12.0, 12.0, 12.0, 34.65, 22.79, 12.0]
a: [88.42, 61.69, 50.0, 139.41, 46.57, 147.83, 50.0, 69.91, 139.36, 127.11, 50.0, 105.78, 50.0, 50.0]
d: [3.5, 3.5, 3.7, 3.5, 3.5, 3.5, 3.5, 3.5, 3.5, 3.5, 3.5, 3.5, 3.5, 2.0]
BEST_hyper_parameter
v: [21.43, 12.0, 11.95, 29.06, 17.3, 30.02, 12.0, 12.0, 12.0, 12.0, 12.0, 34.65, 22.79, 12.0]
a: [88.42, 61.69, 50.0, 139.41, 46.57, 147.83, 50.0, 69.91, 139.36, 50.0, 50.0, 105.78, 50.0, 50.0]
d: [3.5, 3.5, 3.7, 3.5, 3.5, 3.5, 3.5, 3.5, 3.5, 3.5, 3.5, 3.5, 3.5, 2.0]
random_idx_1 = 1, random_idx_2 = 10
random_idx_1 = 2, random_idx_2 = 8

iteration: 62
best: [1000.0, 1000.0, 1000.0, 1000.0, 1000.0, 1000.0, 1000.0, 1000.0, 1000.0, 1000.0, 1000.0, 1000.0, 1000.0, 50.71]
time: [5.96, 7.8, 11.95, 14.43, 1000, 1000, 1000, 1000, 1000, 1000, 1000, 1000, 1000, 1000]
current_hyper_parameter
v: [21.43, 12.0, 11.95, 29.06, 17.3, 30.02, 12.0, 12.0, 12.0, 12.0, 12.0, 34.65, 22.79, 12.0]
a: [88.42, 61.69, 50.0, 139.41, 46.57, 147.83, 50.0, 69.91, 139.36, 50.0, 111.43, 105.78, 50.0, 50.0]
d: [3.5, 3.5, 3.7, 3.5, 3.5, 3.5, 3.5, 3.5, 3.5, 3.5, 3.5, 3.5, 3.5, 2.0]
BEST_hyper_parameter
v: [21.43, 12.0, 11.95, 29.06, 17.3, 30.02, 12.0, 12.0, 12.0, 12.0, 12.0, 34.65, 22.79, 12.0]
a: [88.42, 61.69, 50.0, 139.41, 46.57, 147.83, 50.0, 69.91, 139.36, 50.0, 50.0, 105.78, 50.0, 50.0]
d: [3.5, 3.5, 3.7, 3.5, 3.5, 3.5, 3.5, 3.5, 3.5, 3.5, 3.5, 3.5, 3.5, 2.0]
random_idx_1 = 0, random_idx_2 = 10
random_idx_1 = 2, random_idx_2 = 2

iteration: 63
best: [1000.0, 1000.0, 1000.0, 1000.0, 1000.0, 1000.0, 1000.0, 1000.0, 1000.0, 1000.0, 1000.0, 1000.0, 1000.0, 50.71]
time: [5.95, 7.81, 11.96, 17.44, 20.51, 23.36, 38.97, 42.74, 44.81, 48.05, 50.4, 1000, 1000, 1000]
current_hyper_parameter
v: [21.43, 12.0, 11.95, 29.06, 17.3, 30.02, 12.0, 12.0, 12.0, 12.0, 21.0, 34.65, 22.79, 12.0]
a: [88.42, 61.69, 50.0, 139.41, 46.57, 147.83, 50.0, 69.91, 139.36, 50.0, 50.0, 105.78, 50.0, 50.0]
d: [3.5, 3.5, 3.8, 3.5, 3.5, 3.5, 3.5, 3.5, 3.5, 3.5, 3.5, 3.5, 3.5, 2.0]
BEST_hyper_parameter
v: [21.43, 12.0, 11.95, 29.06, 17.3, 30.02, 12.0, 12.0, 12.0, 12.0, 12.0, 34.65, 22.79, 12.0]
a: [88.42, 61.69, 50.0, 139.41, 46.57, 147.83, 50.0, 69.91, 139.36, 50.0, 50.0, 105.78, 50.0, 50.0]
d: [3.5, 3.5, 3.7, 3.5, 3.5, 3.5, 3.5, 3.5, 3.5, 3.5, 3.5, 3.5, 3.5, 2.0]
random_idx_1 = 2, random_idx_2 = 8
random_idx_1 = 0, random_idx_2 = 0

iteration: 64
best: [1000.0, 1000.0, 1000.0, 1000.0, 1000.0, 1000.0, 1000.0, 1000.0, 1000.0, 1000.0, 1000.0, 1000.0, 1000.0, 50.71]
time: [6.2, 8.3, 12.65, 18.26, 23.02, 25.86, 42.77, 46.78, 48.63, 50.88, 52.33, 1000, 1000, 1000]
current_hyper_parameter
v: [13.6, 12.0, 11.95, 29.06, 17.3, 30.02, 12.0, 12.0, 12.0, 12.0, 12.0, 34.65, 22.79, 12.0]
a: [88.42, 61.69, 50.0, 139.41, 46.57, 147.83, 50.0, 69.91, 139.36, 50.0, 50.0, 105.78, 50.0, 50.0]
d: [3.5, 3.5, 3.7, 3.5, 3.5, 3.5, 3.5, 3.5, 3.5, 3.5, 3.5, 3.5, 3.5, 2.0]
BEST_hyper_parameter
v: [21.43, 12.0, 11.95, 29.06, 17.3, 30.02, 12.0, 12.0, 12.0, 12.0, 12.0, 34.65, 22.79, 12.0]
a: [88.42, 61.69, 50.0, 139.41, 46.57, 147.83, 50.0, 69.91, 139.36, 50.0, 50.0, 105.78, 50.0, 50.0]
d: [3.5, 3.5, 3.7, 3.5, 3.5, 3.5, 3.5, 3.5, 3.5, 3.5, 3.5, 3.5, 3.5, 2.0]
random_idx_1 = 2, random_idx_2 = 11
random_idx_1 = 1, random_idx_2 = 1

iteration: 65
best: [1000.0, 1000.0, 1000.0, 1000.0, 1000.0, 1000.0, 1000.0, 1000.0, 1000.0, 1000.0, 1000.0, 1000.0, 1000.0, 50.71]
time: [5.9, 7.71, 11.76, 17.51, 25.46, 28.28, 45.42, 49.84, 51.71, 1000, 1000, 1000, 1000, 1000]
current_hyper_parameter
v: [21.43, 12.0, 11.95, 29.06, 17.3, 30.02, 12.0, 12.0, 12.0, 12.0, 12.0, 34.65, 22.79, 12.0]
a: [88.42, 73.63, 50.0, 139.41, 46.57, 147.83, 50.0, 69.91, 139.36, 50.0, 50.0, 105.78, 50.0, 50.0]
d: [3.5, 3.5, 3.7, 3.5, 3.5, 3.5, 3.5, 3.5, 3.5, 3.5, 3.5, 3.5, 3.5, 2.0]
BEST_hyper_parameter
v: [21.43, 12.0, 11.95, 29.06, 17.3, 30.02, 12.0, 12.0, 12.0, 12.0, 12.0, 34.65, 22.79, 12.0]
a: [88.42, 61.69, 50.0, 139.41, 46.57, 147.83, 50.0, 69.91, 139.36, 50.0, 50.0, 105.78, 50.0, 50.0]
d: [3.5, 3.5, 3.7, 3.5, 3.5, 3.5, 3.5, 3.5, 3.5, 3.5, 3.5, 3.5, 3.5, 2.0]
random_idx_1 = 1, random_idx_2 = 4
random_idx_1 = 1, random_idx_2 = 0

iteration: 66
best: [1000.0, 1000.0, 1000.0, 1000.0, 1000.0, 1000.0, 1000.0, 1000.0, 1000.0, 1000.0, 1000.0, 1000.0, 1000.0, 50.71]
time: [5.93, 7.76, 11.93, 14.43, 31.63, 35.99, 1000, 1000, 1000, 1000, 1000, 1000, 1000, 1000]
current_hyper_parameter
v: [21.43, 12.0, 11.95, 29.06, 17.3, 30.02, 12.0, 12.0, 12.0, 12.0, 12.0, 34.65, 22.79, 12.0]
a: [90.93, 61.69, 50.0, 139.41, 82.29, 147.83, 50.0, 69.91, 139.36, 50.0, 50.0, 105.78, 50.0, 50.0]
d: [3.5, 3.5, 3.7, 3.5, 3.5, 3.5, 3.5, 3.5, 3.5, 3.5, 3.5, 3.5, 3.5, 2.0]
BEST_hyper_parameter
v: [21.43, 12.0, 11.95, 29.06, 17.3, 30.02, 12.0, 12.0, 12.0, 12.0, 12.0, 34.65, 22.79, 12.0]
a: [88.42, 61.69, 50.0, 139.41, 46.57, 147.83, 50.0, 69.91, 139.36, 50.0, 50.0, 105.78, 50.0, 50.0]
d: [3.5, 3.5, 3.7, 3.5, 3.5, 3.5, 3.5, 3.5, 3.5, 3.5, 3.5, 3.5, 3.5, 2.0]
random_idx_1 = 1, random_idx_2 = 6
random_idx_1 = 1, random_idx_2 = 2

iteration: 67
best: [1000.0, 1000.0, 1000.0, 1000.0, 1000.0, 1000.0, 1000.0, 1000.0, 1000.0, 1000.0, 1000.0, 1000.0, 1000.0, 50.71]
time: [5.96, 7.81, 12.06, 18.19, 26.37, 36.82, 1000, 1000, 1000, 1000, 1000, 1000, 1000, 1000]
current_hyper_parameter
v: [21.43, 12.0, 11.95, 29.06, 17.3, 30.02, 12.0, 12.0, 12.0, 12.0, 12.0, 34.65, 22.79, 12.0]
a: [88.42, 61.69, 39.26, 139.41, 46.57, 147.83, 89.29, 69.91, 139.36, 50.0, 50.0, 105.78, 50.0, 50.0]
d: [3.5, 3.5, 3.7, 3.5, 3.5, 3.5, 3.5, 3.5, 3.5, 3.5, 3.5, 3.5, 3.5, 2.0]
BEST_hyper_parameter
v: [21.43, 12.0, 11.95, 29.06, 17.3, 30.02, 12.0, 12.0, 12.0, 12.0, 12.0, 34.65, 22.79, 12.0]
a: [88.42, 61.69, 50.0, 139.41, 46.57, 147.83, 50.0, 69.91, 139.36, 50.0, 50.0, 105.78, 50.0, 50.0]
d: [3.5, 3.5, 3.7, 3.5, 3.5, 3.5, 3.5, 3.5, 3.5, 3.5, 3.5, 3.5, 3.5, 2.0]
random_idx_1 = 0, random_idx_2 = 12
random_idx_1 = 2, random_idx_2 = 13

iteration: 68
best: [1000.0, 1000.0, 1000.0, 1000.0, 1000.0, 1000.0, 1000.0, 1000.0, 1000.0, 1000.0, 1000.0, 1000.0, 1000.0, 50.71]
time: [5.94, 7.83, 12.08, 17.48, 23.54, 1000, 1000, 1000, 1000, 1000, 1000, 1000, 1000, 1000]
current_hyper_parameter
v: [21.43, 12.0, 11.95, 29.06, 17.3, 30.02, 12.0, 12.0, 12.0, 12.0, 12.0, 34.65, 23.27, 12.0]
a: [88.42, 61.69, 50.0, 139.41, 46.57, 147.83, 50.0, 69.91, 139.36, 50.0, 50.0, 105.78, 50.0, 50.0]
d: [3.5, 3.5, 3.7, 3.5, 3.5, 3.5, 3.5, 3.5, 3.5, 3.5, 3.5, 3.5, 3.5, 2.0]
BEST_hyper_parameter
v: [21.43, 12.0, 11.95, 29.06, 17.3, 30.02, 12.0, 12.0, 12.0, 12.0, 12.0, 34.65, 22.79, 12.0]
a: [88.42, 61.69, 50.0, 139.41, 46.57, 147.83, 50.0, 69.91, 139.36, 50.0, 50.0, 105.78, 50.0, 50.0]
d: [3.5, 3.5, 3.7, 3.5, 3.5, 3.5, 3.5, 3.5, 3.5, 3.5, 3.5, 3.5, 3.5, 2.0]
random_idx_1 = 1, random_idx_2 = 2
random_idx_1 = 0, random_idx_2 = 9

iteration: 69
best: [1000.0, 1000.0, 1000.0, 1000.0, 1000.0, 1000.0, 1000.0, 1000.0, 1000.0, 1000.0, 1000.0, 1000.0, 1000.0, 50.71]
time: [5.97, 7.85, 11.73, 17.62, 22.03, 27.3, 46.84, 50.88, 1000, 1000, 1000, 1000, 1000, 1000]
current_hyper_parameter
v: [21.43, 12.0, 11.95, 29.06, 17.3, 30.02, 12.0, 12.0, 12.0, 19.94, 12.0, 34.65, 22.79, 12.0]
a: [88.42, 61.69, 110.72, 139.41, 46.57, 147.83, 50.0, 69.91, 139.36, 50.0, 50.0, 105.78, 50.0, 50.0]
d: [3.5, 3.5, 3.7, 3.5, 3.5, 3.5, 3.5, 3.5, 3.5, 3.5, 3.5, 3.5, 3.5, 2.0]
BEST_hyper_parameter
v: [21.43, 12.0, 11.95, 29.06, 17.3, 30.02, 12.0, 12.0, 12.0, 12.0, 12.0, 34.65, 22.79, 12.0]
a: [88.42, 61.69, 50.0, 139.41, 46.57, 147.83, 50.0, 69.91, 139.36, 50.0, 50.0, 105.78, 50.0, 50.0]
d: [3.5, 3.5, 3.7, 3.5, 3.5, 3.5, 3.5, 3.5, 3.5, 3.5, 3.5, 3.5, 3.5, 2.0]
random_idx_1 = 0, random_idx_2 = 4
random_idx_1 = 0, random_idx_2 = 0

iteration: 70
best: [1000.0, 1000.0, 1000.0, 1000.0, 1000.0, 1000.0, 1000.0, 1000.0, 1000.0, 1000.0, 1000.0, 1000.0, 1000.0, 50.71]
time: [5.92, 7.72, 11.81, 14.1, 20.39, 1000, 1000, 1000, 1000, 1000, 1000, 1000, 1000, 1000]
current_hyper_parameter
v: [24.78, 12.0, 11.95, 29.06, 25.68, 30.02, 12.0, 12.0, 12.0, 12.0, 12.0, 34.65, 22.79, 12.0]
a: [88.42, 61.69, 50.0, 139.41, 46.57, 147.83, 50.0, 69.91, 139.36, 50.0, 50.0, 105.78, 50.0, 50.0]
d: [3.5, 3.5, 3.7, 3.5, 3.5, 3.5, 3.5, 3.5, 3.5, 3.5, 3.5, 3.5, 3.5, 2.0]
BEST_hyper_parameter
v: [21.43, 12.0, 11.95, 29.06, 17.3, 30.02, 12.0, 12.0, 12.0, 12.0, 12.0, 34.65, 22.79, 12.0]
a: [88.42, 61.69, 50.0, 139.41, 46.57, 147.83, 50.0, 69.91, 139.36, 50.0, 50.0, 105.78, 50.0, 50.0]
d: [3.5, 3.5, 3.7, 3.5, 3.5, 3.5, 3.5, 3.5, 3.5, 3.5, 3.5, 3.5, 3.5, 2.0]
random_idx_1 = 1, random_idx_2 = 12
random_idx_1 = 1, random_idx_2 = 9

iteration: 71
best: [1000.0, 1000.0, 1000.0, 1000.0, 1000.0, 1000.0, 1000.0, 1000.0, 1000.0, 1000.0, 1000.0, 1000.0, 1000.0, 50.71]
time: [5.94, 7.84, 12.06, 17.46, 23.39, 26.6, 41.08, 44.92, 46.83, 49.01, 1000, 1000, 1000, 1000]
current_hyper_parameter
v: [21.43, 12.0, 11.95, 29.06, 17.3, 30.02, 12.0, 12.0, 12.0, 12.0, 12.0, 34.65, 22.79, 12.0]
a: [88.42, 61.69, 50.0, 139.41, 46.57, 147.83, 50.0, 69.91, 139.36, 112.57, 50.0, 105.78, 83.53, 50.0]
d: [3.5, 3.5, 3.7, 3.5, 3.5, 3.5, 3.5, 3.5, 3.5, 3.5, 3.5, 3.5, 3.5, 2.0]
BEST_hyper_parameter
v: [21.43, 12.0, 11.95, 29.06, 17.3, 30.02, 12.0, 12.0, 12.0, 12.0, 12.0, 34.65, 22.79, 12.0]
a: [88.42, 61.69, 50.0, 139.41, 46.57, 147.83, 50.0, 69.91, 139.36, 50.0, 50.0, 105.78, 50.0, 50.0]
d: [3.5, 3.5, 3.7, 3.5, 3.5, 3.5, 3.5, 3.5, 3.5, 3.5, 3.5, 3.5, 3.5, 2.0]
random_idx_1 = 0, random_idx_2 = 5
random_idx_1 = 1, random_idx_2 = 13

iteration: 72
best: [1000.0, 1000.0, 1000.0, 1000.0, 1000.0, 1000.0, 1000.0, 1000.0, 1000.0, 1000.0, 1000.0, 1000.0, 1000.0, 50.71]
time: [5.94, 7.84, 12.09, 17.47, 20.53, 23.52, 1000, 1000, 1000, 1000, 1000, 1000, 1000, 1000]
current_hyper_parameter
v: [21.43, 12.0, 11.95, 29.06, 17.3, 23.07, 12.0, 12.0, 12.0, 12.0, 12.0, 34.65, 22.79, 12.0]
a: [88.42, 61.69, 50.0, 139.41, 46.57, 147.83, 50.0, 69.91, 139.36, 50.0, 50.0, 105.78, 50.0, 125.95]
d: [3.5, 3.5, 3.7, 3.5, 3.5, 3.5, 3.5, 3.5, 3.5, 3.5, 3.5, 3.5, 3.5, 2.0]
BEST_hyper_parameter
v: [21.43, 12.0, 11.95, 29.06, 17.3, 30.02, 12.0, 12.0, 12.0, 12.0, 12.0, 34.65, 22.79, 12.0]
a: [88.42, 61.69, 50.0, 139.41, 46.57, 147.83, 50.0, 69.91, 139.36, 50.0, 50.0, 105.78, 50.0, 50.0]
d: [3.5, 3.5, 3.7, 3.5, 3.5, 3.5, 3.5, 3.5, 3.5, 3.5, 3.5, 3.5, 3.5, 2.0]
random_idx_1 = 2, random_idx_2 = 6
random_idx_1 = 0, random_idx_2 = 11

iteration: 73
best: [1000.0, 1000.0, 1000.0, 1000.0, 1000.0, 1000.0, 1000.0, 1000.0, 1000.0, 1000.0, 1000.0, 1000.0, 1000.0, 50.71]
time: [5.89, 7.74, 11.85, 14.13, 17.19, 19.96, 34.48, 38.27, 40.17, 42.52, 44.5, 46.39, 49.42, 51.32]
current_hyper_parameter
v: [21.43, 12.0, 11.95, 29.06, 17.3, 30.02, 12.0, 12.0, 12.0, 12.0, 12.0, 19.09, 22.79, 12.0]
a: [88.42, 61.69, 50.0, 139.41, 46.57, 147.83, 50.0, 69.91, 139.36, 50.0, 50.0, 105.78, 50.0, 50.0]
d: [3.5, 3.5, 3.7, 3.5, 3.5, 3.5, 3.5, 3.5, 3.5, 3.5, 3.5, 3.5, 3.5, 2.0]
BEST_hyper_parameter
v: [21.43, 12.0, 11.95, 29.06, 17.3, 30.02, 12.0, 12.0, 12.0, 12.0, 12.0, 34.65, 22.79, 12.0]
a: [88.42, 61.69, 50.0, 139.41, 46.57, 147.83, 50.0, 69.91, 139.36, 50.0, 50.0, 105.78, 50.0, 50.0]
d: [3.5, 3.5, 3.7, 3.5, 3.5, 3.5, 3.5, 3.5, 3.5, 3.5, 3.5, 3.5, 3.5, 2.0]
random_idx_1 = 2, random_idx_2 = 13
random_idx_1 = 0, random_idx_2 = 12

iteration: 74
best: [1000.0, 1000.0, 1000.0, 1000.0, 1000.0, 1000.0, 1000.0, 1000.0, 1000.0, 1000.0, 1000.0, 1000.0, 1000.0, 50.71]
time: [5.97, 7.86, 12.14, 17.54, 23.62, 1000, 1000, 1000, 1000, 1000, 1000, 1000, 1000, 1000]
current_hyper_parameter
v: [21.43, 12.0, 11.95, 29.06, 17.3, 30.02, 12.0, 12.0, 12.0, 12.0, 12.0, 34.65, 21.37, 12.0]
a: [88.42, 61.69, 50.0, 139.41, 46.57, 147.83, 50.0, 69.91, 139.36, 50.0, 50.0, 105.78, 50.0, 50.0]
d: [3.5, 3.5, 3.7, 3.5, 3.5, 3.5, 3.5, 3.5, 3.5, 3.5, 3.5, 3.5, 3.5, 2.0]
BEST_hyper_parameter
v: [21.43, 12.0, 11.95, 29.06, 17.3, 30.02, 12.0, 12.0, 12.0, 12.0, 12.0, 34.65, 22.79, 12.0]
a: [88.42, 61.69, 50.0, 139.41, 46.57, 147.83, 50.0, 69.91, 139.36, 50.0, 50.0, 105.78, 50.0, 50.0]
d: [3.5, 3.5, 3.7, 3.5, 3.5, 3.5, 3.5, 3.5, 3.5, 3.5, 3.5, 3.5, 3.5, 2.0]
random_idx_1 = 0, random_idx_2 = 4
random_idx_1 = 0, random_idx_2 = 8

iteration: 75
best: [1000.0, 1000.0, 1000.0, 1000.0, 1000.0, 1000.0, 1000.0, 1000.0, 1000.0, 1000.0, 1000.0, 1000.0, 1000.0, 50.71]
time: [5.96, 7.87, 12.13, 17.51, 23.53, 29.69, 44.21, 48.16, 49.64, 1000, 1000, 1000, 1000, 1000]
current_hyper_parameter
v: [21.43, 12.0, 11.95, 29.06, 22.6, 30.02, 12.0, 12.0, 19.11, 12.0, 12.0, 34.65, 22.79, 12.0]
a: [88.42, 61.69, 50.0, 139.41, 46.57, 147.83, 50.0, 69.91, 139.36, 50.0, 50.0, 105.78, 50.0, 50.0]
d: [3.5, 3.5, 3.7, 3.5, 3.5, 3.5, 3.5, 3.5, 3.5, 3.5, 3.5, 3.5, 3.5, 2.0]
BEST_hyper_parameter
v: [21.43, 12.0, 11.95, 29.06, 17.3, 30.02, 12.0, 12.0, 12.0, 12.0, 12.0, 34.65, 22.79, 12.0]
a: [88.42, 61.69, 50.0, 139.41, 46.57, 147.83, 50.0, 69.91, 139.36, 50.0, 50.0, 105.78, 50.0, 50.0]
d: [3.5, 3.5, 3.7, 3.5, 3.5, 3.5, 3.5, 3.5, 3.5, 3.5, 3.5, 3.5, 3.5, 2.0]
random_idx_1 = 1, random_idx_2 = 13
random_idx_1 = 2, random_idx_2 = 10

iteration: 76
best: [1000.0, 1000.0, 1000.0, 1000.0, 1000.0, 1000.0, 1000.0, 1000.0, 1000.0, 1000.0, 1000.0, 1000.0, 1000.0, 50.71]
time: [5.89, 7.73, 11.83, 14.12, 24.3, 48.81, 1000, 1000, 1000, 1000, 1000, 1000, 1000, 1000]
current_hyper_parameter
v: [21.43, 12.0, 11.95, 29.06, 17.3, 30.02, 12.0, 12.0, 12.0, 12.0, 12.0, 34.65, 22.79, 12.0]
a: [88.42, 61.69, 50.0, 139.41, 46.57, 147.83, 50.0, 69.91, 139.36, 50.0, 50.0, 105.78, 50.0, 108.37]
d: [3.5, 3.5, 3.7, 3.5, 3.5, 3.5, 3.5, 3.5, 3.5, 3.5, 3.5, 3.5, 3.5, 2.0]
BEST_hyper_parameter
v: [21.43, 12.0, 11.95, 29.06, 17.3, 30.02, 12.0, 12.0, 12.0, 12.0, 12.0, 34.65, 22.79, 12.0]
a: [88.42, 61.69, 50.0, 139.41, 46.57, 147.83, 50.0, 69.91, 139.36, 50.0, 50.0, 105.78, 50.0, 50.0]
d: [3.5, 3.5, 3.7, 3.5, 3.5, 3.5, 3.5, 3.5, 3.5, 3.5, 3.5, 3.5, 3.5, 2.0]
random_idx_1 = 0, random_idx_2 = 9
random_idx_1 = 1, random_idx_2 = 9

iteration: 77
best: [1000.0, 1000.0, 1000.0, 1000.0, 1000.0, 1000.0, 1000.0, 1000.0, 1000.0, 1000.0, 1000.0, 1000.0, 1000.0, 50.71]
time: [5.94, 7.81, 11.94, 17.43, 1000, 1000, 1000, 1000, 1000, 1000, 1000, 1000, 1000, 1000]
current_hyper_parameter
v: [21.43, 12.0, 11.95, 29.06, 17.3, 30.02, 12.0, 12.0, 12.0, 21.35, 12.0, 34.65, 22.79, 12.0]
a: [88.42, 61.69, 50.0, 139.41, 46.57, 147.83, 50.0, 69.91, 139.36, 159.85, 50.0, 105.78, 50.0, 50.0]
d: [3.5, 3.5, 3.7, 3.5, 3.5, 3.5, 3.5, 3.5, 3.5, 3.5, 3.5, 3.5, 3.5, 2.0]
BEST_hyper_parameter
v: [21.43, 12.0, 11.95, 29.06, 17.3, 30.02, 12.0, 12.0, 12.0, 12.0, 12.0, 34.65, 22.79, 12.0]
a: [88.42, 61.69, 50.0, 139.41, 46.57, 147.83, 50.0, 69.91, 139.36, 50.0, 50.0, 105.78, 50.0, 50.0]
d: [3.5, 3.5, 3.7, 3.5, 3.5, 3.5, 3.5, 3.5, 3.5, 3.5, 3.5, 3.5, 3.5, 2.0]
random_idx_1 = 2, random_idx_2 = 7
random_idx_1 = 0, random_idx_2 = 6

iteration: 78
best: [1000.0, 1000.0, 1000.0, 1000.0, 1000.0, 1000.0, 1000.0, 1000.0, 1000.0, 1000.0, 1000.0, 1000.0, 1000.0, 50.71]
time: [5.9, 7.75, 11.94, 14.42, 20.38, 23.39, 33.73, 37.34, 39.27, 41.45, 43.72, 45.56, 48.88, 50.82]
current_hyper_parameter
v: [21.43, 12.0, 11.95, 29.06, 17.3, 30.02, 32.42, 12.0, 12.0, 12.0, 12.0, 34.65, 22.79, 12.0]
a: [88.42, 61.69, 50.0, 139.41, 46.57, 147.83, 50.0, 69.91, 139.36, 50.0, 50.0, 105.78, 50.0, 50.0]
d: [3.5, 3.5, 3.7, 3.5, 3.5, 3.5, 3.5, 3.5, 3.5, 3.5, 3.5, 3.5, 3.5, 2.0]
BEST_hyper_parameter
v: [21.43, 12.0, 11.95, 29.06, 17.3, 30.02, 12.0, 12.0, 12.0, 12.0, 12.0, 34.65, 22.79, 12.0]
a: [88.42, 61.69, 50.0, 139.41, 46.57, 147.83, 50.0, 69.91, 139.36, 50.0, 50.0, 105.78, 50.0, 50.0]
d: [3.5, 3.5, 3.7, 3.5, 3.5, 3.5, 3.5, 3.5, 3.5, 3.5, 3.5, 3.5, 3.5, 2.0]
random_idx_1 = 1, random_idx_2 = 1
random_idx_1 = 1, random_idx_2 = 13

iteration: 79
best: [1000.0, 1000.0, 1000.0, 1000.0, 1000.0, 1000.0, 1000.0, 1000.0, 1000.0, 1000.0, 1000.0, 1000.0, 1000.0, 50.71]
time: [5.95, 7.81, 11.99, 17.45, 1000, 1000, 1000, 1000, 1000, 1000, 1000, 1000, 1000, 1000]
current_hyper_parameter
v: [21.43, 12.0, 11.95, 29.06, 17.3, 30.02, 12.0, 12.0, 12.0, 12.0, 12.0, 34.65, 22.79, 12.0]
a: [88.42, 55.63, 50.0, 139.41, 46.57, 147.83, 50.0, 69.91, 139.36, 50.0, 50.0, 105.78, 50.0, 89.37]
d: [3.5, 3.5, 3.7, 3.5, 3.5, 3.5, 3.5, 3.5, 3.5, 3.5, 3.5, 3.5, 3.5, 2.0]
BEST_hyper_parameter
v: [21.43, 12.0, 11.95, 29.06, 17.3, 30.02, 12.0, 12.0, 12.0, 12.0, 12.0, 34.65, 22.79, 12.0]
a: [88.42, 61.69, 50.0, 139.41, 46.57, 147.83, 50.0, 69.91, 139.36, 50.0, 50.0, 105.78, 50.0, 50.0]
d: [3.5, 3.5, 3.7, 3.5, 3.5, 3.5, 3.5, 3.5, 3.5, 3.5, 3.5, 3.5, 3.5, 2.0]
random_idx_1 = 2, random_idx_2 = 4
random_idx_1 = 1, random_idx_2 = 8

iteration: 80
best: [1000.0, 1000.0, 1000.0, 1000.0, 1000.0, 1000.0, 1000.0, 1000.0, 1000.0, 1000.0, 1000.0, 1000.0, 1000.0, 50.71]
time: [5.96, 7.85, 12.08, 17.48, 23.6, 29.66, 44.15, 48.95, 1000, 1000, 1000, 1000, 1000, 1000]
current_hyper_parameter
v: [21.43, 12.0, 11.95, 29.06, 17.3, 30.02, 12.0, 12.0, 12.0, 12.0, 12.0, 34.65, 22.79, 12.0]
a: [88.42, 61.69, 50.0, 139.41, 46.57, 147.83, 50.0, 69.91, 25.09, 50.0, 50.0, 105.78, 50.0, 50.0]
d: [3.5, 3.5, 3.7, 3.5, 3.5, 3.5, 3.5, 3.5, 3.5, 3.5, 3.5, 3.5, 3.5, 2.0]
BEST_hyper_parameter
v: [21.43, 12.0, 11.95, 29.06, 17.3, 30.02, 12.0, 12.0, 12.0, 12.0, 12.0, 34.65, 22.79, 12.0]
a: [88.42, 61.69, 50.0, 139.41, 46.57, 147.83, 50.0, 69.91, 139.36, 50.0, 50.0, 105.78, 50.0, 50.0]
d: [3.5, 3.5, 3.7, 3.5, 3.5, 3.5, 3.5, 3.5, 3.5, 3.5, 3.5, 3.5, 3.5, 2.0]
random_idx_1 = 1, random_idx_2 = 12
random_idx_1 = 1, random_idx_2 = 10

iteration: 81
best: [1000.0, 1000.0, 1000.0, 1000.0, 1000.0, 1000.0, 1000.0, 1000.0, 1000.0, 1000.0, 1000.0, 1000.0, 1000.0, 50.71]
time: [6.0, 8.24, 12.48, 14.92, 18.06, 20.8, 38.28, 42.22, 44.28, 46.98, 49.05, 50.92, 1000, 1000]
current_hyper_parameter
v: [21.43, 12.0, 11.95, 29.06, 17.3, 30.02, 12.0, 12.0, 12.0, 12.0, 12.0, 34.65, 22.79, 12.0]
a: [88.42, 61.69, 50.0, 139.41, 46.57, 147.83, 50.0, 69.91, 139.36, 50.0, 89.45, 105.78, 92.18, 50.0]
d: [3.5, 3.5, 3.7, 3.5, 3.5, 3.5, 3.5, 3.5, 3.5, 3.5, 3.5, 3.5, 3.5, 2.0]
BEST_hyper_parameter
v: [21.43, 12.0, 11.95, 29.06, 17.3, 30.02, 12.0, 12.0, 12.0, 12.0, 12.0, 34.65, 22.79, 12.0]
a: [88.42, 61.69, 50.0, 139.41, 46.57, 147.83, 50.0, 69.91, 139.36, 50.0, 50.0, 105.78, 50.0, 50.0]
d: [3.5, 3.5, 3.7, 3.5, 3.5, 3.5, 3.5, 3.5, 3.5, 3.5, 3.5, 3.5, 3.5, 2.0]
random_idx_1 = 2, random_idx_2 = 4
random_idx_1 = 1, random_idx_2 = 9

iteration: 82
best: [1000.0, 1000.0, 1000.0, 1000.0, 1000.0, 1000.0, 1000.0, 1000.0, 1000.0, 1000.0, 1000.0, 1000.0, 1000.0, 50.71]
time: [5.9, 7.73, 11.65, 16.99, 20.04, 22.91, 39.98, 43.84, 45.95, 48.76, 51.2, 1000, 1000, 1000]
current_hyper_parameter
v: [21.43, 12.0, 11.95, 29.06, 17.3, 30.02, 12.0, 12.0, 12.0, 12.0, 12.0, 34.65, 22.79, 12.0]
a: [88.42, 61.69, 50.0, 139.41, 46.57, 147.83, 50.0, 69.91, 139.36, 131.54, 50.0, 105.78, 50.0, 50.0]
d: [3.5, 3.5, 3.7, 3.5, 3.5, 3.5, 3.5, 3.5, 3.5, 3.5, 3.5, 3.5, 3.5, 2.0]
BEST_hyper_parameter
v: [21.43, 12.0, 11.95, 29.06, 17.3, 30.02, 12.0, 12.0, 12.0, 12.0, 12.0, 34.65, 22.79, 12.0]
a: [88.42, 61.69, 50.0, 139.41, 46.57, 147.83, 50.0, 69.91, 139.36, 50.0, 50.0, 105.78, 50.0, 50.0]
d: [3.5, 3.5, 3.7, 3.5, 3.5, 3.5, 3.5, 3.5, 3.5, 3.5, 3.5, 3.5, 3.5, 2.0]
random_idx_1 = 2, random_idx_2 = 7
random_idx_1 = 1, random_idx_2 = 10

iteration: 83
best: [1000.0, 1000.0, 1000.0, 1000.0, 1000.0, 1000.0, 1000.0, 1000.0, 1000.0, 1000.0, 1000.0, 1000.0, 1000.0, 50.71]
time: [5.94, 7.83, 12.08, 17.46, 23.56, 29.59, 44.16, 47.97, 49.93, 1000, 1000, 1000, 1000, 1000]
current_hyper_parameter
v: [21.43, 12.0, 11.95, 29.06, 17.3, 30.02, 12.0, 12.0, 12.0, 12.0, 12.0, 34.65, 22.79, 12.0]
a: [88.42, 61.69, 50.0, 139.41, 46.57, 147.83, 50.0, 69.91, 139.36, 50.0, 34.89, 105.78, 50.0, 50.0]
d: [3.5, 3.5, 3.7, 3.5, 3.5, 3.5, 3.5, 3.5, 3.5, 3.5, 3.5, 3.5, 3.5, 2.0]
BEST_hyper_parameter
v: [21.43, 12.0, 11.95, 29.06, 17.3, 30.02, 12.0, 12.0, 12.0, 12.0, 12.0, 34.65, 22.79, 12.0]
a: [88.42, 61.69, 50.0, 139.41, 46.57, 147.83, 50.0, 69.91, 139.36, 50.0, 50.0, 105.78, 50.0, 50.0]
d: [3.5, 3.5, 3.7, 3.5, 3.5, 3.5, 3.5, 3.5, 3.5, 3.5, 3.5, 3.5, 3.5, 2.0]
random_idx_1 = 2, random_idx_2 = 3
random_idx_1 = 1, random_idx_2 = 8

iteration: 84
best: [1000.0, 1000.0, 1000.0, 1000.0, 1000.0, 1000.0, 1000.0, 1000.0, 1000.0, 1000.0, 1000.0, 1000.0, 1000.0, 50.71]
time: [5.95, 7.8, 11.88, 14.4, 20.69, 1000, 1000, 1000, 1000, 1000, 1000, 1000, 1000, 1000]
current_hyper_parameter
v: [21.43, 12.0, 11.95, 29.06, 17.3, 30.02, 12.0, 12.0, 12.0, 12.0, 12.0, 34.65, 22.79, 12.0]
a: [88.42, 61.69, 50.0, 139.41, 46.57, 147.83, 50.0, 69.91, 105.08, 50.0, 50.0, 105.78, 50.0, 50.0]
d: [3.5, 3.5, 3.7, 3.5, 3.5, 3.5, 3.5, 3.5, 3.5, 3.5, 3.5, 3.5, 3.5, 2.0]
BEST_hyper_parameter
v: [21.43, 12.0, 11.95, 29.06, 17.3, 30.02, 12.0, 12.0, 12.0, 12.0, 12.0, 34.65, 22.79, 12.0]
a: [88.42, 61.69, 50.0, 139.41, 46.57, 147.83, 50.0, 69.91, 139.36, 50.0, 50.0, 105.78, 50.0, 50.0]
d: [3.5, 3.5, 3.7, 3.5, 3.5, 3.5, 3.5, 3.5, 3.5, 3.5, 3.5, 3.5, 3.5, 2.0]
random_idx_1 = 1, random_idx_2 = 12
random_idx_1 = 0, random_idx_2 = 9

iteration: 85
best: [1000.0, 1000.0, 1000.0, 1000.0, 1000.0, 1000.0, 1000.0, 1000.0, 1000.0, 1000.0, 1000.0, 1000.0, 1000.0, 50.71]
time: [5.94, 7.78, 11.77, 19.22, 23.32, 25.95, 42.01, 45.93, 48.04, 1000, 1000, 1000, 1000, 1000]
current_hyper_parameter
v: [21.43, 12.0, 11.95, 29.06, 17.3, 30.02, 12.0, 12.0, 12.0, 19.14, 12.0, 34.65, 22.79, 12.0]
a: [88.42, 61.69, 50.0, 139.41, 46.57, 147.83, 50.0, 69.91, 139.36, 50.0, 50.0, 105.78, 48.15, 50.0]
d: [3.5, 3.5, 3.7, 3.5, 3.5, 3.5, 3.5, 3.5, 3.5, 3.5, 3.5, 3.5, 3.5, 2.0]
BEST_hyper_parameter
v: [21.43, 12.0, 11.95, 29.06, 17.3, 30.02, 12.0, 12.0, 12.0, 12.0, 12.0, 34.65, 22.79, 12.0]
a: [88.42, 61.69, 50.0, 139.41, 46.57, 147.83, 50.0, 69.91, 139.36, 50.0, 50.0, 105.78, 50.0, 50.0]
d: [3.5, 3.5, 3.7, 3.5, 3.5, 3.5, 3.5, 3.5, 3.5, 3.5, 3.5, 3.5, 3.5, 2.0]
random_idx_1 = 0, random_idx_2 = 0
random_idx_1 = 1, random_idx_2 = 0

iteration: 86
best: [1000.0, 1000.0, 1000.0, 1000.0, 1000.0, 1000.0, 1000.0, 1000.0, 1000.0, 1000.0, 1000.0, 1000.0, 1000.0, 50.71]
time: [7.33, 9.91, 14.3, 16.63, 22.93, 45.55, 1000, 1000, 1000, 1000, 1000, 1000, 1000, 1000]
current_hyper_parameter
v: [9.1, 12.0, 11.95, 29.06, 17.3, 30.02, 12.0, 12.0, 12.0, 12.0, 12.0, 34.65, 22.79, 12.0]
a: [33.22, 61.69, 50.0, 139.41, 46.57, 147.83, 50.0, 69.91, 139.36, 50.0, 50.0, 105.78, 50.0, 50.0]
d: [3.5, 3.5, 3.7, 3.5, 3.5, 3.5, 3.5, 3.5, 3.5, 3.5, 3.5, 3.5, 3.5, 2.0]
BEST_hyper_parameter
v: [21.43, 12.0, 11.95, 29.06, 17.3, 30.02, 12.0, 12.0, 12.0, 12.0, 12.0, 34.65, 22.79, 12.0]
a: [88.42, 61.69, 50.0, 139.41, 46.57, 147.83, 50.0, 69.91, 139.36, 50.0, 50.0, 105.78, 50.0, 50.0]
d: [3.5, 3.5, 3.7, 3.5, 3.5, 3.5, 3.5, 3.5, 3.5, 3.5, 3.5, 3.5, 3.5, 2.0]
random_idx_1 = 2, random_idx_2 = 3
random_idx_1 = 2, random_idx_2 = 7

iteration: 87
best: [1000.0, 1000.0, 1000.0, 1000.0, 1000.0, 1000.0, 1000.0, 1000.0, 1000.0, 1000.0, 1000.0, 1000.0, 1000.0, 50.71]
time: [5.95, 7.79, 11.93, 17.42, 23.5, 29.76, 47.23, 51.04, 1000, 1000, 1000, 1000, 1000, 1000]
current_hyper_parameter
v: [21.43, 12.0, 11.95, 29.06, 17.3, 30.02, 12.0, 12.0, 12.0, 12.0, 12.0, 34.65, 22.79, 12.0]
a: [88.42, 61.69, 50.0, 139.41, 46.57, 147.83, 50.0, 69.91, 139.36, 50.0, 50.0, 105.78, 50.0, 50.0]
d: [3.5, 3.5, 3.7, 3.5, 3.5, 3.5, 3.5, 3.5, 3.5, 3.5, 3.5, 3.5, 3.5, 2.0]
BEST_hyper_parameter
v: [21.43, 12.0, 11.95, 29.06, 17.3, 30.02, 12.0, 12.0, 12.0, 12.0, 12.0, 34.65, 22.79, 12.0]
a: [88.42, 61.69, 50.0, 139.41, 46.57, 147.83, 50.0, 69.91, 139.36, 50.0, 50.0, 105.78, 50.0, 50.0]
d: [3.5, 3.5, 3.7, 3.5, 3.5, 3.5, 3.5, 3.5, 3.5, 3.5, 3.5, 3.5, 3.5, 2.0]
random_idx_1 = 0, random_idx_2 = 6
random_idx_1 = 1, random_idx_2 = 2

iteration: 88
best: [1000.0, 1000.0, 1000.0, 1000.0, 1000.0, 1000.0, 1000.0, 1000.0, 1000.0, 1000.0, 1000.0, 1000.0, 1000.0, 50.71]
time: [6.01, 8.26, 12.09, 14.43, 23.46, 1000, 1000, 1000, 1000, 1000, 1000, 1000, 1000, 1000]
current_hyper_parameter
v: [21.43, 12.0, 11.95, 29.06, 17.3, 30.02, 10.97, 12.0, 12.0, 12.0, 12.0, 34.65, 22.79, 12.0]
a: [88.42, 61.69, 111.82, 139.41, 46.57, 147.83, 50.0, 69.91, 139.36, 50.0, 50.0, 105.78, 50.0, 50.0]
d: [3.5, 3.5, 3.7, 3.5, 3.5, 3.5, 3.5, 3.5, 3.5, 3.5, 3.5, 3.5, 3.5, 2.0]
BEST_hyper_parameter
v: [21.43, 12.0, 11.95, 29.06, 17.3, 30.02, 12.0, 12.0, 12.0, 12.0, 12.0, 34.65, 22.79, 12.0]
a: [88.42, 61.69, 50.0, 139.41, 46.57, 147.83, 50.0, 69.91, 139.36, 50.0, 50.0, 105.78, 50.0, 50.0]
d: [3.5, 3.5, 3.7, 3.5, 3.5, 3.5, 3.5, 3.5, 3.5, 3.5, 3.5, 3.5, 3.5, 2.0]
random_idx_1 = 0, random_idx_2 = 3
random_idx_1 = 0, random_idx_2 = 7

iteration: 89
best: [1000.0, 1000.0, 1000.0, 1000.0, 1000.0, 1000.0, 1000.0, 1000.0, 1000.0, 1000.0, 1000.0, 1000.0, 1000.0, 50.71]
time: [5.97, 7.81, 11.98, 17.46, 20.52, 23.42, 39.09, 42.58, 44.46, 47.52, 49.63, 51.41, 1000, 1000]
current_hyper_parameter
v: [21.43, 12.0, 11.95, 31.07, 17.3, 30.02, 12.0, 15.7, 12.0, 12.0, 12.0, 34.65, 22.79, 12.0]
a: [88.42, 61.69, 50.0, 139.41, 46.57, 147.83, 50.0, 69.91, 139.36, 50.0, 50.0, 105.78, 50.0, 50.0]
d: [3.5, 3.5, 3.7, 3.5, 3.5, 3.5, 3.5, 3.5, 3.5, 3.5, 3.5, 3.5, 3.5, 2.0]
BEST_hyper_parameter
v: [21.43, 12.0, 11.95, 29.06, 17.3, 30.02, 12.0, 12.0, 12.0, 12.0, 12.0, 34.65, 22.79, 12.0]
a: [88.42, 61.69, 50.0, 139.41, 46.57, 147.83, 50.0, 69.91, 139.36, 50.0, 50.0, 105.78, 50.0, 50.0]
d: [3.5, 3.5, 3.7, 3.5, 3.5, 3.5, 3.5, 3.5, 3.5, 3.5, 3.5, 3.5, 3.5, 2.0]
random_idx_1 = 2, random_idx_2 = 8
random_idx_1 = 1, random_idx_2 = 13

iteration: 90
best: [1000.0, 1000.0, 1000.0, 1000.0, 1000.0, 1000.0, 1000.0, 1000.0, 1000.0, 1000.0, 1000.0, 1000.0, 1000.0, 50.71]
time: [5.9, 7.75, 11.85, 14.13, 20.43, 1000, 1000, 1000, 1000, 1000, 1000, 1000, 1000, 1000]
current_hyper_parameter
v: [21.43, 12.0, 11.95, 29.06, 17.3, 30.02, 12.0, 12.0, 12.0, 12.0, 12.0, 34.65, 22.79, 12.0]
a: [88.42, 61.69, 50.0, 139.41, 46.57, 147.83, 50.0, 69.91, 139.36, 50.0, 50.0, 105.78, 50.0, 105.64]
d: [3.5, 3.5, 3.7, 3.5, 3.5, 3.5, 3.5, 3.5, 3.5, 3.5, 3.5, 3.5, 3.5, 2.0]
BEST_hyper_parameter
v: [21.43, 12.0, 11.95, 29.06, 17.3, 30.02, 12.0, 12.0, 12.0, 12.0, 12.0, 34.65, 22.79, 12.0]
a: [88.42, 61.69, 50.0, 139.41, 46.57, 147.83, 50.0, 69.91, 139.36, 50.0, 50.0, 105.78, 50.0, 50.0]
d: [3.5, 3.5, 3.7, 3.5, 3.5, 3.5, 3.5, 3.5, 3.5, 3.5, 3.5, 3.5, 3.5, 2.0]
random_idx_1 = 0, random_idx_2 = 11
random_idx_1 = 2, random_idx_2 = 1

iteration: 91
best: [1000.0, 1000.0, 1000.0, 1000.0, 1000.0, 1000.0, 1000.0, 1000.0, 1000.0, 1000.0, 1000.0, 1000.0, 1000.0, 50.71]
time: [5.89, 7.72, 11.83, 14.11, 17.21, 19.87, 34.7, 38.62, 40.63, 1000, 1000, 1000, 1000, 1000]
current_hyper_parameter
v: [21.43, 12.0, 11.95, 29.06, 17.3, 30.02, 12.0, 12.0, 12.0, 12.0, 12.0, 18.89, 22.79, 12.0]
a: [88.42, 61.69, 50.0, 139.41, 46.57, 147.83, 50.0, 69.91, 139.36, 50.0, 50.0, 105.78, 50.0, 50.0]
d: [3.5, 3.5, 3.7, 3.5, 3.5, 3.5, 3.5, 3.5, 3.5, 3.5, 3.5, 3.5, 3.5, 2.0]
BEST_hyper_parameter
v: [21.43, 12.0, 11.95, 29.06, 17.3, 30.02, 12.0, 12.0, 12.0, 12.0, 12.0, 34.65, 22.79, 12.0]
a: [88.42, 61.69, 50.0, 139.41, 46.57, 147.83, 50.0, 69.91, 139.36, 50.0, 50.0, 105.78, 50.0, 50.0]
d: [3.5, 3.5, 3.7, 3.5, 3.5, 3.5, 3.5, 3.5, 3.5, 3.5, 3.5, 3.5, 3.5, 2.0]
random_idx_1 = 1, random_idx_2 = 6
random_idx_1 = 1, random_idx_2 = 0

iteration: 92
best: [1000.0, 1000.0, 1000.0, 1000.0, 1000.0, 1000.0, 1000.0, 1000.0, 1000.0, 1000.0, 1000.0, 1000.0, 1000.0, 50.71]
time: [5.75, 7.4, 11.29, 16.79, 21.21, 23.95, 39.67, 43.25, 45.09, 47.4, 49.17, 54.65, 1000, 1000]
current_hyper_parameter
v: [21.43, 12.0, 11.95, 29.06, 17.3, 30.02, 12.0, 12.0, 12.0, 12.0, 12.0, 34.65, 22.79, 12.0]
a: [153.79, 61.69, 50.0, 139.41, 46.57, 147.83, 100.77, 69.91, 139.36, 50.0, 50.0, 105.78, 50.0, 50.0]
d: [3.5, 3.5, 3.7, 3.5, 3.5, 3.5, 3.5, 3.5, 3.5, 3.5, 3.5, 3.5, 3.5, 2.0]
BEST_hyper_parameter
v: [21.43, 12.0, 11.95, 29.06, 17.3, 30.02, 12.0, 12.0, 12.0, 12.0, 12.0, 34.65, 22.79, 12.0]
a: [88.42, 61.69, 50.0, 139.41, 46.57, 147.83, 50.0, 69.91, 139.36, 50.0, 50.0, 105.78, 50.0, 50.0]
d: [3.5, 3.5, 3.7, 3.5, 3.5, 3.5, 3.5, 3.5, 3.5, 3.5, 3.5, 3.5, 3.5, 2.0]
random_idx_1 = 2, random_idx_2 = 7
random_idx_1 = 0, random_idx_2 = 10

iteration: 93
best: [1000.0, 1000.0, 1000.0, 1000.0, 1000.0, 1000.0, 1000.0, 1000.0, 1000.0, 1000.0, 1000.0, 1000.0, 1000.0, 50.71]
time: [5.95, 7.85, 12.09, 17.48, 22.3, 24.83, 40.89, 44.84, 46.67, 48.93, 53.66, 1000, 1000, 1000]
current_hyper_parameter
v: [21.43, 12.0, 11.95, 29.06, 17.3, 30.02, 12.0, 12.0, 12.0, 12.0, 31.52, 34.65, 22.79, 12.0]
a: [88.42, 61.69, 50.0, 139.41, 46.57, 147.83, 50.0, 69.91, 139.36, 50.0, 50.0, 105.78, 50.0, 50.0]
d: [3.5, 3.5, 3.7, 3.5, 3.5, 3.5, 3.5, 3.5, 3.5, 3.5, 3.5, 3.5, 3.5, 2.0]
BEST_hyper_parameter
v: [21.43, 12.0, 11.95, 29.06, 17.3, 30.02, 12.0, 12.0, 12.0, 12.0, 12.0, 34.65, 22.79, 12.0]
a: [88.42, 61.69, 50.0, 139.41, 46.57, 147.83, 50.0, 69.91, 139.36, 50.0, 50.0, 105.78, 50.0, 50.0]
d: [3.5, 3.5, 3.7, 3.5, 3.5, 3.5, 3.5, 3.5, 3.5, 3.5, 3.5, 3.5, 3.5, 2.0]
random_idx_1 = 2, random_idx_2 = 13
random_idx_1 = 1, random_idx_2 = 3

iteration: 94
best: [1000.0, 1000.0, 1000.0, 1000.0, 1000.0, 1000.0, 1000.0, 1000.0, 1000.0, 1000.0, 1000.0, 1000.0, 1000.0, 50.71]
time: [5.88, 7.73, 11.87, 15.92, 19.62, 22.35, 38.84, 42.73, 44.81, 47.9, 50.65, 1000, 1000, 1000]
current_hyper_parameter
v: [21.43, 12.0, 11.95, 29.06, 17.3, 30.02, 12.0, 12.0, 12.0, 12.0, 12.0, 34.65, 22.79, 12.0]
a: [88.42, 61.69, 50.0, 31.8, 46.57, 147.83, 50.0, 69.91, 139.36, 50.0, 50.0, 105.78, 50.0, 50.0]
d: [3.5, 3.5, 3.7, 3.5, 3.5, 3.5, 3.5, 3.5, 3.5, 3.5, 3.5, 3.5, 3.5, 2.0]
BEST_hyper_parameter
v: [21.43, 12.0, 11.95, 29.06, 17.3, 30.02, 12.0, 12.0, 12.0, 12.0, 12.0, 34.65, 22.79, 12.0]
a: [88.42, 61.69, 50.0, 139.41, 46.57, 147.83, 50.0, 69.91, 139.36, 50.0, 50.0, 105.78, 50.0, 50.0]
d: [3.5, 3.5, 3.7, 3.5, 3.5, 3.5, 3.5, 3.5, 3.5, 3.5, 3.5, 3.5, 3.5, 2.0]
random_idx_1 = 1, random_idx_2 = 10
random_idx_1 = 2, random_idx_2 = 5

iteration: 95
best: [1000.0, 1000.0, 1000.0, 1000.0, 1000.0, 1000.0, 1000.0, 1000.0, 1000.0, 1000.0, 1000.0, 1000.0, 1000.0, 50.71]
time: [5.95, 7.8, 11.83, 14.12, 20.41, 48.71, 1000, 1000, 1000, 1000, 1000, 1000, 1000, 1000]
current_hyper_parameter
v: [21.43, 12.0, 11.95, 29.06, 17.3, 30.02, 12.0, 12.0, 12.0, 12.0, 12.0, 34.65, 22.79, 12.0]
a: [88.42, 61.69, 50.0, 139.41, 46.57, 147.83, 50.0, 69.91, 139.36, 50.0, 80.83, 105.78, 50.0, 50.0]
d: [3.5, 3.5, 3.7, 3.5, 3.5, 3.5, 3.5, 3.5, 3.5, 3.5, 3.5, 3.5, 3.5, 2.0]
BEST_hyper_parameter
v: [21.43, 12.0, 11.95, 29.06, 17.3, 30.02, 12.0, 12.0, 12.0, 12.0, 12.0, 34.65, 22.79, 12.0]
a: [88.42, 61.69, 50.0, 139.41, 46.57, 147.83, 50.0, 69.91, 139.36, 50.0, 50.0, 105.78, 50.0, 50.0]
d: [3.5, 3.5, 3.7, 3.5, 3.5, 3.5, 3.5, 3.5, 3.5, 3.5, 3.5, 3.5, 3.5, 2.0]
random_idx_1 = 2, random_idx_2 = 9
random_idx_1 = 1, random_idx_2 = 11

iteration: 96
best: [1000.0, 1000.0, 1000.0, 1000.0, 1000.0, 1000.0, 1000.0, 1000.0, 1000.0, 1000.0, 1000.0, 1000.0, 1000.0, 50.71]
time: [5.97, 7.8, 11.85, 14.14, 20.21, 46.44, 1000, 1000, 1000, 1000, 1000, 1000, 1000, 1000]
current_hyper_parameter
v: [21.43, 12.0, 11.95, 29.06, 17.3, 30.02, 12.0, 12.0, 12.0, 12.0, 12.0, 34.65, 22.79, 12.0]
a: [88.42, 61.69, 50.0, 139.41, 46.57, 147.83, 50.0, 69.91, 139.36, 50.0, 50.0, 62.1, 50.0, 50.0]
d: [3.5, 3.5, 3.7, 3.5, 3.5, 3.5, 3.5, 3.5, 3.5, 3.5, 3.5, 3.5, 3.5, 2.0]
BEST_hyper_parameter
v: [21.43, 12.0, 11.95, 29.06, 17.3, 30.02, 12.0, 12.0, 12.0, 12.0, 12.0, 34.65, 22.79, 12.0]
a: [88.42, 61.69, 50.0, 139.41, 46.57, 147.83, 50.0, 69.91, 139.36, 50.0, 50.0, 105.78, 50.0, 50.0]
d: [3.5, 3.5, 3.7, 3.5, 3.5, 3.5, 3.5, 3.5, 3.5, 3.5, 3.5, 3.5, 3.5, 2.0]
random_idx_1 = 0, random_idx_2 = 10
random_idx_1 = 1, random_idx_2 = 7

iteration: 97
best: [1000.0, 1000.0, 1000.0, 1000.0, 1000.0, 1000.0, 1000.0, 1000.0, 1000.0, 1000.0, 1000.0, 1000.0, 1000.0, 50.71]
time: [5.88, 7.72, 11.81, 14.11, 1000, 1000, 1000, 1000, 1000, 1000, 1000, 1000, 1000, 1000]
current_hyper_parameter
v: [21.43, 12.0, 11.95, 29.06, 17.3, 30.02, 12.0, 12.0, 12.0, 12.0, 26.06, 34.65, 22.79, 12.0]
a: [88.42, 61.69, 50.0, 139.41, 46.57, 147.83, 50.0, 32.5, 139.36, 50.0, 50.0, 105.78, 50.0, 50.0]
d: [3.5, 3.5, 3.7, 3.5, 3.5, 3.5, 3.5, 3.5, 3.5, 3.5, 3.5, 3.5, 3.5, 2.0]
BEST_hyper_parameter
v: [21.43, 12.0, 11.95, 29.06, 17.3, 30.02, 12.0, 12.0, 12.0, 12.0, 12.0, 34.65, 22.79, 12.0]
a: [88.42, 61.69, 50.0, 139.41, 46.57, 147.83, 50.0, 69.91, 139.36, 50.0, 50.0, 105.78, 50.0, 50.0]
d: [3.5, 3.5, 3.7, 3.5, 3.5, 3.5, 3.5, 3.5, 3.5, 3.5, 3.5, 3.5, 3.5, 2.0]
random_idx_1 = 2, random_idx_2 = 11
random_idx_1 = 0, random_idx_2 = 9

iteration: 98
best: [1000.0, 1000.0, 1000.0, 1000.0, 1000.0, 1000.0, 1000.0, 1000.0, 1000.0, 1000.0, 1000.0, 1000.0, 1000.0, 50.71]
time: [5.94, 7.83, 12.07, 17.47, 23.39, 26.36, 42.54, 46.34, 48.31, 50.82, 52.41, 1000, 1000, 1000]
current_hyper_parameter
v: [21.43, 12.0, 11.95, 29.06, 17.3, 30.02, 12.0, 12.0, 12.0, 31.17, 12.0, 34.65, 22.79, 12.0]
a: [88.42, 61.69, 50.0, 139.41, 46.57, 147.83, 50.0, 69.91, 139.36, 50.0, 50.0, 105.78, 50.0, 50.0]
d: [3.5, 3.5, 3.7, 3.5, 3.5, 3.5, 3.5, 3.5, 3.5, 3.5, 3.5, 3.5, 3.5, 2.0]
BEST_hyper_parameter
v: [21.43, 12.0, 11.95, 29.06, 17.3, 30.02, 12.0, 12.0, 12.0, 12.0, 12.0, 34.65, 22.79, 12.0]
a: [88.42, 61.69, 50.0, 139.41, 46.57, 147.83, 50.0, 69.91, 139.36, 50.0, 50.0, 105.78, 50.0, 50.0]
d: [3.5, 3.5, 3.7, 3.5, 3.5, 3.5, 3.5, 3.5, 3.5, 3.5, 3.5, 3.5, 3.5, 2.0]
random_idx_1 = 2, random_idx_2 = 9
random_idx_1 = 0, random_idx_2 = 4
