
iteration: 1
best: [1000.0, 1000.0, 1000.0, 1000.0, 1000.0, 1000.0, 1000.0, 1000.0, 1000.0, 1000.0, 1000.0, 1000.0, 1000.0, 48.59]
time: [6.0, 8.06, 11.32, 14.34, 16.92, 21.13, 32.31, 35.69, 37.6, 39.95, 46.1, 1000, 1000, 1000]
current_hyper_parameter
v: [12.0, 8.68, 32.33, 19.77, 21.3, 32.31, 25.06, 26.41, 25.93, 20.32, 12.0, 21.86, 24.54, 28.63]
a: [158.22, 70.41, 77.95, 50.0, 123.25, 69.01, 89.32, 59.33, 50.0, 50.0, 50.0, 50.0, 88.53, 140.15]
d: [3.5, 3.5, 4.83, 3.5, 3.5, 3.5, 3.5, 3.5, 3.5, 3.5, 3.5, 3.5, 3.5, 2.0]
BEST_hyper_parameter
v: [12.0, 8.68, 32.33, 19.77, 21.3, 32.31, 25.06, 26.41, 25.93, 20.32, 12.0, 21.86, 24.54, 28.63]
a: [158.22, 70.41, 77.95, 50.0, 123.25, 69.01, 89.32, 59.33, 50.0, 50.0, 50.0, 50.0, 88.53, 140.15]
d: [3.5, 3.5, 4.83, 3.5, 3.5, 3.5, 3.5, 3.5, 3.5, 3.5, 3.5, 3.5, 3.5, 2.0]
random_idx_1 = 1, random_idx_2 = 13
random_idx_1 = 0, random_idx_2 = 6

iteration: 2
best: [1000.0, 1000.0, 1000.0, 1000.0, 1000.0, 1000.0, 1000.0, 1000.0, 1000.0, 1000.0, 1000.0, 1000.0, 1000.0, 48.59]
time: [6.14, 8.24, 11.32, 14.21, 16.96, 20.78, 36.05, 39.34, 41.27, 43.95, 46.17, 48.62, 50.35, 1000]
current_hyper_parameter
v: [12.0, 8.68, 32.33, 19.77, 21.3, 32.31, 14.01, 26.41, 25.93, 20.32, 12.0, 21.86, 24.54, 28.63]
a: [158.22, 70.41, 77.95, 50.0, 123.25, 69.01, 89.32, 59.33, 50.0, 50.0, 50.0, 50.0, 88.53, 89.87]
d: [3.5, 3.5, 4.83, 3.5, 3.5, 3.5, 3.5, 3.5, 3.5, 3.5, 3.5, 3.5, 3.5, 2.0]
BEST_hyper_parameter
v: [12.0, 8.68, 32.33, 19.77, 21.3, 32.31, 25.06, 26.41, 25.93, 20.32, 12.0, 21.86, 24.54, 28.63]
a: [158.22, 70.41, 77.95, 50.0, 123.25, 69.01, 89.32, 59.33, 50.0, 50.0, 50.0, 50.0, 88.53, 140.15]
d: [3.5, 3.5, 4.83, 3.5, 3.5, 3.5, 3.5, 3.5, 3.5, 3.5, 3.5, 3.5, 3.5, 2.0]
random_idx_1 = 2, random_idx_2 = 13
random_idx_1 = 0, random_idx_2 = 11

iteration: 3
best: [1000.0, 1000.0, 1000.0, 1000.0, 1000.0, 1000.0, 1000.0, 1000.0, 1000.0, 1000.0, 1000.0, 1000.0, 1000.0, 48.59]
time: [6.12, 8.23, 11.29, 14.26, 19.93, 23.66, 34.64, 37.9, 39.78, 42.34, 1000, 1000, 1000, 1000]
current_hyper_parameter
v: [12.0, 8.68, 32.33, 19.77, 21.3, 32.31, 25.06, 26.41, 25.93, 20.32, 12.0, 18.89, 24.54, 28.63]
a: [158.22, 70.41, 77.95, 50.0, 123.25, 69.01, 89.32, 59.33, 50.0, 50.0, 50.0, 50.0, 88.53, 140.15]
d: [3.5, 3.5, 4.83, 3.5, 3.5, 3.5, 3.5, 3.5, 3.5, 3.5, 3.5, 3.5, 3.5, 2.0]
BEST_hyper_parameter
v: [12.0, 8.68, 32.33, 19.77, 21.3, 32.31, 25.06, 26.41, 25.93, 20.32, 12.0, 21.86, 24.54, 28.63]
a: [158.22, 70.41, 77.95, 50.0, 123.25, 69.01, 89.32, 59.33, 50.0, 50.0, 50.0, 50.0, 88.53, 140.15]
d: [3.5, 3.5, 4.83, 3.5, 3.5, 3.5, 3.5, 3.5, 3.5, 3.5, 3.5, 3.5, 3.5, 2.0]
random_idx_1 = 2, random_idx_2 = 0
random_idx_1 = 1, random_idx_2 = 2

iteration: 4
best: [1000.0, 1000.0, 1000.0, 1000.0, 1000.0, 1000.0, 1000.0, 1000.0, 1000.0, 1000.0, 1000.0, 1000.0, 1000.0, 48.59]
time: [6.12, 8.24, 12.45, 15.79, 21.47, 25.22, 36.07, 39.51, 41.34, 43.81, 57.71, 1000, 1000, 1000]
current_hyper_parameter
v: [12.0, 8.68, 32.33, 19.77, 21.3, 32.31, 25.06, 26.41, 25.93, 20.32, 12.0, 21.86, 24.54, 28.63]
a: [158.22, 70.41, 41.54, 50.0, 123.25, 69.01, 89.32, 59.33, 50.0, 50.0, 50.0, 50.0, 88.53, 140.15]
d: [3.5, 3.5, 4.83, 3.5, 3.5, 3.5, 3.5, 3.5, 3.5, 3.5, 3.5, 3.5, 3.5, 2.0]
BEST_hyper_parameter
v: [12.0, 8.68, 32.33, 19.77, 21.3, 32.31, 25.06, 26.41, 25.93, 20.32, 12.0, 21.86, 24.54, 28.63]
a: [158.22, 70.41, 77.95, 50.0, 123.25, 69.01, 89.32, 59.33, 50.0, 50.0, 50.0, 50.0, 88.53, 140.15]
d: [3.5, 3.5, 4.83, 3.5, 3.5, 3.5, 3.5, 3.5, 3.5, 3.5, 3.5, 3.5, 3.5, 2.0]
random_idx_1 = 2, random_idx_2 = 2
random_idx_1 = 2, random_idx_2 = 1

iteration: 5
best: [1000.0, 1000.0, 1000.0, 1000.0, 1000.0, 1000.0, 1000.0, 1000.0, 1000.0, 1000.0, 1000.0, 1000.0, 1000.0, 48.59]
time: [6.12, 8.22, 11.3, 14.16, 16.9, 20.77, 35.36, 39.38, 41.37, 43.72, 1000, 1000, 1000, 1000]
current_hyper_parameter
v: [12.0, 8.68, 32.33, 19.77, 21.3, 32.31, 25.06, 26.41, 25.93, 20.32, 12.0, 21.86, 24.54, 28.63]
a: [158.22, 70.41, 77.95, 50.0, 123.25, 69.01, 89.32, 59.33, 50.0, 50.0, 50.0, 50.0, 88.53, 140.15]
d: [3.5, 3.5, 5.85, 3.5, 3.5, 3.5, 3.5, 3.5, 3.5, 3.5, 3.5, 3.5, 3.5, 2.0]
BEST_hyper_parameter
v: [12.0, 8.68, 32.33, 19.77, 21.3, 32.31, 25.06, 26.41, 25.93, 20.32, 12.0, 21.86, 24.54, 28.63]
a: [158.22, 70.41, 77.95, 50.0, 123.25, 69.01, 89.32, 59.33, 50.0, 50.0, 50.0, 50.0, 88.53, 140.15]
d: [3.5, 3.5, 4.83, 3.5, 3.5, 3.5, 3.5, 3.5, 3.5, 3.5, 3.5, 3.5, 3.5, 2.0]
random_idx_1 = 0, random_idx_2 = 11
random_idx_1 = 0, random_idx_2 = 1

iteration: 6
best: [1000.0, 1000.0, 1000.0, 1000.0, 1000.0, 1000.0, 1000.0, 1000.0, 1000.0, 1000.0, 1000.0, 1000.0, 1000.0, 48.59]
time: [6.01, 7.75, 10.77, 13.68, 16.4, 20.19, 31.04, 34.39, 36.26, 38.73, 40.89, 43.37, 45.42, 1000]
current_hyper_parameter
v: [12.0, 33.31, 32.33, 19.77, 21.3, 32.31, 25.06, 26.41, 25.93, 20.32, 12.0, 25.88, 24.54, 28.63]
a: [158.22, 70.41, 77.95, 50.0, 123.25, 69.01, 89.32, 59.33, 50.0, 50.0, 50.0, 50.0, 88.53, 140.15]
d: [3.5, 3.5, 4.83, 3.5, 3.5, 3.5, 3.5, 3.5, 3.5, 3.5, 3.5, 3.5, 3.5, 2.0]
BEST_hyper_parameter
v: [12.0, 8.68, 32.33, 19.77, 21.3, 32.31, 25.06, 26.41, 25.93, 20.32, 12.0, 21.86, 24.54, 28.63]
a: [158.22, 70.41, 77.95, 50.0, 123.25, 69.01, 89.32, 59.33, 50.0, 50.0, 50.0, 50.0, 88.53, 140.15]
d: [3.5, 3.5, 4.83, 3.5, 3.5, 3.5, 3.5, 3.5, 3.5, 3.5, 3.5, 3.5, 3.5, 2.0]
random_idx_1 = 1, random_idx_2 = 11
random_idx_1 = 0, random_idx_2 = 12

iteration: 7
best: [1000.0, 1000.0, 1000.0, 1000.0, 1000.0, 1000.0, 1000.0, 1000.0, 1000.0, 1000.0, 1000.0, 1000.0, 1000.0, 48.59]
time: [6.02, 8.11, 11.24, 14.22, 16.91, 20.74, 31.68, 34.84, 36.72, 39.23, 41.86, 45.68, 47.44, 1000]
current_hyper_parameter
v: [12.0, 8.68, 32.33, 19.77, 21.3, 32.31, 25.06, 26.41, 25.93, 20.32, 12.0, 21.86, 32.01, 28.63]
a: [158.22, 70.41, 77.95, 50.0, 123.25, 69.01, 89.32, 59.33, 50.0, 50.0, 50.0, 28.99, 88.53, 140.15]
d: [3.5, 3.5, 4.83, 3.5, 3.5, 3.5, 3.5, 3.5, 3.5, 3.5, 3.5, 3.5, 3.5, 2.0]
BEST_hyper_parameter
v: [12.0, 8.68, 32.33, 19.77, 21.3, 32.31, 25.06, 26.41, 25.93, 20.32, 12.0, 21.86, 24.54, 28.63]
a: [158.22, 70.41, 77.95, 50.0, 123.25, 69.01, 89.32, 59.33, 50.0, 50.0, 50.0, 50.0, 88.53, 140.15]
d: [3.5, 3.5, 4.83, 3.5, 3.5, 3.5, 3.5, 3.5, 3.5, 3.5, 3.5, 3.5, 3.5, 2.0]
random_idx_1 = 2, random_idx_2 = 2
random_idx_1 = 1, random_idx_2 = 7

iteration: 8
best: [1000.0, 1000.0, 1000.0, 1000.0, 1000.0, 1000.0, 1000.0, 1000.0, 1000.0, 1000.0, 1000.0, 1000.0, 1000.0, 48.59]
time: [6.18, 8.51, 11.73, 14.83, 20.48, 24.19, 35.03, 42.62, 44.94, 47.28, 1000, 1000, 1000, 1000]
current_hyper_parameter
v: [12.0, 8.68, 32.33, 19.77, 21.3, 32.31, 25.06, 26.41, 25.93, 20.32, 12.0, 21.86, 24.54, 28.63]
a: [158.22, 70.41, 77.95, 50.0, 123.25, 69.01, 89.32, 25.65, 50.0, 50.0, 50.0, 50.0, 88.53, 140.15]
d: [3.5, 3.5, 4.05, 3.5, 3.5, 3.5, 3.5, 3.5, 3.5, 3.5, 3.5, 3.5, 3.5, 2.0]
BEST_hyper_parameter
v: [12.0, 8.68, 32.33, 19.77, 21.3, 32.31, 25.06, 26.41, 25.93, 20.32, 12.0, 21.86, 24.54, 28.63]
a: [158.22, 70.41, 77.95, 50.0, 123.25, 69.01, 89.32, 59.33, 50.0, 50.0, 50.0, 50.0, 88.53, 140.15]
d: [3.5, 3.5, 4.83, 3.5, 3.5, 3.5, 3.5, 3.5, 3.5, 3.5, 3.5, 3.5, 3.5, 2.0]
random_idx_1 = 2, random_idx_2 = 11
random_idx_1 = 1, random_idx_2 = 4

iteration: 9
best: [1000.0, 1000.0, 1000.0, 1000.0, 1000.0, 1000.0, 1000.0, 1000.0, 1000.0, 1000.0, 1000.0, 1000.0, 1000.0, 48.59]
time: [6.13, 8.22, 11.31, 14.16, 16.8, 21.11, 31.93, 35.45, 37.28, 39.7, 41.88, 44.46, 46.38, 47.35]
current_hyper_parameter
v: [12.0, 8.68, 32.33, 19.77, 21.3, 32.31, 25.06, 26.41, 25.93, 20.32, 12.0, 21.86, 24.54, 28.63]
a: [158.22, 70.41, 77.95, 50.0, 138.1, 69.01, 89.32, 59.33, 50.0, 50.0, 50.0, 50.0, 88.53, 140.15]
d: [3.5, 3.5, 4.83, 3.5, 3.5, 3.5, 3.5, 3.5, 3.5, 3.5, 3.5, 3.5, 3.5, 2.0]
BEST_hyper_parameter
v: [12.0, 8.68, 32.33, 19.77, 21.3, 32.31, 25.06, 26.41, 25.93, 20.32, 12.0, 21.86, 24.54, 28.63]
a: [158.22, 70.41, 77.95, 50.0, 123.25, 69.01, 89.32, 59.33, 50.0, 50.0, 50.0, 50.0, 88.53, 140.15]
d: [3.5, 3.5, 4.83, 3.5, 3.5, 3.5, 3.5, 3.5, 3.5, 3.5, 3.5, 3.5, 3.5, 2.0]
random_idx_1 = 1, random_idx_2 = 10
random_idx_1 = 0, random_idx_2 = 13

iteration: 10
best: [1000.0, 1000.0, 1000.0, 1000.0, 1000.0, 1000.0, 1000.0, 1000.0, 1000.0, 1000.0, 1000.0, 1000.0, 1000.0, 47.35]
time: [6.14, 8.24, 11.33, 14.12, 19.6, 23.79, 34.71, 37.86, 39.8, 42.4, 44.19, 46.49, 1000, 1000]
current_hyper_parameter
v: [12.0, 8.68, 32.33, 19.77, 21.3, 32.31, 25.06, 26.41, 25.93, 20.32, 12.0, 21.86, 24.54, 16.46]
a: [158.22, 70.41, 77.95, 50.0, 138.1, 69.01, 89.32, 59.33, 50.0, 50.0, 125.12, 50.0, 88.53, 140.15]
d: [3.5, 3.5, 4.83, 3.5, 3.5, 3.5, 3.5, 3.5, 3.5, 3.5, 3.5, 3.5, 3.5, 2.0]
BEST_hyper_parameter
v: [12.0, 8.68, 32.33, 19.77, 21.3, 32.31, 25.06, 26.41, 25.93, 20.32, 12.0, 21.86, 24.54, 28.63]
a: [158.22, 70.41, 77.95, 50.0, 138.1, 69.01, 89.32, 59.33, 50.0, 50.0, 50.0, 50.0, 88.53, 140.15]
d: [3.5, 3.5, 4.83, 3.5, 3.5, 3.5, 3.5, 3.5, 3.5, 3.5, 3.5, 3.5, 3.5, 2.0]
random_idx_1 = 2, random_idx_2 = 5
random_idx_1 = 2, random_idx_2 = 11

iteration: 11
best: [1000.0, 1000.0, 1000.0, 1000.0, 1000.0, 1000.0, 1000.0, 1000.0, 1000.0, 1000.0, 1000.0, 1000.0, 1000.0, 47.35]
time: [6.16, 8.24, 11.33, 14.1, 19.78, 23.61, 34.62, 37.84, 39.73, 42.29, 51.79, 1000, 1000, 1000]
current_hyper_parameter
v: [12.0, 8.68, 32.33, 19.77, 21.3, 32.31, 25.06, 26.41, 25.93, 20.32, 12.0, 21.86, 24.54, 28.63]
a: [158.22, 70.41, 77.95, 50.0, 138.1, 69.01, 89.32, 59.33, 50.0, 50.0, 50.0, 50.0, 88.53, 140.15]
d: [3.5, 3.5, 4.83, 3.5, 3.5, 3.5, 3.5, 3.5, 3.5, 3.5, 3.5, 3.5, 3.5, 2.0]
BEST_hyper_parameter
v: [12.0, 8.68, 32.33, 19.77, 21.3, 32.31, 25.06, 26.41, 25.93, 20.32, 12.0, 21.86, 24.54, 28.63]
a: [158.22, 70.41, 77.95, 50.0, 138.1, 69.01, 89.32, 59.33, 50.0, 50.0, 50.0, 50.0, 88.53, 140.15]
d: [3.5, 3.5, 4.83, 3.5, 3.5, 3.5, 3.5, 3.5, 3.5, 3.5, 3.5, 3.5, 3.5, 2.0]
random_idx_1 = 0, random_idx_2 = 7
random_idx_1 = 0, random_idx_2 = 10

iteration: 12
best: [1000.0, 1000.0, 1000.0, 1000.0, 1000.0, 1000.0, 1000.0, 1000.0, 1000.0, 1000.0, 1000.0, 1000.0, 1000.0, 47.35]
time: [6.12, 8.24, 11.29, 14.16, 16.81, 21.12, 32.0, 35.53, 37.81, 40.19, 42.58, 45.03, 46.98, 51.08]
current_hyper_parameter
v: [12.0, 8.68, 32.33, 19.77, 21.3, 32.31, 25.06, 31.44, 25.93, 20.32, 15.55, 21.86, 24.54, 28.63]
a: [158.22, 70.41, 77.95, 50.0, 138.1, 69.01, 89.32, 59.33, 50.0, 50.0, 50.0, 50.0, 88.53, 140.15]
d: [3.5, 3.5, 4.83, 3.5, 3.5, 3.5, 3.5, 3.5, 3.5, 3.5, 3.5, 3.5, 3.5, 2.0]
BEST_hyper_parameter
v: [12.0, 8.68, 32.33, 19.77, 21.3, 32.31, 25.06, 26.41, 25.93, 20.32, 12.0, 21.86, 24.54, 28.63]
a: [158.22, 70.41, 77.95, 50.0, 138.1, 69.01, 89.32, 59.33, 50.0, 50.0, 50.0, 50.0, 88.53, 140.15]
d: [3.5, 3.5, 4.83, 3.5, 3.5, 3.5, 3.5, 3.5, 3.5, 3.5, 3.5, 3.5, 3.5, 2.0]
random_idx_1 = 1, random_idx_2 = 4
random_idx_1 = 2, random_idx_2 = 0

iteration: 13
best: [1000.0, 1000.0, 1000.0, 1000.0, 1000.0, 1000.0, 1000.0, 1000.0, 1000.0, 1000.0, 1000.0, 1000.0, 1000.0, 47.35]
time: [6.13, 8.25, 11.32, 14.11, 21.68, 33.25, 44.26, 47.42, 1000, 1000, 1000, 1000, 1000, 1000]
current_hyper_parameter
v: [12.0, 8.68, 32.33, 19.77, 21.3, 32.31, 25.06, 26.41, 25.93, 20.32, 12.0, 21.86, 24.54, 28.63]
a: [158.22, 70.41, 77.95, 50.0, 23.75, 69.01, 89.32, 59.33, 50.0, 50.0, 50.0, 50.0, 88.53, 140.15]
d: [3.5, 3.5, 4.83, 3.5, 3.5, 3.5, 3.5, 3.5, 3.5, 3.5, 3.5, 3.5, 3.5, 2.0]
BEST_hyper_parameter
v: [12.0, 8.68, 32.33, 19.77, 21.3, 32.31, 25.06, 26.41, 25.93, 20.32, 12.0, 21.86, 24.54, 28.63]
a: [158.22, 70.41, 77.95, 50.0, 138.1, 69.01, 89.32, 59.33, 50.0, 50.0, 50.0, 50.0, 88.53, 140.15]
d: [3.5, 3.5, 4.83, 3.5, 3.5, 3.5, 3.5, 3.5, 3.5, 3.5, 3.5, 3.5, 3.5, 2.0]
random_idx_1 = 1, random_idx_2 = 7
random_idx_1 = 0, random_idx_2 = 0

iteration: 14
best: [1000.0, 1000.0, 1000.0, 1000.0, 1000.0, 1000.0, 1000.0, 1000.0, 1000.0, 1000.0, 1000.0, 1000.0, 1000.0, 47.35]
time: [5.67, 7.23, 10.37, 13.31, 15.91, 19.81, 30.71, 33.24, 38.29, 42.61, 47.38, 1000, 1000, 1000]
current_hyper_parameter
v: [25.33, 8.68, 32.33, 19.77, 21.3, 32.31, 25.06, 26.41, 25.93, 20.32, 12.0, 21.86, 24.54, 28.63]
a: [158.22, 70.41, 77.95, 50.0, 138.1, 69.01, 89.32, 148.13, 50.0, 50.0, 50.0, 50.0, 88.53, 140.15]
d: [3.5, 3.5, 4.83, 3.5, 3.5, 3.5, 3.5, 3.5, 3.5, 3.5, 3.5, 3.5, 3.5, 2.0]
BEST_hyper_parameter
v: [12.0, 8.68, 32.33, 19.77, 21.3, 32.31, 25.06, 26.41, 25.93, 20.32, 12.0, 21.86, 24.54, 28.63]
a: [158.22, 70.41, 77.95, 50.0, 138.1, 69.01, 89.32, 59.33, 50.0, 50.0, 50.0, 50.0, 88.53, 140.15]
d: [3.5, 3.5, 4.83, 3.5, 3.5, 3.5, 3.5, 3.5, 3.5, 3.5, 3.5, 3.5, 3.5, 2.0]
random_idx_1 = 2, random_idx_2 = 3
random_idx_1 = 1, random_idx_2 = 10

iteration: 15
best: [1000.0, 1000.0, 1000.0, 1000.0, 1000.0, 1000.0, 1000.0, 1000.0, 1000.0, 1000.0, 1000.0, 1000.0, 1000.0, 47.35]
time: [6.03, 8.1, 11.19, 14.12, 19.72, 23.52, 34.44, 37.99, 39.85, 42.17, 43.83, 46.45, 48.05, 1000]
current_hyper_parameter
v: [12.0, 8.68, 32.33, 19.77, 21.3, 32.31, 25.06, 26.41, 25.93, 20.32, 12.0, 21.86, 24.54, 28.63]
a: [158.22, 70.41, 77.95, 50.0, 138.1, 69.01, 89.32, 59.33, 50.0, 50.0, 78.72, 50.0, 88.53, 140.15]
d: [3.5, 3.5, 4.83, 3.5, 3.5, 3.5, 3.5, 3.5, 3.5, 3.5, 3.5, 3.5, 3.5, 2.0]
BEST_hyper_parameter
v: [12.0, 8.68, 32.33, 19.77, 21.3, 32.31, 25.06, 26.41, 25.93, 20.32, 12.0, 21.86, 24.54, 28.63]
a: [158.22, 70.41, 77.95, 50.0, 138.1, 69.01, 89.32, 59.33, 50.0, 50.0, 50.0, 50.0, 88.53, 140.15]
d: [3.5, 3.5, 4.83, 3.5, 3.5, 3.5, 3.5, 3.5, 3.5, 3.5, 3.5, 3.5, 3.5, 2.0]
random_idx_1 = 0, random_idx_2 = 0
random_idx_1 = 1, random_idx_2 = 6

iteration: 16
best: [1000.0, 1000.0, 1000.0, 1000.0, 1000.0, 1000.0, 1000.0, 1000.0, 1000.0, 1000.0, 1000.0, 1000.0, 1000.0, 47.35]
time: [5.87, 7.59, 10.64, 13.67, 19.23, 23.18, 33.5, 37.47, 40.08, 42.38, 1000, 1000, 1000, 1000]
current_hyper_parameter
v: [17.26, 8.68, 32.33, 19.77, 21.3, 32.31, 25.06, 26.41, 25.93, 20.32, 12.0, 21.86, 24.54, 28.63]
a: [158.22, 70.41, 77.95, 50.0, 138.1, 69.01, 149.47, 59.33, 50.0, 50.0, 50.0, 50.0, 88.53, 140.15]
d: [3.5, 3.5, 4.83, 3.5, 3.5, 3.5, 3.5, 3.5, 3.5, 3.5, 3.5, 3.5, 3.5, 2.0]
BEST_hyper_parameter
v: [12.0, 8.68, 32.33, 19.77, 21.3, 32.31, 25.06, 26.41, 25.93, 20.32, 12.0, 21.86, 24.54, 28.63]
a: [158.22, 70.41, 77.95, 50.0, 138.1, 69.01, 89.32, 59.33, 50.0, 50.0, 50.0, 50.0, 88.53, 140.15]
d: [3.5, 3.5, 4.83, 3.5, 3.5, 3.5, 3.5, 3.5, 3.5, 3.5, 3.5, 3.5, 3.5, 2.0]
random_idx_1 = 1, random_idx_2 = 13
random_idx_1 = 1, random_idx_2 = 5

iteration: 17
best: [1000.0, 1000.0, 1000.0, 1000.0, 1000.0, 1000.0, 1000.0, 1000.0, 1000.0, 1000.0, 1000.0, 1000.0, 1000.0, 47.35]
time: [6.08, 8.15, 11.25, 14.07, 19.76, 23.8, 35.07, 38.38, 40.3, 42.84, 44.97, 1000, 1000, 1000]
current_hyper_parameter
v: [12.0, 8.68, 32.33, 19.77, 21.3, 32.31, 25.06, 26.41, 25.93, 20.32, 12.0, 21.86, 24.54, 28.63]
a: [158.22, 70.41, 77.95, 50.0, 138.1, 61.9, 89.32, 59.33, 50.0, 50.0, 50.0, 50.0, 88.53, 83.24]
d: [3.5, 3.5, 4.83, 3.5, 3.5, 3.5, 3.5, 3.5, 3.5, 3.5, 3.5, 3.5, 3.5, 2.0]
BEST_hyper_parameter
v: [12.0, 8.68, 32.33, 19.77, 21.3, 32.31, 25.06, 26.41, 25.93, 20.32, 12.0, 21.86, 24.54, 28.63]
a: [158.22, 70.41, 77.95, 50.0, 138.1, 69.01, 89.32, 59.33, 50.0, 50.0, 50.0, 50.0, 88.53, 140.15]
d: [3.5, 3.5, 4.83, 3.5, 3.5, 3.5, 3.5, 3.5, 3.5, 3.5, 3.5, 3.5, 3.5, 2.0]
random_idx_1 = 0, random_idx_2 = 7
random_idx_1 = 2, random_idx_2 = 1

iteration: 18
best: [1000.0, 1000.0, 1000.0, 1000.0, 1000.0, 1000.0, 1000.0, 1000.0, 1000.0, 1000.0, 1000.0, 1000.0, 1000.0, 47.35]
time: [6.13, 8.23, 11.33, 14.1, 20.04, 24.19, 35.16, 38.45, 40.33, 42.85, 44.97, 47.6, 49.31, 1000]
current_hyper_parameter
v: [12.0, 8.68, 32.33, 19.77, 21.3, 32.31, 25.06, 29.18, 25.93, 20.32, 12.0, 21.86, 24.54, 28.63]
a: [158.22, 70.41, 77.95, 50.0, 138.1, 69.01, 89.32, 59.33, 50.0, 50.0, 50.0, 50.0, 88.53, 140.15]
d: [3.5, 3.5, 4.83, 3.5, 3.5, 3.5, 3.5, 3.5, 3.5, 3.5, 3.5, 3.5, 3.5, 2.0]
BEST_hyper_parameter
v: [12.0, 8.68, 32.33, 19.77, 21.3, 32.31, 25.06, 26.41, 25.93, 20.32, 12.0, 21.86, 24.54, 28.63]
a: [158.22, 70.41, 77.95, 50.0, 138.1, 69.01, 89.32, 59.33, 50.0, 50.0, 50.0, 50.0, 88.53, 140.15]
d: [3.5, 3.5, 4.83, 3.5, 3.5, 3.5, 3.5, 3.5, 3.5, 3.5, 3.5, 3.5, 3.5, 2.0]
random_idx_1 = 0, random_idx_2 = 2
random_idx_1 = 1, random_idx_2 = 5

iteration: 19
best: [1000.0, 1000.0, 1000.0, 1000.0, 1000.0, 1000.0, 1000.0, 1000.0, 1000.0, 1000.0, 1000.0, 1000.0, 1000.0, 47.35]
time: [6.05, 8.07, 11.88, 15.09, 17.72, 23.89, 34.04, 37.45, 39.37, 41.87, 44.01, 46.64, 1000, 1000]
current_hyper_parameter
v: [12.0, 8.68, 13.69, 19.77, 21.3, 32.31, 25.06, 26.41, 25.93, 20.32, 12.0, 21.86, 24.54, 28.63]
a: [158.22, 70.41, 77.95, 50.0, 138.1, 144.74, 89.32, 59.33, 50.0, 50.0, 50.0, 50.0, 88.53, 140.15]
d: [3.5, 3.5, 4.83, 3.5, 3.5, 3.5, 3.5, 3.5, 3.5, 3.5, 3.5, 3.5, 3.5, 2.0]
BEST_hyper_parameter
v: [12.0, 8.68, 32.33, 19.77, 21.3, 32.31, 25.06, 26.41, 25.93, 20.32, 12.0, 21.86, 24.54, 28.63]
a: [158.22, 70.41, 77.95, 50.0, 138.1, 69.01, 89.32, 59.33, 50.0, 50.0, 50.0, 50.0, 88.53, 140.15]
d: [3.5, 3.5, 4.83, 3.5, 3.5, 3.5, 3.5, 3.5, 3.5, 3.5, 3.5, 3.5, 3.5, 2.0]
random_idx_1 = 2, random_idx_2 = 6
random_idx_1 = 0, random_idx_2 = 2

iteration: 20
best: [1000.0, 1000.0, 1000.0, 1000.0, 1000.0, 1000.0, 1000.0, 1000.0, 1000.0, 1000.0, 1000.0, 1000.0, 1000.0, 47.35]
time: [6.05, 8.11, 11.31, 14.23, 16.86, 21.14, 31.96, 35.6, 37.82, 40.43, 42.53, 44.96, 46.98, 55.36]
current_hyper_parameter
v: [12.0, 8.68, 27.53, 19.77, 21.3, 32.31, 25.06, 26.41, 25.93, 20.32, 12.0, 21.86, 24.54, 28.63]
a: [158.22, 70.41, 77.95, 50.0, 138.1, 69.01, 89.32, 59.33, 50.0, 50.0, 50.0, 50.0, 88.53, 140.15]
d: [3.5, 3.5, 4.83, 3.5, 3.5, 3.5, 3.5, 3.5, 3.5, 3.5, 3.5, 3.5, 3.5, 2.0]
BEST_hyper_parameter
v: [12.0, 8.68, 32.33, 19.77, 21.3, 32.31, 25.06, 26.41, 25.93, 20.32, 12.0, 21.86, 24.54, 28.63]
a: [158.22, 70.41, 77.95, 50.0, 138.1, 69.01, 89.32, 59.33, 50.0, 50.0, 50.0, 50.0, 88.53, 140.15]
d: [3.5, 3.5, 4.83, 3.5, 3.5, 3.5, 3.5, 3.5, 3.5, 3.5, 3.5, 3.5, 3.5, 2.0]
random_idx_1 = 2, random_idx_2 = 8
random_idx_1 = 1, random_idx_2 = 9

iteration: 21
best: [1000.0, 1000.0, 1000.0, 1000.0, 1000.0, 1000.0, 1000.0, 1000.0, 1000.0, 1000.0, 1000.0, 1000.0, 1000.0, 47.35]
time: [6.14, 8.23, 11.3, 14.07, 19.73, 23.59, 34.59, 37.86, 39.74, 41.72, 1000, 1000, 1000, 1000]
current_hyper_parameter
v: [12.0, 8.68, 32.33, 19.77, 21.3, 32.31, 25.06, 26.41, 25.93, 20.32, 12.0, 21.86, 24.54, 28.63]
a: [158.22, 70.41, 77.95, 50.0, 138.1, 69.01, 89.32, 59.33, 50.0, 127.05, 50.0, 50.0, 88.53, 140.15]
d: [3.5, 3.5, 4.83, 3.5, 3.5, 3.5, 3.5, 3.5, 3.5, 3.5, 3.5, 3.5, 3.5, 2.0]
BEST_hyper_parameter
v: [12.0, 8.68, 32.33, 19.77, 21.3, 32.31, 25.06, 26.41, 25.93, 20.32, 12.0, 21.86, 24.54, 28.63]
a: [158.22, 70.41, 77.95, 50.0, 138.1, 69.01, 89.32, 59.33, 50.0, 50.0, 50.0, 50.0, 88.53, 140.15]
d: [3.5, 3.5, 4.83, 3.5, 3.5, 3.5, 3.5, 3.5, 3.5, 3.5, 3.5, 3.5, 3.5, 2.0]
random_idx_1 = 0, random_idx_2 = 5
random_idx_1 = 1, random_idx_2 = 1

iteration: 22
best: [1000.0, 1000.0, 1000.0, 1000.0, 1000.0, 1000.0, 1000.0, 1000.0, 1000.0, 1000.0, 1000.0, 1000.0, 1000.0, 47.35]
time: [6.14, 8.23, 11.29, 14.07, 19.65, 24.34, 35.96, 39.47, 41.25, 43.75, 45.36, 1000, 1000, 1000]
current_hyper_parameter
v: [12.0, 8.68, 32.33, 19.77, 21.3, 12.63, 25.06, 26.41, 25.93, 20.32, 12.0, 21.86, 24.54, 28.63]
a: [158.22, 79.46, 77.95, 50.0, 138.1, 69.01, 89.32, 59.33, 50.0, 50.0, 50.0, 50.0, 88.53, 140.15]
d: [3.5, 3.5, 4.83, 3.5, 3.5, 3.5, 3.5, 3.5, 3.5, 3.5, 3.5, 3.5, 3.5, 2.0]
BEST_hyper_parameter
v: [12.0, 8.68, 32.33, 19.77, 21.3, 32.31, 25.06, 26.41, 25.93, 20.32, 12.0, 21.86, 24.54, 28.63]
a: [158.22, 70.41, 77.95, 50.0, 138.1, 69.01, 89.32, 59.33, 50.0, 50.0, 50.0, 50.0, 88.53, 140.15]
d: [3.5, 3.5, 4.83, 3.5, 3.5, 3.5, 3.5, 3.5, 3.5, 3.5, 3.5, 3.5, 3.5, 2.0]
random_idx_1 = 0, random_idx_2 = 5
random_idx_1 = 2, random_idx_2 = 7

iteration: 23
best: [1000.0, 1000.0, 1000.0, 1000.0, 1000.0, 1000.0, 1000.0, 1000.0, 1000.0, 1000.0, 1000.0, 1000.0, 1000.0, 47.35]
time: [6.17, 8.55, 11.79, 14.65, 17.18, 21.59, 32.74, 35.9, 37.64, 40.25, 42.2, 44.52, 46.4, 47.41]
current_hyper_parameter
v: [12.0, 8.68, 32.33, 19.77, 21.3, 18.85, 25.06, 26.41, 25.93, 20.32, 12.0, 21.86, 24.54, 28.63]
a: [158.22, 70.41, 77.95, 50.0, 138.1, 69.01, 89.32, 59.33, 50.0, 50.0, 50.0, 50.0, 88.53, 140.15]
d: [3.5, 3.5, 4.83, 3.5, 3.5, 3.5, 3.5, 3.5, 3.5, 3.5, 3.5, 3.5, 3.5, 2.0]
BEST_hyper_parameter
v: [12.0, 8.68, 32.33, 19.77, 21.3, 32.31, 25.06, 26.41, 25.93, 20.32, 12.0, 21.86, 24.54, 28.63]
a: [158.22, 70.41, 77.95, 50.0, 138.1, 69.01, 89.32, 59.33, 50.0, 50.0, 50.0, 50.0, 88.53, 140.15]
d: [3.5, 3.5, 4.83, 3.5, 3.5, 3.5, 3.5, 3.5, 3.5, 3.5, 3.5, 3.5, 3.5, 2.0]
random_idx_1 = 0, random_idx_2 = 9
random_idx_1 = 0, random_idx_2 = 1

iteration: 24
best: [1000.0, 1000.0, 1000.0, 1000.0, 1000.0, 1000.0, 1000.0, 1000.0, 1000.0, 1000.0, 1000.0, 1000.0, 1000.0, 47.35]
time: [6.02, 7.79, 10.8, 13.78, 16.41, 20.3, 31.19, 34.35, 36.24, 38.96, 48.67, 1000, 1000, 1000]
current_hyper_parameter
v: [12.0, 22.03, 32.33, 19.77, 21.3, 32.31, 25.06, 26.41, 25.93, 12.52, 12.0, 21.86, 24.54, 28.63]
a: [158.22, 70.41, 77.95, 50.0, 138.1, 69.01, 89.32, 59.33, 50.0, 50.0, 50.0, 50.0, 88.53, 140.15]
d: [3.5, 3.5, 4.83, 3.5, 3.5, 3.5, 3.5, 3.5, 3.5, 3.5, 3.5, 3.5, 3.5, 2.0]
BEST_hyper_parameter
v: [12.0, 8.68, 32.33, 19.77, 21.3, 32.31, 25.06, 26.41, 25.93, 20.32, 12.0, 21.86, 24.54, 28.63]
a: [158.22, 70.41, 77.95, 50.0, 138.1, 69.01, 89.32, 59.33, 50.0, 50.0, 50.0, 50.0, 88.53, 140.15]
d: [3.5, 3.5, 4.83, 3.5, 3.5, 3.5, 3.5, 3.5, 3.5, 3.5, 3.5, 3.5, 3.5, 2.0]
random_idx_1 = 1, random_idx_2 = 8
random_idx_1 = 1, random_idx_2 = 12

iteration: 25
best: [1000.0, 1000.0, 1000.0, 1000.0, 1000.0, 1000.0, 1000.0, 1000.0, 1000.0, 1000.0, 1000.0, 1000.0, 1000.0, 47.35]
time: [6.04, 8.11, 11.23, 14.13, 1000, 1000, 1000, 1000, 1000, 1000, 1000, 1000, 1000, 1000]
current_hyper_parameter
v: [12.0, 8.68, 32.33, 19.77, 21.3, 32.31, 25.06, 26.41, 25.93, 20.32, 12.0, 21.86, 24.54, 28.63]
a: [158.22, 70.41, 77.95, 50.0, 138.1, 69.01, 89.32, 59.33, 106.27, 50.0, 50.0, 50.0, 72.8, 140.15]
d: [3.5, 3.5, 4.83, 3.5, 3.5, 3.5, 3.5, 3.5, 3.5, 3.5, 3.5, 3.5, 3.5, 2.0]
BEST_hyper_parameter
v: [12.0, 8.68, 32.33, 19.77, 21.3, 32.31, 25.06, 26.41, 25.93, 20.32, 12.0, 21.86, 24.54, 28.63]
a: [158.22, 70.41, 77.95, 50.0, 138.1, 69.01, 89.32, 59.33, 50.0, 50.0, 50.0, 50.0, 88.53, 140.15]
d: [3.5, 3.5, 4.83, 3.5, 3.5, 3.5, 3.5, 3.5, 3.5, 3.5, 3.5, 3.5, 3.5, 2.0]
random_idx_1 = 1, random_idx_2 = 3
random_idx_1 = 2, random_idx_2 = 9

iteration: 26
best: [1000.0, 1000.0, 1000.0, 1000.0, 1000.0, 1000.0, 1000.0, 1000.0, 1000.0, 1000.0, 1000.0, 1000.0, 1000.0, 47.35]
time: [6.03, 8.12, 11.23, 13.88, 16.42, 23.77, 42.78, 45.99, 47.85, 1000, 1000, 1000, 1000, 1000]
current_hyper_parameter
v: [12.0, 8.68, 32.33, 19.77, 21.3, 32.31, 25.06, 26.41, 25.93, 20.32, 12.0, 21.86, 24.54, 28.63]
a: [158.22, 70.41, 77.95, 72.22, 138.1, 69.01, 89.32, 59.33, 50.0, 50.0, 50.0, 50.0, 88.53, 140.15]
d: [3.5, 3.5, 4.83, 3.5, 3.5, 3.5, 3.5, 3.5, 3.5, 3.5, 3.5, 3.5, 3.5, 2.0]
BEST_hyper_parameter
v: [12.0, 8.68, 32.33, 19.77, 21.3, 32.31, 25.06, 26.41, 25.93, 20.32, 12.0, 21.86, 24.54, 28.63]
a: [158.22, 70.41, 77.95, 50.0, 138.1, 69.01, 89.32, 59.33, 50.0, 50.0, 50.0, 50.0, 88.53, 140.15]
d: [3.5, 3.5, 4.83, 3.5, 3.5, 3.5, 3.5, 3.5, 3.5, 3.5, 3.5, 3.5, 3.5, 2.0]
random_idx_1 = 0, random_idx_2 = 0
random_idx_1 = 1, random_idx_2 = 13

iteration: 27
best: [1000.0, 1000.0, 1000.0, 1000.0, 1000.0, 1000.0, 1000.0, 1000.0, 1000.0, 1000.0, 1000.0, 1000.0, 1000.0, 47.35]
time: [5.84, 7.53, 10.62, 13.69, 16.25, 20.54, 31.69, 34.97, 36.73, 39.21, 40.87, 43.81, 45.57, 53.86]
current_hyper_parameter
v: [17.96, 8.68, 32.33, 19.77, 21.3, 32.31, 25.06, 26.41, 25.93, 20.32, 12.0, 21.86, 24.54, 28.63]
a: [158.22, 70.41, 77.95, 50.0, 138.1, 69.01, 89.32, 59.33, 50.0, 50.0, 50.0, 50.0, 88.53, 107.11]
d: [3.5, 3.5, 4.83, 3.5, 3.5, 3.5, 3.5, 3.5, 3.5, 3.5, 3.5, 3.5, 3.5, 2.0]
BEST_hyper_parameter
v: [12.0, 8.68, 32.33, 19.77, 21.3, 32.31, 25.06, 26.41, 25.93, 20.32, 12.0, 21.86, 24.54, 28.63]
a: [158.22, 70.41, 77.95, 50.0, 138.1, 69.01, 89.32, 59.33, 50.0, 50.0, 50.0, 50.0, 88.53, 140.15]
d: [3.5, 3.5, 4.83, 3.5, 3.5, 3.5, 3.5, 3.5, 3.5, 3.5, 3.5, 3.5, 3.5, 2.0]
random_idx_1 = 1, random_idx_2 = 2
random_idx_1 = 1, random_idx_2 = 1

iteration: 28
best: [1000.0, 1000.0, 1000.0, 1000.0, 1000.0, 1000.0, 1000.0, 1000.0, 1000.0, 1000.0, 1000.0, 1000.0, 1000.0, 47.35]
time: [6.03, 8.1, 12.82, 16.39, 18.98, 22.95, 34.0, 37.51, 39.37, 41.77, 43.99, 46.55, 1000, 1000]
current_hyper_parameter
v: [12.0, 8.68, 32.33, 19.77, 21.3, 32.31, 25.06, 26.41, 25.93, 20.32, 12.0, 21.86, 24.54, 28.63]
a: [158.22, 114.95, 29.7, 50.0, 138.1, 69.01, 89.32, 59.33, 50.0, 50.0, 50.0, 50.0, 88.53, 140.15]
d: [3.5, 3.5, 4.83, 3.5, 3.5, 3.5, 3.5, 3.5, 3.5, 3.5, 3.5, 3.5, 3.5, 2.0]
BEST_hyper_parameter
v: [12.0, 8.68, 32.33, 19.77, 21.3, 32.31, 25.06, 26.41, 25.93, 20.32, 12.0, 21.86, 24.54, 28.63]
a: [158.22, 70.41, 77.95, 50.0, 138.1, 69.01, 89.32, 59.33, 50.0, 50.0, 50.0, 50.0, 88.53, 140.15]
d: [3.5, 3.5, 4.83, 3.5, 3.5, 3.5, 3.5, 3.5, 3.5, 3.5, 3.5, 3.5, 3.5, 2.0]
random_idx_1 = 2, random_idx_2 = 13
random_idx_1 = 0, random_idx_2 = 2

iteration: 29
best: [1000.0, 1000.0, 1000.0, 1000.0, 1000.0, 1000.0, 1000.0, 1000.0, 1000.0, 1000.0, 1000.0, 1000.0, 1000.0, 47.35]
time: [6.04, 8.09, 11.25, 14.19, 16.73, 20.92, 32.07, 35.48, 37.31, 39.75, 41.95, 44.47, 46.49, 47.4]
current_hyper_parameter
v: [12.0, 8.68, 33.47, 19.77, 21.3, 32.31, 25.06, 26.41, 25.93, 20.32, 12.0, 21.86, 24.54, 28.63]
a: [158.22, 70.41, 77.95, 50.0, 138.1, 69.01, 89.32, 59.33, 50.0, 50.0, 50.0, 50.0, 88.53, 140.15]
d: [3.5, 3.5, 4.83, 3.5, 3.5, 3.5, 3.5, 3.5, 3.5, 3.5, 3.5, 3.5, 3.5, 2.0]
BEST_hyper_parameter
v: [12.0, 8.68, 32.33, 19.77, 21.3, 32.31, 25.06, 26.41, 25.93, 20.32, 12.0, 21.86, 24.54, 28.63]
a: [158.22, 70.41, 77.95, 50.0, 138.1, 69.01, 89.32, 59.33, 50.0, 50.0, 50.0, 50.0, 88.53, 140.15]
d: [3.5, 3.5, 4.83, 3.5, 3.5, 3.5, 3.5, 3.5, 3.5, 3.5, 3.5, 3.5, 3.5, 2.0]
random_idx_1 = 1, random_idx_2 = 2
random_idx_1 = 0, random_idx_2 = 5

iteration: 30
best: [1000.0, 1000.0, 1000.0, 1000.0, 1000.0, 1000.0, 1000.0, 1000.0, 1000.0, 1000.0, 1000.0, 1000.0, 1000.0, 47.35]
time: [6.04, 8.1, 10.69, 13.23, 15.88, 19.8, 30.58, 33.87, 35.76, 38.27, 40.17, 42.54, 44.36, 52.41]
current_hyper_parameter
v: [12.0, 8.68, 32.33, 19.77, 21.3, 32.74, 25.06, 26.41, 25.93, 20.32, 12.0, 21.86, 24.54, 28.63]
a: [158.22, 70.41, 138.87, 50.0, 138.1, 69.01, 89.32, 59.33, 50.0, 50.0, 50.0, 50.0, 88.53, 140.15]
d: [3.5, 3.5, 4.83, 3.5, 3.5, 3.5, 3.5, 3.5, 3.5, 3.5, 3.5, 3.5, 3.5, 2.0]
BEST_hyper_parameter
v: [12.0, 8.68, 32.33, 19.77, 21.3, 32.31, 25.06, 26.41, 25.93, 20.32, 12.0, 21.86, 24.54, 28.63]
a: [158.22, 70.41, 77.95, 50.0, 138.1, 69.01, 89.32, 59.33, 50.0, 50.0, 50.0, 50.0, 88.53, 140.15]
d: [3.5, 3.5, 4.83, 3.5, 3.5, 3.5, 3.5, 3.5, 3.5, 3.5, 3.5, 3.5, 3.5, 2.0]
random_idx_1 = 1, random_idx_2 = 6
random_idx_1 = 1, random_idx_2 = 4

iteration: 31
best: [1000.0, 1000.0, 1000.0, 1000.0, 1000.0, 1000.0, 1000.0, 1000.0, 1000.0, 1000.0, 1000.0, 1000.0, 1000.0, 47.35]
time: [6.03, 8.06, 11.2, 14.12, 16.89, 20.83, 31.13, 42.11, 44.87, 47.29, 48.96, 1000, 1000, 1000]
current_hyper_parameter
v: [12.0, 8.68, 32.33, 19.77, 21.3, 32.31, 25.06, 26.41, 25.93, 20.32, 12.0, 21.86, 24.54, 28.63]
a: [158.22, 70.41, 77.95, 50.0, 86.88, 69.01, 135.91, 59.33, 50.0, 50.0, 50.0, 50.0, 88.53, 140.15]
d: [3.5, 3.5, 4.83, 3.5, 3.5, 3.5, 3.5, 3.5, 3.5, 3.5, 3.5, 3.5, 3.5, 2.0]
BEST_hyper_parameter
v: [12.0, 8.68, 32.33, 19.77, 21.3, 32.31, 25.06, 26.41, 25.93, 20.32, 12.0, 21.86, 24.54, 28.63]
a: [158.22, 70.41, 77.95, 50.0, 138.1, 69.01, 89.32, 59.33, 50.0, 50.0, 50.0, 50.0, 88.53, 140.15]
d: [3.5, 3.5, 4.83, 3.5, 3.5, 3.5, 3.5, 3.5, 3.5, 3.5, 3.5, 3.5, 3.5, 2.0]
random_idx_1 = 2, random_idx_2 = 10
random_idx_1 = 0, random_idx_2 = 1

iteration: 32
best: [1000.0, 1000.0, 1000.0, 1000.0, 1000.0, 1000.0, 1000.0, 1000.0, 1000.0, 1000.0, 1000.0, 1000.0, 1000.0, 47.35]
time: [6.13, 7.96, 10.94, 13.81, 16.4, 20.24, 31.07, 34.41, 36.23, 38.79, 1000, 1000, 1000, 1000]
current_hyper_parameter
v: [12.0, 19.73, 32.33, 19.77, 21.3, 32.31, 25.06, 26.41, 25.93, 20.32, 12.0, 21.86, 24.54, 28.63]
a: [158.22, 70.41, 77.95, 50.0, 138.1, 69.01, 89.32, 59.33, 50.0, 50.0, 50.0, 50.0, 88.53, 140.15]
d: [3.5, 3.5, 4.83, 3.5, 3.5, 3.5, 3.5, 3.5, 3.5, 3.5, 3.5, 3.5, 3.5, 2.0]
BEST_hyper_parameter
v: [12.0, 8.68, 32.33, 19.77, 21.3, 32.31, 25.06, 26.41, 25.93, 20.32, 12.0, 21.86, 24.54, 28.63]
a: [158.22, 70.41, 77.95, 50.0, 138.1, 69.01, 89.32, 59.33, 50.0, 50.0, 50.0, 50.0, 88.53, 140.15]
d: [3.5, 3.5, 4.83, 3.5, 3.5, 3.5, 3.5, 3.5, 3.5, 3.5, 3.5, 3.5, 3.5, 2.0]
random_idx_1 = 2, random_idx_2 = 3
random_idx_1 = 0, random_idx_2 = 12

iteration: 33
best: [1000.0, 1000.0, 1000.0, 1000.0, 1000.0, 1000.0, 1000.0, 1000.0, 1000.0, 1000.0, 1000.0, 1000.0, 1000.0, 47.35]
time: [6.05, 8.13, 11.29, 14.19, 19.78, 23.65, 34.66, 37.94, 39.86, 42.41, 44.29, 46.62, 1000, 1000]
current_hyper_parameter
v: [12.0, 8.68, 32.33, 19.77, 21.3, 32.31, 25.06, 26.41, 25.93, 20.32, 12.0, 21.86, 32.72, 28.63]
a: [158.22, 70.41, 77.95, 50.0, 138.1, 69.01, 89.32, 59.33, 50.0, 50.0, 50.0, 50.0, 88.53, 140.15]
d: [3.5, 3.5, 4.83, 3.5, 3.5, 3.5, 3.5, 3.5, 3.5, 3.5, 3.5, 3.5, 3.5, 2.0]
BEST_hyper_parameter
v: [12.0, 8.68, 32.33, 19.77, 21.3, 32.31, 25.06, 26.41, 25.93, 20.32, 12.0, 21.86, 24.54, 28.63]
a: [158.22, 70.41, 77.95, 50.0, 138.1, 69.01, 89.32, 59.33, 50.0, 50.0, 50.0, 50.0, 88.53, 140.15]
d: [3.5, 3.5, 4.83, 3.5, 3.5, 3.5, 3.5, 3.5, 3.5, 3.5, 3.5, 3.5, 3.5, 2.0]
random_idx_1 = 2, random_idx_2 = 4
random_idx_1 = 2, random_idx_2 = 11

iteration: 34
best: [1000.0, 1000.0, 1000.0, 1000.0, 1000.0, 1000.0, 1000.0, 1000.0, 1000.0, 1000.0, 1000.0, 1000.0, 1000.0, 47.35]
time: [6.14, 8.24, 11.31, 14.17, 16.82, 21.14, 31.98, 35.46, 37.32, 39.7, 41.63, 43.97, 45.91, 46.86]
current_hyper_parameter
v: [12.0, 8.68, 32.33, 19.77, 21.3, 32.31, 25.06, 26.41, 25.93, 20.32, 12.0, 21.86, 24.54, 28.63]
a: [158.22, 70.41, 77.95, 50.0, 138.1, 69.01, 89.32, 59.33, 50.0, 50.0, 50.0, 50.0, 88.53, 140.15]
d: [3.5, 3.5, 4.83, 3.5, 3.5, 3.5, 3.5, 3.5, 3.5, 3.5, 3.5, 3.5, 3.5, 2.0]
BEST_hyper_parameter
v: [12.0, 8.68, 32.33, 19.77, 21.3, 32.31, 25.06, 26.41, 25.93, 20.32, 12.0, 21.86, 24.54, 28.63]
a: [158.22, 70.41, 77.95, 50.0, 138.1, 69.01, 89.32, 59.33, 50.0, 50.0, 50.0, 50.0, 88.53, 140.15]
d: [3.5, 3.5, 4.83, 3.5, 3.5, 3.5, 3.5, 3.5, 3.5, 3.5, 3.5, 3.5, 3.5, 2.0]
random_idx_1 = 2, random_idx_2 = 7
random_idx_1 = 0, random_idx_2 = 10

iteration: 35
best: [1000.0, 1000.0, 1000.0, 1000.0, 1000.0, 1000.0, 1000.0, 1000.0, 1000.0, 1000.0, 1000.0, 1000.0, 1000.0, 46.86]
time: [6.05, 8.07, 11.22, 14.17, 19.75, 23.67, 34.68, 37.99, 39.95, 42.3, 44.42, 46.88, 48.51, 1000]
current_hyper_parameter
v: [12.0, 8.68, 32.33, 19.77, 21.3, 32.31, 25.06, 26.41, 25.93, 20.32, 19.56, 21.86, 24.54, 28.63]
a: [158.22, 70.41, 77.95, 50.0, 138.1, 69.01, 89.32, 59.33, 50.0, 50.0, 50.0, 50.0, 88.53, 140.15]
d: [3.5, 3.5, 4.83, 3.5, 3.5, 3.5, 3.5, 3.5, 3.5, 3.5, 3.5, 3.5, 3.5, 2.0]
BEST_hyper_parameter
v: [12.0, 8.68, 32.33, 19.77, 21.3, 32.31, 25.06, 26.41, 25.93, 20.32, 12.0, 21.86, 24.54, 28.63]
a: [158.22, 70.41, 77.95, 50.0, 138.1, 69.01, 89.32, 59.33, 50.0, 50.0, 50.0, 50.0, 88.53, 140.15]
d: [3.5, 3.5, 4.83, 3.5, 3.5, 3.5, 3.5, 3.5, 3.5, 3.5, 3.5, 3.5, 3.5, 2.0]
random_idx_1 = 1, random_idx_2 = 1
random_idx_1 = 2, random_idx_2 = 12

iteration: 36
best: [1000.0, 1000.0, 1000.0, 1000.0, 1000.0, 1000.0, 1000.0, 1000.0, 1000.0, 1000.0, 1000.0, 1000.0, 1000.0, 46.86]
time: [6.15, 8.21, 11.28, 14.17, 16.85, 21.14, 32.01, 36.01, 37.95, 40.27, 42.51, 45.13, 47.04, 47.97]
current_hyper_parameter
v: [12.0, 8.68, 32.33, 19.77, 21.3, 32.31, 25.06, 26.41, 25.93, 20.32, 12.0, 21.86, 24.54, 28.63]
a: [158.22, 96.82, 77.95, 50.0, 138.1, 69.01, 89.32, 59.33, 50.0, 50.0, 50.0, 50.0, 88.53, 140.15]
d: [3.5, 3.5, 4.83, 3.5, 3.5, 3.5, 3.5, 3.5, 3.5, 3.5, 3.5, 3.5, 3.5, 2.0]
BEST_hyper_parameter
v: [12.0, 8.68, 32.33, 19.77, 21.3, 32.31, 25.06, 26.41, 25.93, 20.32, 12.0, 21.86, 24.54, 28.63]
a: [158.22, 70.41, 77.95, 50.0, 138.1, 69.01, 89.32, 59.33, 50.0, 50.0, 50.0, 50.0, 88.53, 140.15]
d: [3.5, 3.5, 4.83, 3.5, 3.5, 3.5, 3.5, 3.5, 3.5, 3.5, 3.5, 3.5, 3.5, 2.0]
random_idx_1 = 2, random_idx_2 = 6
random_idx_1 = 1, random_idx_2 = 8

iteration: 37
best: [1000.0, 1000.0, 1000.0, 1000.0, 1000.0, 1000.0, 1000.0, 1000.0, 1000.0, 1000.0, 1000.0, 1000.0, 1000.0, 46.86]
time: [6.01, 8.07, 11.21, 14.06, 19.74, 23.62, 34.61, 37.87, 39.28, 45.23, 1000, 1000, 1000, 1000]
current_hyper_parameter
v: [12.0, 8.68, 32.33, 19.77, 21.3, 32.31, 25.06, 26.41, 25.93, 20.32, 12.0, 21.86, 24.54, 28.63]
a: [158.22, 70.41, 77.95, 50.0, 138.1, 69.01, 89.32, 59.33, 111.56, 50.0, 50.0, 50.0, 88.53, 140.15]
d: [3.5, 3.5, 4.83, 3.5, 3.5, 3.5, 3.5, 3.5, 3.5, 3.5, 3.5, 3.5, 3.5, 2.0]
BEST_hyper_parameter
v: [12.0, 8.68, 32.33, 19.77, 21.3, 32.31, 25.06, 26.41, 25.93, 20.32, 12.0, 21.86, 24.54, 28.63]
a: [158.22, 70.41, 77.95, 50.0, 138.1, 69.01, 89.32, 59.33, 50.0, 50.0, 50.0, 50.0, 88.53, 140.15]
d: [3.5, 3.5, 4.83, 3.5, 3.5, 3.5, 3.5, 3.5, 3.5, 3.5, 3.5, 3.5, 3.5, 2.0]
random_idx_1 = 0, random_idx_2 = 8
random_idx_1 = 1, random_idx_2 = 10

iteration: 38
best: [1000.0, 1000.0, 1000.0, 1000.0, 1000.0, 1000.0, 1000.0, 1000.0, 1000.0, 1000.0, 1000.0, 1000.0, 1000.0, 46.86]
time: [6.12, 8.22, 11.31, 14.16, 16.83, 21.14, 31.95, 35.49, 37.21, 39.61, 40.97, 43.6, 45.4, 1000]
current_hyper_parameter
v: [12.0, 8.68, 32.33, 19.77, 21.3, 32.31, 25.06, 26.41, 22.58, 20.32, 12.0, 21.86, 24.54, 28.63]
a: [158.22, 70.41, 77.95, 50.0, 138.1, 69.01, 89.32, 59.33, 50.0, 50.0, 153.02, 50.0, 88.53, 140.15]
d: [3.5, 3.5, 4.83, 3.5, 3.5, 3.5, 3.5, 3.5, 3.5, 3.5, 3.5, 3.5, 3.5, 2.0]
BEST_hyper_parameter
v: [12.0, 8.68, 32.33, 19.77, 21.3, 32.31, 25.06, 26.41, 25.93, 20.32, 12.0, 21.86, 24.54, 28.63]
a: [158.22, 70.41, 77.95, 50.0, 138.1, 69.01, 89.32, 59.33, 50.0, 50.0, 50.0, 50.0, 88.53, 140.15]
d: [3.5, 3.5, 4.83, 3.5, 3.5, 3.5, 3.5, 3.5, 3.5, 3.5, 3.5, 3.5, 3.5, 2.0]
random_idx_1 = 2, random_idx_2 = 0
random_idx_1 = 2, random_idx_2 = 6

iteration: 39
best: [1000.0, 1000.0, 1000.0, 1000.0, 1000.0, 1000.0, 1000.0, 1000.0, 1000.0, 1000.0, 1000.0, 1000.0, 1000.0, 46.86]
time: [6.12, 8.23, 11.3, 14.07, 20.11, 24.2, 35.14, 41.45, 43.36, 45.83, 47.63, 1000, 1000, 1000]
current_hyper_parameter
v: [12.0, 8.68, 32.33, 19.77, 21.3, 32.31, 25.06, 26.41, 25.93, 20.32, 12.0, 21.86, 24.54, 28.63]
a: [158.22, 70.41, 77.95, 50.0, 138.1, 69.01, 89.32, 59.33, 50.0, 50.0, 50.0, 50.0, 88.53, 140.15]
d: [3.5, 3.5, 4.83, 3.5, 3.5, 3.5, 3.5, 3.5, 3.5, 3.5, 3.5, 3.5, 3.5, 2.0]
BEST_hyper_parameter
v: [12.0, 8.68, 32.33, 19.77, 21.3, 32.31, 25.06, 26.41, 25.93, 20.32, 12.0, 21.86, 24.54, 28.63]
a: [158.22, 70.41, 77.95, 50.0, 138.1, 69.01, 89.32, 59.33, 50.0, 50.0, 50.0, 50.0, 88.53, 140.15]
d: [3.5, 3.5, 4.83, 3.5, 3.5, 3.5, 3.5, 3.5, 3.5, 3.5, 3.5, 3.5, 3.5, 2.0]
random_idx_1 = 0, random_idx_2 = 12
random_idx_1 = 2, random_idx_2 = 9

iteration: 40
best: [1000.0, 1000.0, 1000.0, 1000.0, 1000.0, 1000.0, 1000.0, 1000.0, 1000.0, 1000.0, 1000.0, 1000.0, 1000.0, 46.86]
time: [6.13, 8.23, 11.3, 14.16, 16.84, 21.24, 33.13, 36.48, 38.22, 40.68, 42.41, 45.04, 46.87, 48.05]
current_hyper_parameter
v: [12.0, 8.68, 32.33, 19.77, 21.3, 32.31, 25.06, 26.41, 25.93, 20.32, 12.0, 21.86, 26.07, 28.63]
a: [158.22, 70.41, 77.95, 50.0, 138.1, 69.01, 89.32, 59.33, 50.0, 50.0, 50.0, 50.0, 88.53, 140.15]
d: [3.5, 3.5, 4.83, 3.5, 3.5, 3.5, 3.5, 3.5, 3.5, 3.5, 3.5, 3.5, 3.5, 2.0]
BEST_hyper_parameter
v: [12.0, 8.68, 32.33, 19.77, 21.3, 32.31, 25.06, 26.41, 25.93, 20.32, 12.0, 21.86, 24.54, 28.63]
a: [158.22, 70.41, 77.95, 50.0, 138.1, 69.01, 89.32, 59.33, 50.0, 50.0, 50.0, 50.0, 88.53, 140.15]
d: [3.5, 3.5, 4.83, 3.5, 3.5, 3.5, 3.5, 3.5, 3.5, 3.5, 3.5, 3.5, 3.5, 2.0]
random_idx_1 = 1, random_idx_2 = 8
random_idx_1 = 2, random_idx_2 = 2

iteration: 41
best: [1000.0, 1000.0, 1000.0, 1000.0, 1000.0, 1000.0, 1000.0, 1000.0, 1000.0, 1000.0, 1000.0, 1000.0, 1000.0, 46.86]
time: [6.15, 8.23, 11.45, 14.22, 19.84, 23.92, 35.19, 38.41, 39.81, 41.28, 1000, 1000, 1000, 1000]
current_hyper_parameter
v: [12.0, 8.68, 32.33, 19.77, 21.3, 32.31, 25.06, 26.41, 25.93, 20.32, 12.0, 21.86, 24.54, 28.63]
a: [158.22, 70.41, 77.95, 50.0, 138.1, 69.01, 89.32, 59.33, 146.87, 50.0, 50.0, 50.0, 88.53, 140.15]
d: [3.5, 3.5, 5.55, 3.5, 3.5, 3.5, 3.5, 3.5, 3.5, 3.5, 3.5, 3.5, 3.5, 2.0]
BEST_hyper_parameter
v: [12.0, 8.68, 32.33, 19.77, 21.3, 32.31, 25.06, 26.41, 25.93, 20.32, 12.0, 21.86, 24.54, 28.63]
a: [158.22, 70.41, 77.95, 50.0, 138.1, 69.01, 89.32, 59.33, 50.0, 50.0, 50.0, 50.0, 88.53, 140.15]
d: [3.5, 3.5, 4.83, 3.5, 3.5, 3.5, 3.5, 3.5, 3.5, 3.5, 3.5, 3.5, 3.5, 2.0]
random_idx_1 = 0, random_idx_2 = 13
random_idx_1 = 0, random_idx_2 = 5

iteration: 42
best: [1000.0, 1000.0, 1000.0, 1000.0, 1000.0, 1000.0, 1000.0, 1000.0, 1000.0, 1000.0, 1000.0, 1000.0, 1000.0, 46.86]
time: [6.13, 8.24, 11.32, 14.1, 19.73, 25.71, 37.65, 41.03, 42.89, 45.43, 47.61, 1000, 1000, 1000]
current_hyper_parameter
v: [12.0, 8.68, 32.33, 19.77, 21.3, 9.47, 25.06, 26.41, 25.93, 20.32, 12.0, 21.86, 24.54, 25.65]
a: [158.22, 70.41, 77.95, 50.0, 138.1, 69.01, 89.32, 59.33, 50.0, 50.0, 50.0, 50.0, 88.53, 140.15]
d: [3.5, 3.5, 4.83, 3.5, 3.5, 3.5, 3.5, 3.5, 3.5, 3.5, 3.5, 3.5, 3.5, 2.0]
BEST_hyper_parameter
v: [12.0, 8.68, 32.33, 19.77, 21.3, 32.31, 25.06, 26.41, 25.93, 20.32, 12.0, 21.86, 24.54, 28.63]
a: [158.22, 70.41, 77.95, 50.0, 138.1, 69.01, 89.32, 59.33, 50.0, 50.0, 50.0, 50.0, 88.53, 140.15]
d: [3.5, 3.5, 4.83, 3.5, 3.5, 3.5, 3.5, 3.5, 3.5, 3.5, 3.5, 3.5, 3.5, 2.0]
random_idx_1 = 2, random_idx_2 = 7
random_idx_1 = 1, random_idx_2 = 4

iteration: 43
best: [1000.0, 1000.0, 1000.0, 1000.0, 1000.0, 1000.0, 1000.0, 1000.0, 1000.0, 1000.0, 1000.0, 1000.0, 1000.0, 46.86]
time: [6.12, 8.25, 11.31, 14.07, 19.67, 23.65, 34.57, 37.9, 39.83, 42.22, 43.97, 46.53, 1000, 1000]
current_hyper_parameter
v: [12.0, 8.68, 32.33, 19.77, 21.3, 32.31, 25.06, 26.41, 25.93, 20.32, 12.0, 21.86, 24.54, 28.63]
a: [158.22, 70.41, 77.95, 50.0, 115.91, 69.01, 89.32, 59.33, 50.0, 50.0, 50.0, 50.0, 88.53, 140.15]
d: [3.5, 3.5, 4.83, 3.5, 3.5, 3.5, 3.5, 3.5, 3.5, 3.5, 3.5, 3.5, 3.5, 2.0]
BEST_hyper_parameter
v: [12.0, 8.68, 32.33, 19.77, 21.3, 32.31, 25.06, 26.41, 25.93, 20.32, 12.0, 21.86, 24.54, 28.63]
a: [158.22, 70.41, 77.95, 50.0, 138.1, 69.01, 89.32, 59.33, 50.0, 50.0, 50.0, 50.0, 88.53, 140.15]
d: [3.5, 3.5, 4.83, 3.5, 3.5, 3.5, 3.5, 3.5, 3.5, 3.5, 3.5, 3.5, 3.5, 2.0]
random_idx_1 = 0, random_idx_2 = 2
random_idx_1 = 0, random_idx_2 = 8

iteration: 44
best: [1000.0, 1000.0, 1000.0, 1000.0, 1000.0, 1000.0, 1000.0, 1000.0, 1000.0, 1000.0, 1000.0, 1000.0, 1000.0, 46.86]
time: [6.14, 8.23, 11.71, 14.86, 17.44, 21.31, 32.12, 35.41, 37.3, 39.84, 41.91, 44.44, 46.5, 47.42]
current_hyper_parameter
v: [12.0, 8.68, 17.9, 19.77, 21.3, 32.31, 25.06, 26.41, 34.88, 20.32, 12.0, 21.86, 24.54, 28.63]
a: [158.22, 70.41, 77.95, 50.0, 138.1, 69.01, 89.32, 59.33, 50.0, 50.0, 50.0, 50.0, 88.53, 140.15]
d: [3.5, 3.5, 4.83, 3.5, 3.5, 3.5, 3.5, 3.5, 3.5, 3.5, 3.5, 3.5, 3.5, 2.0]
BEST_hyper_parameter
v: [12.0, 8.68, 32.33, 19.77, 21.3, 32.31, 25.06, 26.41, 25.93, 20.32, 12.0, 21.86, 24.54, 28.63]
a: [158.22, 70.41, 77.95, 50.0, 138.1, 69.01, 89.32, 59.33, 50.0, 50.0, 50.0, 50.0, 88.53, 140.15]
d: [3.5, 3.5, 4.83, 3.5, 3.5, 3.5, 3.5, 3.5, 3.5, 3.5, 3.5, 3.5, 3.5, 2.0]
random_idx_1 = 1, random_idx_2 = 0
random_idx_1 = 0, random_idx_2 = 10

iteration: 45
best: [1000.0, 1000.0, 1000.0, 1000.0, 1000.0, 1000.0, 1000.0, 1000.0, 1000.0, 1000.0, 1000.0, 1000.0, 1000.0, 46.86]
time: [6.05, 8.14, 11.29, 14.18, 19.81, 24.18, 35.11, 38.53, 40.39, 42.82, 44.94, 47.55, 1000, 1000]
current_hyper_parameter
v: [12.0, 8.68, 32.33, 19.77, 21.3, 32.31, 25.06, 26.41, 25.93, 20.32, 16.99, 21.86, 24.54, 28.63]
a: [153.54, 70.41, 77.95, 50.0, 138.1, 69.01, 89.32, 59.33, 50.0, 50.0, 50.0, 50.0, 88.53, 140.15]
d: [3.5, 3.5, 4.83, 3.5, 3.5, 3.5, 3.5, 3.5, 3.5, 3.5, 3.5, 3.5, 3.5, 2.0]
BEST_hyper_parameter
v: [12.0, 8.68, 32.33, 19.77, 21.3, 32.31, 25.06, 26.41, 25.93, 20.32, 12.0, 21.86, 24.54, 28.63]
a: [158.22, 70.41, 77.95, 50.0, 138.1, 69.01, 89.32, 59.33, 50.0, 50.0, 50.0, 50.0, 88.53, 140.15]
d: [3.5, 3.5, 4.83, 3.5, 3.5, 3.5, 3.5, 3.5, 3.5, 3.5, 3.5, 3.5, 3.5, 2.0]
random_idx_1 = 2, random_idx_2 = 10
random_idx_1 = 2, random_idx_2 = 5

iteration: 46
best: [1000.0, 1000.0, 1000.0, 1000.0, 1000.0, 1000.0, 1000.0, 1000.0, 1000.0, 1000.0, 1000.0, 1000.0, 1000.0, 46.86]
time: [6.17, 8.52, 11.76, 14.6, 20.24, 24.09, 35.07, 38.43, 40.35, 42.88, 45.01, 47.53, 1000, 1000]
current_hyper_parameter
v: [12.0, 8.68, 32.33, 19.77, 21.3, 32.31, 25.06, 26.41, 25.93, 20.32, 12.0, 21.86, 24.54, 28.63]
a: [158.22, 70.41, 77.95, 50.0, 138.1, 69.01, 89.32, 59.33, 50.0, 50.0, 50.0, 50.0, 88.53, 140.15]
d: [3.5, 3.5, 4.83, 3.5, 3.5, 3.5, 3.5, 3.5, 3.5, 3.5, 3.5, 3.5, 3.5, 2.0]
BEST_hyper_parameter
v: [12.0, 8.68, 32.33, 19.77, 21.3, 32.31, 25.06, 26.41, 25.93, 20.32, 12.0, 21.86, 24.54, 28.63]
a: [158.22, 70.41, 77.95, 50.0, 138.1, 69.01, 89.32, 59.33, 50.0, 50.0, 50.0, 50.0, 88.53, 140.15]
d: [3.5, 3.5, 4.83, 3.5, 3.5, 3.5, 3.5, 3.5, 3.5, 3.5, 3.5, 3.5, 3.5, 2.0]
random_idx_1 = 1, random_idx_2 = 3
random_idx_1 = 1, random_idx_2 = 10

iteration: 47
best: [1000.0, 1000.0, 1000.0, 1000.0, 1000.0, 1000.0, 1000.0, 1000.0, 1000.0, 1000.0, 1000.0, 1000.0, 1000.0, 46.86]
time: [6.04, 8.09, 11.23, 13.98, 19.5, 23.35, 34.23, 37.47, 39.34, 41.85, 44.57, 47.18, 48.83, 1000]
current_hyper_parameter
v: [12.0, 8.68, 32.33, 19.77, 21.3, 32.31, 25.06, 26.41, 25.93, 20.32, 12.0, 21.86, 24.54, 28.63]
a: [158.22, 70.41, 77.95, 66.7, 138.1, 69.01, 89.32, 59.33, 50.0, 50.0, 33.34, 50.0, 88.53, 140.15]
d: [3.5, 3.5, 4.83, 3.5, 3.5, 3.5, 3.5, 3.5, 3.5, 3.5, 3.5, 3.5, 3.5, 2.0]
BEST_hyper_parameter
v: [12.0, 8.68, 32.33, 19.77, 21.3, 32.31, 25.06, 26.41, 25.93, 20.32, 12.0, 21.86, 24.54, 28.63]
a: [158.22, 70.41, 77.95, 50.0, 138.1, 69.01, 89.32, 59.33, 50.0, 50.0, 50.0, 50.0, 88.53, 140.15]
d: [3.5, 3.5, 4.83, 3.5, 3.5, 3.5, 3.5, 3.5, 3.5, 3.5, 3.5, 3.5, 3.5, 2.0]
random_idx_1 = 2, random_idx_2 = 1
random_idx_1 = 0, random_idx_2 = 12

iteration: 48
best: [1000.0, 1000.0, 1000.0, 1000.0, 1000.0, 1000.0, 1000.0, 1000.0, 1000.0, 1000.0, 1000.0, 1000.0, 1000.0, 46.86]
time: [6.05, 8.14, 11.3, 14.21, 19.91, 24.24, 35.17, 38.55, 40.48, 43.0, 45.1, 47.57, 1000, 1000]
current_hyper_parameter
v: [12.0, 8.68, 32.33, 19.77, 21.3, 32.31, 25.06, 26.41, 25.93, 20.32, 12.0, 21.86, 17.0, 28.63]
a: [158.22, 70.41, 77.95, 50.0, 138.1, 69.01, 89.32, 59.33, 50.0, 50.0, 50.0, 50.0, 88.53, 140.15]
d: [3.5, 3.5, 4.83, 3.5, 3.5, 3.5, 3.5, 3.5, 3.5, 3.5, 3.5, 3.5, 3.5, 2.0]
BEST_hyper_parameter
v: [12.0, 8.68, 32.33, 19.77, 21.3, 32.31, 25.06, 26.41, 25.93, 20.32, 12.0, 21.86, 24.54, 28.63]
a: [158.22, 70.41, 77.95, 50.0, 138.1, 69.01, 89.32, 59.33, 50.0, 50.0, 50.0, 50.0, 88.53, 140.15]
d: [3.5, 3.5, 4.83, 3.5, 3.5, 3.5, 3.5, 3.5, 3.5, 3.5, 3.5, 3.5, 3.5, 2.0]
random_idx_1 = 1, random_idx_2 = 3
random_idx_1 = 2, random_idx_2 = 4

iteration: 49
best: [1000.0, 1000.0, 1000.0, 1000.0, 1000.0, 1000.0, 1000.0, 1000.0, 1000.0, 1000.0, 1000.0, 1000.0, 1000.0, 46.86]
time: [6.12, 8.22, 11.29, 17.39, 21.24, 25.45, 36.49, 40.23, 42.45, 44.91, 47.3, 48.9, 1000, 1000]
current_hyper_parameter
v: [12.0, 8.68, 32.33, 19.77, 21.3, 32.31, 25.06, 26.41, 25.93, 20.32, 12.0, 21.86, 24.54, 28.63]
a: [158.22, 70.41, 77.95, 132.57, 138.1, 69.01, 89.32, 59.33, 50.0, 50.0, 50.0, 50.0, 88.53, 140.15]
d: [3.5, 3.5, 4.83, 3.5, 3.5, 3.5, 3.5, 3.5, 3.5, 3.5, 3.5, 3.5, 3.5, 2.0]
BEST_hyper_parameter
v: [12.0, 8.68, 32.33, 19.77, 21.3, 32.31, 25.06, 26.41, 25.93, 20.32, 12.0, 21.86, 24.54, 28.63]
a: [158.22, 70.41, 77.95, 50.0, 138.1, 69.01, 89.32, 59.33, 50.0, 50.0, 50.0, 50.0, 88.53, 140.15]
d: [3.5, 3.5, 4.83, 3.5, 3.5, 3.5, 3.5, 3.5, 3.5, 3.5, 3.5, 3.5, 3.5, 2.0]
random_idx_1 = 1, random_idx_2 = 5
random_idx_1 = 0, random_idx_2 = 7

iteration: 50
best: [1000.0, 1000.0, 1000.0, 1000.0, 1000.0, 1000.0, 1000.0, 1000.0, 1000.0, 1000.0, 1000.0, 1000.0, 1000.0, 46.86]
time: [6.12, 8.22, 11.31, 14.1, 20.14, 23.82, 34.74, 37.88, 39.73, 42.31, 47.04, 1000, 1000, 1000]
current_hyper_parameter
v: [12.0, 8.68, 32.33, 19.77, 21.3, 32.31, 25.06, 20.64, 25.93, 20.32, 12.0, 21.86, 24.54, 28.63]
a: [158.22, 70.41, 77.95, 50.0, 138.1, 82.77, 89.32, 59.33, 50.0, 50.0, 50.0, 50.0, 88.53, 140.15]
d: [3.5, 3.5, 4.83, 3.5, 3.5, 3.5, 3.5, 3.5, 3.5, 3.5, 3.5, 3.5, 3.5, 2.0]
BEST_hyper_parameter
v: [12.0, 8.68, 32.33, 19.77, 21.3, 32.31, 25.06, 26.41, 25.93, 20.32, 12.0, 21.86, 24.54, 28.63]
a: [158.22, 70.41, 77.95, 50.0, 138.1, 69.01, 89.32, 59.33, 50.0, 50.0, 50.0, 50.0, 88.53, 140.15]
d: [3.5, 3.5, 4.83, 3.5, 3.5, 3.5, 3.5, 3.5, 3.5, 3.5, 3.5, 3.5, 3.5, 2.0]
random_idx_1 = 2, random_idx_2 = 1
random_idx_1 = 1, random_idx_2 = 7

iteration: 51
best: [1000.0, 1000.0, 1000.0, 1000.0, 1000.0, 1000.0, 1000.0, 1000.0, 1000.0, 1000.0, 1000.0, 1000.0, 1000.0, 46.86]
time: [6.13, 8.22, 11.31, 14.26, 16.85, 21.18, 31.98, 34.84, 1000, 1000, 1000, 1000, 1000, 1000]
current_hyper_parameter
v: [12.0, 8.68, 32.33, 19.77, 21.3, 32.31, 25.06, 26.41, 25.93, 20.32, 12.0, 21.86, 24.54, 28.63]
a: [158.22, 70.41, 77.95, 50.0, 138.1, 69.01, 89.32, 150.77, 50.0, 50.0, 50.0, 50.0, 88.53, 140.15]
d: [3.5, 3.5, 4.83, 3.5, 3.5, 3.5, 3.5, 3.5, 3.5, 3.5, 3.5, 3.5, 3.5, 2.0]
BEST_hyper_parameter
v: [12.0, 8.68, 32.33, 19.77, 21.3, 32.31, 25.06, 26.41, 25.93, 20.32, 12.0, 21.86, 24.54, 28.63]
a: [158.22, 70.41, 77.95, 50.0, 138.1, 69.01, 89.32, 59.33, 50.0, 50.0, 50.0, 50.0, 88.53, 140.15]
d: [3.5, 3.5, 4.83, 3.5, 3.5, 3.5, 3.5, 3.5, 3.5, 3.5, 3.5, 3.5, 3.5, 2.0]
random_idx_1 = 2, random_idx_2 = 13
random_idx_1 = 2, random_idx_2 = 4

iteration: 52
best: [1000.0, 1000.0, 1000.0, 1000.0, 1000.0, 1000.0, 1000.0, 1000.0, 1000.0, 1000.0, 1000.0, 1000.0, 1000.0, 46.86]
time: [6.14, 8.27, 11.33, 14.3, 16.94, 20.91, 32.09, 35.35, 37.27, 39.8, 1000, 1000, 1000, 1000]
current_hyper_parameter
v: [12.0, 8.68, 32.33, 19.77, 21.3, 32.31, 25.06, 26.41, 25.93, 20.32, 12.0, 21.86, 24.54, 28.63]
a: [158.22, 70.41, 77.95, 50.0, 138.1, 69.01, 89.32, 59.33, 50.0, 50.0, 50.0, 50.0, 88.53, 140.15]
d: [3.5, 3.5, 4.83, 3.5, 3.5, 3.5, 3.5, 3.5, 3.5, 3.5, 3.5, 3.5, 3.5, 2.0]
BEST_hyper_parameter
v: [12.0, 8.68, 32.33, 19.77, 21.3, 32.31, 25.06, 26.41, 25.93, 20.32, 12.0, 21.86, 24.54, 28.63]
a: [158.22, 70.41, 77.95, 50.0, 138.1, 69.01, 89.32, 59.33, 50.0, 50.0, 50.0, 50.0, 88.53, 140.15]
d: [3.5, 3.5, 4.83, 3.5, 3.5, 3.5, 3.5, 3.5, 3.5, 3.5, 3.5, 3.5, 3.5, 2.0]
random_idx_1 = 2, random_idx_2 = 6
random_idx_1 = 0, random_idx_2 = 6

iteration: 53
best: [1000.0, 1000.0, 1000.0, 1000.0, 1000.0, 1000.0, 1000.0, 1000.0, 1000.0, 1000.0, 1000.0, 1000.0, 1000.0, 46.86]
time: [6.03, 8.1, 11.25, 14.14, 19.72, 23.69, 34.04, 37.48, 39.44, 41.77, 1000, 1000, 1000, 1000]
current_hyper_parameter
v: [12.0, 8.68, 32.33, 19.77, 21.3, 32.31, 27.92, 26.41, 25.93, 20.32, 12.0, 21.86, 24.54, 28.63]
a: [158.22, 70.41, 77.95, 50.0, 138.1, 69.01, 89.32, 59.33, 50.0, 50.0, 50.0, 50.0, 88.53, 140.15]
d: [3.5, 3.5, 4.83, 3.5, 3.5, 3.5, 3.5, 3.5, 3.5, 3.5, 3.5, 3.5, 3.5, 2.0]
BEST_hyper_parameter
v: [12.0, 8.68, 32.33, 19.77, 21.3, 32.31, 25.06, 26.41, 25.93, 20.32, 12.0, 21.86, 24.54, 28.63]
a: [158.22, 70.41, 77.95, 50.0, 138.1, 69.01, 89.32, 59.33, 50.0, 50.0, 50.0, 50.0, 88.53, 140.15]
d: [3.5, 3.5, 4.83, 3.5, 3.5, 3.5, 3.5, 3.5, 3.5, 3.5, 3.5, 3.5, 3.5, 2.0]
random_idx_1 = 0, random_idx_2 = 10
random_idx_1 = 0, random_idx_2 = 13

iteration: 54
best: [1000.0, 1000.0, 1000.0, 1000.0, 1000.0, 1000.0, 1000.0, 1000.0, 1000.0, 1000.0, 1000.0, 1000.0, 1000.0, 46.86]
time: [6.04, 8.09, 11.21, 14.16, 19.71, 24.16, 35.1, 38.49, 40.41, 42.95, 44.78, 47.2, 48.85, 1000]
current_hyper_parameter
v: [12.0, 8.68, 32.33, 19.77, 21.3, 32.31, 25.06, 26.41, 25.93, 20.32, 13.68, 21.86, 24.54, 27.2]
a: [158.22, 70.41, 77.95, 50.0, 138.1, 69.01, 89.32, 59.33, 50.0, 50.0, 50.0, 50.0, 88.53, 140.15]
d: [3.5, 3.5, 4.83, 3.5, 3.5, 3.5, 3.5, 3.5, 3.5, 3.5, 3.5, 3.5, 3.5, 2.0]
BEST_hyper_parameter
v: [12.0, 8.68, 32.33, 19.77, 21.3, 32.31, 25.06, 26.41, 25.93, 20.32, 12.0, 21.86, 24.54, 28.63]
a: [158.22, 70.41, 77.95, 50.0, 138.1, 69.01, 89.32, 59.33, 50.0, 50.0, 50.0, 50.0, 88.53, 140.15]
d: [3.5, 3.5, 4.83, 3.5, 3.5, 3.5, 3.5, 3.5, 3.5, 3.5, 3.5, 3.5, 3.5, 2.0]
random_idx_1 = 1, random_idx_2 = 11
random_idx_1 = 2, random_idx_2 = 5

iteration: 55
best: [1000.0, 1000.0, 1000.0, 1000.0, 1000.0, 1000.0, 1000.0, 1000.0, 1000.0, 1000.0, 1000.0, 1000.0, 1000.0, 46.86]
time: [6.17, 8.53, 11.74, 14.65, 17.18, 21.4, 32.49, 36.05, 37.76, 40.13, 48.71, 1000, 1000, 1000]
current_hyper_parameter
v: [12.0, 8.68, 32.33, 19.77, 21.3, 32.31, 25.06, 26.41, 25.93, 20.32, 12.0, 21.86, 24.54, 28.63]
a: [158.22, 70.41, 77.95, 50.0, 138.1, 69.01, 89.32, 59.33, 50.0, 50.0, 50.0, 42.26, 88.53, 140.15]
d: [3.5, 3.5, 4.83, 3.5, 3.5, 3.5, 3.5, 3.5, 3.5, 3.5, 3.5, 3.5, 3.5, 2.0]
BEST_hyper_parameter
v: [12.0, 8.68, 32.33, 19.77, 21.3, 32.31, 25.06, 26.41, 25.93, 20.32, 12.0, 21.86, 24.54, 28.63]
a: [158.22, 70.41, 77.95, 50.0, 138.1, 69.01, 89.32, 59.33, 50.0, 50.0, 50.0, 50.0, 88.53, 140.15]
d: [3.5, 3.5, 4.83, 3.5, 3.5, 3.5, 3.5, 3.5, 3.5, 3.5, 3.5, 3.5, 3.5, 2.0]
random_idx_1 = 2, random_idx_2 = 11
random_idx_1 = 1, random_idx_2 = 0

iteration: 56
best: [1000.0, 1000.0, 1000.0, 1000.0, 1000.0, 1000.0, 1000.0, 1000.0, 1000.0, 1000.0, 1000.0, 1000.0, 1000.0, 46.86]
time: [6.29, 8.67, 11.81, 14.6, 20.56, 24.69, 35.59, 38.93, 40.86, 43.34, 61.2, 1000, 1000, 1000]
current_hyper_parameter
v: [12.0, 8.68, 32.33, 19.77, 21.3, 32.31, 25.06, 26.41, 25.93, 20.32, 12.0, 21.86, 24.54, 28.63]
a: [71.24, 70.41, 77.95, 50.0, 138.1, 69.01, 89.32, 59.33, 50.0, 50.0, 50.0, 50.0, 88.53, 140.15]
d: [3.5, 3.5, 4.83, 3.5, 3.5, 3.5, 3.5, 3.5, 3.5, 3.5, 3.5, 3.5, 3.5, 2.0]
BEST_hyper_parameter
v: [12.0, 8.68, 32.33, 19.77, 21.3, 32.31, 25.06, 26.41, 25.93, 20.32, 12.0, 21.86, 24.54, 28.63]
a: [158.22, 70.41, 77.95, 50.0, 138.1, 69.01, 89.32, 59.33, 50.0, 50.0, 50.0, 50.0, 88.53, 140.15]
d: [3.5, 3.5, 4.83, 3.5, 3.5, 3.5, 3.5, 3.5, 3.5, 3.5, 3.5, 3.5, 3.5, 2.0]
random_idx_1 = 1, random_idx_2 = 12
random_idx_1 = 1, random_idx_2 = 7

iteration: 57
best: [1000.0, 1000.0, 1000.0, 1000.0, 1000.0, 1000.0, 1000.0, 1000.0, 1000.0, 1000.0, 1000.0, 1000.0, 1000.0, 46.86]
time: [6.14, 8.24, 11.32, 14.11, 20.05, 27.15, 38.1, 1000, 1000, 1000, 1000, 1000, 1000, 1000]
current_hyper_parameter
v: [12.0, 8.68, 32.33, 19.77, 21.3, 32.31, 25.06, 26.41, 25.93, 20.32, 12.0, 21.86, 24.54, 28.63]
a: [158.22, 70.41, 77.95, 50.0, 138.1, 69.01, 89.32, 36.52, 50.0, 50.0, 50.0, 50.0, 43.86, 140.15]
d: [3.5, 3.5, 4.83, 3.5, 3.5, 3.5, 3.5, 3.5, 3.5, 3.5, 3.5, 3.5, 3.5, 2.0]
BEST_hyper_parameter
v: [12.0, 8.68, 32.33, 19.77, 21.3, 32.31, 25.06, 26.41, 25.93, 20.32, 12.0, 21.86, 24.54, 28.63]
a: [158.22, 70.41, 77.95, 50.0, 138.1, 69.01, 89.32, 59.33, 50.0, 50.0, 50.0, 50.0, 88.53, 140.15]
d: [3.5, 3.5, 4.83, 3.5, 3.5, 3.5, 3.5, 3.5, 3.5, 3.5, 3.5, 3.5, 3.5, 2.0]
random_idx_1 = 2, random_idx_2 = 2
random_idx_1 = 0, random_idx_2 = 12

iteration: 58
best: [1000.0, 1000.0, 1000.0, 1000.0, 1000.0, 1000.0, 1000.0, 1000.0, 1000.0, 1000.0, 1000.0, 1000.0, 1000.0, 46.86]
time: [6.17, 8.51, 11.74, 14.65, 20.21, 24.14, 35.06, 38.53, 40.42, 42.86, 45.0, 47.55, 1000, 1000]
current_hyper_parameter
v: [12.0, 8.68, 32.33, 19.77, 21.3, 32.31, 25.06, 26.41, 25.93, 20.32, 12.0, 21.86, 22.61, 28.63]
a: [158.22, 70.41, 77.95, 50.0, 138.1, 69.01, 89.32, 59.33, 50.0, 50.0, 50.0, 50.0, 88.53, 140.15]
d: [3.5, 3.5, 5.94, 3.5, 3.5, 3.5, 3.5, 3.5, 3.5, 3.5, 3.5, 3.5, 3.5, 2.0]
BEST_hyper_parameter
v: [12.0, 8.68, 32.33, 19.77, 21.3, 32.31, 25.06, 26.41, 25.93, 20.32, 12.0, 21.86, 24.54, 28.63]
a: [158.22, 70.41, 77.95, 50.0, 138.1, 69.01, 89.32, 59.33, 50.0, 50.0, 50.0, 50.0, 88.53, 140.15]
d: [3.5, 3.5, 4.83, 3.5, 3.5, 3.5, 3.5, 3.5, 3.5, 3.5, 3.5, 3.5, 3.5, 2.0]
random_idx_1 = 2, random_idx_2 = 13
random_idx_1 = 2, random_idx_2 = 5

iteration: 59
best: [1000.0, 1000.0, 1000.0, 1000.0, 1000.0, 1000.0, 1000.0, 1000.0, 1000.0, 1000.0, 1000.0, 1000.0, 1000.0, 46.86]
time: [6.12, 8.23, 11.3, 14.08, 19.74, 23.59, 34.55, 37.92, 39.82, 42.31, 1000, 1000, 1000, 1000]
current_hyper_parameter
v: [12.0, 8.68, 32.33, 19.77, 21.3, 32.31, 25.06, 26.41, 25.93, 20.32, 12.0, 21.86, 24.54, 28.63]
a: [158.22, 70.41, 77.95, 50.0, 138.1, 69.01, 89.32, 59.33, 50.0, 50.0, 50.0, 50.0, 88.53, 140.15]
d: [3.5, 3.5, 4.83, 3.5, 3.5, 3.5, 3.5, 3.5, 3.5, 3.5, 3.5, 3.5, 3.5, 2.0]
BEST_hyper_parameter
v: [12.0, 8.68, 32.33, 19.77, 21.3, 32.31, 25.06, 26.41, 25.93, 20.32, 12.0, 21.86, 24.54, 28.63]
a: [158.22, 70.41, 77.95, 50.0, 138.1, 69.01, 89.32, 59.33, 50.0, 50.0, 50.0, 50.0, 88.53, 140.15]
d: [3.5, 3.5, 4.83, 3.5, 3.5, 3.5, 3.5, 3.5, 3.5, 3.5, 3.5, 3.5, 3.5, 2.0]
random_idx_1 = 1, random_idx_2 = 6
random_idx_1 = 0, random_idx_2 = 6

iteration: 60
best: [1000.0, 1000.0, 1000.0, 1000.0, 1000.0, 1000.0, 1000.0, 1000.0, 1000.0, 1000.0, 1000.0, 1000.0, 1000.0, 46.86]
time: [6.14, 8.24, 11.32, 14.2, 16.85, 21.14, 32.83, 36.25, 38.29, 41.07, 1000, 1000, 1000, 1000]
current_hyper_parameter
v: [12.0, 8.68, 32.33, 19.77, 21.3, 32.31, 30.83, 26.41, 25.93, 20.32, 12.0, 21.86, 24.54, 28.63]
a: [158.22, 70.41, 77.95, 50.0, 138.1, 69.01, 47.3, 59.33, 50.0, 50.0, 50.0, 50.0, 88.53, 140.15]
d: [3.5, 3.5, 4.83, 3.5, 3.5, 3.5, 3.5, 3.5, 3.5, 3.5, 3.5, 3.5, 3.5, 2.0]
BEST_hyper_parameter
v: [12.0, 8.68, 32.33, 19.77, 21.3, 32.31, 25.06, 26.41, 25.93, 20.32, 12.0, 21.86, 24.54, 28.63]
a: [158.22, 70.41, 77.95, 50.0, 138.1, 69.01, 89.32, 59.33, 50.0, 50.0, 50.0, 50.0, 88.53, 140.15]
d: [3.5, 3.5, 4.83, 3.5, 3.5, 3.5, 3.5, 3.5, 3.5, 3.5, 3.5, 3.5, 3.5, 2.0]
random_idx_1 = 2, random_idx_2 = 6
random_idx_1 = 0, random_idx_2 = 10
