
iteration: 1
best: [1000.0, 1000.0, 1000.0, 1000.0, 1000.0, 1000.0, 1000.0, 1000.0, 1000.0, 1000.0, 1000.0, 1000.0, 1000.0, 48.59]
time: [5.99, 7.85, 10.78, 13.79, 16.38, 21.21, 32.94, 36.01, 37.88, 40.61, 45.53, 48.29, 1000, 1000]
current_hyper_parameter
v: [12.0, 12.0, 32.33, 19.77, 21.3, 19.81, 25.06, 26.41, 25.93, 12.0, 12.0, 21.86, 24.54, 28.63]
a: [158.22, 143.69, 77.95, 50.0, 123.25, 50.0, 89.32, 59.33, 50.0, 50.0, 50.0, 50.0, 88.53, 50.0]
d: [3.5, 3.5, 4.83, 3.5, 3.5, 3.5, 3.5, 3.5, 3.5, 3.5, 3.5, 3.5, 3.5, 2.0]
BEST_hyper_parameter
v: [12.0, 12.0, 32.33, 19.77, 21.3, 19.81, 25.06, 26.41, 25.93, 12.0, 12.0, 21.86, 24.54, 28.63]
a: [158.22, 143.69, 77.95, 50.0, 123.25, 50.0, 89.32, 59.33, 50.0, 50.0, 50.0, 50.0, 88.53, 50.0]
d: [3.5, 3.5, 4.83, 3.5, 3.5, 3.5, 3.5, 3.5, 3.5, 3.5, 3.5, 3.5, 3.5, 2.0]
random_idx_1 = 1, random_idx_2 = 6
random_idx_1 = 1, random_idx_2 = 2

iteration: 2
best: [1000.0, 1000.0, 1000.0, 1000.0, 1000.0, 1000.0, 1000.0, 1000.0, 1000.0, 1000.0, 1000.0, 1000.0, 1000.0, 48.59]
time: [6.03, 7.9, 11.36, 14.48, 20.13, 25.57, 36.77, 47.73, 50.23, 1000, 1000, 1000, 1000, 1000]
current_hyper_parameter
v: [12.0, 12.0, 32.33, 19.77, 21.3, 19.81, 25.06, 26.41, 25.93, 12.0, 12.0, 21.86, 24.54, 28.63]
a: [158.22, 143.69, 53.59, 50.0, 123.25, 50.0, 123.52, 59.33, 50.0, 50.0, 50.0, 50.0, 88.53, 50.0]
d: [3.5, 3.5, 4.83, 3.5, 3.5, 3.5, 3.5, 3.5, 3.5, 3.5, 3.5, 3.5, 3.5, 2.0]
BEST_hyper_parameter
v: [12.0, 12.0, 32.33, 19.77, 21.3, 19.81, 25.06, 26.41, 25.93, 12.0, 12.0, 21.86, 24.54, 28.63]
a: [158.22, 143.69, 77.95, 50.0, 123.25, 50.0, 89.32, 59.33, 50.0, 50.0, 50.0, 50.0, 88.53, 50.0]
d: [3.5, 3.5, 4.83, 3.5, 3.5, 3.5, 3.5, 3.5, 3.5, 3.5, 3.5, 3.5, 3.5, 2.0]
random_idx_1 = 1, random_idx_2 = 10
random_idx_1 = 0, random_idx_2 = 1

iteration: 3
best: [1000.0, 1000.0, 1000.0, 1000.0, 1000.0, 1000.0, 1000.0, 1000.0, 1000.0, 1000.0, 1000.0, 1000.0, 1000.0, 48.59]
time: [6.12, 7.6, 10.52, 13.61, 16.17, 21.04, 32.77, 36.84, 38.68, 41.14, 43.45, 46.15, 47.88, 49.35]
current_hyper_parameter
v: [12.0, 21.16, 32.33, 19.77, 21.3, 19.81, 25.06, 26.41, 25.93, 12.0, 12.0, 21.86, 24.54, 28.63]
a: [158.22, 143.69, 77.95, 50.0, 123.25, 50.0, 89.32, 59.33, 50.0, 50.0, 62.82, 50.0, 88.53, 50.0]
d: [3.5, 3.5, 4.83, 3.5, 3.5, 3.5, 3.5, 3.5, 3.5, 3.5, 3.5, 3.5, 3.5, 2.0]
BEST_hyper_parameter
v: [12.0, 12.0, 32.33, 19.77, 21.3, 19.81, 25.06, 26.41, 25.93, 12.0, 12.0, 21.86, 24.54, 28.63]
a: [158.22, 143.69, 77.95, 50.0, 123.25, 50.0, 89.32, 59.33, 50.0, 50.0, 50.0, 50.0, 88.53, 50.0]
d: [3.5, 3.5, 4.83, 3.5, 3.5, 3.5, 3.5, 3.5, 3.5, 3.5, 3.5, 3.5, 3.5, 2.0]
random_idx_1 = 0, random_idx_2 = 0
random_idx_1 = 2, random_idx_2 = 1

iteration: 4
best: [1000.0, 1000.0, 1000.0, 1000.0, 1000.0, 1000.0, 1000.0, 1000.0, 1000.0, 1000.0, 1000.0, 1000.0, 1000.0, 48.59]
time: [5.9, 7.59, 10.49, 13.58, 16.18, 20.99, 32.78, 36.86, 38.77, 41.25, 43.38, 45.89, 47.79, 49.11]
current_hyper_parameter
v: [15.44, 12.0, 32.33, 19.77, 21.3, 19.81, 25.06, 26.41, 25.93, 12.0, 12.0, 21.86, 24.54, 28.63]
a: [158.22, 143.69, 77.95, 50.0, 123.25, 50.0, 89.32, 59.33, 50.0, 50.0, 50.0, 50.0, 88.53, 50.0]
d: [3.5, 3.5, 4.83, 3.5, 3.5, 3.5, 3.5, 3.5, 3.5, 3.5, 3.5, 3.5, 3.5, 2.0]
BEST_hyper_parameter
v: [12.0, 12.0, 32.33, 19.77, 21.3, 19.81, 25.06, 26.41, 25.93, 12.0, 12.0, 21.86, 24.54, 28.63]
a: [158.22, 143.69, 77.95, 50.0, 123.25, 50.0, 89.32, 59.33, 50.0, 50.0, 50.0, 50.0, 88.53, 50.0]
d: [3.5, 3.5, 4.83, 3.5, 3.5, 3.5, 3.5, 3.5, 3.5, 3.5, 3.5, 3.5, 3.5, 2.0]
random_idx_1 = 0, random_idx_2 = 2
random_idx_1 = 0, random_idx_2 = 7

iteration: 5
best: [1000.0, 1000.0, 1000.0, 1000.0, 1000.0, 1000.0, 1000.0, 1000.0, 1000.0, 1000.0, 1000.0, 1000.0, 1000.0, 48.59]
time: [6.14, 7.99, 11.2, 14.28, 19.92, 24.26, 35.97, 39.36, 41.26, 43.87, 48.68, 1000, 1000, 1000]
current_hyper_parameter
v: [12.0, 12.0, 19.32, 19.77, 21.3, 19.81, 25.06, 25.31, 25.93, 12.0, 12.0, 21.86, 24.54, 28.63]
a: [158.22, 143.69, 77.95, 50.0, 123.25, 50.0, 89.32, 59.33, 50.0, 50.0, 50.0, 50.0, 88.53, 50.0]
d: [3.5, 3.5, 4.83, 3.5, 3.5, 3.5, 3.5, 3.5, 3.5, 3.5, 3.5, 3.5, 3.5, 2.0]
BEST_hyper_parameter
v: [12.0, 12.0, 32.33, 19.77, 21.3, 19.81, 25.06, 26.41, 25.93, 12.0, 12.0, 21.86, 24.54, 28.63]
a: [158.22, 143.69, 77.95, 50.0, 123.25, 50.0, 89.32, 59.33, 50.0, 50.0, 50.0, 50.0, 88.53, 50.0]
d: [3.5, 3.5, 4.83, 3.5, 3.5, 3.5, 3.5, 3.5, 3.5, 3.5, 3.5, 3.5, 3.5, 2.0]
random_idx_1 = 0, random_idx_2 = 6
random_idx_1 = 1, random_idx_2 = 10

iteration: 6
best: [1000.0, 1000.0, 1000.0, 1000.0, 1000.0, 1000.0, 1000.0, 1000.0, 1000.0, 1000.0, 1000.0, 1000.0, 1000.0, 48.59]
time: [6.14, 8.0, 10.99, 14.1, 16.7, 21.49, 32.51, 35.82, 37.71, 40.72, 42.29, 44.92, 46.4, 1000]
current_hyper_parameter
v: [12.0, 12.0, 32.33, 19.77, 21.3, 19.81, 27.99, 26.41, 25.93, 12.0, 12.0, 21.86, 24.54, 28.63]
a: [158.22, 143.69, 77.95, 50.0, 123.25, 50.0, 89.32, 59.33, 50.0, 50.0, 106.11, 50.0, 88.53, 50.0]
d: [3.5, 3.5, 4.83, 3.5, 3.5, 3.5, 3.5, 3.5, 3.5, 3.5, 3.5, 3.5, 3.5, 2.0]
BEST_hyper_parameter
v: [12.0, 12.0, 32.33, 19.77, 21.3, 19.81, 25.06, 26.41, 25.93, 12.0, 12.0, 21.86, 24.54, 28.63]
a: [158.22, 143.69, 77.95, 50.0, 123.25, 50.0, 89.32, 59.33, 50.0, 50.0, 50.0, 50.0, 88.53, 50.0]
d: [3.5, 3.5, 4.83, 3.5, 3.5, 3.5, 3.5, 3.5, 3.5, 3.5, 3.5, 3.5, 3.5, 2.0]
random_idx_1 = 0, random_idx_2 = 12
random_idx_1 = 1, random_idx_2 = 13

iteration: 7
best: [1000.0, 1000.0, 1000.0, 1000.0, 1000.0, 1000.0, 1000.0, 1000.0, 1000.0, 1000.0, 1000.0, 1000.0, 1000.0, 48.59]
time: [6.17, 8.15, 11.11, 14.11, 16.7, 21.49, 33.29, 36.34, 38.21, 40.94, 42.76, 45.68, 47.6, 48.74]
current_hyper_parameter
v: [12.0, 12.0, 32.33, 19.77, 21.3, 19.81, 25.06, 26.41, 25.93, 12.0, 12.0, 21.86, 22.13, 28.63]
a: [158.22, 143.69, 77.95, 50.0, 123.25, 50.0, 89.32, 59.33, 50.0, 50.0, 50.0, 50.0, 88.53, 156.1]
d: [3.5, 3.5, 4.83, 3.5, 3.5, 3.5, 3.5, 3.5, 3.5, 3.5, 3.5, 3.5, 3.5, 2.0]
BEST_hyper_parameter
v: [12.0, 12.0, 32.33, 19.77, 21.3, 19.81, 25.06, 26.41, 25.93, 12.0, 12.0, 21.86, 24.54, 28.63]
a: [158.22, 143.69, 77.95, 50.0, 123.25, 50.0, 89.32, 59.33, 50.0, 50.0, 50.0, 50.0, 88.53, 50.0]
d: [3.5, 3.5, 4.83, 3.5, 3.5, 3.5, 3.5, 3.5, 3.5, 3.5, 3.5, 3.5, 3.5, 2.0]
random_idx_1 = 1, random_idx_2 = 13
random_idx_1 = 2, random_idx_2 = 3

iteration: 8
best: [1000.0, 1000.0, 1000.0, 1000.0, 1000.0, 1000.0, 1000.0, 1000.0, 1000.0, 1000.0, 1000.0, 1000.0, 1000.0, 48.59]
time: [6.14, 8.01, 11.01, 14.14, 16.76, 21.52, 33.31, 36.34, 38.34, 41.03, 42.85, 45.69, 47.65, 48.74]
current_hyper_parameter
v: [12.0, 12.0, 32.33, 19.77, 21.3, 19.81, 25.06, 26.41, 25.93, 12.0, 12.0, 21.86, 24.54, 28.63]
a: [158.22, 143.69, 77.95, 50.0, 123.25, 50.0, 89.32, 59.33, 50.0, 50.0, 50.0, 50.0, 88.53, 143.33]
d: [3.5, 3.5, 4.83, 3.5, 3.5, 3.5, 3.5, 3.5, 3.5, 3.5, 3.5, 3.5, 3.5, 2.0]
BEST_hyper_parameter
v: [12.0, 12.0, 32.33, 19.77, 21.3, 19.81, 25.06, 26.41, 25.93, 12.0, 12.0, 21.86, 24.54, 28.63]
a: [158.22, 143.69, 77.95, 50.0, 123.25, 50.0, 89.32, 59.33, 50.0, 50.0, 50.0, 50.0, 88.53, 50.0]
d: [3.5, 3.5, 4.83, 3.5, 3.5, 3.5, 3.5, 3.5, 3.5, 3.5, 3.5, 3.5, 3.5, 2.0]
random_idx_1 = 0, random_idx_2 = 3
random_idx_1 = 2, random_idx_2 = 13

iteration: 9
best: [1000.0, 1000.0, 1000.0, 1000.0, 1000.0, 1000.0, 1000.0, 1000.0, 1000.0, 1000.0, 1000.0, 1000.0, 1000.0, 48.59]
time: [6.06, 7.9, 10.97, 14.14, 16.74, 21.56, 33.36, 36.42, 38.28, 40.99, 45.87, 48.58, 50.41, 1000]
current_hyper_parameter
v: [12.0, 12.0, 32.33, 28.99, 21.3, 19.81, 25.06, 26.41, 25.93, 12.0, 12.0, 21.86, 24.54, 28.63]
a: [158.22, 143.69, 77.95, 50.0, 123.25, 50.0, 89.32, 59.33, 50.0, 50.0, 50.0, 50.0, 88.53, 50.0]
d: [3.5, 3.5, 4.83, 3.5, 3.5, 3.5, 3.5, 3.5, 3.5, 3.5, 3.5, 3.5, 3.5, 2.0]
BEST_hyper_parameter
v: [12.0, 12.0, 32.33, 19.77, 21.3, 19.81, 25.06, 26.41, 25.93, 12.0, 12.0, 21.86, 24.54, 28.63]
a: [158.22, 143.69, 77.95, 50.0, 123.25, 50.0, 89.32, 59.33, 50.0, 50.0, 50.0, 50.0, 88.53, 50.0]
d: [3.5, 3.5, 4.83, 3.5, 3.5, 3.5, 3.5, 3.5, 3.5, 3.5, 3.5, 3.5, 3.5, 2.0]
random_idx_1 = 0, random_idx_2 = 2
random_idx_1 = 2, random_idx_2 = 6

iteration: 10
best: [1000.0, 1000.0, 1000.0, 1000.0, 1000.0, 1000.0, 1000.0, 1000.0, 1000.0, 1000.0, 1000.0, 1000.0, 1000.0, 48.59]
time: [6.02, 7.88, 11.24, 14.29, 19.91, 24.27, 35.95, 39.4, 41.26, 43.91, 48.99, 1000, 1000, 1000]
current_hyper_parameter
v: [12.0, 12.0, 16.91, 19.77, 21.3, 19.81, 25.06, 26.41, 25.93, 12.0, 12.0, 21.86, 24.54, 28.63]
a: [158.22, 143.69, 77.95, 50.0, 123.25, 50.0, 89.32, 59.33, 50.0, 50.0, 50.0, 50.0, 88.53, 50.0]
d: [3.5, 3.5, 4.83, 3.5, 3.5, 3.5, 3.5, 3.5, 3.5, 3.5, 3.5, 3.5, 3.5, 2.0]
BEST_hyper_parameter
v: [12.0, 12.0, 32.33, 19.77, 21.3, 19.81, 25.06, 26.41, 25.93, 12.0, 12.0, 21.86, 24.54, 28.63]
a: [158.22, 143.69, 77.95, 50.0, 123.25, 50.0, 89.32, 59.33, 50.0, 50.0, 50.0, 50.0, 88.53, 50.0]
d: [3.5, 3.5, 4.83, 3.5, 3.5, 3.5, 3.5, 3.5, 3.5, 3.5, 3.5, 3.5, 3.5, 2.0]
random_idx_1 = 1, random_idx_2 = 1
random_idx_1 = 0, random_idx_2 = 2

iteration: 11
best: [1000.0, 1000.0, 1000.0, 1000.0, 1000.0, 1000.0, 1000.0, 1000.0, 1000.0, 1000.0, 1000.0, 1000.0, 1000.0, 48.59]
time: [6.02, 7.83, 10.87, 14.12, 16.72, 21.55, 33.27, 36.34, 38.23, 40.94, 42.78, 45.7, 47.8, 1000]
current_hyper_parameter
v: [12.0, 12.0, 34.19, 19.77, 21.3, 19.81, 25.06, 26.41, 25.93, 12.0, 12.0, 21.86, 24.54, 28.63]
a: [158.22, 142.24, 77.95, 50.0, 123.25, 50.0, 89.32, 59.33, 50.0, 50.0, 50.0, 50.0, 88.53, 50.0]
d: [3.5, 3.5, 4.83, 3.5, 3.5, 3.5, 3.5, 3.5, 3.5, 3.5, 3.5, 3.5, 3.5, 2.0]
BEST_hyper_parameter
v: [12.0, 12.0, 32.33, 19.77, 21.3, 19.81, 25.06, 26.41, 25.93, 12.0, 12.0, 21.86, 24.54, 28.63]
a: [158.22, 143.69, 77.95, 50.0, 123.25, 50.0, 89.32, 59.33, 50.0, 50.0, 50.0, 50.0, 88.53, 50.0]
d: [3.5, 3.5, 4.83, 3.5, 3.5, 3.5, 3.5, 3.5, 3.5, 3.5, 3.5, 3.5, 3.5, 2.0]
random_idx_1 = 2, random_idx_2 = 8
random_idx_1 = 1, random_idx_2 = 3

iteration: 12
best: [1000.0, 1000.0, 1000.0, 1000.0, 1000.0, 1000.0, 1000.0, 1000.0, 1000.0, 1000.0, 1000.0, 1000.0, 1000.0, 48.59]
time: [6.14, 7.98, 10.96, 14.44, 17.19, 22.02, 33.77, 37.46, 40.05, 42.58, 44.32, 47.18, 1000, 1000]
current_hyper_parameter
v: [12.0, 12.0, 32.33, 19.77, 21.3, 19.81, 25.06, 26.41, 25.93, 12.0, 12.0, 21.86, 24.54, 28.63]
a: [158.22, 143.69, 77.95, 33.17, 123.25, 50.0, 89.32, 59.33, 50.0, 50.0, 50.0, 50.0, 88.53, 50.0]
d: [3.5, 3.5, 4.83, 3.5, 3.5, 3.5, 3.5, 3.5, 3.5, 3.5, 3.5, 3.5, 3.5, 2.0]
BEST_hyper_parameter
v: [12.0, 12.0, 32.33, 19.77, 21.3, 19.81, 25.06, 26.41, 25.93, 12.0, 12.0, 21.86, 24.54, 28.63]
a: [158.22, 143.69, 77.95, 50.0, 123.25, 50.0, 89.32, 59.33, 50.0, 50.0, 50.0, 50.0, 88.53, 50.0]
d: [3.5, 3.5, 4.83, 3.5, 3.5, 3.5, 3.5, 3.5, 3.5, 3.5, 3.5, 3.5, 3.5, 2.0]
random_idx_1 = 1, random_idx_2 = 9
random_idx_1 = 2, random_idx_2 = 13

iteration: 13
best: [1000.0, 1000.0, 1000.0, 1000.0, 1000.0, 1000.0, 1000.0, 1000.0, 1000.0, 1000.0, 1000.0, 1000.0, 1000.0, 48.59]
time: [6.14, 8.0, 11.05, 14.25, 16.85, 21.68, 33.47, 37.25, 39.32, 42.15, 44.19, 46.58, 48.43, 1000]
current_hyper_parameter
v: [12.0, 12.0, 32.33, 19.77, 21.3, 19.81, 25.06, 26.41, 25.93, 12.0, 12.0, 21.86, 24.54, 28.63]
a: [158.22, 143.69, 77.95, 50.0, 123.25, 50.0, 89.32, 59.33, 50.0, 44.63, 50.0, 50.0, 88.53, 50.0]
d: [3.5, 3.5, 4.83, 3.5, 3.5, 3.5, 3.5, 3.5, 3.5, 3.5, 3.5, 3.5, 3.5, 2.0]
BEST_hyper_parameter
v: [12.0, 12.0, 32.33, 19.77, 21.3, 19.81, 25.06, 26.41, 25.93, 12.0, 12.0, 21.86, 24.54, 28.63]
a: [158.22, 143.69, 77.95, 50.0, 123.25, 50.0, 89.32, 59.33, 50.0, 50.0, 50.0, 50.0, 88.53, 50.0]
d: [3.5, 3.5, 4.83, 3.5, 3.5, 3.5, 3.5, 3.5, 3.5, 3.5, 3.5, 3.5, 3.5, 2.0]
random_idx_1 = 0, random_idx_2 = 1
random_idx_1 = 0, random_idx_2 = 1

iteration: 14
best: [1000.0, 1000.0, 1000.0, 1000.0, 1000.0, 1000.0, 1000.0, 1000.0, 1000.0, 1000.0, 1000.0, 1000.0, 1000.0, 48.59]
time: [6.15, 7.51, 9.98, 13.14, 15.74, 20.62, 32.4, 36.02, 43.06, 46.35, 51.41, 1000, 1000, 1000]
current_hyper_parameter
v: [12.0, 32.14, 32.33, 19.77, 21.3, 19.81, 25.06, 26.41, 25.93, 12.0, 12.0, 21.86, 24.54, 28.63]
a: [158.22, 143.69, 77.95, 50.0, 123.25, 50.0, 89.32, 59.33, 50.0, 50.0, 50.0, 50.0, 88.53, 50.0]
d: [3.5, 3.5, 4.83, 3.5, 3.5, 3.5, 3.5, 3.5, 3.5, 3.5, 3.5, 3.5, 3.5, 2.0]
BEST_hyper_parameter
v: [12.0, 12.0, 32.33, 19.77, 21.3, 19.81, 25.06, 26.41, 25.93, 12.0, 12.0, 21.86, 24.54, 28.63]
a: [158.22, 143.69, 77.95, 50.0, 123.25, 50.0, 89.32, 59.33, 50.0, 50.0, 50.0, 50.0, 88.53, 50.0]
d: [3.5, 3.5, 4.83, 3.5, 3.5, 3.5, 3.5, 3.5, 3.5, 3.5, 3.5, 3.5, 3.5, 2.0]
random_idx_1 = 0, random_idx_2 = 11
random_idx_1 = 1, random_idx_2 = 8

iteration: 15
best: [1000.0, 1000.0, 1000.0, 1000.0, 1000.0, 1000.0, 1000.0, 1000.0, 1000.0, 1000.0, 1000.0, 1000.0, 1000.0, 48.59]
time: [6.16, 8.02, 11.01, 14.13, 16.72, 21.57, 33.35, 37.57, 39.3, 41.3, 1000, 1000, 1000, 1000]
current_hyper_parameter
v: [12.0, 12.0, 32.33, 19.77, 21.3, 19.81, 25.06, 26.41, 25.93, 12.0, 12.0, 16.21, 24.54, 28.63]
a: [158.22, 143.69, 77.95, 50.0, 123.25, 50.0, 89.32, 59.33, 83.2, 50.0, 50.0, 50.0, 88.53, 50.0]
d: [3.5, 3.5, 4.83, 3.5, 3.5, 3.5, 3.5, 3.5, 3.5, 3.5, 3.5, 3.5, 3.5, 2.0]
BEST_hyper_parameter
v: [12.0, 12.0, 32.33, 19.77, 21.3, 19.81, 25.06, 26.41, 25.93, 12.0, 12.0, 21.86, 24.54, 28.63]
a: [158.22, 143.69, 77.95, 50.0, 123.25, 50.0, 89.32, 59.33, 50.0, 50.0, 50.0, 50.0, 88.53, 50.0]
d: [3.5, 3.5, 4.83, 3.5, 3.5, 3.5, 3.5, 3.5, 3.5, 3.5, 3.5, 3.5, 3.5, 2.0]
random_idx_1 = 0, random_idx_2 = 8
random_idx_1 = 1, random_idx_2 = 13

iteration: 16
best: [1000.0, 1000.0, 1000.0, 1000.0, 1000.0, 1000.0, 1000.0, 1000.0, 1000.0, 1000.0, 1000.0, 1000.0, 1000.0, 48.59]
time: [6.06, 7.89, 10.93, 13.87, 24.45, 1000, 1000, 1000, 1000, 1000, 1000, 1000, 1000, 1000]
current_hyper_parameter
v: [12.0, 12.0, 32.33, 19.77, 21.3, 19.81, 25.06, 26.41, 32.0, 12.0, 12.0, 21.86, 24.54, 28.63]
a: [158.22, 143.69, 77.95, 50.0, 123.25, 50.0, 89.32, 59.33, 50.0, 50.0, 50.0, 50.0, 88.53, 124.19]
d: [3.5, 3.5, 4.83, 3.5, 3.5, 3.5, 3.5, 3.5, 3.5, 3.5, 3.5, 3.5, 3.5, 2.0]
BEST_hyper_parameter
v: [12.0, 12.0, 32.33, 19.77, 21.3, 19.81, 25.06, 26.41, 25.93, 12.0, 12.0, 21.86, 24.54, 28.63]
a: [158.22, 143.69, 77.95, 50.0, 123.25, 50.0, 89.32, 59.33, 50.0, 50.0, 50.0, 50.0, 88.53, 50.0]
d: [3.5, 3.5, 4.83, 3.5, 3.5, 3.5, 3.5, 3.5, 3.5, 3.5, 3.5, 3.5, 3.5, 2.0]
random_idx_1 = 2, random_idx_2 = 12
random_idx_1 = 0, random_idx_2 = 9

iteration: 17
best: [1000.0, 1000.0, 1000.0, 1000.0, 1000.0, 1000.0, 1000.0, 1000.0, 1000.0, 1000.0, 1000.0, 1000.0, 1000.0, 48.59]
time: [6.15, 8.01, 11.0, 14.13, 16.74, 21.57, 33.35, 37.4, 39.32, 41.7, 43.87, 46.49, 48.34, 49.63]
current_hyper_parameter
v: [12.0, 12.0, 32.33, 19.77, 21.3, 19.81, 25.06, 26.41, 25.93, 27.15, 12.0, 21.86, 24.54, 28.63]
a: [158.22, 143.69, 77.95, 50.0, 123.25, 50.0, 89.32, 59.33, 50.0, 50.0, 50.0, 50.0, 88.53, 50.0]
d: [3.5, 3.5, 4.83, 3.5, 3.5, 3.5, 3.5, 3.5, 3.5, 3.5, 3.5, 3.5, 3.5, 2.0]
BEST_hyper_parameter
v: [12.0, 12.0, 32.33, 19.77, 21.3, 19.81, 25.06, 26.41, 25.93, 12.0, 12.0, 21.86, 24.54, 28.63]
a: [158.22, 143.69, 77.95, 50.0, 123.25, 50.0, 89.32, 59.33, 50.0, 50.0, 50.0, 50.0, 88.53, 50.0]
d: [3.5, 3.5, 4.83, 3.5, 3.5, 3.5, 3.5, 3.5, 3.5, 3.5, 3.5, 3.5, 3.5, 2.0]
random_idx_1 = 2, random_idx_2 = 1
random_idx_1 = 1, random_idx_2 = 0

iteration: 18
best: [1000.0, 1000.0, 1000.0, 1000.0, 1000.0, 1000.0, 1000.0, 1000.0, 1000.0, 1000.0, 1000.0, 1000.0, 1000.0, 48.59]
time: [6.01, 8.11, 11.1, 14.15, 16.71, 21.55, 33.3, 37.58, 39.75, 42.4, 44.45, 46.97, 48.81, 1000]
current_hyper_parameter
v: [12.0, 12.0, 32.33, 19.77, 21.3, 19.81, 25.06, 26.41, 25.93, 12.0, 12.0, 21.86, 24.54, 28.63]
a: [148.61, 143.69, 77.95, 50.0, 123.25, 50.0, 89.32, 59.33, 50.0, 50.0, 50.0, 50.0, 88.53, 50.0]
d: [3.5, 3.5, 4.83, 3.5, 3.5, 3.5, 3.5, 3.5, 3.5, 3.5, 3.5, 3.5, 3.5, 2.0]
BEST_hyper_parameter
v: [12.0, 12.0, 32.33, 19.77, 21.3, 19.81, 25.06, 26.41, 25.93, 12.0, 12.0, 21.86, 24.54, 28.63]
a: [158.22, 143.69, 77.95, 50.0, 123.25, 50.0, 89.32, 59.33, 50.0, 50.0, 50.0, 50.0, 88.53, 50.0]
d: [3.5, 3.5, 4.83, 3.5, 3.5, 3.5, 3.5, 3.5, 3.5, 3.5, 3.5, 3.5, 3.5, 2.0]
random_idx_1 = 2, random_idx_2 = 5
random_idx_1 = 1, random_idx_2 = 0

iteration: 19
best: [1000.0, 1000.0, 1000.0, 1000.0, 1000.0, 1000.0, 1000.0, 1000.0, 1000.0, 1000.0, 1000.0, 1000.0, 1000.0, 48.59]
time: [7.91, 10.17, 13.18, 16.2, 18.79, 23.59, 35.45, 39.16, 41.27, 43.9, 46.13, 48.57, 1000, 1000]
current_hyper_parameter
v: [12.0, 12.0, 32.33, 19.77, 21.3, 19.81, 25.06, 26.41, 25.93, 12.0, 12.0, 21.86, 24.54, 28.63]
a: [21.18, 143.69, 77.95, 50.0, 123.25, 50.0, 89.32, 59.33, 50.0, 50.0, 50.0, 50.0, 88.53, 50.0]
d: [3.5, 3.5, 4.83, 3.5, 3.5, 3.5, 3.5, 3.5, 3.5, 3.5, 3.5, 3.5, 3.5, 2.0]
BEST_hyper_parameter
v: [12.0, 12.0, 32.33, 19.77, 21.3, 19.81, 25.06, 26.41, 25.93, 12.0, 12.0, 21.86, 24.54, 28.63]
a: [158.22, 143.69, 77.95, 50.0, 123.25, 50.0, 89.32, 59.33, 50.0, 50.0, 50.0, 50.0, 88.53, 50.0]
d: [3.5, 3.5, 4.83, 3.5, 3.5, 3.5, 3.5, 3.5, 3.5, 3.5, 3.5, 3.5, 3.5, 2.0]
random_idx_1 = 1, random_idx_2 = 0
random_idx_1 = 0, random_idx_2 = 11

iteration: 20
best: [1000.0, 1000.0, 1000.0, 1000.0, 1000.0, 1000.0, 1000.0, 1000.0, 1000.0, 1000.0, 1000.0, 1000.0, 1000.0, 48.59]
time: [6.25, 8.16, 11.11, 14.11, 16.69, 21.5, 33.3, 37.44, 39.25, 41.77, 43.93, 46.46, 48.28, 49.65]
current_hyper_parameter
v: [12.0, 12.0, 32.33, 19.77, 21.3, 19.81, 25.06, 26.41, 25.93, 12.0, 12.0, 19.07, 24.54, 28.63]
a: [110.7, 143.69, 77.95, 50.0, 123.25, 50.0, 89.32, 59.33, 50.0, 50.0, 50.0, 50.0, 88.53, 50.0]
d: [3.5, 3.5, 4.83, 3.5, 3.5, 3.5, 3.5, 3.5, 3.5, 3.5, 3.5, 3.5, 3.5, 2.0]
BEST_hyper_parameter
v: [12.0, 12.0, 32.33, 19.77, 21.3, 19.81, 25.06, 26.41, 25.93, 12.0, 12.0, 21.86, 24.54, 28.63]
a: [158.22, 143.69, 77.95, 50.0, 123.25, 50.0, 89.32, 59.33, 50.0, 50.0, 50.0, 50.0, 88.53, 50.0]
d: [3.5, 3.5, 4.83, 3.5, 3.5, 3.5, 3.5, 3.5, 3.5, 3.5, 3.5, 3.5, 3.5, 2.0]
random_idx_1 = 1, random_idx_2 = 12
random_idx_1 = 1, random_idx_2 = 12

iteration: 21
best: [1000.0, 1000.0, 1000.0, 1000.0, 1000.0, 1000.0, 1000.0, 1000.0, 1000.0, 1000.0, 1000.0, 1000.0, 1000.0, 48.59]
time: [6.15, 8.01, 11.03, 14.16, 16.79, 21.61, 33.37, 36.4, 38.24, 40.96, 42.8, 45.6, 47.41, 48.74]
current_hyper_parameter
v: [12.0, 12.0, 32.33, 19.77, 21.3, 19.81, 25.06, 26.41, 25.93, 12.0, 12.0, 21.86, 24.54, 28.63]
a: [158.22, 143.69, 77.95, 50.0, 123.25, 50.0, 89.32, 59.33, 50.0, 50.0, 50.0, 50.0, 81.38, 50.0]
d: [3.5, 3.5, 4.83, 3.5, 3.5, 3.5, 3.5, 3.5, 3.5, 3.5, 3.5, 3.5, 3.5, 2.0]
BEST_hyper_parameter
v: [12.0, 12.0, 32.33, 19.77, 21.3, 19.81, 25.06, 26.41, 25.93, 12.0, 12.0, 21.86, 24.54, 28.63]
a: [158.22, 143.69, 77.95, 50.0, 123.25, 50.0, 89.32, 59.33, 50.0, 50.0, 50.0, 50.0, 88.53, 50.0]
d: [3.5, 3.5, 4.83, 3.5, 3.5, 3.5, 3.5, 3.5, 3.5, 3.5, 3.5, 3.5, 3.5, 2.0]
random_idx_1 = 1, random_idx_2 = 4
random_idx_1 = 2, random_idx_2 = 9

iteration: 22
best: [1000.0, 1000.0, 1000.0, 1000.0, 1000.0, 1000.0, 1000.0, 1000.0, 1000.0, 1000.0, 1000.0, 1000.0, 1000.0, 48.59]
time: [6.16, 8.01, 11.03, 14.17, 19.72, 24.54, 36.36, 39.41, 41.28, 44.01, 48.92, 1000, 1000, 1000]
current_hyper_parameter
v: [12.0, 12.0, 32.33, 19.77, 21.3, 19.81, 25.06, 26.41, 25.93, 12.0, 12.0, 21.86, 24.54, 28.63]
a: [158.22, 143.69, 77.95, 50.0, 158.5, 50.0, 89.32, 59.33, 50.0, 50.0, 50.0, 50.0, 88.53, 50.0]
d: [3.5, 3.5, 4.83, 3.5, 3.5, 3.5, 3.5, 3.5, 3.5, 3.5, 3.5, 3.5, 3.5, 2.0]
BEST_hyper_parameter
v: [12.0, 12.0, 32.33, 19.77, 21.3, 19.81, 25.06, 26.41, 25.93, 12.0, 12.0, 21.86, 24.54, 28.63]
a: [158.22, 143.69, 77.95, 50.0, 123.25, 50.0, 89.32, 59.33, 50.0, 50.0, 50.0, 50.0, 88.53, 50.0]
d: [3.5, 3.5, 4.83, 3.5, 3.5, 3.5, 3.5, 3.5, 3.5, 3.5, 3.5, 3.5, 3.5, 2.0]
random_idx_1 = 2, random_idx_2 = 8
random_idx_1 = 0, random_idx_2 = 13

iteration: 23
best: [1000.0, 1000.0, 1000.0, 1000.0, 1000.0, 1000.0, 1000.0, 1000.0, 1000.0, 1000.0, 1000.0, 1000.0, 1000.0, 48.59]
time: [5.98, 7.81, 10.81, 13.76, 19.44, 23.78, 35.29, 38.32, 40.05, 42.88, 44.98, 47.47, 1000, 1000]
current_hyper_parameter
v: [12.0, 12.0, 32.33, 19.77, 21.3, 19.81, 25.06, 26.41, 25.93, 12.0, 12.0, 21.86, 24.54, 12.98]
a: [158.22, 143.69, 77.95, 50.0, 123.25, 50.0, 89.32, 59.33, 50.0, 50.0, 50.0, 50.0, 88.53, 50.0]
d: [3.5, 3.5, 4.83, 3.5, 3.5, 3.5, 3.5, 3.5, 3.5, 3.5, 3.5, 3.5, 3.5, 2.0]
BEST_hyper_parameter
v: [12.0, 12.0, 32.33, 19.77, 21.3, 19.81, 25.06, 26.41, 25.93, 12.0, 12.0, 21.86, 24.54, 28.63]
a: [158.22, 143.69, 77.95, 50.0, 123.25, 50.0, 89.32, 59.33, 50.0, 50.0, 50.0, 50.0, 88.53, 50.0]
d: [3.5, 3.5, 4.83, 3.5, 3.5, 3.5, 3.5, 3.5, 3.5, 3.5, 3.5, 3.5, 3.5, 2.0]
random_idx_1 = 0, random_idx_2 = 8
random_idx_1 = 0, random_idx_2 = 5

iteration: 24
best: [1000.0, 1000.0, 1000.0, 1000.0, 1000.0, 1000.0, 1000.0, 1000.0, 1000.0, 1000.0, 1000.0, 1000.0, 1000.0, 48.59]
time: [6.13, 8.0, 10.99, 14.11, 16.72, 21.69, 33.48, 36.94, 38.82, 41.4, 1000, 1000, 1000, 1000]
current_hyper_parameter
v: [12.0, 12.0, 32.33, 19.77, 21.3, 13.43, 25.06, 26.41, 22.92, 12.0, 12.0, 21.86, 24.54, 28.63]
a: [158.22, 143.69, 77.95, 50.0, 123.25, 50.0, 89.32, 59.33, 50.0, 50.0, 50.0, 50.0, 88.53, 50.0]
d: [3.5, 3.5, 4.83, 3.5, 3.5, 3.5, 3.5, 3.5, 3.5, 3.5, 3.5, 3.5, 3.5, 2.0]
BEST_hyper_parameter
v: [12.0, 12.0, 32.33, 19.77, 21.3, 19.81, 25.06, 26.41, 25.93, 12.0, 12.0, 21.86, 24.54, 28.63]
a: [158.22, 143.69, 77.95, 50.0, 123.25, 50.0, 89.32, 59.33, 50.0, 50.0, 50.0, 50.0, 88.53, 50.0]
d: [3.5, 3.5, 4.83, 3.5, 3.5, 3.5, 3.5, 3.5, 3.5, 3.5, 3.5, 3.5, 3.5, 2.0]
random_idx_1 = 1, random_idx_2 = 0
random_idx_1 = 0, random_idx_2 = 0

iteration: 25
best: [1000.0, 1000.0, 1000.0, 1000.0, 1000.0, 1000.0, 1000.0, 1000.0, 1000.0, 1000.0, 1000.0, 1000.0, 1000.0, 48.59]
time: [5.8, 7.41, 10.32, 13.24, 18.91, 23.33, 35.03, 38.45, 40.37, 42.89, 1000, 1000, 1000, 1000]
current_hyper_parameter
v: [24.96, 12.0, 32.33, 19.77, 21.3, 19.81, 25.06, 26.41, 25.93, 12.0, 12.0, 21.86, 24.54, 28.63]
a: [113.85, 143.69, 77.95, 50.0, 123.25, 50.0, 89.32, 59.33, 50.0, 50.0, 50.0, 50.0, 88.53, 50.0]
d: [3.5, 3.5, 4.83, 3.5, 3.5, 3.5, 3.5, 3.5, 3.5, 3.5, 3.5, 3.5, 3.5, 2.0]
BEST_hyper_parameter
v: [12.0, 12.0, 32.33, 19.77, 21.3, 19.81, 25.06, 26.41, 25.93, 12.0, 12.0, 21.86, 24.54, 28.63]
a: [158.22, 143.69, 77.95, 50.0, 123.25, 50.0, 89.32, 59.33, 50.0, 50.0, 50.0, 50.0, 88.53, 50.0]
d: [3.5, 3.5, 4.83, 3.5, 3.5, 3.5, 3.5, 3.5, 3.5, 3.5, 3.5, 3.5, 3.5, 2.0]
random_idx_1 = 0, random_idx_2 = 7
random_idx_1 = 0, random_idx_2 = 7

iteration: 26
best: [1000.0, 1000.0, 1000.0, 1000.0, 1000.0, 1000.0, 1000.0, 1000.0, 1000.0, 1000.0, 1000.0, 1000.0, 1000.0, 48.59]
time: [6.03, 7.89, 10.94, 14.12, 16.72, 21.52, 33.29, 36.42, 38.27, 40.96, 42.8, 45.77, 50.8, 1000]
current_hyper_parameter
v: [12.0, 12.0, 32.33, 19.77, 21.3, 19.81, 25.06, 18.98, 25.93, 12.0, 12.0, 21.86, 24.54, 28.63]
a: [158.22, 143.69, 77.95, 50.0, 123.25, 50.0, 89.32, 59.33, 50.0, 50.0, 50.0, 50.0, 88.53, 50.0]
d: [3.5, 3.5, 4.83, 3.5, 3.5, 3.5, 3.5, 3.5, 3.5, 3.5, 3.5, 3.5, 3.5, 2.0]
BEST_hyper_parameter
v: [12.0, 12.0, 32.33, 19.77, 21.3, 19.81, 25.06, 26.41, 25.93, 12.0, 12.0, 21.86, 24.54, 28.63]
a: [158.22, 143.69, 77.95, 50.0, 123.25, 50.0, 89.32, 59.33, 50.0, 50.0, 50.0, 50.0, 88.53, 50.0]
d: [3.5, 3.5, 4.83, 3.5, 3.5, 3.5, 3.5, 3.5, 3.5, 3.5, 3.5, 3.5, 3.5, 2.0]
random_idx_1 = 0, random_idx_2 = 7
random_idx_1 = 2, random_idx_2 = 13

iteration: 27
best: [1000.0, 1000.0, 1000.0, 1000.0, 1000.0, 1000.0, 1000.0, 1000.0, 1000.0, 1000.0, 1000.0, 1000.0, 1000.0, 48.59]
time: [6.14, 8.0, 11.01, 14.14, 16.75, 21.53, 33.29, 36.39, 38.36, 41.02, 45.82, 48.67, 1000, 1000]
current_hyper_parameter
v: [12.0, 12.0, 32.33, 19.77, 21.3, 19.81, 25.06, 19.82, 25.93, 12.0, 12.0, 21.86, 24.54, 28.63]
a: [158.22, 143.69, 77.95, 50.0, 123.25, 50.0, 89.32, 59.33, 50.0, 50.0, 50.0, 50.0, 88.53, 50.0]
d: [3.5, 3.5, 4.83, 3.5, 3.5, 3.5, 3.5, 3.5, 3.5, 3.5, 3.5, 3.5, 3.5, 2.0]
BEST_hyper_parameter
v: [12.0, 12.0, 32.33, 19.77, 21.3, 19.81, 25.06, 26.41, 25.93, 12.0, 12.0, 21.86, 24.54, 28.63]
a: [158.22, 143.69, 77.95, 50.0, 123.25, 50.0, 89.32, 59.33, 50.0, 50.0, 50.0, 50.0, 88.53, 50.0]
d: [3.5, 3.5, 4.83, 3.5, 3.5, 3.5, 3.5, 3.5, 3.5, 3.5, 3.5, 3.5, 3.5, 2.0]
random_idx_1 = 0, random_idx_2 = 10
random_idx_1 = 0, random_idx_2 = 6

iteration: 28
best: [1000.0, 1000.0, 1000.0, 1000.0, 1000.0, 1000.0, 1000.0, 1000.0, 1000.0, 1000.0, 1000.0, 1000.0, 1000.0, 48.59]
time: [5.99, 7.83, 10.85, 13.81, 16.41, 21.28, 36.65, 40.26, 42.27, 44.81, 46.95, 1000, 1000, 1000]
current_hyper_parameter
v: [12.0, 12.0, 32.33, 19.77, 21.3, 19.81, 16.8, 26.41, 25.93, 12.0, 22.73, 21.86, 24.54, 28.63]
a: [158.22, 143.69, 77.95, 50.0, 123.25, 50.0, 89.32, 59.33, 50.0, 50.0, 50.0, 50.0, 88.53, 50.0]
d: [3.5, 3.5, 4.83, 3.5, 3.5, 3.5, 3.5, 3.5, 3.5, 3.5, 3.5, 3.5, 3.5, 2.0]
BEST_hyper_parameter
v: [12.0, 12.0, 32.33, 19.77, 21.3, 19.81, 25.06, 26.41, 25.93, 12.0, 12.0, 21.86, 24.54, 28.63]
a: [158.22, 143.69, 77.95, 50.0, 123.25, 50.0, 89.32, 59.33, 50.0, 50.0, 50.0, 50.0, 88.53, 50.0]
d: [3.5, 3.5, 4.83, 3.5, 3.5, 3.5, 3.5, 3.5, 3.5, 3.5, 3.5, 3.5, 3.5, 2.0]
random_idx_1 = 0, random_idx_2 = 8
random_idx_1 = 0, random_idx_2 = 3

iteration: 29
best: [1000.0, 1000.0, 1000.0, 1000.0, 1000.0, 1000.0, 1000.0, 1000.0, 1000.0, 1000.0, 1000.0, 1000.0, 1000.0, 48.59]
time: [6.13, 8.0, 10.99, 14.08, 16.68, 21.52, 33.25, 36.31, 38.03, 40.88, 42.89, 45.41, 47.26, 48.69]
current_hyper_parameter
v: [12.0, 12.0, 32.33, 21.27, 21.3, 19.81, 25.06, 26.41, 25.15, 12.0, 12.0, 21.86, 24.54, 28.63]
a: [158.22, 143.69, 77.95, 50.0, 123.25, 50.0, 89.32, 59.33, 50.0, 50.0, 50.0, 50.0, 88.53, 50.0]
d: [3.5, 3.5, 4.83, 3.5, 3.5, 3.5, 3.5, 3.5, 3.5, 3.5, 3.5, 3.5, 3.5, 2.0]
BEST_hyper_parameter
v: [12.0, 12.0, 32.33, 19.77, 21.3, 19.81, 25.06, 26.41, 25.93, 12.0, 12.0, 21.86, 24.54, 28.63]
a: [158.22, 143.69, 77.95, 50.0, 123.25, 50.0, 89.32, 59.33, 50.0, 50.0, 50.0, 50.0, 88.53, 50.0]
d: [3.5, 3.5, 4.83, 3.5, 3.5, 3.5, 3.5, 3.5, 3.5, 3.5, 3.5, 3.5, 3.5, 2.0]
random_idx_1 = 2, random_idx_2 = 1
random_idx_1 = 2, random_idx_2 = 10

iteration: 30
best: [1000.0, 1000.0, 1000.0, 1000.0, 1000.0, 1000.0, 1000.0, 1000.0, 1000.0, 1000.0, 1000.0, 1000.0, 1000.0, 48.59]
time: [6.13, 8.01, 11.02, 14.15, 16.75, 21.55, 33.33, 36.95, 39.57, 42.12, 43.89, 46.69, 48.8, 1000]
current_hyper_parameter
v: [12.0, 12.0, 32.33, 19.77, 21.3, 19.81, 25.06, 26.41, 25.93, 12.0, 12.0, 21.86, 24.54, 28.63]
a: [158.22, 143.69, 77.95, 50.0, 123.25, 50.0, 89.32, 59.33, 50.0, 50.0, 50.0, 50.0, 88.53, 50.0]
d: [3.5, 3.5, 4.83, 3.5, 3.5, 3.5, 3.5, 3.5, 3.5, 3.5, 3.5, 3.5, 3.5, 2.0]
BEST_hyper_parameter
v: [12.0, 12.0, 32.33, 19.77, 21.3, 19.81, 25.06, 26.41, 25.93, 12.0, 12.0, 21.86, 24.54, 28.63]
a: [158.22, 143.69, 77.95, 50.0, 123.25, 50.0, 89.32, 59.33, 50.0, 50.0, 50.0, 50.0, 88.53, 50.0]
d: [3.5, 3.5, 4.83, 3.5, 3.5, 3.5, 3.5, 3.5, 3.5, 3.5, 3.5, 3.5, 3.5, 2.0]
random_idx_1 = 2, random_idx_2 = 1
random_idx_1 = 2, random_idx_2 = 11

iteration: 31
best: [1000.0, 1000.0, 1000.0, 1000.0, 1000.0, 1000.0, 1000.0, 1000.0, 1000.0, 1000.0, 1000.0, 1000.0, 1000.0, 48.59]
time: [6.12, 8.0, 10.97, 14.09, 16.69, 21.5, 33.28, 36.34, 38.21, 40.96, 42.79, 45.67, 47.75, 49.33]
current_hyper_parameter
v: [12.0, 12.0, 32.33, 19.77, 21.3, 19.81, 25.06, 26.41, 25.93, 12.0, 12.0, 21.86, 24.54, 28.63]
a: [158.22, 143.69, 77.95, 50.0, 123.25, 50.0, 89.32, 59.33, 50.0, 50.0, 50.0, 50.0, 88.53, 50.0]
d: [3.5, 3.5, 4.83, 3.5, 3.5, 3.5, 3.5, 3.5, 3.5, 3.5, 3.5, 3.5, 3.5, 2.0]
BEST_hyper_parameter
v: [12.0, 12.0, 32.33, 19.77, 21.3, 19.81, 25.06, 26.41, 25.93, 12.0, 12.0, 21.86, 24.54, 28.63]
a: [158.22, 143.69, 77.95, 50.0, 123.25, 50.0, 89.32, 59.33, 50.0, 50.0, 50.0, 50.0, 88.53, 50.0]
d: [3.5, 3.5, 4.83, 3.5, 3.5, 3.5, 3.5, 3.5, 3.5, 3.5, 3.5, 3.5, 3.5, 2.0]
random_idx_1 = 0, random_idx_2 = 4
random_idx_1 = 2, random_idx_2 = 7

iteration: 32
best: [1000.0, 1000.0, 1000.0, 1000.0, 1000.0, 1000.0, 1000.0, 1000.0, 1000.0, 1000.0, 1000.0, 1000.0, 1000.0, 48.59]
time: [6.13, 7.99, 10.98, 14.1, 19.55, 1000, 1000, 1000, 1000, 1000, 1000, 1000, 1000, 1000]
current_hyper_parameter
v: [12.0, 12.0, 32.33, 19.77, 31.33, 19.81, 25.06, 26.41, 25.93, 12.0, 12.0, 21.86, 24.54, 28.63]
a: [158.22, 143.69, 77.95, 50.0, 123.25, 50.0, 89.32, 59.33, 50.0, 50.0, 50.0, 50.0, 88.53, 50.0]
d: [3.5, 3.5, 4.83, 3.5, 3.5, 3.5, 3.5, 3.5, 3.5, 3.5, 3.5, 3.5, 3.5, 2.0]
BEST_hyper_parameter
v: [12.0, 12.0, 32.33, 19.77, 21.3, 19.81, 25.06, 26.41, 25.93, 12.0, 12.0, 21.86, 24.54, 28.63]
a: [158.22, 143.69, 77.95, 50.0, 123.25, 50.0, 89.32, 59.33, 50.0, 50.0, 50.0, 50.0, 88.53, 50.0]
d: [3.5, 3.5, 4.83, 3.5, 3.5, 3.5, 3.5, 3.5, 3.5, 3.5, 3.5, 3.5, 3.5, 2.0]
random_idx_1 = 2, random_idx_2 = 3
random_idx_1 = 2, random_idx_2 = 1

iteration: 33
best: [1000.0, 1000.0, 1000.0, 1000.0, 1000.0, 1000.0, 1000.0, 1000.0, 1000.0, 1000.0, 1000.0, 1000.0, 1000.0, 48.59]
time: [6.17, 8.14, 11.08, 14.1, 16.68, 21.47, 33.23, 36.37, 38.1, 40.8, 42.87, 45.45, 47.3, 48.86]
current_hyper_parameter
v: [12.0, 12.0, 32.33, 19.77, 21.3, 19.81, 25.06, 26.41, 25.93, 12.0, 12.0, 21.86, 24.54, 28.63]
a: [158.22, 143.69, 77.95, 50.0, 123.25, 50.0, 89.32, 59.33, 50.0, 50.0, 50.0, 50.0, 88.53, 50.0]
d: [3.5, 3.5, 4.83, 3.5, 3.5, 3.5, 3.5, 3.5, 3.5, 3.5, 3.5, 3.5, 3.5, 2.0]
BEST_hyper_parameter
v: [12.0, 12.0, 32.33, 19.77, 21.3, 19.81, 25.06, 26.41, 25.93, 12.0, 12.0, 21.86, 24.54, 28.63]
a: [158.22, 143.69, 77.95, 50.0, 123.25, 50.0, 89.32, 59.33, 50.0, 50.0, 50.0, 50.0, 88.53, 50.0]
d: [3.5, 3.5, 4.83, 3.5, 3.5, 3.5, 3.5, 3.5, 3.5, 3.5, 3.5, 3.5, 3.5, 2.0]
random_idx_1 = 2, random_idx_2 = 3
random_idx_1 = 1, random_idx_2 = 1

iteration: 34
best: [1000.0, 1000.0, 1000.0, 1000.0, 1000.0, 1000.0, 1000.0, 1000.0, 1000.0, 1000.0, 1000.0, 1000.0, 1000.0, 48.59]
time: [6.15, 8.0, 10.99, 14.17, 16.77, 21.59, 33.32, 36.4, 38.65, 41.95, 43.85, 46.73, 48.57, 1000]
current_hyper_parameter
v: [12.0, 12.0, 32.33, 19.77, 21.3, 19.81, 25.06, 26.41, 25.93, 12.0, 12.0, 21.86, 24.54, 28.63]
a: [158.22, 154.96, 77.95, 50.0, 123.25, 50.0, 89.32, 59.33, 50.0, 50.0, 50.0, 50.0, 88.53, 50.0]
d: [3.5, 3.5, 4.83, 3.5, 3.5, 3.5, 3.5, 3.5, 3.5, 3.5, 3.5, 3.5, 3.5, 2.0]
BEST_hyper_parameter
v: [12.0, 12.0, 32.33, 19.77, 21.3, 19.81, 25.06, 26.41, 25.93, 12.0, 12.0, 21.86, 24.54, 28.63]
a: [158.22, 143.69, 77.95, 50.0, 123.25, 50.0, 89.32, 59.33, 50.0, 50.0, 50.0, 50.0, 88.53, 50.0]
d: [3.5, 3.5, 4.83, 3.5, 3.5, 3.5, 3.5, 3.5, 3.5, 3.5, 3.5, 3.5, 3.5, 2.0]
random_idx_1 = 1, random_idx_2 = 0
random_idx_1 = 1, random_idx_2 = 4

iteration: 35
best: [1000.0, 1000.0, 1000.0, 1000.0, 1000.0, 1000.0, 1000.0, 1000.0, 1000.0, 1000.0, 1000.0, 1000.0, 1000.0, 48.59]
time: [6.63, 8.73, 11.85, 14.78, 17.36, 21.91, 33.6, 36.83, 38.79, 41.38, 46.92, 1000, 1000, 1000]
current_hyper_parameter
v: [12.0, 12.0, 32.33, 19.77, 21.3, 19.81, 25.06, 26.41, 25.93, 12.0, 12.0, 21.86, 24.54, 28.63]
a: [54.44, 143.69, 77.95, 50.0, 144.36, 50.0, 89.32, 59.33, 50.0, 50.0, 50.0, 50.0, 88.53, 50.0]
d: [3.5, 3.5, 4.83, 3.5, 3.5, 3.5, 3.5, 3.5, 3.5, 3.5, 3.5, 3.5, 3.5, 2.0]
BEST_hyper_parameter
v: [12.0, 12.0, 32.33, 19.77, 21.3, 19.81, 25.06, 26.41, 25.93, 12.0, 12.0, 21.86, 24.54, 28.63]
a: [158.22, 143.69, 77.95, 50.0, 123.25, 50.0, 89.32, 59.33, 50.0, 50.0, 50.0, 50.0, 88.53, 50.0]
d: [3.5, 3.5, 4.83, 3.5, 3.5, 3.5, 3.5, 3.5, 3.5, 3.5, 3.5, 3.5, 3.5, 2.0]
random_idx_1 = 1, random_idx_2 = 8
random_idx_1 = 0, random_idx_2 = 2

iteration: 36
best: [1000.0, 1000.0, 1000.0, 1000.0, 1000.0, 1000.0, 1000.0, 1000.0, 1000.0, 1000.0, 1000.0, 1000.0, 1000.0, 48.59]
time: [6.14, 8.0, 10.98, 14.08, 16.69, 21.52, 33.27, 36.3, 37.78, 39.73, 42.01, 44.56, 46.25, 50.79]
current_hyper_parameter
v: [12.0, 12.0, 34.19, 19.77, 21.3, 19.81, 25.06, 26.41, 25.93, 12.0, 12.0, 21.86, 24.54, 28.63]
a: [158.22, 143.69, 77.95, 50.0, 123.25, 50.0, 89.32, 59.33, 92.85, 50.0, 50.0, 50.0, 88.53, 50.0]
d: [3.5, 3.5, 4.83, 3.5, 3.5, 3.5, 3.5, 3.5, 3.5, 3.5, 3.5, 3.5, 3.5, 2.0]
BEST_hyper_parameter
v: [12.0, 12.0, 32.33, 19.77, 21.3, 19.81, 25.06, 26.41, 25.93, 12.0, 12.0, 21.86, 24.54, 28.63]
a: [158.22, 143.69, 77.95, 50.0, 123.25, 50.0, 89.32, 59.33, 50.0, 50.0, 50.0, 50.0, 88.53, 50.0]
d: [3.5, 3.5, 4.83, 3.5, 3.5, 3.5, 3.5, 3.5, 3.5, 3.5, 3.5, 3.5, 3.5, 2.0]
random_idx_1 = 1, random_idx_2 = 12
random_idx_1 = 1, random_idx_2 = 1

iteration: 37
best: [1000.0, 1000.0, 1000.0, 1000.0, 1000.0, 1000.0, 1000.0, 1000.0, 1000.0, 1000.0, 1000.0, 1000.0, 1000.0, 48.59]
time: [6.14, 8.12, 11.17, 14.12, 16.7, 21.49, 33.32, 37.39, 39.23, 41.79, 43.99, 46.5, 49.81, 1000]
current_hyper_parameter
v: [12.0, 12.0, 32.33, 19.77, 21.3, 19.81, 25.06, 26.41, 25.93, 12.0, 12.0, 21.86, 24.54, 28.63]
a: [158.22, 71.71, 77.95, 50.0, 123.25, 50.0, 89.32, 59.33, 50.0, 50.0, 50.0, 50.0, 28.3, 50.0]
d: [3.5, 3.5, 4.83, 3.5, 3.5, 3.5, 3.5, 3.5, 3.5, 3.5, 3.5, 3.5, 3.5, 2.0]
BEST_hyper_parameter
v: [12.0, 12.0, 32.33, 19.77, 21.3, 19.81, 25.06, 26.41, 25.93, 12.0, 12.0, 21.86, 24.54, 28.63]
a: [158.22, 143.69, 77.95, 50.0, 123.25, 50.0, 89.32, 59.33, 50.0, 50.0, 50.0, 50.0, 88.53, 50.0]
d: [3.5, 3.5, 4.83, 3.5, 3.5, 3.5, 3.5, 3.5, 3.5, 3.5, 3.5, 3.5, 3.5, 2.0]
random_idx_1 = 0, random_idx_2 = 5
random_idx_1 = 2, random_idx_2 = 4

iteration: 38
best: [1000.0, 1000.0, 1000.0, 1000.0, 1000.0, 1000.0, 1000.0, 1000.0, 1000.0, 1000.0, 1000.0, 1000.0, 1000.0, 48.59]
time: [6.13, 7.99, 10.96, 14.08, 16.69, 21.49, 33.27, 36.32, 38.3, 40.96, 45.81, 48.72, 1000, 1000]
current_hyper_parameter
v: [12.0, 12.0, 32.33, 19.77, 21.3, 18.84, 25.06, 26.41, 25.93, 12.0, 12.0, 21.86, 24.54, 28.63]
a: [158.22, 143.69, 77.95, 50.0, 123.25, 50.0, 89.32, 59.33, 50.0, 50.0, 50.0, 50.0, 88.53, 50.0]
d: [3.5, 3.5, 4.83, 3.5, 3.5, 3.5, 3.5, 3.5, 3.5, 3.5, 3.5, 3.5, 3.5, 2.0]
BEST_hyper_parameter
v: [12.0, 12.0, 32.33, 19.77, 21.3, 19.81, 25.06, 26.41, 25.93, 12.0, 12.0, 21.86, 24.54, 28.63]
a: [158.22, 143.69, 77.95, 50.0, 123.25, 50.0, 89.32, 59.33, 50.0, 50.0, 50.0, 50.0, 88.53, 50.0]
d: [3.5, 3.5, 4.83, 3.5, 3.5, 3.5, 3.5, 3.5, 3.5, 3.5, 3.5, 3.5, 3.5, 2.0]
random_idx_1 = 1, random_idx_2 = 13
random_idx_1 = 0, random_idx_2 = 9

iteration: 39
best: [1000.0, 1000.0, 1000.0, 1000.0, 1000.0, 1000.0, 1000.0, 1000.0, 1000.0, 1000.0, 1000.0, 1000.0, 1000.0, 48.59]
time: [6.03, 7.89, 10.95, 14.22, 16.89, 21.76, 33.36, 36.42, 38.38, 40.78, 42.7, 45.0, 46.96, 48.16]
current_hyper_parameter
v: [12.0, 12.0, 32.33, 19.77, 21.3, 19.81, 25.06, 26.41, 25.93, 20.32, 12.0, 21.86, 24.54, 28.63]
a: [158.22, 143.69, 77.95, 50.0, 123.25, 50.0, 89.32, 59.33, 50.0, 50.0, 50.0, 50.0, 88.53, 56.72]
d: [3.5, 3.5, 4.83, 3.5, 3.5, 3.5, 3.5, 3.5, 3.5, 3.5, 3.5, 3.5, 3.5, 2.0]
BEST_hyper_parameter
v: [12.0, 12.0, 32.33, 19.77, 21.3, 19.81, 25.06, 26.41, 25.93, 12.0, 12.0, 21.86, 24.54, 28.63]
a: [158.22, 143.69, 77.95, 50.0, 123.25, 50.0, 89.32, 59.33, 50.0, 50.0, 50.0, 50.0, 88.53, 50.0]
d: [3.5, 3.5, 4.83, 3.5, 3.5, 3.5, 3.5, 3.5, 3.5, 3.5, 3.5, 3.5, 3.5, 2.0]
random_idx_1 = 0, random_idx_2 = 4
random_idx_1 = 1, random_idx_2 = 1

iteration: 40
best: [1000.0, 1000.0, 1000.0, 1000.0, 1000.0, 1000.0, 1000.0, 1000.0, 1000.0, 1000.0, 1000.0, 1000.0, 1000.0, 48.16]
time: [6.12, 8.25, 11.32, 14.26, 16.76, 21.77, 33.34, 37.02, 39.41, 42.02, 47.08, 1000, 1000, 1000]
current_hyper_parameter
v: [12.0, 12.0, 32.33, 19.77, 27.76, 19.81, 25.06, 26.41, 25.93, 20.32, 12.0, 21.86, 24.54, 28.63]
a: [158.22, 36.38, 77.95, 50.0, 123.25, 50.0, 89.32, 59.33, 50.0, 50.0, 50.0, 50.0, 88.53, 56.72]
d: [3.5, 3.5, 4.83, 3.5, 3.5, 3.5, 3.5, 3.5, 3.5, 3.5, 3.5, 3.5, 3.5, 2.0]
BEST_hyper_parameter
v: [12.0, 12.0, 32.33, 19.77, 21.3, 19.81, 25.06, 26.41, 25.93, 20.32, 12.0, 21.86, 24.54, 28.63]
a: [158.22, 143.69, 77.95, 50.0, 123.25, 50.0, 89.32, 59.33, 50.0, 50.0, 50.0, 50.0, 88.53, 56.72]
d: [3.5, 3.5, 4.83, 3.5, 3.5, 3.5, 3.5, 3.5, 3.5, 3.5, 3.5, 3.5, 3.5, 2.0]
random_idx_1 = 1, random_idx_2 = 2
random_idx_1 = 2, random_idx_2 = 4

iteration: 41
best: [1000.0, 1000.0, 1000.0, 1000.0, 1000.0, 1000.0, 1000.0, 1000.0, 1000.0, 1000.0, 1000.0, 1000.0, 1000.0, 48.16]
time: [6.13, 8.0, 11.08, 14.15, 16.7, 21.55, 33.21, 36.36, 38.2, 40.73, 42.81, 45.34, 47.36, 48.58]
current_hyper_parameter
v: [12.0, 12.0, 32.33, 19.77, 21.3, 19.81, 25.06, 26.41, 25.93, 20.32, 12.0, 21.86, 24.54, 28.63]
a: [158.22, 143.69, 72.33, 50.0, 123.25, 50.0, 89.32, 59.33, 50.0, 50.0, 50.0, 50.0, 88.53, 56.72]
d: [3.5, 3.5, 4.83, 3.5, 3.5, 3.5, 3.5, 3.5, 3.5, 3.5, 3.5, 3.5, 3.5, 2.0]
BEST_hyper_parameter
v: [12.0, 12.0, 32.33, 19.77, 21.3, 19.81, 25.06, 26.41, 25.93, 20.32, 12.0, 21.86, 24.54, 28.63]
a: [158.22, 143.69, 77.95, 50.0, 123.25, 50.0, 89.32, 59.33, 50.0, 50.0, 50.0, 50.0, 88.53, 56.72]
d: [3.5, 3.5, 4.83, 3.5, 3.5, 3.5, 3.5, 3.5, 3.5, 3.5, 3.5, 3.5, 3.5, 2.0]
random_idx_1 = 0, random_idx_2 = 6
random_idx_1 = 1, random_idx_2 = 7

iteration: 42
best: [1000.0, 1000.0, 1000.0, 1000.0, 1000.0, 1000.0, 1000.0, 1000.0, 1000.0, 1000.0, 1000.0, 1000.0, 1000.0, 48.16]
time: [6.13, 7.99, 11.0, 14.13, 16.73, 21.54, 34.33, 37.05, 1000, 1000, 1000, 1000, 1000, 1000]
current_hyper_parameter
v: [12.0, 12.0, 32.33, 19.77, 21.3, 19.81, 21.97, 26.41, 25.93, 20.32, 12.0, 21.86, 24.54, 28.63]
a: [158.22, 143.69, 77.95, 50.0, 123.25, 50.0, 89.32, 111.86, 50.0, 50.0, 50.0, 50.0, 88.53, 56.72]
d: [3.5, 3.5, 4.83, 3.5, 3.5, 3.5, 3.5, 3.5, 3.5, 3.5, 3.5, 3.5, 3.5, 2.0]
BEST_hyper_parameter
v: [12.0, 12.0, 32.33, 19.77, 21.3, 19.81, 25.06, 26.41, 25.93, 20.32, 12.0, 21.86, 24.54, 28.63]
a: [158.22, 143.69, 77.95, 50.0, 123.25, 50.0, 89.32, 59.33, 50.0, 50.0, 50.0, 50.0, 88.53, 56.72]
d: [3.5, 3.5, 4.83, 3.5, 3.5, 3.5, 3.5, 3.5, 3.5, 3.5, 3.5, 3.5, 3.5, 2.0]
random_idx_1 = 2, random_idx_2 = 11
random_idx_1 = 1, random_idx_2 = 9

iteration: 43
best: [1000.0, 1000.0, 1000.0, 1000.0, 1000.0, 1000.0, 1000.0, 1000.0, 1000.0, 1000.0, 1000.0, 1000.0, 1000.0, 48.16]
time: [6.03, 7.88, 10.94, 14.1, 16.69, 21.51, 33.27, 36.36, 38.07, 40.43, 42.27, 45.05, 46.86, 51.75]
current_hyper_parameter
v: [12.0, 12.0, 32.33, 19.77, 21.3, 19.81, 25.06, 26.41, 25.93, 20.32, 12.0, 21.86, 24.54, 28.63]
a: [158.22, 143.69, 77.95, 50.0, 123.25, 50.0, 89.32, 59.33, 50.0, 65.68, 50.0, 50.0, 88.53, 56.72]
d: [3.5, 3.5, 4.83, 3.5, 3.5, 3.5, 3.5, 3.5, 3.5, 3.5, 3.5, 3.5, 3.5, 2.0]
BEST_hyper_parameter
v: [12.0, 12.0, 32.33, 19.77, 21.3, 19.81, 25.06, 26.41, 25.93, 20.32, 12.0, 21.86, 24.54, 28.63]
a: [158.22, 143.69, 77.95, 50.0, 123.25, 50.0, 89.32, 59.33, 50.0, 50.0, 50.0, 50.0, 88.53, 56.72]
d: [3.5, 3.5, 4.83, 3.5, 3.5, 3.5, 3.5, 3.5, 3.5, 3.5, 3.5, 3.5, 3.5, 2.0]
random_idx_1 = 0, random_idx_2 = 1
random_idx_1 = 0, random_idx_2 = 3

iteration: 44
best: [1000.0, 1000.0, 1000.0, 1000.0, 1000.0, 1000.0, 1000.0, 1000.0, 1000.0, 1000.0, 1000.0, 1000.0, 1000.0, 48.16]
time: [6.15, 7.75, 10.68, 13.69, 16.25, 21.07, 32.84, 36.02, 38.51, 40.92, 43.01, 45.54, 47.4, 48.68]
current_hyper_parameter
v: [12.0, 17.33, 32.33, 33.51, 21.3, 19.81, 25.06, 26.41, 25.93, 20.32, 12.0, 21.86, 24.54, 28.63]
a: [158.22, 143.69, 77.95, 50.0, 123.25, 50.0, 89.32, 59.33, 50.0, 50.0, 50.0, 50.0, 88.53, 56.72]
d: [3.5, 3.5, 4.83, 3.5, 3.5, 3.5, 3.5, 3.5, 3.5, 3.5, 3.5, 3.5, 3.5, 2.0]
BEST_hyper_parameter
v: [12.0, 12.0, 32.33, 19.77, 21.3, 19.81, 25.06, 26.41, 25.93, 20.32, 12.0, 21.86, 24.54, 28.63]
a: [158.22, 143.69, 77.95, 50.0, 123.25, 50.0, 89.32, 59.33, 50.0, 50.0, 50.0, 50.0, 88.53, 56.72]
d: [3.5, 3.5, 4.83, 3.5, 3.5, 3.5, 3.5, 3.5, 3.5, 3.5, 3.5, 3.5, 3.5, 2.0]
random_idx_1 = 2, random_idx_2 = 1
random_idx_1 = 1, random_idx_2 = 4

iteration: 45
best: [1000.0, 1000.0, 1000.0, 1000.0, 1000.0, 1000.0, 1000.0, 1000.0, 1000.0, 1000.0, 1000.0, 1000.0, 1000.0, 48.16]
time: [6.17, 8.13, 11.08, 14.1, 19.66, 24.48, 36.27, 39.32, 41.64, 44.6, 49.39, 1000, 1000, 1000]
current_hyper_parameter
v: [12.0, 12.0, 32.33, 19.77, 21.3, 19.81, 25.06, 26.41, 25.93, 20.32, 12.0, 21.86, 24.54, 28.63]
a: [158.22, 143.69, 77.95, 50.0, 146.25, 50.0, 89.32, 59.33, 50.0, 50.0, 50.0, 50.0, 88.53, 56.72]
d: [3.5, 3.5, 4.83, 3.5, 3.5, 3.5, 3.5, 3.5, 3.5, 3.5, 3.5, 3.5, 3.5, 2.0]
BEST_hyper_parameter
v: [12.0, 12.0, 32.33, 19.77, 21.3, 19.81, 25.06, 26.41, 25.93, 20.32, 12.0, 21.86, 24.54, 28.63]
a: [158.22, 143.69, 77.95, 50.0, 123.25, 50.0, 89.32, 59.33, 50.0, 50.0, 50.0, 50.0, 88.53, 56.72]
d: [3.5, 3.5, 4.83, 3.5, 3.5, 3.5, 3.5, 3.5, 3.5, 3.5, 3.5, 3.5, 3.5, 2.0]
random_idx_1 = 2, random_idx_2 = 0
random_idx_1 = 2, random_idx_2 = 5

iteration: 46
best: [1000.0, 1000.0, 1000.0, 1000.0, 1000.0, 1000.0, 1000.0, 1000.0, 1000.0, 1000.0, 1000.0, 1000.0, 1000.0, 48.16]
time: [6.17, 8.15, 11.11, 14.1, 16.7, 21.54, 33.27, 36.37, 38.24, 40.79, 1000, 1000, 1000, 1000]
current_hyper_parameter
v: [12.0, 12.0, 32.33, 19.77, 21.3, 19.81, 25.06, 26.41, 25.93, 20.32, 12.0, 21.86, 24.54, 28.63]
a: [158.22, 143.69, 77.95, 50.0, 123.25, 50.0, 89.32, 59.33, 50.0, 50.0, 50.0, 50.0, 88.53, 56.72]
d: [3.5, 3.5, 4.83, 3.5, 3.5, 3.5, 3.5, 3.5, 3.5, 3.5, 3.5, 3.5, 3.5, 2.0]
BEST_hyper_parameter
v: [12.0, 12.0, 32.33, 19.77, 21.3, 19.81, 25.06, 26.41, 25.93, 20.32, 12.0, 21.86, 24.54, 28.63]
a: [158.22, 143.69, 77.95, 50.0, 123.25, 50.0, 89.32, 59.33, 50.0, 50.0, 50.0, 50.0, 88.53, 56.72]
d: [3.5, 3.5, 4.83, 3.5, 3.5, 3.5, 3.5, 3.5, 3.5, 3.5, 3.5, 3.5, 3.5, 2.0]
random_idx_1 = 0, random_idx_2 = 6
random_idx_1 = 1, random_idx_2 = 2

iteration: 47
best: [1000.0, 1000.0, 1000.0, 1000.0, 1000.0, 1000.0, 1000.0, 1000.0, 1000.0, 1000.0, 1000.0, 1000.0, 1000.0, 48.16]
time: [6.15, 7.99, 10.49, 13.16, 15.87, 20.7, 40.89, 44.55, 46.48, 48.88, 1000, 1000, 1000, 1000]
current_hyper_parameter
v: [12.0, 12.0, 32.33, 19.77, 21.3, 19.81, 10.84, 26.41, 25.93, 20.32, 12.0, 21.86, 24.54, 28.63]
a: [158.22, 143.69, 140.17, 50.0, 123.25, 50.0, 89.32, 59.33, 50.0, 50.0, 50.0, 50.0, 88.53, 56.72]
d: [3.5, 3.5, 4.83, 3.5, 3.5, 3.5, 3.5, 3.5, 3.5, 3.5, 3.5, 3.5, 3.5, 2.0]
BEST_hyper_parameter
v: [12.0, 12.0, 32.33, 19.77, 21.3, 19.81, 25.06, 26.41, 25.93, 20.32, 12.0, 21.86, 24.54, 28.63]
a: [158.22, 143.69, 77.95, 50.0, 123.25, 50.0, 89.32, 59.33, 50.0, 50.0, 50.0, 50.0, 88.53, 56.72]
d: [3.5, 3.5, 4.83, 3.5, 3.5, 3.5, 3.5, 3.5, 3.5, 3.5, 3.5, 3.5, 3.5, 2.0]
random_idx_1 = 2, random_idx_2 = 3
random_idx_1 = 1, random_idx_2 = 9

iteration: 48
best: [1000.0, 1000.0, 1000.0, 1000.0, 1000.0, 1000.0, 1000.0, 1000.0, 1000.0, 1000.0, 1000.0, 1000.0, 1000.0, 48.16]
time: [6.17, 8.14, 11.09, 14.1, 16.69, 21.52, 33.25, 36.37, 38.24, 40.19, 1000, 1000, 1000, 1000]
current_hyper_parameter
v: [12.0, 12.0, 32.33, 19.77, 21.3, 19.81, 25.06, 26.41, 25.93, 20.32, 12.0, 21.86, 24.54, 28.63]
a: [158.22, 143.69, 77.95, 50.0, 123.25, 50.0, 89.32, 59.33, 50.0, 119.73, 50.0, 50.0, 88.53, 56.72]
d: [3.5, 3.5, 4.83, 3.5, 3.5, 3.5, 3.5, 3.5, 3.5, 3.5, 3.5, 3.5, 3.5, 2.0]
BEST_hyper_parameter
v: [12.0, 12.0, 32.33, 19.77, 21.3, 19.81, 25.06, 26.41, 25.93, 20.32, 12.0, 21.86, 24.54, 28.63]
a: [158.22, 143.69, 77.95, 50.0, 123.25, 50.0, 89.32, 59.33, 50.0, 50.0, 50.0, 50.0, 88.53, 56.72]
d: [3.5, 3.5, 4.83, 3.5, 3.5, 3.5, 3.5, 3.5, 3.5, 3.5, 3.5, 3.5, 3.5, 2.0]
random_idx_1 = 2, random_idx_2 = 13
random_idx_1 = 0, random_idx_2 = 12

iteration: 49
best: [1000.0, 1000.0, 1000.0, 1000.0, 1000.0, 1000.0, 1000.0, 1000.0, 1000.0, 1000.0, 1000.0, 1000.0, 1000.0, 48.16]
time: [6.11, 7.95, 10.95, 14.16, 16.8, 21.45, 32.91, 36.94, 38.9, 41.24, 63.04, 1000, 1000, 1000]
current_hyper_parameter
v: [12.0, 12.0, 32.33, 19.77, 21.3, 19.81, 25.06, 26.41, 25.93, 20.32, 12.0, 21.86, 17.62, 28.63]
a: [158.22, 143.69, 77.95, 50.0, 123.25, 50.0, 89.32, 59.33, 50.0, 50.0, 50.0, 50.0, 88.53, 56.72]
d: [3.5, 3.5, 4.83, 3.5, 3.5, 3.5, 3.5, 3.5, 3.5, 3.5, 3.5, 3.5, 3.5, 2.0]
BEST_hyper_parameter
v: [12.0, 12.0, 32.33, 19.77, 21.3, 19.81, 25.06, 26.41, 25.93, 20.32, 12.0, 21.86, 24.54, 28.63]
a: [158.22, 143.69, 77.95, 50.0, 123.25, 50.0, 89.32, 59.33, 50.0, 50.0, 50.0, 50.0, 88.53, 56.72]
d: [3.5, 3.5, 4.83, 3.5, 3.5, 3.5, 3.5, 3.5, 3.5, 3.5, 3.5, 3.5, 3.5, 2.0]
random_idx_1 = 0, random_idx_2 = 1
random_idx_1 = 1, random_idx_2 = 13

iteration: 50
best: [1000.0, 1000.0, 1000.0, 1000.0, 1000.0, 1000.0, 1000.0, 1000.0, 1000.0, 1000.0, 1000.0, 1000.0, 1000.0, 48.16]
time: [6.14, 7.51, 9.97, 13.08, 15.71, 20.53, 32.31, 35.37, 37.35, 39.75, 41.81, 44.34, 46.34, 54.59]
current_hyper_parameter
v: [12.0, 30.58, 32.33, 19.77, 21.3, 19.81, 25.06, 26.41, 25.93, 20.32, 12.0, 21.86, 24.54, 28.63]
a: [158.22, 143.69, 77.95, 50.0, 123.25, 50.0, 89.32, 59.33, 50.0, 50.0, 50.0, 50.0, 88.53, 125.38]
d: [3.5, 3.5, 4.83, 3.5, 3.5, 3.5, 3.5, 3.5, 3.5, 3.5, 3.5, 3.5, 3.5, 2.0]
BEST_hyper_parameter
v: [12.0, 12.0, 32.33, 19.77, 21.3, 19.81, 25.06, 26.41, 25.93, 20.32, 12.0, 21.86, 24.54, 28.63]
a: [158.22, 143.69, 77.95, 50.0, 123.25, 50.0, 89.32, 59.33, 50.0, 50.0, 50.0, 50.0, 88.53, 56.72]
d: [3.5, 3.5, 4.83, 3.5, 3.5, 3.5, 3.5, 3.5, 3.5, 3.5, 3.5, 3.5, 3.5, 2.0]
random_idx_1 = 0, random_idx_2 = 1
random_idx_1 = 1, random_idx_2 = 1

iteration: 51
best: [1000.0, 1000.0, 1000.0, 1000.0, 1000.0, 1000.0, 1000.0, 1000.0, 1000.0, 1000.0, 1000.0, 1000.0, 1000.0, 48.16]
time: [6.05, 8.12, 11.25, 14.15, 16.72, 21.6, 33.3, 36.37, 38.34, 40.76, 42.64, 44.98, 46.85, 48.08]
current_hyper_parameter
v: [12.0, 8.68, 32.33, 19.77, 21.3, 19.81, 25.06, 26.41, 25.93, 20.32, 12.0, 21.86, 24.54, 28.63]
a: [158.22, 70.41, 77.95, 50.0, 123.25, 50.0, 89.32, 59.33, 50.0, 50.0, 50.0, 50.0, 88.53, 56.72]
d: [3.5, 3.5, 4.83, 3.5, 3.5, 3.5, 3.5, 3.5, 3.5, 3.5, 3.5, 3.5, 3.5, 2.0]
BEST_hyper_parameter
v: [12.0, 12.0, 32.33, 19.77, 21.3, 19.81, 25.06, 26.41, 25.93, 20.32, 12.0, 21.86, 24.54, 28.63]
a: [158.22, 143.69, 77.95, 50.0, 123.25, 50.0, 89.32, 59.33, 50.0, 50.0, 50.0, 50.0, 88.53, 56.72]
d: [3.5, 3.5, 4.83, 3.5, 3.5, 3.5, 3.5, 3.5, 3.5, 3.5, 3.5, 3.5, 3.5, 2.0]
random_idx_1 = 2, random_idx_2 = 8
random_idx_1 = 0, random_idx_2 = 11

iteration: 52
best: [1000.0, 1000.0, 1000.0, 1000.0, 1000.0, 1000.0, 1000.0, 1000.0, 1000.0, 1000.0, 1000.0, 1000.0, 1000.0, 48.08]
time: [6.03, 8.13, 11.23, 14.13, 16.69, 21.48, 33.26, 36.92, 39.56, 41.91, 1000, 1000, 1000, 1000]
current_hyper_parameter
v: [12.0, 8.68, 32.33, 19.77, 21.3, 19.81, 25.06, 26.41, 25.93, 20.32, 12.0, 13.39, 24.54, 28.63]
a: [158.22, 70.41, 77.95, 50.0, 123.25, 50.0, 89.32, 59.33, 50.0, 50.0, 50.0, 50.0, 88.53, 56.72]
d: [3.5, 3.5, 4.83, 3.5, 3.5, 3.5, 3.5, 3.5, 3.5, 3.5, 3.5, 3.5, 3.5, 2.0]
BEST_hyper_parameter
v: [12.0, 8.68, 32.33, 19.77, 21.3, 19.81, 25.06, 26.41, 25.93, 20.32, 12.0, 21.86, 24.54, 28.63]
a: [158.22, 70.41, 77.95, 50.0, 123.25, 50.0, 89.32, 59.33, 50.0, 50.0, 50.0, 50.0, 88.53, 56.72]
d: [3.5, 3.5, 4.83, 3.5, 3.5, 3.5, 3.5, 3.5, 3.5, 3.5, 3.5, 3.5, 3.5, 2.0]
random_idx_1 = 1, random_idx_2 = 0
random_idx_1 = 1, random_idx_2 = 5

iteration: 53
best: [1000.0, 1000.0, 1000.0, 1000.0, 1000.0, 1000.0, 1000.0, 1000.0, 1000.0, 1000.0, 1000.0, 1000.0, 1000.0, 48.08]
time: [6.41, 8.72, 11.85, 14.78, 20.43, 25.74, 38.41, 42.5, 44.43, 46.81, 1000, 1000, 1000, 1000]
current_hyper_parameter
v: [12.0, 8.68, 32.33, 19.77, 21.3, 19.81, 25.06, 26.41, 25.93, 20.32, 12.0, 21.86, 24.54, 28.63]
a: [76.84, 70.41, 77.95, 50.0, 123.25, 26.92, 89.32, 59.33, 50.0, 50.0, 50.0, 50.0, 88.53, 56.72]
d: [3.5, 3.5, 4.83, 3.5, 3.5, 3.5, 3.5, 3.5, 3.5, 3.5, 3.5, 3.5, 3.5, 2.0]
BEST_hyper_parameter
v: [12.0, 8.68, 32.33, 19.77, 21.3, 19.81, 25.06, 26.41, 25.93, 20.32, 12.0, 21.86, 24.54, 28.63]
a: [158.22, 70.41, 77.95, 50.0, 123.25, 50.0, 89.32, 59.33, 50.0, 50.0, 50.0, 50.0, 88.53, 56.72]
d: [3.5, 3.5, 4.83, 3.5, 3.5, 3.5, 3.5, 3.5, 3.5, 3.5, 3.5, 3.5, 3.5, 2.0]
random_idx_1 = 1, random_idx_2 = 9
random_idx_1 = 2, random_idx_2 = 5

iteration: 54
best: [1000.0, 1000.0, 1000.0, 1000.0, 1000.0, 1000.0, 1000.0, 1000.0, 1000.0, 1000.0, 1000.0, 1000.0, 1000.0, 48.08]
time: [6.17, 8.49, 11.71, 14.62, 17.19, 21.96, 33.81, 38.08, 40.19, 42.14, 1000, 1000, 1000, 1000]
current_hyper_parameter
v: [12.0, 8.68, 32.33, 19.77, 21.3, 19.81, 25.06, 26.41, 25.93, 20.32, 12.0, 21.86, 24.54, 28.63]
a: [158.22, 70.41, 77.95, 50.0, 123.25, 50.0, 89.32, 59.33, 50.0, 121.23, 50.0, 50.0, 88.53, 56.72]
d: [3.5, 3.5, 4.83, 3.5, 3.5, 3.5, 3.5, 3.5, 3.5, 3.5, 3.5, 3.5, 3.5, 2.0]
BEST_hyper_parameter
v: [12.0, 8.68, 32.33, 19.77, 21.3, 19.81, 25.06, 26.41, 25.93, 20.32, 12.0, 21.86, 24.54, 28.63]
a: [158.22, 70.41, 77.95, 50.0, 123.25, 50.0, 89.32, 59.33, 50.0, 50.0, 50.0, 50.0, 88.53, 56.72]
d: [3.5, 3.5, 4.83, 3.5, 3.5, 3.5, 3.5, 3.5, 3.5, 3.5, 3.5, 3.5, 3.5, 2.0]
random_idx_1 = 2, random_idx_2 = 11
random_idx_1 = 1, random_idx_2 = 13

iteration: 55
best: [1000.0, 1000.0, 1000.0, 1000.0, 1000.0, 1000.0, 1000.0, 1000.0, 1000.0, 1000.0, 1000.0, 1000.0, 1000.0, 48.08]
time: [6.03, 8.07, 11.2, 14.12, 16.7, 21.54, 33.27, 36.36, 38.35, 40.81, 42.91, 45.44, 47.38, 48.53]
current_hyper_parameter
v: [12.0, 8.68, 32.33, 19.77, 21.3, 19.81, 25.06, 26.41, 25.93, 20.32, 12.0, 21.86, 24.54, 28.63]
a: [158.22, 70.41, 77.95, 50.0, 123.25, 50.0, 89.32, 59.33, 50.0, 50.0, 50.0, 50.0, 88.53, 75.01]
d: [3.5, 3.5, 4.83, 3.5, 3.5, 3.5, 3.5, 3.5, 3.5, 3.5, 3.5, 3.5, 3.5, 2.0]
BEST_hyper_parameter
v: [12.0, 8.68, 32.33, 19.77, 21.3, 19.81, 25.06, 26.41, 25.93, 20.32, 12.0, 21.86, 24.54, 28.63]
a: [158.22, 70.41, 77.95, 50.0, 123.25, 50.0, 89.32, 59.33, 50.0, 50.0, 50.0, 50.0, 88.53, 56.72]
d: [3.5, 3.5, 4.83, 3.5, 3.5, 3.5, 3.5, 3.5, 3.5, 3.5, 3.5, 3.5, 3.5, 2.0]
random_idx_1 = 2, random_idx_2 = 13
random_idx_1 = 1, random_idx_2 = 13

iteration: 56
best: [1000.0, 1000.0, 1000.0, 1000.0, 1000.0, 1000.0, 1000.0, 1000.0, 1000.0, 1000.0, 1000.0, 1000.0, 1000.0, 48.08]
time: [6.15, 8.26, 11.33, 14.12, 1000, 1000, 1000, 1000, 1000, 1000, 1000, 1000, 1000, 1000]
current_hyper_parameter
v: [12.0, 8.68, 32.33, 19.77, 21.3, 19.81, 25.06, 26.41, 25.93, 20.32, 12.0, 21.86, 24.54, 28.63]
a: [158.22, 70.41, 77.95, 50.0, 123.25, 50.0, 89.32, 59.33, 50.0, 50.0, 50.0, 50.0, 88.53, 32.15]
d: [3.5, 3.5, 4.83, 3.5, 3.5, 3.5, 3.5, 3.5, 3.5, 3.5, 3.5, 3.5, 3.5, 2.0]
BEST_hyper_parameter
v: [12.0, 8.68, 32.33, 19.77, 21.3, 19.81, 25.06, 26.41, 25.93, 20.32, 12.0, 21.86, 24.54, 28.63]
a: [158.22, 70.41, 77.95, 50.0, 123.25, 50.0, 89.32, 59.33, 50.0, 50.0, 50.0, 50.0, 88.53, 56.72]
d: [3.5, 3.5, 4.83, 3.5, 3.5, 3.5, 3.5, 3.5, 3.5, 3.5, 3.5, 3.5, 3.5, 2.0]
random_idx_1 = 0, random_idx_2 = 5
random_idx_1 = 2, random_idx_2 = 11

iteration: 57
best: [1000.0, 1000.0, 1000.0, 1000.0, 1000.0, 1000.0, 1000.0, 1000.0, 1000.0, 1000.0, 1000.0, 1000.0, 1000.0, 48.08]
time: [6.01, 8.06, 11.21, 14.12, 16.69, 21.48, 33.25, 36.36, 38.2, 40.73, 42.62, 44.95, 46.86, 48.06]
current_hyper_parameter
v: [12.0, 8.68, 32.33, 19.77, 21.3, 27.71, 25.06, 26.41, 25.93, 20.32, 12.0, 21.86, 24.54, 28.63]
a: [158.22, 70.41, 77.95, 50.0, 123.25, 50.0, 89.32, 59.33, 50.0, 50.0, 50.0, 50.0, 88.53, 56.72]
d: [3.5, 3.5, 4.83, 3.5, 3.5, 3.5, 3.5, 3.5, 3.5, 3.5, 3.5, 3.5, 3.5, 2.0]
BEST_hyper_parameter
v: [12.0, 8.68, 32.33, 19.77, 21.3, 19.81, 25.06, 26.41, 25.93, 20.32, 12.0, 21.86, 24.54, 28.63]
a: [158.22, 70.41, 77.95, 50.0, 123.25, 50.0, 89.32, 59.33, 50.0, 50.0, 50.0, 50.0, 88.53, 56.72]
d: [3.5, 3.5, 4.83, 3.5, 3.5, 3.5, 3.5, 3.5, 3.5, 3.5, 3.5, 3.5, 3.5, 2.0]
random_idx_1 = 1, random_idx_2 = 4
random_idx_1 = 2, random_idx_2 = 3

iteration: 58
best: [1000.0, 1000.0, 1000.0, 1000.0, 1000.0, 1000.0, 1000.0, 1000.0, 1000.0, 1000.0, 1000.0, 1000.0, 1000.0, 48.06]
time: [6.09, 8.15, 11.25, 14.15, 20.18, 24.8, 36.39, 40.05, 42.26, 44.7, 47.1, 1000, 1000, 1000]
current_hyper_parameter
v: [12.0, 8.68, 32.33, 19.77, 21.3, 27.71, 25.06, 26.41, 25.93, 20.32, 12.0, 21.86, 24.54, 28.63]
a: [158.22, 70.41, 77.95, 50.0, 80.54, 50.0, 89.32, 59.33, 50.0, 50.0, 50.0, 50.0, 88.53, 56.72]
d: [3.5, 3.5, 4.83, 3.5, 3.5, 3.5, 3.5, 3.5, 3.5, 3.5, 3.5, 3.5, 3.5, 2.0]
BEST_hyper_parameter
v: [12.0, 8.68, 32.33, 19.77, 21.3, 27.71, 25.06, 26.41, 25.93, 20.32, 12.0, 21.86, 24.54, 28.63]
a: [158.22, 70.41, 77.95, 50.0, 123.25, 50.0, 89.32, 59.33, 50.0, 50.0, 50.0, 50.0, 88.53, 56.72]
d: [3.5, 3.5, 4.83, 3.5, 3.5, 3.5, 3.5, 3.5, 3.5, 3.5, 3.5, 3.5, 3.5, 2.0]
random_idx_1 = 0, random_idx_2 = 6
random_idx_1 = 1, random_idx_2 = 0

iteration: 59
best: [1000.0, 1000.0, 1000.0, 1000.0, 1000.0, 1000.0, 1000.0, 1000.0, 1000.0, 1000.0, 1000.0, 1000.0, 1000.0, 48.06]
time: [6.33, 8.69, 11.84, 14.78, 20.46, 24.74, 35.48, 38.91, 40.75, 43.38, 45.01, 47.73, 1000, 1000]
current_hyper_parameter
v: [12.0, 8.68, 32.33, 19.77, 21.3, 27.71, 28.89, 26.41, 25.93, 20.32, 12.0, 21.86, 24.54, 28.63]
a: [88.52, 70.41, 77.95, 50.0, 123.25, 50.0, 89.32, 59.33, 50.0, 50.0, 50.0, 50.0, 88.53, 56.72]
d: [3.5, 3.5, 4.83, 3.5, 3.5, 3.5, 3.5, 3.5, 3.5, 3.5, 3.5, 3.5, 3.5, 2.0]
BEST_hyper_parameter
v: [12.0, 8.68, 32.33, 19.77, 21.3, 27.71, 25.06, 26.41, 25.93, 20.32, 12.0, 21.86, 24.54, 28.63]
a: [158.22, 70.41, 77.95, 50.0, 123.25, 50.0, 89.32, 59.33, 50.0, 50.0, 50.0, 50.0, 88.53, 56.72]
d: [3.5, 3.5, 4.83, 3.5, 3.5, 3.5, 3.5, 3.5, 3.5, 3.5, 3.5, 3.5, 3.5, 2.0]
random_idx_1 = 0, random_idx_2 = 3
random_idx_1 = 2, random_idx_2 = 13

iteration: 60
best: [1000.0, 1000.0, 1000.0, 1000.0, 1000.0, 1000.0, 1000.0, 1000.0, 1000.0, 1000.0, 1000.0, 1000.0, 1000.0, 48.06]
time: [6.04, 8.1, 11.23, 14.12, 16.67, 21.51, 33.22, 36.35, 38.24, 40.77, 42.69, 45.0, 46.89, 48.16]
current_hyper_parameter
v: [12.0, 8.68, 32.33, 33.38, 21.3, 27.71, 25.06, 26.41, 25.93, 20.32, 12.0, 21.86, 24.54, 28.63]
a: [158.22, 70.41, 77.95, 50.0, 123.25, 50.0, 89.32, 59.33, 50.0, 50.0, 50.0, 50.0, 88.53, 56.72]
d: [3.5, 3.5, 4.83, 3.5, 3.5, 3.5, 3.5, 3.5, 3.5, 3.5, 3.5, 3.5, 3.5, 2.0]
BEST_hyper_parameter
v: [12.0, 8.68, 32.33, 19.77, 21.3, 27.71, 25.06, 26.41, 25.93, 20.32, 12.0, 21.86, 24.54, 28.63]
a: [158.22, 70.41, 77.95, 50.0, 123.25, 50.0, 89.32, 59.33, 50.0, 50.0, 50.0, 50.0, 88.53, 56.72]
d: [3.5, 3.5, 4.83, 3.5, 3.5, 3.5, 3.5, 3.5, 3.5, 3.5, 3.5, 3.5, 3.5, 2.0]
random_idx_1 = 0, random_idx_2 = 5
random_idx_1 = 0, random_idx_2 = 7

iteration: 61
best: [1000.0, 1000.0, 1000.0, 1000.0, 1000.0, 1000.0, 1000.0, 1000.0, 1000.0, 1000.0, 1000.0, 1000.0, 1000.0, 48.06]
time: [6.01, 8.07, 11.22, 14.14, 16.7, 21.49, 33.23, 36.48, 38.27, 40.66, 42.33, 45.24, 47.26, 48.73]
current_hyper_parameter
v: [12.0, 8.68, 32.33, 19.77, 21.3, 34.18, 25.06, 14.76, 25.93, 20.32, 12.0, 21.86, 24.54, 28.63]
a: [158.22, 70.41, 77.95, 50.0, 123.25, 50.0, 89.32, 59.33, 50.0, 50.0, 50.0, 50.0, 88.53, 56.72]
d: [3.5, 3.5, 4.83, 3.5, 3.5, 3.5, 3.5, 3.5, 3.5, 3.5, 3.5, 3.5, 3.5, 2.0]
BEST_hyper_parameter
v: [12.0, 8.68, 32.33, 19.77, 21.3, 27.71, 25.06, 26.41, 25.93, 20.32, 12.0, 21.86, 24.54, 28.63]
a: [158.22, 70.41, 77.95, 50.0, 123.25, 50.0, 89.32, 59.33, 50.0, 50.0, 50.0, 50.0, 88.53, 56.72]
d: [3.5, 3.5, 4.83, 3.5, 3.5, 3.5, 3.5, 3.5, 3.5, 3.5, 3.5, 3.5, 3.5, 2.0]
random_idx_1 = 0, random_idx_2 = 6
random_idx_1 = 1, random_idx_2 = 4

iteration: 62
best: [1000.0, 1000.0, 1000.0, 1000.0, 1000.0, 1000.0, 1000.0, 1000.0, 1000.0, 1000.0, 1000.0, 1000.0, 1000.0, 48.06]
time: [6.13, 8.23, 11.31, 14.08, 16.75, 21.38, 32.71, 35.81, 37.7, 40.24, 42.36, 44.92, 46.77, 48.3]
current_hyper_parameter
v: [12.0, 8.68, 32.33, 19.77, 21.3, 27.71, 26.31, 26.41, 25.93, 20.32, 12.0, 21.86, 24.54, 28.63]
a: [158.22, 70.41, 77.95, 50.0, 103.35, 50.0, 89.32, 59.33, 50.0, 50.0, 50.0, 50.0, 88.53, 56.72]
d: [3.5, 3.5, 4.83, 3.5, 3.5, 3.5, 3.5, 3.5, 3.5, 3.5, 3.5, 3.5, 3.5, 2.0]
BEST_hyper_parameter
v: [12.0, 8.68, 32.33, 19.77, 21.3, 27.71, 25.06, 26.41, 25.93, 20.32, 12.0, 21.86, 24.54, 28.63]
a: [158.22, 70.41, 77.95, 50.0, 123.25, 50.0, 89.32, 59.33, 50.0, 50.0, 50.0, 50.0, 88.53, 56.72]
d: [3.5, 3.5, 4.83, 3.5, 3.5, 3.5, 3.5, 3.5, 3.5, 3.5, 3.5, 3.5, 3.5, 2.0]
random_idx_1 = 2, random_idx_2 = 12
random_idx_1 = 2, random_idx_2 = 4

iteration: 63
best: [1000.0, 1000.0, 1000.0, 1000.0, 1000.0, 1000.0, 1000.0, 1000.0, 1000.0, 1000.0, 1000.0, 1000.0, 1000.0, 48.06]
time: [6.15, 8.24, 11.33, 14.19, 16.74, 21.56, 33.26, 36.41, 38.29, 40.81, 42.71, 45.04, 46.96, 48.18]
current_hyper_parameter
v: [12.0, 8.68, 32.33, 19.77, 21.3, 27.71, 25.06, 26.41, 25.93, 20.32, 12.0, 21.86, 24.54, 28.63]
a: [158.22, 70.41, 77.95, 50.0, 123.25, 50.0, 89.32, 59.33, 50.0, 50.0, 50.0, 50.0, 88.53, 56.72]
d: [3.5, 3.5, 4.83, 3.5, 3.5, 3.5, 3.5, 3.5, 3.5, 3.5, 3.5, 3.5, 3.5, 2.0]
BEST_hyper_parameter
v: [12.0, 8.68, 32.33, 19.77, 21.3, 27.71, 25.06, 26.41, 25.93, 20.32, 12.0, 21.86, 24.54, 28.63]
a: [158.22, 70.41, 77.95, 50.0, 123.25, 50.0, 89.32, 59.33, 50.0, 50.0, 50.0, 50.0, 88.53, 56.72]
d: [3.5, 3.5, 4.83, 3.5, 3.5, 3.5, 3.5, 3.5, 3.5, 3.5, 3.5, 3.5, 3.5, 2.0]
random_idx_1 = 1, random_idx_2 = 1
random_idx_1 = 0, random_idx_2 = 2

iteration: 64
best: [1000.0, 1000.0, 1000.0, 1000.0, 1000.0, 1000.0, 1000.0, 1000.0, 1000.0, 1000.0, 1000.0, 1000.0, 1000.0, 48.06]
time: [6.0, 8.04, 11.19, 14.12, 16.69, 21.49, 33.22, 36.42, 38.92, 41.3, 43.38, 45.94, 47.78, 49.0]
current_hyper_parameter
v: [12.0, 8.68, 33.22, 19.77, 21.3, 27.71, 25.06, 26.41, 25.93, 20.32, 12.0, 21.86, 24.54, 28.63]
a: [158.22, 97.66, 77.95, 50.0, 123.25, 50.0, 89.32, 59.33, 50.0, 50.0, 50.0, 50.0, 88.53, 56.72]
d: [3.5, 3.5, 4.83, 3.5, 3.5, 3.5, 3.5, 3.5, 3.5, 3.5, 3.5, 3.5, 3.5, 2.0]
BEST_hyper_parameter
v: [12.0, 8.68, 32.33, 19.77, 21.3, 27.71, 25.06, 26.41, 25.93, 20.32, 12.0, 21.86, 24.54, 28.63]
a: [158.22, 70.41, 77.95, 50.0, 123.25, 50.0, 89.32, 59.33, 50.0, 50.0, 50.0, 50.0, 88.53, 56.72]
d: [3.5, 3.5, 4.83, 3.5, 3.5, 3.5, 3.5, 3.5, 3.5, 3.5, 3.5, 3.5, 3.5, 2.0]
random_idx_1 = 1, random_idx_2 = 4
random_idx_1 = 2, random_idx_2 = 6

iteration: 65
best: [1000.0, 1000.0, 1000.0, 1000.0, 1000.0, 1000.0, 1000.0, 1000.0, 1000.0, 1000.0, 1000.0, 1000.0, 1000.0, 48.06]
time: [6.16, 8.26, 11.34, 14.22, 22.13, 28.63, 40.31, 43.45, 45.23, 47.9, 49.58, 1000, 1000, 1000]
current_hyper_parameter
v: [12.0, 8.68, 32.33, 19.77, 21.3, 27.71, 25.06, 26.41, 25.93, 20.32, 12.0, 21.86, 24.54, 28.63]
a: [158.22, 70.41, 77.95, 50.0, 71.57, 50.0, 89.32, 59.33, 50.0, 50.0, 50.0, 50.0, 88.53, 56.72]
d: [3.5, 3.5, 4.83, 3.5, 3.5, 3.5, 3.5, 3.5, 3.5, 3.5, 3.5, 3.5, 3.5, 2.0]
BEST_hyper_parameter
v: [12.0, 8.68, 32.33, 19.77, 21.3, 27.71, 25.06, 26.41, 25.93, 20.32, 12.0, 21.86, 24.54, 28.63]
a: [158.22, 70.41, 77.95, 50.0, 123.25, 50.0, 89.32, 59.33, 50.0, 50.0, 50.0, 50.0, 88.53, 56.72]
d: [3.5, 3.5, 4.83, 3.5, 3.5, 3.5, 3.5, 3.5, 3.5, 3.5, 3.5, 3.5, 3.5, 2.0]
random_idx_1 = 0, random_idx_2 = 8
random_idx_1 = 1, random_idx_2 = 9

iteration: 66
best: [1000.0, 1000.0, 1000.0, 1000.0, 1000.0, 1000.0, 1000.0, 1000.0, 1000.0, 1000.0, 1000.0, 1000.0, 1000.0, 48.06]
time: [6.14, 8.23, 11.32, 14.26, 16.95, 21.42, 33.06, 36.45, 38.47, 40.26, 1000, 1000, 1000, 1000]
current_hyper_parameter
v: [12.0, 8.68, 32.33, 19.77, 21.3, 27.71, 25.06, 26.41, 10.18, 20.32, 12.0, 21.86, 24.54, 28.63]
a: [158.22, 70.41, 77.95, 50.0, 123.25, 50.0, 89.32, 59.33, 50.0, 140.7, 50.0, 50.0, 88.53, 56.72]
d: [3.5, 3.5, 4.83, 3.5, 3.5, 3.5, 3.5, 3.5, 3.5, 3.5, 3.5, 3.5, 3.5, 2.0]
BEST_hyper_parameter
v: [12.0, 8.68, 32.33, 19.77, 21.3, 27.71, 25.06, 26.41, 25.93, 20.32, 12.0, 21.86, 24.54, 28.63]
a: [158.22, 70.41, 77.95, 50.0, 123.25, 50.0, 89.32, 59.33, 50.0, 50.0, 50.0, 50.0, 88.53, 56.72]
d: [3.5, 3.5, 4.83, 3.5, 3.5, 3.5, 3.5, 3.5, 3.5, 3.5, 3.5, 3.5, 3.5, 2.0]
random_idx_1 = 0, random_idx_2 = 0
random_idx_1 = 2, random_idx_2 = 5

iteration: 67
best: [1000.0, 1000.0, 1000.0, 1000.0, 1000.0, 1000.0, 1000.0, 1000.0, 1000.0, 1000.0, 1000.0, 1000.0, 1000.0, 48.06]
time: [5.76, 7.39, 10.5, 13.64, 16.24, 20.99, 32.75, 35.9, 37.76, 40.22, 46.4, 1000, 1000, 1000]
current_hyper_parameter
v: [22.32, 8.68, 32.33, 19.77, 21.3, 27.71, 25.06, 26.41, 25.93, 20.32, 12.0, 21.86, 24.54, 28.63]
a: [158.22, 70.41, 77.95, 50.0, 123.25, 50.0, 89.32, 59.33, 50.0, 50.0, 50.0, 50.0, 88.53, 56.72]
d: [3.5, 3.5, 4.83, 3.5, 3.5, 3.5, 3.5, 3.5, 3.5, 3.5, 3.5, 3.5, 3.5, 2.0]
BEST_hyper_parameter
v: [12.0, 8.68, 32.33, 19.77, 21.3, 27.71, 25.06, 26.41, 25.93, 20.32, 12.0, 21.86, 24.54, 28.63]
a: [158.22, 70.41, 77.95, 50.0, 123.25, 50.0, 89.32, 59.33, 50.0, 50.0, 50.0, 50.0, 88.53, 56.72]
d: [3.5, 3.5, 4.83, 3.5, 3.5, 3.5, 3.5, 3.5, 3.5, 3.5, 3.5, 3.5, 3.5, 2.0]
random_idx_1 = 1, random_idx_2 = 5
random_idx_1 = 2, random_idx_2 = 7

iteration: 68
best: [1000.0, 1000.0, 1000.0, 1000.0, 1000.0, 1000.0, 1000.0, 1000.0, 1000.0, 1000.0, 1000.0, 1000.0, 1000.0, 48.06]
time: [6.03, 8.09, 11.23, 14.14, 16.73, 20.94, 32.14, 35.38, 37.12, 39.59, 41.27, 44.25, 45.99, 47.27]
current_hyper_parameter
v: [12.0, 8.68, 32.33, 19.77, 21.3, 27.71, 25.06, 26.41, 25.93, 20.32, 12.0, 21.86, 24.54, 28.63]
a: [158.22, 70.41, 77.95, 50.0, 123.25, 69.01, 89.32, 59.33, 50.0, 50.0, 50.0, 50.0, 88.53, 56.72]
d: [3.5, 3.5, 4.83, 3.5, 3.5, 3.5, 3.5, 3.5, 3.5, 3.5, 3.5, 3.5, 3.5, 2.0]
BEST_hyper_parameter
v: [12.0, 8.68, 32.33, 19.77, 21.3, 27.71, 25.06, 26.41, 25.93, 20.32, 12.0, 21.86, 24.54, 28.63]
a: [158.22, 70.41, 77.95, 50.0, 123.25, 50.0, 89.32, 59.33, 50.0, 50.0, 50.0, 50.0, 88.53, 56.72]
d: [3.5, 3.5, 4.83, 3.5, 3.5, 3.5, 3.5, 3.5, 3.5, 3.5, 3.5, 3.5, 3.5, 2.0]
random_idx_1 = 1, random_idx_2 = 2
random_idx_1 = 2, random_idx_2 = 6

iteration: 69
best: [1000.0, 1000.0, 1000.0, 1000.0, 1000.0, 1000.0, 1000.0, 1000.0, 1000.0, 1000.0, 1000.0, 1000.0, 1000.0, 47.27]
time: [5.98, 8.04, 12.62, 18.99, 24.72, 28.67, 39.62, 43.0, 44.91, 47.39, 49.05, 1000, 1000, 1000]
current_hyper_parameter
v: [12.0, 8.68, 32.33, 19.77, 21.3, 27.71, 25.06, 26.41, 25.93, 20.32, 12.0, 21.86, 24.54, 28.63]
a: [158.22, 70.41, 34.57, 50.0, 123.25, 69.01, 89.32, 59.33, 50.0, 50.0, 50.0, 50.0, 88.53, 56.72]
d: [3.5, 3.5, 4.83, 3.5, 3.5, 3.5, 3.5, 3.5, 3.5, 3.5, 3.5, 3.5, 3.5, 2.0]
BEST_hyper_parameter
v: [12.0, 8.68, 32.33, 19.77, 21.3, 27.71, 25.06, 26.41, 25.93, 20.32, 12.0, 21.86, 24.54, 28.63]
a: [158.22, 70.41, 77.95, 50.0, 123.25, 69.01, 89.32, 59.33, 50.0, 50.0, 50.0, 50.0, 88.53, 56.72]
d: [3.5, 3.5, 4.83, 3.5, 3.5, 3.5, 3.5, 3.5, 3.5, 3.5, 3.5, 3.5, 3.5, 2.0]
random_idx_1 = 1, random_idx_2 = 11
random_idx_1 = 1, random_idx_2 = 13

iteration: 70
best: [1000.0, 1000.0, 1000.0, 1000.0, 1000.0, 1000.0, 1000.0, 1000.0, 1000.0, 1000.0, 1000.0, 1000.0, 1000.0, 47.27]
time: [6.13, 8.22, 11.3, 14.07, 19.71, 23.6, 34.61, 37.85, 39.8, 42.32, 48.19, 1000, 1000, 1000]
current_hyper_parameter
v: [12.0, 8.68, 32.33, 19.77, 21.3, 27.71, 25.06, 26.41, 25.93, 20.32, 12.0, 21.86, 24.54, 28.63]
a: [158.22, 70.41, 77.95, 50.0, 123.25, 69.01, 89.32, 59.33, 50.0, 50.0, 50.0, 29.87, 88.53, 137.17]
d: [3.5, 3.5, 4.83, 3.5, 3.5, 3.5, 3.5, 3.5, 3.5, 3.5, 3.5, 3.5, 3.5, 2.0]
BEST_hyper_parameter
v: [12.0, 8.68, 32.33, 19.77, 21.3, 27.71, 25.06, 26.41, 25.93, 20.32, 12.0, 21.86, 24.54, 28.63]
a: [158.22, 70.41, 77.95, 50.0, 123.25, 69.01, 89.32, 59.33, 50.0, 50.0, 50.0, 50.0, 88.53, 56.72]
d: [3.5, 3.5, 4.83, 3.5, 3.5, 3.5, 3.5, 3.5, 3.5, 3.5, 3.5, 3.5, 3.5, 2.0]
random_idx_1 = 1, random_idx_2 = 5
random_idx_1 = 0, random_idx_2 = 6

iteration: 71
best: [1000.0, 1000.0, 1000.0, 1000.0, 1000.0, 1000.0, 1000.0, 1000.0, 1000.0, 1000.0, 1000.0, 1000.0, 1000.0, 47.27]
time: [6.14, 8.24, 11.3, 14.07, 19.79, 22.89, 41.0, 44.73, 46.85, 1000, 1000, 1000, 1000, 1000]
current_hyper_parameter
v: [12.0, 8.68, 32.33, 19.77, 21.3, 27.71, 9.43, 26.41, 25.93, 20.32, 12.0, 21.86, 24.54, 28.63]
a: [158.22, 70.41, 77.95, 50.0, 123.25, 112.64, 89.32, 59.33, 50.0, 50.0, 50.0, 50.0, 88.53, 56.72]
d: [3.5, 3.5, 4.83, 3.5, 3.5, 3.5, 3.5, 3.5, 3.5, 3.5, 3.5, 3.5, 3.5, 2.0]
BEST_hyper_parameter
v: [12.0, 8.68, 32.33, 19.77, 21.3, 27.71, 25.06, 26.41, 25.93, 20.32, 12.0, 21.86, 24.54, 28.63]
a: [158.22, 70.41, 77.95, 50.0, 123.25, 69.01, 89.32, 59.33, 50.0, 50.0, 50.0, 50.0, 88.53, 56.72]
d: [3.5, 3.5, 4.83, 3.5, 3.5, 3.5, 3.5, 3.5, 3.5, 3.5, 3.5, 3.5, 3.5, 2.0]
random_idx_1 = 2, random_idx_2 = 3
random_idx_1 = 1, random_idx_2 = 5

iteration: 72
best: [1000.0, 1000.0, 1000.0, 1000.0, 1000.0, 1000.0, 1000.0, 1000.0, 1000.0, 1000.0, 1000.0, 1000.0, 1000.0, 47.27]
time: [6.12, 8.23, 11.29, 14.05, 19.75, 23.02, 33.3, 37.25, 39.24, 41.62, 1000, 1000, 1000, 1000]
current_hyper_parameter
v: [12.0, 8.68, 32.33, 19.77, 21.3, 27.71, 25.06, 26.41, 25.93, 20.32, 12.0, 21.86, 24.54, 28.63]
a: [158.22, 70.41, 77.95, 50.0, 123.25, 103.61, 89.32, 59.33, 50.0, 50.0, 50.0, 50.0, 88.53, 56.72]
d: [3.5, 3.5, 4.83, 3.5, 3.5, 3.5, 3.5, 3.5, 3.5, 3.5, 3.5, 3.5, 3.5, 2.0]
BEST_hyper_parameter
v: [12.0, 8.68, 32.33, 19.77, 21.3, 27.71, 25.06, 26.41, 25.93, 20.32, 12.0, 21.86, 24.54, 28.63]
a: [158.22, 70.41, 77.95, 50.0, 123.25, 69.01, 89.32, 59.33, 50.0, 50.0, 50.0, 50.0, 88.53, 56.72]
d: [3.5, 3.5, 4.83, 3.5, 3.5, 3.5, 3.5, 3.5, 3.5, 3.5, 3.5, 3.5, 3.5, 2.0]
random_idx_1 = 2, random_idx_2 = 8
random_idx_1 = 2, random_idx_2 = 8

iteration: 73
best: [1000.0, 1000.0, 1000.0, 1000.0, 1000.0, 1000.0, 1000.0, 1000.0, 1000.0, 1000.0, 1000.0, 1000.0, 1000.0, 47.27]
time: [6.14, 8.24, 11.32, 14.18, 16.75, 20.93, 32.06, 35.45, 37.35, 39.76, 41.65, 44.04, 45.91, 47.16]
current_hyper_parameter
v: [12.0, 8.68, 32.33, 19.77, 21.3, 27.71, 25.06, 26.41, 25.93, 20.32, 12.0, 21.86, 24.54, 28.63]
a: [158.22, 70.41, 77.95, 50.0, 123.25, 69.01, 89.32, 59.33, 50.0, 50.0, 50.0, 50.0, 88.53, 56.72]
d: [3.5, 3.5, 4.83, 3.5, 3.5, 3.5, 3.5, 3.5, 3.5, 3.5, 3.5, 3.5, 3.5, 2.0]
BEST_hyper_parameter
v: [12.0, 8.68, 32.33, 19.77, 21.3, 27.71, 25.06, 26.41, 25.93, 20.32, 12.0, 21.86, 24.54, 28.63]
a: [158.22, 70.41, 77.95, 50.0, 123.25, 69.01, 89.32, 59.33, 50.0, 50.0, 50.0, 50.0, 88.53, 56.72]
d: [3.5, 3.5, 4.83, 3.5, 3.5, 3.5, 3.5, 3.5, 3.5, 3.5, 3.5, 3.5, 3.5, 2.0]
random_idx_1 = 1, random_idx_2 = 0
random_idx_1 = 1, random_idx_2 = 11

iteration: 74
best: [1000.0, 1000.0, 1000.0, 1000.0, 1000.0, 1000.0, 1000.0, 1000.0, 1000.0, 1000.0, 1000.0, 1000.0, 1000.0, 47.16]
time: [6.07, 8.5, 11.75, 14.64, 17.21, 21.42, 32.45, 35.96, 37.81, 40.12, 44.88, 1000, 1000, 1000]
current_hyper_parameter
v: [12.0, 8.68, 32.33, 19.77, 21.3, 27.71, 25.06, 26.41, 25.93, 20.32, 12.0, 21.86, 24.54, 28.63]
a: [135.8, 70.41, 77.95, 50.0, 123.25, 69.01, 89.32, 59.33, 50.0, 50.0, 50.0, 148.96, 88.53, 56.72]
d: [3.5, 3.5, 4.83, 3.5, 3.5, 3.5, 3.5, 3.5, 3.5, 3.5, 3.5, 3.5, 3.5, 2.0]
BEST_hyper_parameter
v: [12.0, 8.68, 32.33, 19.77, 21.3, 27.71, 25.06, 26.41, 25.93, 20.32, 12.0, 21.86, 24.54, 28.63]
a: [158.22, 70.41, 77.95, 50.0, 123.25, 69.01, 89.32, 59.33, 50.0, 50.0, 50.0, 50.0, 88.53, 56.72]
d: [3.5, 3.5, 4.83, 3.5, 3.5, 3.5, 3.5, 3.5, 3.5, 3.5, 3.5, 3.5, 3.5, 2.0]
random_idx_1 = 2, random_idx_2 = 4
random_idx_1 = 2, random_idx_2 = 0

iteration: 75
best: [1000.0, 1000.0, 1000.0, 1000.0, 1000.0, 1000.0, 1000.0, 1000.0, 1000.0, 1000.0, 1000.0, 1000.0, 1000.0, 47.16]
time: [6.04, 8.12, 11.23, 14.12, 16.69, 20.94, 32.12, 35.35, 37.21, 39.74, 41.87, 44.46, 46.32, 47.62]
current_hyper_parameter
v: [12.0, 8.68, 32.33, 19.77, 21.3, 27.71, 25.06, 26.41, 25.93, 20.32, 12.0, 21.86, 24.54, 28.63]
a: [158.22, 70.41, 77.95, 50.0, 123.25, 69.01, 89.32, 59.33, 50.0, 50.0, 50.0, 50.0, 88.53, 56.72]
d: [3.5, 3.5, 4.83, 3.5, 3.5, 3.5, 3.5, 3.5, 3.5, 3.5, 3.5, 3.5, 3.5, 2.0]
BEST_hyper_parameter
v: [12.0, 8.68, 32.33, 19.77, 21.3, 27.71, 25.06, 26.41, 25.93, 20.32, 12.0, 21.86, 24.54, 28.63]
a: [158.22, 70.41, 77.95, 50.0, 123.25, 69.01, 89.32, 59.33, 50.0, 50.0, 50.0, 50.0, 88.53, 56.72]
d: [3.5, 3.5, 4.83, 3.5, 3.5, 3.5, 3.5, 3.5, 3.5, 3.5, 3.5, 3.5, 3.5, 2.0]
random_idx_1 = 0, random_idx_2 = 10
random_idx_1 = 0, random_idx_2 = 5

iteration: 76
best: [1000.0, 1000.0, 1000.0, 1000.0, 1000.0, 1000.0, 1000.0, 1000.0, 1000.0, 1000.0, 1000.0, 1000.0, 1000.0, 47.16]
time: [6.0, 8.07, 11.21, 14.12, 16.68, 21.18, 32.5, 35.89, 37.76, 40.2, 1000, 1000, 1000, 1000]
current_hyper_parameter
v: [12.0, 8.68, 32.33, 19.77, 21.3, 14.91, 25.06, 26.41, 25.93, 20.32, 27.16, 21.86, 24.54, 28.63]
a: [158.22, 70.41, 77.95, 50.0, 123.25, 69.01, 89.32, 59.33, 50.0, 50.0, 50.0, 50.0, 88.53, 56.72]
d: [3.5, 3.5, 4.83, 3.5, 3.5, 3.5, 3.5, 3.5, 3.5, 3.5, 3.5, 3.5, 3.5, 2.0]
BEST_hyper_parameter
v: [12.0, 8.68, 32.33, 19.77, 21.3, 27.71, 25.06, 26.41, 25.93, 20.32, 12.0, 21.86, 24.54, 28.63]
a: [158.22, 70.41, 77.95, 50.0, 123.25, 69.01, 89.32, 59.33, 50.0, 50.0, 50.0, 50.0, 88.53, 56.72]
d: [3.5, 3.5, 4.83, 3.5, 3.5, 3.5, 3.5, 3.5, 3.5, 3.5, 3.5, 3.5, 3.5, 2.0]
random_idx_1 = 0, random_idx_2 = 8
random_idx_1 = 0, random_idx_2 = 10

iteration: 77
best: [1000.0, 1000.0, 1000.0, 1000.0, 1000.0, 1000.0, 1000.0, 1000.0, 1000.0, 1000.0, 1000.0, 1000.0, 1000.0, 47.16]
time: [5.99, 8.04, 11.19, 14.12, 16.69, 20.91, 32.11, 35.32, 37.22, 39.69, 1000, 1000, 1000, 1000]
current_hyper_parameter
v: [12.0, 8.68, 32.33, 19.77, 21.3, 27.71, 25.06, 26.41, 25.29, 20.32, 20.95, 21.86, 24.54, 28.63]
a: [158.22, 70.41, 77.95, 50.0, 123.25, 69.01, 89.32, 59.33, 50.0, 50.0, 50.0, 50.0, 88.53, 56.72]
d: [3.5, 3.5, 4.83, 3.5, 3.5, 3.5, 3.5, 3.5, 3.5, 3.5, 3.5, 3.5, 3.5, 2.0]
BEST_hyper_parameter
v: [12.0, 8.68, 32.33, 19.77, 21.3, 27.71, 25.06, 26.41, 25.93, 20.32, 12.0, 21.86, 24.54, 28.63]
a: [158.22, 70.41, 77.95, 50.0, 123.25, 69.01, 89.32, 59.33, 50.0, 50.0, 50.0, 50.0, 88.53, 56.72]
d: [3.5, 3.5, 4.83, 3.5, 3.5, 3.5, 3.5, 3.5, 3.5, 3.5, 3.5, 3.5, 3.5, 2.0]
random_idx_1 = 1, random_idx_2 = 9
random_idx_1 = 2, random_idx_2 = 12

iteration: 78
best: [1000.0, 1000.0, 1000.0, 1000.0, 1000.0, 1000.0, 1000.0, 1000.0, 1000.0, 1000.0, 1000.0, 1000.0, 1000.0, 47.16]
time: [6.03, 8.1, 11.24, 14.16, 16.75, 20.97, 32.24, 35.41, 37.41, 40.22, 41.94, 44.67, 46.45, 47.92]
current_hyper_parameter
v: [12.0, 8.68, 32.33, 19.77, 21.3, 27.71, 25.06, 26.41, 25.93, 20.32, 12.0, 21.86, 24.54, 28.63]
a: [158.22, 70.41, 77.95, 50.0, 123.25, 69.01, 89.32, 59.33, 50.0, 35.74, 50.0, 50.0, 88.53, 56.72]
d: [3.5, 3.5, 4.83, 3.5, 3.5, 3.5, 3.5, 3.5, 3.5, 3.5, 3.5, 3.5, 3.5, 2.0]
BEST_hyper_parameter
v: [12.0, 8.68, 32.33, 19.77, 21.3, 27.71, 25.06, 26.41, 25.93, 20.32, 12.0, 21.86, 24.54, 28.63]
a: [158.22, 70.41, 77.95, 50.0, 123.25, 69.01, 89.32, 59.33, 50.0, 50.0, 50.0, 50.0, 88.53, 56.72]
d: [3.5, 3.5, 4.83, 3.5, 3.5, 3.5, 3.5, 3.5, 3.5, 3.5, 3.5, 3.5, 3.5, 2.0]
random_idx_1 = 2, random_idx_2 = 2
random_idx_1 = 0, random_idx_2 = 8

iteration: 79
best: [1000.0, 1000.0, 1000.0, 1000.0, 1000.0, 1000.0, 1000.0, 1000.0, 1000.0, 1000.0, 1000.0, 1000.0, 1000.0, 47.16]
time: [6.14, 8.23, 11.3, 14.16, 16.86, 21.07, 32.02, 35.46, 37.32, 39.7, 42.2, 44.95, 46.87, 48.11]
current_hyper_parameter
v: [12.0, 8.68, 32.33, 19.77, 21.3, 27.71, 25.06, 26.41, 22.38, 20.32, 12.0, 21.86, 24.54, 28.63]
a: [158.22, 70.41, 77.95, 50.0, 123.25, 69.01, 89.32, 59.33, 50.0, 50.0, 50.0, 50.0, 88.53, 56.72]
d: [3.5, 3.5, 5.62, 3.5, 3.5, 3.5, 3.5, 3.5, 3.5, 3.5, 3.5, 3.5, 3.5, 2.0]
BEST_hyper_parameter
v: [12.0, 8.68, 32.33, 19.77, 21.3, 27.71, 25.06, 26.41, 25.93, 20.32, 12.0, 21.86, 24.54, 28.63]
a: [158.22, 70.41, 77.95, 50.0, 123.25, 69.01, 89.32, 59.33, 50.0, 50.0, 50.0, 50.0, 88.53, 56.72]
d: [3.5, 3.5, 4.83, 3.5, 3.5, 3.5, 3.5, 3.5, 3.5, 3.5, 3.5, 3.5, 3.5, 2.0]
random_idx_1 = 1, random_idx_2 = 2
random_idx_1 = 0, random_idx_2 = 2

iteration: 80
best: [1000.0, 1000.0, 1000.0, 1000.0, 1000.0, 1000.0, 1000.0, 1000.0, 1000.0, 1000.0, 1000.0, 1000.0, 1000.0, 47.16]
time: [6.16, 8.26, 1000, 1000, 1000, 1000, 1000, 1000, 1000, 1000, 1000, 1000, 1000, 1000]
current_hyper_parameter
v: [12.0, 8.68, 31.85, 19.77, 21.3, 27.71, 25.06, 26.41, 25.93, 20.32, 12.0, 21.86, 24.54, 28.63]
a: [158.22, 70.41, 20.94, 50.0, 123.25, 69.01, 89.32, 59.33, 50.0, 50.0, 50.0, 50.0, 88.53, 56.72]
d: [3.5, 3.5, 4.83, 3.5, 3.5, 3.5, 3.5, 3.5, 3.5, 3.5, 3.5, 3.5, 3.5, 2.0]
BEST_hyper_parameter
v: [12.0, 8.68, 32.33, 19.77, 21.3, 27.71, 25.06, 26.41, 25.93, 20.32, 12.0, 21.86, 24.54, 28.63]
a: [158.22, 70.41, 77.95, 50.0, 123.25, 69.01, 89.32, 59.33, 50.0, 50.0, 50.0, 50.0, 88.53, 56.72]
d: [3.5, 3.5, 4.83, 3.5, 3.5, 3.5, 3.5, 3.5, 3.5, 3.5, 3.5, 3.5, 3.5, 2.0]
random_idx_1 = 1, random_idx_2 = 0
random_idx_1 = 1, random_idx_2 = 9

iteration: 81
best: [1000.0, 1000.0, 1000.0, 1000.0, 1000.0, 1000.0, 1000.0, 1000.0, 1000.0, 1000.0, 1000.0, 1000.0, 1000.0, 47.16]
time: [7.11, 9.96, 13.27, 16.16, 18.72, 22.83, 34.03, 37.41, 39.31, 42.02, 43.87, 46.73, 1000, 1000]
current_hyper_parameter
v: [12.0, 8.68, 32.33, 19.77, 21.3, 27.71, 25.06, 26.41, 25.93, 20.32, 12.0, 21.86, 24.54, 28.63]
a: [35.66, 70.41, 77.95, 50.0, 123.25, 69.01, 89.32, 59.33, 50.0, 33.43, 50.0, 50.0, 88.53, 56.72]
d: [3.5, 3.5, 4.83, 3.5, 3.5, 3.5, 3.5, 3.5, 3.5, 3.5, 3.5, 3.5, 3.5, 2.0]
BEST_hyper_parameter
v: [12.0, 8.68, 32.33, 19.77, 21.3, 27.71, 25.06, 26.41, 25.93, 20.32, 12.0, 21.86, 24.54, 28.63]
a: [158.22, 70.41, 77.95, 50.0, 123.25, 69.01, 89.32, 59.33, 50.0, 50.0, 50.0, 50.0, 88.53, 56.72]
d: [3.5, 3.5, 4.83, 3.5, 3.5, 3.5, 3.5, 3.5, 3.5, 3.5, 3.5, 3.5, 3.5, 2.0]
random_idx_1 = 0, random_idx_2 = 13
random_idx_1 = 2, random_idx_2 = 1

iteration: 82
best: [1000.0, 1000.0, 1000.0, 1000.0, 1000.0, 1000.0, 1000.0, 1000.0, 1000.0, 1000.0, 1000.0, 1000.0, 1000.0, 47.16]
time: [6.14, 8.23, 11.33, 14.11, 19.88, 27.13, 38.13, 41.37, 43.36, 45.89, 47.81, 1000, 1000, 1000]
current_hyper_parameter
v: [12.0, 8.68, 32.33, 19.77, 21.3, 27.71, 25.06, 26.41, 25.93, 20.32, 12.0, 21.86, 24.54, 25.48]
a: [158.22, 70.41, 77.95, 50.0, 123.25, 69.01, 89.32, 59.33, 50.0, 50.0, 50.0, 50.0, 88.53, 56.72]
d: [3.5, 3.5, 4.83, 3.5, 3.5, 3.5, 3.5, 3.5, 3.5, 3.5, 3.5, 3.5, 3.5, 2.0]
BEST_hyper_parameter
v: [12.0, 8.68, 32.33, 19.77, 21.3, 27.71, 25.06, 26.41, 25.93, 20.32, 12.0, 21.86, 24.54, 28.63]
a: [158.22, 70.41, 77.95, 50.0, 123.25, 69.01, 89.32, 59.33, 50.0, 50.0, 50.0, 50.0, 88.53, 56.72]
d: [3.5, 3.5, 4.83, 3.5, 3.5, 3.5, 3.5, 3.5, 3.5, 3.5, 3.5, 3.5, 3.5, 2.0]
random_idx_1 = 2, random_idx_2 = 3
random_idx_1 = 0, random_idx_2 = 5

iteration: 83
best: [1000.0, 1000.0, 1000.0, 1000.0, 1000.0, 1000.0, 1000.0, 1000.0, 1000.0, 1000.0, 1000.0, 1000.0, 1000.0, 47.16]
time: [6.01, 8.06, 11.2, 14.21, 16.92, 20.71, 31.51, 34.88, 36.8, 39.27, 41.34, 43.85, 45.97, 47.15]
current_hyper_parameter
v: [12.0, 8.68, 32.33, 19.77, 21.3, 32.31, 25.06, 26.41, 25.93, 20.32, 12.0, 21.86, 24.54, 28.63]
a: [158.22, 70.41, 77.95, 50.0, 123.25, 69.01, 89.32, 59.33, 50.0, 50.0, 50.0, 50.0, 88.53, 56.72]
d: [3.5, 3.5, 4.83, 3.5, 3.5, 3.5, 3.5, 3.5, 3.5, 3.5, 3.5, 3.5, 3.5, 2.0]
BEST_hyper_parameter
v: [12.0, 8.68, 32.33, 19.77, 21.3, 27.71, 25.06, 26.41, 25.93, 20.32, 12.0, 21.86, 24.54, 28.63]
a: [158.22, 70.41, 77.95, 50.0, 123.25, 69.01, 89.32, 59.33, 50.0, 50.0, 50.0, 50.0, 88.53, 56.72]
d: [3.5, 3.5, 4.83, 3.5, 3.5, 3.5, 3.5, 3.5, 3.5, 3.5, 3.5, 3.5, 3.5, 2.0]
random_idx_1 = 1, random_idx_2 = 13
random_idx_1 = 2, random_idx_2 = 6

iteration: 84
best: [1000.0, 1000.0, 1000.0, 1000.0, 1000.0, 1000.0, 1000.0, 1000.0, 1000.0, 1000.0, 1000.0, 1000.0, 1000.0, 47.15]
time: [6.15, 8.25, 11.36, 14.2, 16.77, 21.02, 32.17, 35.5, 37.39, 39.85, 41.75, 44.13, 45.94, 47.09]
current_hyper_parameter
v: [12.0, 8.68, 32.33, 19.77, 21.3, 32.31, 25.06, 26.41, 25.93, 20.32, 12.0, 21.86, 24.54, 28.63]
a: [158.22, 70.41, 77.95, 50.0, 123.25, 69.01, 89.32, 59.33, 50.0, 50.0, 50.0, 50.0, 88.53, 140.15]
d: [3.5, 3.5, 4.83, 3.5, 3.5, 3.5, 3.5, 3.5, 3.5, 3.5, 3.5, 3.5, 3.5, 2.0]
BEST_hyper_parameter
v: [12.0, 8.68, 32.33, 19.77, 21.3, 32.31, 25.06, 26.41, 25.93, 20.32, 12.0, 21.86, 24.54, 28.63]
a: [158.22, 70.41, 77.95, 50.0, 123.25, 69.01, 89.32, 59.33, 50.0, 50.0, 50.0, 50.0, 88.53, 56.72]
d: [3.5, 3.5, 4.83, 3.5, 3.5, 3.5, 3.5, 3.5, 3.5, 3.5, 3.5, 3.5, 3.5, 2.0]
random_idx_1 = 2, random_idx_2 = 11
random_idx_1 = 1, random_idx_2 = 12

iteration: 85
best: [1000.0, 1000.0, 1000.0, 1000.0, 1000.0, 1000.0, 1000.0, 1000.0, 1000.0, 1000.0, 1000.0, 1000.0, 1000.0, 47.09]
time: [6.17, 8.49, 11.73, 14.73, 17.39, 21.63, 32.45, 35.95, 37.81, 40.12, 44.96, 1000, 1000, 1000]
current_hyper_parameter
v: [12.0, 8.68, 32.33, 19.77, 21.3, 32.31, 25.06, 26.41, 25.93, 20.32, 12.0, 21.86, 24.54, 28.63]
a: [158.22, 70.41, 77.95, 50.0, 123.25, 69.01, 89.32, 59.33, 50.0, 50.0, 50.0, 50.0, 21.03, 140.15]
d: [3.5, 3.5, 4.83, 3.5, 3.5, 3.5, 3.5, 3.5, 3.5, 3.5, 3.5, 3.5, 3.5, 2.0]
BEST_hyper_parameter
v: [12.0, 8.68, 32.33, 19.77, 21.3, 32.31, 25.06, 26.41, 25.93, 20.32, 12.0, 21.86, 24.54, 28.63]
a: [158.22, 70.41, 77.95, 50.0, 123.25, 69.01, 89.32, 59.33, 50.0, 50.0, 50.0, 50.0, 88.53, 140.15]
d: [3.5, 3.5, 4.83, 3.5, 3.5, 3.5, 3.5, 3.5, 3.5, 3.5, 3.5, 3.5, 3.5, 2.0]
random_idx_1 = 2, random_idx_2 = 1
random_idx_1 = 0, random_idx_2 = 5

iteration: 86
best: [1000.0, 1000.0, 1000.0, 1000.0, 1000.0, 1000.0, 1000.0, 1000.0, 1000.0, 1000.0, 1000.0, 1000.0, 1000.0, 47.09]
time: [6.04, 8.09, 11.22, 14.12, 16.72, 21.33, 32.67, 35.88, 37.76, 40.23, 45.39, 1000, 1000, 1000]
current_hyper_parameter
v: [12.0, 8.68, 32.33, 19.77, 21.3, 13.09, 25.06, 26.41, 25.93, 20.32, 12.0, 21.86, 24.54, 28.63]
a: [158.22, 70.41, 77.95, 50.0, 123.25, 69.01, 89.32, 59.33, 50.0, 50.0, 50.0, 50.0, 88.53, 140.15]
d: [3.5, 3.5, 4.83, 3.5, 3.5, 3.5, 3.5, 3.5, 3.5, 3.5, 3.5, 3.5, 3.5, 2.0]
BEST_hyper_parameter
v: [12.0, 8.68, 32.33, 19.77, 21.3, 32.31, 25.06, 26.41, 25.93, 20.32, 12.0, 21.86, 24.54, 28.63]
a: [158.22, 70.41, 77.95, 50.0, 123.25, 69.01, 89.32, 59.33, 50.0, 50.0, 50.0, 50.0, 88.53, 140.15]
d: [3.5, 3.5, 4.83, 3.5, 3.5, 3.5, 3.5, 3.5, 3.5, 3.5, 3.5, 3.5, 3.5, 2.0]
random_idx_1 = 1, random_idx_2 = 6
random_idx_1 = 1, random_idx_2 = 11

iteration: 87
best: [1000.0, 1000.0, 1000.0, 1000.0, 1000.0, 1000.0, 1000.0, 1000.0, 1000.0, 1000.0, 1000.0, 1000.0, 1000.0, 47.09]
time: [6.13, 8.24, 11.3, 14.09, 19.71, 23.59, 38.02, 41.74, 43.8, 46.58, 1000, 1000, 1000, 1000]
current_hyper_parameter
v: [12.0, 8.68, 32.33, 19.77, 21.3, 32.31, 25.06, 26.41, 25.93, 20.32, 12.0, 21.86, 24.54, 28.63]
a: [158.22, 70.41, 77.95, 50.0, 123.25, 69.01, 24.71, 59.33, 50.0, 50.0, 50.0, 44.04, 88.53, 140.15]
d: [3.5, 3.5, 4.83, 3.5, 3.5, 3.5, 3.5, 3.5, 3.5, 3.5, 3.5, 3.5, 3.5, 2.0]
BEST_hyper_parameter
v: [12.0, 8.68, 32.33, 19.77, 21.3, 32.31, 25.06, 26.41, 25.93, 20.32, 12.0, 21.86, 24.54, 28.63]
a: [158.22, 70.41, 77.95, 50.0, 123.25, 69.01, 89.32, 59.33, 50.0, 50.0, 50.0, 50.0, 88.53, 140.15]
d: [3.5, 3.5, 4.83, 3.5, 3.5, 3.5, 3.5, 3.5, 3.5, 3.5, 3.5, 3.5, 3.5, 2.0]
random_idx_1 = 2, random_idx_2 = 4
random_idx_1 = 0, random_idx_2 = 11
