
iteration: 1
best: [1000.0, 1000.0, 1000.0, 1000.0, 1000.0, 1000.0, 1000.0, 1000.0, 1000.0, 1000.0, 1000.0, 1000.0, 1000.0, 61.98]
time: [6.38, 8.81, 12.8, 16.43, 19.89, 24.27, 43.3, 47.55, 49.89, 52.59, 54.69, 60.45, 1000, 1000]
current_hyper_parameter
v: [12.0, 12.0, 12.0, 12.0, 28.58, 33.72, 12.0, 12.0, 12.0, 12.0, 12.0, 12.0, 12.0, 12.0]
a: [50.0, 50.0, 103.35, 50.0, 50.0, 50.0, 50.0, 50.0, 50.0, 50.0, 41.01, 50.0, 50.0, 50.0]
d: [3.5, 3.5, 3.5, 3.5, 3.5, 3.5, 3.5, 3.5, 3.5, 3.5, 3.5, 3.5, 3.5, 2.0]
BEST_hyper_parameter
v: [12.0, 12.0, 12.0, 12.0, 28.58, 33.72, 12.0, 12.0, 12.0, 12.0, 12.0, 12.0, 12.0, 12.0]
a: [50.0, 50.0, 103.35, 50.0, 50.0, 50.0, 50.0, 50.0, 50.0, 50.0, 41.01, 50.0, 50.0, 50.0]
d: [3.5, 3.5, 3.5, 3.5, 3.5, 3.5, 3.5, 3.5, 3.5, 3.5, 3.5, 3.5, 3.5, 2.0]
random_idx_1 = 2, random_idx_2 = 10
random_idx_1 = 0, random_idx_2 = 4

iteration: 2
best: [1000.0, 1000.0, 1000.0, 1000.0, 1000.0, 1000.0, 1000.0, 1000.0, 1000.0, 1000.0, 1000.0, 1000.0, 1000.0, 61.98]
time: [6.63, 9.08, 13.03, 16.42, 19.83, 24.0, 43.18, 47.34, 49.62, 52.32, 54.46, 57.63, 60.64, 62.64]
current_hyper_parameter
v: [12.0, 12.0, 12.0, 12.0, 23.78, 33.72, 12.0, 12.0, 12.0, 12.0, 12.0, 12.0, 12.0, 12.0]
a: [50.0, 50.0, 103.35, 50.0, 50.0, 50.0, 50.0, 50.0, 50.0, 50.0, 41.01, 50.0, 50.0, 50.0]
d: [3.5, 3.5, 3.5, 3.5, 3.5, 3.5, 3.5, 3.5, 3.5, 3.5, 3.5, 3.5, 3.5, 2.0]
BEST_hyper_parameter
v: [12.0, 12.0, 12.0, 12.0, 28.58, 33.72, 12.0, 12.0, 12.0, 12.0, 12.0, 12.0, 12.0, 12.0]
a: [50.0, 50.0, 103.35, 50.0, 50.0, 50.0, 50.0, 50.0, 50.0, 50.0, 41.01, 50.0, 50.0, 50.0]
d: [3.5, 3.5, 3.5, 3.5, 3.5, 3.5, 3.5, 3.5, 3.5, 3.5, 3.5, 3.5, 3.5, 2.0]
random_idx_1 = 2, random_idx_2 = 13
random_idx_1 = 1, random_idx_2 = 12

iteration: 3
best: [1000.0, 1000.0, 1000.0, 1000.0, 1000.0, 1000.0, 1000.0, 1000.0, 1000.0, 1000.0, 1000.0, 1000.0, 1000.0, 61.98]
time: [6.52, 8.92, 12.81, 16.27, 19.68, 23.94, 42.93, 47.16, 49.55, 52.24, 54.21, 57.82, 61.19, 63.08]
current_hyper_parameter
v: [12.0, 12.0, 12.0, 12.0, 28.58, 33.72, 12.0, 12.0, 12.0, 12.0, 12.0, 12.0, 12.0, 12.0]
a: [50.0, 50.0, 103.35, 50.0, 50.0, 50.0, 50.0, 50.0, 50.0, 50.0, 41.01, 50.0, 32.98, 50.0]
d: [3.5, 3.5, 3.5, 3.5, 3.5, 3.5, 3.5, 3.5, 3.5, 3.5, 3.5, 3.5, 3.5, 2.0]
BEST_hyper_parameter
v: [12.0, 12.0, 12.0, 12.0, 28.58, 33.72, 12.0, 12.0, 12.0, 12.0, 12.0, 12.0, 12.0, 12.0]
a: [50.0, 50.0, 103.35, 50.0, 50.0, 50.0, 50.0, 50.0, 50.0, 50.0, 41.01, 50.0, 50.0, 50.0]
d: [3.5, 3.5, 3.5, 3.5, 3.5, 3.5, 3.5, 3.5, 3.5, 3.5, 3.5, 3.5, 3.5, 2.0]
random_idx_1 = 1, random_idx_2 = 5
random_idx_1 = 1, random_idx_2 = 10

iteration: 4
best: [1000.0, 1000.0, 1000.0, 1000.0, 1000.0, 1000.0, 1000.0, 1000.0, 1000.0, 1000.0, 1000.0, 1000.0, 1000.0, 61.98]
time: [6.56, 8.92, 12.84, 16.29, 19.74, 24.69, 46.34, 50.51, 52.8, 55.41, 57.38, 60.57, 63.12, 1000]
current_hyper_parameter
v: [12.0, 12.0, 12.0, 12.0, 28.58, 33.72, 12.0, 12.0, 12.0, 12.0, 12.0, 12.0, 12.0, 12.0]
a: [50.0, 50.0, 103.35, 50.0, 50.0, 35.78, 50.0, 50.0, 50.0, 50.0, 35.73, 50.0, 50.0, 50.0]
d: [3.5, 3.5, 3.5, 3.5, 3.5, 3.5, 3.5, 3.5, 3.5, 3.5, 3.5, 3.5, 3.5, 2.0]
BEST_hyper_parameter
v: [12.0, 12.0, 12.0, 12.0, 28.58, 33.72, 12.0, 12.0, 12.0, 12.0, 12.0, 12.0, 12.0, 12.0]
a: [50.0, 50.0, 103.35, 50.0, 50.0, 50.0, 50.0, 50.0, 50.0, 50.0, 41.01, 50.0, 50.0, 50.0]
d: [3.5, 3.5, 3.5, 3.5, 3.5, 3.5, 3.5, 3.5, 3.5, 3.5, 3.5, 3.5, 3.5, 2.0]
random_idx_1 = 2, random_idx_2 = 2
random_idx_1 = 1, random_idx_2 = 0

iteration: 5
best: [1000.0, 1000.0, 1000.0, 1000.0, 1000.0, 1000.0, 1000.0, 1000.0, 1000.0, 1000.0, 1000.0, 1000.0, 1000.0, 61.98]
time: [6.41, 8.72, 12.69, 16.3, 19.8, 23.95, 43.07, 47.21, 49.48, 52.24, 54.3, 57.46, 1000, 1000]
current_hyper_parameter
v: [12.0, 12.0, 12.0, 12.0, 28.58, 33.72, 12.0, 12.0, 12.0, 12.0, 12.0, 12.0, 12.0, 12.0]
a: [67.18, 50.0, 103.35, 50.0, 50.0, 50.0, 50.0, 50.0, 50.0, 50.0, 41.01, 50.0, 50.0, 50.0]
d: [3.5, 3.5, 3.98, 3.5, 3.5, 3.5, 3.5, 3.5, 3.5, 3.5, 3.5, 3.5, 3.5, 2.0]
BEST_hyper_parameter
v: [12.0, 12.0, 12.0, 12.0, 28.58, 33.72, 12.0, 12.0, 12.0, 12.0, 12.0, 12.0, 12.0, 12.0]
a: [50.0, 50.0, 103.35, 50.0, 50.0, 50.0, 50.0, 50.0, 50.0, 50.0, 41.01, 50.0, 50.0, 50.0]
d: [3.5, 3.5, 3.5, 3.5, 3.5, 3.5, 3.5, 3.5, 3.5, 3.5, 3.5, 3.5, 3.5, 2.0]
random_idx_1 = 2, random_idx_2 = 6
random_idx_1 = 1, random_idx_2 = 7

iteration: 6
best: [1000.0, 1000.0, 1000.0, 1000.0, 1000.0, 1000.0, 1000.0, 1000.0, 1000.0, 1000.0, 1000.0, 1000.0, 1000.0, 61.98]
time: [6.61, 9.04, 12.94, 16.43, 20.12, 23.87, 43.5, 47.26, 52.55, 60.11, 62.36, 1000, 1000, 1000]
current_hyper_parameter
v: [12.0, 12.0, 12.0, 12.0, 28.58, 33.72, 12.0, 12.0, 12.0, 12.0, 12.0, 12.0, 12.0, 12.0]
a: [50.0, 50.0, 103.35, 50.0, 50.0, 50.0, 50.0, 127.9, 50.0, 50.0, 41.01, 50.0, 50.0, 50.0]
d: [3.5, 3.5, 3.5, 3.5, 3.5, 3.5, 3.5, 3.5, 3.5, 3.5, 3.5, 3.5, 3.5, 2.0]
BEST_hyper_parameter
v: [12.0, 12.0, 12.0, 12.0, 28.58, 33.72, 12.0, 12.0, 12.0, 12.0, 12.0, 12.0, 12.0, 12.0]
a: [50.0, 50.0, 103.35, 50.0, 50.0, 50.0, 50.0, 50.0, 50.0, 50.0, 41.01, 50.0, 50.0, 50.0]
d: [3.5, 3.5, 3.5, 3.5, 3.5, 3.5, 3.5, 3.5, 3.5, 3.5, 3.5, 3.5, 3.5, 2.0]
random_idx_1 = 2, random_idx_2 = 8
random_idx_1 = 0, random_idx_2 = 11

iteration: 7
best: [1000.0, 1000.0, 1000.0, 1000.0, 1000.0, 1000.0, 1000.0, 1000.0, 1000.0, 1000.0, 1000.0, 1000.0, 1000.0, 61.98]
time: [6.56, 9.03, 13.07, 16.7, 20.17, 24.45, 43.34, 47.32, 49.55, 52.25, 54.49, 57.5, 60.64, 62.5]
current_hyper_parameter
v: [12.0, 12.0, 12.0, 12.0, 28.58, 33.72, 12.0, 12.0, 12.0, 12.0, 12.0, 8.96, 12.0, 12.0]
a: [50.0, 50.0, 103.35, 50.0, 50.0, 50.0, 50.0, 50.0, 50.0, 50.0, 41.01, 50.0, 50.0, 50.0]
d: [3.5, 3.5, 3.5, 3.5, 3.5, 3.5, 3.5, 3.5, 3.5, 3.5, 3.5, 3.5, 3.5, 2.0]
BEST_hyper_parameter
v: [12.0, 12.0, 12.0, 12.0, 28.58, 33.72, 12.0, 12.0, 12.0, 12.0, 12.0, 12.0, 12.0, 12.0]
a: [50.0, 50.0, 103.35, 50.0, 50.0, 50.0, 50.0, 50.0, 50.0, 50.0, 41.01, 50.0, 50.0, 50.0]
d: [3.5, 3.5, 3.5, 3.5, 3.5, 3.5, 3.5, 3.5, 3.5, 3.5, 3.5, 3.5, 3.5, 2.0]
random_idx_1 = 1, random_idx_2 = 10
random_idx_1 = 1, random_idx_2 = 0

iteration: 8
best: [1000.0, 1000.0, 1000.0, 1000.0, 1000.0, 1000.0, 1000.0, 1000.0, 1000.0, 1000.0, 1000.0, 1000.0, 1000.0, 61.98]
time: [6.04, 8.13, 12.12, 15.7, 19.17, 23.43, 42.55, 47.42, 49.71, 52.31, 54.0, 56.88, 59.69, 61.53]
current_hyper_parameter
v: [12.0, 12.0, 12.0, 12.0, 28.58, 33.72, 12.0, 12.0, 12.0, 12.0, 12.0, 12.0, 12.0, 12.0]
a: [121.73, 50.0, 103.35, 50.0, 50.0, 50.0, 50.0, 50.0, 50.0, 50.0, 141.44, 50.0, 50.0, 50.0]
d: [3.5, 3.5, 3.5, 3.5, 3.5, 3.5, 3.5, 3.5, 3.5, 3.5, 3.5, 3.5, 3.5, 2.0]
BEST_hyper_parameter
v: [12.0, 12.0, 12.0, 12.0, 28.58, 33.72, 12.0, 12.0, 12.0, 12.0, 12.0, 12.0, 12.0, 12.0]
a: [50.0, 50.0, 103.35, 50.0, 50.0, 50.0, 50.0, 50.0, 50.0, 50.0, 41.01, 50.0, 50.0, 50.0]
d: [3.5, 3.5, 3.5, 3.5, 3.5, 3.5, 3.5, 3.5, 3.5, 3.5, 3.5, 3.5, 3.5, 2.0]
random_idx_1 = 1, random_idx_2 = 5
random_idx_1 = 0, random_idx_2 = 0

iteration: 9
best: [1000.0, 1000.0, 1000.0, 1000.0, 1000.0, 1000.0, 1000.0, 1000.0, 1000.0, 1000.0, 1000.0, 1000.0, 1000.0, 61.53]
time: [5.83, 7.58, 11.34, 14.85, 21.49, 24.61, 43.98, 48.1, 50.49, 53.2, 54.99, 58.07, 60.65, 1000]
current_hyper_parameter
v: [23.41, 12.0, 12.0, 12.0, 28.58, 33.72, 12.0, 12.0, 12.0, 12.0, 12.0, 12.0, 12.0, 12.0]
a: [121.73, 50.0, 103.35, 50.0, 50.0, 73.68, 50.0, 50.0, 50.0, 50.0, 141.44, 50.0, 50.0, 50.0]
d: [3.5, 3.5, 3.5, 3.5, 3.5, 3.5, 3.5, 3.5, 3.5, 3.5, 3.5, 3.5, 3.5, 2.0]
BEST_hyper_parameter
v: [12.0, 12.0, 12.0, 12.0, 28.58, 33.72, 12.0, 12.0, 12.0, 12.0, 12.0, 12.0, 12.0, 12.0]
a: [121.73, 50.0, 103.35, 50.0, 50.0, 50.0, 50.0, 50.0, 50.0, 50.0, 141.44, 50.0, 50.0, 50.0]
d: [3.5, 3.5, 3.5, 3.5, 3.5, 3.5, 3.5, 3.5, 3.5, 3.5, 3.5, 3.5, 3.5, 2.0]
random_idx_1 = 2, random_idx_2 = 9
random_idx_1 = 0, random_idx_2 = 6

iteration: 10
best: [1000.0, 1000.0, 1000.0, 1000.0, 1000.0, 1000.0, 1000.0, 1000.0, 1000.0, 1000.0, 1000.0, 1000.0, 1000.0, 61.53]
time: [6.17, 8.29, 12.25, 15.78, 19.22, 23.49, 35.6, 39.61, 41.93, 44.57, 46.06, 48.99, 51.97, 53.76]
current_hyper_parameter
v: [12.0, 12.0, 12.0, 12.0, 28.58, 33.72, 29.91, 12.0, 12.0, 12.0, 12.0, 12.0, 12.0, 12.0]
a: [121.73, 50.0, 103.35, 50.0, 50.0, 50.0, 50.0, 50.0, 50.0, 50.0, 141.44, 50.0, 50.0, 50.0]
d: [3.5, 3.5, 3.5, 3.5, 3.5, 3.5, 3.5, 3.5, 3.5, 3.5, 3.5, 3.5, 3.5, 2.0]
BEST_hyper_parameter
v: [12.0, 12.0, 12.0, 12.0, 28.58, 33.72, 12.0, 12.0, 12.0, 12.0, 12.0, 12.0, 12.0, 12.0]
a: [121.73, 50.0, 103.35, 50.0, 50.0, 50.0, 50.0, 50.0, 50.0, 50.0, 141.44, 50.0, 50.0, 50.0]
d: [3.5, 3.5, 3.5, 3.5, 3.5, 3.5, 3.5, 3.5, 3.5, 3.5, 3.5, 3.5, 3.5, 2.0]
random_idx_1 = 0, random_idx_2 = 6
random_idx_1 = 0, random_idx_2 = 13

iteration: 11
best: [1000.0, 1000.0, 1000.0, 1000.0, 1000.0, 1000.0, 1000.0, 1000.0, 1000.0, 1000.0, 1000.0, 1000.0, 1000.0, 53.76]
time: [6.08, 8.17, 12.19, 15.78, 19.29, 23.55, 35.46, 40.24, 42.5, 45.48, 46.95, 49.92, 52.71, 54.32]
current_hyper_parameter
v: [12.0, 12.0, 12.0, 12.0, 28.58, 33.72, 34.86, 12.0, 12.0, 12.0, 12.0, 12.0, 12.0, 31.4]
a: [121.73, 50.0, 103.35, 50.0, 50.0, 50.0, 50.0, 50.0, 50.0, 50.0, 141.44, 50.0, 50.0, 50.0]
d: [3.5, 3.5, 3.5, 3.5, 3.5, 3.5, 3.5, 3.5, 3.5, 3.5, 3.5, 3.5, 3.5, 2.0]
BEST_hyper_parameter
v: [12.0, 12.0, 12.0, 12.0, 28.58, 33.72, 29.91, 12.0, 12.0, 12.0, 12.0, 12.0, 12.0, 12.0]
a: [121.73, 50.0, 103.35, 50.0, 50.0, 50.0, 50.0, 50.0, 50.0, 50.0, 141.44, 50.0, 50.0, 50.0]
d: [3.5, 3.5, 3.5, 3.5, 3.5, 3.5, 3.5, 3.5, 3.5, 3.5, 3.5, 3.5, 3.5, 2.0]
random_idx_1 = 2, random_idx_2 = 2
random_idx_1 = 2, random_idx_2 = 7

iteration: 12
best: [1000.0, 1000.0, 1000.0, 1000.0, 1000.0, 1000.0, 1000.0, 1000.0, 1000.0, 1000.0, 1000.0, 1000.0, 1000.0, 53.76]
time: [6.17, 8.27, 12.23, 15.76, 19.24, 23.45, 35.59, 39.7, 41.93, 44.51, 49.03, 51.93, 1000, 1000]
current_hyper_parameter
v: [12.0, 12.0, 12.0, 12.0, 28.58, 33.72, 29.91, 12.0, 12.0, 12.0, 12.0, 12.0, 12.0, 12.0]
a: [121.73, 50.0, 103.35, 50.0, 50.0, 50.0, 50.0, 50.0, 50.0, 50.0, 141.44, 50.0, 50.0, 50.0]
d: [3.5, 3.5, 4.24, 3.5, 3.5, 3.5, 3.5, 3.5, 3.5, 3.5, 3.5, 3.5, 3.5, 2.0]
BEST_hyper_parameter
v: [12.0, 12.0, 12.0, 12.0, 28.58, 33.72, 29.91, 12.0, 12.0, 12.0, 12.0, 12.0, 12.0, 12.0]
a: [121.73, 50.0, 103.35, 50.0, 50.0, 50.0, 50.0, 50.0, 50.0, 50.0, 141.44, 50.0, 50.0, 50.0]
d: [3.5, 3.5, 3.5, 3.5, 3.5, 3.5, 3.5, 3.5, 3.5, 3.5, 3.5, 3.5, 3.5, 2.0]
random_idx_1 = 2, random_idx_2 = 5
random_idx_1 = 2, random_idx_2 = 4

iteration: 13
best: [1000.0, 1000.0, 1000.0, 1000.0, 1000.0, 1000.0, 1000.0, 1000.0, 1000.0, 1000.0, 1000.0, 1000.0, 1000.0, 53.76]
time: [6.2, 8.3, 12.22, 15.9, 22.62, 26.43, 38.47, 43.36, 45.54, 48.28, 50.15, 52.7, 1000, 1000]
current_hyper_parameter
v: [12.0, 12.0, 12.0, 12.0, 28.58, 33.72, 29.91, 12.0, 12.0, 12.0, 12.0, 12.0, 12.0, 12.0]
a: [121.73, 50.0, 103.35, 50.0, 50.0, 50.0, 50.0, 50.0, 50.0, 50.0, 141.44, 50.0, 50.0, 50.0]
d: [3.5, 3.5, 3.5, 3.5, 3.5, 3.5, 3.5, 3.5, 3.5, 3.5, 3.5, 3.5, 3.5, 2.0]
BEST_hyper_parameter
v: [12.0, 12.0, 12.0, 12.0, 28.58, 33.72, 29.91, 12.0, 12.0, 12.0, 12.0, 12.0, 12.0, 12.0]
a: [121.73, 50.0, 103.35, 50.0, 50.0, 50.0, 50.0, 50.0, 50.0, 50.0, 141.44, 50.0, 50.0, 50.0]
d: [3.5, 3.5, 3.5, 3.5, 3.5, 3.5, 3.5, 3.5, 3.5, 3.5, 3.5, 3.5, 3.5, 2.0]
random_idx_1 = 1, random_idx_2 = 2
random_idx_1 = 2, random_idx_2 = 0

iteration: 14
best: [1000.0, 1000.0, 1000.0, 1000.0, 1000.0, 1000.0, 1000.0, 1000.0, 1000.0, 1000.0, 1000.0, 1000.0, 1000.0, 53.76]
time: [6.08, 8.11, 12.0, 15.74, 19.21, 23.52, 35.55, 39.44, 41.66, 44.35, 46.0, 48.95, 54.83, 1000]
current_hyper_parameter
v: [12.0, 12.0, 12.0, 12.0, 28.58, 33.72, 29.91, 12.0, 12.0, 12.0, 12.0, 12.0, 12.0, 12.0]
a: [121.73, 50.0, 138.01, 50.0, 50.0, 50.0, 50.0, 50.0, 50.0, 50.0, 141.44, 50.0, 50.0, 50.0]
d: [3.5, 3.5, 3.5, 3.5, 3.5, 3.5, 3.5, 3.5, 3.5, 3.5, 3.5, 3.5, 3.5, 2.0]
BEST_hyper_parameter
v: [12.0, 12.0, 12.0, 12.0, 28.58, 33.72, 29.91, 12.0, 12.0, 12.0, 12.0, 12.0, 12.0, 12.0]
a: [121.73, 50.0, 103.35, 50.0, 50.0, 50.0, 50.0, 50.0, 50.0, 50.0, 141.44, 50.0, 50.0, 50.0]
d: [3.5, 3.5, 3.5, 3.5, 3.5, 3.5, 3.5, 3.5, 3.5, 3.5, 3.5, 3.5, 3.5, 2.0]
random_idx_1 = 2, random_idx_2 = 0
random_idx_1 = 1, random_idx_2 = 13

iteration: 15
best: [1000.0, 1000.0, 1000.0, 1000.0, 1000.0, 1000.0, 1000.0, 1000.0, 1000.0, 1000.0, 1000.0, 1000.0, 1000.0, 53.76]
time: [6.19, 8.29, 12.22, 15.9, 22.61, 27.27, 39.26, 43.17, 45.39, 47.95, 49.62, 52.46, 1000, 1000]
current_hyper_parameter
v: [12.0, 12.0, 12.0, 12.0, 28.58, 33.72, 29.91, 12.0, 12.0, 12.0, 12.0, 12.0, 12.0, 12.0]
a: [121.73, 50.0, 103.35, 50.0, 50.0, 50.0, 50.0, 50.0, 50.0, 50.0, 141.44, 50.0, 50.0, 141.89]
d: [3.5, 3.5, 3.5, 3.5, 3.5, 3.5, 3.5, 3.5, 3.5, 3.5, 3.5, 3.5, 3.5, 2.0]
BEST_hyper_parameter
v: [12.0, 12.0, 12.0, 12.0, 28.58, 33.72, 29.91, 12.0, 12.0, 12.0, 12.0, 12.0, 12.0, 12.0]
a: [121.73, 50.0, 103.35, 50.0, 50.0, 50.0, 50.0, 50.0, 50.0, 50.0, 141.44, 50.0, 50.0, 50.0]
d: [3.5, 3.5, 3.5, 3.5, 3.5, 3.5, 3.5, 3.5, 3.5, 3.5, 3.5, 3.5, 3.5, 2.0]
random_idx_1 = 0, random_idx_2 = 5
random_idx_1 = 2, random_idx_2 = 3

iteration: 16
best: [1000.0, 1000.0, 1000.0, 1000.0, 1000.0, 1000.0, 1000.0, 1000.0, 1000.0, 1000.0, 1000.0, 1000.0, 1000.0, 53.76]
time: [6.17, 8.27, 12.18, 15.66, 19.11, 23.61, 36.0, 39.76, 41.93, 44.64, 46.32, 49.29, 1000, 1000]
current_hyper_parameter
v: [12.0, 12.0, 12.0, 12.0, 28.58, 10.7, 29.91, 12.0, 12.0, 12.0, 12.0, 12.0, 12.0, 12.0]
a: [121.73, 50.0, 103.35, 50.0, 50.0, 50.0, 50.0, 50.0, 50.0, 50.0, 141.44, 50.0, 50.0, 50.0]
d: [3.5, 3.5, 3.5, 3.5, 3.5, 3.5, 3.5, 3.5, 3.5, 3.5, 3.5, 3.5, 3.5, 2.0]
BEST_hyper_parameter
v: [12.0, 12.0, 12.0, 12.0, 28.58, 33.72, 29.91, 12.0, 12.0, 12.0, 12.0, 12.0, 12.0, 12.0]
a: [121.73, 50.0, 103.35, 50.0, 50.0, 50.0, 50.0, 50.0, 50.0, 50.0, 141.44, 50.0, 50.0, 50.0]
d: [3.5, 3.5, 3.5, 3.5, 3.5, 3.5, 3.5, 3.5, 3.5, 3.5, 3.5, 3.5, 3.5, 2.0]
random_idx_1 = 2, random_idx_2 = 12
random_idx_1 = 0, random_idx_2 = 9

iteration: 17
best: [1000.0, 1000.0, 1000.0, 1000.0, 1000.0, 1000.0, 1000.0, 1000.0, 1000.0, 1000.0, 1000.0, 1000.0, 1000.0, 53.76]
time: [6.17, 8.28, 12.2, 15.8, 22.34, 26.71, 38.77, 43.45, 45.64, 48.13, 49.85, 52.77, 1000, 1000]
current_hyper_parameter
v: [12.0, 12.0, 12.0, 12.0, 28.58, 33.72, 29.91, 12.0, 12.0, 15.09, 12.0, 12.0, 12.0, 12.0]
a: [121.73, 50.0, 103.35, 50.0, 50.0, 50.0, 50.0, 50.0, 50.0, 50.0, 141.44, 50.0, 50.0, 50.0]
d: [3.5, 3.5, 3.5, 3.5, 3.5, 3.5, 3.5, 3.5, 3.5, 3.5, 3.5, 3.5, 3.5, 2.0]
BEST_hyper_parameter
v: [12.0, 12.0, 12.0, 12.0, 28.58, 33.72, 29.91, 12.0, 12.0, 12.0, 12.0, 12.0, 12.0, 12.0]
a: [121.73, 50.0, 103.35, 50.0, 50.0, 50.0, 50.0, 50.0, 50.0, 50.0, 141.44, 50.0, 50.0, 50.0]
d: [3.5, 3.5, 3.5, 3.5, 3.5, 3.5, 3.5, 3.5, 3.5, 3.5, 3.5, 3.5, 3.5, 2.0]
random_idx_1 = 2, random_idx_2 = 11
random_idx_1 = 1, random_idx_2 = 7

iteration: 18
best: [1000.0, 1000.0, 1000.0, 1000.0, 1000.0, 1000.0, 1000.0, 1000.0, 1000.0, 1000.0, 1000.0, 1000.0, 1000.0, 53.76]
time: [6.14, 8.25, 12.13, 15.62, 19.05, 23.3, 35.24, 39.0, 41.14, 43.91, 48.51, 1000, 1000, 1000]
current_hyper_parameter
v: [12.0, 12.0, 12.0, 12.0, 28.58, 33.72, 29.91, 12.0, 12.0, 12.0, 12.0, 12.0, 12.0, 12.0]
a: [121.73, 50.0, 103.35, 50.0, 50.0, 50.0, 50.0, 105.92, 50.0, 50.0, 141.44, 50.0, 50.0, 50.0]
d: [3.5, 3.5, 3.5, 3.5, 3.5, 3.5, 3.5, 3.5, 3.5, 3.5, 3.5, 3.5, 3.5, 2.0]
BEST_hyper_parameter
v: [12.0, 12.0, 12.0, 12.0, 28.58, 33.72, 29.91, 12.0, 12.0, 12.0, 12.0, 12.0, 12.0, 12.0]
a: [121.73, 50.0, 103.35, 50.0, 50.0, 50.0, 50.0, 50.0, 50.0, 50.0, 141.44, 50.0, 50.0, 50.0]
d: [3.5, 3.5, 3.5, 3.5, 3.5, 3.5, 3.5, 3.5, 3.5, 3.5, 3.5, 3.5, 3.5, 2.0]
random_idx_1 = 0, random_idx_2 = 2
random_idx_1 = 2, random_idx_2 = 13
