
iteration: 1
best: [1000.0, 1000.0, 1000.0, 1000.0, 1000.0, 1000.0, 1000.0, 1000.0, 1000.0, 1000.0, 1000.0, 1000.0, 1000.0, 48.59]
time: [6.01, 7.88, 10.82, 13.89, 16.49, 21.26, 32.81, 36.9, 38.82, 41.38, 46.31, 49.21, 1000, 1000]
current_hyper_parameter
v: [12.0, 12.0, 32.33, 19.77, 21.3, 19.81, 25.06, 26.41, 25.93, 12.0, 12.0, 21.86, 24.54, 28.63]
a: [158.22, 143.69, 77.95, 50.0, 123.25, 50.0, 89.32, 59.33, 50.0, 50.0, 50.0, 50.0, 88.53, 50.0]
d: [3.5, 3.5, 4.83, 3.5, 3.5, 3.5, 3.5, 3.5, 3.5, 3.5, 3.5, 3.5, 3.5, 2.0]
BEST_hyper_parameter
v: [12.0, 12.0, 32.33, 19.77, 21.3, 19.81, 25.06, 26.41, 25.93, 12.0, 12.0, 21.86, 24.54, 28.63]
a: [158.22, 143.69, 77.95, 50.0, 123.25, 50.0, 89.32, 59.33, 50.0, 50.0, 50.0, 50.0, 88.53, 50.0]
d: [3.5, 3.5, 4.83, 3.5, 3.5, 3.5, 3.5, 3.5, 3.5, 3.5, 3.5, 3.5, 3.5, 2.0]
random_idx_1 = 1, random_idx_2 = 11random_idx_1 = 0, random_idx_2 = 0
iteration: 2
best: [1000.0, 1000.0, 1000.0, 1000.0, 1000.0, 1000.0, 1000.0, 1000.0, 1000.0, 1000.0, 1000.0, 1000.0, 1000.0, 48.59]
time: [5.82, 7.46, 10.4, 13.68, 16.27, 21.06, 32.71, 36.08, 37.97, 40.67, 45.59, 1000, 1000, 1000]
current_hyper_parameter
v: [17.76, 12.0, 32.33, 19.77, 21.3, 19.81, 25.06, 26.41, 25.93, 12.0, 12.0, 21.86, 24.54, 28.63]
a: [158.22, 143.69, 77.95, 50.0, 123.25, 50.0, 89.32, 59.33, 50.0, 50.0, 50.0, 75.5, 88.53, 50.0]
d: [3.5, 3.5, 4.83, 3.5, 3.5, 3.5, 3.5, 3.5, 3.5, 3.5, 3.5, 3.5, 3.5, 2.0]
BEST_hyper_parameter
v: [12.0, 12.0, 32.33, 19.77, 21.3, 19.81, 25.06, 26.41, 25.93, 12.0, 12.0, 21.86, 24.54, 28.63]
a: [158.22, 143.69, 77.95, 50.0, 123.25, 50.0, 89.32, 59.33, 50.0, 50.0, 50.0, 50.0, 88.53, 50.0]
d: [3.5, 3.5, 4.83, 3.5, 3.5, 3.5, 3.5, 3.5, 3.5, 3.5, 3.5, 3.5, 3.5, 2.0]
random_idx_1 = 0, random_idx_2 = 9random_idx_1 = 1, random_idx_2 = 0
iteration: 3
best: [1000.0, 1000.0, 1000.0, 1000.0, 1000.0, 1000.0, 1000.0, 1000.0, 1000.0, 1000.0, 1000.0, 1000.0, 1000.0, 48.59]
time: [6.09, 7.99, 11.0, 14.19, 16.8, 21.6, 33.42, 36.62, 38.52, 41.03, 46.23, 1000, 1000, 1000]
current_hyper_parameter
v: [12.0, 12.0, 32.33, 19.77, 21.3, 19.81, 25.06, 26.41, 25.93, 25.39, 12.0, 21.86, 24.54, 28.63]
a: [122.73, 143.69, 77.95, 50.0, 123.25, 50.0, 89.32, 59.33, 50.0, 50.0, 50.0, 50.0, 88.53, 50.0]
d: [3.5, 3.5, 4.83, 3.5, 3.5, 3.5, 3.5, 3.5, 3.5, 3.5, 3.5, 3.5, 3.5, 2.0]
BEST_hyper_parameter
v: [12.0, 12.0, 32.33, 19.77, 21.3, 19.81, 25.06, 26.41, 25.93, 12.0, 12.0, 21.86, 24.54, 28.63]
a: [158.22, 143.69, 77.95, 50.0, 123.25, 50.0, 89.32, 59.33, 50.0, 50.0, 50.0, 50.0, 88.53, 50.0]
d: [3.5, 3.5, 4.83, 3.5, 3.5, 3.5, 3.5, 3.5, 3.5, 3.5, 3.5, 3.5, 3.5, 2.0]
random_idx_1 = 2, random_idx_2 = 11random_idx_1 = 2, random_idx_2 = 6
iteration: 4
best: [1000.0, 1000.0, 1000.0, 1000.0, 1000.0, 1000.0, 1000.0, 1000.0, 1000.0, 1000.0, 1000.0, 1000.0, 1000.0, 48.59]
time: [6.03, 7.87, 10.9, 13.91, 16.6, 21.1, 32.73, 36.23, 38.09, 40.72, 51.96, 1000, 1000, 1000]
current_hyper_parameter
v: [12.0, 12.0, 32.33, 19.77, 21.3, 19.81, 25.06, 26.41, 25.93, 12.0, 12.0, 21.86, 24.54, 28.63]
a: [158.22, 143.69, 77.95, 50.0, 123.25, 50.0, 89.32, 59.33, 50.0, 50.0, 50.0, 50.0, 88.53, 50.0]
d: [3.5, 3.5, 4.83, 3.5, 3.5, 3.5, 3.5, 3.5, 3.5, 3.5, 3.5, 3.5, 3.5, 2.0]
BEST_hyper_parameter
v: [12.0, 12.0, 32.33, 19.77, 21.3, 19.81, 25.06, 26.41, 25.93, 12.0, 12.0, 21.86, 24.54, 28.63]
a: [158.22, 143.69, 77.95, 50.0, 123.25, 50.0, 89.32, 59.33, 50.0, 50.0, 50.0, 50.0, 88.53, 50.0]
d: [3.5, 3.5, 4.83, 3.5, 3.5, 3.5, 3.5, 3.5, 3.5, 3.5, 3.5, 3.5, 3.5, 2.0]
random_idx_1 = 0, random_idx_2 = 3random_idx_1 = 0, random_idx_2 = 13
iteration: 5
best: [1000.0, 1000.0, 1000.0, 1000.0, 1000.0, 1000.0, 1000.0, 1000.0, 1000.0, 1000.0, 1000.0, 1000.0, 1000.0, 48.59]
time: [6.13, 7.98, 11.0, 14.3, 16.86, 21.69, 33.35, 36.63, 38.36, 41.06, 46.99, 1000, 1000, 1000]
current_hyper_parameter
v: [12.0, 12.0, 32.33, 14.24, 21.3, 19.81, 25.06, 26.41, 25.93, 12.0, 12.0, 21.86, 24.54, 34.31]
a: [158.22, 143.69, 77.95, 50.0, 123.25, 50.0, 89.32, 59.33, 50.0, 50.0, 50.0, 50.0, 88.53, 50.0]
d: [3.5, 3.5, 4.83, 3.5, 3.5, 3.5, 3.5, 3.5, 3.5, 3.5, 3.5, 3.5, 3.5, 2.0]
BEST_hyper_parameter
v: [12.0, 12.0, 32.33, 19.77, 21.3, 19.81, 25.06, 26.41, 25.93, 12.0, 12.0, 21.86, 24.54, 28.63]
a: [158.22, 143.69, 77.95, 50.0, 123.25, 50.0, 89.32, 59.33, 50.0, 50.0, 50.0, 50.0, 88.53, 50.0]
d: [3.5, 3.5, 4.83, 3.5, 3.5, 3.5, 3.5, 3.5, 3.5, 3.5, 3.5, 3.5, 3.5, 2.0]
random_idx_1 = 1, random_idx_2 = 5random_idx_1 = 1, random_idx_2 = 12
iteration: 6
best: [1000.0, 1000.0, 1000.0, 1000.0, 1000.0, 1000.0, 1000.0, 1000.0, 1000.0, 1000.0, 1000.0, 1000.0, 1000.0, 48.59]
time: [6.02, 7.86, 10.87, 13.84, 16.51, 19.91, 30.91, 34.09, 35.95, 38.61, 40.21, 43.0, 44.72, 1000]
current_hyper_parameter
v: [12.0, 12.0, 32.33, 19.77, 21.3, 19.81, 25.06, 26.41, 25.93, 12.0, 12.0, 21.86, 24.54, 28.63]
a: [158.22, 143.69, 77.95, 50.0, 123.25, 154.76, 89.32, 59.33, 50.0, 50.0, 50.0, 50.0, 94.9, 50.0]
d: [3.5, 3.5, 4.83, 3.5, 3.5, 3.5, 3.5, 3.5, 3.5, 3.5, 3.5, 3.5, 3.5, 2.0]
BEST_hyper_parameter
v: [12.0, 12.0, 32.33, 19.77, 21.3, 19.81, 25.06, 26.41, 25.93, 12.0, 12.0, 21.86, 24.54, 28.63]
a: [158.22, 143.69, 77.95, 50.0, 123.25, 50.0, 89.32, 59.33, 50.0, 50.0, 50.0, 50.0, 88.53, 50.0]
d: [3.5, 3.5, 4.83, 3.5, 3.5, 3.5, 3.5, 3.5, 3.5, 3.5, 3.5, 3.5, 3.5, 2.0]
random_idx_1 = 0, random_idx_2 = 3random_idx_1 = 1, random_idx_2 = 4
iteration: 7
best: [1000.0, 1000.0, 1000.0, 1000.0, 1000.0, 1000.0, 1000.0, 1000.0, 1000.0, 1000.0, 1000.0, 1000.0, 1000.0, 48.59]
time: [6.09, 7.95, 10.96, 14.4, 17.0, 21.65, 33.43, 36.58, 38.44, 41.21, 43.09, 46.04, 48.09, 49.68]
current_hyper_parameter
v: [12.0, 12.0, 32.33, 15.23, 21.3, 19.81, 25.06, 26.41, 25.93, 12.0, 12.0, 21.86, 24.54, 28.63]
a: [158.22, 143.69, 77.95, 50.0, 146.99, 50.0, 89.32, 59.33, 50.0, 50.0, 50.0, 50.0, 88.53, 50.0]
d: [3.5, 3.5, 4.83, 3.5, 3.5, 3.5, 3.5, 3.5, 3.5, 3.5, 3.5, 3.5, 3.5, 2.0]
BEST_hyper_parameter
v: [12.0, 12.0, 32.33, 19.77, 21.3, 19.81, 25.06, 26.41, 25.93, 12.0, 12.0, 21.86, 24.54, 28.63]
a: [158.22, 143.69, 77.95, 50.0, 123.25, 50.0, 89.32, 59.33, 50.0, 50.0, 50.0, 50.0, 88.53, 50.0]
d: [3.5, 3.5, 4.83, 3.5, 3.5, 3.5, 3.5, 3.5, 3.5, 3.5, 3.5, 3.5, 3.5, 2.0]
random_idx_1 = 2, random_idx_2 = 12random_idx_1 = 1, random_idx_2 = 4
iteration: 8
best: [1000.0, 1000.0, 1000.0, 1000.0, 1000.0, 1000.0, 1000.0, 1000.0, 1000.0, 1000.0, 1000.0, 1000.0, 1000.0, 48.59]
time: [6.11, 7.98, 10.99, 14.16, 19.77, 24.62, 36.4, 39.56, 41.38, 44.16, 46.31, 48.81, 50.52, 1000]
current_hyper_parameter
v: [12.0, 12.0, 32.33, 19.77, 21.3, 19.81, 25.06, 26.41, 25.93, 12.0, 12.0, 21.86, 24.54, 28.63]
a: [158.22, 143.69, 77.95, 50.0, 151.08, 50.0, 89.32, 59.33, 50.0, 50.0, 50.0, 50.0, 88.53, 50.0]
d: [3.5, 3.5, 4.83, 3.5, 3.5, 3.5, 3.5, 3.5, 3.5, 3.5, 3.5, 3.5, 3.5, 2.0]
BEST_hyper_parameter
v: [12.0, 12.0, 32.33, 19.77, 21.3, 19.81, 25.06, 26.41, 25.93, 12.0, 12.0, 21.86, 24.54, 28.63]
a: [158.22, 143.69, 77.95, 50.0, 123.25, 50.0, 89.32, 59.33, 50.0, 50.0, 50.0, 50.0, 88.53, 50.0]
d: [3.5, 3.5, 4.83, 3.5, 3.5, 3.5, 3.5, 3.5, 3.5, 3.5, 3.5, 3.5, 3.5, 2.0]
random_idx_1 = 2, random_idx_2 = 2random_idx_1 = 0, random_idx_2 = 5
iteration: 9
best: [1000.0, 1000.0, 1000.0, 1000.0, 1000.0, 1000.0, 1000.0, 1000.0, 1000.0, 1000.0, 1000.0, 1000.0, 1000.0, 48.59]
time: [6.05, 7.86, 10.93, 13.84, 16.59, 21.1, 32.76, 36.22, 38.09, 40.77, 46.44, 49.37, 1000, 1000]
current_hyper_parameter
v: [12.0, 12.0, 32.33, 19.77, 21.3, 23.06, 25.06, 26.41, 25.93, 12.0, 12.0, 21.86, 24.54, 28.63]
a: [158.22, 143.69, 77.95, 50.0, 123.25, 50.0, 89.32, 59.33, 50.0, 50.0, 50.0, 50.0, 88.53, 50.0]
d: [3.5, 3.5, 5.39, 3.5, 3.5, 3.5, 3.5, 3.5, 3.5, 3.5, 3.5, 3.5, 3.5, 2.0]
BEST_hyper_parameter
v: [12.0, 12.0, 32.33, 19.77, 21.3, 19.81, 25.06, 26.41, 25.93, 12.0, 12.0, 21.86, 24.54, 28.63]
a: [158.22, 143.69, 77.95, 50.0, 123.25, 50.0, 89.32, 59.33, 50.0, 50.0, 50.0, 50.0, 88.53, 50.0]
d: [3.5, 3.5, 4.83, 3.5, 3.5, 3.5, 3.5, 3.5, 3.5, 3.5, 3.5, 3.5, 3.5, 2.0]
random_idx_1 = 1, random_idx_2 = 3random_idx_1 = 1, random_idx_2 = 1
iteration: 10
best: [1000.0, 1000.0, 1000.0, 1000.0, 1000.0, 1000.0, 1000.0, 1000.0, 1000.0, 1000.0, 1000.0, 1000.0, 1000.0, 48.59]
time: [6.12, 8.2, 11.29, 14.0, 19.87, 1000, 1000, 1000, 1000, 1000, 1000, 1000, 1000, 1000]
current_hyper_parameter
v: [12.0, 12.0, 32.33, 19.77, 21.3, 19.81, 25.06, 26.41, 25.93, 12.0, 12.0, 21.86, 24.54, 28.63]
a: [158.22, 45.68, 77.95, 67.72, 123.25, 50.0, 89.32, 59.33, 50.0, 50.0, 50.0, 50.0, 88.53, 50.0]
d: [3.5, 3.5, 4.83, 3.5, 3.5, 3.5, 3.5, 3.5, 3.5, 3.5, 3.5, 3.5, 3.5, 2.0]
BEST_hyper_parameter
v: [12.0, 12.0, 32.33, 19.77, 21.3, 19.81, 25.06, 26.41, 25.93, 12.0, 12.0, 21.86, 24.54, 28.63]
a: [158.22, 143.69, 77.95, 50.0, 123.25, 50.0, 89.32, 59.33, 50.0, 50.0, 50.0, 50.0, 88.53, 50.0]
d: [3.5, 3.5, 4.83, 3.5, 3.5, 3.5, 3.5, 3.5, 3.5, 3.5, 3.5, 3.5, 3.5, 2.0]
random_idx_1 = 2, random_idx_2 = 3random_idx_1 = 1, random_idx_2 = 9
iteration: 11
best: [1000.0, 1000.0, 1000.0, 1000.0, 1000.0, 1000.0, 1000.0, 1000.0, 1000.0, 1000.0, 1000.0, 1000.0, 1000.0, 48.59]
time: [6.12, 7.95, 10.96, 14.17, 16.78, 21.54, 33.11, 36.74, 38.46, 40.76, 45.53, 1000, 1000, 1000]
current_hyper_parameter
v: [12.0, 12.0, 32.33, 19.77, 21.3, 19.81, 25.06, 26.41, 25.93, 12.0, 12.0, 21.86, 24.54, 28.63]
a: [158.22, 143.69, 77.95, 50.0, 123.25, 50.0, 89.32, 59.33, 50.0, 129.07, 50.0, 50.0, 88.53, 50.0]
d: [3.5, 3.5, 4.83, 3.5, 3.5, 3.5, 3.5, 3.5, 3.5, 3.5, 3.5, 3.5, 3.5, 2.0]
BEST_hyper_parameter
v: [12.0, 12.0, 32.33, 19.77, 21.3, 19.81, 25.06, 26.41, 25.93, 12.0, 12.0, 21.86, 24.54, 28.63]
a: [158.22, 143.69, 77.95, 50.0, 123.25, 50.0, 89.32, 59.33, 50.0, 50.0, 50.0, 50.0, 88.53, 50.0]
d: [3.5, 3.5, 4.83, 3.5, 3.5, 3.5, 3.5, 3.5, 3.5, 3.5, 3.5, 3.5, 3.5, 2.0]
random_idx_1 = 0, random_idx_2 = 7random_idx_1 = 2, random_idx_2 = 4