
iteration: 1
best: [1000.0, 1000.0, 1000.0, 1000.0, 1000.0, 1000.0, 1000.0, 1000.0, 1000.0, 1000.0, 1000.0, 1000.0, 1000.0, 50.71]
time: [5.88, 7.81, 11.86, 17.44, 25.91, 28.64, 44.75, 48.66, 50.6, 1000, 1000, 1000, 1000, 1000]
current_hyper_parameter
v: [21.43, 12.0, 11.95, 29.06, 17.3, 30.02, 12.0, 12.0, 12.0, 12.0, 12.0, 34.65, 22.79, 12.0]
a: [88.42, 61.69, 50.0, 139.41, 46.57, 147.83, 50.0, 69.91, 139.36, 50.0, 50.0, 105.78, 50.0, 50.0]
d: [3.5, 3.5, 3.7, 3.5, 3.5, 3.5, 3.5, 3.5, 3.5, 3.5, 3.5, 3.5, 3.5, 2.0]
BEST_hyper_parameter
v: [21.43, 12.0, 11.95, 29.06, 17.3, 30.02, 12.0, 12.0, 12.0, 12.0, 12.0, 34.65, 22.79, 12.0]
a: [88.42, 61.69, 50.0, 139.41, 46.57, 147.83, 50.0, 69.91, 139.36, 50.0, 50.0, 105.78, 50.0, 50.0]
d: [3.5, 3.5, 3.7, 3.5, 3.5, 3.5, 3.5, 3.5, 3.5, 3.5, 3.5, 3.5, 3.5, 2.0]
random_idx_1 = 1, random_idx_2 = 0
random_idx_1 = 1, random_idx_2 = 2

iteration: 2
best: [1000.0, 1000.0, 1000.0, 1000.0, 1000.0, 1000.0, 1000.0, 1000.0, 1000.0, 1000.0, 1000.0, 1000.0, 1000.0, 50.71]
time: [6.13, 8.2, 12.04, 14.35, 17.59, 20.31, 37.87, 41.78, 43.7, 46.08, 48.07, 49.74, 1000, 1000]
current_hyper_parameter
v: [21.43, 12.0, 11.95, 29.06, 17.3, 30.02, 12.0, 12.0, 12.0, 12.0, 12.0, 34.65, 22.79, 12.0]
a: [64.57, 61.69, 89.57, 139.41, 46.57, 147.83, 50.0, 69.91, 139.36, 50.0, 50.0, 105.78, 50.0, 50.0]
d: [3.5, 3.5, 3.7, 3.5, 3.5, 3.5, 3.5, 3.5, 3.5, 3.5, 3.5, 3.5, 3.5, 2.0]
BEST_hyper_parameter
v: [21.43, 12.0, 11.95, 29.06, 17.3, 30.02, 12.0, 12.0, 12.0, 12.0, 12.0, 34.65, 22.79, 12.0]
a: [88.42, 61.69, 50.0, 139.41, 46.57, 147.83, 50.0, 69.91, 139.36, 50.0, 50.0, 105.78, 50.0, 50.0]
d: [3.5, 3.5, 3.7, 3.5, 3.5, 3.5, 3.5, 3.5, 3.5, 3.5, 3.5, 3.5, 3.5, 2.0]
random_idx_1 = 2, random_idx_2 = 5
random_idx_1 = 0, random_idx_2 = 1

iteration: 3
best: [1000.0, 1000.0, 1000.0, 1000.0, 1000.0, 1000.0, 1000.0, 1000.0, 1000.0, 1000.0, 1000.0, 1000.0, 1000.0, 50.71]
time: [5.96, 7.8, 12.0, 14.46, 20.52, 23.45, 38.78, 42.79, 44.74, 47.21, 49.17, 50.87, 1000, 1000]
current_hyper_parameter
v: [21.43, 14.94, 11.95, 29.06, 17.3, 30.02, 12.0, 12.0, 12.0, 12.0, 12.0, 34.65, 22.79, 12.0]
a: [88.42, 61.69, 50.0, 139.41, 46.57, 147.83, 50.0, 69.91, 139.36, 50.0, 50.0, 105.78, 50.0, 50.0]
d: [3.5, 3.5, 3.7, 3.5, 3.5, 3.5, 3.5, 3.5, 3.5, 3.5, 3.5, 3.5, 3.5, 2.0]
BEST_hyper_parameter
v: [21.43, 12.0, 11.95, 29.06, 17.3, 30.02, 12.0, 12.0, 12.0, 12.0, 12.0, 34.65, 22.79, 12.0]
a: [88.42, 61.69, 50.0, 139.41, 46.57, 147.83, 50.0, 69.91, 139.36, 50.0, 50.0, 105.78, 50.0, 50.0]
d: [3.5, 3.5, 3.7, 3.5, 3.5, 3.5, 3.5, 3.5, 3.5, 3.5, 3.5, 3.5, 3.5, 2.0]
random_idx_1 = 1, random_idx_2 = 8
random_idx_1 = 2, random_idx_2 = 9

iteration: 4
best: [1000.0, 1000.0, 1000.0, 1000.0, 1000.0, 1000.0, 1000.0, 1000.0, 1000.0, 1000.0, 1000.0, 1000.0, 1000.0, 50.71]
time: [6.03, 8.29, 12.52, 14.98, 1000, 1000, 1000, 1000, 1000, 1000, 1000, 1000, 1000, 1000]
current_hyper_parameter
v: [21.43, 12.0, 11.95, 29.06, 17.3, 30.02, 12.0, 12.0, 12.0, 12.0, 12.0, 34.65, 22.79, 12.0]
a: [88.42, 61.69, 50.0, 139.41, 46.57, 147.83, 50.0, 69.91, 153.99, 50.0, 50.0, 105.78, 50.0, 50.0]
d: [3.5, 3.5, 3.7, 3.5, 3.5, 3.5, 3.5, 3.5, 3.5, 3.5, 3.5, 3.5, 3.5, 2.0]
BEST_hyper_parameter
v: [21.43, 12.0, 11.95, 29.06, 17.3, 30.02, 12.0, 12.0, 12.0, 12.0, 12.0, 34.65, 22.79, 12.0]
a: [88.42, 61.69, 50.0, 139.41, 46.57, 147.83, 50.0, 69.91, 139.36, 50.0, 50.0, 105.78, 50.0, 50.0]
d: [3.5, 3.5, 3.7, 3.5, 3.5, 3.5, 3.5, 3.5, 3.5, 3.5, 3.5, 3.5, 3.5, 2.0]
random_idx_1 = 1, random_idx_2 = 10
random_idx_1 = 0, random_idx_2 = 7

iteration: 5
best: [1000.0, 1000.0, 1000.0, 1000.0, 1000.0, 1000.0, 1000.0, 1000.0, 1000.0, 1000.0, 1000.0, 1000.0, 1000.0, 50.71]
time: [5.95, 7.79, 11.95, 17.44, 23.51, 26.32, 42.33, 45.68, 1000, 1000, 1000, 1000, 1000, 1000]
current_hyper_parameter
v: [21.43, 12.0, 11.95, 29.06, 17.3, 30.02, 12.0, 34.7, 12.0, 12.0, 12.0, 34.65, 22.79, 12.0]
a: [88.42, 61.69, 50.0, 139.41, 46.57, 147.83, 50.0, 69.91, 139.36, 50.0, 71.67, 105.78, 50.0, 50.0]
d: [3.5, 3.5, 3.7, 3.5, 3.5, 3.5, 3.5, 3.5, 3.5, 3.5, 3.5, 3.5, 3.5, 2.0]
BEST_hyper_parameter
v: [21.43, 12.0, 11.95, 29.06, 17.3, 30.02, 12.0, 12.0, 12.0, 12.0, 12.0, 34.65, 22.79, 12.0]
a: [88.42, 61.69, 50.0, 139.41, 46.57, 147.83, 50.0, 69.91, 139.36, 50.0, 50.0, 105.78, 50.0, 50.0]
d: [3.5, 3.5, 3.7, 3.5, 3.5, 3.5, 3.5, 3.5, 3.5, 3.5, 3.5, 3.5, 3.5, 2.0]
random_idx_1 = 2, random_idx_2 = 3
random_idx_1 = 2, random_idx_2 = 6

iteration: 6
best: [1000.0, 1000.0, 1000.0, 1000.0, 1000.0, 1000.0, 1000.0, 1000.0, 1000.0, 1000.0, 1000.0, 1000.0, 1000.0, 50.71]
time: [5.93, 7.78, 11.68, 17.04, 1000, 1000, 1000, 1000, 1000, 1000, 1000, 1000, 1000, 1000]
current_hyper_parameter
v: [21.43, 12.0, 11.95, 29.06, 17.3, 30.02, 12.0, 12.0, 12.0, 12.0, 12.0, 34.65, 22.79, 12.0]
a: [88.42, 61.69, 50.0, 139.41, 46.57, 147.83, 50.0, 69.91, 139.36, 50.0, 50.0, 105.78, 50.0, 50.0]
d: [3.5, 3.5, 3.7, 3.5, 3.5, 3.5, 3.5, 3.5, 3.5, 3.5, 3.5, 3.5, 3.5, 2.0]
BEST_hyper_parameter
v: [21.43, 12.0, 11.95, 29.06, 17.3, 30.02, 12.0, 12.0, 12.0, 12.0, 12.0, 34.65, 22.79, 12.0]
a: [88.42, 61.69, 50.0, 139.41, 46.57, 147.83, 50.0, 69.91, 139.36, 50.0, 50.0, 105.78, 50.0, 50.0]
d: [3.5, 3.5, 3.7, 3.5, 3.5, 3.5, 3.5, 3.5, 3.5, 3.5, 3.5, 3.5, 3.5, 2.0]
random_idx_1 = 0, random_idx_2 = 7
random_idx_1 = 1, random_idx_2 = 2

iteration: 7
best: [1000.0, 1000.0, 1000.0, 1000.0, 1000.0, 1000.0, 1000.0, 1000.0, 1000.0, 1000.0, 1000.0, 1000.0, 1000.0, 50.71]
time: [5.89, 7.71, 12.01, 17.75, 25.21, 27.94, 43.86, 47.59, 49.5, 52.34, 1000, 1000, 1000, 1000]
current_hyper_parameter
v: [21.43, 12.0, 11.95, 29.06, 17.3, 30.02, 12.0, 15.01, 12.0, 12.0, 12.0, 34.65, 22.79, 12.0]
a: [88.42, 61.69, 25.16, 139.41, 46.57, 147.83, 50.0, 69.91, 139.36, 50.0, 50.0, 105.78, 50.0, 50.0]
d: [3.5, 3.5, 3.7, 3.5, 3.5, 3.5, 3.5, 3.5, 3.5, 3.5, 3.5, 3.5, 3.5, 2.0]
BEST_hyper_parameter
v: [21.43, 12.0, 11.95, 29.06, 17.3, 30.02, 12.0, 12.0, 12.0, 12.0, 12.0, 34.65, 22.79, 12.0]
a: [88.42, 61.69, 50.0, 139.41, 46.57, 147.83, 50.0, 69.91, 139.36, 50.0, 50.0, 105.78, 50.0, 50.0]
d: [3.5, 3.5, 3.7, 3.5, 3.5, 3.5, 3.5, 3.5, 3.5, 3.5, 3.5, 3.5, 3.5, 2.0]
random_idx_1 = 2, random_idx_2 = 13
random_idx_1 = 0, random_idx_2 = 10

iteration: 8
best: [1000.0, 1000.0, 1000.0, 1000.0, 1000.0, 1000.0, 1000.0, 1000.0, 1000.0, 1000.0, 1000.0, 1000.0, 1000.0, 50.71]
time: [5.9, 7.8, 12.09, 17.49, 20.53, 23.38, 39.22, 43.18, 45.01, 47.22, 51.9, 1000, 1000, 1000]
current_hyper_parameter
v: [21.43, 12.0, 11.95, 29.06, 17.3, 30.02, 12.0, 12.0, 12.0, 12.0, 32.0, 34.65, 22.79, 12.0]
a: [88.42, 61.69, 50.0, 139.41, 46.57, 147.83, 50.0, 69.91, 139.36, 50.0, 50.0, 105.78, 50.0, 50.0]
d: [3.5, 3.5, 3.7, 3.5, 3.5, 3.5, 3.5, 3.5, 3.5, 3.5, 3.5, 3.5, 3.5, 2.0]
BEST_hyper_parameter
v: [21.43, 12.0, 11.95, 29.06, 17.3, 30.02, 12.0, 12.0, 12.0, 12.0, 12.0, 34.65, 22.79, 12.0]
a: [88.42, 61.69, 50.0, 139.41, 46.57, 147.83, 50.0, 69.91, 139.36, 50.0, 50.0, 105.78, 50.0, 50.0]
d: [3.5, 3.5, 3.7, 3.5, 3.5, 3.5, 3.5, 3.5, 3.5, 3.5, 3.5, 3.5, 3.5, 2.0]
random_idx_1 = 1, random_idx_2 = 2
random_idx_1 = 0, random_idx_2 = 3

iteration: 9
best: [1000.0, 1000.0, 1000.0, 1000.0, 1000.0, 1000.0, 1000.0, 1000.0, 1000.0, 1000.0, 1000.0, 1000.0, 1000.0, 50.71]
time: [5.88, 7.71, 11.56, 17.75, 30.08, 32.84, 50.22, 1000, 1000, 1000, 1000, 1000, 1000, 1000]
current_hyper_parameter
v: [21.43, 12.0, 11.95, 14.05, 17.3, 30.02, 12.0, 12.0, 12.0, 12.0, 12.0, 34.65, 22.79, 12.0]
a: [88.42, 61.69, 93.52, 139.41, 46.57, 147.83, 50.0, 69.91, 139.36, 50.0, 50.0, 105.78, 50.0, 50.0]
d: [3.5, 3.5, 3.7, 3.5, 3.5, 3.5, 3.5, 3.5, 3.5, 3.5, 3.5, 3.5, 3.5, 2.0]
BEST_hyper_parameter
v: [21.43, 12.0, 11.95, 29.06, 17.3, 30.02, 12.0, 12.0, 12.0, 12.0, 12.0, 34.65, 22.79, 12.0]
a: [88.42, 61.69, 50.0, 139.41, 46.57, 147.83, 50.0, 69.91, 139.36, 50.0, 50.0, 105.78, 50.0, 50.0]
d: [3.5, 3.5, 3.7, 3.5, 3.5, 3.5, 3.5, 3.5, 3.5, 3.5, 3.5, 3.5, 3.5, 2.0]
random_idx_1 = 2, random_idx_2 = 12
random_idx_1 = 2, random_idx_2 = 10

iteration: 10
best: [1000.0, 1000.0, 1000.0, 1000.0, 1000.0, 1000.0, 1000.0, 1000.0, 1000.0, 1000.0, 1000.0, 1000.0, 1000.0, 50.71]
time: [5.91, 7.75, 11.9, 14.4, 20.52, 23.34, 39.35, 43.23, 45.33, 48.59, 51.06, 1000, 1000, 1000]
current_hyper_parameter
v: [21.43, 12.0, 11.95, 29.06, 17.3, 30.02, 12.0, 12.0, 12.0, 12.0, 12.0, 34.65, 22.79, 12.0]
a: [88.42, 61.69, 50.0, 139.41, 46.57, 147.83, 50.0, 69.91, 139.36, 50.0, 50.0, 105.78, 50.0, 50.0]
d: [3.5, 3.5, 3.7, 3.5, 3.5, 3.5, 3.5, 3.5, 3.5, 3.5, 3.5, 3.5, 3.5, 2.0]
BEST_hyper_parameter
v: [21.43, 12.0, 11.95, 29.06, 17.3, 30.02, 12.0, 12.0, 12.0, 12.0, 12.0, 34.65, 22.79, 12.0]
a: [88.42, 61.69, 50.0, 139.41, 46.57, 147.83, 50.0, 69.91, 139.36, 50.0, 50.0, 105.78, 50.0, 50.0]
d: [3.5, 3.5, 3.7, 3.5, 3.5, 3.5, 3.5, 3.5, 3.5, 3.5, 3.5, 3.5, 3.5, 2.0]
random_idx_1 = 0, random_idx_2 = 6
random_idx_1 = 1, random_idx_2 = 8

iteration: 11
best: [1000.0, 1000.0, 1000.0, 1000.0, 1000.0, 1000.0, 1000.0, 1000.0, 1000.0, 1000.0, 1000.0, 1000.0, 1000.0, 50.71]
time: [5.93, 7.78, 11.85, 1000, 1000, 1000, 1000, 1000, 1000, 1000, 1000, 1000, 1000, 1000]
current_hyper_parameter
v: [21.43, 12.0, 11.95, 29.06, 17.3, 30.02, 13.82, 12.0, 12.0, 12.0, 12.0, 34.65, 22.79, 12.0]
a: [88.42, 61.69, 50.0, 139.41, 46.57, 147.83, 50.0, 69.91, 147.21, 50.0, 50.0, 105.78, 50.0, 50.0]
d: [3.5, 3.5, 3.7, 3.5, 3.5, 3.5, 3.5, 3.5, 3.5, 3.5, 3.5, 3.5, 3.5, 2.0]
BEST_hyper_parameter
v: [21.43, 12.0, 11.95, 29.06, 17.3, 30.02, 12.0, 12.0, 12.0, 12.0, 12.0, 34.65, 22.79, 12.0]
a: [88.42, 61.69, 50.0, 139.41, 46.57, 147.83, 50.0, 69.91, 139.36, 50.0, 50.0, 105.78, 50.0, 50.0]
d: [3.5, 3.5, 3.7, 3.5, 3.5, 3.5, 3.5, 3.5, 3.5, 3.5, 3.5, 3.5, 3.5, 2.0]
random_idx_1 = 0, random_idx_2 = 2
random_idx_1 = 0, random_idx_2 = 5

iteration: 12
best: [1000.0, 1000.0, 1000.0, 1000.0, 1000.0, 1000.0, 1000.0, 1000.0, 1000.0, 1000.0, 1000.0, 1000.0, 1000.0, 50.71]
time: [5.96, 7.8, 12.15, 1000, 1000, 1000, 1000, 1000, 1000, 1000, 1000, 1000, 1000, 1000]
current_hyper_parameter
v: [21.43, 12.0, 9.35, 29.06, 17.3, 25.27, 12.0, 12.0, 12.0, 12.0, 12.0, 34.65, 22.79, 12.0]
a: [88.42, 61.69, 50.0, 139.41, 46.57, 147.83, 50.0, 69.91, 139.36, 50.0, 50.0, 105.78, 50.0, 50.0]
d: [3.5, 3.5, 3.7, 3.5, 3.5, 3.5, 3.5, 3.5, 3.5, 3.5, 3.5, 3.5, 3.5, 2.0]
BEST_hyper_parameter
v: [21.43, 12.0, 11.95, 29.06, 17.3, 30.02, 12.0, 12.0, 12.0, 12.0, 12.0, 34.65, 22.79, 12.0]
a: [88.42, 61.69, 50.0, 139.41, 46.57, 147.83, 50.0, 69.91, 139.36, 50.0, 50.0, 105.78, 50.0, 50.0]
d: [3.5, 3.5, 3.7, 3.5, 3.5, 3.5, 3.5, 3.5, 3.5, 3.5, 3.5, 3.5, 3.5, 2.0]
random_idx_1 = 0, random_idx_2 = 8
random_idx_1 = 2, random_idx_2 = 7

iteration: 13
best: [1000.0, 1000.0, 1000.0, 1000.0, 1000.0, 1000.0, 1000.0, 1000.0, 1000.0, 1000.0, 1000.0, 1000.0, 1000.0, 50.71]
time: [5.89, 7.73, 11.84, 14.13, 17.2, 19.93, 34.81, 38.68, 40.48, 1000, 1000, 1000, 1000, 1000]
current_hyper_parameter
v: [21.43, 12.0, 11.95, 29.06, 17.3, 30.02, 12.0, 12.0, 15.35, 12.0, 12.0, 34.65, 22.79, 12.0]
a: [88.42, 61.69, 50.0, 139.41, 46.57, 147.83, 50.0, 69.91, 139.36, 50.0, 50.0, 105.78, 50.0, 50.0]
d: [3.5, 3.5, 3.7, 3.5, 3.5, 3.5, 3.5, 3.5, 3.5, 3.5, 3.5, 3.5, 3.5, 2.0]
BEST_hyper_parameter
v: [21.43, 12.0, 11.95, 29.06, 17.3, 30.02, 12.0, 12.0, 12.0, 12.0, 12.0, 34.65, 22.79, 12.0]
a: [88.42, 61.69, 50.0, 139.41, 46.57, 147.83, 50.0, 69.91, 139.36, 50.0, 50.0, 105.78, 50.0, 50.0]
d: [3.5, 3.5, 3.7, 3.5, 3.5, 3.5, 3.5, 3.5, 3.5, 3.5, 3.5, 3.5, 3.5, 2.0]
random_idx_1 = 2, random_idx_2 = 8
random_idx_1 = 2, random_idx_2 = 10

iteration: 14
best: [1000.0, 1000.0, 1000.0, 1000.0, 1000.0, 1000.0, 1000.0, 1000.0, 1000.0, 1000.0, 1000.0, 1000.0, 1000.0, 50.71]
time: [5.89, 7.72, 11.69, 17.26, 21.91, 24.82, 41.03, 44.89, 46.91, 49.4, 1000, 1000, 1000, 1000]
current_hyper_parameter
v: [21.43, 12.0, 11.95, 29.06, 17.3, 30.02, 12.0, 12.0, 12.0, 12.0, 12.0, 34.65, 22.79, 12.0]
a: [88.42, 61.69, 50.0, 139.41, 46.57, 147.83, 50.0, 69.91, 139.36, 50.0, 50.0, 105.78, 50.0, 50.0]
d: [3.5, 3.5, 3.7, 3.5, 3.5, 3.5, 3.5, 3.5, 3.5, 3.5, 3.5, 3.5, 3.5, 2.0]
BEST_hyper_parameter
v: [21.43, 12.0, 11.95, 29.06, 17.3, 30.02, 12.0, 12.0, 12.0, 12.0, 12.0, 34.65, 22.79, 12.0]
a: [88.42, 61.69, 50.0, 139.41, 46.57, 147.83, 50.0, 69.91, 139.36, 50.0, 50.0, 105.78, 50.0, 50.0]
d: [3.5, 3.5, 3.7, 3.5, 3.5, 3.5, 3.5, 3.5, 3.5, 3.5, 3.5, 3.5, 3.5, 2.0]
random_idx_1 = 2, random_idx_2 = 7
random_idx_1 = 2, random_idx_2 = 0

iteration: 15
best: [1000.0, 1000.0, 1000.0, 1000.0, 1000.0, 1000.0, 1000.0, 1000.0, 1000.0, 1000.0, 1000.0, 1000.0, 1000.0, 50.71]
time: [5.91, 7.74, 11.84, 14.13, 17.21, 19.9, 35.28, 39.11, 41.22, 44.41, 46.85, 48.7, 51.54, 52.7]
current_hyper_parameter
v: [21.43, 12.0, 11.95, 29.06, 17.3, 30.02, 12.0, 12.0, 12.0, 12.0, 12.0, 34.65, 22.79, 12.0]
a: [88.42, 61.69, 50.0, 139.41, 46.57, 147.83, 50.0, 69.91, 139.36, 50.0, 50.0, 105.78, 50.0, 50.0]
d: [3.5, 3.5, 3.7, 3.5, 3.5, 3.5, 3.5, 3.5, 3.5, 3.5, 3.5, 3.5, 3.5, 2.0]
BEST_hyper_parameter
v: [21.43, 12.0, 11.95, 29.06, 17.3, 30.02, 12.0, 12.0, 12.0, 12.0, 12.0, 34.65, 22.79, 12.0]
a: [88.42, 61.69, 50.0, 139.41, 46.57, 147.83, 50.0, 69.91, 139.36, 50.0, 50.0, 105.78, 50.0, 50.0]
d: [3.5, 3.5, 3.7, 3.5, 3.5, 3.5, 3.5, 3.5, 3.5, 3.5, 3.5, 3.5, 3.5, 2.0]
random_idx_1 = 1, random_idx_2 = 7
random_idx_1 = 1, random_idx_2 = 2

iteration: 16
best: [1000.0, 1000.0, 1000.0, 1000.0, 1000.0, 1000.0, 1000.0, 1000.0, 1000.0, 1000.0, 1000.0, 1000.0, 1000.0, 50.71]
time: [5.92, 7.74, 11.63, 13.99, 20.41, 1000, 1000, 1000, 1000, 1000, 1000, 1000, 1000, 1000]
current_hyper_parameter
v: [21.43, 12.0, 11.95, 29.06, 17.3, 30.02, 12.0, 12.0, 12.0, 12.0, 12.0, 34.65, 22.79, 12.0]
a: [88.42, 61.69, 55.0, 139.41, 46.57, 147.83, 50.0, 135.11, 139.36, 50.0, 50.0, 105.78, 50.0, 50.0]
d: [3.5, 3.5, 3.7, 3.5, 3.5, 3.5, 3.5, 3.5, 3.5, 3.5, 3.5, 3.5, 3.5, 2.0]
BEST_hyper_parameter
v: [21.43, 12.0, 11.95, 29.06, 17.3, 30.02, 12.0, 12.0, 12.0, 12.0, 12.0, 34.65, 22.79, 12.0]
a: [88.42, 61.69, 50.0, 139.41, 46.57, 147.83, 50.0, 69.91, 139.36, 50.0, 50.0, 105.78, 50.0, 50.0]
d: [3.5, 3.5, 3.7, 3.5, 3.5, 3.5, 3.5, 3.5, 3.5, 3.5, 3.5, 3.5, 3.5, 2.0]
random_idx_1 = 0, random_idx_2 = 3
random_idx_1 = 2, random_idx_2 = 9

iteration: 17
best: [1000.0, 1000.0, 1000.0, 1000.0, 1000.0, 1000.0, 1000.0, 1000.0, 1000.0, 1000.0, 1000.0, 1000.0, 1000.0, 50.71]
time: [5.97, 7.81, 11.97, 14.44, 1000, 1000, 1000, 1000, 1000, 1000, 1000, 1000, 1000, 1000]
current_hyper_parameter
v: [21.43, 12.0, 11.95, 33.32, 17.3, 30.02, 12.0, 12.0, 12.0, 12.0, 12.0, 34.65, 22.79, 12.0]
a: [88.42, 61.69, 50.0, 139.41, 46.57, 147.83, 50.0, 69.91, 139.36, 50.0, 50.0, 105.78, 50.0, 50.0]
d: [3.5, 3.5, 3.7, 3.5, 3.5, 3.5, 3.5, 3.5, 3.5, 3.5, 3.5, 3.5, 3.5, 2.0]
BEST_hyper_parameter
v: [21.43, 12.0, 11.95, 29.06, 17.3, 30.02, 12.0, 12.0, 12.0, 12.0, 12.0, 34.65, 22.79, 12.0]
a: [88.42, 61.69, 50.0, 139.41, 46.57, 147.83, 50.0, 69.91, 139.36, 50.0, 50.0, 105.78, 50.0, 50.0]
d: [3.5, 3.5, 3.7, 3.5, 3.5, 3.5, 3.5, 3.5, 3.5, 3.5, 3.5, 3.5, 3.5, 2.0]
random_idx_1 = 0, random_idx_2 = 10
random_idx_1 = 1, random_idx_2 = 5

iteration: 18
best: [1000.0, 1000.0, 1000.0, 1000.0, 1000.0, 1000.0, 1000.0, 1000.0, 1000.0, 1000.0, 1000.0, 1000.0, 1000.0, 50.71]
time: [5.89, 7.75, 11.94, 17.44, 23.49, 26.59, 41.46, 45.31, 47.22, 49.65, 51.52, 1000, 1000, 1000]
current_hyper_parameter
v: [21.43, 12.0, 11.95, 29.06, 17.3, 30.02, 12.0, 12.0, 12.0, 12.0, 22.78, 34.65, 22.79, 12.0]
a: [88.42, 61.69, 50.0, 139.41, 46.57, 156.74, 50.0, 69.91, 139.36, 50.0, 50.0, 105.78, 50.0, 50.0]
d: [3.5, 3.5, 3.7, 3.5, 3.5, 3.5, 3.5, 3.5, 3.5, 3.5, 3.5, 3.5, 3.5, 2.0]
BEST_hyper_parameter
v: [21.43, 12.0, 11.95, 29.06, 17.3, 30.02, 12.0, 12.0, 12.0, 12.0, 12.0, 34.65, 22.79, 12.0]
a: [88.42, 61.69, 50.0, 139.41, 46.57, 147.83, 50.0, 69.91, 139.36, 50.0, 50.0, 105.78, 50.0, 50.0]
d: [3.5, 3.5, 3.7, 3.5, 3.5, 3.5, 3.5, 3.5, 3.5, 3.5, 3.5, 3.5, 3.5, 2.0]
random_idx_1 = 1, random_idx_2 = 11
random_idx_1 = 2, random_idx_2 = 13

iteration: 19
best: [1000.0, 1000.0, 1000.0, 1000.0, 1000.0, 1000.0, 1000.0, 1000.0, 1000.0, 1000.0, 1000.0, 1000.0, 1000.0, 50.71]
time: [5.97, 7.86, 12.07, 17.47, 22.81, 25.36, 41.61, 45.51, 47.46, 49.86, 1000, 1000, 1000, 1000]
current_hyper_parameter
v: [21.43, 12.0, 11.95, 29.06, 17.3, 30.02, 12.0, 12.0, 12.0, 12.0, 12.0, 34.65, 22.79, 12.0]
a: [88.42, 61.69, 50.0, 139.41, 46.57, 147.83, 50.0, 69.91, 139.36, 50.0, 50.0, 113.89, 50.0, 50.0]
d: [3.5, 3.5, 3.7, 3.5, 3.5, 3.5, 3.5, 3.5, 3.5, 3.5, 3.5, 3.5, 3.5, 2.0]
BEST_hyper_parameter
v: [21.43, 12.0, 11.95, 29.06, 17.3, 30.02, 12.0, 12.0, 12.0, 12.0, 12.0, 34.65, 22.79, 12.0]
a: [88.42, 61.69, 50.0, 139.41, 46.57, 147.83, 50.0, 69.91, 139.36, 50.0, 50.0, 105.78, 50.0, 50.0]
d: [3.5, 3.5, 3.7, 3.5, 3.5, 3.5, 3.5, 3.5, 3.5, 3.5, 3.5, 3.5, 3.5, 2.0]
random_idx_1 = 2, random_idx_2 = 11
random_idx_1 = 1, random_idx_2 = 10

iteration: 20
best: [1000.0, 1000.0, 1000.0, 1000.0, 1000.0, 1000.0, 1000.0, 1000.0, 1000.0, 1000.0, 1000.0, 1000.0, 1000.0, 50.71]
time: [5.99, 7.82, 11.99, 17.48, 1000, 1000, 1000, 1000, 1000, 1000, 1000, 1000, 1000, 1000]
current_hyper_parameter
v: [21.43, 12.0, 11.95, 29.06, 17.3, 30.02, 12.0, 12.0, 12.0, 12.0, 12.0, 34.65, 22.79, 12.0]
a: [88.42, 61.69, 50.0, 139.41, 46.57, 147.83, 50.0, 69.91, 139.36, 50.0, 99.37, 105.78, 50.0, 50.0]
d: [3.5, 3.5, 3.7, 3.5, 3.5, 3.5, 3.5, 3.5, 3.5, 3.5, 3.5, 3.5, 3.5, 2.0]
BEST_hyper_parameter
v: [21.43, 12.0, 11.95, 29.06, 17.3, 30.02, 12.0, 12.0, 12.0, 12.0, 12.0, 34.65, 22.79, 12.0]
a: [88.42, 61.69, 50.0, 139.41, 46.57, 147.83, 50.0, 69.91, 139.36, 50.0, 50.0, 105.78, 50.0, 50.0]
d: [3.5, 3.5, 3.7, 3.5, 3.5, 3.5, 3.5, 3.5, 3.5, 3.5, 3.5, 3.5, 3.5, 2.0]
random_idx_1 = 2, random_idx_2 = 11
random_idx_1 = 2, random_idx_2 = 11

iteration: 21
best: [1000.0, 1000.0, 1000.0, 1000.0, 1000.0, 1000.0, 1000.0, 1000.0, 1000.0, 1000.0, 1000.0, 1000.0, 1000.0, 50.71]
time: [5.89, 7.72, 11.82, 14.13, 17.18, 19.87, 35.08, 39.01, 40.91, 43.24, 45.48, 47.26, 50.44, 52.13]
current_hyper_parameter
v: [21.43, 12.0, 11.95, 29.06, 17.3, 30.02, 12.0, 12.0, 12.0, 12.0, 12.0, 34.65, 22.79, 12.0]
a: [88.42, 61.69, 50.0, 139.41, 46.57, 147.83, 50.0, 69.91, 139.36, 50.0, 50.0, 105.78, 50.0, 50.0]
d: [3.5, 3.5, 3.7, 3.5, 3.5, 3.5, 3.5, 3.5, 3.5, 3.5, 3.5, 3.5, 3.5, 2.0]
BEST_hyper_parameter
v: [21.43, 12.0, 11.95, 29.06, 17.3, 30.02, 12.0, 12.0, 12.0, 12.0, 12.0, 34.65, 22.79, 12.0]
a: [88.42, 61.69, 50.0, 139.41, 46.57, 147.83, 50.0, 69.91, 139.36, 50.0, 50.0, 105.78, 50.0, 50.0]
d: [3.5, 3.5, 3.7, 3.5, 3.5, 3.5, 3.5, 3.5, 3.5, 3.5, 3.5, 3.5, 3.5, 2.0]
random_idx_1 = 2, random_idx_2 = 5
random_idx_1 = 2, random_idx_2 = 12

iteration: 22
best: [1000.0, 1000.0, 1000.0, 1000.0, 1000.0, 1000.0, 1000.0, 1000.0, 1000.0, 1000.0, 1000.0, 1000.0, 1000.0, 50.71]
time: [5.97, 7.78, 11.81, 14.12, 20.26, 1000, 1000, 1000, 1000, 1000, 1000, 1000, 1000, 1000]
current_hyper_parameter
v: [21.43, 12.0, 11.95, 29.06, 17.3, 30.02, 12.0, 12.0, 12.0, 12.0, 12.0, 34.65, 22.79, 12.0]
a: [88.42, 61.69, 50.0, 139.41, 46.57, 147.83, 50.0, 69.91, 139.36, 50.0, 50.0, 105.78, 50.0, 50.0]
d: [3.5, 3.5, 3.7, 3.5, 3.5, 3.5, 3.5, 3.5, 3.5, 3.5, 3.5, 3.5, 3.5, 2.0]
BEST_hyper_parameter
v: [21.43, 12.0, 11.95, 29.06, 17.3, 30.02, 12.0, 12.0, 12.0, 12.0, 12.0, 34.65, 22.79, 12.0]
a: [88.42, 61.69, 50.0, 139.41, 46.57, 147.83, 50.0, 69.91, 139.36, 50.0, 50.0, 105.78, 50.0, 50.0]
d: [3.5, 3.5, 3.7, 3.5, 3.5, 3.5, 3.5, 3.5, 3.5, 3.5, 3.5, 3.5, 3.5, 2.0]
random_idx_1 = 0, random_idx_2 = 5
random_idx_1 = 2, random_idx_2 = 5

iteration: 23
best: [1000.0, 1000.0, 1000.0, 1000.0, 1000.0, 1000.0, 1000.0, 1000.0, 1000.0, 1000.0, 1000.0, 1000.0, 1000.0, 50.71]
time: [5.95, 7.83, 12.06, 17.46, 22.05, 25.27, 46.15, 50.08, 51.91, 1000, 1000, 1000, 1000, 1000]
current_hyper_parameter
v: [21.43, 12.0, 11.95, 29.06, 17.3, 15.26, 12.0, 12.0, 12.0, 12.0, 12.0, 34.65, 22.79, 12.0]
a: [88.42, 61.69, 50.0, 139.41, 46.57, 147.83, 50.0, 69.91, 139.36, 50.0, 50.0, 105.78, 50.0, 50.0]
d: [3.5, 3.5, 3.7, 3.5, 3.5, 3.5, 3.5, 3.5, 3.5, 3.5, 3.5, 3.5, 3.5, 2.0]
BEST_hyper_parameter
v: [21.43, 12.0, 11.95, 29.06, 17.3, 30.02, 12.0, 12.0, 12.0, 12.0, 12.0, 34.65, 22.79, 12.0]
a: [88.42, 61.69, 50.0, 139.41, 46.57, 147.83, 50.0, 69.91, 139.36, 50.0, 50.0, 105.78, 50.0, 50.0]
d: [3.5, 3.5, 3.7, 3.5, 3.5, 3.5, 3.5, 3.5, 3.5, 3.5, 3.5, 3.5, 3.5, 2.0]
random_idx_1 = 1, random_idx_2 = 4
random_idx_1 = 1, random_idx_2 = 1

iteration: 24
best: [1000.0, 1000.0, 1000.0, 1000.0, 1000.0, 1000.0, 1000.0, 1000.0, 1000.0, 1000.0, 1000.0, 1000.0, 1000.0, 50.71]
time: [5.95, 7.82, 12.04, 17.45, 23.4, 26.7, 45.72, 49.55, 51.49, 1000, 1000, 1000, 1000, 1000]
current_hyper_parameter
v: [21.43, 12.0, 11.95, 29.06, 17.3, 30.02, 12.0, 12.0, 12.0, 12.0, 12.0, 34.65, 22.79, 12.0]
a: [88.42, 46.25, 50.0, 139.41, 51.7, 147.83, 50.0, 69.91, 139.36, 50.0, 50.0, 105.78, 50.0, 50.0]
d: [3.5, 3.5, 3.7, 3.5, 3.5, 3.5, 3.5, 3.5, 3.5, 3.5, 3.5, 3.5, 3.5, 2.0]
BEST_hyper_parameter
v: [21.43, 12.0, 11.95, 29.06, 17.3, 30.02, 12.0, 12.0, 12.0, 12.0, 12.0, 34.65, 22.79, 12.0]
a: [88.42, 61.69, 50.0, 139.41, 46.57, 147.83, 50.0, 69.91, 139.36, 50.0, 50.0, 105.78, 50.0, 50.0]
d: [3.5, 3.5, 3.7, 3.5, 3.5, 3.5, 3.5, 3.5, 3.5, 3.5, 3.5, 3.5, 3.5, 2.0]
random_idx_1 = 2, random_idx_2 = 1
random_idx_1 = 0, random_idx_2 = 10

iteration: 25
best: [1000.0, 1000.0, 1000.0, 1000.0, 1000.0, 1000.0, 1000.0, 1000.0, 1000.0, 1000.0, 1000.0, 1000.0, 1000.0, 50.71]
time: [5.89, 7.72, 11.81, 14.1, 17.17, 19.87, 34.75, 38.59, 40.59, 1000, 1000, 1000, 1000, 1000]
current_hyper_parameter
v: [21.43, 12.0, 11.95, 29.06, 17.3, 30.02, 12.0, 12.0, 12.0, 12.0, 11.31, 34.65, 22.79, 12.0]
a: [88.42, 61.69, 50.0, 139.41, 46.57, 147.83, 50.0, 69.91, 139.36, 50.0, 50.0, 105.78, 50.0, 50.0]
d: [3.5, 3.5, 3.7, 3.5, 3.5, 3.5, 3.5, 3.5, 3.5, 3.5, 3.5, 3.5, 3.5, 2.0]
BEST_hyper_parameter
v: [21.43, 12.0, 11.95, 29.06, 17.3, 30.02, 12.0, 12.0, 12.0, 12.0, 12.0, 34.65, 22.79, 12.0]
a: [88.42, 61.69, 50.0, 139.41, 46.57, 147.83, 50.0, 69.91, 139.36, 50.0, 50.0, 105.78, 50.0, 50.0]
d: [3.5, 3.5, 3.7, 3.5, 3.5, 3.5, 3.5, 3.5, 3.5, 3.5, 3.5, 3.5, 3.5, 2.0]
random_idx_1 = 0, random_idx_2 = 13
random_idx_1 = 1, random_idx_2 = 10

iteration: 26
best: [1000.0, 1000.0, 1000.0, 1000.0, 1000.0, 1000.0, 1000.0, 1000.0, 1000.0, 1000.0, 1000.0, 1000.0, 1000.0, 50.71]
time: [5.89, 7.72, 11.81, 14.1, 17.17, 19.86, 34.91, 38.72, 40.72, 43.27, 45.34, 47.28, 53.1, 1000]
current_hyper_parameter
v: [21.43, 12.0, 11.95, 29.06, 17.3, 30.02, 12.0, 12.0, 12.0, 12.0, 12.0, 34.65, 22.79, 29.44]
a: [88.42, 61.69, 50.0, 139.41, 46.57, 147.83, 50.0, 69.91, 139.36, 50.0, 104.82, 105.78, 50.0, 50.0]
d: [3.5, 3.5, 3.7, 3.5, 3.5, 3.5, 3.5, 3.5, 3.5, 3.5, 3.5, 3.5, 3.5, 2.0]
BEST_hyper_parameter
v: [21.43, 12.0, 11.95, 29.06, 17.3, 30.02, 12.0, 12.0, 12.0, 12.0, 12.0, 34.65, 22.79, 12.0]
a: [88.42, 61.69, 50.0, 139.41, 46.57, 147.83, 50.0, 69.91, 139.36, 50.0, 50.0, 105.78, 50.0, 50.0]
d: [3.5, 3.5, 3.7, 3.5, 3.5, 3.5, 3.5, 3.5, 3.5, 3.5, 3.5, 3.5, 3.5, 2.0]
random_idx_1 = 0, random_idx_2 = 9
random_idx_1 = 0, random_idx_2 = 9

iteration: 27
best: [1000.0, 1000.0, 1000.0, 1000.0, 1000.0, 1000.0, 1000.0, 1000.0, 1000.0, 1000.0, 1000.0, 1000.0, 1000.0, 50.71]
time: [5.88, 7.71, 11.63, 16.98, 1000, 1000, 1000, 1000, 1000, 1000, 1000, 1000, 1000, 1000]
current_hyper_parameter
v: [21.43, 12.0, 11.95, 29.06, 17.3, 30.02, 12.0, 12.0, 12.0, 22.79, 12.0, 34.65, 22.79, 12.0]
a: [88.42, 61.69, 50.0, 139.41, 46.57, 147.83, 50.0, 69.91, 139.36, 50.0, 50.0, 105.78, 50.0, 50.0]
d: [3.5, 3.5, 3.7, 3.5, 3.5, 3.5, 3.5, 3.5, 3.5, 3.5, 3.5, 3.5, 3.5, 2.0]
BEST_hyper_parameter
v: [21.43, 12.0, 11.95, 29.06, 17.3, 30.02, 12.0, 12.0, 12.0, 12.0, 12.0, 34.65, 22.79, 12.0]
a: [88.42, 61.69, 50.0, 139.41, 46.57, 147.83, 50.0, 69.91, 139.36, 50.0, 50.0, 105.78, 50.0, 50.0]
d: [3.5, 3.5, 3.7, 3.5, 3.5, 3.5, 3.5, 3.5, 3.5, 3.5, 3.5, 3.5, 3.5, 2.0]
random_idx_1 = 2, random_idx_2 = 4
random_idx_1 = 1, random_idx_2 = 6

iteration: 28
best: [1000.0, 1000.0, 1000.0, 1000.0, 1000.0, 1000.0, 1000.0, 1000.0, 1000.0, 1000.0, 1000.0, 1000.0, 1000.0, 50.71]
time: [5.9, 7.74, 11.83, 14.12, 17.18, 19.85, 35.72, 39.35, 41.25, 43.69, 46.24, 47.97, 51.34, 1000]
current_hyper_parameter
v: [21.43, 12.0, 11.95, 29.06, 17.3, 30.02, 12.0, 12.0, 12.0, 12.0, 12.0, 34.65, 22.79, 12.0]
a: [88.42, 61.69, 50.0, 139.41, 46.57, 147.83, 119.52, 69.91, 139.36, 50.0, 50.0, 105.78, 50.0, 50.0]
d: [3.5, 3.5, 3.7, 3.5, 3.5, 3.5, 3.5, 3.5, 3.5, 3.5, 3.5, 3.5, 3.5, 2.0]
BEST_hyper_parameter
v: [21.43, 12.0, 11.95, 29.06, 17.3, 30.02, 12.0, 12.0, 12.0, 12.0, 12.0, 34.65, 22.79, 12.0]
a: [88.42, 61.69, 50.0, 139.41, 46.57, 147.83, 50.0, 69.91, 139.36, 50.0, 50.0, 105.78, 50.0, 50.0]
d: [3.5, 3.5, 3.7, 3.5, 3.5, 3.5, 3.5, 3.5, 3.5, 3.5, 3.5, 3.5, 3.5, 2.0]
random_idx_1 = 2, random_idx_2 = 2
random_idx_1 = 1, random_idx_2 = 12

iteration: 29
best: [1000.0, 1000.0, 1000.0, 1000.0, 1000.0, 1000.0, 1000.0, 1000.0, 1000.0, 1000.0, 1000.0, 1000.0, 1000.0, 50.71]
time: [5.96, 7.8, 11.86, 14.15, 17.22, 19.9, 34.77, 38.56, 40.43, 42.72, 44.7, 46.31, 48.71, 1000]
current_hyper_parameter
v: [21.43, 12.0, 11.95, 29.06, 17.3, 30.02, 12.0, 12.0, 12.0, 12.0, 12.0, 34.65, 22.79, 12.0]
a: [88.42, 61.69, 50.0, 139.41, 46.57, 147.83, 50.0, 69.91, 139.36, 50.0, 50.0, 105.78, 100.38, 50.0]
d: [3.5, 3.5, 4.52, 3.5, 3.5, 3.5, 3.5, 3.5, 3.5, 3.5, 3.5, 3.5, 3.5, 2.0]
BEST_hyper_parameter
v: [21.43, 12.0, 11.95, 29.06, 17.3, 30.02, 12.0, 12.0, 12.0, 12.0, 12.0, 34.65, 22.79, 12.0]
a: [88.42, 61.69, 50.0, 139.41, 46.57, 147.83, 50.0, 69.91, 139.36, 50.0, 50.0, 105.78, 50.0, 50.0]
d: [3.5, 3.5, 3.7, 3.5, 3.5, 3.5, 3.5, 3.5, 3.5, 3.5, 3.5, 3.5, 3.5, 2.0]
random_idx_1 = 1, random_idx_2 = 6
random_idx_1 = 0, random_idx_2 = 12

iteration: 30
best: [1000.0, 1000.0, 1000.0, 1000.0, 1000.0, 1000.0, 1000.0, 1000.0, 1000.0, 1000.0, 1000.0, 1000.0, 1000.0, 50.71]
time: [5.97, 7.83, 11.99, 17.48, 20.55, 23.43, 38.34, 41.94, 43.8, 46.13, 48.21, 49.91, 1000, 1000]
current_hyper_parameter
v: [21.43, 12.0, 11.95, 29.06, 17.3, 30.02, 12.0, 12.0, 12.0, 12.0, 12.0, 34.65, 10.22, 12.0]
a: [88.42, 61.69, 50.0, 139.41, 46.57, 147.83, 126.27, 69.91, 139.36, 50.0, 50.0, 105.78, 50.0, 50.0]
d: [3.5, 3.5, 3.7, 3.5, 3.5, 3.5, 3.5, 3.5, 3.5, 3.5, 3.5, 3.5, 3.5, 2.0]
BEST_hyper_parameter
v: [21.43, 12.0, 11.95, 29.06, 17.3, 30.02, 12.0, 12.0, 12.0, 12.0, 12.0, 34.65, 22.79, 12.0]
a: [88.42, 61.69, 50.0, 139.41, 46.57, 147.83, 50.0, 69.91, 139.36, 50.0, 50.0, 105.78, 50.0, 50.0]
d: [3.5, 3.5, 3.7, 3.5, 3.5, 3.5, 3.5, 3.5, 3.5, 3.5, 3.5, 3.5, 3.5, 2.0]
random_idx_1 = 2, random_idx_2 = 1
random_idx_1 = 0, random_idx_2 = 9

iteration: 31
best: [1000.0, 1000.0, 1000.0, 1000.0, 1000.0, 1000.0, 1000.0, 1000.0, 1000.0, 1000.0, 1000.0, 1000.0, 1000.0, 50.71]
time: [5.95, 7.84, 12.09, 17.49, 22.08, 24.87, 42.18, 46.08, 48.02, 50.31, 1000, 1000, 1000, 1000]
current_hyper_parameter
v: [21.43, 12.0, 11.95, 29.06, 17.3, 30.02, 12.0, 12.0, 12.0, 26.66, 12.0, 34.65, 22.79, 12.0]
a: [88.42, 61.69, 50.0, 139.41, 46.57, 147.83, 50.0, 69.91, 139.36, 50.0, 50.0, 105.78, 50.0, 50.0]
d: [3.5, 3.5, 3.7, 3.5, 3.5, 3.5, 3.5, 3.5, 3.5, 3.5, 3.5, 3.5, 3.5, 2.0]
BEST_hyper_parameter
v: [21.43, 12.0, 11.95, 29.06, 17.3, 30.02, 12.0, 12.0, 12.0, 12.0, 12.0, 34.65, 22.79, 12.0]
a: [88.42, 61.69, 50.0, 139.41, 46.57, 147.83, 50.0, 69.91, 139.36, 50.0, 50.0, 105.78, 50.0, 50.0]
d: [3.5, 3.5, 3.7, 3.5, 3.5, 3.5, 3.5, 3.5, 3.5, 3.5, 3.5, 3.5, 3.5, 2.0]
random_idx_1 = 1, random_idx_2 = 6
random_idx_1 = 0, random_idx_2 = 1

iteration: 32
best: [1000.0, 1000.0, 1000.0, 1000.0, 1000.0, 1000.0, 1000.0, 1000.0, 1000.0, 1000.0, 1000.0, 1000.0, 1000.0, 50.71]
time: [5.96, 7.83, 12.01, 14.49, 20.44, 1000, 1000, 1000, 1000, 1000, 1000, 1000, 1000, 1000]
current_hyper_parameter
v: [21.43, 11.35, 11.95, 29.06, 17.3, 30.02, 12.0, 12.0, 12.0, 12.0, 12.0, 34.65, 22.79, 12.0]
a: [88.42, 61.69, 50.0, 139.41, 46.57, 147.83, 151.67, 69.91, 139.36, 50.0, 50.0, 105.78, 50.0, 50.0]
d: [3.5, 3.5, 3.7, 3.5, 3.5, 3.5, 3.5, 3.5, 3.5, 3.5, 3.5, 3.5, 3.5, 2.0]
BEST_hyper_parameter
v: [21.43, 12.0, 11.95, 29.06, 17.3, 30.02, 12.0, 12.0, 12.0, 12.0, 12.0, 34.65, 22.79, 12.0]
a: [88.42, 61.69, 50.0, 139.41, 46.57, 147.83, 50.0, 69.91, 139.36, 50.0, 50.0, 105.78, 50.0, 50.0]
d: [3.5, 3.5, 3.7, 3.5, 3.5, 3.5, 3.5, 3.5, 3.5, 3.5, 3.5, 3.5, 3.5, 2.0]
random_idx_1 = 1, random_idx_2 = 3
random_idx_1 = 0, random_idx_2 = 13

iteration: 33
best: [1000.0, 1000.0, 1000.0, 1000.0, 1000.0, 1000.0, 1000.0, 1000.0, 1000.0, 1000.0, 1000.0, 1000.0, 1000.0, 50.71]
time: [5.94, 7.8, 11.92, 14.38, 1000, 1000, 1000, 1000, 1000, 1000, 1000, 1000, 1000, 1000]
current_hyper_parameter
v: [21.43, 12.0, 11.95, 29.06, 17.3, 30.02, 12.0, 12.0, 12.0, 12.0, 12.0, 34.65, 22.79, 29.43]
a: [88.42, 61.69, 50.0, 156.84, 46.57, 147.83, 50.0, 69.91, 139.36, 50.0, 50.0, 105.78, 50.0, 50.0]
d: [3.5, 3.5, 3.7, 3.5, 3.5, 3.5, 3.5, 3.5, 3.5, 3.5, 3.5, 3.5, 3.5, 2.0]
BEST_hyper_parameter
v: [21.43, 12.0, 11.95, 29.06, 17.3, 30.02, 12.0, 12.0, 12.0, 12.0, 12.0, 34.65, 22.79, 12.0]
a: [88.42, 61.69, 50.0, 139.41, 46.57, 147.83, 50.0, 69.91, 139.36, 50.0, 50.0, 105.78, 50.0, 50.0]
d: [3.5, 3.5, 3.7, 3.5, 3.5, 3.5, 3.5, 3.5, 3.5, 3.5, 3.5, 3.5, 3.5, 2.0]
random_idx_1 = 1, random_idx_2 = 2
random_idx_1 = 2, random_idx_2 = 8

iteration: 34
best: [1000.0, 1000.0, 1000.0, 1000.0, 1000.0, 1000.0, 1000.0, 1000.0, 1000.0, 1000.0, 1000.0, 1000.0, 1000.0, 50.71]
time: [5.88, 7.74, 11.95, 17.44, 1000, 1000, 1000, 1000, 1000, 1000, 1000, 1000, 1000, 1000]
current_hyper_parameter
v: [21.43, 12.0, 11.95, 29.06, 17.3, 30.02, 12.0, 12.0, 12.0, 12.0, 12.0, 34.65, 22.79, 12.0]
a: [88.42, 61.69, 43.72, 139.41, 46.57, 147.83, 50.0, 69.91, 139.36, 50.0, 50.0, 105.78, 50.0, 50.0]
d: [3.5, 3.5, 3.7, 3.5, 3.5, 3.5, 3.5, 3.5, 3.5, 3.5, 3.5, 3.5, 3.5, 2.0]
BEST_hyper_parameter
v: [21.43, 12.0, 11.95, 29.06, 17.3, 30.02, 12.0, 12.0, 12.0, 12.0, 12.0, 34.65, 22.79, 12.0]
a: [88.42, 61.69, 50.0, 139.41, 46.57, 147.83, 50.0, 69.91, 139.36, 50.0, 50.0, 105.78, 50.0, 50.0]
d: [3.5, 3.5, 3.7, 3.5, 3.5, 3.5, 3.5, 3.5, 3.5, 3.5, 3.5, 3.5, 3.5, 2.0]
random_idx_1 = 1, random_idx_2 = 4
random_idx_1 = 0, random_idx_2 = 5

iteration: 35
best: [1000.0, 1000.0, 1000.0, 1000.0, 1000.0, 1000.0, 1000.0, 1000.0, 1000.0, 1000.0, 1000.0, 1000.0, 1000.0, 50.71]
time: [5.95, 7.79, 11.94, 17.43, 23.4, 25.83, 41.24, 45.14, 46.98, 49.22, 1000, 1000, 1000, 1000]
current_hyper_parameter
v: [21.43, 12.0, 11.95, 29.06, 17.3, 30.59, 12.0, 12.0, 12.0, 12.0, 12.0, 34.65, 22.79, 12.0]
a: [88.42, 61.69, 50.0, 139.41, 60.06, 147.83, 50.0, 69.91, 139.36, 50.0, 50.0, 105.78, 50.0, 50.0]
d: [3.5, 3.5, 3.7, 3.5, 3.5, 3.5, 3.5, 3.5, 3.5, 3.5, 3.5, 3.5, 3.5, 2.0]
BEST_hyper_parameter
v: [21.43, 12.0, 11.95, 29.06, 17.3, 30.02, 12.0, 12.0, 12.0, 12.0, 12.0, 34.65, 22.79, 12.0]
a: [88.42, 61.69, 50.0, 139.41, 46.57, 147.83, 50.0, 69.91, 139.36, 50.0, 50.0, 105.78, 50.0, 50.0]
d: [3.5, 3.5, 3.7, 3.5, 3.5, 3.5, 3.5, 3.5, 3.5, 3.5, 3.5, 3.5, 3.5, 2.0]
random_idx_1 = 1, random_idx_2 = 3
random_idx_1 = 1, random_idx_2 = 4

iteration: 36
best: [1000.0, 1000.0, 1000.0, 1000.0, 1000.0, 1000.0, 1000.0, 1000.0, 1000.0, 1000.0, 1000.0, 1000.0, 1000.0, 50.71]
time: [5.9, 7.75, 11.82, 14.1, 1000, 1000, 1000, 1000, 1000, 1000, 1000, 1000, 1000, 1000]
current_hyper_parameter
v: [21.43, 12.0, 11.95, 29.06, 17.3, 30.02, 12.0, 12.0, 12.0, 12.0, 12.0, 34.65, 22.79, 12.0]
a: [88.42, 61.69, 50.0, 146.5, 150.81, 147.83, 50.0, 69.91, 139.36, 50.0, 50.0, 105.78, 50.0, 50.0]
d: [3.5, 3.5, 3.7, 3.5, 3.5, 3.5, 3.5, 3.5, 3.5, 3.5, 3.5, 3.5, 3.5, 2.0]
BEST_hyper_parameter
v: [21.43, 12.0, 11.95, 29.06, 17.3, 30.02, 12.0, 12.0, 12.0, 12.0, 12.0, 34.65, 22.79, 12.0]
a: [88.42, 61.69, 50.0, 139.41, 46.57, 147.83, 50.0, 69.91, 139.36, 50.0, 50.0, 105.78, 50.0, 50.0]
d: [3.5, 3.5, 3.7, 3.5, 3.5, 3.5, 3.5, 3.5, 3.5, 3.5, 3.5, 3.5, 3.5, 2.0]
random_idx_1 = 0, random_idx_2 = 7
random_idx_1 = 1, random_idx_2 = 12

iteration: 37
best: [1000.0, 1000.0, 1000.0, 1000.0, 1000.0, 1000.0, 1000.0, 1000.0, 1000.0, 1000.0, 1000.0, 1000.0, 1000.0, 50.71]
time: [5.95, 7.83, 12.07, 17.45, 23.38, 26.8, 42.55, 45.75, 51.58, 1000, 1000, 1000, 1000, 1000]
current_hyper_parameter
v: [21.43, 12.0, 11.95, 29.06, 17.3, 30.02, 12.0, 30.85, 12.0, 12.0, 12.0, 34.65, 22.79, 12.0]
a: [88.42, 61.69, 50.0, 139.41, 46.57, 147.83, 50.0, 69.91, 139.36, 50.0, 50.0, 105.78, 93.93, 50.0]
d: [3.5, 3.5, 3.7, 3.5, 3.5, 3.5, 3.5, 3.5, 3.5, 3.5, 3.5, 3.5, 3.5, 2.0]
BEST_hyper_parameter
v: [21.43, 12.0, 11.95, 29.06, 17.3, 30.02, 12.0, 12.0, 12.0, 12.0, 12.0, 34.65, 22.79, 12.0]
a: [88.42, 61.69, 50.0, 139.41, 46.57, 147.83, 50.0, 69.91, 139.36, 50.0, 50.0, 105.78, 50.0, 50.0]
d: [3.5, 3.5, 3.7, 3.5, 3.5, 3.5, 3.5, 3.5, 3.5, 3.5, 3.5, 3.5, 3.5, 2.0]
random_idx_1 = 0, random_idx_2 = 1
random_idx_1 = 0, random_idx_2 = 3

iteration: 38
best: [1000.0, 1000.0, 1000.0, 1000.0, 1000.0, 1000.0, 1000.0, 1000.0, 1000.0, 1000.0, 1000.0, 1000.0, 1000.0, 50.71]
time: [5.97, 7.83, 12.04, 1000, 1000, 1000, 1000, 1000, 1000, 1000, 1000, 1000, 1000, 1000]
current_hyper_parameter
v: [21.43, 10.87, 11.95, 12.55, 17.3, 30.02, 12.0, 12.0, 12.0, 12.0, 12.0, 34.65, 22.79, 12.0]
a: [88.42, 61.69, 50.0, 139.41, 46.57, 147.83, 50.0, 69.91, 139.36, 50.0, 50.0, 105.78, 50.0, 50.0]
d: [3.5, 3.5, 3.7, 3.5, 3.5, 3.5, 3.5, 3.5, 3.5, 3.5, 3.5, 3.5, 3.5, 2.0]
BEST_hyper_parameter
v: [21.43, 12.0, 11.95, 29.06, 17.3, 30.02, 12.0, 12.0, 12.0, 12.0, 12.0, 34.65, 22.79, 12.0]
a: [88.42, 61.69, 50.0, 139.41, 46.57, 147.83, 50.0, 69.91, 139.36, 50.0, 50.0, 105.78, 50.0, 50.0]
d: [3.5, 3.5, 3.7, 3.5, 3.5, 3.5, 3.5, 3.5, 3.5, 3.5, 3.5, 3.5, 3.5, 2.0]
random_idx_1 = 0, random_idx_2 = 2
random_idx_1 = 1, random_idx_2 = 5

iteration: 39
best: [1000.0, 1000.0, 1000.0, 1000.0, 1000.0, 1000.0, 1000.0, 1000.0, 1000.0, 1000.0, 1000.0, 1000.0, 1000.0, 50.71]
time: [5.95, 7.84, 12.18, 17.79, 22.22, 27.12, 50.23, 1000, 1000, 1000, 1000, 1000, 1000, 1000]
current_hyper_parameter
v: [21.43, 12.0, 10.64, 29.06, 17.3, 30.02, 12.0, 12.0, 12.0, 12.0, 12.0, 34.65, 22.79, 12.0]
a: [88.42, 61.69, 50.0, 139.41, 46.57, 32.25, 50.0, 69.91, 139.36, 50.0, 50.0, 105.78, 50.0, 50.0]
d: [3.5, 3.5, 3.7, 3.5, 3.5, 3.5, 3.5, 3.5, 3.5, 3.5, 3.5, 3.5, 3.5, 2.0]
BEST_hyper_parameter
v: [21.43, 12.0, 11.95, 29.06, 17.3, 30.02, 12.0, 12.0, 12.0, 12.0, 12.0, 34.65, 22.79, 12.0]
a: [88.42, 61.69, 50.0, 139.41, 46.57, 147.83, 50.0, 69.91, 139.36, 50.0, 50.0, 105.78, 50.0, 50.0]
d: [3.5, 3.5, 3.7, 3.5, 3.5, 3.5, 3.5, 3.5, 3.5, 3.5, 3.5, 3.5, 3.5, 2.0]
random_idx_1 = 2, random_idx_2 = 13
random_idx_1 = 0, random_idx_2 = 5

iteration: 40
best: [1000.0, 1000.0, 1000.0, 1000.0, 1000.0, 1000.0, 1000.0, 1000.0, 1000.0, 1000.0, 1000.0, 1000.0, 1000.0, 50.71]
time: [5.94, 7.81, 11.94, 17.43, 20.51, 23.38, 40.48, 44.38, 46.33, 48.71, 50.76, 52.24, 1000, 1000]
current_hyper_parameter
v: [21.43, 12.0, 11.95, 29.06, 17.3, 32.72, 12.0, 12.0, 12.0, 12.0, 12.0, 34.65, 22.79, 12.0]
a: [88.42, 61.69, 50.0, 139.41, 46.57, 147.83, 50.0, 69.91, 139.36, 50.0, 50.0, 105.78, 50.0, 50.0]
d: [3.5, 3.5, 3.7, 3.5, 3.5, 3.5, 3.5, 3.5, 3.5, 3.5, 3.5, 3.5, 3.5, 2.0]
BEST_hyper_parameter
v: [21.43, 12.0, 11.95, 29.06, 17.3, 30.02, 12.0, 12.0, 12.0, 12.0, 12.0, 34.65, 22.79, 12.0]
a: [88.42, 61.69, 50.0, 139.41, 46.57, 147.83, 50.0, 69.91, 139.36, 50.0, 50.0, 105.78, 50.0, 50.0]
d: [3.5, 3.5, 3.7, 3.5, 3.5, 3.5, 3.5, 3.5, 3.5, 3.5, 3.5, 3.5, 3.5, 2.0]
random_idx_1 = 0, random_idx_2 = 1
random_idx_1 = 1, random_idx_2 = 13

iteration: 41
best: [1000.0, 1000.0, 1000.0, 1000.0, 1000.0, 1000.0, 1000.0, 1000.0, 1000.0, 1000.0, 1000.0, 1000.0, 1000.0, 50.71]
time: [5.91, 7.64, 11.41, 16.92, 1000, 1000, 1000, 1000, 1000, 1000, 1000, 1000, 1000, 1000]
current_hyper_parameter
v: [21.43, 22.57, 11.95, 29.06, 17.3, 30.02, 12.0, 12.0, 12.0, 12.0, 12.0, 34.65, 22.79, 12.0]
a: [88.42, 61.69, 50.0, 139.41, 46.57, 147.83, 50.0, 69.91, 139.36, 50.0, 50.0, 105.78, 50.0, 62.7]
d: [3.5, 3.5, 3.7, 3.5, 3.5, 3.5, 3.5, 3.5, 3.5, 3.5, 3.5, 3.5, 3.5, 2.0]
BEST_hyper_parameter
v: [21.43, 12.0, 11.95, 29.06, 17.3, 30.02, 12.0, 12.0, 12.0, 12.0, 12.0, 34.65, 22.79, 12.0]
a: [88.42, 61.69, 50.0, 139.41, 46.57, 147.83, 50.0, 69.91, 139.36, 50.0, 50.0, 105.78, 50.0, 50.0]
d: [3.5, 3.5, 3.7, 3.5, 3.5, 3.5, 3.5, 3.5, 3.5, 3.5, 3.5, 3.5, 3.5, 2.0]
random_idx_1 = 1, random_idx_2 = 7
random_idx_1 = 0, random_idx_2 = 0

iteration: 42
best: [1000.0, 1000.0, 1000.0, 1000.0, 1000.0, 1000.0, 1000.0, 1000.0, 1000.0, 1000.0, 1000.0, 1000.0, 1000.0, 50.71]
time: [5.83, 7.62, 11.54, 16.94, 23.09, 1000, 1000, 1000, 1000, 1000, 1000, 1000, 1000, 1000]
current_hyper_parameter
v: [25.46, 12.0, 11.95, 29.06, 17.3, 30.02, 12.0, 12.0, 12.0, 12.0, 12.0, 34.65, 22.79, 12.0]
a: [88.42, 61.69, 50.0, 139.41, 46.57, 147.83, 50.0, 105.1, 139.36, 50.0, 50.0, 105.78, 50.0, 50.0]
d: [3.5, 3.5, 3.7, 3.5, 3.5, 3.5, 3.5, 3.5, 3.5, 3.5, 3.5, 3.5, 3.5, 2.0]
BEST_hyper_parameter
v: [21.43, 12.0, 11.95, 29.06, 17.3, 30.02, 12.0, 12.0, 12.0, 12.0, 12.0, 34.65, 22.79, 12.0]
a: [88.42, 61.69, 50.0, 139.41, 46.57, 147.83, 50.0, 69.91, 139.36, 50.0, 50.0, 105.78, 50.0, 50.0]
d: [3.5, 3.5, 3.7, 3.5, 3.5, 3.5, 3.5, 3.5, 3.5, 3.5, 3.5, 3.5, 3.5, 2.0]
random_idx_1 = 2, random_idx_2 = 3
random_idx_1 = 2, random_idx_2 = 11

iteration: 43
best: [1000.0, 1000.0, 1000.0, 1000.0, 1000.0, 1000.0, 1000.0, 1000.0, 1000.0, 1000.0, 1000.0, 1000.0, 1000.0, 50.71]
time: [5.9, 7.75, 11.84, 14.13, 20.52, 1000, 1000, 1000, 1000, 1000, 1000, 1000, 1000, 1000]
current_hyper_parameter
v: [21.43, 12.0, 11.95, 29.06, 17.3, 30.02, 12.0, 12.0, 12.0, 12.0, 12.0, 34.65, 22.79, 12.0]
a: [88.42, 61.69, 50.0, 139.41, 46.57, 147.83, 50.0, 69.91, 139.36, 50.0, 50.0, 105.78, 50.0, 50.0]
d: [3.5, 3.5, 3.7, 3.5, 3.5, 3.5, 3.5, 3.5, 3.5, 3.5, 3.5, 3.5, 3.5, 2.0]
BEST_hyper_parameter
v: [21.43, 12.0, 11.95, 29.06, 17.3, 30.02, 12.0, 12.0, 12.0, 12.0, 12.0, 34.65, 22.79, 12.0]
a: [88.42, 61.69, 50.0, 139.41, 46.57, 147.83, 50.0, 69.91, 139.36, 50.0, 50.0, 105.78, 50.0, 50.0]
d: [3.5, 3.5, 3.7, 3.5, 3.5, 3.5, 3.5, 3.5, 3.5, 3.5, 3.5, 3.5, 3.5, 2.0]
random_idx_1 = 0, random_idx_2 = 9
random_idx_1 = 0, random_idx_2 = 13

iteration: 44
best: [1000.0, 1000.0, 1000.0, 1000.0, 1000.0, 1000.0, 1000.0, 1000.0, 1000.0, 1000.0, 1000.0, 1000.0, 1000.0, 50.71]
time: [6.02, 8.25, 12.49, 14.94, 21.04, 23.87, 39.7, 43.82, 45.89, 51.38, 1000, 1000, 1000, 1000]
current_hyper_parameter
v: [21.43, 12.0, 11.95, 29.06, 17.3, 30.02, 12.0, 12.0, 12.0, 10.21, 12.0, 34.65, 22.79, 13.37]
a: [88.42, 61.69, 50.0, 139.41, 46.57, 147.83, 50.0, 69.91, 139.36, 50.0, 50.0, 105.78, 50.0, 50.0]
d: [3.5, 3.5, 3.7, 3.5, 3.5, 3.5, 3.5, 3.5, 3.5, 3.5, 3.5, 3.5, 3.5, 2.0]
BEST_hyper_parameter
v: [21.43, 12.0, 11.95, 29.06, 17.3, 30.02, 12.0, 12.0, 12.0, 12.0, 12.0, 34.65, 22.79, 12.0]
a: [88.42, 61.69, 50.0, 139.41, 46.57, 147.83, 50.0, 69.91, 139.36, 50.0, 50.0, 105.78, 50.0, 50.0]
d: [3.5, 3.5, 3.7, 3.5, 3.5, 3.5, 3.5, 3.5, 3.5, 3.5, 3.5, 3.5, 3.5, 2.0]
random_idx_1 = 2, random_idx_2 = 13
random_idx_1 = 1, random_idx_2 = 3

iteration: 45
best: [1000.0, 1000.0, 1000.0, 1000.0, 1000.0, 1000.0, 1000.0, 1000.0, 1000.0, 1000.0, 1000.0, 1000.0, 1000.0, 50.71]
time: [5.89, 7.72, 11.85, 14.37, 18.0, 20.81, 38.25, 42.16, 44.24, 47.42, 49.99, 1000, 1000, 1000]
current_hyper_parameter
v: [21.43, 12.0, 11.95, 29.06, 17.3, 30.02, 12.0, 12.0, 12.0, 12.0, 12.0, 34.65, 22.79, 12.0]
a: [88.42, 61.69, 50.0, 96.84, 46.57, 147.83, 50.0, 69.91, 139.36, 50.0, 50.0, 105.78, 50.0, 50.0]
d: [3.5, 3.5, 3.7, 3.5, 3.5, 3.5, 3.5, 3.5, 3.5, 3.5, 3.5, 3.5, 3.5, 2.0]
BEST_hyper_parameter
v: [21.43, 12.0, 11.95, 29.06, 17.3, 30.02, 12.0, 12.0, 12.0, 12.0, 12.0, 34.65, 22.79, 12.0]
a: [88.42, 61.69, 50.0, 139.41, 46.57, 147.83, 50.0, 69.91, 139.36, 50.0, 50.0, 105.78, 50.0, 50.0]
d: [3.5, 3.5, 3.7, 3.5, 3.5, 3.5, 3.5, 3.5, 3.5, 3.5, 3.5, 3.5, 3.5, 2.0]
random_idx_1 = 2, random_idx_2 = 13
random_idx_1 = 1, random_idx_2 = 12

iteration: 46
best: [1000.0, 1000.0, 1000.0, 1000.0, 1000.0, 1000.0, 1000.0, 1000.0, 1000.0, 1000.0, 1000.0, 1000.0, 1000.0, 50.71]
time: [5.96, 7.84, 12.09, 17.47, 23.66, 26.64, 41.2, 45.17, 47.03, 49.24, 51.14, 52.7, 1000, 1000]
current_hyper_parameter
v: [21.43, 12.0, 11.95, 29.06, 17.3, 30.02, 12.0, 12.0, 12.0, 12.0, 12.0, 34.65, 22.79, 12.0]
a: [88.42, 61.69, 50.0, 139.41, 46.57, 147.83, 50.0, 69.91, 139.36, 50.0, 50.0, 105.78, 159.42, 50.0]
d: [3.5, 3.5, 3.7, 3.5, 3.5, 3.5, 3.5, 3.5, 3.5, 3.5, 3.5, 3.5, 3.5, 2.0]
BEST_hyper_parameter
v: [21.43, 12.0, 11.95, 29.06, 17.3, 30.02, 12.0, 12.0, 12.0, 12.0, 12.0, 34.65, 22.79, 12.0]
a: [88.42, 61.69, 50.0, 139.41, 46.57, 147.83, 50.0, 69.91, 139.36, 50.0, 50.0, 105.78, 50.0, 50.0]
d: [3.5, 3.5, 3.7, 3.5, 3.5, 3.5, 3.5, 3.5, 3.5, 3.5, 3.5, 3.5, 3.5, 2.0]
random_idx_1 = 0, random_idx_2 = 11
random_idx_1 = 1, random_idx_2 = 13

iteration: 47
best: [1000.0, 1000.0, 1000.0, 1000.0, 1000.0, 1000.0, 1000.0, 1000.0, 1000.0, 1000.0, 1000.0, 1000.0, 1000.0, 50.71]
time: [5.96, 7.8, 11.94, 14.43, 1000, 1000, 1000, 1000, 1000, 1000, 1000, 1000, 1000, 1000]
current_hyper_parameter
v: [21.43, 12.0, 11.95, 29.06, 17.3, 30.02, 12.0, 12.0, 12.0, 12.0, 12.0, 22.79, 22.79, 12.0]
a: [88.42, 61.69, 50.0, 139.41, 46.57, 147.83, 50.0, 69.91, 139.36, 50.0, 50.0, 105.78, 50.0, 110.27]
d: [3.5, 3.5, 3.7, 3.5, 3.5, 3.5, 3.5, 3.5, 3.5, 3.5, 3.5, 3.5, 3.5, 2.0]
BEST_hyper_parameter
v: [21.43, 12.0, 11.95, 29.06, 17.3, 30.02, 12.0, 12.0, 12.0, 12.0, 12.0, 34.65, 22.79, 12.0]
a: [88.42, 61.69, 50.0, 139.41, 46.57, 147.83, 50.0, 69.91, 139.36, 50.0, 50.0, 105.78, 50.0, 50.0]
d: [3.5, 3.5, 3.7, 3.5, 3.5, 3.5, 3.5, 3.5, 3.5, 3.5, 3.5, 3.5, 3.5, 2.0]
random_idx_1 = 0, random_idx_2 = 13
random_idx_1 = 0, random_idx_2 = 0

iteration: 48
best: [1000.0, 1000.0, 1000.0, 1000.0, 1000.0, 1000.0, 1000.0, 1000.0, 1000.0, 1000.0, 1000.0, 1000.0, 1000.0, 50.71]
time: [6.37, 8.62, 12.83, 15.14, 18.22, 20.97, 35.92, 39.75, 41.69, 44.06, 46.04, 47.73, 50.64, 52.39]
current_hyper_parameter
v: [10.16, 12.0, 11.95, 29.06, 17.3, 30.02, 12.0, 12.0, 12.0, 12.0, 12.0, 34.65, 22.79, 9.43]
a: [88.42, 61.69, 50.0, 139.41, 46.57, 147.83, 50.0, 69.91, 139.36, 50.0, 50.0, 105.78, 50.0, 50.0]
d: [3.5, 3.5, 3.7, 3.5, 3.5, 3.5, 3.5, 3.5, 3.5, 3.5, 3.5, 3.5, 3.5, 2.0]
BEST_hyper_parameter
v: [21.43, 12.0, 11.95, 29.06, 17.3, 30.02, 12.0, 12.0, 12.0, 12.0, 12.0, 34.65, 22.79, 12.0]
a: [88.42, 61.69, 50.0, 139.41, 46.57, 147.83, 50.0, 69.91, 139.36, 50.0, 50.0, 105.78, 50.0, 50.0]
d: [3.5, 3.5, 3.7, 3.5, 3.5, 3.5, 3.5, 3.5, 3.5, 3.5, 3.5, 3.5, 3.5, 2.0]
random_idx_1 = 2, random_idx_2 = 13
random_idx_1 = 1, random_idx_2 = 2

iteration: 49
best: [1000.0, 1000.0, 1000.0, 1000.0, 1000.0, 1000.0, 1000.0, 1000.0, 1000.0, 1000.0, 1000.0, 1000.0, 1000.0, 50.71]
time: [5.96, 7.82, 11.6, 14.01, 17.11, 19.93, 35.72, 39.72, 41.79, 44.89, 50.35, 1000, 1000, 1000]
current_hyper_parameter
v: [21.43, 12.0, 11.95, 29.06, 17.3, 30.02, 12.0, 12.0, 12.0, 12.0, 12.0, 34.65, 22.79, 12.0]
a: [88.42, 61.69, 136.4, 139.41, 46.57, 147.83, 50.0, 69.91, 139.36, 50.0, 50.0, 105.78, 50.0, 50.0]
d: [3.5, 3.5, 3.7, 3.5, 3.5, 3.5, 3.5, 3.5, 3.5, 3.5, 3.5, 3.5, 3.5, 2.0]
BEST_hyper_parameter
v: [21.43, 12.0, 11.95, 29.06, 17.3, 30.02, 12.0, 12.0, 12.0, 12.0, 12.0, 34.65, 22.79, 12.0]
a: [88.42, 61.69, 50.0, 139.41, 46.57, 147.83, 50.0, 69.91, 139.36, 50.0, 50.0, 105.78, 50.0, 50.0]
d: [3.5, 3.5, 3.7, 3.5, 3.5, 3.5, 3.5, 3.5, 3.5, 3.5, 3.5, 3.5, 3.5, 2.0]
random_idx_1 = 1, random_idx_2 = 0
random_idx_1 = 2, random_idx_2 = 9

iteration: 50
best: [1000.0, 1000.0, 1000.0, 1000.0, 1000.0, 1000.0, 1000.0, 1000.0, 1000.0, 1000.0, 1000.0, 1000.0, 1000.0, 50.71]
time: [5.83, 7.53, 11.44, 13.91, 17.05, 19.88, 34.95, 38.8, 40.73, 46.03, 48.28, 50.08, 1000, 1000]
current_hyper_parameter
v: [21.43, 12.0, 11.95, 29.06, 17.3, 30.02, 12.0, 12.0, 12.0, 12.0, 12.0, 34.65, 22.79, 12.0]
a: [123.01, 61.69, 50.0, 139.41, 46.57, 147.83, 50.0, 69.91, 139.36, 50.0, 50.0, 105.78, 50.0, 50.0]
d: [3.5, 3.5, 3.7, 3.5, 3.5, 3.5, 3.5, 3.5, 3.5, 3.5, 3.5, 3.5, 3.5, 2.0]
BEST_hyper_parameter
v: [21.43, 12.0, 11.95, 29.06, 17.3, 30.02, 12.0, 12.0, 12.0, 12.0, 12.0, 34.65, 22.79, 12.0]
a: [88.42, 61.69, 50.0, 139.41, 46.57, 147.83, 50.0, 69.91, 139.36, 50.0, 50.0, 105.78, 50.0, 50.0]
d: [3.5, 3.5, 3.7, 3.5, 3.5, 3.5, 3.5, 3.5, 3.5, 3.5, 3.5, 3.5, 3.5, 2.0]
random_idx_1 = 1, random_idx_2 = 10
random_idx_1 = 0, random_idx_2 = 10

iteration: 51
best: [1000.0, 1000.0, 1000.0, 1000.0, 1000.0, 1000.0, 1000.0, 1000.0, 1000.0, 1000.0, 1000.0, 1000.0, 1000.0, 50.71]
time: [5.95, 7.83, 12.08, 17.48, 20.53, 23.39, 38.52, 42.35, 44.43, 46.95, 48.7, 50.49, 1000, 1000]
current_hyper_parameter
v: [21.43, 12.0, 11.95, 29.06, 17.3, 30.02, 12.0, 12.0, 12.0, 12.0, 33.19, 34.65, 22.79, 12.0]
a: [88.42, 61.69, 50.0, 139.41, 46.57, 147.83, 50.0, 69.91, 139.36, 50.0, 102.12, 105.78, 50.0, 50.0]
d: [3.5, 3.5, 3.7, 3.5, 3.5, 3.5, 3.5, 3.5, 3.5, 3.5, 3.5, 3.5, 3.5, 2.0]
BEST_hyper_parameter
v: [21.43, 12.0, 11.95, 29.06, 17.3, 30.02, 12.0, 12.0, 12.0, 12.0, 12.0, 34.65, 22.79, 12.0]
a: [88.42, 61.69, 50.0, 139.41, 46.57, 147.83, 50.0, 69.91, 139.36, 50.0, 50.0, 105.78, 50.0, 50.0]
d: [3.5, 3.5, 3.7, 3.5, 3.5, 3.5, 3.5, 3.5, 3.5, 3.5, 3.5, 3.5, 3.5, 2.0]
random_idx_1 = 2, random_idx_2 = 8
random_idx_1 = 0, random_idx_2 = 3

iteration: 52
best: [1000.0, 1000.0, 1000.0, 1000.0, 1000.0, 1000.0, 1000.0, 1000.0, 1000.0, 1000.0, 1000.0, 1000.0, 1000.0, 50.71]
time: [5.96, 7.87, 12.1, 15.31, 18.93, 21.32, 39.6, 43.42, 45.44, 47.95, 50.33, 51.84, 1000, 1000]
current_hyper_parameter
v: [21.43, 12.0, 11.95, 12.32, 17.3, 30.02, 12.0, 12.0, 12.0, 12.0, 12.0, 34.65, 22.79, 12.0]
a: [88.42, 61.69, 50.0, 139.41, 46.57, 147.83, 50.0, 69.91, 139.36, 50.0, 50.0, 105.78, 50.0, 50.0]
d: [3.5, 3.5, 3.7, 3.5, 3.5, 3.5, 3.5, 3.5, 3.5, 3.5, 3.5, 3.5, 3.5, 2.0]
BEST_hyper_parameter
v: [21.43, 12.0, 11.95, 29.06, 17.3, 30.02, 12.0, 12.0, 12.0, 12.0, 12.0, 34.65, 22.79, 12.0]
a: [88.42, 61.69, 50.0, 139.41, 46.57, 147.83, 50.0, 69.91, 139.36, 50.0, 50.0, 105.78, 50.0, 50.0]
d: [3.5, 3.5, 3.7, 3.5, 3.5, 3.5, 3.5, 3.5, 3.5, 3.5, 3.5, 3.5, 3.5, 2.0]
random_idx_1 = 2, random_idx_2 = 4
random_idx_1 = 2, random_idx_2 = 4

iteration: 53
best: [1000.0, 1000.0, 1000.0, 1000.0, 1000.0, 1000.0, 1000.0, 1000.0, 1000.0, 1000.0, 1000.0, 1000.0, 1000.0, 50.71]
time: [5.95, 7.85, 12.1, 17.66, 25.96, 28.35, 49.13, 1000, 1000, 1000, 1000, 1000, 1000, 1000]
current_hyper_parameter
v: [21.43, 12.0, 11.95, 29.06, 17.3, 30.02, 12.0, 12.0, 12.0, 12.0, 12.0, 34.65, 22.79, 12.0]
a: [88.42, 61.69, 50.0, 139.41, 46.57, 147.83, 50.0, 69.91, 139.36, 50.0, 50.0, 105.78, 50.0, 50.0]
d: [3.5, 3.5, 3.7, 3.5, 3.5, 3.5, 3.5, 3.5, 3.5, 3.5, 3.5, 3.5, 3.5, 2.0]
BEST_hyper_parameter
v: [21.43, 12.0, 11.95, 29.06, 17.3, 30.02, 12.0, 12.0, 12.0, 12.0, 12.0, 34.65, 22.79, 12.0]
a: [88.42, 61.69, 50.0, 139.41, 46.57, 147.83, 50.0, 69.91, 139.36, 50.0, 50.0, 105.78, 50.0, 50.0]
d: [3.5, 3.5, 3.7, 3.5, 3.5, 3.5, 3.5, 3.5, 3.5, 3.5, 3.5, 3.5, 3.5, 2.0]
random_idx_1 = 0, random_idx_2 = 5
random_idx_1 = 1, random_idx_2 = 2

iteration: 54
best: [1000.0, 1000.0, 1000.0, 1000.0, 1000.0, 1000.0, 1000.0, 1000.0, 1000.0, 1000.0, 1000.0, 1000.0, 1000.0, 50.71]
time: [5.97, 7.86, 11.62, 13.92, 17.03, 20.09, 51.29, 1000, 1000, 1000, 1000, 1000, 1000, 1000]
current_hyper_parameter
v: [21.43, 12.0, 11.95, 29.06, 17.3, 20.6, 12.0, 12.0, 12.0, 12.0, 12.0, 34.65, 22.79, 12.0]
a: [88.42, 61.69, 146.84, 139.41, 46.57, 147.83, 50.0, 69.91, 139.36, 50.0, 50.0, 105.78, 50.0, 50.0]
d: [3.5, 3.5, 3.7, 3.5, 3.5, 3.5, 3.5, 3.5, 3.5, 3.5, 3.5, 3.5, 3.5, 2.0]
BEST_hyper_parameter
v: [21.43, 12.0, 11.95, 29.06, 17.3, 30.02, 12.0, 12.0, 12.0, 12.0, 12.0, 34.65, 22.79, 12.0]
a: [88.42, 61.69, 50.0, 139.41, 46.57, 147.83, 50.0, 69.91, 139.36, 50.0, 50.0, 105.78, 50.0, 50.0]
d: [3.5, 3.5, 3.7, 3.5, 3.5, 3.5, 3.5, 3.5, 3.5, 3.5, 3.5, 3.5, 3.5, 2.0]
random_idx_1 = 0, random_idx_2 = 1
random_idx_1 = 0, random_idx_2 = 11

iteration: 55
best: [1000.0, 1000.0, 1000.0, 1000.0, 1000.0, 1000.0, 1000.0, 1000.0, 1000.0, 1000.0, 1000.0, 1000.0, 1000.0, 50.71]
time: [5.95, 7.81, 12.0, 17.46, 20.53, 23.38, 38.9, 42.74, 44.85, 48.02, 50.61, 56.3, 1000, 1000]
current_hyper_parameter
v: [21.43, 14.56, 11.95, 29.06, 17.3, 30.02, 12.0, 12.0, 12.0, 12.0, 12.0, 28.56, 22.79, 12.0]
a: [88.42, 61.69, 50.0, 139.41, 46.57, 147.83, 50.0, 69.91, 139.36, 50.0, 50.0, 105.78, 50.0, 50.0]
d: [3.5, 3.5, 3.7, 3.5, 3.5, 3.5, 3.5, 3.5, 3.5, 3.5, 3.5, 3.5, 3.5, 2.0]
BEST_hyper_parameter
v: [21.43, 12.0, 11.95, 29.06, 17.3, 30.02, 12.0, 12.0, 12.0, 12.0, 12.0, 34.65, 22.79, 12.0]
a: [88.42, 61.69, 50.0, 139.41, 46.57, 147.83, 50.0, 69.91, 139.36, 50.0, 50.0, 105.78, 50.0, 50.0]
d: [3.5, 3.5, 3.7, 3.5, 3.5, 3.5, 3.5, 3.5, 3.5, 3.5, 3.5, 3.5, 3.5, 2.0]
random_idx_1 = 1, random_idx_2 = 6
random_idx_1 = 2, random_idx_2 = 3

iteration: 56
best: [1000.0, 1000.0, 1000.0, 1000.0, 1000.0, 1000.0, 1000.0, 1000.0, 1000.0, 1000.0, 1000.0, 1000.0, 1000.0, 50.71]
time: [5.97, 7.85, 12.07, 17.48, 20.53, 23.37, 38.58, 42.12, 43.96, 46.24, 48.05, 49.92, 1000, 1000]
current_hyper_parameter
v: [21.43, 12.0, 11.95, 29.06, 17.3, 30.02, 12.0, 12.0, 12.0, 12.0, 12.0, 34.65, 22.79, 12.0]
a: [88.42, 61.69, 50.0, 139.41, 46.57, 147.83, 124.28, 69.91, 139.36, 50.0, 50.0, 105.78, 50.0, 50.0]
d: [3.5, 3.5, 3.7, 3.5, 3.5, 3.5, 3.5, 3.5, 3.5, 3.5, 3.5, 3.5, 3.5, 2.0]
BEST_hyper_parameter
v: [21.43, 12.0, 11.95, 29.06, 17.3, 30.02, 12.0, 12.0, 12.0, 12.0, 12.0, 34.65, 22.79, 12.0]
a: [88.42, 61.69, 50.0, 139.41, 46.57, 147.83, 50.0, 69.91, 139.36, 50.0, 50.0, 105.78, 50.0, 50.0]
d: [3.5, 3.5, 3.7, 3.5, 3.5, 3.5, 3.5, 3.5, 3.5, 3.5, 3.5, 3.5, 3.5, 2.0]
random_idx_1 = 0, random_idx_2 = 3
random_idx_1 = 0, random_idx_2 = 8

iteration: 57
best: [1000.0, 1000.0, 1000.0, 1000.0, 1000.0, 1000.0, 1000.0, 1000.0, 1000.0, 1000.0, 1000.0, 1000.0, 1000.0, 50.71]
time: [5.95, 7.8, 11.95, 17.49, 25.54, 27.78, 46.53, 50.52, 52.07, 1000, 1000, 1000, 1000, 1000]
current_hyper_parameter
v: [21.43, 12.0, 11.95, 25.56, 17.3, 30.02, 12.0, 12.0, 16.76, 12.0, 12.0, 34.65, 22.79, 12.0]
a: [88.42, 61.69, 50.0, 139.41, 46.57, 147.83, 50.0, 69.91, 139.36, 50.0, 50.0, 105.78, 50.0, 50.0]
d: [3.5, 3.5, 3.7, 3.5, 3.5, 3.5, 3.5, 3.5, 3.5, 3.5, 3.5, 3.5, 3.5, 2.0]
BEST_hyper_parameter
v: [21.43, 12.0, 11.95, 29.06, 17.3, 30.02, 12.0, 12.0, 12.0, 12.0, 12.0, 34.65, 22.79, 12.0]
a: [88.42, 61.69, 50.0, 139.41, 46.57, 147.83, 50.0, 69.91, 139.36, 50.0, 50.0, 105.78, 50.0, 50.0]
d: [3.5, 3.5, 3.7, 3.5, 3.5, 3.5, 3.5, 3.5, 3.5, 3.5, 3.5, 3.5, 3.5, 2.0]
random_idx_1 = 2, random_idx_2 = 12
random_idx_1 = 1, random_idx_2 = 8

iteration: 58
best: [1000.0, 1000.0, 1000.0, 1000.0, 1000.0, 1000.0, 1000.0, 1000.0, 1000.0, 1000.0, 1000.0, 1000.0, 1000.0, 50.71]
time: [5.9, 7.75, 11.85, 14.13, 17.2, 19.93, 34.75, 38.62, 40.7, 43.42, 45.64, 47.3, 50.09, 1000]
current_hyper_parameter
v: [21.43, 12.0, 11.95, 29.06, 17.3, 30.02, 12.0, 12.0, 12.0, 12.0, 12.0, 34.65, 22.79, 12.0]
a: [88.42, 61.69, 50.0, 139.41, 46.57, 147.83, 50.0, 69.91, 102.69, 50.0, 50.0, 105.78, 50.0, 50.0]
d: [3.5, 3.5, 3.7, 3.5, 3.5, 3.5, 3.5, 3.5, 3.5, 3.5, 3.5, 3.5, 3.5, 2.0]
BEST_hyper_parameter
v: [21.43, 12.0, 11.95, 29.06, 17.3, 30.02, 12.0, 12.0, 12.0, 12.0, 12.0, 34.65, 22.79, 12.0]
a: [88.42, 61.69, 50.0, 139.41, 46.57, 147.83, 50.0, 69.91, 139.36, 50.0, 50.0, 105.78, 50.0, 50.0]
d: [3.5, 3.5, 3.7, 3.5, 3.5, 3.5, 3.5, 3.5, 3.5, 3.5, 3.5, 3.5, 3.5, 2.0]
random_idx_1 = 2, random_idx_2 = 13
random_idx_1 = 1, random_idx_2 = 1

iteration: 59
best: [1000.0, 1000.0, 1000.0, 1000.0, 1000.0, 1000.0, 1000.0, 1000.0, 1000.0, 1000.0, 1000.0, 1000.0, 1000.0, 50.71]
time: [5.96, 7.71, 11.51, 13.99, 20.84, 35.77, 50.56, 1000, 1000, 1000, 1000, 1000, 1000, 1000]
current_hyper_parameter
v: [21.43, 12.0, 11.95, 29.06, 17.3, 30.02, 12.0, 12.0, 12.0, 12.0, 12.0, 34.65, 22.79, 12.0]
a: [88.42, 124.99, 50.0, 139.41, 46.57, 147.83, 50.0, 69.91, 139.36, 50.0, 50.0, 105.78, 50.0, 50.0]
d: [3.5, 3.5, 3.7, 3.5, 3.5, 3.5, 3.5, 3.5, 3.5, 3.5, 3.5, 3.5, 3.5, 2.0]
BEST_hyper_parameter
v: [21.43, 12.0, 11.95, 29.06, 17.3, 30.02, 12.0, 12.0, 12.0, 12.0, 12.0, 34.65, 22.79, 12.0]
a: [88.42, 61.69, 50.0, 139.41, 46.57, 147.83, 50.0, 69.91, 139.36, 50.0, 50.0, 105.78, 50.0, 50.0]
d: [3.5, 3.5, 3.7, 3.5, 3.5, 3.5, 3.5, 3.5, 3.5, 3.5, 3.5, 3.5, 3.5, 2.0]
random_idx_1 = 2, random_idx_2 = 8
random_idx_1 = 0, random_idx_2 = 3

iteration: 60
best: [1000.0, 1000.0, 1000.0, 1000.0, 1000.0, 1000.0, 1000.0, 1000.0, 1000.0, 1000.0, 1000.0, 1000.0, 1000.0, 50.71]
time: [5.89, 7.73, 11.93, 14.38, 20.44, 23.42, 49.1, 1000, 1000, 1000, 1000, 1000, 1000, 1000]
current_hyper_parameter
v: [21.43, 12.0, 11.95, 33.88, 17.3, 30.02, 12.0, 12.0, 12.0, 12.0, 12.0, 34.65, 22.79, 12.0]
a: [88.42, 61.69, 50.0, 139.41, 46.57, 147.83, 50.0, 69.91, 139.36, 50.0, 50.0, 105.78, 50.0, 50.0]
d: [3.5, 3.5, 3.7, 3.5, 3.5, 3.5, 3.5, 3.5, 3.5, 3.5, 3.5, 3.5, 3.5, 2.0]
BEST_hyper_parameter
v: [21.43, 12.0, 11.95, 29.06, 17.3, 30.02, 12.0, 12.0, 12.0, 12.0, 12.0, 34.65, 22.79, 12.0]
a: [88.42, 61.69, 50.0, 139.41, 46.57, 147.83, 50.0, 69.91, 139.36, 50.0, 50.0, 105.78, 50.0, 50.0]
d: [3.5, 3.5, 3.7, 3.5, 3.5, 3.5, 3.5, 3.5, 3.5, 3.5, 3.5, 3.5, 3.5, 2.0]
random_idx_1 = 2, random_idx_2 = 9
random_idx_1 = 2, random_idx_2 = 11

iteration: 61
best: [1000.0, 1000.0, 1000.0, 1000.0, 1000.0, 1000.0, 1000.0, 1000.0, 1000.0, 1000.0, 1000.0, 1000.0, 1000.0, 50.71]
time: [5.95, 7.83, 12.11, 17.49, 22.7, 25.43, 41.74, 45.6, 47.56, 49.99, 1000, 1000, 1000, 1000]
current_hyper_parameter
v: [21.43, 12.0, 11.95, 29.06, 17.3, 30.02, 12.0, 12.0, 12.0, 12.0, 12.0, 34.65, 22.79, 12.0]
a: [88.42, 61.69, 50.0, 139.41, 46.57, 147.83, 50.0, 69.91, 139.36, 50.0, 50.0, 105.78, 50.0, 50.0]
d: [3.5, 3.5, 3.7, 3.5, 3.5, 3.5, 3.5, 3.5, 3.5, 3.5, 3.5, 3.5, 3.5, 2.0]
BEST_hyper_parameter
v: [21.43, 12.0, 11.95, 29.06, 17.3, 30.02, 12.0, 12.0, 12.0, 12.0, 12.0, 34.65, 22.79, 12.0]
a: [88.42, 61.69, 50.0, 139.41, 46.57, 147.83, 50.0, 69.91, 139.36, 50.0, 50.0, 105.78, 50.0, 50.0]
d: [3.5, 3.5, 3.7, 3.5, 3.5, 3.5, 3.5, 3.5, 3.5, 3.5, 3.5, 3.5, 3.5, 2.0]
random_idx_1 = 0, random_idx_2 = 9
random_idx_1 = 1, random_idx_2 = 6

iteration: 62
best: [1000.0, 1000.0, 1000.0, 1000.0, 1000.0, 1000.0, 1000.0, 1000.0, 1000.0, 1000.0, 1000.0, 1000.0, 1000.0, 50.71]
time: [5.95, 7.85, 12.08, 17.46, 23.52, 26.38, 41.76, 45.43, 47.32, 49.68, 1000, 1000, 1000, 1000]
current_hyper_parameter
v: [21.43, 12.0, 11.95, 29.06, 17.3, 30.02, 12.0, 12.0, 12.0, 12.04, 12.0, 34.65, 22.79, 12.0]
a: [88.42, 61.69, 50.0, 139.41, 46.57, 147.83, 107.09, 69.91, 139.36, 50.0, 50.0, 105.78, 50.0, 50.0]
d: [3.5, 3.5, 3.7, 3.5, 3.5, 3.5, 3.5, 3.5, 3.5, 3.5, 3.5, 3.5, 3.5, 2.0]
BEST_hyper_parameter
v: [21.43, 12.0, 11.95, 29.06, 17.3, 30.02, 12.0, 12.0, 12.0, 12.0, 12.0, 34.65, 22.79, 12.0]
a: [88.42, 61.69, 50.0, 139.41, 46.57, 147.83, 50.0, 69.91, 139.36, 50.0, 50.0, 105.78, 50.0, 50.0]
d: [3.5, 3.5, 3.7, 3.5, 3.5, 3.5, 3.5, 3.5, 3.5, 3.5, 3.5, 3.5, 3.5, 2.0]
random_idx_1 = 1, random_idx_2 = 12
random_idx_1 = 2, random_idx_2 = 9

iteration: 63
best: [1000.0, 1000.0, 1000.0, 1000.0, 1000.0, 1000.0, 1000.0, 1000.0, 1000.0, 1000.0, 1000.0, 1000.0, 1000.0, 50.71]
time: [5.95, 7.85, 12.07, 17.46, 23.82, 44.06, 1000, 1000, 1000, 1000, 1000, 1000, 1000, 1000]
current_hyper_parameter
v: [21.43, 12.0, 11.95, 29.06, 17.3, 30.02, 12.0, 12.0, 12.0, 12.0, 12.0, 34.65, 22.79, 12.0]
a: [88.42, 61.69, 50.0, 139.41, 46.57, 147.83, 50.0, 69.91, 139.36, 50.0, 50.0, 105.78, 65.91, 50.0]
d: [3.5, 3.5, 3.7, 3.5, 3.5, 3.5, 3.5, 3.5, 3.5, 3.5, 3.5, 3.5, 3.5, 2.0]
BEST_hyper_parameter
v: [21.43, 12.0, 11.95, 29.06, 17.3, 30.02, 12.0, 12.0, 12.0, 12.0, 12.0, 34.65, 22.79, 12.0]
a: [88.42, 61.69, 50.0, 139.41, 46.57, 147.83, 50.0, 69.91, 139.36, 50.0, 50.0, 105.78, 50.0, 50.0]
d: [3.5, 3.5, 3.7, 3.5, 3.5, 3.5, 3.5, 3.5, 3.5, 3.5, 3.5, 3.5, 3.5, 2.0]
random_idx_1 = 1, random_idx_2 = 1
random_idx_1 = 0, random_idx_2 = 8

iteration: 64
best: [1000.0, 1000.0, 1000.0, 1000.0, 1000.0, 1000.0, 1000.0, 1000.0, 1000.0, 1000.0, 1000.0, 1000.0, 1000.0, 50.71]
time: [5.97, 7.75, 11.54, 13.97, 19.98, 51.39, 1000, 1000, 1000, 1000, 1000, 1000, 1000, 1000]
current_hyper_parameter
v: [21.43, 12.0, 11.95, 29.06, 17.3, 30.02, 12.0, 12.0, 12.01, 12.0, 12.0, 34.65, 22.79, 12.0]
a: [88.42, 115.26, 50.0, 139.41, 46.57, 147.83, 50.0, 69.91, 139.36, 50.0, 50.0, 105.78, 50.0, 50.0]
d: [3.5, 3.5, 3.7, 3.5, 3.5, 3.5, 3.5, 3.5, 3.5, 3.5, 3.5, 3.5, 3.5, 2.0]
BEST_hyper_parameter
v: [21.43, 12.0, 11.95, 29.06, 17.3, 30.02, 12.0, 12.0, 12.0, 12.0, 12.0, 34.65, 22.79, 12.0]
a: [88.42, 61.69, 50.0, 139.41, 46.57, 147.83, 50.0, 69.91, 139.36, 50.0, 50.0, 105.78, 50.0, 50.0]
d: [3.5, 3.5, 3.7, 3.5, 3.5, 3.5, 3.5, 3.5, 3.5, 3.5, 3.5, 3.5, 3.5, 2.0]
random_idx_1 = 0, random_idx_2 = 3
random_idx_1 = 2, random_idx_2 = 12

iteration: 65
best: [1000.0, 1000.0, 1000.0, 1000.0, 1000.0, 1000.0, 1000.0, 1000.0, 1000.0, 1000.0, 1000.0, 1000.0, 1000.0, 50.71]
time: [5.94, 7.84, 12.08, 19.22, 23.5, 26.36, 43.59, 47.5, 49.53, 52.06, 1000, 1000, 1000, 1000]
current_hyper_parameter
v: [21.43, 12.0, 11.95, 10.75, 17.3, 30.02, 12.0, 12.0, 12.0, 12.0, 12.0, 34.65, 22.79, 12.0]
a: [88.42, 61.69, 50.0, 139.41, 46.57, 147.83, 50.0, 69.91, 139.36, 50.0, 50.0, 105.78, 50.0, 50.0]
d: [3.5, 3.5, 3.7, 3.5, 3.5, 3.5, 3.5, 3.5, 3.5, 3.5, 3.5, 3.5, 3.5, 2.0]
BEST_hyper_parameter
v: [21.43, 12.0, 11.95, 29.06, 17.3, 30.02, 12.0, 12.0, 12.0, 12.0, 12.0, 34.65, 22.79, 12.0]
a: [88.42, 61.69, 50.0, 139.41, 46.57, 147.83, 50.0, 69.91, 139.36, 50.0, 50.0, 105.78, 50.0, 50.0]
d: [3.5, 3.5, 3.7, 3.5, 3.5, 3.5, 3.5, 3.5, 3.5, 3.5, 3.5, 3.5, 3.5, 2.0]
random_idx_1 = 2, random_idx_2 = 8
random_idx_1 = 1, random_idx_2 = 6

iteration: 66
best: [1000.0, 1000.0, 1000.0, 1000.0, 1000.0, 1000.0, 1000.0, 1000.0, 1000.0, 1000.0, 1000.0, 1000.0, 1000.0, 50.71]
time: [5.94, 7.81, 11.94, 14.43, 23.8, 1000, 1000, 1000, 1000, 1000, 1000, 1000, 1000, 1000]
current_hyper_parameter
v: [21.43, 12.0, 11.95, 29.06, 17.3, 30.02, 12.0, 12.0, 12.0, 12.0, 12.0, 34.65, 22.79, 12.0]
a: [88.42, 61.69, 50.0, 139.41, 46.57, 147.83, 79.22, 69.91, 139.36, 50.0, 50.0, 105.78, 50.0, 50.0]
d: [3.5, 3.5, 3.7, 3.5, 3.5, 3.5, 3.5, 3.5, 3.5, 3.5, 3.5, 3.5, 3.5, 2.0]
BEST_hyper_parameter
v: [21.43, 12.0, 11.95, 29.06, 17.3, 30.02, 12.0, 12.0, 12.0, 12.0, 12.0, 34.65, 22.79, 12.0]
a: [88.42, 61.69, 50.0, 139.41, 46.57, 147.83, 50.0, 69.91, 139.36, 50.0, 50.0, 105.78, 50.0, 50.0]
d: [3.5, 3.5, 3.7, 3.5, 3.5, 3.5, 3.5, 3.5, 3.5, 3.5, 3.5, 3.5, 3.5, 2.0]
random_idx_1 = 2, random_idx_2 = 10
random_idx_1 = 1, random_idx_2 = 10

iteration: 67
best: [1000.0, 1000.0, 1000.0, 1000.0, 1000.0, 1000.0, 1000.0, 1000.0, 1000.0, 1000.0, 1000.0, 1000.0, 1000.0, 50.71]
time: [6.0, 8.27, 12.53, 14.98, 1000, 1000, 1000, 1000, 1000, 1000, 1000, 1000, 1000, 1000]
current_hyper_parameter
v: [21.43, 12.0, 11.95, 29.06, 17.3, 30.02, 12.0, 12.0, 12.0, 12.0, 12.0, 34.65, 22.79, 12.0]
a: [88.42, 61.69, 50.0, 139.41, 46.57, 147.83, 50.0, 69.91, 139.36, 50.0, 119.84, 105.78, 50.0, 50.0]
d: [3.5, 3.5, 3.7, 3.5, 3.5, 3.5, 3.5, 3.5, 3.5, 3.5, 3.5, 3.5, 3.5, 2.0]
BEST_hyper_parameter
v: [21.43, 12.0, 11.95, 29.06, 17.3, 30.02, 12.0, 12.0, 12.0, 12.0, 12.0, 34.65, 22.79, 12.0]
a: [88.42, 61.69, 50.0, 139.41, 46.57, 147.83, 50.0, 69.91, 139.36, 50.0, 50.0, 105.78, 50.0, 50.0]
d: [3.5, 3.5, 3.7, 3.5, 3.5, 3.5, 3.5, 3.5, 3.5, 3.5, 3.5, 3.5, 3.5, 2.0]
random_idx_1 = 1, random_idx_2 = 7
random_idx_1 = 0, random_idx_2 = 10

iteration: 68
best: [1000.0, 1000.0, 1000.0, 1000.0, 1000.0, 1000.0, 1000.0, 1000.0, 1000.0, 1000.0, 1000.0, 1000.0, 1000.0, 50.71]
time: [5.94, 7.78, 11.94, 17.43, 23.58, 1000, 1000, 1000, 1000, 1000, 1000, 1000, 1000, 1000]
current_hyper_parameter
v: [21.43, 12.0, 11.95, 29.06, 17.3, 30.02, 12.0, 12.0, 12.0, 12.0, 12.71, 34.65, 22.79, 12.0]
a: [88.42, 61.69, 50.0, 139.41, 46.57, 147.83, 50.0, 144.46, 139.36, 50.0, 50.0, 105.78, 50.0, 50.0]
d: [3.5, 3.5, 3.7, 3.5, 3.5, 3.5, 3.5, 3.5, 3.5, 3.5, 3.5, 3.5, 3.5, 2.0]
BEST_hyper_parameter
v: [21.43, 12.0, 11.95, 29.06, 17.3, 30.02, 12.0, 12.0, 12.0, 12.0, 12.0, 34.65, 22.79, 12.0]
a: [88.42, 61.69, 50.0, 139.41, 46.57, 147.83, 50.0, 69.91, 139.36, 50.0, 50.0, 105.78, 50.0, 50.0]
d: [3.5, 3.5, 3.7, 3.5, 3.5, 3.5, 3.5, 3.5, 3.5, 3.5, 3.5, 3.5, 3.5, 2.0]
random_idx_1 = 2, random_idx_2 = 4
random_idx_1 = 1, random_idx_2 = 5

iteration: 69
best: [1000.0, 1000.0, 1000.0, 1000.0, 1000.0, 1000.0, 1000.0, 1000.0, 1000.0, 1000.0, 1000.0, 1000.0, 1000.0, 50.71]
time: [5.89, 7.73, 11.82, 14.12, 17.19, 19.96, 34.6, 39.19, 41.2, 46.66, 50.61, 1000, 1000, 1000]
current_hyper_parameter
v: [21.43, 12.0, 11.95, 29.06, 17.3, 30.02, 12.0, 12.0, 12.0, 12.0, 12.0, 34.65, 22.79, 12.0]
a: [88.42, 61.69, 50.0, 139.41, 46.57, 134.82, 50.0, 69.91, 139.36, 50.0, 50.0, 105.78, 50.0, 50.0]
d: [3.5, 3.5, 3.7, 3.5, 3.5, 3.5, 3.5, 3.5, 3.5, 3.5, 3.5, 3.5, 3.5, 2.0]
BEST_hyper_parameter
v: [21.43, 12.0, 11.95, 29.06, 17.3, 30.02, 12.0, 12.0, 12.0, 12.0, 12.0, 34.65, 22.79, 12.0]
a: [88.42, 61.69, 50.0, 139.41, 46.57, 147.83, 50.0, 69.91, 139.36, 50.0, 50.0, 105.78, 50.0, 50.0]
d: [3.5, 3.5, 3.7, 3.5, 3.5, 3.5, 3.5, 3.5, 3.5, 3.5, 3.5, 3.5, 3.5, 2.0]
random_idx_1 = 1, random_idx_2 = 6
random_idx_1 = 0, random_idx_2 = 9

iteration: 70
best: [1000.0, 1000.0, 1000.0, 1000.0, 1000.0, 1000.0, 1000.0, 1000.0, 1000.0, 1000.0, 1000.0, 1000.0, 1000.0, 50.71]
time: [5.95, 7.84, 12.08, 17.46, 23.75, 49.45, 1000, 1000, 1000, 1000, 1000, 1000, 1000, 1000]
current_hyper_parameter
v: [21.43, 12.0, 11.95, 29.06, 17.3, 30.02, 12.0, 12.0, 12.0, 34.2, 12.0, 34.65, 22.79, 12.0]
a: [88.42, 61.69, 50.0, 139.41, 46.57, 147.83, 36.17, 69.91, 139.36, 50.0, 50.0, 105.78, 50.0, 50.0]
d: [3.5, 3.5, 3.7, 3.5, 3.5, 3.5, 3.5, 3.5, 3.5, 3.5, 3.5, 3.5, 3.5, 2.0]
BEST_hyper_parameter
v: [21.43, 12.0, 11.95, 29.06, 17.3, 30.02, 12.0, 12.0, 12.0, 12.0, 12.0, 34.65, 22.79, 12.0]
a: [88.42, 61.69, 50.0, 139.41, 46.57, 147.83, 50.0, 69.91, 139.36, 50.0, 50.0, 105.78, 50.0, 50.0]
d: [3.5, 3.5, 3.7, 3.5, 3.5, 3.5, 3.5, 3.5, 3.5, 3.5, 3.5, 3.5, 3.5, 2.0]
random_idx_1 = 1, random_idx_2 = 5
random_idx_1 = 1, random_idx_2 = 3
