
iteration: 1
best: [1000.0, 1000.0, 1000.0, 1000.0, 1000.0, 1000.0, 1000.0, 1000.0, 1000.0, 1000.0, 1000.0, 1000.0, 1000.0, 1000.0]
time: [6.48, 8.92, 13.29, 17.16, 24.26, 28.21, 48.78, 53.59, 55.85, 58.43, 60.22, 63.22, 69.0, 70.73]
current_hyper_parameter
v: [12.0, 12.0, 12.0, 12.0, 12.0, 12.0, 12.0, 12.0, 12.0, 12.0, 12.0, 12.0, 12.0, 12.0]
a: [50.0, 50.0, 50.0, 50.0, 50.0, 50.0, 50.0, 50.0, 50.0, 50.0, 50.0, 50.0, 50.0, 50.0]
d: [3.5, 3.5, 3.5, 3.5, 3.5, 3.5, 3.5, 3.5, 3.5, 3.5, 3.5, 3.5, 3.5, 2.0]
BEST_hyper_parameter
v: [-1.0, -1.0, -1.0, -1.0, -1.0, -1.0, -1.0, -1.0, -1.0, -1.0, -1.0, -1.0, -1.0, -1.0]
a: [-1.0, -1.0, -1.0, -1.0, -1.0, -1.0, -1.0, -1.0, -1.0, -1.0, -1.0, -1.0, -1.0, -1.0]
d: [-1.0, -1.0, -1.0, -1.0, -1.0, -1.0, -1.0, -1.0, -1.0, -1.0, -1.0, -1.0, -1.0, -1.0]
random_idx_1 = 1, random_idx_2 = 0
random_idx_1 = 0, random_idx_2 = 4

iteration: 2
best: [1000.0, 1000.0, 1000.0, 1000.0, 1000.0, 1000.0, 1000.0, 1000.0, 1000.0, 1000.0, 1000.0, 1000.0, 1000.0, 70.73]
time: [6.11, 8.2, 12.49, 16.35, 19.8, 24.15, 45.76, 49.77, 51.92, 54.57, 56.46, 59.45, 62.5, 64.64]
current_hyper_parameter
v: [12.0, 12.0, 12.0, 12.0, 19.01, 12.0, 12.0, 12.0, 12.0, 12.0, 12.0, 12.0, 12.0, 12.0]
a: [126.19, 50.0, 50.0, 50.0, 50.0, 50.0, 50.0, 50.0, 50.0, 50.0, 50.0, 50.0, 50.0, 50.0]
d: [3.5, 3.5, 3.5, 3.5, 3.5, 3.5, 3.5, 3.5, 3.5, 3.5, 3.5, 3.5, 3.5, 2.0]
BEST_hyper_parameter
v: [12.0, 12.0, 12.0, 12.0, 12.0, 12.0, 12.0, 12.0, 12.0, 12.0, 12.0, 12.0, 12.0, 12.0]
a: [50.0, 50.0, 50.0, 50.0, 50.0, 50.0, 50.0, 50.0, 50.0, 50.0, 50.0, 50.0, 50.0, 50.0]
d: [3.5, 3.5, 3.5, 3.5, 3.5, 3.5, 3.5, 3.5, 3.5, 3.5, 3.5, 3.5, 3.5, 2.0]
random_idx_1 = 1, random_idx_2 = 9
random_idx_1 = 2, random_idx_2 = 3

iteration: 3
best: [1000.0, 1000.0, 1000.0, 1000.0, 1000.0, 1000.0, 1000.0, 1000.0, 1000.0, 1000.0, 1000.0, 1000.0, 1000.0, 64.64]
time: [6.19, 8.31, 12.54, 16.32, 19.88, 24.08, 44.6, 48.82, 51.05, 53.87, 55.74, 58.9, 61.39, 63.34]
current_hyper_parameter
v: [12.0, 12.0, 12.0, 12.0, 19.01, 12.0, 12.0, 12.0, 12.0, 12.0, 12.0, 12.0, 12.0, 12.0]
a: [126.19, 50.0, 50.0, 50.0, 50.0, 50.0, 50.0, 50.0, 50.0, 57.4, 50.0, 50.0, 50.0, 50.0]
d: [3.5, 3.5, 3.5, 3.5, 3.5, 3.5, 3.5, 3.5, 3.5, 3.5, 3.5, 3.5, 3.5, 2.0]
BEST_hyper_parameter
v: [12.0, 12.0, 12.0, 12.0, 19.01, 12.0, 12.0, 12.0, 12.0, 12.0, 12.0, 12.0, 12.0, 12.0]
a: [126.19, 50.0, 50.0, 50.0, 50.0, 50.0, 50.0, 50.0, 50.0, 50.0, 50.0, 50.0, 50.0, 50.0]
d: [3.5, 3.5, 3.5, 3.5, 3.5, 3.5, 3.5, 3.5, 3.5, 3.5, 3.5, 3.5, 3.5, 2.0]
random_idx_1 = 0, random_idx_2 = 12
random_idx_1 = 0, random_idx_2 = 1

iteration: 4
best: [1000.0, 1000.0, 1000.0, 1000.0, 1000.0, 1000.0, 1000.0, 1000.0, 1000.0, 1000.0, 1000.0, 1000.0, 1000.0, 63.34]
time: [6.1, 8.09, 12.21, 15.94, 19.52, 24.1, 44.68, 48.83, 51.08, 53.88, 58.74, 61.98, 1000, 1000]
current_hyper_parameter
v: [12.0, 26.3, 12.0, 12.0, 19.01, 12.0, 12.0, 12.0, 12.0, 12.0, 12.0, 12.0, 32.35, 12.0]
a: [126.19, 50.0, 50.0, 50.0, 50.0, 50.0, 50.0, 50.0, 50.0, 57.4, 50.0, 50.0, 50.0, 50.0]
d: [3.5, 3.5, 3.5, 3.5, 3.5, 3.5, 3.5, 3.5, 3.5, 3.5, 3.5, 3.5, 3.5, 2.0]
BEST_hyper_parameter
v: [12.0, 12.0, 12.0, 12.0, 19.01, 12.0, 12.0, 12.0, 12.0, 12.0, 12.0, 12.0, 12.0, 12.0]
a: [126.19, 50.0, 50.0, 50.0, 50.0, 50.0, 50.0, 50.0, 50.0, 57.4, 50.0, 50.0, 50.0, 50.0]
d: [3.5, 3.5, 3.5, 3.5, 3.5, 3.5, 3.5, 3.5, 3.5, 3.5, 3.5, 3.5, 3.5, 2.0]
random_idx_1 = 2, random_idx_2 = 5
random_idx_1 = 1, random_idx_2 = 11

iteration: 5
best: [1000.0, 1000.0, 1000.0, 1000.0, 1000.0, 1000.0, 1000.0, 1000.0, 1000.0, 1000.0, 1000.0, 1000.0, 1000.0, 63.34]
time: [6.06, 8.15, 12.4, 16.38, 20.02, 24.64, 45.34, 49.36, 51.59, 54.37, 60.06, 63.79, 68.6, 1000]
current_hyper_parameter
v: [12.0, 12.0, 12.0, 12.0, 19.01, 12.0, 12.0, 12.0, 12.0, 12.0, 12.0, 12.0, 12.0, 12.0]
a: [126.19, 50.0, 50.0, 50.0, 50.0, 50.0, 50.0, 50.0, 50.0, 57.4, 50.0, 33.09, 50.0, 50.0]
d: [3.5, 3.5, 3.5, 3.5, 3.5, 3.5, 3.5, 3.5, 3.5, 3.5, 3.5, 3.5, 3.5, 2.0]
BEST_hyper_parameter
v: [12.0, 12.0, 12.0, 12.0, 19.01, 12.0, 12.0, 12.0, 12.0, 12.0, 12.0, 12.0, 12.0, 12.0]
a: [126.19, 50.0, 50.0, 50.0, 50.0, 50.0, 50.0, 50.0, 50.0, 57.4, 50.0, 50.0, 50.0, 50.0]
d: [3.5, 3.5, 3.5, 3.5, 3.5, 3.5, 3.5, 3.5, 3.5, 3.5, 3.5, 3.5, 3.5, 2.0]
random_idx_1 = 2, random_idx_2 = 1
random_idx_1 = 2, random_idx_2 = 1

iteration: 6
best: [1000.0, 1000.0, 1000.0, 1000.0, 1000.0, 1000.0, 1000.0, 1000.0, 1000.0, 1000.0, 1000.0, 1000.0, 1000.0, 63.34]
time: [6.2, 8.33, 12.72, 16.44, 19.98, 24.58, 45.29, 49.32, 51.58, 54.34, 59.17, 62.39, 1000, 1000]
current_hyper_parameter
v: [12.0, 12.0, 12.0, 12.0, 19.01, 12.0, 12.0, 12.0, 12.0, 12.0, 12.0, 12.0, 12.0, 12.0]
a: [126.19, 50.0, 50.0, 50.0, 50.0, 50.0, 50.0, 50.0, 50.0, 57.4, 50.0, 50.0, 50.0, 50.0]
d: [3.5, 3.5, 3.5, 3.5, 3.5, 3.5, 3.5, 3.5, 3.5, 3.5, 3.5, 3.5, 3.5, 2.0]
BEST_hyper_parameter
v: [12.0, 12.0, 12.0, 12.0, 19.01, 12.0, 12.0, 12.0, 12.0, 12.0, 12.0, 12.0, 12.0, 12.0]
a: [126.19, 50.0, 50.0, 50.0, 50.0, 50.0, 50.0, 50.0, 50.0, 57.4, 50.0, 50.0, 50.0, 50.0]
d: [3.5, 3.5, 3.5, 3.5, 3.5, 3.5, 3.5, 3.5, 3.5, 3.5, 3.5, 3.5, 3.5, 2.0]
random_idx_1 = 0, random_idx_2 = 1
random_idx_1 = 1, random_idx_2 = 3

iteration: 7
best: [1000.0, 1000.0, 1000.0, 1000.0, 1000.0, 1000.0, 1000.0, 1000.0, 1000.0, 1000.0, 1000.0, 1000.0, 1000.0, 63.34]
time: [6.07, 8.08, 12.24, 15.41, 18.77, 23.0, 43.48, 48.29, 50.54, 53.42, 55.48, 58.1, 61.02, 62.85]
current_hyper_parameter
v: [12.0, 24.71, 12.0, 12.0, 19.01, 12.0, 12.0, 12.0, 12.0, 12.0, 12.0, 12.0, 12.0, 12.0]
a: [126.19, 50.0, 50.0, 155.2, 50.0, 50.0, 50.0, 50.0, 50.0, 57.4, 50.0, 50.0, 50.0, 50.0]
d: [3.5, 3.5, 3.5, 3.5, 3.5, 3.5, 3.5, 3.5, 3.5, 3.5, 3.5, 3.5, 3.5, 2.0]
BEST_hyper_parameter
v: [12.0, 12.0, 12.0, 12.0, 19.01, 12.0, 12.0, 12.0, 12.0, 12.0, 12.0, 12.0, 12.0, 12.0]
a: [126.19, 50.0, 50.0, 50.0, 50.0, 50.0, 50.0, 50.0, 50.0, 57.4, 50.0, 50.0, 50.0, 50.0]
d: [3.5, 3.5, 3.5, 3.5, 3.5, 3.5, 3.5, 3.5, 3.5, 3.5, 3.5, 3.5, 3.5, 2.0]
random_idx_1 = 1, random_idx_2 = 2
random_idx_1 = 2, random_idx_2 = 3

iteration: 8
best: [1000.0, 1000.0, 1000.0, 1000.0, 1000.0, 1000.0, 1000.0, 1000.0, 1000.0, 1000.0, 1000.0, 1000.0, 1000.0, 62.85]
time: [6.2, 8.21, 12.37, 18.65, 22.16, 26.62, 46.91, 50.99, 53.25, 56.16, 57.95, 60.92, 1000, 1000]
current_hyper_parameter
v: [12.0, 24.71, 12.0, 12.0, 19.01, 12.0, 12.0, 12.0, 12.0, 12.0, 12.0, 12.0, 12.0, 12.0]
a: [126.19, 50.0, 50.64, 155.2, 50.0, 50.0, 50.0, 50.0, 50.0, 57.4, 50.0, 50.0, 50.0, 50.0]
d: [3.5, 3.5, 3.5, 3.5, 3.5, 3.5, 3.5, 3.5, 3.5, 3.5, 3.5, 3.5, 3.5, 2.0]
BEST_hyper_parameter
v: [12.0, 24.71, 12.0, 12.0, 19.01, 12.0, 12.0, 12.0, 12.0, 12.0, 12.0, 12.0, 12.0, 12.0]
a: [126.19, 50.0, 50.0, 155.2, 50.0, 50.0, 50.0, 50.0, 50.0, 57.4, 50.0, 50.0, 50.0, 50.0]
d: [3.5, 3.5, 3.5, 3.5, 3.5, 3.5, 3.5, 3.5, 3.5, 3.5, 3.5, 3.5, 3.5, 2.0]
random_idx_1 = 1, random_idx_2 = 9
random_idx_1 = 0, random_idx_2 = 7

iteration: 9
best: [1000.0, 1000.0, 1000.0, 1000.0, 1000.0, 1000.0, 1000.0, 1000.0, 1000.0, 1000.0, 1000.0, 1000.0, 1000.0, 62.85]
time: [6.08, 8.05, 12.27, 18.6, 25.27, 29.49, 49.84, 53.74, 55.96, 58.74, 60.54, 63.54, 1000, 1000]
current_hyper_parameter
v: [12.0, 24.71, 12.0, 12.0, 19.01, 12.0, 12.0, 22.71, 12.0, 12.0, 12.0, 12.0, 12.0, 12.0]
a: [126.19, 50.0, 50.0, 155.2, 50.0, 50.0, 50.0, 50.0, 50.0, 39.64, 50.0, 50.0, 50.0, 50.0]
d: [3.5, 3.5, 3.5, 3.5, 3.5, 3.5, 3.5, 3.5, 3.5, 3.5, 3.5, 3.5, 3.5, 2.0]
BEST_hyper_parameter
v: [12.0, 24.71, 12.0, 12.0, 19.01, 12.0, 12.0, 12.0, 12.0, 12.0, 12.0, 12.0, 12.0, 12.0]
a: [126.19, 50.0, 50.0, 155.2, 50.0, 50.0, 50.0, 50.0, 50.0, 57.4, 50.0, 50.0, 50.0, 50.0]
d: [3.5, 3.5, 3.5, 3.5, 3.5, 3.5, 3.5, 3.5, 3.5, 3.5, 3.5, 3.5, 3.5, 2.0]
random_idx_1 = 2, random_idx_2 = 2
random_idx_1 = 1, random_idx_2 = 12

iteration: 10
best: [1000.0, 1000.0, 1000.0, 1000.0, 1000.0, 1000.0, 1000.0, 1000.0, 1000.0, 1000.0, 1000.0, 1000.0, 1000.0, 62.85]
time: [6.08, 8.06, 12.25, 15.43, 18.79, 23.05, 43.52, 48.37, 50.66, 53.49, 55.58, 58.5, 61.43, 63.44]
current_hyper_parameter
v: [12.0, 24.71, 12.0, 12.0, 19.01, 12.0, 12.0, 12.0, 12.0, 12.0, 12.0, 12.0, 12.0, 12.0]
a: [126.19, 50.0, 50.0, 155.2, 50.0, 50.0, 50.0, 50.0, 50.0, 57.4, 50.0, 50.0, 56.81, 50.0]
d: [3.5, 3.5, 3.91, 3.5, 3.5, 3.5, 3.5, 3.5, 3.5, 3.5, 3.5, 3.5, 3.5, 2.0]
BEST_hyper_parameter
v: [12.0, 24.71, 12.0, 12.0, 19.01, 12.0, 12.0, 12.0, 12.0, 12.0, 12.0, 12.0, 12.0, 12.0]
a: [126.19, 50.0, 50.0, 155.2, 50.0, 50.0, 50.0, 50.0, 50.0, 57.4, 50.0, 50.0, 50.0, 50.0]
d: [3.5, 3.5, 3.5, 3.5, 3.5, 3.5, 3.5, 3.5, 3.5, 3.5, 3.5, 3.5, 3.5, 2.0]
random_idx_1 = 2, random_idx_2 = 13
random_idx_1 = 1, random_idx_2 = 13

iteration: 11
best: [1000.0, 1000.0, 1000.0, 1000.0, 1000.0, 1000.0, 1000.0, 1000.0, 1000.0, 1000.0, 1000.0, 1000.0, 1000.0, 62.85]
time: [6.19, 8.22, 12.32, 15.5, 21.85, 25.93, 46.29, 50.34, 52.55, 55.36, 60.21, 63.52, 1000, 1000]
current_hyper_parameter
v: [12.0, 24.71, 12.0, 12.0, 19.01, 12.0, 12.0, 12.0, 12.0, 12.0, 12.0, 12.0, 12.0, 12.0]
a: [126.19, 50.0, 50.0, 155.2, 50.0, 50.0, 50.0, 50.0, 50.0, 57.4, 50.0, 50.0, 50.0, 121.41]
d: [3.5, 3.5, 3.5, 3.5, 3.5, 3.5, 3.5, 3.5, 3.5, 3.5, 3.5, 3.5, 3.5, 2.0]
BEST_hyper_parameter
v: [12.0, 24.71, 12.0, 12.0, 19.01, 12.0, 12.0, 12.0, 12.0, 12.0, 12.0, 12.0, 12.0, 12.0]
a: [126.19, 50.0, 50.0, 155.2, 50.0, 50.0, 50.0, 50.0, 50.0, 57.4, 50.0, 50.0, 50.0, 50.0]
d: [3.5, 3.5, 3.5, 3.5, 3.5, 3.5, 3.5, 3.5, 3.5, 3.5, 3.5, 3.5, 3.5, 2.0]
random_idx_1 = 1, random_idx_2 = 10
random_idx_1 = 2, random_idx_2 = 9

iteration: 12
best: [1000.0, 1000.0, 1000.0, 1000.0, 1000.0, 1000.0, 1000.0, 1000.0, 1000.0, 1000.0, 1000.0, 1000.0, 1000.0, 62.85]
time: [6.08, 8.1, 12.19, 15.36, 18.71, 22.98, 43.46, 48.2, 50.5, 53.37, 55.34, 57.99, 61.0, 62.95]
current_hyper_parameter
v: [12.0, 24.71, 12.0, 12.0, 19.01, 12.0, 12.0, 12.0, 12.0, 12.0, 12.0, 12.0, 12.0, 12.0]
a: [126.19, 50.0, 50.0, 155.2, 50.0, 50.0, 50.0, 50.0, 50.0, 57.4, 56.31, 50.0, 50.0, 50.0]
d: [3.5, 3.5, 3.5, 3.5, 3.5, 3.5, 3.5, 3.5, 3.5, 3.5, 3.5, 3.5, 3.5, 2.0]
BEST_hyper_parameter
v: [12.0, 24.71, 12.0, 12.0, 19.01, 12.0, 12.0, 12.0, 12.0, 12.0, 12.0, 12.0, 12.0, 12.0]
a: [126.19, 50.0, 50.0, 155.2, 50.0, 50.0, 50.0, 50.0, 50.0, 57.4, 50.0, 50.0, 50.0, 50.0]
d: [3.5, 3.5, 3.5, 3.5, 3.5, 3.5, 3.5, 3.5, 3.5, 3.5, 3.5, 3.5, 3.5, 2.0]
random_idx_1 = 1, random_idx_2 = 10
random_idx_1 = 2, random_idx_2 = 9

iteration: 13
best: [1000.0, 1000.0, 1000.0, 1000.0, 1000.0, 1000.0, 1000.0, 1000.0, 1000.0, 1000.0, 1000.0, 1000.0, 1000.0, 62.85]
time: [6.18, 8.2, 12.35, 18.61, 22.12, 26.55, 46.68, 50.83, 53.06, 55.6, 60.16, 63.36, 1000, 1000]
current_hyper_parameter
v: [12.0, 24.71, 12.0, 12.0, 19.01, 12.0, 12.0, 12.0, 12.0, 12.0, 12.0, 12.0, 12.0, 12.0]
a: [126.19, 50.0, 50.0, 155.2, 50.0, 50.0, 50.0, 50.0, 50.0, 57.4, 142.7, 50.0, 50.0, 50.0]
d: [3.5, 3.5, 3.5, 3.5, 3.5, 3.5, 3.5, 3.5, 3.5, 3.5, 3.5, 3.5, 3.5, 2.0]
BEST_hyper_parameter
v: [12.0, 24.71, 12.0, 12.0, 19.01, 12.0, 12.0, 12.0, 12.0, 12.0, 12.0, 12.0, 12.0, 12.0]
a: [126.19, 50.0, 50.0, 155.2, 50.0, 50.0, 50.0, 50.0, 50.0, 57.4, 50.0, 50.0, 50.0, 50.0]
d: [3.5, 3.5, 3.5, 3.5, 3.5, 3.5, 3.5, 3.5, 3.5, 3.5, 3.5, 3.5, 3.5, 2.0]
random_idx_1 = 0, random_idx_2 = 5
random_idx_1 = 2, random_idx_2 = 4

iteration: 14
best: [1000.0, 1000.0, 1000.0, 1000.0, 1000.0, 1000.0, 1000.0, 1000.0, 1000.0, 1000.0, 1000.0, 1000.0, 1000.0, 62.85]
time: [6.17, 8.16, 12.26, 15.41, 18.79, 22.87, 42.59, 46.79, 48.98, 51.53, 53.41, 56.4, 59.44, 61.39]
current_hyper_parameter
v: [12.0, 24.71, 12.0, 12.0, 19.01, 16.03, 12.0, 12.0, 12.0, 12.0, 12.0, 12.0, 12.0, 12.0]
a: [126.19, 50.0, 50.0, 155.2, 50.0, 50.0, 50.0, 50.0, 50.0, 57.4, 50.0, 50.0, 50.0, 50.0]
d: [3.5, 3.5, 3.5, 3.5, 3.5, 3.5, 3.5, 3.5, 3.5, 3.5, 3.5, 3.5, 3.5, 2.0]
BEST_hyper_parameter
v: [12.0, 24.71, 12.0, 12.0, 19.01, 12.0, 12.0, 12.0, 12.0, 12.0, 12.0, 12.0, 12.0, 12.0]
a: [126.19, 50.0, 50.0, 155.2, 50.0, 50.0, 50.0, 50.0, 50.0, 57.4, 50.0, 50.0, 50.0, 50.0]
d: [3.5, 3.5, 3.5, 3.5, 3.5, 3.5, 3.5, 3.5, 3.5, 3.5, 3.5, 3.5, 3.5, 2.0]
random_idx_1 = 2, random_idx_2 = 0
random_idx_1 = 1, random_idx_2 = 4

iteration: 15
best: [1000.0, 1000.0, 1000.0, 1000.0, 1000.0, 1000.0, 1000.0, 1000.0, 1000.0, 1000.0, 1000.0, 1000.0, 1000.0, 61.39]
time: [6.18, 8.22, 12.36, 15.56, 21.31, 1000, 1000, 1000, 1000, 1000, 1000, 1000, 1000, 1000]
current_hyper_parameter
v: [12.0, 24.71, 12.0, 12.0, 19.01, 16.03, 12.0, 12.0, 12.0, 12.0, 12.0, 12.0, 12.0, 12.0]
a: [126.19, 50.0, 50.0, 155.2, 116.23, 50.0, 50.0, 50.0, 50.0, 57.4, 50.0, 50.0, 50.0, 50.0]
d: [3.5, 3.5, 3.5, 3.5, 3.5, 3.5, 3.5, 3.5, 3.5, 3.5, 3.5, 3.5, 3.5, 2.0]
BEST_hyper_parameter
v: [12.0, 24.71, 12.0, 12.0, 19.01, 16.03, 12.0, 12.0, 12.0, 12.0, 12.0, 12.0, 12.0, 12.0]
a: [126.19, 50.0, 50.0, 155.2, 50.0, 50.0, 50.0, 50.0, 50.0, 57.4, 50.0, 50.0, 50.0, 50.0]
d: [3.5, 3.5, 3.5, 3.5, 3.5, 3.5, 3.5, 3.5, 3.5, 3.5, 3.5, 3.5, 3.5, 2.0]
random_idx_1 = 2, random_idx_2 = 9
random_idx_1 = 2, random_idx_2 = 8

iteration: 16
best: [1000.0, 1000.0, 1000.0, 1000.0, 1000.0, 1000.0, 1000.0, 1000.0, 1000.0, 1000.0, 1000.0, 1000.0, 1000.0, 61.39]
time: [6.14, 8.14, 12.27, 15.56, 25.08, 30.16, 50.5, 55.36, 57.63, 60.19, 62.12, 1000, 1000, 1000]
current_hyper_parameter
v: [12.0, 24.71, 12.0, 12.0, 19.01, 16.03, 12.0, 12.0, 12.0, 12.0, 12.0, 12.0, 12.0, 12.0]
a: [126.19, 50.0, 50.0, 155.2, 50.0, 50.0, 50.0, 50.0, 50.0, 57.4, 50.0, 50.0, 50.0, 50.0]
d: [3.5, 3.5, 3.5, 3.5, 3.5, 3.5, 3.5, 3.5, 3.5, 3.5, 3.5, 3.5, 3.5, 2.0]
BEST_hyper_parameter
v: [12.0, 24.71, 12.0, 12.0, 19.01, 16.03, 12.0, 12.0, 12.0, 12.0, 12.0, 12.0, 12.0, 12.0]
a: [126.19, 50.0, 50.0, 155.2, 50.0, 50.0, 50.0, 50.0, 50.0, 57.4, 50.0, 50.0, 50.0, 50.0]
d: [3.5, 3.5, 3.5, 3.5, 3.5, 3.5, 3.5, 3.5, 3.5, 3.5, 3.5, 3.5, 3.5, 2.0]
random_idx_1 = 1, random_idx_2 = 10
random_idx_1 = 0, random_idx_2 = 9

iteration: 17
best: [1000.0, 1000.0, 1000.0, 1000.0, 1000.0, 1000.0, 1000.0, 1000.0, 1000.0, 1000.0, 1000.0, 1000.0, 1000.0, 61.39]
time: [6.18, 8.19, 12.32, 18.57, 25.25, 29.18, 49.12, 53.34, 55.57, 58.06, 60.12, 62.63, 1000, 1000]
current_hyper_parameter
v: [12.0, 24.71, 12.0, 12.0, 19.01, 16.03, 12.0, 12.0, 12.0, 12.75, 12.0, 12.0, 12.0, 12.0]
a: [126.19, 50.0, 50.0, 155.2, 50.0, 50.0, 50.0, 50.0, 50.0, 57.4, 38.33, 50.0, 50.0, 50.0]
d: [3.5, 3.5, 3.5, 3.5, 3.5, 3.5, 3.5, 3.5, 3.5, 3.5, 3.5, 3.5, 3.5, 2.0]
BEST_hyper_parameter
v: [12.0, 24.71, 12.0, 12.0, 19.01, 16.03, 12.0, 12.0, 12.0, 12.0, 12.0, 12.0, 12.0, 12.0]
a: [126.19, 50.0, 50.0, 155.2, 50.0, 50.0, 50.0, 50.0, 50.0, 57.4, 50.0, 50.0, 50.0, 50.0]
d: [3.5, 3.5, 3.5, 3.5, 3.5, 3.5, 3.5, 3.5, 3.5, 3.5, 3.5, 3.5, 3.5, 2.0]
random_idx_1 = 2, random_idx_2 = 6
random_idx_1 = 2, random_idx_2 = 13

iteration: 18
best: [1000.0, 1000.0, 1000.0, 1000.0, 1000.0, 1000.0, 1000.0, 1000.0, 1000.0, 1000.0, 1000.0, 1000.0, 1000.0, 61.39]
time: [6.19, 8.22, 12.32, 18.59, 23.31, 27.27, 47.22, 51.29, 53.49, 56.08, 60.95, 1000, 1000, 1000]
current_hyper_parameter
v: [12.0, 24.71, 12.0, 12.0, 19.01, 16.03, 12.0, 12.0, 12.0, 12.0, 12.0, 12.0, 12.0, 12.0]
a: [126.19, 50.0, 50.0, 155.2, 50.0, 50.0, 50.0, 50.0, 50.0, 57.4, 50.0, 50.0, 50.0, 50.0]
d: [3.5, 3.5, 3.5, 3.5, 3.5, 3.5, 3.5, 3.5, 3.5, 3.5, 3.5, 3.5, 3.5, 2.0]
BEST_hyper_parameter
v: [12.0, 24.71, 12.0, 12.0, 19.01, 16.03, 12.0, 12.0, 12.0, 12.0, 12.0, 12.0, 12.0, 12.0]
a: [126.19, 50.0, 50.0, 155.2, 50.0, 50.0, 50.0, 50.0, 50.0, 57.4, 50.0, 50.0, 50.0, 50.0]
d: [3.5, 3.5, 3.5, 3.5, 3.5, 3.5, 3.5, 3.5, 3.5, 3.5, 3.5, 3.5, 3.5, 2.0]
random_idx_1 = 0, random_idx_2 = 1
random_idx_1 = 0, random_idx_2 = 13

iteration: 19
best: [1000.0, 1000.0, 1000.0, 1000.0, 1000.0, 1000.0, 1000.0, 1000.0, 1000.0, 1000.0, 1000.0, 1000.0, 1000.0, 61.39]
time: [6.14, 8.14, 12.28, 18.55, 22.1, 26.35, 46.02, 50.89, 53.17, 55.7, 57.55, 60.18, 1000, 1000]
current_hyper_parameter
v: [12.0, 19.79, 12.0, 12.0, 19.01, 16.03, 12.0, 12.0, 12.0, 12.0, 12.0, 12.0, 12.0, 9.77]
a: [126.19, 50.0, 50.0, 155.2, 50.0, 50.0, 50.0, 50.0, 50.0, 57.4, 50.0, 50.0, 50.0, 50.0]
d: [3.5, 3.5, 3.5, 3.5, 3.5, 3.5, 3.5, 3.5, 3.5, 3.5, 3.5, 3.5, 3.5, 2.0]
BEST_hyper_parameter
v: [12.0, 24.71, 12.0, 12.0, 19.01, 16.03, 12.0, 12.0, 12.0, 12.0, 12.0, 12.0, 12.0, 12.0]
a: [126.19, 50.0, 50.0, 155.2, 50.0, 50.0, 50.0, 50.0, 50.0, 57.4, 50.0, 50.0, 50.0, 50.0]
d: [3.5, 3.5, 3.5, 3.5, 3.5, 3.5, 3.5, 3.5, 3.5, 3.5, 3.5, 3.5, 3.5, 2.0]
random_idx_1 = 0, random_idx_2 = 2
random_idx_1 = 0, random_idx_2 = 3

iteration: 20
best: [1000.0, 1000.0, 1000.0, 1000.0, 1000.0, 1000.0, 1000.0, 1000.0, 1000.0, 1000.0, 1000.0, 1000.0, 1000.0, 61.39]
time: [6.1, 8.08, 11.9, 17.84, 22.11, 26.4, 46.33, 50.4, 52.56, 55.16, 57.1, 60.26, 1000, 1000]
current_hyper_parameter
v: [12.0, 24.71, 34.62, 18.32, 19.01, 16.03, 12.0, 12.0, 12.0, 12.0, 12.0, 12.0, 12.0, 12.0]
a: [126.19, 50.0, 50.0, 155.2, 50.0, 50.0, 50.0, 50.0, 50.0, 57.4, 50.0, 50.0, 50.0, 50.0]
d: [3.5, 3.5, 3.5, 3.5, 3.5, 3.5, 3.5, 3.5, 3.5, 3.5, 3.5, 3.5, 3.5, 2.0]
BEST_hyper_parameter
v: [12.0, 24.71, 12.0, 12.0, 19.01, 16.03, 12.0, 12.0, 12.0, 12.0, 12.0, 12.0, 12.0, 12.0]
a: [126.19, 50.0, 50.0, 155.2, 50.0, 50.0, 50.0, 50.0, 50.0, 57.4, 50.0, 50.0, 50.0, 50.0]
d: [3.5, 3.5, 3.5, 3.5, 3.5, 3.5, 3.5, 3.5, 3.5, 3.5, 3.5, 3.5, 3.5, 2.0]
random_idx_1 = 2, random_idx_2 = 5
random_idx_1 = 0, random_idx_2 = 13

iteration: 21
best: [1000.0, 1000.0, 1000.0, 1000.0, 1000.0, 1000.0, 1000.0, 1000.0, 1000.0, 1000.0, 1000.0, 1000.0, 1000.0, 61.39]
time: [6.15, 8.12, 12.22, 15.37, 18.73, 22.86, 42.52, 46.7, 48.92, 51.43, 56.24, 59.27, 65.24, 1000]
current_hyper_parameter
v: [12.0, 24.71, 12.0, 12.0, 19.01, 16.03, 12.0, 12.0, 12.0, 12.0, 12.0, 12.0, 12.0, 30.1]
a: [126.19, 50.0, 50.0, 155.2, 50.0, 50.0, 50.0, 50.0, 50.0, 57.4, 50.0, 50.0, 50.0, 50.0]
d: [3.5, 3.5, 3.5, 3.5, 3.5, 3.5, 3.5, 3.5, 3.5, 3.5, 3.5, 3.5, 3.5, 2.0]
BEST_hyper_parameter
v: [12.0, 24.71, 12.0, 12.0, 19.01, 16.03, 12.0, 12.0, 12.0, 12.0, 12.0, 12.0, 12.0, 12.0]
a: [126.19, 50.0, 50.0, 155.2, 50.0, 50.0, 50.0, 50.0, 50.0, 57.4, 50.0, 50.0, 50.0, 50.0]
d: [3.5, 3.5, 3.5, 3.5, 3.5, 3.5, 3.5, 3.5, 3.5, 3.5, 3.5, 3.5, 3.5, 2.0]
random_idx_1 = 0, random_idx_2 = 1
random_idx_1 = 0, random_idx_2 = 7

iteration: 22
best: [1000.0, 1000.0, 1000.0, 1000.0, 1000.0, 1000.0, 1000.0, 1000.0, 1000.0, 1000.0, 1000.0, 1000.0, 1000.0, 61.39]
time: [6.07, 8.1, 12.26, 15.48, 18.73, 22.8, 42.51, 46.44, 48.68, 51.42, 56.26, 59.7, 1000, 1000]
current_hyper_parameter
v: [12.0, 32.75, 12.0, 12.0, 19.01, 16.03, 12.0, 22.58, 12.0, 12.0, 12.0, 12.0, 12.0, 12.0]
a: [126.19, 50.0, 50.0, 155.2, 50.0, 50.0, 50.0, 50.0, 50.0, 57.4, 50.0, 50.0, 50.0, 50.0]
d: [3.5, 3.5, 3.5, 3.5, 3.5, 3.5, 3.5, 3.5, 3.5, 3.5, 3.5, 3.5, 3.5, 2.0]
BEST_hyper_parameter
v: [12.0, 24.71, 12.0, 12.0, 19.01, 16.03, 12.0, 12.0, 12.0, 12.0, 12.0, 12.0, 12.0, 12.0]
a: [126.19, 50.0, 50.0, 155.2, 50.0, 50.0, 50.0, 50.0, 50.0, 57.4, 50.0, 50.0, 50.0, 50.0]
d: [3.5, 3.5, 3.5, 3.5, 3.5, 3.5, 3.5, 3.5, 3.5, 3.5, 3.5, 3.5, 3.5, 2.0]
random_idx_1 = 2, random_idx_2 = 1
random_idx_1 = 2, random_idx_2 = 10

iteration: 23
best: [1000.0, 1000.0, 1000.0, 1000.0, 1000.0, 1000.0, 1000.0, 1000.0, 1000.0, 1000.0, 1000.0, 1000.0, 1000.0, 61.39]
time: [6.11, 8.11, 12.26, 15.43, 18.8, 22.88, 42.58, 46.74, 48.94, 51.53, 53.44, 56.47, 59.44, 61.39]
current_hyper_parameter
v: [12.0, 24.71, 12.0, 12.0, 19.01, 16.03, 12.0, 12.0, 12.0, 12.0, 12.0, 12.0, 12.0, 12.0]
a: [126.19, 50.0, 50.0, 155.2, 50.0, 50.0, 50.0, 50.0, 50.0, 57.4, 50.0, 50.0, 50.0, 50.0]
d: [3.5, 3.5, 3.5, 3.5, 3.5, 3.5, 3.5, 3.5, 3.5, 3.5, 3.5, 3.5, 3.5, 2.0]
BEST_hyper_parameter
v: [12.0, 24.71, 12.0, 12.0, 19.01, 16.03, 12.0, 12.0, 12.0, 12.0, 12.0, 12.0, 12.0, 12.0]
a: [126.19, 50.0, 50.0, 155.2, 50.0, 50.0, 50.0, 50.0, 50.0, 57.4, 50.0, 50.0, 50.0, 50.0]
d: [3.5, 3.5, 3.5, 3.5, 3.5, 3.5, 3.5, 3.5, 3.5, 3.5, 3.5, 3.5, 3.5, 2.0]
random_idx_1 = 1, random_idx_2 = 3
random_idx_1 = 0, random_idx_2 = 9

iteration: 24
best: [1000.0, 1000.0, 1000.0, 1000.0, 1000.0, 1000.0, 1000.0, 1000.0, 1000.0, 1000.0, 1000.0, 1000.0, 1000.0, 61.39]
time: [6.21, 8.21, 12.37, 15.88, 19.43, 23.4, 43.25, 47.34, 49.51, 51.69, 54.17, 56.99, 60.05, 1000]
current_hyper_parameter
v: [12.0, 24.71, 12.0, 12.0, 19.01, 16.03, 12.0, 12.0, 12.0, 25.24, 12.0, 12.0, 12.0, 12.0]
a: [126.19, 50.0, 50.0, 85.92, 50.0, 50.0, 50.0, 50.0, 50.0, 57.4, 50.0, 50.0, 50.0, 50.0]
d: [3.5, 3.5, 3.5, 3.5, 3.5, 3.5, 3.5, 3.5, 3.5, 3.5, 3.5, 3.5, 3.5, 2.0]
BEST_hyper_parameter
v: [12.0, 24.71, 12.0, 12.0, 19.01, 16.03, 12.0, 12.0, 12.0, 12.0, 12.0, 12.0, 12.0, 12.0]
a: [126.19, 50.0, 50.0, 155.2, 50.0, 50.0, 50.0, 50.0, 50.0, 57.4, 50.0, 50.0, 50.0, 50.0]
d: [3.5, 3.5, 3.5, 3.5, 3.5, 3.5, 3.5, 3.5, 3.5, 3.5, 3.5, 3.5, 3.5, 2.0]
random_idx_1 = 1, random_idx_2 = 9
random_idx_1 = 0, random_idx_2 = 4

iteration: 25
best: [1000.0, 1000.0, 1000.0, 1000.0, 1000.0, 1000.0, 1000.0, 1000.0, 1000.0, 1000.0, 1000.0, 1000.0, 1000.0, 61.39]
time: [6.2, 8.21, 12.38, 18.65, 25.72, 29.32, 49.38, 53.42, 55.59, 58.03, 64.28, 1000, 1000, 1000]
current_hyper_parameter
v: [12.0, 24.71, 12.0, 12.0, 11.01, 16.03, 12.0, 12.0, 12.0, 12.0, 12.0, 12.0, 12.0, 12.0]
a: [126.19, 50.0, 50.0, 155.2, 50.0, 50.0, 50.0, 50.0, 50.0, 108.42, 50.0, 50.0, 50.0, 50.0]
d: [3.5, 3.5, 3.5, 3.5, 3.5, 3.5, 3.5, 3.5, 3.5, 3.5, 3.5, 3.5, 3.5, 2.0]
BEST_hyper_parameter
v: [12.0, 24.71, 12.0, 12.0, 19.01, 16.03, 12.0, 12.0, 12.0, 12.0, 12.0, 12.0, 12.0, 12.0]
a: [126.19, 50.0, 50.0, 155.2, 50.0, 50.0, 50.0, 50.0, 50.0, 57.4, 50.0, 50.0, 50.0, 50.0]
d: [3.5, 3.5, 3.5, 3.5, 3.5, 3.5, 3.5, 3.5, 3.5, 3.5, 3.5, 3.5, 3.5, 2.0]
random_idx_1 = 2, random_idx_2 = 9
random_idx_1 = 0, random_idx_2 = 12

iteration: 26
best: [1000.0, 1000.0, 1000.0, 1000.0, 1000.0, 1000.0, 1000.0, 1000.0, 1000.0, 1000.0, 1000.0, 1000.0, 1000.0, 61.39]
time: [6.1, 8.1, 12.23, 15.39, 21.89, 25.81, 45.66, 49.85, 52.09, 54.66, 56.56, 59.53, 62.16, 1000]
current_hyper_parameter
v: [12.0, 24.71, 12.0, 12.0, 19.01, 16.03, 12.0, 12.0, 12.0, 12.0, 12.0, 12.0, 19.29, 12.0]
a: [126.19, 50.0, 50.0, 155.2, 50.0, 50.0, 50.0, 50.0, 50.0, 57.4, 50.0, 50.0, 50.0, 50.0]
d: [3.5, 3.5, 3.5, 3.5, 3.5, 3.5, 3.5, 3.5, 3.5, 3.5, 3.5, 3.5, 3.5, 2.0]
BEST_hyper_parameter
v: [12.0, 24.71, 12.0, 12.0, 19.01, 16.03, 12.0, 12.0, 12.0, 12.0, 12.0, 12.0, 12.0, 12.0]
a: [126.19, 50.0, 50.0, 155.2, 50.0, 50.0, 50.0, 50.0, 50.0, 57.4, 50.0, 50.0, 50.0, 50.0]
d: [3.5, 3.5, 3.5, 3.5, 3.5, 3.5, 3.5, 3.5, 3.5, 3.5, 3.5, 3.5, 3.5, 2.0]
random_idx_1 = 2, random_idx_2 = 10
random_idx_1 = 0, random_idx_2 = 8

iteration: 27
best: [1000.0, 1000.0, 1000.0, 1000.0, 1000.0, 1000.0, 1000.0, 1000.0, 1000.0, 1000.0, 1000.0, 1000.0, 1000.0, 61.39]
time: [6.07, 8.08, 12.21, 15.35, 18.71, 22.79, 42.51, 46.62, 48.7, 51.23, 53.35, 56.3, 59.34, 61.28]
current_hyper_parameter
v: [12.0, 24.71, 12.0, 12.0, 19.01, 16.03, 12.0, 12.0, 31.77, 12.0, 12.0, 12.0, 12.0, 12.0]
a: [126.19, 50.0, 50.0, 155.2, 50.0, 50.0, 50.0, 50.0, 50.0, 57.4, 50.0, 50.0, 50.0, 50.0]
d: [3.5, 3.5, 3.5, 3.5, 3.5, 3.5, 3.5, 3.5, 3.5, 3.5, 3.5, 3.5, 3.5, 2.0]
BEST_hyper_parameter
v: [12.0, 24.71, 12.0, 12.0, 19.01, 16.03, 12.0, 12.0, 12.0, 12.0, 12.0, 12.0, 12.0, 12.0]
a: [126.19, 50.0, 50.0, 155.2, 50.0, 50.0, 50.0, 50.0, 50.0, 57.4, 50.0, 50.0, 50.0, 50.0]
d: [3.5, 3.5, 3.5, 3.5, 3.5, 3.5, 3.5, 3.5, 3.5, 3.5, 3.5, 3.5, 3.5, 2.0]
random_idx_1 = 1, random_idx_2 = 6
random_idx_1 = 0, random_idx_2 = 7

iteration: 28
best: [1000.0, 1000.0, 1000.0, 1000.0, 1000.0, 1000.0, 1000.0, 1000.0, 1000.0, 1000.0, 1000.0, 1000.0, 1000.0, 61.28]
time: [6.2, 8.22, 12.36, 15.56, 21.94, 25.84, 45.34, 48.93, 50.92, 53.36, 55.42, 58.16, 61.11, 62.86]
current_hyper_parameter
v: [12.0, 24.71, 12.0, 12.0, 19.01, 16.03, 12.0, 18.57, 31.77, 12.0, 12.0, 12.0, 12.0, 12.0]
a: [126.19, 50.0, 50.0, 155.2, 50.0, 50.0, 95.07, 50.0, 50.0, 57.4, 50.0, 50.0, 50.0, 50.0]
d: [3.5, 3.5, 3.5, 3.5, 3.5, 3.5, 3.5, 3.5, 3.5, 3.5, 3.5, 3.5, 3.5, 2.0]
BEST_hyper_parameter
v: [12.0, 24.71, 12.0, 12.0, 19.01, 16.03, 12.0, 12.0, 31.77, 12.0, 12.0, 12.0, 12.0, 12.0]
a: [126.19, 50.0, 50.0, 155.2, 50.0, 50.0, 50.0, 50.0, 50.0, 57.4, 50.0, 50.0, 50.0, 50.0]
d: [3.5, 3.5, 3.5, 3.5, 3.5, 3.5, 3.5, 3.5, 3.5, 3.5, 3.5, 3.5, 3.5, 2.0]
random_idx_1 = 1, random_idx_2 = 13
random_idx_1 = 0, random_idx_2 = 0

iteration: 29
best: [1000.0, 1000.0, 1000.0, 1000.0, 1000.0, 1000.0, 1000.0, 1000.0, 1000.0, 1000.0, 1000.0, 1000.0, 1000.0, 61.28]
time: [5.79, 7.47, 11.36, 17.65, 24.23, 28.24, 48.13, 52.34, 54.49, 56.98, 58.99, 62.12, 1000, 1000]
current_hyper_parameter
v: [21.63, 24.71, 12.0, 12.0, 19.01, 16.03, 12.0, 12.0, 31.77, 12.0, 12.0, 12.0, 12.0, 12.0]
a: [126.19, 50.0, 50.0, 155.2, 50.0, 50.0, 50.0, 50.0, 50.0, 57.4, 50.0, 50.0, 50.0, 23.76]
d: [3.5, 3.5, 3.5, 3.5, 3.5, 3.5, 3.5, 3.5, 3.5, 3.5, 3.5, 3.5, 3.5, 2.0]
BEST_hyper_parameter
v: [12.0, 24.71, 12.0, 12.0, 19.01, 16.03, 12.0, 12.0, 31.77, 12.0, 12.0, 12.0, 12.0, 12.0]
a: [126.19, 50.0, 50.0, 155.2, 50.0, 50.0, 50.0, 50.0, 50.0, 57.4, 50.0, 50.0, 50.0, 50.0]
d: [3.5, 3.5, 3.5, 3.5, 3.5, 3.5, 3.5, 3.5, 3.5, 3.5, 3.5, 3.5, 3.5, 2.0]
random_idx_1 = 0, random_idx_2 = 4
random_idx_1 = 2, random_idx_2 = 3

iteration: 30
best: [1000.0, 1000.0, 1000.0, 1000.0, 1000.0, 1000.0, 1000.0, 1000.0, 1000.0, 1000.0, 1000.0, 1000.0, 1000.0, 61.28]
time: [6.2, 8.21, 12.36, 18.65, 25.56, 29.76, 50.06, 54.9, 57.02, 59.45, 61.58, 1000, 1000, 1000]
current_hyper_parameter
v: [12.0, 24.71, 12.0, 12.0, 20.71, 16.03, 12.0, 12.0, 31.77, 12.0, 12.0, 12.0, 12.0, 12.0]
a: [126.19, 50.0, 50.0, 155.2, 50.0, 50.0, 50.0, 50.0, 50.0, 57.4, 50.0, 50.0, 50.0, 50.0]
d: [3.5, 3.5, 3.5, 3.5, 3.5, 3.5, 3.5, 3.5, 3.5, 3.5, 3.5, 3.5, 3.5, 2.0]
BEST_hyper_parameter
v: [12.0, 24.71, 12.0, 12.0, 19.01, 16.03, 12.0, 12.0, 31.77, 12.0, 12.0, 12.0, 12.0, 12.0]
a: [126.19, 50.0, 50.0, 155.2, 50.0, 50.0, 50.0, 50.0, 50.0, 57.4, 50.0, 50.0, 50.0, 50.0]
d: [3.5, 3.5, 3.5, 3.5, 3.5, 3.5, 3.5, 3.5, 3.5, 3.5, 3.5, 3.5, 3.5, 2.0]
random_idx_1 = 1, random_idx_2 = 12
random_idx_1 = 2, random_idx_2 = 1

iteration: 31
best: [1000.0, 1000.0, 1000.0, 1000.0, 1000.0, 1000.0, 1000.0, 1000.0, 1000.0, 1000.0, 1000.0, 1000.0, 1000.0, 61.28]
time: [6.2, 8.22, 12.27, 15.4, 18.73, 22.84, 42.51, 46.73, 48.87, 51.32, 53.32, 56.0, 58.08, 60.28]
current_hyper_parameter
v: [12.0, 24.71, 12.0, 12.0, 19.01, 16.03, 12.0, 12.0, 31.77, 12.0, 12.0, 12.0, 12.0, 12.0]
a: [126.19, 50.0, 50.0, 155.2, 50.0, 50.0, 50.0, 50.0, 50.0, 57.4, 50.0, 50.0, 135.43, 50.0]
d: [3.5, 3.5, 3.5, 3.5, 3.5, 3.5, 3.5, 3.5, 3.5, 3.5, 3.5, 3.5, 3.5, 2.0]
BEST_hyper_parameter
v: [12.0, 24.71, 12.0, 12.0, 19.01, 16.03, 12.0, 12.0, 31.77, 12.0, 12.0, 12.0, 12.0, 12.0]
a: [126.19, 50.0, 50.0, 155.2, 50.0, 50.0, 50.0, 50.0, 50.0, 57.4, 50.0, 50.0, 50.0, 50.0]
d: [3.5, 3.5, 3.5, 3.5, 3.5, 3.5, 3.5, 3.5, 3.5, 3.5, 3.5, 3.5, 3.5, 2.0]
random_idx_1 = 0, random_idx_2 = 8
random_idx_1 = 2, random_idx_2 = 9

iteration: 32
best: [1000.0, 1000.0, 1000.0, 1000.0, 1000.0, 1000.0, 1000.0, 1000.0, 1000.0, 1000.0, 1000.0, 1000.0, 1000.0, 60.28]
time: [6.21, 8.35, 12.61, 15.81, 19.24, 23.29, 43.04, 47.21, 49.34, 51.77, 56.68, 59.87, 1000, 1000]
current_hyper_parameter
v: [12.0, 24.71, 12.0, 12.0, 19.01, 16.03, 12.0, 12.0, 31.1, 12.0, 12.0, 12.0, 12.0, 12.0]
a: [126.19, 50.0, 50.0, 155.2, 50.0, 50.0, 50.0, 50.0, 50.0, 57.4, 50.0, 50.0, 135.43, 50.0]
d: [3.5, 3.5, 3.5, 3.5, 3.5, 3.5, 3.5, 3.5, 3.5, 3.5, 3.5, 3.5, 3.5, 2.0]
BEST_hyper_parameter
v: [12.0, 24.71, 12.0, 12.0, 19.01, 16.03, 12.0, 12.0, 31.77, 12.0, 12.0, 12.0, 12.0, 12.0]
a: [126.19, 50.0, 50.0, 155.2, 50.0, 50.0, 50.0, 50.0, 50.0, 57.4, 50.0, 50.0, 135.43, 50.0]
d: [3.5, 3.5, 3.5, 3.5, 3.5, 3.5, 3.5, 3.5, 3.5, 3.5, 3.5, 3.5, 3.5, 2.0]
random_idx_1 = 2, random_idx_2 = 7
random_idx_1 = 2, random_idx_2 = 10

iteration: 33
best: [1000.0, 1000.0, 1000.0, 1000.0, 1000.0, 1000.0, 1000.0, 1000.0, 1000.0, 1000.0, 1000.0, 1000.0, 1000.0, 60.28]
time: [6.18, 8.21, 12.36, 18.62, 25.29, 29.32, 49.23, 53.95, 56.09, 58.55, 60.67, 1000, 1000, 1000]
current_hyper_parameter
v: [12.0, 24.71, 12.0, 12.0, 19.01, 16.03, 12.0, 12.0, 31.77, 12.0, 12.0, 12.0, 12.0, 12.0]
a: [126.19, 50.0, 50.0, 155.2, 50.0, 50.0, 50.0, 50.0, 50.0, 57.4, 50.0, 50.0, 135.43, 50.0]
d: [3.5, 3.5, 3.5, 3.5, 3.5, 3.5, 3.5, 3.5, 3.5, 3.5, 3.5, 3.5, 3.5, 2.0]
BEST_hyper_parameter
v: [12.0, 24.71, 12.0, 12.0, 19.01, 16.03, 12.0, 12.0, 31.77, 12.0, 12.0, 12.0, 12.0, 12.0]
a: [126.19, 50.0, 50.0, 155.2, 50.0, 50.0, 50.0, 50.0, 50.0, 57.4, 50.0, 50.0, 135.43, 50.0]
d: [3.5, 3.5, 3.5, 3.5, 3.5, 3.5, 3.5, 3.5, 3.5, 3.5, 3.5, 3.5, 3.5, 2.0]
random_idx_1 = 1, random_idx_2 = 5
random_idx_1 = 1, random_idx_2 = 10

iteration: 34
best: [1000.0, 1000.0, 1000.0, 1000.0, 1000.0, 1000.0, 1000.0, 1000.0, 1000.0, 1000.0, 1000.0, 1000.0, 1000.0, 60.28]
time: [6.2, 8.21, 12.32, 18.7, 22.11, 26.46, 46.67, 50.77, 52.84, 55.44, 57.31, 60.36, 1000, 1000]
current_hyper_parameter
v: [12.0, 24.71, 12.0, 12.0, 19.01, 16.03, 12.0, 12.0, 31.77, 12.0, 12.0, 12.0, 12.0, 12.0]
a: [126.19, 50.0, 50.0, 155.2, 50.0, 45.26, 50.0, 50.0, 50.0, 57.4, 127.36, 50.0, 135.43, 50.0]
d: [3.5, 3.5, 3.5, 3.5, 3.5, 3.5, 3.5, 3.5, 3.5, 3.5, 3.5, 3.5, 3.5, 2.0]
BEST_hyper_parameter
v: [12.0, 24.71, 12.0, 12.0, 19.01, 16.03, 12.0, 12.0, 31.77, 12.0, 12.0, 12.0, 12.0, 12.0]
a: [126.19, 50.0, 50.0, 155.2, 50.0, 50.0, 50.0, 50.0, 50.0, 57.4, 50.0, 50.0, 135.43, 50.0]
d: [3.5, 3.5, 3.5, 3.5, 3.5, 3.5, 3.5, 3.5, 3.5, 3.5, 3.5, 3.5, 3.5, 2.0]
random_idx_1 = 2, random_idx_2 = 11
random_idx_1 = 0, random_idx_2 = 0

iteration: 35
best: [1000.0, 1000.0, 1000.0, 1000.0, 1000.0, 1000.0, 1000.0, 1000.0, 1000.0, 1000.0, 1000.0, 1000.0, 1000.0, 60.28]
time: [5.74, 7.35, 11.21, 14.35, 20.83, 24.71, 44.6, 48.7, 50.82, 53.34, 55.44, 58.11, 60.05, 1000]
current_hyper_parameter
v: [27.9, 24.71, 12.0, 12.0, 19.01, 16.03, 12.0, 12.0, 31.77, 12.0, 12.0, 12.0, 12.0, 12.0]
a: [126.19, 50.0, 50.0, 155.2, 50.0, 50.0, 50.0, 50.0, 50.0, 57.4, 50.0, 50.0, 135.43, 50.0]
d: [3.5, 3.5, 3.5, 3.5, 3.5, 3.5, 3.5, 3.5, 3.5, 3.5, 3.5, 3.5, 3.5, 2.0]
BEST_hyper_parameter
v: [12.0, 24.71, 12.0, 12.0, 19.01, 16.03, 12.0, 12.0, 31.77, 12.0, 12.0, 12.0, 12.0, 12.0]
a: [126.19, 50.0, 50.0, 155.2, 50.0, 50.0, 50.0, 50.0, 50.0, 57.4, 50.0, 50.0, 135.43, 50.0]
d: [3.5, 3.5, 3.5, 3.5, 3.5, 3.5, 3.5, 3.5, 3.5, 3.5, 3.5, 3.5, 3.5, 2.0]
random_idx_1 = 0, random_idx_2 = 13
random_idx_1 = 0, random_idx_2 = 2

iteration: 36
best: [1000.0, 1000.0, 1000.0, 1000.0, 1000.0, 1000.0, 1000.0, 1000.0, 1000.0, 1000.0, 1000.0, 1000.0, 1000.0, 60.28]
time: [6.09, 8.11, 12.32, 18.62, 23.45, 27.24, 47.12, 51.32, 53.39, 55.89, 58.19, 60.89, 62.62, 1000]
current_hyper_parameter
v: [12.0, 24.71, 11.46, 12.0, 19.01, 16.03, 12.0, 12.0, 31.77, 12.0, 12.0, 12.0, 12.0, 18.34]
a: [126.19, 50.0, 50.0, 155.2, 50.0, 50.0, 50.0, 50.0, 50.0, 57.4, 50.0, 50.0, 135.43, 50.0]
d: [3.5, 3.5, 3.5, 3.5, 3.5, 3.5, 3.5, 3.5, 3.5, 3.5, 3.5, 3.5, 3.5, 2.0]
BEST_hyper_parameter
v: [12.0, 24.71, 12.0, 12.0, 19.01, 16.03, 12.0, 12.0, 31.77, 12.0, 12.0, 12.0, 12.0, 12.0]
a: [126.19, 50.0, 50.0, 155.2, 50.0, 50.0, 50.0, 50.0, 50.0, 57.4, 50.0, 50.0, 135.43, 50.0]
d: [3.5, 3.5, 3.5, 3.5, 3.5, 3.5, 3.5, 3.5, 3.5, 3.5, 3.5, 3.5, 3.5, 2.0]
random_idx_1 = 0, random_idx_2 = 8
random_idx_1 = 1, random_idx_2 = 13

iteration: 37
best: [1000.0, 1000.0, 1000.0, 1000.0, 1000.0, 1000.0, 1000.0, 1000.0, 1000.0, 1000.0, 1000.0, 1000.0, 1000.0, 60.28]
time: [6.18, 8.2, 12.26, 15.4, 18.72, 22.8, 42.45, 46.65, 48.75, 51.27, 53.3, 56.03, 58.06, 60.0]
current_hyper_parameter
v: [12.0, 24.71, 12.0, 12.0, 19.01, 16.03, 12.0, 12.0, 32.19, 12.0, 12.0, 12.0, 12.0, 12.0]
a: [126.19, 50.0, 50.0, 155.2, 50.0, 50.0, 50.0, 50.0, 50.0, 57.4, 50.0, 50.0, 135.43, 66.45]
d: [3.5, 3.5, 3.5, 3.5, 3.5, 3.5, 3.5, 3.5, 3.5, 3.5, 3.5, 3.5, 3.5, 2.0]
BEST_hyper_parameter
v: [12.0, 24.71, 12.0, 12.0, 19.01, 16.03, 12.0, 12.0, 31.77, 12.0, 12.0, 12.0, 12.0, 12.0]
a: [126.19, 50.0, 50.0, 155.2, 50.0, 50.0, 50.0, 50.0, 50.0, 57.4, 50.0, 50.0, 135.43, 50.0]
d: [3.5, 3.5, 3.5, 3.5, 3.5, 3.5, 3.5, 3.5, 3.5, 3.5, 3.5, 3.5, 3.5, 2.0]
random_idx_1 = 2, random_idx_2 = 8
random_idx_1 = 2, random_idx_2 = 1

iteration: 38
best: [1000.0, 1000.0, 1000.0, 1000.0, 1000.0, 1000.0, 1000.0, 1000.0, 1000.0, 1000.0, 1000.0, 1000.0, 1000.0, 60.0]
time: [6.2, 8.19, 12.33, 18.69, 22.11, 26.39, 45.86, 49.82, 51.89, 54.36, 56.48, 59.2, 1000, 1000]
current_hyper_parameter
v: [12.0, 24.71, 12.0, 12.0, 19.01, 16.03, 12.0, 12.0, 32.19, 12.0, 12.0, 12.0, 12.0, 12.0]
a: [126.19, 50.0, 50.0, 155.2, 50.0, 50.0, 50.0, 50.0, 50.0, 57.4, 50.0, 50.0, 135.43, 66.45]
d: [3.5, 3.5, 3.5, 3.5, 3.5, 3.5, 3.5, 3.5, 3.5, 3.5, 3.5, 3.5, 3.5, 2.0]
BEST_hyper_parameter
v: [12.0, 24.71, 12.0, 12.0, 19.01, 16.03, 12.0, 12.0, 32.19, 12.0, 12.0, 12.0, 12.0, 12.0]
a: [126.19, 50.0, 50.0, 155.2, 50.0, 50.0, 50.0, 50.0, 50.0, 57.4, 50.0, 50.0, 135.43, 66.45]
d: [3.5, 3.5, 3.5, 3.5, 3.5, 3.5, 3.5, 3.5, 3.5, 3.5, 3.5, 3.5, 3.5, 2.0]
random_idx_1 = 1, random_idx_2 = 1
random_idx_1 = 2, random_idx_2 = 4

iteration: 39
best: [1000.0, 1000.0, 1000.0, 1000.0, 1000.0, 1000.0, 1000.0, 1000.0, 1000.0, 1000.0, 1000.0, 1000.0, 1000.0, 60.0]
time: [6.22, 8.29, 12.52, 18.97, 1000, 1000, 1000, 1000, 1000, 1000, 1000, 1000, 1000, 1000]
current_hyper_parameter
v: [12.0, 24.71, 12.0, 12.0, 19.01, 16.03, 12.0, 12.0, 32.19, 12.0, 12.0, 12.0, 12.0, 12.0]
a: [126.19, 55.06, 50.0, 155.2, 50.0, 50.0, 50.0, 50.0, 50.0, 57.4, 50.0, 50.0, 135.43, 66.45]
d: [3.5, 3.5, 3.5, 3.5, 3.5, 3.5, 3.5, 3.5, 3.5, 3.5, 3.5, 3.5, 3.5, 2.0]
BEST_hyper_parameter
v: [12.0, 24.71, 12.0, 12.0, 19.01, 16.03, 12.0, 12.0, 32.19, 12.0, 12.0, 12.0, 12.0, 12.0]
a: [126.19, 50.0, 50.0, 155.2, 50.0, 50.0, 50.0, 50.0, 50.0, 57.4, 50.0, 50.0, 135.43, 66.45]
d: [3.5, 3.5, 3.5, 3.5, 3.5, 3.5, 3.5, 3.5, 3.5, 3.5, 3.5, 3.5, 3.5, 2.0]
random_idx_1 = 2, random_idx_2 = 8
random_idx_1 = 1, random_idx_2 = 8

iteration: 40
best: [1000.0, 1000.0, 1000.0, 1000.0, 1000.0, 1000.0, 1000.0, 1000.0, 1000.0, 1000.0, 1000.0, 1000.0, 1000.0, 60.0]
time: [6.05, 8.05, 12.18, 15.35, 21.85, 25.75, 45.59, 49.77, 51.35, 56.35, 59.64, 1000, 1000, 1000]
current_hyper_parameter
v: [12.0, 24.71, 12.0, 12.0, 19.01, 16.03, 12.0, 12.0, 32.19, 12.0, 12.0, 12.0, 12.0, 12.0]
a: [126.19, 50.0, 50.0, 155.2, 50.0, 50.0, 50.0, 50.0, 89.57, 57.4, 50.0, 50.0, 135.43, 66.45]
d: [3.5, 3.5, 3.5, 3.5, 3.5, 3.5, 3.5, 3.5, 3.5, 3.5, 3.5, 3.5, 3.5, 2.0]
BEST_hyper_parameter
v: [12.0, 24.71, 12.0, 12.0, 19.01, 16.03, 12.0, 12.0, 32.19, 12.0, 12.0, 12.0, 12.0, 12.0]
a: [126.19, 50.0, 50.0, 155.2, 50.0, 50.0, 50.0, 50.0, 50.0, 57.4, 50.0, 50.0, 135.43, 66.45]
d: [3.5, 3.5, 3.5, 3.5, 3.5, 3.5, 3.5, 3.5, 3.5, 3.5, 3.5, 3.5, 3.5, 2.0]
random_idx_1 = 2, random_idx_2 = 7
random_idx_1 = 1, random_idx_2 = 12

iteration: 41
best: [1000.0, 1000.0, 1000.0, 1000.0, 1000.0, 1000.0, 1000.0, 1000.0, 1000.0, 1000.0, 1000.0, 1000.0, 1000.0, 60.0]
time: [6.22, 8.34, 12.61, 15.83, 19.23, 23.34, 42.97, 47.85, 49.97, 52.41, 61.74, 1000, 1000, 1000]
current_hyper_parameter
v: [12.0, 24.71, 12.0, 12.0, 19.01, 16.03, 12.0, 12.0, 32.19, 12.0, 12.0, 12.0, 12.0, 12.0]
a: [126.19, 50.0, 50.0, 155.2, 50.0, 50.0, 50.0, 50.0, 50.0, 57.4, 50.0, 50.0, 125.89, 66.45]
d: [3.5, 3.5, 3.5, 3.5, 3.5, 3.5, 3.5, 3.5, 3.5, 3.5, 3.5, 3.5, 3.5, 2.0]
BEST_hyper_parameter
v: [12.0, 24.71, 12.0, 12.0, 19.01, 16.03, 12.0, 12.0, 32.19, 12.0, 12.0, 12.0, 12.0, 12.0]
a: [126.19, 50.0, 50.0, 155.2, 50.0, 50.0, 50.0, 50.0, 50.0, 57.4, 50.0, 50.0, 135.43, 66.45]
d: [3.5, 3.5, 3.5, 3.5, 3.5, 3.5, 3.5, 3.5, 3.5, 3.5, 3.5, 3.5, 3.5, 2.0]
random_idx_1 = 0, random_idx_2 = 9
random_idx_1 = 1, random_idx_2 = 2

iteration: 42
best: [1000.0, 1000.0, 1000.0, 1000.0, 1000.0, 1000.0, 1000.0, 1000.0, 1000.0, 1000.0, 1000.0, 1000.0, 1000.0, 60.0]
time: [6.08, 8.08, 11.87, 14.94, 21.38, 25.26, 45.06, 49.2, 51.33, 53.68, 67.83, 1000, 1000, 1000]
current_hyper_parameter
v: [12.0, 24.71, 12.0, 12.0, 19.01, 16.03, 12.0, 12.0, 32.19, 16.49, 12.0, 12.0, 12.0, 12.0]
a: [126.19, 50.0, 105.92, 155.2, 50.0, 50.0, 50.0, 50.0, 50.0, 57.4, 50.0, 50.0, 135.43, 66.45]
d: [3.5, 3.5, 3.5, 3.5, 3.5, 3.5, 3.5, 3.5, 3.5, 3.5, 3.5, 3.5, 3.5, 2.0]
BEST_hyper_parameter
v: [12.0, 24.71, 12.0, 12.0, 19.01, 16.03, 12.0, 12.0, 32.19, 12.0, 12.0, 12.0, 12.0, 12.0]
a: [126.19, 50.0, 50.0, 155.2, 50.0, 50.0, 50.0, 50.0, 50.0, 57.4, 50.0, 50.0, 135.43, 66.45]
d: [3.5, 3.5, 3.5, 3.5, 3.5, 3.5, 3.5, 3.5, 3.5, 3.5, 3.5, 3.5, 3.5, 2.0]
random_idx_1 = 1, random_idx_2 = 1
random_idx_1 = 1, random_idx_2 = 7

iteration: 43
best: [1000.0, 1000.0, 1000.0, 1000.0, 1000.0, 1000.0, 1000.0, 1000.0, 1000.0, 1000.0, 1000.0, 1000.0, 1000.0, 60.0]
time: [6.17, 7.88, 11.53, 17.77, 21.12, 25.35, 45.49, 50.93, 53.22, 55.84, 61.0, 1000, 1000, 1000]
current_hyper_parameter
v: [12.0, 24.71, 12.0, 12.0, 19.01, 16.03, 12.0, 12.0, 32.19, 12.0, 12.0, 12.0, 12.0, 12.0]
a: [126.19, 83.71, 50.0, 155.2, 50.0, 50.0, 50.0, 29.93, 50.0, 57.4, 50.0, 50.0, 135.43, 66.45]
d: [3.5, 3.5, 3.5, 3.5, 3.5, 3.5, 3.5, 3.5, 3.5, 3.5, 3.5, 3.5, 3.5, 2.0]
BEST_hyper_parameter
v: [12.0, 24.71, 12.0, 12.0, 19.01, 16.03, 12.0, 12.0, 32.19, 12.0, 12.0, 12.0, 12.0, 12.0]
a: [126.19, 50.0, 50.0, 155.2, 50.0, 50.0, 50.0, 50.0, 50.0, 57.4, 50.0, 50.0, 135.43, 66.45]
d: [3.5, 3.5, 3.5, 3.5, 3.5, 3.5, 3.5, 3.5, 3.5, 3.5, 3.5, 3.5, 3.5, 2.0]
random_idx_1 = 1, random_idx_2 = 13
random_idx_1 = 2, random_idx_2 = 3

iteration: 44
best: [1000.0, 1000.0, 1000.0, 1000.0, 1000.0, 1000.0, 1000.0, 1000.0, 1000.0, 1000.0, 1000.0, 1000.0, 1000.0, 60.0]
time: [6.18, 8.2, 12.32, 15.51, 18.75, 22.81, 42.47, 46.68, 48.82, 51.29, 53.38, 56.1, 57.98, 59.52]
current_hyper_parameter
v: [12.0, 24.71, 12.0, 12.0, 19.01, 16.03, 12.0, 12.0, 32.19, 12.0, 12.0, 12.0, 12.0, 12.0]
a: [126.19, 50.0, 50.0, 155.2, 50.0, 50.0, 50.0, 50.0, 50.0, 57.4, 50.0, 50.0, 135.43, 45.26]
d: [3.5, 3.5, 3.5, 3.5, 3.5, 3.5, 3.5, 3.5, 3.5, 3.5, 3.5, 3.5, 3.5, 2.0]
BEST_hyper_parameter
v: [12.0, 24.71, 12.0, 12.0, 19.01, 16.03, 12.0, 12.0, 32.19, 12.0, 12.0, 12.0, 12.0, 12.0]
a: [126.19, 50.0, 50.0, 155.2, 50.0, 50.0, 50.0, 50.0, 50.0, 57.4, 50.0, 50.0, 135.43, 66.45]
d: [3.5, 3.5, 3.5, 3.5, 3.5, 3.5, 3.5, 3.5, 3.5, 3.5, 3.5, 3.5, 3.5, 2.0]
random_idx_1 = 0, random_idx_2 = 13
random_idx_1 = 1, random_idx_2 = 2

iteration: 45
best: [1000.0, 1000.0, 1000.0, 1000.0, 1000.0, 1000.0, 1000.0, 1000.0, 1000.0, 1000.0, 1000.0, 1000.0, 1000.0, 59.52]
time: [6.08, 8.08, 12.06, 15.14, 21.38, 25.15, 45.08, 49.25, 51.34, 53.75, 64.33, 1000, 1000, 1000]
current_hyper_parameter
v: [12.0, 24.71, 12.0, 12.0, 19.01, 16.03, 12.0, 12.0, 32.19, 12.0, 12.0, 12.0, 12.0, 11.49]
a: [126.19, 50.0, 65.77, 155.2, 50.0, 50.0, 50.0, 50.0, 50.0, 57.4, 50.0, 50.0, 135.43, 45.26]
d: [3.5, 3.5, 3.5, 3.5, 3.5, 3.5, 3.5, 3.5, 3.5, 3.5, 3.5, 3.5, 3.5, 2.0]
BEST_hyper_parameter
v: [12.0, 24.71, 12.0, 12.0, 19.01, 16.03, 12.0, 12.0, 32.19, 12.0, 12.0, 12.0, 12.0, 12.0]
a: [126.19, 50.0, 50.0, 155.2, 50.0, 50.0, 50.0, 50.0, 50.0, 57.4, 50.0, 50.0, 135.43, 45.26]
d: [3.5, 3.5, 3.5, 3.5, 3.5, 3.5, 3.5, 3.5, 3.5, 3.5, 3.5, 3.5, 3.5, 2.0]
random_idx_1 = 2, random_idx_2 = 6
random_idx_1 = 0, random_idx_2 = 3

iteration: 46
best: [1000.0, 1000.0, 1000.0, 1000.0, 1000.0, 1000.0, 1000.0, 1000.0, 1000.0, 1000.0, 1000.0, 1000.0, 1000.0, 59.52]
time: [6.2, 8.2, 12.33, 16.03, 19.56, 23.33, 43.22, 47.25, 49.31, 51.84, 53.94, 56.55, 58.56, 59.99]
current_hyper_parameter
v: [12.0, 24.71, 12.0, 9.56, 19.01, 16.03, 12.0, 12.0, 32.19, 12.0, 12.0, 12.0, 12.0, 12.0]
a: [126.19, 50.0, 50.0, 155.2, 50.0, 50.0, 50.0, 50.0, 50.0, 57.4, 50.0, 50.0, 135.43, 45.26]
d: [3.5, 3.5, 3.5, 3.5, 3.5, 3.5, 3.5, 3.5, 3.5, 3.5, 3.5, 3.5, 3.5, 2.0]
BEST_hyper_parameter
v: [12.0, 24.71, 12.0, 12.0, 19.01, 16.03, 12.0, 12.0, 32.19, 12.0, 12.0, 12.0, 12.0, 12.0]
a: [126.19, 50.0, 50.0, 155.2, 50.0, 50.0, 50.0, 50.0, 50.0, 57.4, 50.0, 50.0, 135.43, 45.26]
d: [3.5, 3.5, 3.5, 3.5, 3.5, 3.5, 3.5, 3.5, 3.5, 3.5, 3.5, 3.5, 3.5, 2.0]
random_idx_1 = 0, random_idx_2 = 9
random_idx_1 = 2, random_idx_2 = 7

iteration: 47
best: [1000.0, 1000.0, 1000.0, 1000.0, 1000.0, 1000.0, 1000.0, 1000.0, 1000.0, 1000.0, 1000.0, 1000.0, 1000.0, 59.52]
time: [6.19, 8.21, 12.35, 15.56, 21.93, 25.81, 45.66, 49.9, 52.01, 54.2, 63.95, 1000, 1000, 1000]
current_hyper_parameter
v: [12.0, 24.71, 12.0, 12.0, 19.01, 16.03, 12.0, 12.0, 32.19, 26.51, 12.0, 12.0, 12.0, 12.0]
a: [126.19, 50.0, 50.0, 155.2, 50.0, 50.0, 50.0, 50.0, 50.0, 57.4, 50.0, 50.0, 135.43, 45.26]
d: [3.5, 3.5, 3.5, 3.5, 3.5, 3.5, 3.5, 3.5, 3.5, 3.5, 3.5, 3.5, 3.5, 2.0]
BEST_hyper_parameter
v: [12.0, 24.71, 12.0, 12.0, 19.01, 16.03, 12.0, 12.0, 32.19, 12.0, 12.0, 12.0, 12.0, 12.0]
a: [126.19, 50.0, 50.0, 155.2, 50.0, 50.0, 50.0, 50.0, 50.0, 57.4, 50.0, 50.0, 135.43, 45.26]
d: [3.5, 3.5, 3.5, 3.5, 3.5, 3.5, 3.5, 3.5, 3.5, 3.5, 3.5, 3.5, 3.5, 2.0]
random_idx_1 = 2, random_idx_2 = 5
random_idx_1 = 2, random_idx_2 = 10

iteration: 48
best: [1000.0, 1000.0, 1000.0, 1000.0, 1000.0, 1000.0, 1000.0, 1000.0, 1000.0, 1000.0, 1000.0, 1000.0, 1000.0, 59.52]
time: [6.18, 8.19, 12.31, 15.5, 18.73, 22.78, 42.48, 46.69, 48.77, 51.29, 53.3, 55.97, 57.97, 59.41]
current_hyper_parameter
v: [12.0, 24.71, 12.0, 12.0, 19.01, 16.03, 12.0, 12.0, 32.19, 12.0, 12.0, 12.0, 12.0, 12.0]
a: [126.19, 50.0, 50.0, 155.2, 50.0, 50.0, 50.0, 50.0, 50.0, 57.4, 50.0, 50.0, 135.43, 45.26]
d: [3.5, 3.5, 3.5, 3.5, 3.5, 3.5, 3.5, 3.5, 3.5, 3.5, 3.5, 3.5, 3.5, 2.0]
BEST_hyper_parameter
v: [12.0, 24.71, 12.0, 12.0, 19.01, 16.03, 12.0, 12.0, 32.19, 12.0, 12.0, 12.0, 12.0, 12.0]
a: [126.19, 50.0, 50.0, 155.2, 50.0, 50.0, 50.0, 50.0, 50.0, 57.4, 50.0, 50.0, 135.43, 45.26]
d: [3.5, 3.5, 3.5, 3.5, 3.5, 3.5, 3.5, 3.5, 3.5, 3.5, 3.5, 3.5, 3.5, 2.0]
random_idx_1 = 1, random_idx_2 = 0
random_idx_1 = 1, random_idx_2 = 12

iteration: 49
best: [1000.0, 1000.0, 1000.0, 1000.0, 1000.0, 1000.0, 1000.0, 1000.0, 1000.0, 1000.0, 1000.0, 1000.0, 1000.0, 59.41]
time: [6.33, 8.4, 12.67, 19.1, 1000, 1000, 1000, 1000, 1000, 1000, 1000, 1000, 1000, 1000]
current_hyper_parameter
v: [12.0, 24.71, 12.0, 12.0, 19.01, 16.03, 12.0, 12.0, 32.19, 12.0, 12.0, 12.0, 12.0, 12.0]
a: [91.41, 50.0, 50.0, 155.2, 50.0, 50.0, 50.0, 50.0, 50.0, 57.4, 50.0, 50.0, 46.99, 45.26]
d: [3.5, 3.5, 3.5, 3.5, 3.5, 3.5, 3.5, 3.5, 3.5, 3.5, 3.5, 3.5, 3.5, 2.0]
BEST_hyper_parameter
v: [12.0, 24.71, 12.0, 12.0, 19.01, 16.03, 12.0, 12.0, 32.19, 12.0, 12.0, 12.0, 12.0, 12.0]
a: [126.19, 50.0, 50.0, 155.2, 50.0, 50.0, 50.0, 50.0, 50.0, 57.4, 50.0, 50.0, 135.43, 45.26]
d: [3.5, 3.5, 3.5, 3.5, 3.5, 3.5, 3.5, 3.5, 3.5, 3.5, 3.5, 3.5, 3.5, 2.0]
random_idx_1 = 1, random_idx_2 = 13
random_idx_1 = 2, random_idx_2 = 6

iteration: 50
best: [1000.0, 1000.0, 1000.0, 1000.0, 1000.0, 1000.0, 1000.0, 1000.0, 1000.0, 1000.0, 1000.0, 1000.0, 1000.0, 59.41]
time: [6.06, 8.03, 12.17, 15.33, 21.86, 25.79, 45.61, 50.33, 52.46, 54.89, 57.0, 59.76, 1000, 1000]
current_hyper_parameter
v: [12.0, 24.71, 12.0, 12.0, 19.01, 16.03, 12.0, 12.0, 32.19, 12.0, 12.0, 12.0, 12.0, 12.0]
a: [126.19, 50.0, 50.0, 155.2, 50.0, 50.0, 50.0, 50.0, 50.0, 57.4, 50.0, 50.0, 135.43, 48.4]
d: [3.5, 3.5, 3.5, 3.5, 3.5, 3.5, 3.5, 3.5, 3.5, 3.5, 3.5, 3.5, 3.5, 2.0]
BEST_hyper_parameter
v: [12.0, 24.71, 12.0, 12.0, 19.01, 16.03, 12.0, 12.0, 32.19, 12.0, 12.0, 12.0, 12.0, 12.0]
a: [126.19, 50.0, 50.0, 155.2, 50.0, 50.0, 50.0, 50.0, 50.0, 57.4, 50.0, 50.0, 135.43, 45.26]
d: [3.5, 3.5, 3.5, 3.5, 3.5, 3.5, 3.5, 3.5, 3.5, 3.5, 3.5, 3.5, 3.5, 2.0]
random_idx_1 = 0, random_idx_2 = 2
random_idx_1 = 1, random_idx_2 = 0

iteration: 51
best: [1000.0, 1000.0, 1000.0, 1000.0, 1000.0, 1000.0, 1000.0, 1000.0, 1000.0, 1000.0, 1000.0, 1000.0, 1000.0, 59.41]
time: [6.05, 8.03, 12.33, 15.55, 18.8, 22.83, 42.6, 46.72, 48.8, 51.33, 53.4, 55.87, 58.34, 59.81]
current_hyper_parameter
v: [12.0, 24.71, 11.07, 12.0, 19.01, 16.03, 12.0, 12.0, 32.19, 12.0, 12.0, 12.0, 12.0, 12.0]
a: [145.62, 50.0, 50.0, 155.2, 50.0, 50.0, 50.0, 50.0, 50.0, 57.4, 50.0, 50.0, 135.43, 45.26]
d: [3.5, 3.5, 3.5, 3.5, 3.5, 3.5, 3.5, 3.5, 3.5, 3.5, 3.5, 3.5, 3.5, 2.0]
BEST_hyper_parameter
v: [12.0, 24.71, 12.0, 12.0, 19.01, 16.03, 12.0, 12.0, 32.19, 12.0, 12.0, 12.0, 12.0, 12.0]
a: [126.19, 50.0, 50.0, 155.2, 50.0, 50.0, 50.0, 50.0, 50.0, 57.4, 50.0, 50.0, 135.43, 45.26]
d: [3.5, 3.5, 3.5, 3.5, 3.5, 3.5, 3.5, 3.5, 3.5, 3.5, 3.5, 3.5, 3.5, 2.0]
random_idx_1 = 1, random_idx_2 = 2
random_idx_1 = 2, random_idx_2 = 7

iteration: 52
best: [1000.0, 1000.0, 1000.0, 1000.0, 1000.0, 1000.0, 1000.0, 1000.0, 1000.0, 1000.0, 1000.0, 1000.0, 1000.0, 59.41]
time: [6.19, 8.21, 12.53, 18.9, 22.2, 26.38, 45.95, 50.01, 52.12, 54.52, 56.58, 59.38, 1000, 1000]
current_hyper_parameter
v: [12.0, 24.71, 12.0, 12.0, 19.01, 16.03, 12.0, 12.0, 32.19, 12.0, 12.0, 12.0, 12.0, 12.0]
a: [126.19, 50.0, 35.2, 155.2, 50.0, 50.0, 50.0, 50.0, 50.0, 57.4, 50.0, 50.0, 135.43, 45.26]
d: [3.5, 3.5, 3.5, 3.5, 3.5, 3.5, 3.5, 3.5, 3.5, 3.5, 3.5, 3.5, 3.5, 2.0]
BEST_hyper_parameter
v: [12.0, 24.71, 12.0, 12.0, 19.01, 16.03, 12.0, 12.0, 32.19, 12.0, 12.0, 12.0, 12.0, 12.0]
a: [126.19, 50.0, 50.0, 155.2, 50.0, 50.0, 50.0, 50.0, 50.0, 57.4, 50.0, 50.0, 135.43, 45.26]
d: [3.5, 3.5, 3.5, 3.5, 3.5, 3.5, 3.5, 3.5, 3.5, 3.5, 3.5, 3.5, 3.5, 2.0]
random_idx_1 = 2, random_idx_2 = 4
random_idx_1 = 1, random_idx_2 = 3

iteration: 53
best: [1000.0, 1000.0, 1000.0, 1000.0, 1000.0, 1000.0, 1000.0, 1000.0, 1000.0, 1000.0, 1000.0, 1000.0, 1000.0, 59.41]
time: [6.08, 8.1, 12.26, 15.84, 22.42, 26.3, 46.09, 50.29, 52.38, 54.89, 56.96, 59.72, 61.41, 1000]
current_hyper_parameter
v: [12.0, 24.71, 12.0, 12.0, 19.01, 16.03, 12.0, 12.0, 32.19, 12.0, 12.0, 12.0, 12.0, 12.0]
a: [126.19, 50.0, 50.0, 79.91, 50.0, 50.0, 50.0, 50.0, 50.0, 57.4, 50.0, 50.0, 135.43, 45.26]
d: [3.5, 3.5, 3.5, 3.5, 3.5, 3.5, 3.5, 3.5, 3.5, 3.5, 3.5, 3.5, 3.5, 2.0]
BEST_hyper_parameter
v: [12.0, 24.71, 12.0, 12.0, 19.01, 16.03, 12.0, 12.0, 32.19, 12.0, 12.0, 12.0, 12.0, 12.0]
a: [126.19, 50.0, 50.0, 155.2, 50.0, 50.0, 50.0, 50.0, 50.0, 57.4, 50.0, 50.0, 135.43, 45.26]
d: [3.5, 3.5, 3.5, 3.5, 3.5, 3.5, 3.5, 3.5, 3.5, 3.5, 3.5, 3.5, 3.5, 2.0]
random_idx_1 = 1, random_idx_2 = 4
random_idx_1 = 1, random_idx_2 = 9

iteration: 54
best: [1000.0, 1000.0, 1000.0, 1000.0, 1000.0, 1000.0, 1000.0, 1000.0, 1000.0, 1000.0, 1000.0, 1000.0, 1000.0, 59.41]
time: [6.19, 8.21, 12.33, 18.57, 21.43, 26.01, 46.07, 50.87, 53.01, 55.33, 57.83, 60.59, 1000, 1000]
current_hyper_parameter
v: [12.0, 24.71, 12.0, 12.0, 19.01, 16.03, 12.0, 12.0, 32.19, 12.0, 12.0, 12.0, 12.0, 12.0]
a: [126.19, 50.0, 50.0, 155.2, 103.25, 50.0, 50.0, 50.0, 50.0, 83.42, 50.0, 50.0, 135.43, 45.26]
d: [3.5, 3.5, 3.5, 3.5, 3.5, 3.5, 3.5, 3.5, 3.5, 3.5, 3.5, 3.5, 3.5, 2.0]
BEST_hyper_parameter
v: [12.0, 24.71, 12.0, 12.0, 19.01, 16.03, 12.0, 12.0, 32.19, 12.0, 12.0, 12.0, 12.0, 12.0]
a: [126.19, 50.0, 50.0, 155.2, 50.0, 50.0, 50.0, 50.0, 50.0, 57.4, 50.0, 50.0, 135.43, 45.26]
d: [3.5, 3.5, 3.5, 3.5, 3.5, 3.5, 3.5, 3.5, 3.5, 3.5, 3.5, 3.5, 3.5, 2.0]
random_idx_1 = 1, random_idx_2 = 1
random_idx_1 = 2, random_idx_2 = 1

iteration: 55
best: [1000.0, 1000.0, 1000.0, 1000.0, 1000.0, 1000.0, 1000.0, 1000.0, 1000.0, 1000.0, 1000.0, 1000.0, 1000.0, 59.41]
time: [6.2, 8.3, 12.58, 19.02, 1000, 1000, 1000, 1000, 1000, 1000, 1000, 1000, 1000, 1000]
current_hyper_parameter
v: [12.0, 24.71, 12.0, 12.0, 19.01, 16.03, 12.0, 12.0, 32.19, 12.0, 12.0, 12.0, 12.0, 12.0]
a: [126.19, 42.46, 50.0, 155.2, 50.0, 50.0, 50.0, 50.0, 50.0, 57.4, 50.0, 50.0, 135.43, 45.26]
d: [3.5, 3.5, 3.5, 3.5, 3.5, 3.5, 3.5, 3.5, 3.5, 3.5, 3.5, 3.5, 3.5, 2.0]
BEST_hyper_parameter
v: [12.0, 24.71, 12.0, 12.0, 19.01, 16.03, 12.0, 12.0, 32.19, 12.0, 12.0, 12.0, 12.0, 12.0]
a: [126.19, 50.0, 50.0, 155.2, 50.0, 50.0, 50.0, 50.0, 50.0, 57.4, 50.0, 50.0, 135.43, 45.26]
d: [3.5, 3.5, 3.5, 3.5, 3.5, 3.5, 3.5, 3.5, 3.5, 3.5, 3.5, 3.5, 3.5, 2.0]
random_idx_1 = 0, random_idx_2 = 2
random_idx_1 = 1, random_idx_2 = 9

iteration: 56
best: [1000.0, 1000.0, 1000.0, 1000.0, 1000.0, 1000.0, 1000.0, 1000.0, 1000.0, 1000.0, 1000.0, 1000.0, 1000.0, 59.41]
time: [6.05, 8.05, 11.82, 15.04, 21.4, 25.23, 45.19, 49.26, 51.32, 53.82, 55.98, 58.67, 1000, 1000]
current_hyper_parameter
v: [12.0, 24.71, 30.66, 12.0, 19.01, 16.03, 12.0, 12.0, 32.19, 12.0, 12.0, 12.0, 12.0, 12.0]
a: [126.19, 50.0, 50.0, 155.2, 50.0, 50.0, 50.0, 50.0, 50.0, 58.36, 50.0, 50.0, 135.43, 45.26]
d: [3.5, 3.5, 3.5, 3.5, 3.5, 3.5, 3.5, 3.5, 3.5, 3.5, 3.5, 3.5, 3.5, 2.0]
BEST_hyper_parameter
v: [12.0, 24.71, 12.0, 12.0, 19.01, 16.03, 12.0, 12.0, 32.19, 12.0, 12.0, 12.0, 12.0, 12.0]
a: [126.19, 50.0, 50.0, 155.2, 50.0, 50.0, 50.0, 50.0, 50.0, 57.4, 50.0, 50.0, 135.43, 45.26]
d: [3.5, 3.5, 3.5, 3.5, 3.5, 3.5, 3.5, 3.5, 3.5, 3.5, 3.5, 3.5, 3.5, 2.0]
random_idx_1 = 2, random_idx_2 = 1
random_idx_1 = 2, random_idx_2 = 8

iteration: 57
best: [1000.0, 1000.0, 1000.0, 1000.0, 1000.0, 1000.0, 1000.0, 1000.0, 1000.0, 1000.0, 1000.0, 1000.0, 1000.0, 59.41]
time: [6.07, 8.09, 12.25, 18.57, 25.23, 29.31, 49.52, 54.34, 56.45, 58.9, 1000, 1000, 1000, 1000]
current_hyper_parameter
v: [12.0, 24.71, 12.0, 12.0, 19.01, 16.03, 12.0, 12.0, 32.19, 12.0, 12.0, 12.0, 12.0, 12.0]
a: [126.19, 50.0, 50.0, 155.2, 50.0, 50.0, 50.0, 50.0, 50.0, 57.4, 50.0, 50.0, 135.43, 45.26]
d: [3.5, 3.5, 3.5, 3.5, 3.5, 3.5, 3.5, 3.5, 3.5, 3.5, 3.5, 3.5, 3.5, 2.0]
BEST_hyper_parameter
v: [12.0, 24.71, 12.0, 12.0, 19.01, 16.03, 12.0, 12.0, 32.19, 12.0, 12.0, 12.0, 12.0, 12.0]
a: [126.19, 50.0, 50.0, 155.2, 50.0, 50.0, 50.0, 50.0, 50.0, 57.4, 50.0, 50.0, 135.43, 45.26]
d: [3.5, 3.5, 3.5, 3.5, 3.5, 3.5, 3.5, 3.5, 3.5, 3.5, 3.5, 3.5, 3.5, 2.0]
random_idx_1 = 0, random_idx_2 = 0
random_idx_1 = 0, random_idx_2 = 7

iteration: 58
best: [1000.0, 1000.0, 1000.0, 1000.0, 1000.0, 1000.0, 1000.0, 1000.0, 1000.0, 1000.0, 1000.0, 1000.0, 1000.0, 59.41]
time: [5.85, 7.58, 11.46, 17.77, 21.11, 25.33, 44.81, 48.7, 50.84, 53.4, 55.51, 58.55, 1000, 1000]
current_hyper_parameter
v: [18.42, 24.71, 12.0, 12.0, 19.01, 16.03, 12.0, 17.79, 32.19, 12.0, 12.0, 12.0, 12.0, 12.0]
a: [126.19, 50.0, 50.0, 155.2, 50.0, 50.0, 50.0, 50.0, 50.0, 57.4, 50.0, 50.0, 135.43, 45.26]
d: [3.5, 3.5, 3.5, 3.5, 3.5, 3.5, 3.5, 3.5, 3.5, 3.5, 3.5, 3.5, 3.5, 2.0]
BEST_hyper_parameter
v: [12.0, 24.71, 12.0, 12.0, 19.01, 16.03, 12.0, 12.0, 32.19, 12.0, 12.0, 12.0, 12.0, 12.0]
a: [126.19, 50.0, 50.0, 155.2, 50.0, 50.0, 50.0, 50.0, 50.0, 57.4, 50.0, 50.0, 135.43, 45.26]
d: [3.5, 3.5, 3.5, 3.5, 3.5, 3.5, 3.5, 3.5, 3.5, 3.5, 3.5, 3.5, 3.5, 2.0]
random_idx_1 = 2, random_idx_2 = 10
random_idx_1 = 2, random_idx_2 = 13

iteration: 59
best: [1000.0, 1000.0, 1000.0, 1000.0, 1000.0, 1000.0, 1000.0, 1000.0, 1000.0, 1000.0, 1000.0, 1000.0, 1000.0, 59.41]
time: [6.09, 8.09, 12.23, 15.4, 18.8, 22.87, 42.57, 47.29, 49.42, 51.85, 53.94, 56.63, 58.48, 60.03]
current_hyper_parameter
v: [12.0, 24.71, 12.0, 12.0, 19.01, 16.03, 12.0, 12.0, 32.19, 12.0, 12.0, 12.0, 12.0, 12.0]
a: [126.19, 50.0, 50.0, 155.2, 50.0, 50.0, 50.0, 50.0, 50.0, 57.4, 50.0, 50.0, 135.43, 45.26]
d: [3.5, 3.5, 3.5, 3.5, 3.5, 3.5, 3.5, 3.5, 3.5, 3.5, 3.5, 3.5, 3.5, 2.0]
BEST_hyper_parameter
v: [12.0, 24.71, 12.0, 12.0, 19.01, 16.03, 12.0, 12.0, 32.19, 12.0, 12.0, 12.0, 12.0, 12.0]
a: [126.19, 50.0, 50.0, 155.2, 50.0, 50.0, 50.0, 50.0, 50.0, 57.4, 50.0, 50.0, 135.43, 45.26]
d: [3.5, 3.5, 3.5, 3.5, 3.5, 3.5, 3.5, 3.5, 3.5, 3.5, 3.5, 3.5, 3.5, 2.0]
random_idx_1 = 0, random_idx_2 = 10
random_idx_1 = 2, random_idx_2 = 7

iteration: 60
best: [1000.0, 1000.0, 1000.0, 1000.0, 1000.0, 1000.0, 1000.0, 1000.0, 1000.0, 1000.0, 1000.0, 1000.0, 1000.0, 59.41]
time: [6.18, 8.21, 12.32, 18.59, 22.1, 26.35, 46.0, 50.9, 53.05, 55.5, 1000, 1000, 1000, 1000]
current_hyper_parameter
v: [12.0, 24.71, 12.0, 12.0, 19.01, 16.03, 12.0, 12.0, 32.19, 12.0, 26.66, 12.0, 12.0, 12.0]
a: [126.19, 50.0, 50.0, 155.2, 50.0, 50.0, 50.0, 50.0, 50.0, 57.4, 50.0, 50.0, 135.43, 45.26]
d: [3.5, 3.5, 3.5, 3.5, 3.5, 3.5, 3.5, 3.5, 3.5, 3.5, 3.5, 3.5, 3.5, 2.0]
BEST_hyper_parameter
v: [12.0, 24.71, 12.0, 12.0, 19.01, 16.03, 12.0, 12.0, 32.19, 12.0, 12.0, 12.0, 12.0, 12.0]
a: [126.19, 50.0, 50.0, 155.2, 50.0, 50.0, 50.0, 50.0, 50.0, 57.4, 50.0, 50.0, 135.43, 45.26]
d: [3.5, 3.5, 3.5, 3.5, 3.5, 3.5, 3.5, 3.5, 3.5, 3.5, 3.5, 3.5, 3.5, 2.0]
random_idx_1 = 1, random_idx_2 = 8
random_idx_1 = 1, random_idx_2 = 13

iteration: 61
best: [1000.0, 1000.0, 1000.0, 1000.0, 1000.0, 1000.0, 1000.0, 1000.0, 1000.0, 1000.0, 1000.0, 1000.0, 1000.0, 59.41]
time: [6.09, 8.08, 12.21, 15.36, 18.72, 22.8, 42.58, 47.27, 48.8, 55.53, 57.55, 1000, 1000, 1000]
current_hyper_parameter
v: [12.0, 24.71, 12.0, 12.0, 19.01, 16.03, 12.0, 12.0, 32.19, 12.0, 12.0, 12.0, 12.0, 12.0]
a: [126.19, 50.0, 50.0, 155.2, 50.0, 50.0, 50.0, 50.0, 117.83, 57.4, 50.0, 50.0, 135.43, 33.03]
d: [3.5, 3.5, 3.5, 3.5, 3.5, 3.5, 3.5, 3.5, 3.5, 3.5, 3.5, 3.5, 3.5, 2.0]
BEST_hyper_parameter
v: [12.0, 24.71, 12.0, 12.0, 19.01, 16.03, 12.0, 12.0, 32.19, 12.0, 12.0, 12.0, 12.0, 12.0]
a: [126.19, 50.0, 50.0, 155.2, 50.0, 50.0, 50.0, 50.0, 50.0, 57.4, 50.0, 50.0, 135.43, 45.26]
d: [3.5, 3.5, 3.5, 3.5, 3.5, 3.5, 3.5, 3.5, 3.5, 3.5, 3.5, 3.5, 3.5, 2.0]
random_idx_1 = 0, random_idx_2 = 10
random_idx_1 = 2, random_idx_2 = 2

iteration: 62
best: [1000.0, 1000.0, 1000.0, 1000.0, 1000.0, 1000.0, 1000.0, 1000.0, 1000.0, 1000.0, 1000.0, 1000.0, 1000.0, 59.41]
time: [6.2, 8.21, 12.34, 15.53, 21.9, 25.7, 45.73, 49.75, 51.87, 54.37, 56.27, 59.49, 1000, 1000]
current_hyper_parameter
v: [12.0, 24.71, 12.0, 12.0, 19.01, 16.03, 12.0, 12.0, 32.19, 12.0, 30.82, 12.0, 12.0, 12.0]
a: [126.19, 50.0, 50.0, 155.2, 50.0, 50.0, 50.0, 50.0, 50.0, 57.4, 50.0, 50.0, 135.43, 45.26]
d: [3.5, 3.5, 4.88, 3.5, 3.5, 3.5, 3.5, 3.5, 3.5, 3.5, 3.5, 3.5, 3.5, 2.0]
BEST_hyper_parameter
v: [12.0, 24.71, 12.0, 12.0, 19.01, 16.03, 12.0, 12.0, 32.19, 12.0, 12.0, 12.0, 12.0, 12.0]
a: [126.19, 50.0, 50.0, 155.2, 50.0, 50.0, 50.0, 50.0, 50.0, 57.4, 50.0, 50.0, 135.43, 45.26]
d: [3.5, 3.5, 3.5, 3.5, 3.5, 3.5, 3.5, 3.5, 3.5, 3.5, 3.5, 3.5, 3.5, 2.0]
random_idx_1 = 1, random_idx_2 = 4
random_idx_1 = 0, random_idx_2 = 7

iteration: 63
best: [1000.0, 1000.0, 1000.0, 1000.0, 1000.0, 1000.0, 1000.0, 1000.0, 1000.0, 1000.0, 1000.0, 1000.0, 1000.0, 59.41]
time: [6.07, 8.06, 12.21, 15.38, 19.29, 23.36, 43.25, 47.13, 49.23, 51.93, 54.0, 56.89, 59.16, 61.09]
current_hyper_parameter
v: [12.0, 24.71, 12.0, 12.0, 19.01, 16.03, 12.0, 32.95, 32.19, 12.0, 12.0, 12.0, 12.0, 12.0]
a: [126.19, 50.0, 50.0, 155.2, 35.46, 50.0, 50.0, 50.0, 50.0, 57.4, 50.0, 50.0, 135.43, 45.26]
d: [3.5, 3.5, 3.5, 3.5, 3.5, 3.5, 3.5, 3.5, 3.5, 3.5, 3.5, 3.5, 3.5, 2.0]
BEST_hyper_parameter
v: [12.0, 24.71, 12.0, 12.0, 19.01, 16.03, 12.0, 12.0, 32.19, 12.0, 12.0, 12.0, 12.0, 12.0]
a: [126.19, 50.0, 50.0, 155.2, 50.0, 50.0, 50.0, 50.0, 50.0, 57.4, 50.0, 50.0, 135.43, 45.26]
d: [3.5, 3.5, 3.5, 3.5, 3.5, 3.5, 3.5, 3.5, 3.5, 3.5, 3.5, 3.5, 3.5, 2.0]
random_idx_1 = 2, random_idx_2 = 4
random_idx_1 = 2, random_idx_2 = 8

iteration: 64
best: [1000.0, 1000.0, 1000.0, 1000.0, 1000.0, 1000.0, 1000.0, 1000.0, 1000.0, 1000.0, 1000.0, 1000.0, 1000.0, 59.41]
time: [6.2, 8.22, 12.38, 18.65, 22.18, 26.5, 46.41, 50.52, 52.63, 55.08, 57.08, 59.79, 1000, 1000]
current_hyper_parameter
v: [12.0, 24.71, 12.0, 12.0, 19.01, 16.03, 12.0, 12.0, 32.19, 12.0, 12.0, 12.0, 12.0, 12.0]
a: [126.19, 50.0, 50.0, 155.2, 50.0, 50.0, 50.0, 50.0, 50.0, 57.4, 50.0, 50.0, 135.43, 45.26]
d: [3.5, 3.5, 3.5, 3.5, 3.5, 3.5, 3.5, 3.5, 3.5, 3.5, 3.5, 3.5, 3.5, 2.0]
BEST_hyper_parameter
v: [12.0, 24.71, 12.0, 12.0, 19.01, 16.03, 12.0, 12.0, 32.19, 12.0, 12.0, 12.0, 12.0, 12.0]
a: [126.19, 50.0, 50.0, 155.2, 50.0, 50.0, 50.0, 50.0, 50.0, 57.4, 50.0, 50.0, 135.43, 45.26]
d: [3.5, 3.5, 3.5, 3.5, 3.5, 3.5, 3.5, 3.5, 3.5, 3.5, 3.5, 3.5, 3.5, 2.0]
random_idx_1 = 0, random_idx_2 = 10
random_idx_1 = 2, random_idx_2 = 12

iteration: 65
best: [1000.0, 1000.0, 1000.0, 1000.0, 1000.0, 1000.0, 1000.0, 1000.0, 1000.0, 1000.0, 1000.0, 1000.0, 1000.0, 59.41]
time: [6.17, 8.16, 12.28, 15.43, 21.94, 25.83, 45.61, 49.86, 51.98, 54.47, 56.37, 59.57, 1000, 1000]
current_hyper_parameter
v: [12.0, 24.71, 12.0, 12.0, 19.01, 16.03, 12.0, 12.0, 32.19, 12.0, 26.38, 12.0, 12.0, 12.0]
a: [126.19, 50.0, 50.0, 155.2, 50.0, 50.0, 50.0, 50.0, 50.0, 57.4, 50.0, 50.0, 135.43, 45.26]
d: [3.5, 3.5, 3.5, 3.5, 3.5, 3.5, 3.5, 3.5, 3.5, 3.5, 3.5, 3.5, 3.5, 2.0]
BEST_hyper_parameter
v: [12.0, 24.71, 12.0, 12.0, 19.01, 16.03, 12.0, 12.0, 32.19, 12.0, 12.0, 12.0, 12.0, 12.0]
a: [126.19, 50.0, 50.0, 155.2, 50.0, 50.0, 50.0, 50.0, 50.0, 57.4, 50.0, 50.0, 135.43, 45.26]
d: [3.5, 3.5, 3.5, 3.5, 3.5, 3.5, 3.5, 3.5, 3.5, 3.5, 3.5, 3.5, 3.5, 2.0]
random_idx_1 = 1, random_idx_2 = 0
random_idx_1 = 2, random_idx_2 = 12

iteration: 66
best: [1000.0, 1000.0, 1000.0, 1000.0, 1000.0, 1000.0, 1000.0, 1000.0, 1000.0, 1000.0, 1000.0, 1000.0, 1000.0, 59.41]
time: [6.25, 8.38, 12.61, 15.85, 22.42, 26.3, 46.24, 50.31, 52.41, 54.96, 57.0, 59.74, 61.43, 1000]
current_hyper_parameter
v: [12.0, 24.71, 12.0, 12.0, 19.01, 16.03, 12.0, 12.0, 32.19, 12.0, 12.0, 12.0, 12.0, 12.0]
a: [80.91, 50.0, 50.0, 155.2, 50.0, 50.0, 50.0, 50.0, 50.0, 57.4, 50.0, 50.0, 135.43, 45.26]
d: [3.5, 3.5, 3.5, 3.5, 3.5, 3.5, 3.5, 3.5, 3.5, 3.5, 3.5, 3.5, 3.5, 2.0]
BEST_hyper_parameter
v: [12.0, 24.71, 12.0, 12.0, 19.01, 16.03, 12.0, 12.0, 32.19, 12.0, 12.0, 12.0, 12.0, 12.0]
a: [126.19, 50.0, 50.0, 155.2, 50.0, 50.0, 50.0, 50.0, 50.0, 57.4, 50.0, 50.0, 135.43, 45.26]
d: [3.5, 3.5, 3.5, 3.5, 3.5, 3.5, 3.5, 3.5, 3.5, 3.5, 3.5, 3.5, 3.5, 2.0]
random_idx_1 = 1, random_idx_2 = 5
random_idx_1 = 1, random_idx_2 = 0

iteration: 67
best: [1000.0, 1000.0, 1000.0, 1000.0, 1000.0, 1000.0, 1000.0, 1000.0, 1000.0, 1000.0, 1000.0, 1000.0, 1000.0, 59.41]
time: [6.12, 8.14, 12.31, 15.53, 18.76, 21.94, 40.69, 44.72, 46.84, 49.35, 51.38, 54.09, 55.98, 57.51]
current_hyper_parameter
v: [12.0, 24.71, 12.0, 12.0, 19.01, 16.03, 12.0, 12.0, 32.19, 12.0, 12.0, 12.0, 12.0, 12.0]
a: [103.9, 50.0, 50.0, 155.2, 50.0, 119.98, 50.0, 50.0, 50.0, 57.4, 50.0, 50.0, 135.43, 45.26]
d: [3.5, 3.5, 3.5, 3.5, 3.5, 3.5, 3.5, 3.5, 3.5, 3.5, 3.5, 3.5, 3.5, 2.0]
BEST_hyper_parameter
v: [12.0, 24.71, 12.0, 12.0, 19.01, 16.03, 12.0, 12.0, 32.19, 12.0, 12.0, 12.0, 12.0, 12.0]
a: [126.19, 50.0, 50.0, 155.2, 50.0, 50.0, 50.0, 50.0, 50.0, 57.4, 50.0, 50.0, 135.43, 45.26]
d: [3.5, 3.5, 3.5, 3.5, 3.5, 3.5, 3.5, 3.5, 3.5, 3.5, 3.5, 3.5, 3.5, 2.0]
random_idx_1 = 1, random_idx_2 = 2
random_idx_1 = 1, random_idx_2 = 3

iteration: 68
best: [1000.0, 1000.0, 1000.0, 1000.0, 1000.0, 1000.0, 1000.0, 1000.0, 1000.0, 1000.0, 1000.0, 1000.0, 1000.0, 57.51]
time: [6.25, 8.32, 12.29, 15.54, 19.03, 21.94, 39.76, 43.77, 45.84, 48.31, 50.39, 53.1, 54.95, 56.57]
current_hyper_parameter
v: [12.0, 24.71, 12.0, 12.0, 19.01, 16.03, 12.0, 12.0, 32.19, 12.0, 12.0, 12.0, 12.0, 12.0]
a: [103.9, 50.0, 90.65, 93.76, 50.0, 119.98, 50.0, 50.0, 50.0, 57.4, 50.0, 50.0, 135.43, 45.26]
d: [3.5, 3.5, 3.5, 3.5, 3.5, 3.5, 3.5, 3.5, 3.5, 3.5, 3.5, 3.5, 3.5, 2.0]
BEST_hyper_parameter
v: [12.0, 24.71, 12.0, 12.0, 19.01, 16.03, 12.0, 12.0, 32.19, 12.0, 12.0, 12.0, 12.0, 12.0]
a: [103.9, 50.0, 50.0, 155.2, 50.0, 119.98, 50.0, 50.0, 50.0, 57.4, 50.0, 50.0, 135.43, 45.26]
d: [3.5, 3.5, 3.5, 3.5, 3.5, 3.5, 3.5, 3.5, 3.5, 3.5, 3.5, 3.5, 3.5, 2.0]
random_idx_1 = 0, random_idx_2 = 9
random_idx_1 = 1, random_idx_2 = 0

iteration: 69
best: [1000.0, 1000.0, 1000.0, 1000.0, 1000.0, 1000.0, 1000.0, 1000.0, 1000.0, 1000.0, 1000.0, 1000.0, 1000.0, 56.57]
time: [6.34, 8.41, 12.32, 18.93, 23.18, 26.44, 44.39, 48.4, 50.43, 52.62, 58.56, 1000, 1000, 1000]
current_hyper_parameter
v: [12.0, 24.71, 12.0, 12.0, 19.01, 16.03, 12.0, 12.0, 32.19, 27.67, 12.0, 12.0, 12.0, 12.0]
a: [87.14, 50.0, 90.65, 93.76, 50.0, 119.98, 50.0, 50.0, 50.0, 57.4, 50.0, 50.0, 135.43, 45.26]
d: [3.5, 3.5, 3.5, 3.5, 3.5, 3.5, 3.5, 3.5, 3.5, 3.5, 3.5, 3.5, 3.5, 2.0]
BEST_hyper_parameter
v: [12.0, 24.71, 12.0, 12.0, 19.01, 16.03, 12.0, 12.0, 32.19, 12.0, 12.0, 12.0, 12.0, 12.0]
a: [103.9, 50.0, 90.65, 93.76, 50.0, 119.98, 50.0, 50.0, 50.0, 57.4, 50.0, 50.0, 135.43, 45.26]
d: [3.5, 3.5, 3.5, 3.5, 3.5, 3.5, 3.5, 3.5, 3.5, 3.5, 3.5, 3.5, 3.5, 2.0]
random_idx_1 = 1, random_idx_2 = 6
random_idx_1 = 0, random_idx_2 = 13

iteration: 70
best: [1000.0, 1000.0, 1000.0, 1000.0, 1000.0, 1000.0, 1000.0, 1000.0, 1000.0, 1000.0, 1000.0, 1000.0, 1000.0, 56.57]
time: [6.14, 8.19, 12.0, 15.17, 18.51, 21.93, 41.03, 45.32, 47.41, 49.84, 59.59, 1000, 1000, 1000]
current_hyper_parameter
v: [12.0, 24.71, 12.0, 12.0, 19.01, 16.03, 12.0, 12.0, 32.19, 12.0, 12.0, 12.0, 12.0, 24.05]
a: [103.9, 50.0, 90.65, 93.76, 50.0, 119.98, 37.28, 50.0, 50.0, 57.4, 50.0, 50.0, 135.43, 45.26]
d: [3.5, 3.5, 3.5, 3.5, 3.5, 3.5, 3.5, 3.5, 3.5, 3.5, 3.5, 3.5, 3.5, 2.0]
BEST_hyper_parameter
v: [12.0, 24.71, 12.0, 12.0, 19.01, 16.03, 12.0, 12.0, 32.19, 12.0, 12.0, 12.0, 12.0, 12.0]
a: [103.9, 50.0, 90.65, 93.76, 50.0, 119.98, 50.0, 50.0, 50.0, 57.4, 50.0, 50.0, 135.43, 45.26]
d: [3.5, 3.5, 3.5, 3.5, 3.5, 3.5, 3.5, 3.5, 3.5, 3.5, 3.5, 3.5, 3.5, 2.0]
random_idx_1 = 1, random_idx_2 = 9
random_idx_1 = 2, random_idx_2 = 12

iteration: 71
best: [1000.0, 1000.0, 1000.0, 1000.0, 1000.0, 1000.0, 1000.0, 1000.0, 1000.0, 1000.0, 1000.0, 1000.0, 1000.0, 56.57]
time: [6.11, 8.14, 11.97, 15.15, 18.52, 21.46, 39.97, 44.13, 46.25, 48.66, 1000, 1000, 1000, 1000]
current_hyper_parameter
v: [12.0, 24.71, 12.0, 12.0, 19.01, 16.03, 12.0, 12.0, 32.19, 12.0, 12.0, 12.0, 12.0, 12.0]
a: [103.9, 50.0, 90.65, 93.76, 50.0, 119.98, 50.0, 50.0, 50.0, 99.71, 50.0, 50.0, 135.43, 45.26]
d: [3.5, 3.5, 3.5, 3.5, 3.5, 3.5, 3.5, 3.5, 3.5, 3.5, 3.5, 3.5, 3.5, 2.0]
BEST_hyper_parameter
v: [12.0, 24.71, 12.0, 12.0, 19.01, 16.03, 12.0, 12.0, 32.19, 12.0, 12.0, 12.0, 12.0, 12.0]
a: [103.9, 50.0, 90.65, 93.76, 50.0, 119.98, 50.0, 50.0, 50.0, 57.4, 50.0, 50.0, 135.43, 45.26]
d: [3.5, 3.5, 3.5, 3.5, 3.5, 3.5, 3.5, 3.5, 3.5, 3.5, 3.5, 3.5, 3.5, 2.0]
random_idx_1 = 2, random_idx_2 = 11
random_idx_1 = 0, random_idx_2 = 6

iteration: 72
best: [1000.0, 1000.0, 1000.0, 1000.0, 1000.0, 1000.0, 1000.0, 1000.0, 1000.0, 1000.0, 1000.0, 1000.0, 1000.0, 56.57]
time: [6.25, 8.31, 12.12, 15.25, 18.58, 21.97, 33.77, 37.74, 39.78, 42.19, 1000, 1000, 1000, 1000]
current_hyper_parameter
v: [12.0, 24.71, 12.0, 12.0, 19.01, 16.03, 28.19, 12.0, 32.19, 12.0, 12.0, 12.0, 12.0, 12.0]
a: [103.9, 50.0, 90.65, 93.76, 50.0, 119.98, 50.0, 50.0, 50.0, 57.4, 50.0, 50.0, 135.43, 45.26]
d: [3.5, 3.5, 3.5, 3.5, 3.5, 3.5, 3.5, 3.5, 3.5, 3.5, 3.5, 3.5, 3.5, 2.0]
BEST_hyper_parameter
v: [12.0, 24.71, 12.0, 12.0, 19.01, 16.03, 12.0, 12.0, 32.19, 12.0, 12.0, 12.0, 12.0, 12.0]
a: [103.9, 50.0, 90.65, 93.76, 50.0, 119.98, 50.0, 50.0, 50.0, 57.4, 50.0, 50.0, 135.43, 45.26]
d: [3.5, 3.5, 3.5, 3.5, 3.5, 3.5, 3.5, 3.5, 3.5, 3.5, 3.5, 3.5, 3.5, 2.0]
random_idx_1 = 1, random_idx_2 = 12
random_idx_1 = 1, random_idx_2 = 0

iteration: 73
best: [1000.0, 1000.0, 1000.0, 1000.0, 1000.0, 1000.0, 1000.0, 1000.0, 1000.0, 1000.0, 1000.0, 1000.0, 1000.0, 56.57]
time: [6.14, 8.14, 11.95, 15.15, 18.55, 21.32, 37.95, 42.16, 44.34, 46.83, 48.81, 51.54, 54.42, 56.41]
current_hyper_parameter
v: [12.0, 24.71, 12.0, 12.0, 19.01, 16.03, 12.0, 12.0, 32.19, 12.0, 12.0, 12.0, 12.0, 12.0]
a: [141.66, 50.0, 90.65, 93.76, 50.0, 119.98, 50.0, 50.0, 50.0, 57.4, 50.0, 50.0, 54.91, 45.26]
d: [3.5, 3.5, 3.5, 3.5, 3.5, 3.5, 3.5, 3.5, 3.5, 3.5, 3.5, 3.5, 3.5, 2.0]
BEST_hyper_parameter
v: [12.0, 24.71, 12.0, 12.0, 19.01, 16.03, 12.0, 12.0, 32.19, 12.0, 12.0, 12.0, 12.0, 12.0]
a: [103.9, 50.0, 90.65, 93.76, 50.0, 119.98, 50.0, 50.0, 50.0, 57.4, 50.0, 50.0, 135.43, 45.26]
d: [3.5, 3.5, 3.5, 3.5, 3.5, 3.5, 3.5, 3.5, 3.5, 3.5, 3.5, 3.5, 3.5, 2.0]
random_idx_1 = 1, random_idx_2 = 8
random_idx_1 = 2, random_idx_2 = 10

iteration: 74
best: [1000.0, 1000.0, 1000.0, 1000.0, 1000.0, 1000.0, 1000.0, 1000.0, 1000.0, 1000.0, 1000.0, 1000.0, 1000.0, 56.41]
time: [6.18, 8.34, 12.33, 18.66, 23.09, 26.51, 44.26, 48.34, 50.69, 53.32, 55.51, 1000, 1000, 1000]
current_hyper_parameter
v: [12.0, 24.71, 12.0, 12.0, 19.01, 16.03, 12.0, 12.0, 32.19, 12.0, 12.0, 12.0, 12.0, 12.0]
a: [141.66, 50.0, 90.65, 93.76, 50.0, 119.98, 50.0, 50.0, 40.59, 57.4, 50.0, 50.0, 54.91, 45.26]
d: [3.5, 3.5, 3.5, 3.5, 3.5, 3.5, 3.5, 3.5, 3.5, 3.5, 3.5, 3.5, 3.5, 2.0]
BEST_hyper_parameter
v: [12.0, 24.71, 12.0, 12.0, 19.01, 16.03, 12.0, 12.0, 32.19, 12.0, 12.0, 12.0, 12.0, 12.0]
a: [141.66, 50.0, 90.65, 93.76, 50.0, 119.98, 50.0, 50.0, 50.0, 57.4, 50.0, 50.0, 54.91, 45.26]
d: [3.5, 3.5, 3.5, 3.5, 3.5, 3.5, 3.5, 3.5, 3.5, 3.5, 3.5, 3.5, 3.5, 2.0]
random_idx_1 = 0, random_idx_2 = 5
random_idx_1 = 2, random_idx_2 = 4

iteration: 75
best: [1000.0, 1000.0, 1000.0, 1000.0, 1000.0, 1000.0, 1000.0, 1000.0, 1000.0, 1000.0, 1000.0, 1000.0, 1000.0, 56.41]
time: [6.16, 8.14, 11.95, 15.15, 18.51, 21.53, 36.22, 40.14, 42.17, 44.65, 54.64, 1000, 1000, 1000]
current_hyper_parameter
v: [12.0, 24.71, 12.0, 12.0, 19.01, 32.39, 12.0, 12.0, 32.19, 12.0, 12.0, 12.0, 12.0, 12.0]
a: [141.66, 50.0, 90.65, 93.76, 50.0, 119.98, 50.0, 50.0, 50.0, 57.4, 50.0, 50.0, 54.91, 45.26]
d: [3.5, 3.5, 3.5, 3.5, 3.5, 3.5, 3.5, 3.5, 3.5, 3.5, 3.5, 3.5, 3.5, 2.0]
BEST_hyper_parameter
v: [12.0, 24.71, 12.0, 12.0, 19.01, 16.03, 12.0, 12.0, 32.19, 12.0, 12.0, 12.0, 12.0, 12.0]
a: [141.66, 50.0, 90.65, 93.76, 50.0, 119.98, 50.0, 50.0, 50.0, 57.4, 50.0, 50.0, 54.91, 45.26]
d: [3.5, 3.5, 3.5, 3.5, 3.5, 3.5, 3.5, 3.5, 3.5, 3.5, 3.5, 3.5, 3.5, 2.0]
random_idx_1 = 1, random_idx_2 = 1
random_idx_1 = 1, random_idx_2 = 11

iteration: 76
best: [1000.0, 1000.0, 1000.0, 1000.0, 1000.0, 1000.0, 1000.0, 1000.0, 1000.0, 1000.0, 1000.0, 1000.0, 1000.0, 56.41]
time: [6.07, 7.53, 10.45, 13.76, 17.39, 20.28, 36.93, 41.06, 43.14, 45.68, 47.78, 51.45, 57.04, 1000]
current_hyper_parameter
v: [12.0, 24.71, 12.0, 12.0, 19.01, 16.03, 12.0, 12.0, 32.19, 12.0, 12.0, 12.0, 12.0, 12.0]
a: [141.66, 143.68, 90.65, 93.76, 50.0, 119.98, 50.0, 50.0, 50.0, 57.4, 50.0, 23.34, 54.91, 45.26]
d: [3.5, 3.5, 3.5, 3.5, 3.5, 3.5, 3.5, 3.5, 3.5, 3.5, 3.5, 3.5, 3.5, 2.0]
BEST_hyper_parameter
v: [12.0, 24.71, 12.0, 12.0, 19.01, 16.03, 12.0, 12.0, 32.19, 12.0, 12.0, 12.0, 12.0, 12.0]
a: [141.66, 50.0, 90.65, 93.76, 50.0, 119.98, 50.0, 50.0, 50.0, 57.4, 50.0, 50.0, 54.91, 45.26]
d: [3.5, 3.5, 3.5, 3.5, 3.5, 3.5, 3.5, 3.5, 3.5, 3.5, 3.5, 3.5, 3.5, 2.0]
random_idx_1 = 1, random_idx_2 = 2
random_idx_1 = 1, random_idx_2 = 4

iteration: 77
best: [1000.0, 1000.0, 1000.0, 1000.0, 1000.0, 1000.0, 1000.0, 1000.0, 1000.0, 1000.0, 1000.0, 1000.0, 1000.0, 56.41]
time: [6.19, 8.35, 12.28, 15.5, 18.4, 22.09, 38.15, 42.09, 44.18, 46.62, 56.48, 1000, 1000, 1000]
current_hyper_parameter
v: [12.0, 24.71, 12.0, 12.0, 19.01, 16.03, 12.0, 12.0, 32.19, 12.0, 12.0, 12.0, 12.0, 12.0]
a: [141.66, 50.0, 104.11, 93.76, 83.17, 119.98, 50.0, 50.0, 50.0, 57.4, 50.0, 50.0, 54.91, 45.26]
d: [3.5, 3.5, 3.5, 3.5, 3.5, 3.5, 3.5, 3.5, 3.5, 3.5, 3.5, 3.5, 3.5, 2.0]
BEST_hyper_parameter
v: [12.0, 24.71, 12.0, 12.0, 19.01, 16.03, 12.0, 12.0, 32.19, 12.0, 12.0, 12.0, 12.0, 12.0]
a: [141.66, 50.0, 90.65, 93.76, 50.0, 119.98, 50.0, 50.0, 50.0, 57.4, 50.0, 50.0, 54.91, 45.26]
d: [3.5, 3.5, 3.5, 3.5, 3.5, 3.5, 3.5, 3.5, 3.5, 3.5, 3.5, 3.5, 3.5, 2.0]
random_idx_1 = 1, random_idx_2 = 11
random_idx_1 = 0, random_idx_2 = 3

iteration: 78
best: [1000.0, 1000.0, 1000.0, 1000.0, 1000.0, 1000.0, 1000.0, 1000.0, 1000.0, 1000.0, 1000.0, 1000.0, 1000.0, 56.41]
time: [6.16, 8.15, 11.94, 17.69, 21.98, 25.41, 43.01, 47.22, 49.31, 51.85, 1000, 1000, 1000, 1000]
current_hyper_parameter
v: [12.0, 24.71, 12.0, 29.32, 19.01, 16.03, 12.0, 12.0, 32.19, 12.0, 12.0, 12.0, 12.0, 12.0]
a: [141.66, 50.0, 90.65, 93.76, 50.0, 119.98, 50.0, 50.0, 50.0, 57.4, 50.0, 66.66, 54.91, 45.26]
d: [3.5, 3.5, 3.5, 3.5, 3.5, 3.5, 3.5, 3.5, 3.5, 3.5, 3.5, 3.5, 3.5, 2.0]
BEST_hyper_parameter
v: [12.0, 24.71, 12.0, 12.0, 19.01, 16.03, 12.0, 12.0, 32.19, 12.0, 12.0, 12.0, 12.0, 12.0]
a: [141.66, 50.0, 90.65, 93.76, 50.0, 119.98, 50.0, 50.0, 50.0, 57.4, 50.0, 50.0, 54.91, 45.26]
d: [3.5, 3.5, 3.5, 3.5, 3.5, 3.5, 3.5, 3.5, 3.5, 3.5, 3.5, 3.5, 3.5, 2.0]
random_idx_1 = 1, random_idx_2 = 11
random_idx_1 = 1, random_idx_2 = 13

iteration: 79
best: [1000.0, 1000.0, 1000.0, 1000.0, 1000.0, 1000.0, 1000.0, 1000.0, 1000.0, 1000.0, 1000.0, 1000.0, 1000.0, 56.41]
time: [6.17, 8.15, 11.97, 15.13, 18.5, 21.44, 39.89, 44.65, 46.82, 49.31, 51.54, 53.81, 56.47, 1000]
current_hyper_parameter
v: [12.0, 24.71, 12.0, 12.0, 19.01, 16.03, 12.0, 12.0, 32.19, 12.0, 12.0, 12.0, 12.0, 12.0]
a: [141.66, 50.0, 90.65, 93.76, 50.0, 119.98, 50.0, 50.0, 50.0, 57.4, 50.0, 96.98, 54.91, 60.86]
d: [3.5, 3.5, 3.5, 3.5, 3.5, 3.5, 3.5, 3.5, 3.5, 3.5, 3.5, 3.5, 3.5, 2.0]
BEST_hyper_parameter
v: [12.0, 24.71, 12.0, 12.0, 19.01, 16.03, 12.0, 12.0, 32.19, 12.0, 12.0, 12.0, 12.0, 12.0]
a: [141.66, 50.0, 90.65, 93.76, 50.0, 119.98, 50.0, 50.0, 50.0, 57.4, 50.0, 50.0, 54.91, 45.26]
d: [3.5, 3.5, 3.5, 3.5, 3.5, 3.5, 3.5, 3.5, 3.5, 3.5, 3.5, 3.5, 3.5, 2.0]
random_idx_1 = 0, random_idx_2 = 4
random_idx_1 = 2, random_idx_2 = 10

iteration: 80
best: [1000.0, 1000.0, 1000.0, 1000.0, 1000.0, 1000.0, 1000.0, 1000.0, 1000.0, 1000.0, 1000.0, 1000.0, 1000.0, 56.41]
time: [6.16, 8.14, 11.97, 15.14, 18.51, 21.46, 39.41, 43.57, 45.73, 48.23, 50.34, 53.07, 55.97, 57.71]
current_hyper_parameter
v: [12.0, 24.71, 12.0, 12.0, 18.94, 16.03, 12.0, 12.0, 32.19, 12.0, 12.0, 12.0, 12.0, 12.0]
a: [141.66, 50.0, 90.65, 93.76, 50.0, 119.98, 50.0, 50.0, 50.0, 57.4, 50.0, 50.0, 54.91, 45.26]
d: [3.5, 3.5, 3.5, 3.5, 3.5, 3.5, 3.5, 3.5, 3.5, 3.5, 3.5, 3.5, 3.5, 2.0]
BEST_hyper_parameter
v: [12.0, 24.71, 12.0, 12.0, 19.01, 16.03, 12.0, 12.0, 32.19, 12.0, 12.0, 12.0, 12.0, 12.0]
a: [141.66, 50.0, 90.65, 93.76, 50.0, 119.98, 50.0, 50.0, 50.0, 57.4, 50.0, 50.0, 54.91, 45.26]
d: [3.5, 3.5, 3.5, 3.5, 3.5, 3.5, 3.5, 3.5, 3.5, 3.5, 3.5, 3.5, 3.5, 2.0]
random_idx_1 = 2, random_idx_2 = 2
random_idx_1 = 1, random_idx_2 = 3

iteration: 81
best: [1000.0, 1000.0, 1000.0, 1000.0, 1000.0, 1000.0, 1000.0, 1000.0, 1000.0, 1000.0, 1000.0, 1000.0, 1000.0, 56.41]
time: [6.18, 8.15, 11.99, 15.11, 18.51, 21.48, 39.51, 43.64, 45.76, 48.35, 50.41, 53.41, 56.35, 58.01]
current_hyper_parameter
v: [12.0, 24.71, 12.0, 12.0, 19.01, 16.03, 12.0, 12.0, 32.19, 12.0, 12.0, 12.0, 12.0, 12.0]
a: [141.66, 50.0, 90.65, 127.61, 50.0, 119.98, 50.0, 50.0, 50.0, 57.4, 50.0, 50.0, 54.91, 45.26]
d: [3.5, 3.5, 4.01, 3.5, 3.5, 3.5, 3.5, 3.5, 3.5, 3.5, 3.5, 3.5, 3.5, 2.0]
BEST_hyper_parameter
v: [12.0, 24.71, 12.0, 12.0, 19.01, 16.03, 12.0, 12.0, 32.19, 12.0, 12.0, 12.0, 12.0, 12.0]
a: [141.66, 50.0, 90.65, 93.76, 50.0, 119.98, 50.0, 50.0, 50.0, 57.4, 50.0, 50.0, 54.91, 45.26]
d: [3.5, 3.5, 3.5, 3.5, 3.5, 3.5, 3.5, 3.5, 3.5, 3.5, 3.5, 3.5, 3.5, 2.0]
random_idx_1 = 1, random_idx_2 = 9
random_idx_1 = 2, random_idx_2 = 10

iteration: 82
best: [1000.0, 1000.0, 1000.0, 1000.0, 1000.0, 1000.0, 1000.0, 1000.0, 1000.0, 1000.0, 1000.0, 1000.0, 1000.0, 56.41]
time: [6.15, 8.14, 11.94, 15.14, 18.51, 21.43, 40.04, 44.12, 46.24, 48.58, 51.28, 54.31, 1000, 1000]
current_hyper_parameter
v: [12.0, 24.71, 12.0, 12.0, 19.01, 16.03, 12.0, 12.0, 32.19, 12.0, 12.0, 12.0, 12.0, 12.0]
a: [141.66, 50.0, 90.65, 93.76, 50.0, 119.98, 50.0, 50.0, 50.0, 139.13, 50.0, 50.0, 54.91, 45.26]
d: [3.5, 3.5, 3.5, 3.5, 3.5, 3.5, 3.5, 3.5, 3.5, 3.5, 3.5, 3.5, 3.5, 2.0]
BEST_hyper_parameter
v: [12.0, 24.71, 12.0, 12.0, 19.01, 16.03, 12.0, 12.0, 32.19, 12.0, 12.0, 12.0, 12.0, 12.0]
a: [141.66, 50.0, 90.65, 93.76, 50.0, 119.98, 50.0, 50.0, 50.0, 57.4, 50.0, 50.0, 54.91, 45.26]
d: [3.5, 3.5, 3.5, 3.5, 3.5, 3.5, 3.5, 3.5, 3.5, 3.5, 3.5, 3.5, 3.5, 2.0]
random_idx_1 = 0, random_idx_2 = 8
random_idx_1 = 2, random_idx_2 = 4

iteration: 83
best: [1000.0, 1000.0, 1000.0, 1000.0, 1000.0, 1000.0, 1000.0, 1000.0, 1000.0, 1000.0, 1000.0, 1000.0, 1000.0, 56.41]
time: [6.07, 8.05, 11.91, 15.19, 18.57, 21.48, 39.99, 44.18, 46.32, 48.87, 50.93, 53.98, 56.92, 1000]
current_hyper_parameter
v: [12.0, 24.71, 12.0, 12.0, 19.01, 16.03, 12.0, 12.0, 16.16, 12.0, 12.0, 12.0, 12.0, 12.0]
a: [141.66, 50.0, 90.65, 93.76, 50.0, 119.98, 50.0, 50.0, 50.0, 57.4, 50.0, 50.0, 54.91, 45.26]
d: [3.5, 3.5, 3.5, 3.5, 3.5, 3.5, 3.5, 3.5, 3.5, 3.5, 3.5, 3.5, 3.5, 2.0]
BEST_hyper_parameter
v: [12.0, 24.71, 12.0, 12.0, 19.01, 16.03, 12.0, 12.0, 32.19, 12.0, 12.0, 12.0, 12.0, 12.0]
a: [141.66, 50.0, 90.65, 93.76, 50.0, 119.98, 50.0, 50.0, 50.0, 57.4, 50.0, 50.0, 54.91, 45.26]
d: [3.5, 3.5, 3.5, 3.5, 3.5, 3.5, 3.5, 3.5, 3.5, 3.5, 3.5, 3.5, 3.5, 2.0]
random_idx_1 = 2, random_idx_2 = 3
random_idx_1 = 0, random_idx_2 = 7

iteration: 84
best: [1000.0, 1000.0, 1000.0, 1000.0, 1000.0, 1000.0, 1000.0, 1000.0, 1000.0, 1000.0, 1000.0, 1000.0, 1000.0, 56.41]
time: [6.18, 8.28, 12.27, 15.53, 18.99, 21.96, 40.53, 44.69, 46.76, 49.24, 51.33, 54.1, 56.97, 1000]
current_hyper_parameter
v: [12.0, 24.71, 12.0, 12.0, 19.01, 16.03, 12.0, 11.22, 32.19, 12.0, 12.0, 12.0, 12.0, 12.0]
a: [141.66, 50.0, 90.65, 93.76, 50.0, 119.98, 50.0, 50.0, 50.0, 57.4, 50.0, 50.0, 54.91, 45.26]
d: [3.5, 3.5, 3.5, 3.5, 3.5, 3.5, 3.5, 3.5, 3.5, 3.5, 3.5, 3.5, 3.5, 2.0]
BEST_hyper_parameter
v: [12.0, 24.71, 12.0, 12.0, 19.01, 16.03, 12.0, 12.0, 32.19, 12.0, 12.0, 12.0, 12.0, 12.0]
a: [141.66, 50.0, 90.65, 93.76, 50.0, 119.98, 50.0, 50.0, 50.0, 57.4, 50.0, 50.0, 54.91, 45.26]
d: [3.5, 3.5, 3.5, 3.5, 3.5, 3.5, 3.5, 3.5, 3.5, 3.5, 3.5, 3.5, 3.5, 2.0]
random_idx_1 = 1, random_idx_2 = 8
random_idx_1 = 0, random_idx_2 = 11

iteration: 85
best: [1000.0, 1000.0, 1000.0, 1000.0, 1000.0, 1000.0, 1000.0, 1000.0, 1000.0, 1000.0, 1000.0, 1000.0, 1000.0, 56.41]
time: [6.05, 8.02, 11.89, 15.13, 18.49, 21.44, 39.73, 43.73, 1000, 1000, 1000, 1000, 1000, 1000]
current_hyper_parameter
v: [12.0, 24.71, 12.0, 12.0, 19.01, 16.03, 12.0, 12.0, 32.19, 12.0, 12.0, 19.54, 12.0, 12.0]
a: [141.66, 50.0, 90.65, 93.76, 50.0, 119.98, 50.0, 50.0, 23.45, 57.4, 50.0, 50.0, 54.91, 45.26]
d: [3.5, 3.5, 3.5, 3.5, 3.5, 3.5, 3.5, 3.5, 3.5, 3.5, 3.5, 3.5, 3.5, 2.0]
BEST_hyper_parameter
v: [12.0, 24.71, 12.0, 12.0, 19.01, 16.03, 12.0, 12.0, 32.19, 12.0, 12.0, 12.0, 12.0, 12.0]
a: [141.66, 50.0, 90.65, 93.76, 50.0, 119.98, 50.0, 50.0, 50.0, 57.4, 50.0, 50.0, 54.91, 45.26]
d: [3.5, 3.5, 3.5, 3.5, 3.5, 3.5, 3.5, 3.5, 3.5, 3.5, 3.5, 3.5, 3.5, 2.0]
random_idx_1 = 1, random_idx_2 = 2
random_idx_1 = 0, random_idx_2 = 11

iteration: 86
best: [1000.0, 1000.0, 1000.0, 1000.0, 1000.0, 1000.0, 1000.0, 1000.0, 1000.0, 1000.0, 1000.0, 1000.0, 1000.0, 56.41]
time: [6.16, 8.14, 12.03, 15.34, 21.9, 25.02, 42.52, 46.69, 48.8, 51.3, 53.51, 56.09, 1000, 1000]
current_hyper_parameter
v: [12.0, 24.71, 12.0, 12.0, 19.01, 16.03, 12.0, 12.0, 32.19, 12.0, 12.0, 15.32, 12.0, 12.0]
a: [141.66, 50.0, 75.71, 93.76, 50.0, 119.98, 50.0, 50.0, 50.0, 57.4, 50.0, 50.0, 54.91, 45.26]
d: [3.5, 3.5, 3.5, 3.5, 3.5, 3.5, 3.5, 3.5, 3.5, 3.5, 3.5, 3.5, 3.5, 2.0]
BEST_hyper_parameter
v: [12.0, 24.71, 12.0, 12.0, 19.01, 16.03, 12.0, 12.0, 32.19, 12.0, 12.0, 12.0, 12.0, 12.0]
a: [141.66, 50.0, 90.65, 93.76, 50.0, 119.98, 50.0, 50.0, 50.0, 57.4, 50.0, 50.0, 54.91, 45.26]
d: [3.5, 3.5, 3.5, 3.5, 3.5, 3.5, 3.5, 3.5, 3.5, 3.5, 3.5, 3.5, 3.5, 2.0]
random_idx_1 = 1, random_idx_2 = 9
random_idx_1 = 0, random_idx_2 = 6

iteration: 87
best: [1000.0, 1000.0, 1000.0, 1000.0, 1000.0, 1000.0, 1000.0, 1000.0, 1000.0, 1000.0, 1000.0, 1000.0, 1000.0, 56.41]
time: [6.16, 8.16, 11.97, 15.18, 18.57, 21.46, 33.84, 37.69, 39.79, 42.46, 44.23, 47.15, 49.92, 51.83]
current_hyper_parameter
v: [12.0, 24.71, 12.0, 12.0, 19.01, 16.03, 22.75, 12.0, 32.19, 12.0, 12.0, 12.0, 12.0, 12.0]
a: [141.66, 50.0, 90.65, 93.76, 50.0, 119.98, 50.0, 50.0, 50.0, 25.96, 50.0, 50.0, 54.91, 45.26]
d: [3.5, 3.5, 3.5, 3.5, 3.5, 3.5, 3.5, 3.5, 3.5, 3.5, 3.5, 3.5, 3.5, 2.0]
BEST_hyper_parameter
v: [12.0, 24.71, 12.0, 12.0, 19.01, 16.03, 12.0, 12.0, 32.19, 12.0, 12.0, 12.0, 12.0, 12.0]
a: [141.66, 50.0, 90.65, 93.76, 50.0, 119.98, 50.0, 50.0, 50.0, 57.4, 50.0, 50.0, 54.91, 45.26]
d: [3.5, 3.5, 3.5, 3.5, 3.5, 3.5, 3.5, 3.5, 3.5, 3.5, 3.5, 3.5, 3.5, 2.0]
random_idx_1 = 1, random_idx_2 = 6
random_idx_1 = 2, random_idx_2 = 2

iteration: 88
best: [1000.0, 1000.0, 1000.0, 1000.0, 1000.0, 1000.0, 1000.0, 1000.0, 1000.0, 1000.0, 1000.0, 1000.0, 1000.0, 51.83]
time: [6.17, 8.17, 12.0, 15.23, 18.61, 21.52, 33.48, 1000, 1000, 1000, 1000, 1000, 1000, 1000]
current_hyper_parameter
v: [12.0, 24.71, 12.0, 12.0, 19.01, 16.03, 22.75, 12.0, 32.19, 12.0, 12.0, 12.0, 12.0, 12.0]
a: [141.66, 50.0, 90.65, 93.76, 50.0, 119.98, 77.0, 50.0, 50.0, 25.96, 50.0, 50.0, 54.91, 45.26]
d: [3.5, 3.5, 5.94, 3.5, 3.5, 3.5, 3.5, 3.5, 3.5, 3.5, 3.5, 3.5, 3.5, 2.0]
BEST_hyper_parameter
v: [12.0, 24.71, 12.0, 12.0, 19.01, 16.03, 22.75, 12.0, 32.19, 12.0, 12.0, 12.0, 12.0, 12.0]
a: [141.66, 50.0, 90.65, 93.76, 50.0, 119.98, 50.0, 50.0, 50.0, 25.96, 50.0, 50.0, 54.91, 45.26]
d: [3.5, 3.5, 3.5, 3.5, 3.5, 3.5, 3.5, 3.5, 3.5, 3.5, 3.5, 3.5, 3.5, 2.0]
random_idx_1 = 1, random_idx_2 = 1
random_idx_1 = 2, random_idx_2 = 9

iteration: 89
best: [1000.0, 1000.0, 1000.0, 1000.0, 1000.0, 1000.0, 1000.0, 1000.0, 1000.0, 1000.0, 1000.0, 1000.0, 1000.0, 51.83]
time: [6.02, 8.15, 12.16, 15.35, 18.79, 22.04, 34.5, 38.13, 40.16, 42.96, 44.75, 47.73, 1000, 1000]
current_hyper_parameter
v: [12.0, 24.71, 12.0, 12.0, 19.01, 16.03, 22.75, 12.0, 32.19, 12.0, 12.0, 12.0, 12.0, 12.0]
a: [141.66, 33.37, 90.65, 93.76, 50.0, 119.98, 50.0, 50.0, 50.0, 25.96, 50.0, 50.0, 54.91, 45.26]
d: [3.5, 3.5, 3.5, 3.5, 3.5, 3.5, 3.5, 3.5, 3.5, 3.5, 3.5, 3.5, 3.5, 2.0]
BEST_hyper_parameter
v: [12.0, 24.71, 12.0, 12.0, 19.01, 16.03, 22.75, 12.0, 32.19, 12.0, 12.0, 12.0, 12.0, 12.0]
a: [141.66, 50.0, 90.65, 93.76, 50.0, 119.98, 50.0, 50.0, 50.0, 25.96, 50.0, 50.0, 54.91, 45.26]
d: [3.5, 3.5, 3.5, 3.5, 3.5, 3.5, 3.5, 3.5, 3.5, 3.5, 3.5, 3.5, 3.5, 2.0]
random_idx_1 = 1, random_idx_2 = 6
random_idx_1 = 1, random_idx_2 = 5

iteration: 90
best: [1000.0, 1000.0, 1000.0, 1000.0, 1000.0, 1000.0, 1000.0, 1000.0, 1000.0, 1000.0, 1000.0, 1000.0, 1000.0, 51.83]
time: [6.21, 8.37, 12.27, 15.52, 19.04, 21.9, 36.91, 1000, 1000, 1000, 1000, 1000, 1000, 1000]
current_hyper_parameter
v: [12.0, 24.71, 12.0, 12.0, 19.01, 16.03, 22.75, 12.0, 32.19, 12.0, 12.0, 12.0, 12.0, 12.0]
a: [141.66, 50.0, 90.65, 93.76, 50.0, 148.51, 83.5, 50.0, 50.0, 25.96, 50.0, 50.0, 54.91, 45.26]
d: [3.5, 3.5, 3.5, 3.5, 3.5, 3.5, 3.5, 3.5, 3.5, 3.5, 3.5, 3.5, 3.5, 2.0]
BEST_hyper_parameter
v: [12.0, 24.71, 12.0, 12.0, 19.01, 16.03, 22.75, 12.0, 32.19, 12.0, 12.0, 12.0, 12.0, 12.0]
a: [141.66, 50.0, 90.65, 93.76, 50.0, 119.98, 50.0, 50.0, 50.0, 25.96, 50.0, 50.0, 54.91, 45.26]
d: [3.5, 3.5, 3.5, 3.5, 3.5, 3.5, 3.5, 3.5, 3.5, 3.5, 3.5, 3.5, 3.5, 2.0]
random_idx_1 = 1, random_idx_2 = 13
random_idx_1 = 2, random_idx_2 = 13

iteration: 91
best: [1000.0, 1000.0, 1000.0, 1000.0, 1000.0, 1000.0, 1000.0, 1000.0, 1000.0, 1000.0, 1000.0, 1000.0, 1000.0, 51.83]
time: [6.04, 8.04, 11.88, 15.15, 18.5, 21.92, 34.7, 38.6, 40.65, 43.33, 45.13, 48.12, 50.74, 52.17]
current_hyper_parameter
v: [12.0, 24.71, 12.0, 12.0, 19.01, 16.03, 22.75, 12.0, 32.19, 12.0, 12.0, 12.0, 12.0, 12.0]
a: [141.66, 50.0, 90.65, 93.76, 50.0, 119.98, 50.0, 50.0, 50.0, 25.96, 50.0, 50.0, 54.91, 86.51]
d: [3.5, 3.5, 3.5, 3.5, 3.5, 3.5, 3.5, 3.5, 3.5, 3.5, 3.5, 3.5, 3.5, 2.0]
BEST_hyper_parameter
v: [12.0, 24.71, 12.0, 12.0, 19.01, 16.03, 22.75, 12.0, 32.19, 12.0, 12.0, 12.0, 12.0, 12.0]
a: [141.66, 50.0, 90.65, 93.76, 50.0, 119.98, 50.0, 50.0, 50.0, 25.96, 50.0, 50.0, 54.91, 45.26]
d: [3.5, 3.5, 3.5, 3.5, 3.5, 3.5, 3.5, 3.5, 3.5, 3.5, 3.5, 3.5, 3.5, 2.0]
random_idx_1 = 0, random_idx_2 = 8
random_idx_1 = 0, random_idx_2 = 10

iteration: 92
best: [1000.0, 1000.0, 1000.0, 1000.0, 1000.0, 1000.0, 1000.0, 1000.0, 1000.0, 1000.0, 1000.0, 1000.0, 1000.0, 51.83]
time: [6.15, 8.14, 11.95, 15.15, 18.52, 21.52, 34.18, 38.93, 41.27, 44.31, 46.38, 49.33, 52.23, 1000]
current_hyper_parameter
v: [12.0, 24.71, 12.0, 12.0, 19.01, 16.03, 22.75, 12.0, 12.57, 12.0, 12.07, 12.0, 12.0, 12.0]
a: [141.66, 50.0, 90.65, 93.76, 50.0, 119.98, 50.0, 50.0, 50.0, 25.96, 50.0, 50.0, 54.91, 45.26]
d: [3.5, 3.5, 3.5, 3.5, 3.5, 3.5, 3.5, 3.5, 3.5, 3.5, 3.5, 3.5, 3.5, 2.0]
BEST_hyper_parameter
v: [12.0, 24.71, 12.0, 12.0, 19.01, 16.03, 22.75, 12.0, 32.19, 12.0, 12.0, 12.0, 12.0, 12.0]
a: [141.66, 50.0, 90.65, 93.76, 50.0, 119.98, 50.0, 50.0, 50.0, 25.96, 50.0, 50.0, 54.91, 45.26]
d: [3.5, 3.5, 3.5, 3.5, 3.5, 3.5, 3.5, 3.5, 3.5, 3.5, 3.5, 3.5, 3.5, 2.0]
random_idx_1 = 0, random_idx_2 = 12
random_idx_1 = 1, random_idx_2 = 8

iteration: 93
best: [1000.0, 1000.0, 1000.0, 1000.0, 1000.0, 1000.0, 1000.0, 1000.0, 1000.0, 1000.0, 1000.0, 1000.0, 1000.0, 51.83]
time: [6.17, 8.16, 11.97, 15.19, 18.54, 21.91, 34.73, 38.69, 40.19, 1000, 1000, 1000, 1000, 1000]
current_hyper_parameter
v: [12.0, 24.71, 12.0, 12.0, 19.01, 16.03, 22.75, 12.0, 32.19, 12.0, 12.0, 12.0, 9.99, 12.0]
a: [141.66, 50.0, 90.65, 93.76, 50.0, 119.98, 50.0, 50.0, 86.02, 25.96, 50.0, 50.0, 54.91, 45.26]
d: [3.5, 3.5, 3.5, 3.5, 3.5, 3.5, 3.5, 3.5, 3.5, 3.5, 3.5, 3.5, 3.5, 2.0]
BEST_hyper_parameter
v: [12.0, 24.71, 12.0, 12.0, 19.01, 16.03, 22.75, 12.0, 32.19, 12.0, 12.0, 12.0, 12.0, 12.0]
a: [141.66, 50.0, 90.65, 93.76, 50.0, 119.98, 50.0, 50.0, 50.0, 25.96, 50.0, 50.0, 54.91, 45.26]
d: [3.5, 3.5, 3.5, 3.5, 3.5, 3.5, 3.5, 3.5, 3.5, 3.5, 3.5, 3.5, 3.5, 2.0]
random_idx_1 = 2, random_idx_2 = 3
random_idx_1 = 1, random_idx_2 = 13

iteration: 94
best: [1000.0, 1000.0, 1000.0, 1000.0, 1000.0, 1000.0, 1000.0, 1000.0, 1000.0, 1000.0, 1000.0, 1000.0, 1000.0, 51.83]
time: [6.05, 8.04, 11.91, 15.15, 18.52, 21.47, 34.16, 41.49, 43.75, 46.4, 48.21, 51.22, 1000, 1000]
current_hyper_parameter
v: [12.0, 24.71, 12.0, 12.0, 19.01, 16.03, 22.75, 12.0, 32.19, 12.0, 12.0, 12.0, 12.0, 12.0]
a: [141.66, 50.0, 90.65, 93.76, 50.0, 119.98, 50.0, 50.0, 50.0, 25.96, 50.0, 50.0, 54.91, 76.69]
d: [3.5, 3.5, 3.5, 3.5, 3.5, 3.5, 3.5, 3.5, 3.5, 3.5, 3.5, 3.5, 3.5, 2.0]
BEST_hyper_parameter
v: [12.0, 24.71, 12.0, 12.0, 19.01, 16.03, 22.75, 12.0, 32.19, 12.0, 12.0, 12.0, 12.0, 12.0]
a: [141.66, 50.0, 90.65, 93.76, 50.0, 119.98, 50.0, 50.0, 50.0, 25.96, 50.0, 50.0, 54.91, 45.26]
d: [3.5, 3.5, 3.5, 3.5, 3.5, 3.5, 3.5, 3.5, 3.5, 3.5, 3.5, 3.5, 3.5, 2.0]
random_idx_1 = 1, random_idx_2 = 4
random_idx_1 = 1, random_idx_2 = 2

iteration: 95
best: [1000.0, 1000.0, 1000.0, 1000.0, 1000.0, 1000.0, 1000.0, 1000.0, 1000.0, 1000.0, 1000.0, 1000.0, 1000.0, 51.83]
time: [6.15, 8.14, 11.87, 15.08, 21.43, 24.55, 37.06, 40.75, 42.84, 45.48, 47.26, 50.25, 1000, 1000]
current_hyper_parameter
v: [12.0, 24.71, 12.0, 12.0, 19.01, 16.03, 22.75, 12.0, 32.19, 12.0, 12.0, 12.0, 12.0, 12.0]
a: [141.66, 50.0, 120.23, 93.76, 55.49, 119.98, 50.0, 50.0, 50.0, 25.96, 50.0, 50.0, 54.91, 45.26]
d: [3.5, 3.5, 3.5, 3.5, 3.5, 3.5, 3.5, 3.5, 3.5, 3.5, 3.5, 3.5, 3.5, 2.0]
BEST_hyper_parameter
v: [12.0, 24.71, 12.0, 12.0, 19.01, 16.03, 22.75, 12.0, 32.19, 12.0, 12.0, 12.0, 12.0, 12.0]
a: [141.66, 50.0, 90.65, 93.76, 50.0, 119.98, 50.0, 50.0, 50.0, 25.96, 50.0, 50.0, 54.91, 45.26]
d: [3.5, 3.5, 3.5, 3.5, 3.5, 3.5, 3.5, 3.5, 3.5, 3.5, 3.5, 3.5, 3.5, 2.0]
random_idx_1 = 2, random_idx_2 = 9
random_idx_1 = 1, random_idx_2 = 1

iteration: 96
best: [1000.0, 1000.0, 1000.0, 1000.0, 1000.0, 1000.0, 1000.0, 1000.0, 1000.0, 1000.0, 1000.0, 1000.0, 1000.0, 51.83]
time: [6.2, 8.76, 13.01, 16.29, 19.9, 23.01, 35.5, 39.2, 41.29, 43.99, 46.13, 48.9, 51.73, 53.3]
current_hyper_parameter
v: [12.0, 24.71, 12.0, 12.0, 19.01, 16.03, 22.75, 12.0, 32.19, 12.0, 12.0, 12.0, 12.0, 12.0]
a: [141.66, 21.58, 90.65, 93.76, 50.0, 119.98, 50.0, 50.0, 50.0, 25.96, 50.0, 50.0, 54.91, 45.26]
d: [3.5, 3.5, 3.5, 3.5, 3.5, 3.5, 3.5, 3.5, 3.5, 3.5, 3.5, 3.5, 3.5, 2.0]
BEST_hyper_parameter
v: [12.0, 24.71, 12.0, 12.0, 19.01, 16.03, 22.75, 12.0, 32.19, 12.0, 12.0, 12.0, 12.0, 12.0]
a: [141.66, 50.0, 90.65, 93.76, 50.0, 119.98, 50.0, 50.0, 50.0, 25.96, 50.0, 50.0, 54.91, 45.26]
d: [3.5, 3.5, 3.5, 3.5, 3.5, 3.5, 3.5, 3.5, 3.5, 3.5, 3.5, 3.5, 3.5, 2.0]
random_idx_1 = 1, random_idx_2 = 9
random_idx_1 = 2, random_idx_2 = 5

iteration: 97
best: [1000.0, 1000.0, 1000.0, 1000.0, 1000.0, 1000.0, 1000.0, 1000.0, 1000.0, 1000.0, 1000.0, 1000.0, 1000.0, 51.83]
time: [6.16, 8.15, 11.99, 15.21, 18.56, 21.5, 34.2, 38.98, 41.24, 43.84, 45.87, 48.54, 51.44, 53.21]
current_hyper_parameter
v: [12.0, 24.71, 12.0, 12.0, 19.01, 16.03, 22.75, 12.0, 32.19, 12.0, 12.0, 12.0, 12.0, 12.0]
a: [141.66, 50.0, 90.65, 93.76, 50.0, 119.98, 50.0, 50.0, 50.0, 49.75, 50.0, 50.0, 54.91, 45.26]
d: [3.5, 3.5, 3.5, 3.5, 3.5, 3.5, 3.5, 3.5, 3.5, 3.5, 3.5, 3.5, 3.5, 2.0]
BEST_hyper_parameter
v: [12.0, 24.71, 12.0, 12.0, 19.01, 16.03, 22.75, 12.0, 32.19, 12.0, 12.0, 12.0, 12.0, 12.0]
a: [141.66, 50.0, 90.65, 93.76, 50.0, 119.98, 50.0, 50.0, 50.0, 25.96, 50.0, 50.0, 54.91, 45.26]
d: [3.5, 3.5, 3.5, 3.5, 3.5, 3.5, 3.5, 3.5, 3.5, 3.5, 3.5, 3.5, 3.5, 2.0]
random_idx_1 = 2, random_idx_2 = 10
random_idx_1 = 0, random_idx_2 = 11

iteration: 98
best: [1000.0, 1000.0, 1000.0, 1000.0, 1000.0, 1000.0, 1000.0, 1000.0, 1000.0, 1000.0, 1000.0, 1000.0, 1000.0, 51.83]
time: [6.17, 8.15, 11.97, 15.18, 18.57, 21.94, 34.59, 38.15, 40.19, 42.89, 44.74, 47.67, 50.44, 52.37]
current_hyper_parameter
v: [12.0, 24.71, 12.0, 12.0, 19.01, 16.03, 22.75, 12.0, 32.19, 12.0, 12.0, 13.06, 12.0, 12.0]
a: [141.66, 50.0, 90.65, 93.76, 50.0, 119.98, 50.0, 50.0, 50.0, 25.96, 50.0, 50.0, 54.91, 45.26]
d: [3.5, 3.5, 3.5, 3.5, 3.5, 3.5, 3.5, 3.5, 3.5, 3.5, 3.5, 3.5, 3.5, 2.0]
BEST_hyper_parameter
v: [12.0, 24.71, 12.0, 12.0, 19.01, 16.03, 22.75, 12.0, 32.19, 12.0, 12.0, 12.0, 12.0, 12.0]
a: [141.66, 50.0, 90.65, 93.76, 50.0, 119.98, 50.0, 50.0, 50.0, 25.96, 50.0, 50.0, 54.91, 45.26]
d: [3.5, 3.5, 3.5, 3.5, 3.5, 3.5, 3.5, 3.5, 3.5, 3.5, 3.5, 3.5, 3.5, 2.0]
random_idx_1 = 1, random_idx_2 = 4
random_idx_1 = 2, random_idx_2 = 0

iteration: 99
best: [1000.0, 1000.0, 1000.0, 1000.0, 1000.0, 1000.0, 1000.0, 1000.0, 1000.0, 1000.0, 1000.0, 1000.0, 1000.0, 51.83]
time: [6.06, 8.02, 11.88, 18.18, 20.98, 24.7, 36.77, 41.5, 43.77, 46.59, 48.36, 51.33, 1000, 1000]
current_hyper_parameter
v: [12.0, 24.71, 12.0, 12.0, 19.01, 16.03, 22.75, 12.0, 32.19, 12.0, 12.0, 12.0, 12.0, 12.0]
a: [141.66, 50.0, 90.65, 93.76, 148.09, 119.98, 50.0, 50.0, 50.0, 25.96, 50.0, 50.0, 54.91, 45.26]
d: [3.5, 3.5, 3.5, 3.5, 3.5, 3.5, 3.5, 3.5, 3.5, 3.5, 3.5, 3.5, 3.5, 2.0]
BEST_hyper_parameter
v: [12.0, 24.71, 12.0, 12.0, 19.01, 16.03, 22.75, 12.0, 32.19, 12.0, 12.0, 12.0, 12.0, 12.0]
a: [141.66, 50.0, 90.65, 93.76, 50.0, 119.98, 50.0, 50.0, 50.0, 25.96, 50.0, 50.0, 54.91, 45.26]
d: [3.5, 3.5, 3.5, 3.5, 3.5, 3.5, 3.5, 3.5, 3.5, 3.5, 3.5, 3.5, 3.5, 2.0]
random_idx_1 = 0, random_idx_2 = 1
random_idx_1 = 2, random_idx_2 = 0

iteration: 100
best: [1000.0, 1000.0, 1000.0, 1000.0, 1000.0, 1000.0, 1000.0, 1000.0, 1000.0, 1000.0, 1000.0, 1000.0, 1000.0, 51.83]
time: [6.18, 8.46, 12.52, 15.68, 19.02, 22.41, 35.45, 39.16, 41.18, 43.87, 45.72, 48.71, 51.43, 53.18]
current_hyper_parameter
v: [12.0, 11.51, 12.0, 12.0, 19.01, 16.03, 22.75, 12.0, 32.19, 12.0, 12.0, 12.0, 12.0, 12.0]
a: [141.66, 50.0, 90.65, 93.76, 50.0, 119.98, 50.0, 50.0, 50.0, 25.96, 50.0, 50.0, 54.91, 45.26]
d: [3.5, 3.5, 3.5, 3.5, 3.5, 3.5, 3.5, 3.5, 3.5, 3.5, 3.5, 3.5, 3.5, 2.0]
BEST_hyper_parameter
v: [12.0, 24.71, 12.0, 12.0, 19.01, 16.03, 22.75, 12.0, 32.19, 12.0, 12.0, 12.0, 12.0, 12.0]
a: [141.66, 50.0, 90.65, 93.76, 50.0, 119.98, 50.0, 50.0, 50.0, 25.96, 50.0, 50.0, 54.91, 45.26]
d: [3.5, 3.5, 3.5, 3.5, 3.5, 3.5, 3.5, 3.5, 3.5, 3.5, 3.5, 3.5, 3.5, 2.0]
random_idx_1 = 1, random_idx_2 = 5
random_idx_1 = 0, random_idx_2 = 8

iteration: 101
best: [1000.0, 1000.0, 1000.0, 1000.0, 1000.0, 1000.0, 1000.0, 1000.0, 1000.0, 1000.0, 1000.0, 1000.0, 1000.0, 51.83]
time: [6.16, 8.17, 12.0, 15.22, 18.61, 22.01, 35.04, 38.78, 40.95, 43.76, 45.74, 48.85, 1000, 1000]
current_hyper_parameter
v: [12.0, 24.71, 12.0, 12.0, 19.01, 16.03, 22.75, 12.0, 10.83, 12.0, 12.0, 12.0, 12.0, 12.0]
a: [141.66, 50.0, 90.65, 93.76, 50.0, 65.52, 50.0, 50.0, 50.0, 25.96, 50.0, 50.0, 54.91, 45.26]
d: [3.5, 3.5, 3.5, 3.5, 3.5, 3.5, 3.5, 3.5, 3.5, 3.5, 3.5, 3.5, 3.5, 2.0]
BEST_hyper_parameter
v: [12.0, 24.71, 12.0, 12.0, 19.01, 16.03, 22.75, 12.0, 32.19, 12.0, 12.0, 12.0, 12.0, 12.0]
a: [141.66, 50.0, 90.65, 93.76, 50.0, 119.98, 50.0, 50.0, 50.0, 25.96, 50.0, 50.0, 54.91, 45.26]
d: [3.5, 3.5, 3.5, 3.5, 3.5, 3.5, 3.5, 3.5, 3.5, 3.5, 3.5, 3.5, 3.5, 2.0]
random_idx_1 = 1, random_idx_2 = 4
random_idx_1 = 0, random_idx_2 = 0

iteration: 102
best: [1000.0, 1000.0, 1000.0, 1000.0, 1000.0, 1000.0, 1000.0, 1000.0, 1000.0, 1000.0, 1000.0, 1000.0, 1000.0, 51.83]
time: [5.69, 7.27, 10.91, 14.16, 16.8, 20.74, 32.74, 36.73, 38.81, 41.46, 43.21, 46.14, 48.84, 50.79]
current_hyper_parameter
v: [31.29, 24.71, 12.0, 12.0, 19.01, 16.03, 22.75, 12.0, 32.19, 12.0, 12.0, 12.0, 12.0, 12.0]
a: [141.66, 50.0, 90.65, 93.76, 119.68, 119.98, 50.0, 50.0, 50.0, 25.96, 50.0, 50.0, 54.91, 45.26]
d: [3.5, 3.5, 3.5, 3.5, 3.5, 3.5, 3.5, 3.5, 3.5, 3.5, 3.5, 3.5, 3.5, 2.0]
BEST_hyper_parameter
v: [12.0, 24.71, 12.0, 12.0, 19.01, 16.03, 22.75, 12.0, 32.19, 12.0, 12.0, 12.0, 12.0, 12.0]
a: [141.66, 50.0, 90.65, 93.76, 50.0, 119.98, 50.0, 50.0, 50.0, 25.96, 50.0, 50.0, 54.91, 45.26]
d: [3.5, 3.5, 3.5, 3.5, 3.5, 3.5, 3.5, 3.5, 3.5, 3.5, 3.5, 3.5, 3.5, 2.0]
random_idx_1 = 0, random_idx_2 = 5
random_idx_1 = 1, random_idx_2 = 2
