
iteration: 1
best: [1000.0, 1000.0, 1000.0, 1000.0, 1000.0, 1000.0, 1000.0, 1000.0, 1000.0, 1000.0, 1000.0, 1000.0, 1000.0, 51.33]
time: [6.09, 8.54, 11.67, 15.75, 18.76, 22.96, 35.57, 39.33, 41.67, 44.31, 45.83, 48.38, 50.98, 52.84]
current_hyper_parameter
v: [12.0, 25.36, 12.0, 12.0, 28.58, 33.72, 27.19, 12.0, 12.0, 12.0, 12.0, 12.0, 31.62, 12.0]
a: [121.73, 67.02, 103.35, 50.0, 50.0, 50.0, 50.0, 50.0, 50.0, 50.0, 141.44, 143.24, 50.0, 50.0]
d: [3.5, 3.5, 3.5, 3.5, 3.5, 3.5, 3.5, 3.5, 3.5, 3.5, 3.5, 3.5, 3.5, 2.0]
BEST_hyper_parameter
v: [12.0, 25.36, 12.0, 12.0, 28.58, 33.72, 27.19, 12.0, 12.0, 12.0, 12.0, 12.0, 31.62, 12.0]
a: [121.73, 67.02, 103.35, 50.0, 50.0, 50.0, 50.0, 50.0, 50.0, 50.0, 141.44, 143.24, 50.0, 50.0]
d: [3.5, 3.5, 3.5, 3.5, 3.5, 3.5, 3.5, 3.5, 3.5, 3.5, 3.5, 3.5, 3.5, 2.0]
random_idx_1 = 2, random_idx_2 = 12
random_idx_1 = 1, random_idx_2 = 11

iteration: 2
best: [1000.0, 1000.0, 1000.0, 1000.0, 1000.0, 1000.0, 1000.0, 1000.0, 1000.0, 1000.0, 1000.0, 1000.0, 1000.0, 51.33]
time: [6.17, 7.99, 11.56, 14.99, 18.6, 22.69, 35.22, 39.05, 41.16, 43.69, 45.16, 47.51, 1000, 1000]
current_hyper_parameter
v: [12.0, 25.36, 12.0, 12.0, 28.58, 33.72, 27.19, 12.0, 12.0, 12.0, 12.0, 12.0, 31.62, 12.0]
a: [121.73, 67.02, 103.35, 50.0, 50.0, 50.0, 50.0, 50.0, 50.0, 50.0, 141.44, 114.06, 50.0, 50.0]
d: [3.5, 3.5, 3.5, 3.5, 3.5, 3.5, 3.5, 3.5, 3.5, 3.5, 3.5, 3.5, 3.5, 2.0]
BEST_hyper_parameter
v: [12.0, 25.36, 12.0, 12.0, 28.58, 33.72, 27.19, 12.0, 12.0, 12.0, 12.0, 12.0, 31.62, 12.0]
a: [121.73, 67.02, 103.35, 50.0, 50.0, 50.0, 50.0, 50.0, 50.0, 50.0, 141.44, 143.24, 50.0, 50.0]
d: [3.5, 3.5, 3.5, 3.5, 3.5, 3.5, 3.5, 3.5, 3.5, 3.5, 3.5, 3.5, 3.5, 2.0]
random_idx_1 = 1, random_idx_2 = 4
random_idx_1 = 2, random_idx_2 = 0

iteration: 3
best: [1000.0, 1000.0, 1000.0, 1000.0, 1000.0, 1000.0, 1000.0, 1000.0, 1000.0, 1000.0, 1000.0, 1000.0, 1000.0, 51.33]
time: [6.2, 8.03, 11.62, 15.18, 1000, 1000, 1000, 1000, 1000, 1000, 1000, 1000, 1000, 1000]
current_hyper_parameter
v: [12.0, 25.36, 12.0, 12.0, 28.58, 33.72, 27.19, 12.0, 12.0, 12.0, 12.0, 12.0, 31.62, 12.0]
a: [121.73, 67.02, 103.35, 50.0, 143.85, 50.0, 50.0, 50.0, 50.0, 50.0, 141.44, 143.24, 50.0, 50.0]
d: [3.5, 3.5, 3.5, 3.5, 3.5, 3.5, 3.5, 3.5, 3.5, 3.5, 3.5, 3.5, 3.5, 2.0]
BEST_hyper_parameter
v: [12.0, 25.36, 12.0, 12.0, 28.58, 33.72, 27.19, 12.0, 12.0, 12.0, 12.0, 12.0, 31.62, 12.0]
a: [121.73, 67.02, 103.35, 50.0, 50.0, 50.0, 50.0, 50.0, 50.0, 50.0, 141.44, 143.24, 50.0, 50.0]
d: [3.5, 3.5, 3.5, 3.5, 3.5, 3.5, 3.5, 3.5, 3.5, 3.5, 3.5, 3.5, 3.5, 2.0]
random_idx_1 = 0, random_idx_2 = 5
random_idx_1 = 2, random_idx_2 = 8

iteration: 4
best: [1000.0, 1000.0, 1000.0, 1000.0, 1000.0, 1000.0, 1000.0, 1000.0, 1000.0, 1000.0, 1000.0, 1000.0, 1000.0, 51.33]
time: [6.21, 8.04, 11.61, 15.2, 21.73, 25.95, 38.9, 42.63, 44.81, 47.67, 52.22, 54.13, 1000, 1000]
current_hyper_parameter
v: [12.0, 25.36, 12.0, 12.0, 28.58, 10.72, 27.19, 12.0, 12.0, 12.0, 12.0, 12.0, 31.62, 12.0]
a: [121.73, 67.02, 103.35, 50.0, 50.0, 50.0, 50.0, 50.0, 50.0, 50.0, 141.44, 143.24, 50.0, 50.0]
d: [3.5, 3.5, 3.5, 3.5, 3.5, 3.5, 3.5, 3.5, 3.5, 3.5, 3.5, 3.5, 3.5, 2.0]
BEST_hyper_parameter
v: [12.0, 25.36, 12.0, 12.0, 28.58, 33.72, 27.19, 12.0, 12.0, 12.0, 12.0, 12.0, 31.62, 12.0]
a: [121.73, 67.02, 103.35, 50.0, 50.0, 50.0, 50.0, 50.0, 50.0, 50.0, 141.44, 143.24, 50.0, 50.0]
d: [3.5, 3.5, 3.5, 3.5, 3.5, 3.5, 3.5, 3.5, 3.5, 3.5, 3.5, 3.5, 3.5, 2.0]
random_idx_1 = 2, random_idx_2 = 9
random_idx_1 = 1, random_idx_2 = 13

iteration: 5
best: [1000.0, 1000.0, 1000.0, 1000.0, 1000.0, 1000.0, 1000.0, 1000.0, 1000.0, 1000.0, 1000.0, 1000.0, 1000.0, 51.33]
time: [6.19, 8.04, 11.55, 14.97, 18.57, 22.71, 35.18, 39.03, 41.21, 44.08, 45.65, 48.02, 50.45, 52.0]
current_hyper_parameter
v: [12.0, 25.36, 12.0, 12.0, 28.58, 33.72, 27.19, 12.0, 12.0, 12.0, 12.0, 12.0, 31.62, 12.0]
a: [121.73, 67.02, 103.35, 50.0, 50.0, 50.0, 50.0, 50.0, 50.0, 50.0, 141.44, 143.24, 50.0, 148.92]
d: [3.5, 3.5, 3.5, 3.5, 3.5, 3.5, 3.5, 3.5, 3.5, 3.5, 3.5, 3.5, 3.5, 2.0]
BEST_hyper_parameter
v: [12.0, 25.36, 12.0, 12.0, 28.58, 33.72, 27.19, 12.0, 12.0, 12.0, 12.0, 12.0, 31.62, 12.0]
a: [121.73, 67.02, 103.35, 50.0, 50.0, 50.0, 50.0, 50.0, 50.0, 50.0, 141.44, 143.24, 50.0, 50.0]
d: [3.5, 3.5, 3.5, 3.5, 3.5, 3.5, 3.5, 3.5, 3.5, 3.5, 3.5, 3.5, 3.5, 2.0]
random_idx_1 = 1, random_idx_2 = 0
random_idx_1 = 1, random_idx_2 = 13

iteration: 6
best: [1000.0, 1000.0, 1000.0, 1000.0, 1000.0, 1000.0, 1000.0, 1000.0, 1000.0, 1000.0, 1000.0, 1000.0, 1000.0, 51.33]
time: [6.15, 7.97, 11.56, 15.21, 18.62, 22.69, 35.23, 39.02, 41.21, 44.12, 45.65, 48.16, 50.74, 52.18]
current_hyper_parameter
v: [12.0, 25.36, 12.0, 12.0, 28.58, 33.72, 27.19, 12.0, 12.0, 12.0, 12.0, 12.0, 31.62, 12.0]
a: [141.22, 67.02, 103.35, 50.0, 50.0, 50.0, 50.0, 50.0, 50.0, 50.0, 141.44, 143.24, 50.0, 151.18]
d: [3.5, 3.5, 3.5, 3.5, 3.5, 3.5, 3.5, 3.5, 3.5, 3.5, 3.5, 3.5, 3.5, 2.0]
BEST_hyper_parameter
v: [12.0, 25.36, 12.0, 12.0, 28.58, 33.72, 27.19, 12.0, 12.0, 12.0, 12.0, 12.0, 31.62, 12.0]
a: [121.73, 67.02, 103.35, 50.0, 50.0, 50.0, 50.0, 50.0, 50.0, 50.0, 141.44, 143.24, 50.0, 50.0]
d: [3.5, 3.5, 3.5, 3.5, 3.5, 3.5, 3.5, 3.5, 3.5, 3.5, 3.5, 3.5, 3.5, 2.0]
random_idx_1 = 0, random_idx_2 = 5
random_idx_1 = 2, random_idx_2 = 2

iteration: 7
best: [1000.0, 1000.0, 1000.0, 1000.0, 1000.0, 1000.0, 1000.0, 1000.0, 1000.0, 1000.0, 1000.0, 1000.0, 1000.0, 51.33]
time: [6.2, 8.04, 11.57, 14.96, 18.6, 22.77, 35.26, 39.06, 41.19, 43.73, 45.19, 47.7, 50.44, 52.41]
current_hyper_parameter
v: [12.0, 25.36, 12.0, 12.0, 28.58, 28.56, 27.19, 12.0, 12.0, 12.0, 12.0, 12.0, 31.62, 12.0]
a: [121.73, 67.02, 103.35, 50.0, 50.0, 50.0, 50.0, 50.0, 50.0, 50.0, 141.44, 143.24, 50.0, 50.0]
d: [3.5, 3.5, 6.17, 3.5, 3.5, 3.5, 3.5, 3.5, 3.5, 3.5, 3.5, 3.5, 3.5, 2.0]
BEST_hyper_parameter
v: [12.0, 25.36, 12.0, 12.0, 28.58, 33.72, 27.19, 12.0, 12.0, 12.0, 12.0, 12.0, 31.62, 12.0]
a: [121.73, 67.02, 103.35, 50.0, 50.0, 50.0, 50.0, 50.0, 50.0, 50.0, 141.44, 143.24, 50.0, 50.0]
d: [3.5, 3.5, 3.5, 3.5, 3.5, 3.5, 3.5, 3.5, 3.5, 3.5, 3.5, 3.5, 3.5, 2.0]
random_idx_1 = 1, random_idx_2 = 9
random_idx_1 = 0, random_idx_2 = 8

iteration: 8
best: [1000.0, 1000.0, 1000.0, 1000.0, 1000.0, 1000.0, 1000.0, 1000.0, 1000.0, 1000.0, 1000.0, 1000.0, 1000.0, 51.33]
time: [6.21, 8.04, 11.59, 15.17, 21.7, 25.63, 38.18, 41.97, 43.91, 46.18, 48.11, 50.41, 1000, 1000]
current_hyper_parameter
v: [12.0, 25.36, 12.0, 12.0, 28.58, 33.72, 27.19, 12.0, 23.17, 12.0, 12.0, 12.0, 31.62, 12.0]
a: [121.73, 67.02, 103.35, 50.0, 50.0, 50.0, 50.0, 50.0, 50.0, 83.47, 141.44, 143.24, 50.0, 50.0]
d: [3.5, 3.5, 3.5, 3.5, 3.5, 3.5, 3.5, 3.5, 3.5, 3.5, 3.5, 3.5, 3.5, 2.0]
BEST_hyper_parameter
v: [12.0, 25.36, 12.0, 12.0, 28.58, 33.72, 27.19, 12.0, 12.0, 12.0, 12.0, 12.0, 31.62, 12.0]
a: [121.73, 67.02, 103.35, 50.0, 50.0, 50.0, 50.0, 50.0, 50.0, 50.0, 141.44, 143.24, 50.0, 50.0]
d: [3.5, 3.5, 3.5, 3.5, 3.5, 3.5, 3.5, 3.5, 3.5, 3.5, 3.5, 3.5, 3.5, 2.0]
random_idx_1 = 2, random_idx_2 = 0
random_idx_1 = 1, random_idx_2 = 11

iteration: 9
best: [1000.0, 1000.0, 1000.0, 1000.0, 1000.0, 1000.0, 1000.0, 1000.0, 1000.0, 1000.0, 1000.0, 1000.0, 1000.0, 51.33]
time: [6.21, 8.05, 11.61, 15.18, 21.71, 25.62, 38.2, 42.06, 44.26, 47.12, 51.67, 1000, 1000, 1000]
current_hyper_parameter
v: [12.0, 25.36, 12.0, 12.0, 28.58, 33.72, 27.19, 12.0, 12.0, 12.0, 12.0, 12.0, 31.62, 12.0]
a: [121.73, 67.02, 103.35, 50.0, 50.0, 50.0, 50.0, 50.0, 50.0, 50.0, 141.44, 101.57, 50.0, 50.0]
d: [3.5, 3.5, 3.5, 3.5, 3.5, 3.5, 3.5, 3.5, 3.5, 3.5, 3.5, 3.5, 3.5, 2.0]
BEST_hyper_parameter
v: [12.0, 25.36, 12.0, 12.0, 28.58, 33.72, 27.19, 12.0, 12.0, 12.0, 12.0, 12.0, 31.62, 12.0]
a: [121.73, 67.02, 103.35, 50.0, 50.0, 50.0, 50.0, 50.0, 50.0, 50.0, 141.44, 143.24, 50.0, 50.0]
d: [3.5, 3.5, 3.5, 3.5, 3.5, 3.5, 3.5, 3.5, 3.5, 3.5, 3.5, 3.5, 3.5, 2.0]
random_idx_1 = 1, random_idx_2 = 0
random_idx_1 = 2, random_idx_2 = 13

iteration: 10
best: [1000.0, 1000.0, 1000.0, 1000.0, 1000.0, 1000.0, 1000.0, 1000.0, 1000.0, 1000.0, 1000.0, 1000.0, 1000.0, 51.33]
time: [6.4, 8.36, 11.96, 15.44, 19.09, 23.14, 35.7, 39.55, 41.7, 44.25, 45.65, 48.18, 50.87, 52.75]
current_hyper_parameter
v: [12.0, 25.36, 12.0, 12.0, 28.58, 33.72, 27.19, 12.0, 12.0, 12.0, 12.0, 12.0, 31.62, 12.0]
a: [76.54, 67.02, 103.35, 50.0, 50.0, 50.0, 50.0, 50.0, 50.0, 50.0, 141.44, 143.24, 50.0, 50.0]
d: [3.5, 3.5, 3.5, 3.5, 3.5, 3.5, 3.5, 3.5, 3.5, 3.5, 3.5, 3.5, 3.5, 2.0]
BEST_hyper_parameter
v: [12.0, 25.36, 12.0, 12.0, 28.58, 33.72, 27.19, 12.0, 12.0, 12.0, 12.0, 12.0, 31.62, 12.0]
a: [121.73, 67.02, 103.35, 50.0, 50.0, 50.0, 50.0, 50.0, 50.0, 50.0, 141.44, 143.24, 50.0, 50.0]
d: [3.5, 3.5, 3.5, 3.5, 3.5, 3.5, 3.5, 3.5, 3.5, 3.5, 3.5, 3.5, 3.5, 2.0]
random_idx_1 = 2, random_idx_2 = 1
random_idx_1 = 0, random_idx_2 = 1

iteration: 11
best: [1000.0, 1000.0, 1000.0, 1000.0, 1000.0, 1000.0, 1000.0, 1000.0, 1000.0, 1000.0, 1000.0, 1000.0, 1000.0, 51.33]
time: [6.21, 8.05, 11.66, 15.24, 18.68, 22.77, 35.25, 39.11, 41.23, 43.76, 48.2, 50.41, 1000, 1000]
current_hyper_parameter
v: [12.0, 22.89, 12.0, 12.0, 28.58, 33.72, 27.19, 12.0, 12.0, 12.0, 12.0, 12.0, 31.62, 12.0]
a: [121.73, 67.02, 103.35, 50.0, 50.0, 50.0, 50.0, 50.0, 50.0, 50.0, 141.44, 143.24, 50.0, 50.0]
d: [3.5, 3.5, 3.5, 3.5, 3.5, 3.5, 3.5, 3.5, 3.5, 3.5, 3.5, 3.5, 3.5, 2.0]
BEST_hyper_parameter
v: [12.0, 25.36, 12.0, 12.0, 28.58, 33.72, 27.19, 12.0, 12.0, 12.0, 12.0, 12.0, 31.62, 12.0]
a: [121.73, 67.02, 103.35, 50.0, 50.0, 50.0, 50.0, 50.0, 50.0, 50.0, 141.44, 143.24, 50.0, 50.0]
d: [3.5, 3.5, 3.5, 3.5, 3.5, 3.5, 3.5, 3.5, 3.5, 3.5, 3.5, 3.5, 3.5, 2.0]
random_idx_1 = 1, random_idx_2 = 0
random_idx_1 = 0, random_idx_2 = 3

iteration: 12
best: [1000.0, 1000.0, 1000.0, 1000.0, 1000.0, 1000.0, 1000.0, 1000.0, 1000.0, 1000.0, 1000.0, 1000.0, 1000.0, 51.33]
time: [6.19, 8.02, 11.6, 14.94, 18.53, 22.75, 35.28, 38.99, 41.14, 43.81, 48.63, 1000, 1000, 1000]
current_hyper_parameter
v: [12.0, 25.36, 12.0, 23.22, 28.58, 33.72, 27.19, 12.0, 12.0, 12.0, 12.0, 12.0, 31.62, 12.0]
a: [125.3, 67.02, 103.35, 50.0, 50.0, 50.0, 50.0, 50.0, 50.0, 50.0, 141.44, 143.24, 50.0, 50.0]
d: [3.5, 3.5, 3.5, 3.5, 3.5, 3.5, 3.5, 3.5, 3.5, 3.5, 3.5, 3.5, 3.5, 2.0]
BEST_hyper_parameter
v: [12.0, 25.36, 12.0, 12.0, 28.58, 33.72, 27.19, 12.0, 12.0, 12.0, 12.0, 12.0, 31.62, 12.0]
a: [121.73, 67.02, 103.35, 50.0, 50.0, 50.0, 50.0, 50.0, 50.0, 50.0, 141.44, 143.24, 50.0, 50.0]
d: [3.5, 3.5, 3.5, 3.5, 3.5, 3.5, 3.5, 3.5, 3.5, 3.5, 3.5, 3.5, 3.5, 2.0]
random_idx_1 = 0, random_idx_2 = 10
random_idx_1 = 0, random_idx_2 = 7

iteration: 13
best: [1000.0, 1000.0, 1000.0, 1000.0, 1000.0, 1000.0, 1000.0, 1000.0, 1000.0, 1000.0, 1000.0, 1000.0, 1000.0, 51.33]
time: [6.19, 8.03, 11.59, 15.18, 18.61, 22.71, 35.23, 38.84, 40.87, 43.66, 48.55, 1000, 1000, 1000]
current_hyper_parameter
v: [12.0, 25.36, 12.0, 12.0, 28.58, 33.72, 27.19, 25.34, 12.0, 12.0, 14.53, 12.0, 31.62, 12.0]
a: [121.73, 67.02, 103.35, 50.0, 50.0, 50.0, 50.0, 50.0, 50.0, 50.0, 141.44, 143.24, 50.0, 50.0]
d: [3.5, 3.5, 3.5, 3.5, 3.5, 3.5, 3.5, 3.5, 3.5, 3.5, 3.5, 3.5, 3.5, 2.0]
BEST_hyper_parameter
v: [12.0, 25.36, 12.0, 12.0, 28.58, 33.72, 27.19, 12.0, 12.0, 12.0, 12.0, 12.0, 31.62, 12.0]
a: [121.73, 67.02, 103.35, 50.0, 50.0, 50.0, 50.0, 50.0, 50.0, 50.0, 141.44, 143.24, 50.0, 50.0]
d: [3.5, 3.5, 3.5, 3.5, 3.5, 3.5, 3.5, 3.5, 3.5, 3.5, 3.5, 3.5, 3.5, 2.0]
random_idx_1 = 1, random_idx_2 = 10
random_idx_1 = 1, random_idx_2 = 3

iteration: 14
best: [1000.0, 1000.0, 1000.0, 1000.0, 1000.0, 1000.0, 1000.0, 1000.0, 1000.0, 1000.0, 1000.0, 1000.0, 1000.0, 51.33]
time: [6.21, 8.03, 11.62, 14.78, 21.31, 25.11, 37.7, 41.53, 43.74, 46.6, 56.16, 1000, 1000, 1000]
current_hyper_parameter
v: [12.0, 25.36, 12.0, 12.0, 28.58, 33.72, 27.19, 12.0, 12.0, 12.0, 12.0, 12.0, 31.62, 12.0]
a: [121.73, 67.02, 103.35, 145.05, 50.0, 50.0, 50.0, 50.0, 50.0, 50.0, 100.8, 143.24, 50.0, 50.0]
d: [3.5, 3.5, 3.5, 3.5, 3.5, 3.5, 3.5, 3.5, 3.5, 3.5, 3.5, 3.5, 3.5, 2.0]
BEST_hyper_parameter
v: [12.0, 25.36, 12.0, 12.0, 28.58, 33.72, 27.19, 12.0, 12.0, 12.0, 12.0, 12.0, 31.62, 12.0]
a: [121.73, 67.02, 103.35, 50.0, 50.0, 50.0, 50.0, 50.0, 50.0, 50.0, 141.44, 143.24, 50.0, 50.0]
d: [3.5, 3.5, 3.5, 3.5, 3.5, 3.5, 3.5, 3.5, 3.5, 3.5, 3.5, 3.5, 3.5, 2.0]
random_idx_1 = 0, random_idx_2 = 13
random_idx_1 = 0, random_idx_2 = 0

iteration: 15
best: [1000.0, 1000.0, 1000.0, 1000.0, 1000.0, 1000.0, 1000.0, 1000.0, 1000.0, 1000.0, 1000.0, 1000.0, 1000.0, 51.33]
time: [5.82, 7.43, 10.87, 14.39, 20.92, 24.54, 37.17, 41.09, 43.27, 46.14, 50.72, 1000, 1000, 1000]
current_hyper_parameter
v: [21.02, 25.36, 12.0, 12.0, 28.58, 33.72, 27.19, 12.0, 12.0, 12.0, 12.0, 12.0, 31.62, 16.81]
a: [121.73, 67.02, 103.35, 50.0, 50.0, 50.0, 50.0, 50.0, 50.0, 50.0, 141.44, 143.24, 50.0, 50.0]
d: [3.5, 3.5, 3.5, 3.5, 3.5, 3.5, 3.5, 3.5, 3.5, 3.5, 3.5, 3.5, 3.5, 2.0]
BEST_hyper_parameter
v: [12.0, 25.36, 12.0, 12.0, 28.58, 33.72, 27.19, 12.0, 12.0, 12.0, 12.0, 12.0, 31.62, 12.0]
a: [121.73, 67.02, 103.35, 50.0, 50.0, 50.0, 50.0, 50.0, 50.0, 50.0, 141.44, 143.24, 50.0, 50.0]
d: [3.5, 3.5, 3.5, 3.5, 3.5, 3.5, 3.5, 3.5, 3.5, 3.5, 3.5, 3.5, 3.5, 2.0]
random_idx_1 = 0, random_idx_2 = 3
random_idx_1 = 2, random_idx_2 = 11

iteration: 16
best: [1000.0, 1000.0, 1000.0, 1000.0, 1000.0, 1000.0, 1000.0, 1000.0, 1000.0, 1000.0, 1000.0, 1000.0, 1000.0, 51.33]
time: [6.19, 8.04, 11.57, 14.74, 21.34, 25.2, 37.73, 41.5, 43.62, 46.21, 50.7, 1000, 1000, 1000]
current_hyper_parameter
v: [12.0, 25.36, 12.0, 33.27, 28.58, 33.72, 27.19, 12.0, 12.0, 12.0, 12.0, 12.0, 31.62, 12.0]
a: [121.73, 67.02, 103.35, 50.0, 50.0, 50.0, 50.0, 50.0, 50.0, 50.0, 141.44, 143.24, 50.0, 50.0]
d: [3.5, 3.5, 3.5, 3.5, 3.5, 3.5, 3.5, 3.5, 3.5, 3.5, 3.5, 3.5, 3.5, 2.0]
BEST_hyper_parameter
v: [12.0, 25.36, 12.0, 12.0, 28.58, 33.72, 27.19, 12.0, 12.0, 12.0, 12.0, 12.0, 31.62, 12.0]
a: [121.73, 67.02, 103.35, 50.0, 50.0, 50.0, 50.0, 50.0, 50.0, 50.0, 141.44, 143.24, 50.0, 50.0]
d: [3.5, 3.5, 3.5, 3.5, 3.5, 3.5, 3.5, 3.5, 3.5, 3.5, 3.5, 3.5, 3.5, 2.0]
random_idx_1 = 1, random_idx_2 = 13
random_idx_1 = 2, random_idx_2 = 9

iteration: 17
best: [1000.0, 1000.0, 1000.0, 1000.0, 1000.0, 1000.0, 1000.0, 1000.0, 1000.0, 1000.0, 1000.0, 1000.0, 1000.0, 51.33]
time: [6.2, 8.04, 11.61, 15.21, 18.61, 22.71, 35.23, 39.01, 41.2, 44.09, 45.62, 47.87, 50.71, 53.09]
current_hyper_parameter
v: [12.0, 25.36, 12.0, 12.0, 28.58, 33.72, 27.19, 12.0, 12.0, 12.0, 12.0, 12.0, 31.62, 12.0]
a: [121.73, 67.02, 103.35, 50.0, 50.0, 50.0, 50.0, 50.0, 50.0, 50.0, 141.44, 143.24, 50.0, 27.96]
d: [3.5, 3.5, 3.5, 3.5, 3.5, 3.5, 3.5, 3.5, 3.5, 3.5, 3.5, 3.5, 3.5, 2.0]
BEST_hyper_parameter
v: [12.0, 25.36, 12.0, 12.0, 28.58, 33.72, 27.19, 12.0, 12.0, 12.0, 12.0, 12.0, 31.62, 12.0]
a: [121.73, 67.02, 103.35, 50.0, 50.0, 50.0, 50.0, 50.0, 50.0, 50.0, 141.44, 143.24, 50.0, 50.0]
d: [3.5, 3.5, 3.5, 3.5, 3.5, 3.5, 3.5, 3.5, 3.5, 3.5, 3.5, 3.5, 3.5, 2.0]
random_idx_1 = 1, random_idx_2 = 6
random_idx_1 = 2, random_idx_2 = 9

iteration: 18
best: [1000.0, 1000.0, 1000.0, 1000.0, 1000.0, 1000.0, 1000.0, 1000.0, 1000.0, 1000.0, 1000.0, 1000.0, 1000.0, 51.33]
time: [6.21, 8.05, 11.61, 15.24, 21.76, 25.68, 38.45, 42.2, 44.74, 47.45, 49.15, 51.33, 1000, 1000]
current_hyper_parameter
v: [12.0, 25.36, 12.0, 12.0, 28.58, 33.72, 27.19, 12.0, 12.0, 12.0, 12.0, 12.0, 31.62, 12.0]
a: [121.73, 67.02, 103.35, 50.0, 50.0, 50.0, 46.64, 50.0, 50.0, 50.0, 141.44, 143.24, 50.0, 50.0]
d: [3.5, 3.5, 3.5, 3.5, 3.5, 3.5, 3.5, 3.5, 3.5, 3.5, 3.5, 3.5, 3.5, 2.0]
BEST_hyper_parameter
v: [12.0, 25.36, 12.0, 12.0, 28.58, 33.72, 27.19, 12.0, 12.0, 12.0, 12.0, 12.0, 31.62, 12.0]
a: [121.73, 67.02, 103.35, 50.0, 50.0, 50.0, 50.0, 50.0, 50.0, 50.0, 141.44, 143.24, 50.0, 50.0]
d: [3.5, 3.5, 3.5, 3.5, 3.5, 3.5, 3.5, 3.5, 3.5, 3.5, 3.5, 3.5, 3.5, 2.0]
random_idx_1 = 2, random_idx_2 = 11
random_idx_1 = 2, random_idx_2 = 5

iteration: 19
best: [1000.0, 1000.0, 1000.0, 1000.0, 1000.0, 1000.0, 1000.0, 1000.0, 1000.0, 1000.0, 1000.0, 1000.0, 1000.0, 51.33]
time: [6.11, 7.93, 11.55, 15.21, 18.62, 22.72, 35.22, 39.1, 41.23, 43.75, 45.15, 47.4, 50.01, 51.84]
current_hyper_parameter
v: [12.0, 25.36, 12.0, 12.0, 28.58, 33.72, 27.19, 12.0, 12.0, 12.0, 12.0, 12.0, 31.62, 12.0]
a: [121.73, 67.02, 103.35, 50.0, 50.0, 50.0, 50.0, 50.0, 50.0, 50.0, 141.44, 143.24, 50.0, 50.0]
d: [3.5, 3.5, 3.5, 3.5, 3.5, 3.5, 3.5, 3.5, 3.5, 3.5, 3.5, 3.5, 3.5, 2.0]
BEST_hyper_parameter
v: [12.0, 25.36, 12.0, 12.0, 28.58, 33.72, 27.19, 12.0, 12.0, 12.0, 12.0, 12.0, 31.62, 12.0]
a: [121.73, 67.02, 103.35, 50.0, 50.0, 50.0, 50.0, 50.0, 50.0, 50.0, 141.44, 143.24, 50.0, 50.0]
d: [3.5, 3.5, 3.5, 3.5, 3.5, 3.5, 3.5, 3.5, 3.5, 3.5, 3.5, 3.5, 3.5, 2.0]
random_idx_1 = 2, random_idx_2 = 13
random_idx_1 = 0, random_idx_2 = 0

iteration: 20
best: [1000.0, 1000.0, 1000.0, 1000.0, 1000.0, 1000.0, 1000.0, 1000.0, 1000.0, 1000.0, 1000.0, 1000.0, 1000.0, 51.33]
time: [5.72, 7.32, 10.82, 14.37, 20.89, 24.57, 37.17, 41.02, 43.19, 45.72, 50.16, 1000, 1000, 1000]
current_hyper_parameter
v: [32.59, 25.36, 12.0, 12.0, 28.58, 33.72, 27.19, 12.0, 12.0, 12.0, 12.0, 12.0, 31.62, 12.0]
a: [121.73, 67.02, 103.35, 50.0, 50.0, 50.0, 50.0, 50.0, 50.0, 50.0, 141.44, 143.24, 50.0, 50.0]
d: [3.5, 3.5, 3.5, 3.5, 3.5, 3.5, 3.5, 3.5, 3.5, 3.5, 3.5, 3.5, 3.5, 2.0]
BEST_hyper_parameter
v: [12.0, 25.36, 12.0, 12.0, 28.58, 33.72, 27.19, 12.0, 12.0, 12.0, 12.0, 12.0, 31.62, 12.0]
a: [121.73, 67.02, 103.35, 50.0, 50.0, 50.0, 50.0, 50.0, 50.0, 50.0, 141.44, 143.24, 50.0, 50.0]
d: [3.5, 3.5, 3.5, 3.5, 3.5, 3.5, 3.5, 3.5, 3.5, 3.5, 3.5, 3.5, 3.5, 2.0]
random_idx_1 = 1, random_idx_2 = 2
random_idx_1 = 0, random_idx_2 = 11

iteration: 21
best: [1000.0, 1000.0, 1000.0, 1000.0, 1000.0, 1000.0, 1000.0, 1000.0, 1000.0, 1000.0, 1000.0, 1000.0, 1000.0, 51.33]
time: [6.09, 7.93, 11.78, 15.62, 19.08, 23.23, 35.74, 39.49, 41.62, 44.16, 45.66, 48.5, 50.66, 52.35]
current_hyper_parameter
v: [12.0, 25.36, 12.0, 12.0, 28.58, 33.72, 27.19, 12.0, 12.0, 12.0, 12.0, 9.44, 31.62, 12.0]
a: [121.73, 67.02, 47.95, 50.0, 50.0, 50.0, 50.0, 50.0, 50.0, 50.0, 141.44, 143.24, 50.0, 50.0]
d: [3.5, 3.5, 3.5, 3.5, 3.5, 3.5, 3.5, 3.5, 3.5, 3.5, 3.5, 3.5, 3.5, 2.0]
BEST_hyper_parameter
v: [12.0, 25.36, 12.0, 12.0, 28.58, 33.72, 27.19, 12.0, 12.0, 12.0, 12.0, 12.0, 31.62, 12.0]
a: [121.73, 67.02, 103.35, 50.0, 50.0, 50.0, 50.0, 50.0, 50.0, 50.0, 141.44, 143.24, 50.0, 50.0]
d: [3.5, 3.5, 3.5, 3.5, 3.5, 3.5, 3.5, 3.5, 3.5, 3.5, 3.5, 3.5, 3.5, 2.0]
random_idx_1 = 0, random_idx_2 = 12
random_idx_1 = 2, random_idx_2 = 4

iteration: 22
best: [1000.0, 1000.0, 1000.0, 1000.0, 1000.0, 1000.0, 1000.0, 1000.0, 1000.0, 1000.0, 1000.0, 1000.0, 1000.0, 51.33]
time: [6.22, 8.05, 11.59, 15.04, 18.67, 22.78, 35.24, 39.19, 41.39, 44.18, 53.08, 1000, 1000, 1000]
current_hyper_parameter
v: [12.0, 25.36, 12.0, 12.0, 28.58, 33.72, 27.19, 12.0, 12.0, 12.0, 12.0, 12.0, 18.49, 12.0]
a: [121.73, 67.02, 103.35, 50.0, 50.0, 50.0, 50.0, 50.0, 50.0, 50.0, 141.44, 143.24, 50.0, 50.0]
d: [3.5, 3.5, 3.5, 3.5, 3.5, 3.5, 3.5, 3.5, 3.5, 3.5, 3.5, 3.5, 3.5, 2.0]
BEST_hyper_parameter
v: [12.0, 25.36, 12.0, 12.0, 28.58, 33.72, 27.19, 12.0, 12.0, 12.0, 12.0, 12.0, 31.62, 12.0]
a: [121.73, 67.02, 103.35, 50.0, 50.0, 50.0, 50.0, 50.0, 50.0, 50.0, 141.44, 143.24, 50.0, 50.0]
d: [3.5, 3.5, 3.5, 3.5, 3.5, 3.5, 3.5, 3.5, 3.5, 3.5, 3.5, 3.5, 3.5, 2.0]
random_idx_1 = 0, random_idx_2 = 5
random_idx_1 = 0, random_idx_2 = 6

iteration: 23
best: [1000.0, 1000.0, 1000.0, 1000.0, 1000.0, 1000.0, 1000.0, 1000.0, 1000.0, 1000.0, 1000.0, 1000.0, 1000.0, 51.33]
time: [6.07, 7.92, 11.52, 14.99, 18.61, 22.77, 35.05, 39.82, 42.15, 44.79, 46.34, 49.12, 51.57, 1000]
current_hyper_parameter
v: [12.0, 25.36, 12.0, 12.0, 28.58, 19.37, 29.32, 12.0, 12.0, 12.0, 12.0, 12.0, 31.62, 12.0]
a: [121.73, 67.02, 103.35, 50.0, 50.0, 50.0, 50.0, 50.0, 50.0, 50.0, 141.44, 143.24, 50.0, 50.0]
d: [3.5, 3.5, 3.5, 3.5, 3.5, 3.5, 3.5, 3.5, 3.5, 3.5, 3.5, 3.5, 3.5, 2.0]
BEST_hyper_parameter
v: [12.0, 25.36, 12.0, 12.0, 28.58, 33.72, 27.19, 12.0, 12.0, 12.0, 12.0, 12.0, 31.62, 12.0]
a: [121.73, 67.02, 103.35, 50.0, 50.0, 50.0, 50.0, 50.0, 50.0, 50.0, 141.44, 143.24, 50.0, 50.0]
d: [3.5, 3.5, 3.5, 3.5, 3.5, 3.5, 3.5, 3.5, 3.5, 3.5, 3.5, 3.5, 3.5, 2.0]
random_idx_1 = 2, random_idx_2 = 13
random_idx_1 = 0, random_idx_2 = 4

iteration: 24
best: [1000.0, 1000.0, 1000.0, 1000.0, 1000.0, 1000.0, 1000.0, 1000.0, 1000.0, 1000.0, 1000.0, 1000.0, 1000.0, 51.33]
time: [6.2, 8.04, 11.59, 15.19, 18.59, 22.76, 35.23, 39.04, 41.21, 44.05, 48.6, 50.83, 1000, 1000]
current_hyper_parameter
v: [12.0, 25.36, 12.0, 12.0, 27.63, 33.72, 27.19, 12.0, 12.0, 12.0, 12.0, 12.0, 31.62, 12.0]
a: [121.73, 67.02, 103.35, 50.0, 50.0, 50.0, 50.0, 50.0, 50.0, 50.0, 141.44, 143.24, 50.0, 50.0]
d: [3.5, 3.5, 3.5, 3.5, 3.5, 3.5, 3.5, 3.5, 3.5, 3.5, 3.5, 3.5, 3.5, 2.0]
BEST_hyper_parameter
v: [12.0, 25.36, 12.0, 12.0, 28.58, 33.72, 27.19, 12.0, 12.0, 12.0, 12.0, 12.0, 31.62, 12.0]
a: [121.73, 67.02, 103.35, 50.0, 50.0, 50.0, 50.0, 50.0, 50.0, 50.0, 141.44, 143.24, 50.0, 50.0]
d: [3.5, 3.5, 3.5, 3.5, 3.5, 3.5, 3.5, 3.5, 3.5, 3.5, 3.5, 3.5, 3.5, 2.0]
random_idx_1 = 0, random_idx_2 = 1
random_idx_1 = 2, random_idx_2 = 8

iteration: 25
best: [1000.0, 1000.0, 1000.0, 1000.0, 1000.0, 1000.0, 1000.0, 1000.0, 1000.0, 1000.0, 1000.0, 1000.0, 1000.0, 51.33]
time: [6.21, 8.08, 11.68, 15.21, 21.75, 25.69, 38.2, 42.07, 44.31, 47.08, 52.1, 1000, 1000, 1000]
current_hyper_parameter
v: [12.0, 19.8, 12.0, 12.0, 28.58, 33.72, 27.19, 12.0, 12.0, 12.0, 12.0, 12.0, 31.62, 12.0]
a: [121.73, 67.02, 103.35, 50.0, 50.0, 50.0, 50.0, 50.0, 50.0, 50.0, 141.44, 143.24, 50.0, 50.0]
d: [3.5, 3.5, 3.5, 3.5, 3.5, 3.5, 3.5, 3.5, 3.5, 3.5, 3.5, 3.5, 3.5, 2.0]
BEST_hyper_parameter
v: [12.0, 25.36, 12.0, 12.0, 28.58, 33.72, 27.19, 12.0, 12.0, 12.0, 12.0, 12.0, 31.62, 12.0]
a: [121.73, 67.02, 103.35, 50.0, 50.0, 50.0, 50.0, 50.0, 50.0, 50.0, 141.44, 143.24, 50.0, 50.0]
d: [3.5, 3.5, 3.5, 3.5, 3.5, 3.5, 3.5, 3.5, 3.5, 3.5, 3.5, 3.5, 3.5, 2.0]
random_idx_1 = 0, random_idx_2 = 7
random_idx_1 = 1, random_idx_2 = 13

iteration: 26
best: [1000.0, 1000.0, 1000.0, 1000.0, 1000.0, 1000.0, 1000.0, 1000.0, 1000.0, 1000.0, 1000.0, 1000.0, 1000.0, 51.33]
time: [6.21, 8.03, 11.62, 15.2, 18.61, 22.7, 35.19, 38.95, 41.11, 43.67, 48.11, 50.37, 1000, 1000]
current_hyper_parameter
v: [12.0, 25.36, 12.0, 12.0, 28.58, 33.72, 27.19, 34.97, 12.0, 12.0, 12.0, 12.0, 31.62, 12.0]
a: [121.73, 67.02, 103.35, 50.0, 50.0, 50.0, 50.0, 50.0, 50.0, 50.0, 141.44, 143.24, 50.0, 37.14]
d: [3.5, 3.5, 3.5, 3.5, 3.5, 3.5, 3.5, 3.5, 3.5, 3.5, 3.5, 3.5, 3.5, 2.0]
BEST_hyper_parameter
v: [12.0, 25.36, 12.0, 12.0, 28.58, 33.72, 27.19, 12.0, 12.0, 12.0, 12.0, 12.0, 31.62, 12.0]
a: [121.73, 67.02, 103.35, 50.0, 50.0, 50.0, 50.0, 50.0, 50.0, 50.0, 141.44, 143.24, 50.0, 50.0]
d: [3.5, 3.5, 3.5, 3.5, 3.5, 3.5, 3.5, 3.5, 3.5, 3.5, 3.5, 3.5, 3.5, 2.0]
random_idx_1 = 0, random_idx_2 = 8
random_idx_1 = 1, random_idx_2 = 10

iteration: 27
best: [1000.0, 1000.0, 1000.0, 1000.0, 1000.0, 1000.0, 1000.0, 1000.0, 1000.0, 1000.0, 1000.0, 1000.0, 1000.0, 51.33]
time: [6.1, 7.93, 11.52, 14.96, 21.68, 25.55, 38.18, 42.15, 44.07, 46.49, 51.57, 1000, 1000, 1000]
current_hyper_parameter
v: [12.0, 25.36, 12.0, 12.0, 28.58, 33.72, 27.19, 12.0, 18.64, 12.0, 12.0, 12.0, 31.62, 12.0]
a: [121.73, 67.02, 103.35, 50.0, 50.0, 50.0, 50.0, 50.0, 50.0, 50.0, 95.31, 143.24, 50.0, 50.0]
d: [3.5, 3.5, 3.5, 3.5, 3.5, 3.5, 3.5, 3.5, 3.5, 3.5, 3.5, 3.5, 3.5, 2.0]
BEST_hyper_parameter
v: [12.0, 25.36, 12.0, 12.0, 28.58, 33.72, 27.19, 12.0, 12.0, 12.0, 12.0, 12.0, 31.62, 12.0]
a: [121.73, 67.02, 103.35, 50.0, 50.0, 50.0, 50.0, 50.0, 50.0, 50.0, 141.44, 143.24, 50.0, 50.0]
d: [3.5, 3.5, 3.5, 3.5, 3.5, 3.5, 3.5, 3.5, 3.5, 3.5, 3.5, 3.5, 3.5, 2.0]
random_idx_1 = 2, random_idx_2 = 2
random_idx_1 = 0, random_idx_2 = 7

iteration: 28
best: [1000.0, 1000.0, 1000.0, 1000.0, 1000.0, 1000.0, 1000.0, 1000.0, 1000.0, 1000.0, 1000.0, 1000.0, 1000.0, 51.33]
time: [6.2, 8.04, 11.6, 15.3, 21.93, 25.6, 38.21, 41.87, 43.94, 46.76, 48.4, 50.82, 1000, 1000]
current_hyper_parameter
v: [12.0, 25.36, 12.0, 12.0, 28.58, 33.72, 27.19, 20.26, 12.0, 12.0, 12.0, 12.0, 31.62, 12.0]
a: [121.73, 67.02, 103.35, 50.0, 50.0, 50.0, 50.0, 50.0, 50.0, 50.0, 141.44, 143.24, 50.0, 50.0]
d: [3.5, 3.5, 5.47, 3.5, 3.5, 3.5, 3.5, 3.5, 3.5, 3.5, 3.5, 3.5, 3.5, 2.0]
BEST_hyper_parameter
v: [12.0, 25.36, 12.0, 12.0, 28.58, 33.72, 27.19, 12.0, 12.0, 12.0, 12.0, 12.0, 31.62, 12.0]
a: [121.73, 67.02, 103.35, 50.0, 50.0, 50.0, 50.0, 50.0, 50.0, 50.0, 141.44, 143.24, 50.0, 50.0]
d: [3.5, 3.5, 3.5, 3.5, 3.5, 3.5, 3.5, 3.5, 3.5, 3.5, 3.5, 3.5, 3.5, 2.0]
random_idx_1 = 1, random_idx_2 = 7
random_idx_1 = 1, random_idx_2 = 10

iteration: 29
best: [1000.0, 1000.0, 1000.0, 1000.0, 1000.0, 1000.0, 1000.0, 1000.0, 1000.0, 1000.0, 1000.0, 1000.0, 1000.0, 51.33]
time: [6.21, 8.03, 11.6, 15.19, 18.6, 22.71, 35.22, 38.81, 40.82, 43.5, 45.31, 47.8, 50.42, 52.35]
current_hyper_parameter
v: [12.0, 25.36, 12.0, 12.0, 28.58, 33.72, 27.19, 12.0, 12.0, 12.0, 12.0, 12.0, 31.62, 12.0]
a: [121.73, 67.02, 103.35, 50.0, 50.0, 50.0, 50.0, 95.54, 50.0, 50.0, 94.11, 143.24, 50.0, 50.0]
d: [3.5, 3.5, 3.5, 3.5, 3.5, 3.5, 3.5, 3.5, 3.5, 3.5, 3.5, 3.5, 3.5, 2.0]
BEST_hyper_parameter
v: [12.0, 25.36, 12.0, 12.0, 28.58, 33.72, 27.19, 12.0, 12.0, 12.0, 12.0, 12.0, 31.62, 12.0]
a: [121.73, 67.02, 103.35, 50.0, 50.0, 50.0, 50.0, 50.0, 50.0, 50.0, 141.44, 143.24, 50.0, 50.0]
d: [3.5, 3.5, 3.5, 3.5, 3.5, 3.5, 3.5, 3.5, 3.5, 3.5, 3.5, 3.5, 3.5, 2.0]
random_idx_1 = 1, random_idx_2 = 6
random_idx_1 = 2, random_idx_2 = 13

iteration: 30
best: [1000.0, 1000.0, 1000.0, 1000.0, 1000.0, 1000.0, 1000.0, 1000.0, 1000.0, 1000.0, 1000.0, 1000.0, 1000.0, 51.33]
time: [6.21, 8.05, 11.58, 15.01, 18.63, 22.74, 34.01, 41.41, 45.21, 47.83, 49.63, 51.62, 57.09, 1000]
current_hyper_parameter
v: [12.0, 25.36, 12.0, 12.0, 28.58, 33.72, 27.19, 12.0, 12.0, 12.0, 12.0, 12.0, 31.62, 12.0]
a: [121.73, 67.02, 103.35, 50.0, 50.0, 50.0, 79.67, 50.0, 50.0, 50.0, 141.44, 143.24, 50.0, 50.0]
d: [3.5, 3.5, 3.5, 3.5, 3.5, 3.5, 3.5, 3.5, 3.5, 3.5, 3.5, 3.5, 3.5, 2.0]
BEST_hyper_parameter
v: [12.0, 25.36, 12.0, 12.0, 28.58, 33.72, 27.19, 12.0, 12.0, 12.0, 12.0, 12.0, 31.62, 12.0]
a: [121.73, 67.02, 103.35, 50.0, 50.0, 50.0, 50.0, 50.0, 50.0, 50.0, 141.44, 143.24, 50.0, 50.0]
d: [3.5, 3.5, 3.5, 3.5, 3.5, 3.5, 3.5, 3.5, 3.5, 3.5, 3.5, 3.5, 3.5, 2.0]
random_idx_1 = 1, random_idx_2 = 0
random_idx_1 = 1, random_idx_2 = 9

iteration: 31
best: [1000.0, 1000.0, 1000.0, 1000.0, 1000.0, 1000.0, 1000.0, 1000.0, 1000.0, 1000.0, 1000.0, 1000.0, 1000.0, 51.33]
time: [6.1, 7.91, 11.57, 15.27, 21.79, 25.72, 38.23, 42.14, 44.28, 46.59, 1000, 1000, 1000, 1000]
current_hyper_parameter
v: [12.0, 25.36, 12.0, 12.0, 28.58, 33.72, 27.19, 12.0, 12.0, 12.0, 12.0, 12.0, 31.62, 12.0]
a: [132.03, 67.02, 103.35, 50.0, 50.0, 50.0, 50.0, 50.0, 50.0, 109.38, 141.44, 143.24, 50.0, 50.0]
d: [3.5, 3.5, 3.5, 3.5, 3.5, 3.5, 3.5, 3.5, 3.5, 3.5, 3.5, 3.5, 3.5, 2.0]
BEST_hyper_parameter
v: [12.0, 25.36, 12.0, 12.0, 28.58, 33.72, 27.19, 12.0, 12.0, 12.0, 12.0, 12.0, 31.62, 12.0]
a: [121.73, 67.02, 103.35, 50.0, 50.0, 50.0, 50.0, 50.0, 50.0, 50.0, 141.44, 143.24, 50.0, 50.0]
d: [3.5, 3.5, 3.5, 3.5, 3.5, 3.5, 3.5, 3.5, 3.5, 3.5, 3.5, 3.5, 3.5, 2.0]
random_idx_1 = 0, random_idx_2 = 6
random_idx_1 = 2, random_idx_2 = 1

iteration: 32
best: [1000.0, 1000.0, 1000.0, 1000.0, 1000.0, 1000.0, 1000.0, 1000.0, 1000.0, 1000.0, 1000.0, 1000.0, 1000.0, 51.33]
time: [6.21, 8.04, 11.64, 15.25, 18.65, 22.77, 36.7, 40.6, 42.68, 45.27, 46.76, 49.24, 52.0, 1000]
current_hyper_parameter
v: [12.0, 25.36, 12.0, 12.0, 28.58, 33.72, 21.23, 12.0, 12.0, 12.0, 12.0, 12.0, 31.62, 12.0]
a: [121.73, 67.02, 103.35, 50.0, 50.0, 50.0, 50.0, 50.0, 50.0, 50.0, 141.44, 143.24, 50.0, 50.0]
d: [3.5, 3.5, 3.5, 3.5, 3.5, 3.5, 3.5, 3.5, 3.5, 3.5, 3.5, 3.5, 3.5, 2.0]
BEST_hyper_parameter
v: [12.0, 25.36, 12.0, 12.0, 28.58, 33.72, 27.19, 12.0, 12.0, 12.0, 12.0, 12.0, 31.62, 12.0]
a: [121.73, 67.02, 103.35, 50.0, 50.0, 50.0, 50.0, 50.0, 50.0, 50.0, 141.44, 143.24, 50.0, 50.0]
d: [3.5, 3.5, 3.5, 3.5, 3.5, 3.5, 3.5, 3.5, 3.5, 3.5, 3.5, 3.5, 3.5, 2.0]
random_idx_1 = 1, random_idx_2 = 0
random_idx_1 = 0, random_idx_2 = 3

iteration: 33
best: [1000.0, 1000.0, 1000.0, 1000.0, 1000.0, 1000.0, 1000.0, 1000.0, 1000.0, 1000.0, 1000.0, 1000.0, 1000.0, 51.33]
time: [6.26, 8.13, 11.67, 14.92, 18.54, 22.75, 35.33, 39.03, 41.2, 44.1, 45.7, 48.56, 1000, 1000]
current_hyper_parameter
v: [12.0, 25.36, 12.0, 21.32, 28.58, 33.72, 27.19, 12.0, 12.0, 12.0, 12.0, 12.0, 31.62, 12.0]
a: [99.21, 67.02, 103.35, 50.0, 50.0, 50.0, 50.0, 50.0, 50.0, 50.0, 141.44, 143.24, 50.0, 50.0]
d: [3.5, 3.5, 3.5, 3.5, 3.5, 3.5, 3.5, 3.5, 3.5, 3.5, 3.5, 3.5, 3.5, 2.0]
BEST_hyper_parameter
v: [12.0, 25.36, 12.0, 12.0, 28.58, 33.72, 27.19, 12.0, 12.0, 12.0, 12.0, 12.0, 31.62, 12.0]
a: [121.73, 67.02, 103.35, 50.0, 50.0, 50.0, 50.0, 50.0, 50.0, 50.0, 141.44, 143.24, 50.0, 50.0]
d: [3.5, 3.5, 3.5, 3.5, 3.5, 3.5, 3.5, 3.5, 3.5, 3.5, 3.5, 3.5, 3.5, 2.0]
random_idx_1 = 0, random_idx_2 = 7
random_idx_1 = 1, random_idx_2 = 4

iteration: 34
best: [1000.0, 1000.0, 1000.0, 1000.0, 1000.0, 1000.0, 1000.0, 1000.0, 1000.0, 1000.0, 1000.0, 1000.0, 1000.0, 51.33]
time: [6.11, 7.93, 11.53, 15.0, 24.31, 28.11, 40.8, 44.64, 47.27, 49.96, 55.13, 1000, 1000, 1000]
current_hyper_parameter
v: [12.0, 25.36, 12.0, 12.0, 28.58, 33.72, 27.19, 9.88, 12.0, 12.0, 12.0, 12.0, 31.62, 12.0]
a: [121.73, 67.02, 103.35, 50.0, 68.68, 50.0, 50.0, 50.0, 50.0, 50.0, 141.44, 143.24, 50.0, 50.0]
d: [3.5, 3.5, 3.5, 3.5, 3.5, 3.5, 3.5, 3.5, 3.5, 3.5, 3.5, 3.5, 3.5, 2.0]
BEST_hyper_parameter
v: [12.0, 25.36, 12.0, 12.0, 28.58, 33.72, 27.19, 12.0, 12.0, 12.0, 12.0, 12.0, 31.62, 12.0]
a: [121.73, 67.02, 103.35, 50.0, 50.0, 50.0, 50.0, 50.0, 50.0, 50.0, 141.44, 143.24, 50.0, 50.0]
d: [3.5, 3.5, 3.5, 3.5, 3.5, 3.5, 3.5, 3.5, 3.5, 3.5, 3.5, 3.5, 3.5, 2.0]
random_idx_1 = 2, random_idx_2 = 11
random_idx_1 = 1, random_idx_2 = 5

iteration: 35
best: [1000.0, 1000.0, 1000.0, 1000.0, 1000.0, 1000.0, 1000.0, 1000.0, 1000.0, 1000.0, 1000.0, 1000.0, 1000.0, 51.33]
time: [6.2, 8.04, 11.6, 15.21, 18.71, 21.21, 32.27, 35.94, 38.19, 41.03, 42.55, 44.78, 47.38, 49.28]
current_hyper_parameter
v: [12.0, 25.36, 12.0, 12.0, 28.58, 33.72, 27.19, 12.0, 12.0, 12.0, 12.0, 12.0, 31.62, 12.0]
a: [121.73, 67.02, 103.35, 50.0, 50.0, 152.89, 50.0, 50.0, 50.0, 50.0, 141.44, 143.24, 50.0, 50.0]
d: [3.5, 3.5, 3.5, 3.5, 3.5, 3.5, 3.5, 3.5, 3.5, 3.5, 3.5, 3.5, 3.5, 2.0]
BEST_hyper_parameter
v: [12.0, 25.36, 12.0, 12.0, 28.58, 33.72, 27.19, 12.0, 12.0, 12.0, 12.0, 12.0, 31.62, 12.0]
a: [121.73, 67.02, 103.35, 50.0, 50.0, 50.0, 50.0, 50.0, 50.0, 50.0, 141.44, 143.24, 50.0, 50.0]
d: [3.5, 3.5, 3.5, 3.5, 3.5, 3.5, 3.5, 3.5, 3.5, 3.5, 3.5, 3.5, 3.5, 2.0]
random_idx_1 = 0, random_idx_2 = 0
random_idx_1 = 2, random_idx_2 = 2

iteration: 36
best: [1000.0, 1000.0, 1000.0, 1000.0, 1000.0, 1000.0, 1000.0, 1000.0, 1000.0, 1000.0, 1000.0, 1000.0, 1000.0, 49.28]
time: [5.71, 7.28, 10.81, 14.34, 20.86, 23.23, 34.14, 37.82, 39.91, 42.56, 44.16, 46.99, 1000, 1000]
current_hyper_parameter
v: [33.92, 25.36, 12.0, 12.0, 28.58, 33.72, 27.19, 12.0, 12.0, 12.0, 12.0, 12.0, 31.62, 12.0]
a: [121.73, 67.02, 103.35, 50.0, 50.0, 152.89, 50.0, 50.0, 50.0, 50.0, 141.44, 143.24, 50.0, 50.0]
d: [3.5, 3.5, 4.59, 3.5, 3.5, 3.5, 3.5, 3.5, 3.5, 3.5, 3.5, 3.5, 3.5, 2.0]
BEST_hyper_parameter
v: [12.0, 25.36, 12.0, 12.0, 28.58, 33.72, 27.19, 12.0, 12.0, 12.0, 12.0, 12.0, 31.62, 12.0]
a: [121.73, 67.02, 103.35, 50.0, 50.0, 152.89, 50.0, 50.0, 50.0, 50.0, 141.44, 143.24, 50.0, 50.0]
d: [3.5, 3.5, 3.5, 3.5, 3.5, 3.5, 3.5, 3.5, 3.5, 3.5, 3.5, 3.5, 3.5, 2.0]
random_idx_1 = 2, random_idx_2 = 9
random_idx_1 = 2, random_idx_2 = 2

iteration: 37
best: [1000.0, 1000.0, 1000.0, 1000.0, 1000.0, 1000.0, 1000.0, 1000.0, 1000.0, 1000.0, 1000.0, 1000.0, 1000.0, 49.28]
time: [6.19, 8.04, 11.56, 14.91, 18.56, 21.33, 32.05, 35.86, 38.04, 40.62, 42.08, 44.64, 47.34, 49.3]
current_hyper_parameter
v: [12.0, 25.36, 12.0, 12.0, 28.58, 33.72, 27.19, 12.0, 12.0, 12.0, 12.0, 12.0, 31.62, 12.0]
a: [121.73, 67.02, 103.35, 50.0, 50.0, 152.89, 50.0, 50.0, 50.0, 50.0, 141.44, 143.24, 50.0, 50.0]
d: [3.5, 3.5, 6.49, 3.5, 3.5, 3.5, 3.5, 3.5, 3.5, 3.5, 3.5, 3.5, 3.5, 2.0]
BEST_hyper_parameter
v: [12.0, 25.36, 12.0, 12.0, 28.58, 33.72, 27.19, 12.0, 12.0, 12.0, 12.0, 12.0, 31.62, 12.0]
a: [121.73, 67.02, 103.35, 50.0, 50.0, 152.89, 50.0, 50.0, 50.0, 50.0, 141.44, 143.24, 50.0, 50.0]
d: [3.5, 3.5, 3.5, 3.5, 3.5, 3.5, 3.5, 3.5, 3.5, 3.5, 3.5, 3.5, 3.5, 2.0]
random_idx_1 = 0, random_idx_2 = 0
random_idx_1 = 1, random_idx_2 = 9

iteration: 38
best: [1000.0, 1000.0, 1000.0, 1000.0, 1000.0, 1000.0, 1000.0, 1000.0, 1000.0, 1000.0, 1000.0, 1000.0, 1000.0, 49.28]
time: [5.75, 7.38, 10.85, 14.36, 20.93, 23.19, 34.44, 39.34, 41.64, 43.88, 45.72, 48.11, 1000, 1000]
current_hyper_parameter
v: [25.73, 25.36, 12.0, 12.0, 28.58, 33.72, 27.19, 12.0, 12.0, 12.0, 12.0, 12.0, 31.62, 12.0]
a: [121.73, 67.02, 103.35, 50.0, 50.0, 152.89, 50.0, 50.0, 50.0, 145.64, 141.44, 143.24, 50.0, 50.0]
d: [3.5, 3.5, 3.5, 3.5, 3.5, 3.5, 3.5, 3.5, 3.5, 3.5, 3.5, 3.5, 3.5, 2.0]
BEST_hyper_parameter
v: [12.0, 25.36, 12.0, 12.0, 28.58, 33.72, 27.19, 12.0, 12.0, 12.0, 12.0, 12.0, 31.62, 12.0]
a: [121.73, 67.02, 103.35, 50.0, 50.0, 152.89, 50.0, 50.0, 50.0, 50.0, 141.44, 143.24, 50.0, 50.0]
d: [3.5, 3.5, 3.5, 3.5, 3.5, 3.5, 3.5, 3.5, 3.5, 3.5, 3.5, 3.5, 3.5, 2.0]
random_idx_1 = 1, random_idx_2 = 4
random_idx_1 = 1, random_idx_2 = 10

iteration: 39
best: [1000.0, 1000.0, 1000.0, 1000.0, 1000.0, 1000.0, 1000.0, 1000.0, 1000.0, 1000.0, 1000.0, 1000.0, 1000.0, 49.28]
time: [6.21, 8.02, 11.6, 15.19, 19.72, 22.2, 33.45, 37.83, 40.06, 42.69, 44.26, 46.82, 52.72, 1000]
current_hyper_parameter
v: [12.0, 25.36, 12.0, 12.0, 28.58, 33.72, 27.19, 12.0, 12.0, 12.0, 12.0, 12.0, 31.62, 12.0]
a: [121.73, 67.02, 103.35, 50.0, 30.89, 152.89, 50.0, 50.0, 50.0, 50.0, 131.3, 143.24, 50.0, 50.0]
d: [3.5, 3.5, 3.5, 3.5, 3.5, 3.5, 3.5, 3.5, 3.5, 3.5, 3.5, 3.5, 3.5, 2.0]
BEST_hyper_parameter
v: [12.0, 25.36, 12.0, 12.0, 28.58, 33.72, 27.19, 12.0, 12.0, 12.0, 12.0, 12.0, 31.62, 12.0]
a: [121.73, 67.02, 103.35, 50.0, 50.0, 152.89, 50.0, 50.0, 50.0, 50.0, 141.44, 143.24, 50.0, 50.0]
d: [3.5, 3.5, 3.5, 3.5, 3.5, 3.5, 3.5, 3.5, 3.5, 3.5, 3.5, 3.5, 3.5, 2.0]
random_idx_1 = 0, random_idx_2 = 9
random_idx_1 = 0, random_idx_2 = 8

iteration: 40
best: [1000.0, 1000.0, 1000.0, 1000.0, 1000.0, 1000.0, 1000.0, 1000.0, 1000.0, 1000.0, 1000.0, 1000.0, 1000.0, 49.28]
time: [6.2, 8.04, 11.62, 15.24, 18.65, 21.43, 31.86, 35.47, 37.5, 39.8, 41.55, 43.72, 46.47, 48.23]
current_hyper_parameter
v: [12.0, 25.36, 12.0, 12.0, 28.58, 33.72, 27.19, 12.0, 14.75, 29.09, 12.0, 12.0, 31.62, 12.0]
a: [121.73, 67.02, 103.35, 50.0, 50.0, 152.89, 50.0, 50.0, 50.0, 50.0, 141.44, 143.24, 50.0, 50.0]
d: [3.5, 3.5, 3.5, 3.5, 3.5, 3.5, 3.5, 3.5, 3.5, 3.5, 3.5, 3.5, 3.5, 2.0]
BEST_hyper_parameter
v: [12.0, 25.36, 12.0, 12.0, 28.58, 33.72, 27.19, 12.0, 12.0, 12.0, 12.0, 12.0, 31.62, 12.0]
a: [121.73, 67.02, 103.35, 50.0, 50.0, 152.89, 50.0, 50.0, 50.0, 50.0, 141.44, 143.24, 50.0, 50.0]
d: [3.5, 3.5, 3.5, 3.5, 3.5, 3.5, 3.5, 3.5, 3.5, 3.5, 3.5, 3.5, 3.5, 2.0]
random_idx_1 = 1, random_idx_2 = 4
random_idx_1 = 1, random_idx_2 = 1

iteration: 41
best: [1000.0, 1000.0, 1000.0, 1000.0, 1000.0, 1000.0, 1000.0, 1000.0, 1000.0, 1000.0, 1000.0, 1000.0, 1000.0, 48.23]
time: [6.05, 8.0, 11.75, 15.24, 17.78, 21.2, 32.23, 35.89, 37.96, 40.34, 42.08, 44.2, 46.95, 48.69]
current_hyper_parameter
v: [12.0, 25.36, 12.0, 12.0, 28.58, 33.72, 27.19, 12.0, 14.75, 29.09, 12.0, 12.0, 31.62, 12.0]
a: [121.73, 54.15, 103.35, 50.0, 104.23, 152.89, 50.0, 50.0, 50.0, 50.0, 141.44, 143.24, 50.0, 50.0]
d: [3.5, 3.5, 3.5, 3.5, 3.5, 3.5, 3.5, 3.5, 3.5, 3.5, 3.5, 3.5, 3.5, 2.0]
BEST_hyper_parameter
v: [12.0, 25.36, 12.0, 12.0, 28.58, 33.72, 27.19, 12.0, 14.75, 29.09, 12.0, 12.0, 31.62, 12.0]
a: [121.73, 67.02, 103.35, 50.0, 50.0, 152.89, 50.0, 50.0, 50.0, 50.0, 141.44, 143.24, 50.0, 50.0]
d: [3.5, 3.5, 3.5, 3.5, 3.5, 3.5, 3.5, 3.5, 3.5, 3.5, 3.5, 3.5, 3.5, 2.0]
random_idx_1 = 0, random_idx_2 = 12
random_idx_1 = 0, random_idx_2 = 1

iteration: 42
best: [1000.0, 1000.0, 1000.0, 1000.0, 1000.0, 1000.0, 1000.0, 1000.0, 1000.0, 1000.0, 1000.0, 1000.0, 1000.0, 48.23]
time: [6.21, 8.03, 11.56, 15.21, 21.75, 24.16, 35.74, 39.4, 41.47, 43.87, 45.57, 47.76, 1000, 1000]
current_hyper_parameter
v: [12.0, 32.44, 12.0, 12.0, 28.58, 33.72, 27.19, 12.0, 14.75, 29.09, 12.0, 12.0, 16.53, 12.0]
a: [121.73, 67.02, 103.35, 50.0, 50.0, 152.89, 50.0, 50.0, 50.0, 50.0, 141.44, 143.24, 50.0, 50.0]
d: [3.5, 3.5, 3.5, 3.5, 3.5, 3.5, 3.5, 3.5, 3.5, 3.5, 3.5, 3.5, 3.5, 2.0]
BEST_hyper_parameter
v: [12.0, 25.36, 12.0, 12.0, 28.58, 33.72, 27.19, 12.0, 14.75, 29.09, 12.0, 12.0, 31.62, 12.0]
a: [121.73, 67.02, 103.35, 50.0, 50.0, 152.89, 50.0, 50.0, 50.0, 50.0, 141.44, 143.24, 50.0, 50.0]
d: [3.5, 3.5, 3.5, 3.5, 3.5, 3.5, 3.5, 3.5, 3.5, 3.5, 3.5, 3.5, 3.5, 2.0]
random_idx_1 = 2, random_idx_2 = 4
random_idx_1 = 1, random_idx_2 = 5

iteration: 43
best: [1000.0, 1000.0, 1000.0, 1000.0, 1000.0, 1000.0, 1000.0, 1000.0, 1000.0, 1000.0, 1000.0, 1000.0, 1000.0, 48.23]
time: [6.21, 8.05, 11.61, 15.23, 1000, 1000, 1000, 1000, 1000, 1000, 1000, 1000, 1000, 1000]
current_hyper_parameter
v: [12.0, 25.36, 12.0, 12.0, 28.58, 33.72, 27.19, 12.0, 14.75, 29.09, 12.0, 12.0, 31.62, 12.0]
a: [121.73, 67.02, 103.35, 50.0, 50.0, 20.35, 50.0, 50.0, 50.0, 50.0, 141.44, 143.24, 50.0, 50.0]
d: [3.5, 3.5, 3.5, 3.5, 3.5, 3.5, 3.5, 3.5, 3.5, 3.5, 3.5, 3.5, 3.5, 2.0]
BEST_hyper_parameter
v: [12.0, 25.36, 12.0, 12.0, 28.58, 33.72, 27.19, 12.0, 14.75, 29.09, 12.0, 12.0, 31.62, 12.0]
a: [121.73, 67.02, 103.35, 50.0, 50.0, 152.89, 50.0, 50.0, 50.0, 50.0, 141.44, 143.24, 50.0, 50.0]
d: [3.5, 3.5, 3.5, 3.5, 3.5, 3.5, 3.5, 3.5, 3.5, 3.5, 3.5, 3.5, 3.5, 2.0]
random_idx_1 = 2, random_idx_2 = 10
random_idx_1 = 0, random_idx_2 = 2

iteration: 44
best: [1000.0, 1000.0, 1000.0, 1000.0, 1000.0, 1000.0, 1000.0, 1000.0, 1000.0, 1000.0, 1000.0, 1000.0, 1000.0, 48.23]
time: [6.2, 8.05, 11.9, 15.65, 19.09, 21.88, 32.71, 36.42, 38.47, 40.84, 42.56, 44.58, 47.26, 49.21]
current_hyper_parameter
v: [12.0, 25.36, 9.65, 12.0, 28.58, 33.72, 27.19, 12.0, 14.75, 29.09, 12.0, 12.0, 31.62, 12.0]
a: [121.73, 67.02, 103.35, 50.0, 50.0, 152.89, 50.0, 50.0, 50.0, 50.0, 141.44, 143.24, 50.0, 50.0]
d: [3.5, 3.5, 3.5, 3.5, 3.5, 3.5, 3.5, 3.5, 3.5, 3.5, 3.5, 3.5, 3.5, 2.0]
BEST_hyper_parameter
v: [12.0, 25.36, 12.0, 12.0, 28.58, 33.72, 27.19, 12.0, 14.75, 29.09, 12.0, 12.0, 31.62, 12.0]
a: [121.73, 67.02, 103.35, 50.0, 50.0, 152.89, 50.0, 50.0, 50.0, 50.0, 141.44, 143.24, 50.0, 50.0]
d: [3.5, 3.5, 3.5, 3.5, 3.5, 3.5, 3.5, 3.5, 3.5, 3.5, 3.5, 3.5, 3.5, 2.0]
random_idx_1 = 2, random_idx_2 = 13
random_idx_1 = 1, random_idx_2 = 5

iteration: 45
best: [1000.0, 1000.0, 1000.0, 1000.0, 1000.0, 1000.0, 1000.0, 1000.0, 1000.0, 1000.0, 1000.0, 1000.0, 1000.0, 48.23]
time: [6.19, 8.02, 11.55, 14.97, 18.57, 21.3, 32.26, 35.91, 37.95, 40.25, 41.92, 44.06, 46.73, 48.88]
current_hyper_parameter
v: [12.0, 25.36, 12.0, 12.0, 28.58, 33.72, 27.19, 12.0, 14.75, 29.09, 12.0, 12.0, 31.62, 12.0]
a: [121.73, 67.02, 103.35, 50.0, 50.0, 145.97, 50.0, 50.0, 50.0, 50.0, 141.44, 143.24, 50.0, 50.0]
d: [3.5, 3.5, 3.5, 3.5, 3.5, 3.5, 3.5, 3.5, 3.5, 3.5, 3.5, 3.5, 3.5, 2.0]
BEST_hyper_parameter
v: [12.0, 25.36, 12.0, 12.0, 28.58, 33.72, 27.19, 12.0, 14.75, 29.09, 12.0, 12.0, 31.62, 12.0]
a: [121.73, 67.02, 103.35, 50.0, 50.0, 152.89, 50.0, 50.0, 50.0, 50.0, 141.44, 143.24, 50.0, 50.0]
d: [3.5, 3.5, 3.5, 3.5, 3.5, 3.5, 3.5, 3.5, 3.5, 3.5, 3.5, 3.5, 3.5, 2.0]
random_idx_1 = 0, random_idx_2 = 7
random_idx_1 = 2, random_idx_2 = 11

iteration: 46
best: [1000.0, 1000.0, 1000.0, 1000.0, 1000.0, 1000.0, 1000.0, 1000.0, 1000.0, 1000.0, 1000.0, 1000.0, 1000.0, 48.23]
time: [6.21, 8.04, 11.61, 15.22, 18.56, 21.38, 32.07, 35.8, 37.88, 40.34, 42.08, 44.26, 47.01, 48.77]
current_hyper_parameter
v: [12.0, 25.36, 12.0, 12.0, 28.58, 33.72, 27.19, 28.07, 14.75, 29.09, 12.0, 12.0, 31.62, 12.0]
a: [121.73, 67.02, 103.35, 50.0, 50.0, 152.89, 50.0, 50.0, 50.0, 50.0, 141.44, 143.24, 50.0, 50.0]
d: [3.5, 3.5, 3.5, 3.5, 3.5, 3.5, 3.5, 3.5, 3.5, 3.5, 3.5, 3.5, 3.5, 2.0]
BEST_hyper_parameter
v: [12.0, 25.36, 12.0, 12.0, 28.58, 33.72, 27.19, 12.0, 14.75, 29.09, 12.0, 12.0, 31.62, 12.0]
a: [121.73, 67.02, 103.35, 50.0, 50.0, 152.89, 50.0, 50.0, 50.0, 50.0, 141.44, 143.24, 50.0, 50.0]
d: [3.5, 3.5, 3.5, 3.5, 3.5, 3.5, 3.5, 3.5, 3.5, 3.5, 3.5, 3.5, 3.5, 2.0]
random_idx_1 = 0, random_idx_2 = 12
random_idx_1 = 2, random_idx_2 = 7

iteration: 47
best: [1000.0, 1000.0, 1000.0, 1000.0, 1000.0, 1000.0, 1000.0, 1000.0, 1000.0, 1000.0, 1000.0, 1000.0, 1000.0, 48.23]
time: [6.21, 8.04, 11.6, 15.2, 21.72, 24.22, 35.29, 38.91, 41.06, 43.41, 48.84, 1000, 1000, 1000]
current_hyper_parameter
v: [12.0, 25.36, 12.0, 12.0, 28.58, 33.72, 27.19, 12.0, 14.75, 29.09, 12.0, 12.0, 22.84, 12.0]
a: [121.73, 67.02, 103.35, 50.0, 50.0, 152.89, 50.0, 50.0, 50.0, 50.0, 141.44, 143.24, 50.0, 50.0]
d: [3.5, 3.5, 3.5, 3.5, 3.5, 3.5, 3.5, 3.5, 3.5, 3.5, 3.5, 3.5, 3.5, 2.0]
BEST_hyper_parameter
v: [12.0, 25.36, 12.0, 12.0, 28.58, 33.72, 27.19, 12.0, 14.75, 29.09, 12.0, 12.0, 31.62, 12.0]
a: [121.73, 67.02, 103.35, 50.0, 50.0, 152.89, 50.0, 50.0, 50.0, 50.0, 141.44, 143.24, 50.0, 50.0]
d: [3.5, 3.5, 3.5, 3.5, 3.5, 3.5, 3.5, 3.5, 3.5, 3.5, 3.5, 3.5, 3.5, 2.0]
random_idx_1 = 0, random_idx_2 = 4
random_idx_1 = 2, random_idx_2 = 2

iteration: 48
best: [1000.0, 1000.0, 1000.0, 1000.0, 1000.0, 1000.0, 1000.0, 1000.0, 1000.0, 1000.0, 1000.0, 1000.0, 1000.0, 48.23]
time: [6.21, 8.04, 11.59, 15.01, 18.61, 21.32, 32.16, 35.87, 37.93, 40.29, 42.13, 44.24, 46.71, 48.24]
current_hyper_parameter
v: [12.0, 25.36, 12.0, 12.0, 20.85, 33.72, 27.19, 12.0, 14.75, 29.09, 12.0, 12.0, 31.62, 12.0]
a: [121.73, 67.02, 103.35, 50.0, 50.0, 152.89, 50.0, 50.0, 50.0, 50.0, 141.44, 143.24, 50.0, 50.0]
d: [3.5, 3.5, 3.99, 3.5, 3.5, 3.5, 3.5, 3.5, 3.5, 3.5, 3.5, 3.5, 3.5, 2.0]
BEST_hyper_parameter
v: [12.0, 25.36, 12.0, 12.0, 28.58, 33.72, 27.19, 12.0, 14.75, 29.09, 12.0, 12.0, 31.62, 12.0]
a: [121.73, 67.02, 103.35, 50.0, 50.0, 152.89, 50.0, 50.0, 50.0, 50.0, 141.44, 143.24, 50.0, 50.0]
d: [3.5, 3.5, 3.5, 3.5, 3.5, 3.5, 3.5, 3.5, 3.5, 3.5, 3.5, 3.5, 3.5, 2.0]
random_idx_1 = 2, random_idx_2 = 7
random_idx_1 = 0, random_idx_2 = 13

iteration: 49
best: [1000.0, 1000.0, 1000.0, 1000.0, 1000.0, 1000.0, 1000.0, 1000.0, 1000.0, 1000.0, 1000.0, 1000.0, 1000.0, 48.23]
time: [6.2, 8.03, 11.54, 14.97, 18.59, 21.27, 32.27, 35.81, 37.84, 40.29, 42.02, 44.17, 46.91, 51.26]
current_hyper_parameter
v: [12.0, 25.36, 12.0, 12.0, 28.58, 33.72, 27.19, 12.0, 14.75, 29.09, 12.0, 12.0, 31.62, 15.51]
a: [121.73, 67.02, 103.35, 50.0, 50.0, 152.89, 50.0, 50.0, 50.0, 50.0, 141.44, 143.24, 50.0, 50.0]
d: [3.5, 3.5, 3.5, 3.5, 3.5, 3.5, 3.5, 3.5, 3.5, 3.5, 3.5, 3.5, 3.5, 2.0]
BEST_hyper_parameter
v: [12.0, 25.36, 12.0, 12.0, 28.58, 33.72, 27.19, 12.0, 14.75, 29.09, 12.0, 12.0, 31.62, 12.0]
a: [121.73, 67.02, 103.35, 50.0, 50.0, 152.89, 50.0, 50.0, 50.0, 50.0, 141.44, 143.24, 50.0, 50.0]
d: [3.5, 3.5, 3.5, 3.5, 3.5, 3.5, 3.5, 3.5, 3.5, 3.5, 3.5, 3.5, 3.5, 2.0]
random_idx_1 = 0, random_idx_2 = 11
random_idx_1 = 2, random_idx_2 = 6

iteration: 50
best: [1000.0, 1000.0, 1000.0, 1000.0, 1000.0, 1000.0, 1000.0, 1000.0, 1000.0, 1000.0, 1000.0, 1000.0, 1000.0, 48.23]
time: [6.21, 8.03, 11.61, 15.22, 18.64, 21.43, 31.82, 35.32, 37.42, 39.81, 41.52, 43.14, 46.53, 48.55]
current_hyper_parameter
v: [12.0, 25.36, 12.0, 12.0, 28.58, 33.72, 27.19, 12.0, 14.75, 29.09, 12.0, 23.77, 31.62, 12.0]
a: [121.73, 67.02, 103.35, 50.0, 50.0, 152.89, 50.0, 50.0, 50.0, 50.0, 141.44, 143.24, 50.0, 50.0]
d: [3.5, 3.5, 3.5, 3.5, 3.5, 3.5, 3.5, 3.5, 3.5, 3.5, 3.5, 3.5, 3.5, 2.0]
BEST_hyper_parameter
v: [12.0, 25.36, 12.0, 12.0, 28.58, 33.72, 27.19, 12.0, 14.75, 29.09, 12.0, 12.0, 31.62, 12.0]
a: [121.73, 67.02, 103.35, 50.0, 50.0, 152.89, 50.0, 50.0, 50.0, 50.0, 141.44, 143.24, 50.0, 50.0]
d: [3.5, 3.5, 3.5, 3.5, 3.5, 3.5, 3.5, 3.5, 3.5, 3.5, 3.5, 3.5, 3.5, 2.0]
random_idx_1 = 0, random_idx_2 = 9
random_idx_1 = 0, random_idx_2 = 3

iteration: 51
best: [1000.0, 1000.0, 1000.0, 1000.0, 1000.0, 1000.0, 1000.0, 1000.0, 1000.0, 1000.0, 1000.0, 1000.0, 1000.0, 48.23]
time: [6.21, 8.05, 11.64, 15.04, 21.71, 24.25, 35.5, 40.35, 42.6, 45.13, 54.27, 1000, 1000, 1000]
current_hyper_parameter
v: [12.0, 25.36, 12.0, 19.82, 28.58, 33.72, 27.19, 12.0, 14.75, 12.93, 12.0, 12.0, 31.62, 12.0]
a: [121.73, 67.02, 103.35, 50.0, 50.0, 152.89, 50.0, 50.0, 50.0, 50.0, 141.44, 143.24, 50.0, 50.0]
d: [3.5, 3.5, 3.5, 3.5, 3.5, 3.5, 3.5, 3.5, 3.5, 3.5, 3.5, 3.5, 3.5, 2.0]
BEST_hyper_parameter
v: [12.0, 25.36, 12.0, 12.0, 28.58, 33.72, 27.19, 12.0, 14.75, 29.09, 12.0, 12.0, 31.62, 12.0]
a: [121.73, 67.02, 103.35, 50.0, 50.0, 152.89, 50.0, 50.0, 50.0, 50.0, 141.44, 143.24, 50.0, 50.0]
d: [3.5, 3.5, 3.5, 3.5, 3.5, 3.5, 3.5, 3.5, 3.5, 3.5, 3.5, 3.5, 3.5, 2.0]
random_idx_1 = 1, random_idx_2 = 1
random_idx_1 = 1, random_idx_2 = 1

iteration: 52
best: [1000.0, 1000.0, 1000.0, 1000.0, 1000.0, 1000.0, 1000.0, 1000.0, 1000.0, 1000.0, 1000.0, 1000.0, 1000.0, 48.23]
time: [6.19, 7.74, 10.94, 14.36, 21.14, 23.64, 35.19, 39.01, 41.15, 43.41, 45.22, 47.43, 1000, 1000]
current_hyper_parameter
v: [12.0, 25.36, 12.0, 12.0, 28.58, 33.72, 27.19, 12.0, 14.75, 29.09, 12.0, 12.0, 31.62, 12.0]
a: [121.73, 104.93, 103.35, 50.0, 50.0, 152.89, 50.0, 50.0, 50.0, 50.0, 141.44, 143.24, 50.0, 50.0]
d: [3.5, 3.5, 3.5, 3.5, 3.5, 3.5, 3.5, 3.5, 3.5, 3.5, 3.5, 3.5, 3.5, 2.0]
BEST_hyper_parameter
v: [12.0, 25.36, 12.0, 12.0, 28.58, 33.72, 27.19, 12.0, 14.75, 29.09, 12.0, 12.0, 31.62, 12.0]
a: [121.73, 67.02, 103.35, 50.0, 50.0, 152.89, 50.0, 50.0, 50.0, 50.0, 141.44, 143.24, 50.0, 50.0]
d: [3.5, 3.5, 3.5, 3.5, 3.5, 3.5, 3.5, 3.5, 3.5, 3.5, 3.5, 3.5, 3.5, 2.0]
random_idx_1 = 2, random_idx_2 = 12
random_idx_1 = 0, random_idx_2 = 1

iteration: 53
best: [1000.0, 1000.0, 1000.0, 1000.0, 1000.0, 1000.0, 1000.0, 1000.0, 1000.0, 1000.0, 1000.0, 1000.0, 1000.0, 48.23]
time: [6.2, 8.28, 12.13, 15.81, 19.41, 21.78, 32.8, 36.4, 38.38, 40.83, 42.66, 45.0, 47.79, 49.32]
current_hyper_parameter
v: [12.0, 11.82, 12.0, 12.0, 28.58, 33.72, 27.19, 12.0, 14.75, 29.09, 12.0, 12.0, 31.62, 12.0]
a: [121.73, 67.02, 103.35, 50.0, 50.0, 152.89, 50.0, 50.0, 50.0, 50.0, 141.44, 143.24, 50.0, 50.0]
d: [3.5, 3.5, 3.5, 3.5, 3.5, 3.5, 3.5, 3.5, 3.5, 3.5, 3.5, 3.5, 3.5, 2.0]
BEST_hyper_parameter
v: [12.0, 25.36, 12.0, 12.0, 28.58, 33.72, 27.19, 12.0, 14.75, 29.09, 12.0, 12.0, 31.62, 12.0]
a: [121.73, 67.02, 103.35, 50.0, 50.0, 152.89, 50.0, 50.0, 50.0, 50.0, 141.44, 143.24, 50.0, 50.0]
d: [3.5, 3.5, 3.5, 3.5, 3.5, 3.5, 3.5, 3.5, 3.5, 3.5, 3.5, 3.5, 3.5, 2.0]
random_idx_1 = 1, random_idx_2 = 9
random_idx_1 = 0, random_idx_2 = 7

iteration: 54
best: [1000.0, 1000.0, 1000.0, 1000.0, 1000.0, 1000.0, 1000.0, 1000.0, 1000.0, 1000.0, 1000.0, 1000.0, 1000.0, 48.23]
time: [6.2, 8.04, 11.63, 15.27, 21.8, 24.2, 35.09, 38.81, 40.8, 42.56, 45.55, 1000, 1000, 1000]
current_hyper_parameter
v: [12.0, 25.36, 12.0, 12.0, 28.58, 33.72, 27.19, 22.98, 14.75, 29.09, 12.0, 12.0, 31.62, 12.0]
a: [121.73, 67.02, 103.35, 50.0, 50.0, 152.89, 50.0, 50.0, 50.0, 124.52, 141.44, 143.24, 50.0, 50.0]
d: [3.5, 3.5, 3.5, 3.5, 3.5, 3.5, 3.5, 3.5, 3.5, 3.5, 3.5, 3.5, 3.5, 2.0]
BEST_hyper_parameter
v: [12.0, 25.36, 12.0, 12.0, 28.58, 33.72, 27.19, 12.0, 14.75, 29.09, 12.0, 12.0, 31.62, 12.0]
a: [121.73, 67.02, 103.35, 50.0, 50.0, 152.89, 50.0, 50.0, 50.0, 50.0, 141.44, 143.24, 50.0, 50.0]
d: [3.5, 3.5, 3.5, 3.5, 3.5, 3.5, 3.5, 3.5, 3.5, 3.5, 3.5, 3.5, 3.5, 2.0]
random_idx_1 = 2, random_idx_2 = 10
random_idx_1 = 1, random_idx_2 = 0

iteration: 55
best: [1000.0, 1000.0, 1000.0, 1000.0, 1000.0, 1000.0, 1000.0, 1000.0, 1000.0, 1000.0, 1000.0, 1000.0, 1000.0, 48.23]
time: [6.27, 8.09, 11.54, 14.96, 18.59, 21.32, 32.24, 35.95, 38.02, 40.38, 1000, 1000, 1000, 1000]
current_hyper_parameter
v: [12.0, 25.36, 12.0, 12.0, 28.58, 33.72, 27.19, 12.0, 14.75, 29.09, 12.0, 12.0, 31.62, 12.0]
a: [100.61, 67.02, 103.35, 50.0, 50.0, 152.89, 50.0, 50.0, 50.0, 50.0, 141.44, 143.24, 50.0, 50.0]
d: [3.5, 3.5, 3.5, 3.5, 3.5, 3.5, 3.5, 3.5, 3.5, 3.5, 3.5, 3.5, 3.5, 2.0]
BEST_hyper_parameter
v: [12.0, 25.36, 12.0, 12.0, 28.58, 33.72, 27.19, 12.0, 14.75, 29.09, 12.0, 12.0, 31.62, 12.0]
a: [121.73, 67.02, 103.35, 50.0, 50.0, 152.89, 50.0, 50.0, 50.0, 50.0, 141.44, 143.24, 50.0, 50.0]
d: [3.5, 3.5, 3.5, 3.5, 3.5, 3.5, 3.5, 3.5, 3.5, 3.5, 3.5, 3.5, 3.5, 2.0]
random_idx_1 = 0, random_idx_2 = 8
random_idx_1 = 1, random_idx_2 = 10

iteration: 56
best: [1000.0, 1000.0, 1000.0, 1000.0, 1000.0, 1000.0, 1000.0, 1000.0, 1000.0, 1000.0, 1000.0, 1000.0, 1000.0, 48.23]
time: [6.11, 7.94, 11.51, 14.96, 18.55, 21.3, 32.05, 35.97, 38.02, 40.28, 49.94, 1000, 1000, 1000]
current_hyper_parameter
v: [12.0, 25.36, 12.0, 12.0, 28.58, 33.72, 27.19, 12.0, 25.73, 29.09, 12.0, 12.0, 31.62, 12.0]
a: [121.73, 67.02, 103.35, 50.0, 50.0, 152.89, 50.0, 50.0, 50.0, 50.0, 34.61, 143.24, 50.0, 50.0]
d: [3.5, 3.5, 3.5, 3.5, 3.5, 3.5, 3.5, 3.5, 3.5, 3.5, 3.5, 3.5, 3.5, 2.0]
BEST_hyper_parameter
v: [12.0, 25.36, 12.0, 12.0, 28.58, 33.72, 27.19, 12.0, 14.75, 29.09, 12.0, 12.0, 31.62, 12.0]
a: [121.73, 67.02, 103.35, 50.0, 50.0, 152.89, 50.0, 50.0, 50.0, 50.0, 141.44, 143.24, 50.0, 50.0]
d: [3.5, 3.5, 3.5, 3.5, 3.5, 3.5, 3.5, 3.5, 3.5, 3.5, 3.5, 3.5, 3.5, 2.0]
random_idx_1 = 0, random_idx_2 = 6
random_idx_1 = 2, random_idx_2 = 7

iteration: 57
best: [1000.0, 1000.0, 1000.0, 1000.0, 1000.0, 1000.0, 1000.0, 1000.0, 1000.0, 1000.0, 1000.0, 1000.0, 1000.0, 48.23]
time: [6.21, 8.04, 11.61, 15.31, 21.94, 24.28, 40.85, 45.04, 47.21, 49.53, 1000, 1000, 1000, 1000]
current_hyper_parameter
v: [12.0, 25.36, 12.0, 12.0, 28.58, 33.72, 10.58, 12.0, 14.75, 29.09, 12.0, 12.0, 31.62, 12.0]
a: [121.73, 67.02, 103.35, 50.0, 50.0, 152.89, 50.0, 50.0, 50.0, 50.0, 141.44, 143.24, 50.0, 50.0]
d: [3.5, 3.5, 3.5, 3.5, 3.5, 3.5, 3.5, 3.5, 3.5, 3.5, 3.5, 3.5, 3.5, 2.0]
BEST_hyper_parameter
v: [12.0, 25.36, 12.0, 12.0, 28.58, 33.72, 27.19, 12.0, 14.75, 29.09, 12.0, 12.0, 31.62, 12.0]
a: [121.73, 67.02, 103.35, 50.0, 50.0, 152.89, 50.0, 50.0, 50.0, 50.0, 141.44, 143.24, 50.0, 50.0]
d: [3.5, 3.5, 3.5, 3.5, 3.5, 3.5, 3.5, 3.5, 3.5, 3.5, 3.5, 3.5, 3.5, 2.0]
random_idx_1 = 0, random_idx_2 = 9
random_idx_1 = 1, random_idx_2 = 2

iteration: 58
best: [1000.0, 1000.0, 1000.0, 1000.0, 1000.0, 1000.0, 1000.0, 1000.0, 1000.0, 1000.0, 1000.0, 1000.0, 1000.0, 48.23]
time: [6.1, 7.94, 12.16, 16.17, 19.65, 22.36, 33.11, 36.84, 38.92, 41.6, 43.23, 45.86, 48.41, 49.97]
current_hyper_parameter
v: [12.0, 25.36, 12.0, 12.0, 28.58, 33.72, 27.19, 12.0, 14.75, 10.45, 12.0, 12.0, 31.62, 12.0]
a: [121.73, 67.02, 20.61, 50.0, 50.0, 152.89, 50.0, 50.0, 50.0, 50.0, 141.44, 143.24, 50.0, 50.0]
d: [3.5, 3.5, 3.5, 3.5, 3.5, 3.5, 3.5, 3.5, 3.5, 3.5, 3.5, 3.5, 3.5, 2.0]
BEST_hyper_parameter
v: [12.0, 25.36, 12.0, 12.0, 28.58, 33.72, 27.19, 12.0, 14.75, 29.09, 12.0, 12.0, 31.62, 12.0]
a: [121.73, 67.02, 103.35, 50.0, 50.0, 152.89, 50.0, 50.0, 50.0, 50.0, 141.44, 143.24, 50.0, 50.0]
d: [3.5, 3.5, 3.5, 3.5, 3.5, 3.5, 3.5, 3.5, 3.5, 3.5, 3.5, 3.5, 3.5, 2.0]
random_idx_1 = 2, random_idx_2 = 12
random_idx_1 = 1, random_idx_2 = 9

iteration: 59
best: [1000.0, 1000.0, 1000.0, 1000.0, 1000.0, 1000.0, 1000.0, 1000.0, 1000.0, 1000.0, 1000.0, 1000.0, 1000.0, 48.23]
time: [6.09, 7.91, 11.4, 14.93, 18.57, 21.25, 32.07, 35.89, 37.91, 39.77, 44.9, 47.4, 1000, 1000]
current_hyper_parameter
v: [12.0, 25.36, 12.0, 12.0, 28.58, 33.72, 27.19, 12.0, 14.75, 29.09, 12.0, 12.0, 31.62, 12.0]
a: [121.73, 67.02, 103.35, 50.0, 50.0, 152.89, 50.0, 50.0, 50.0, 92.22, 141.44, 143.24, 50.0, 50.0]
d: [3.5, 3.5, 3.5, 3.5, 3.5, 3.5, 3.5, 3.5, 3.5, 3.5, 3.5, 3.5, 3.5, 2.0]
BEST_hyper_parameter
v: [12.0, 25.36, 12.0, 12.0, 28.58, 33.72, 27.19, 12.0, 14.75, 29.09, 12.0, 12.0, 31.62, 12.0]
a: [121.73, 67.02, 103.35, 50.0, 50.0, 152.89, 50.0, 50.0, 50.0, 50.0, 141.44, 143.24, 50.0, 50.0]
d: [3.5, 3.5, 3.5, 3.5, 3.5, 3.5, 3.5, 3.5, 3.5, 3.5, 3.5, 3.5, 3.5, 2.0]
random_idx_1 = 0, random_idx_2 = 13
random_idx_1 = 2, random_idx_2 = 7

iteration: 60
best: [1000.0, 1000.0, 1000.0, 1000.0, 1000.0, 1000.0, 1000.0, 1000.0, 1000.0, 1000.0, 1000.0, 1000.0, 1000.0, 48.23]
time: [6.17, 8.0, 11.55, 15.04, 18.62, 21.33, 32.24, 35.94, 38.08, 40.38, 42.1, 44.23, 46.95, 48.55]
current_hyper_parameter
v: [12.0, 25.36, 12.0, 12.0, 28.58, 33.72, 27.19, 12.0, 14.75, 29.09, 12.0, 12.0, 31.62, 20.81]
a: [121.73, 67.02, 103.35, 50.0, 50.0, 152.89, 50.0, 50.0, 50.0, 50.0, 141.44, 143.24, 50.0, 50.0]
d: [3.5, 3.5, 3.5, 3.5, 3.5, 3.5, 3.5, 3.5, 3.5, 3.5, 3.5, 3.5, 3.5, 2.0]
BEST_hyper_parameter
v: [12.0, 25.36, 12.0, 12.0, 28.58, 33.72, 27.19, 12.0, 14.75, 29.09, 12.0, 12.0, 31.62, 12.0]
a: [121.73, 67.02, 103.35, 50.0, 50.0, 152.89, 50.0, 50.0, 50.0, 50.0, 141.44, 143.24, 50.0, 50.0]
d: [3.5, 3.5, 3.5, 3.5, 3.5, 3.5, 3.5, 3.5, 3.5, 3.5, 3.5, 3.5, 3.5, 2.0]
random_idx_1 = 2, random_idx_2 = 8
random_idx_1 = 2, random_idx_2 = 4

iteration: 61
best: [1000.0, 1000.0, 1000.0, 1000.0, 1000.0, 1000.0, 1000.0, 1000.0, 1000.0, 1000.0, 1000.0, 1000.0, 1000.0, 48.23]
time: [6.2, 8.05, 11.59, 15.04, 18.65, 21.36, 32.15, 36.01, 38.15, 40.47, 42.15, 44.32, 47.12, 48.88]
current_hyper_parameter
v: [12.0, 25.36, 12.0, 12.0, 28.58, 33.72, 27.19, 12.0, 14.75, 29.09, 12.0, 12.0, 31.62, 12.0]
a: [121.73, 67.02, 103.35, 50.0, 50.0, 152.89, 50.0, 50.0, 50.0, 50.0, 141.44, 143.24, 50.0, 50.0]
d: [3.5, 3.5, 3.5, 3.5, 3.5, 3.5, 3.5, 3.5, 3.5, 3.5, 3.5, 3.5, 3.5, 2.0]
BEST_hyper_parameter
v: [12.0, 25.36, 12.0, 12.0, 28.58, 33.72, 27.19, 12.0, 14.75, 29.09, 12.0, 12.0, 31.62, 12.0]
a: [121.73, 67.02, 103.35, 50.0, 50.0, 152.89, 50.0, 50.0, 50.0, 50.0, 141.44, 143.24, 50.0, 50.0]
d: [3.5, 3.5, 3.5, 3.5, 3.5, 3.5, 3.5, 3.5, 3.5, 3.5, 3.5, 3.5, 3.5, 2.0]
random_idx_1 = 0, random_idx_2 = 10
random_idx_1 = 2, random_idx_2 = 11

iteration: 62
best: [1000.0, 1000.0, 1000.0, 1000.0, 1000.0, 1000.0, 1000.0, 1000.0, 1000.0, 1000.0, 1000.0, 1000.0, 1000.0, 48.23]
time: [6.21, 8.04, 11.59, 15.2, 18.6, 21.28, 32.18, 35.95, 38.07, 40.38, 1000, 1000, 1000, 1000]
current_hyper_parameter
v: [12.0, 25.36, 12.0, 12.0, 28.58, 33.72, 27.19, 12.0, 14.75, 29.09, 29.01, 12.0, 31.62, 12.0]
a: [121.73, 67.02, 103.35, 50.0, 50.0, 152.89, 50.0, 50.0, 50.0, 50.0, 141.44, 143.24, 50.0, 50.0]
d: [3.5, 3.5, 3.5, 3.5, 3.5, 3.5, 3.5, 3.5, 3.5, 3.5, 3.5, 3.5, 3.5, 2.0]
BEST_hyper_parameter
v: [12.0, 25.36, 12.0, 12.0, 28.58, 33.72, 27.19, 12.0, 14.75, 29.09, 12.0, 12.0, 31.62, 12.0]
a: [121.73, 67.02, 103.35, 50.0, 50.0, 152.89, 50.0, 50.0, 50.0, 50.0, 141.44, 143.24, 50.0, 50.0]
d: [3.5, 3.5, 3.5, 3.5, 3.5, 3.5, 3.5, 3.5, 3.5, 3.5, 3.5, 3.5, 3.5, 2.0]
random_idx_1 = 2, random_idx_2 = 8
random_idx_1 = 1, random_idx_2 = 8

iteration: 63
best: [1000.0, 1000.0, 1000.0, 1000.0, 1000.0, 1000.0, 1000.0, 1000.0, 1000.0, 1000.0, 1000.0, 1000.0, 1000.0, 48.23]
time: [6.1, 7.94, 11.54, 14.99, 18.63, 21.35, 32.21, 35.99, 37.71, 39.78, 41.5, 43.71, 46.45, 48.29]
current_hyper_parameter
v: [12.0, 25.36, 12.0, 12.0, 28.58, 33.72, 27.19, 12.0, 14.75, 29.09, 12.0, 12.0, 31.62, 12.0]
a: [121.73, 67.02, 103.35, 50.0, 50.0, 152.89, 50.0, 50.0, 128.51, 50.0, 141.44, 143.24, 50.0, 50.0]
d: [3.5, 3.5, 3.5, 3.5, 3.5, 3.5, 3.5, 3.5, 3.5, 3.5, 3.5, 3.5, 3.5, 2.0]
BEST_hyper_parameter
v: [12.0, 25.36, 12.0, 12.0, 28.58, 33.72, 27.19, 12.0, 14.75, 29.09, 12.0, 12.0, 31.62, 12.0]
a: [121.73, 67.02, 103.35, 50.0, 50.0, 152.89, 50.0, 50.0, 50.0, 50.0, 141.44, 143.24, 50.0, 50.0]
d: [3.5, 3.5, 3.5, 3.5, 3.5, 3.5, 3.5, 3.5, 3.5, 3.5, 3.5, 3.5, 3.5, 2.0]
random_idx_1 = 2, random_idx_2 = 2
random_idx_1 = 2, random_idx_2 = 7

iteration: 64
best: [1000.0, 1000.0, 1000.0, 1000.0, 1000.0, 1000.0, 1000.0, 1000.0, 1000.0, 1000.0, 1000.0, 1000.0, 1000.0, 48.23]
time: [6.2, 8.04, 11.59, 15.2, 18.61, 21.36, 31.79, 35.34, 37.42, 39.78, 41.51, 43.69, 46.45, 48.27]
current_hyper_parameter
v: [12.0, 25.36, 12.0, 12.0, 28.58, 33.72, 27.19, 12.0, 14.75, 29.09, 12.0, 12.0, 31.62, 12.0]
a: [121.73, 67.02, 103.35, 50.0, 50.0, 152.89, 50.0, 50.0, 50.0, 50.0, 141.44, 143.24, 50.0, 50.0]
d: [3.5, 3.5, 4.22, 3.5, 3.5, 3.5, 3.5, 3.5, 3.5, 3.5, 3.5, 3.5, 3.5, 2.0]
BEST_hyper_parameter
v: [12.0, 25.36, 12.0, 12.0, 28.58, 33.72, 27.19, 12.0, 14.75, 29.09, 12.0, 12.0, 31.62, 12.0]
a: [121.73, 67.02, 103.35, 50.0, 50.0, 152.89, 50.0, 50.0, 50.0, 50.0, 141.44, 143.24, 50.0, 50.0]
d: [3.5, 3.5, 3.5, 3.5, 3.5, 3.5, 3.5, 3.5, 3.5, 3.5, 3.5, 3.5, 3.5, 2.0]
random_idx_1 = 2, random_idx_2 = 0
random_idx_1 = 1, random_idx_2 = 10

iteration: 65
best: [1000.0, 1000.0, 1000.0, 1000.0, 1000.0, 1000.0, 1000.0, 1000.0, 1000.0, 1000.0, 1000.0, 1000.0, 1000.0, 48.23]
time: [6.2, 8.04, 11.6, 15.22, 18.62, 21.34, 31.95, 36.14, 38.49, 40.9, 1000, 1000, 1000, 1000]
current_hyper_parameter
v: [12.0, 25.36, 12.0, 12.0, 28.58, 33.72, 27.19, 12.0, 14.75, 29.09, 12.0, 12.0, 31.62, 12.0]
a: [121.73, 67.02, 103.35, 50.0, 50.0, 152.89, 50.0, 50.0, 50.0, 50.0, 149.95, 143.24, 50.0, 50.0]
d: [3.5, 3.5, 3.5, 3.5, 3.5, 3.5, 3.5, 3.5, 3.5, 3.5, 3.5, 3.5, 3.5, 2.0]
BEST_hyper_parameter
v: [12.0, 25.36, 12.0, 12.0, 28.58, 33.72, 27.19, 12.0, 14.75, 29.09, 12.0, 12.0, 31.62, 12.0]
a: [121.73, 67.02, 103.35, 50.0, 50.0, 152.89, 50.0, 50.0, 50.0, 50.0, 141.44, 143.24, 50.0, 50.0]
d: [3.5, 3.5, 3.5, 3.5, 3.5, 3.5, 3.5, 3.5, 3.5, 3.5, 3.5, 3.5, 3.5, 2.0]
random_idx_1 = 1, random_idx_2 = 13
random_idx_1 = 1, random_idx_2 = 8

iteration: 66
best: [1000.0, 1000.0, 1000.0, 1000.0, 1000.0, 1000.0, 1000.0, 1000.0, 1000.0, 1000.0, 1000.0, 1000.0, 1000.0, 48.23]
time: [6.21, 8.03, 11.6, 15.22, 21.75, 24.24, 35.35, 38.95, 40.71, 42.88, 44.32, 1000, 1000, 1000]
current_hyper_parameter
v: [12.0, 25.36, 12.0, 12.0, 28.58, 33.72, 27.19, 12.0, 14.75, 29.09, 12.0, 12.0, 31.62, 12.0]
a: [121.73, 67.02, 103.35, 50.0, 50.0, 152.89, 50.0, 50.0, 103.38, 50.0, 141.44, 143.24, 50.0, 126.46]
d: [3.5, 3.5, 3.5, 3.5, 3.5, 3.5, 3.5, 3.5, 3.5, 3.5, 3.5, 3.5, 3.5, 2.0]
BEST_hyper_parameter
v: [12.0, 25.36, 12.0, 12.0, 28.58, 33.72, 27.19, 12.0, 14.75, 29.09, 12.0, 12.0, 31.62, 12.0]
a: [121.73, 67.02, 103.35, 50.0, 50.0, 152.89, 50.0, 50.0, 50.0, 50.0, 141.44, 143.24, 50.0, 50.0]
d: [3.5, 3.5, 3.5, 3.5, 3.5, 3.5, 3.5, 3.5, 3.5, 3.5, 3.5, 3.5, 3.5, 2.0]
random_idx_1 = 1, random_idx_2 = 1
random_idx_1 = 1, random_idx_2 = 2

iteration: 67
best: [1000.0, 1000.0, 1000.0, 1000.0, 1000.0, 1000.0, 1000.0, 1000.0, 1000.0, 1000.0, 1000.0, 1000.0, 1000.0, 48.23]
time: [6.18, 7.68, 10.84, 14.49, 18.1, 20.82, 31.68, 35.42, 37.58, 39.9, 56.64, 1000, 1000, 1000]
current_hyper_parameter
v: [12.0, 25.36, 12.0, 12.0, 28.58, 33.72, 27.19, 12.0, 14.75, 29.09, 12.0, 12.0, 31.62, 12.0]
a: [121.73, 117.01, 75.82, 50.0, 50.0, 152.89, 50.0, 50.0, 50.0, 50.0, 141.44, 143.24, 50.0, 50.0]
d: [3.5, 3.5, 3.5, 3.5, 3.5, 3.5, 3.5, 3.5, 3.5, 3.5, 3.5, 3.5, 3.5, 2.0]
BEST_hyper_parameter
v: [12.0, 25.36, 12.0, 12.0, 28.58, 33.72, 27.19, 12.0, 14.75, 29.09, 12.0, 12.0, 31.62, 12.0]
a: [121.73, 67.02, 103.35, 50.0, 50.0, 152.89, 50.0, 50.0, 50.0, 50.0, 141.44, 143.24, 50.0, 50.0]
d: [3.5, 3.5, 3.5, 3.5, 3.5, 3.5, 3.5, 3.5, 3.5, 3.5, 3.5, 3.5, 3.5, 2.0]
random_idx_1 = 1, random_idx_2 = 11
random_idx_1 = 0, random_idx_2 = 9

iteration: 68
best: [1000.0, 1000.0, 1000.0, 1000.0, 1000.0, 1000.0, 1000.0, 1000.0, 1000.0, 1000.0, 1000.0, 1000.0, 1000.0, 48.23]
time: [6.2, 8.03, 11.6, 15.2, 21.73, 24.21, 35.75, 39.42, 41.44, 43.86, 45.8, 48.1, 50.05, 1000]
current_hyper_parameter
v: [12.0, 25.36, 12.0, 12.0, 28.58, 33.72, 27.19, 12.0, 14.75, 29.75, 12.0, 12.0, 31.62, 12.0]
a: [121.73, 67.02, 103.35, 50.0, 50.0, 152.89, 50.0, 50.0, 50.0, 50.0, 141.44, 108.11, 50.0, 50.0]
d: [3.5, 3.5, 3.5, 3.5, 3.5, 3.5, 3.5, 3.5, 3.5, 3.5, 3.5, 3.5, 3.5, 2.0]
BEST_hyper_parameter
v: [12.0, 25.36, 12.0, 12.0, 28.58, 33.72, 27.19, 12.0, 14.75, 29.09, 12.0, 12.0, 31.62, 12.0]
a: [121.73, 67.02, 103.35, 50.0, 50.0, 152.89, 50.0, 50.0, 50.0, 50.0, 141.44, 143.24, 50.0, 50.0]
d: [3.5, 3.5, 3.5, 3.5, 3.5, 3.5, 3.5, 3.5, 3.5, 3.5, 3.5, 3.5, 3.5, 2.0]
random_idx_1 = 1, random_idx_2 = 13
random_idx_1 = 2, random_idx_2 = 12

iteration: 69
best: [1000.0, 1000.0, 1000.0, 1000.0, 1000.0, 1000.0, 1000.0, 1000.0, 1000.0, 1000.0, 1000.0, 1000.0, 1000.0, 48.23]
time: [6.1, 7.94, 11.49, 14.94, 18.58, 21.25, 32.09, 35.88, 37.93, 40.31, 42.04, 44.21, 46.85, 48.25]
current_hyper_parameter
v: [12.0, 25.36, 12.0, 12.0, 28.58, 33.72, 27.19, 12.0, 14.75, 29.09, 12.0, 12.0, 31.62, 12.0]
a: [121.73, 67.02, 103.35, 50.0, 50.0, 152.89, 50.0, 50.0, 50.0, 50.0, 141.44, 143.24, 50.0, 96.87]
d: [3.5, 3.5, 3.5, 3.5, 3.5, 3.5, 3.5, 3.5, 3.5, 3.5, 3.5, 3.5, 3.5, 2.0]
BEST_hyper_parameter
v: [12.0, 25.36, 12.0, 12.0, 28.58, 33.72, 27.19, 12.0, 14.75, 29.09, 12.0, 12.0, 31.62, 12.0]
a: [121.73, 67.02, 103.35, 50.0, 50.0, 152.89, 50.0, 50.0, 50.0, 50.0, 141.44, 143.24, 50.0, 50.0]
d: [3.5, 3.5, 3.5, 3.5, 3.5, 3.5, 3.5, 3.5, 3.5, 3.5, 3.5, 3.5, 3.5, 2.0]
random_idx_1 = 1, random_idx_2 = 13
random_idx_1 = 2, random_idx_2 = 3

iteration: 70
best: [1000.0, 1000.0, 1000.0, 1000.0, 1000.0, 1000.0, 1000.0, 1000.0, 1000.0, 1000.0, 1000.0, 1000.0, 1000.0, 48.23]
time: [6.11, 7.97, 11.56, 15.04, 18.69, 21.37, 32.38, 35.99, 38.11, 40.46, 1000, 1000, 1000, 1000]
current_hyper_parameter
v: [12.0, 25.36, 12.0, 12.0, 28.58, 33.72, 27.19, 12.0, 14.75, 29.09, 12.0, 12.0, 31.62, 12.0]
a: [121.73, 67.02, 103.35, 50.0, 50.0, 152.89, 50.0, 50.0, 50.0, 50.0, 141.44, 143.24, 50.0, 25.36]
d: [3.5, 3.5, 3.5, 3.5, 3.5, 3.5, 3.5, 3.5, 3.5, 3.5, 3.5, 3.5, 3.5, 2.0]
BEST_hyper_parameter
v: [12.0, 25.36, 12.0, 12.0, 28.58, 33.72, 27.19, 12.0, 14.75, 29.09, 12.0, 12.0, 31.62, 12.0]
a: [121.73, 67.02, 103.35, 50.0, 50.0, 152.89, 50.0, 50.0, 50.0, 50.0, 141.44, 143.24, 50.0, 50.0]
d: [3.5, 3.5, 3.5, 3.5, 3.5, 3.5, 3.5, 3.5, 3.5, 3.5, 3.5, 3.5, 3.5, 2.0]
random_idx_1 = 0, random_idx_2 = 10
random_idx_1 = 1, random_idx_2 = 10

iteration: 71
best: [1000.0, 1000.0, 1000.0, 1000.0, 1000.0, 1000.0, 1000.0, 1000.0, 1000.0, 1000.0, 1000.0, 1000.0, 1000.0, 48.23]
time: [6.23, 8.04, 11.63, 15.26, 21.8, 24.28, 35.36, 39.08, 41.18, 43.53, 1000, 1000, 1000, 1000]
current_hyper_parameter
v: [12.0, 25.36, 12.0, 12.0, 28.58, 33.72, 27.19, 12.0, 14.75, 29.09, 9.99, 12.0, 31.62, 12.0]
a: [121.73, 67.02, 103.35, 50.0, 50.0, 152.89, 50.0, 50.0, 50.0, 50.0, 45.47, 143.24, 50.0, 50.0]
d: [3.5, 3.5, 3.5, 3.5, 3.5, 3.5, 3.5, 3.5, 3.5, 3.5, 3.5, 3.5, 3.5, 2.0]
BEST_hyper_parameter
v: [12.0, 25.36, 12.0, 12.0, 28.58, 33.72, 27.19, 12.0, 14.75, 29.09, 12.0, 12.0, 31.62, 12.0]
a: [121.73, 67.02, 103.35, 50.0, 50.0, 152.89, 50.0, 50.0, 50.0, 50.0, 141.44, 143.24, 50.0, 50.0]
d: [3.5, 3.5, 3.5, 3.5, 3.5, 3.5, 3.5, 3.5, 3.5, 3.5, 3.5, 3.5, 3.5, 2.0]
random_idx_1 = 0, random_idx_2 = 3
random_idx_1 = 2, random_idx_2 = 10

iteration: 72
best: [1000.0, 1000.0, 1000.0, 1000.0, 1000.0, 1000.0, 1000.0, 1000.0, 1000.0, 1000.0, 1000.0, 1000.0, 1000.0, 48.23]
time: [6.21, 8.03, 11.59, 15.22, 18.62, 21.31, 32.06, 35.87, 37.97, 40.31, 1000, 1000, 1000, 1000]
current_hyper_parameter
v: [12.0, 25.36, 12.0, 11.81, 28.58, 33.72, 27.19, 12.0, 14.75, 29.09, 12.0, 12.0, 31.62, 12.0]
a: [121.73, 67.02, 103.35, 50.0, 50.0, 152.89, 50.0, 50.0, 50.0, 50.0, 141.44, 143.24, 50.0, 50.0]
d: [3.5, 3.5, 3.5, 3.5, 3.5, 3.5, 3.5, 3.5, 3.5, 3.5, 3.5, 3.5, 3.5, 2.0]
BEST_hyper_parameter
v: [12.0, 25.36, 12.0, 12.0, 28.58, 33.72, 27.19, 12.0, 14.75, 29.09, 12.0, 12.0, 31.62, 12.0]
a: [121.73, 67.02, 103.35, 50.0, 50.0, 152.89, 50.0, 50.0, 50.0, 50.0, 141.44, 143.24, 50.0, 50.0]
d: [3.5, 3.5, 3.5, 3.5, 3.5, 3.5, 3.5, 3.5, 3.5, 3.5, 3.5, 3.5, 3.5, 2.0]
random_idx_1 = 2, random_idx_2 = 8
random_idx_1 = 0, random_idx_2 = 0

iteration: 73
best: [1000.0, 1000.0, 1000.0, 1000.0, 1000.0, 1000.0, 1000.0, 1000.0, 1000.0, 1000.0, 1000.0, 1000.0, 1000.0, 48.23]
time: [5.76, 7.32, 10.83, 14.42, 20.98, 23.28, 34.88, 38.4, 40.38, 42.81, 44.52, 46.68, 1000, 1000]
current_hyper_parameter
v: [29.33, 25.36, 12.0, 12.0, 28.58, 33.72, 27.19, 12.0, 14.75, 29.09, 12.0, 12.0, 31.62, 12.0]
a: [121.73, 67.02, 103.35, 50.0, 50.0, 152.89, 50.0, 50.0, 50.0, 50.0, 141.44, 143.24, 50.0, 50.0]
d: [3.5, 3.5, 3.5, 3.5, 3.5, 3.5, 3.5, 3.5, 3.5, 3.5, 3.5, 3.5, 3.5, 2.0]
BEST_hyper_parameter
v: [12.0, 25.36, 12.0, 12.0, 28.58, 33.72, 27.19, 12.0, 14.75, 29.09, 12.0, 12.0, 31.62, 12.0]
a: [121.73, 67.02, 103.35, 50.0, 50.0, 152.89, 50.0, 50.0, 50.0, 50.0, 141.44, 143.24, 50.0, 50.0]
d: [3.5, 3.5, 3.5, 3.5, 3.5, 3.5, 3.5, 3.5, 3.5, 3.5, 3.5, 3.5, 3.5, 2.0]
random_idx_1 = 1, random_idx_2 = 6
random_idx_1 = 2, random_idx_2 = 11

iteration: 74
best: [1000.0, 1000.0, 1000.0, 1000.0, 1000.0, 1000.0, 1000.0, 1000.0, 1000.0, 1000.0, 1000.0, 1000.0, 1000.0, 48.23]
time: [6.19, 8.04, 11.6, 15.21, 21.73, 24.17, 33.62, 1000, 1000, 1000, 1000, 1000, 1000, 1000]
current_hyper_parameter
v: [12.0, 25.36, 12.0, 12.0, 28.58, 33.72, 27.19, 12.0, 14.75, 29.09, 12.0, 12.0, 31.62, 12.0]
a: [121.73, 67.02, 103.35, 50.0, 50.0, 152.89, 150.97, 50.0, 50.0, 50.0, 141.44, 143.24, 50.0, 50.0]
d: [3.5, 3.5, 3.5, 3.5, 3.5, 3.5, 3.5, 3.5, 3.5, 3.5, 3.5, 3.5, 3.5, 2.0]
BEST_hyper_parameter
v: [12.0, 25.36, 12.0, 12.0, 28.58, 33.72, 27.19, 12.0, 14.75, 29.09, 12.0, 12.0, 31.62, 12.0]
a: [121.73, 67.02, 103.35, 50.0, 50.0, 152.89, 50.0, 50.0, 50.0, 50.0, 141.44, 143.24, 50.0, 50.0]
d: [3.5, 3.5, 3.5, 3.5, 3.5, 3.5, 3.5, 3.5, 3.5, 3.5, 3.5, 3.5, 3.5, 2.0]
random_idx_1 = 0, random_idx_2 = 10
random_idx_1 = 2, random_idx_2 = 0

iteration: 75
best: [1000.0, 1000.0, 1000.0, 1000.0, 1000.0, 1000.0, 1000.0, 1000.0, 1000.0, 1000.0, 1000.0, 1000.0, 1000.0, 48.23]
time: [6.21, 8.03, 11.59, 15.21, 18.73, 21.24, 32.36, 35.86, 37.84, 40.28, 1000, 1000, 1000, 1000]
current_hyper_parameter
v: [12.0, 25.36, 12.0, 12.0, 28.58, 33.72, 27.19, 12.0, 14.75, 29.09, 33.73, 12.0, 31.62, 12.0]
a: [121.73, 67.02, 103.35, 50.0, 50.0, 152.89, 50.0, 50.0, 50.0, 50.0, 141.44, 143.24, 50.0, 50.0]
d: [3.5, 3.5, 3.5, 3.5, 3.5, 3.5, 3.5, 3.5, 3.5, 3.5, 3.5, 3.5, 3.5, 2.0]
BEST_hyper_parameter
v: [12.0, 25.36, 12.0, 12.0, 28.58, 33.72, 27.19, 12.0, 14.75, 29.09, 12.0, 12.0, 31.62, 12.0]
a: [121.73, 67.02, 103.35, 50.0, 50.0, 152.89, 50.0, 50.0, 50.0, 50.0, 141.44, 143.24, 50.0, 50.0]
d: [3.5, 3.5, 3.5, 3.5, 3.5, 3.5, 3.5, 3.5, 3.5, 3.5, 3.5, 3.5, 3.5, 2.0]
random_idx_1 = 1, random_idx_2 = 3
random_idx_1 = 0, random_idx_2 = 4

iteration: 76
best: [1000.0, 1000.0, 1000.0, 1000.0, 1000.0, 1000.0, 1000.0, 1000.0, 1000.0, 1000.0, 1000.0, 1000.0, 1000.0, 48.23]
time: [6.1, 7.9, 11.43, 14.51, 21.43, 23.71, 34.83, 38.49, 40.59, 42.87, 44.73, 46.96, 1000, 1000]
current_hyper_parameter
v: [12.0, 25.36, 12.0, 12.0, 10.03, 33.72, 27.19, 12.0, 14.75, 29.09, 12.0, 12.0, 31.62, 12.0]
a: [121.73, 67.02, 103.35, 126.24, 50.0, 152.89, 50.0, 50.0, 50.0, 50.0, 141.44, 143.24, 50.0, 50.0]
d: [3.5, 3.5, 3.5, 3.5, 3.5, 3.5, 3.5, 3.5, 3.5, 3.5, 3.5, 3.5, 3.5, 2.0]
BEST_hyper_parameter
v: [12.0, 25.36, 12.0, 12.0, 28.58, 33.72, 27.19, 12.0, 14.75, 29.09, 12.0, 12.0, 31.62, 12.0]
a: [121.73, 67.02, 103.35, 50.0, 50.0, 152.89, 50.0, 50.0, 50.0, 50.0, 141.44, 143.24, 50.0, 50.0]
d: [3.5, 3.5, 3.5, 3.5, 3.5, 3.5, 3.5, 3.5, 3.5, 3.5, 3.5, 3.5, 3.5, 2.0]
random_idx_1 = 0, random_idx_2 = 12
random_idx_1 = 1, random_idx_2 = 0

iteration: 77
best: [1000.0, 1000.0, 1000.0, 1000.0, 1000.0, 1000.0, 1000.0, 1000.0, 1000.0, 1000.0, 1000.0, 1000.0, 1000.0, 48.23]
time: [6.49, 8.47, 12.06, 15.72, 19.13, 21.8, 32.5, 36.3, 38.35, 40.76, 42.73, 45.2, 48.01, 49.69]
current_hyper_parameter
v: [12.0, 25.36, 12.0, 12.0, 28.58, 33.72, 27.19, 12.0, 14.75, 29.09, 12.0, 12.0, 21.93, 12.0]
a: [62.56, 67.02, 103.35, 50.0, 50.0, 152.89, 50.0, 50.0, 50.0, 50.0, 141.44, 143.24, 50.0, 50.0]
d: [3.5, 3.5, 3.5, 3.5, 3.5, 3.5, 3.5, 3.5, 3.5, 3.5, 3.5, 3.5, 3.5, 2.0]
BEST_hyper_parameter
v: [12.0, 25.36, 12.0, 12.0, 28.58, 33.72, 27.19, 12.0, 14.75, 29.09, 12.0, 12.0, 31.62, 12.0]
a: [121.73, 67.02, 103.35, 50.0, 50.0, 152.89, 50.0, 50.0, 50.0, 50.0, 141.44, 143.24, 50.0, 50.0]
d: [3.5, 3.5, 3.5, 3.5, 3.5, 3.5, 3.5, 3.5, 3.5, 3.5, 3.5, 3.5, 3.5, 2.0]
random_idx_1 = 0, random_idx_2 = 3
random_idx_1 = 2, random_idx_2 = 2

iteration: 78
best: [1000.0, 1000.0, 1000.0, 1000.0, 1000.0, 1000.0, 1000.0, 1000.0, 1000.0, 1000.0, 1000.0, 1000.0, 1000.0, 48.23]
time: [6.22, 8.05, 11.65, 15.59, 19.36, 21.77, 32.68, 36.48, 38.55, 40.93, 1000, 1000, 1000, 1000]
current_hyper_parameter
v: [12.0, 25.36, 12.0, 9.88, 28.58, 33.72, 27.19, 12.0, 14.75, 29.09, 12.0, 12.0, 31.62, 12.0]
a: [121.73, 67.02, 103.35, 50.0, 50.0, 152.89, 50.0, 50.0, 50.0, 50.0, 141.44, 143.24, 50.0, 50.0]
d: [3.5, 3.5, 4.17, 3.5, 3.5, 3.5, 3.5, 3.5, 3.5, 3.5, 3.5, 3.5, 3.5, 2.0]
BEST_hyper_parameter
v: [12.0, 25.36, 12.0, 12.0, 28.58, 33.72, 27.19, 12.0, 14.75, 29.09, 12.0, 12.0, 31.62, 12.0]
a: [121.73, 67.02, 103.35, 50.0, 50.0, 152.89, 50.0, 50.0, 50.0, 50.0, 141.44, 143.24, 50.0, 50.0]
d: [3.5, 3.5, 3.5, 3.5, 3.5, 3.5, 3.5, 3.5, 3.5, 3.5, 3.5, 3.5, 3.5, 2.0]
random_idx_1 = 1, random_idx_2 = 11
random_idx_1 = 2, random_idx_2 = 12

iteration: 79
best: [1000.0, 1000.0, 1000.0, 1000.0, 1000.0, 1000.0, 1000.0, 1000.0, 1000.0, 1000.0, 1000.0, 1000.0, 1000.0, 48.23]
time: [6.2, 8.01, 11.52, 14.94, 18.61, 21.25, 32.34, 35.98, 38.0, 40.35, 42.1, 44.22, 47.0, 48.76]
current_hyper_parameter
v: [12.0, 25.36, 12.0, 12.0, 28.58, 33.72, 27.19, 12.0, 14.75, 29.09, 12.0, 12.0, 31.62, 12.0]
a: [121.73, 67.02, 103.35, 50.0, 50.0, 152.89, 50.0, 50.0, 50.0, 50.0, 141.44, 137.27, 50.0, 50.0]
d: [3.5, 3.5, 3.5, 3.5, 3.5, 3.5, 3.5, 3.5, 3.5, 3.5, 3.5, 3.5, 3.5, 2.0]
BEST_hyper_parameter
v: [12.0, 25.36, 12.0, 12.0, 28.58, 33.72, 27.19, 12.0, 14.75, 29.09, 12.0, 12.0, 31.62, 12.0]
a: [121.73, 67.02, 103.35, 50.0, 50.0, 152.89, 50.0, 50.0, 50.0, 50.0, 141.44, 143.24, 50.0, 50.0]
d: [3.5, 3.5, 3.5, 3.5, 3.5, 3.5, 3.5, 3.5, 3.5, 3.5, 3.5, 3.5, 3.5, 2.0]
random_idx_1 = 1, random_idx_2 = 10
random_idx_1 = 1, random_idx_2 = 0

iteration: 80
best: [1000.0, 1000.0, 1000.0, 1000.0, 1000.0, 1000.0, 1000.0, 1000.0, 1000.0, 1000.0, 1000.0, 1000.0, 1000.0, 48.23]
time: [7.0, 9.02, 12.63, 16.29, 22.8, 25.28, 36.08, 39.99, 42.08, 44.39, 46.09, 48.26, 1000, 1000]
current_hyper_parameter
v: [12.0, 25.36, 12.0, 12.0, 28.58, 33.72, 27.19, 12.0, 14.75, 29.09, 12.0, 12.0, 31.62, 12.0]
a: [37.1, 67.02, 103.35, 50.0, 50.0, 152.89, 50.0, 50.0, 50.0, 50.0, 113.09, 143.24, 50.0, 50.0]
d: [3.5, 3.5, 3.5, 3.5, 3.5, 3.5, 3.5, 3.5, 3.5, 3.5, 3.5, 3.5, 3.5, 2.0]
BEST_hyper_parameter
v: [12.0, 25.36, 12.0, 12.0, 28.58, 33.72, 27.19, 12.0, 14.75, 29.09, 12.0, 12.0, 31.62, 12.0]
a: [121.73, 67.02, 103.35, 50.0, 50.0, 152.89, 50.0, 50.0, 50.0, 50.0, 141.44, 143.24, 50.0, 50.0]
d: [3.5, 3.5, 3.5, 3.5, 3.5, 3.5, 3.5, 3.5, 3.5, 3.5, 3.5, 3.5, 3.5, 2.0]
random_idx_1 = 2, random_idx_2 = 0
random_idx_1 = 2, random_idx_2 = 11

iteration: 81
best: [1000.0, 1000.0, 1000.0, 1000.0, 1000.0, 1000.0, 1000.0, 1000.0, 1000.0, 1000.0, 1000.0, 1000.0, 1000.0, 48.23]
time: [6.2, 8.03, 11.6, 15.22, 18.62, 21.34, 32.1, 35.88, 37.98, 40.35, 1000, 1000, 1000, 1000]
current_hyper_parameter
v: [12.0, 25.36, 12.0, 12.0, 28.58, 33.72, 27.19, 12.0, 14.75, 29.09, 12.0, 12.0, 31.62, 12.0]
a: [121.73, 67.02, 103.35, 50.0, 50.0, 152.89, 50.0, 50.0, 50.0, 50.0, 141.44, 143.24, 50.0, 50.0]
d: [3.5, 3.5, 3.5, 3.5, 3.5, 3.5, 3.5, 3.5, 3.5, 3.5, 3.5, 3.5, 3.5, 2.0]
BEST_hyper_parameter
v: [12.0, 25.36, 12.0, 12.0, 28.58, 33.72, 27.19, 12.0, 14.75, 29.09, 12.0, 12.0, 31.62, 12.0]
a: [121.73, 67.02, 103.35, 50.0, 50.0, 152.89, 50.0, 50.0, 50.0, 50.0, 141.44, 143.24, 50.0, 50.0]
d: [3.5, 3.5, 3.5, 3.5, 3.5, 3.5, 3.5, 3.5, 3.5, 3.5, 3.5, 3.5, 3.5, 2.0]
random_idx_1 = 0, random_idx_2 = 0
random_idx_1 = 2, random_idx_2 = 5

iteration: 82
best: [1000.0, 1000.0, 1000.0, 1000.0, 1000.0, 1000.0, 1000.0, 1000.0, 1000.0, 1000.0, 1000.0, 1000.0, 1000.0, 48.23]
time: [6.76, 8.74, 12.37, 15.89, 22.46, 24.75, 36.07, 39.88, 41.98, 44.39, 46.27, 48.46, 1000, 1000]
current_hyper_parameter
v: [8.72, 25.36, 12.0, 12.0, 28.58, 33.72, 27.19, 12.0, 14.75, 29.09, 12.0, 12.0, 31.62, 12.0]
a: [121.73, 67.02, 103.35, 50.0, 50.0, 152.89, 50.0, 50.0, 50.0, 50.0, 141.44, 143.24, 50.0, 50.0]
d: [3.5, 3.5, 3.5, 3.5, 3.5, 3.5, 3.5, 3.5, 3.5, 3.5, 3.5, 3.5, 3.5, 2.0]
BEST_hyper_parameter
v: [12.0, 25.36, 12.0, 12.0, 28.58, 33.72, 27.19, 12.0, 14.75, 29.09, 12.0, 12.0, 31.62, 12.0]
a: [121.73, 67.02, 103.35, 50.0, 50.0, 152.89, 50.0, 50.0, 50.0, 50.0, 141.44, 143.24, 50.0, 50.0]
d: [3.5, 3.5, 3.5, 3.5, 3.5, 3.5, 3.5, 3.5, 3.5, 3.5, 3.5, 3.5, 3.5, 2.0]
random_idx_1 = 0, random_idx_2 = 9
random_idx_1 = 2, random_idx_2 = 2

iteration: 83
best: [1000.0, 1000.0, 1000.0, 1000.0, 1000.0, 1000.0, 1000.0, 1000.0, 1000.0, 1000.0, 1000.0, 1000.0, 1000.0, 48.23]
time: [6.16, 7.97, 11.57, 15.22, 18.61, 21.32, 32.14, 35.81, 37.86, 40.27, 42.09, 44.17, 47.37, 49.16]
current_hyper_parameter
v: [12.0, 25.36, 12.0, 12.0, 28.58, 33.72, 27.19, 12.0, 14.75, 20.62, 12.0, 12.0, 31.62, 12.0]
a: [121.73, 67.02, 103.35, 50.0, 50.0, 152.89, 50.0, 50.0, 50.0, 50.0, 141.44, 143.24, 50.0, 50.0]
d: [3.5, 3.5, 4.58, 3.5, 3.5, 3.5, 3.5, 3.5, 3.5, 3.5, 3.5, 3.5, 3.5, 2.0]
BEST_hyper_parameter
v: [12.0, 25.36, 12.0, 12.0, 28.58, 33.72, 27.19, 12.0, 14.75, 29.09, 12.0, 12.0, 31.62, 12.0]
a: [121.73, 67.02, 103.35, 50.0, 50.0, 152.89, 50.0, 50.0, 50.0, 50.0, 141.44, 143.24, 50.0, 50.0]
d: [3.5, 3.5, 3.5, 3.5, 3.5, 3.5, 3.5, 3.5, 3.5, 3.5, 3.5, 3.5, 3.5, 2.0]
random_idx_1 = 2, random_idx_2 = 6
random_idx_1 = 1, random_idx_2 = 4

iteration: 84
best: [1000.0, 1000.0, 1000.0, 1000.0, 1000.0, 1000.0, 1000.0, 1000.0, 1000.0, 1000.0, 1000.0, 1000.0, 1000.0, 48.23]
time: [6.21, 8.04, 11.56, 14.98, 20.5, 23.84, 34.36, 37.91, 39.9, 42.33, 44.15, 46.2, 48.94, 1000]
current_hyper_parameter
v: [12.0, 25.36, 12.0, 12.0, 28.58, 33.72, 27.19, 12.0, 14.75, 29.09, 12.0, 12.0, 31.62, 12.0]
a: [121.73, 67.02, 103.35, 50.0, 157.34, 152.89, 50.0, 50.0, 50.0, 50.0, 141.44, 143.24, 50.0, 50.0]
d: [3.5, 3.5, 3.5, 3.5, 3.5, 3.5, 3.5, 3.5, 3.5, 3.5, 3.5, 3.5, 3.5, 2.0]
BEST_hyper_parameter
v: [12.0, 25.36, 12.0, 12.0, 28.58, 33.72, 27.19, 12.0, 14.75, 29.09, 12.0, 12.0, 31.62, 12.0]
a: [121.73, 67.02, 103.35, 50.0, 50.0, 152.89, 50.0, 50.0, 50.0, 50.0, 141.44, 143.24, 50.0, 50.0]
d: [3.5, 3.5, 3.5, 3.5, 3.5, 3.5, 3.5, 3.5, 3.5, 3.5, 3.5, 3.5, 3.5, 2.0]
random_idx_1 = 2, random_idx_2 = 10
random_idx_1 = 2, random_idx_2 = 2

iteration: 85
best: [1000.0, 1000.0, 1000.0, 1000.0, 1000.0, 1000.0, 1000.0, 1000.0, 1000.0, 1000.0, 1000.0, 1000.0, 1000.0, 48.23]
time: [6.2, 8.03, 11.59, 15.2, 18.64, 21.3, 31.93, 36.2, 38.51, 40.94, 1000, 1000, 1000, 1000]
current_hyper_parameter
v: [12.0, 25.36, 12.0, 12.0, 28.58, 33.72, 27.19, 12.0, 14.75, 29.09, 12.0, 12.0, 31.62, 12.0]
a: [121.73, 67.02, 103.35, 50.0, 50.0, 152.89, 50.0, 50.0, 50.0, 50.0, 141.44, 143.24, 50.0, 50.0]
d: [3.5, 3.5, 5.58, 3.5, 3.5, 3.5, 3.5, 3.5, 3.5, 3.5, 3.5, 3.5, 3.5, 2.0]
BEST_hyper_parameter
v: [12.0, 25.36, 12.0, 12.0, 28.58, 33.72, 27.19, 12.0, 14.75, 29.09, 12.0, 12.0, 31.62, 12.0]
a: [121.73, 67.02, 103.35, 50.0, 50.0, 152.89, 50.0, 50.0, 50.0, 50.0, 141.44, 143.24, 50.0, 50.0]
d: [3.5, 3.5, 3.5, 3.5, 3.5, 3.5, 3.5, 3.5, 3.5, 3.5, 3.5, 3.5, 3.5, 2.0]
random_idx_1 = 2, random_idx_2 = 0
random_idx_1 = 0, random_idx_2 = 2
