
iteration: 1
best: [1000.0, 1000.0, 1000.0, 1000.0, 1000.0, 1000.0, 1000.0, 1000.0, 1000.0, 1000.0, 1000.0, 1000.0, 1000.0, 50.79]
time: [5.65, 7.29, 10.87, 14.15, 19.82, 23.57, 36.29, 40.76, 42.79, 45.44, 47.37, 49.93, 1000, 1000]
current_hyper_parameter
v: [31.29, 24.71, 12.0, 12.0, 19.01, 16.03, 22.75, 12.0, 32.19, 12.0, 12.0, 12.0, 12.0, 12.0]
a: [141.66, 50.0, 90.65, 93.76, 119.68, 119.98, 50.0, 50.0, 50.0, 25.96, 50.0, 50.0, 54.91, 45.26]
d: [3.5, 3.5, 3.5, 3.5, 3.5, 3.5, 3.5, 3.5, 3.5, 3.5, 3.5, 3.5, 3.5, 2.0]
BEST_hyper_parameter
v: [31.29, 24.71, 12.0, 12.0, 19.01, 16.03, 22.75, 12.0, 32.19, 12.0, 12.0, 12.0, 12.0, 12.0]
a: [141.66, 50.0, 90.65, 93.76, 119.68, 119.98, 50.0, 50.0, 50.0, 25.96, 50.0, 50.0, 54.91, 45.26]
d: [3.5, 3.5, 3.5, 3.5, 3.5, 3.5, 3.5, 3.5, 3.5, 3.5, 3.5, 3.5, 3.5, 2.0]
random_idx_1 = 2, random_idx_2 = 6
random_idx_1 = 0, random_idx_2 = 12

iteration: 2
best: [1000.0, 1000.0, 1000.0, 1000.0, 1000.0, 1000.0, 1000.0, 1000.0, 1000.0, 1000.0, 1000.0, 1000.0, 1000.0, 50.79]
time: [5.72, 7.23, 10.85, 14.09, 1000, 1000, 1000, 1000, 1000, 1000, 1000, 1000, 1000, 1000]
current_hyper_parameter
v: [31.29, 24.71, 12.0, 12.0, 19.01, 16.03, 22.75, 12.0, 32.19, 12.0, 12.0, 12.0, 9.97, 12.0]
a: [141.66, 50.0, 90.65, 93.76, 119.68, 119.98, 50.0, 50.0, 50.0, 25.96, 50.0, 50.0, 54.91, 45.26]
d: [3.5, 3.5, 3.5, 3.5, 3.5, 3.5, 3.5, 3.5, 3.5, 3.5, 3.5, 3.5, 3.5, 2.0]
BEST_hyper_parameter
v: [31.29, 24.71, 12.0, 12.0, 19.01, 16.03, 22.75, 12.0, 32.19, 12.0, 12.0, 12.0, 12.0, 12.0]
a: [141.66, 50.0, 90.65, 93.76, 119.68, 119.98, 50.0, 50.0, 50.0, 25.96, 50.0, 50.0, 54.91, 45.26]
d: [3.5, 3.5, 3.5, 3.5, 3.5, 3.5, 3.5, 3.5, 3.5, 3.5, 3.5, 3.5, 3.5, 2.0]
random_idx_1 = 2, random_idx_2 = 8
random_idx_1 = 1, random_idx_2 = 1

iteration: 3
best: [1000.0, 1000.0, 1000.0, 1000.0, 1000.0, 1000.0, 1000.0, 1000.0, 1000.0, 1000.0, 1000.0, 1000.0, 1000.0, 50.79]
time: [5.7, 7.08, 10.59, 13.93, 19.58, 24.05, 36.26, 39.96, 42.01, 44.67, 46.45, 49.45, 1000, 1000]
current_hyper_parameter
v: [31.29, 24.71, 12.0, 12.0, 19.01, 16.03, 22.75, 12.0, 32.19, 12.0, 12.0, 12.0, 12.0, 12.0]
a: [141.66, 135.3, 90.65, 93.76, 119.68, 119.98, 50.0, 50.0, 50.0, 25.96, 50.0, 50.0, 54.91, 45.26]
d: [3.5, 3.5, 3.5, 3.5, 3.5, 3.5, 3.5, 3.5, 3.5, 3.5, 3.5, 3.5, 3.5, 2.0]
BEST_hyper_parameter
v: [31.29, 24.71, 12.0, 12.0, 19.01, 16.03, 22.75, 12.0, 32.19, 12.0, 12.0, 12.0, 12.0, 12.0]
a: [141.66, 50.0, 90.65, 93.76, 119.68, 119.98, 50.0, 50.0, 50.0, 25.96, 50.0, 50.0, 54.91, 45.26]
d: [3.5, 3.5, 3.5, 3.5, 3.5, 3.5, 3.5, 3.5, 3.5, 3.5, 3.5, 3.5, 3.5, 2.0]
random_idx_1 = 0, random_idx_2 = 3
random_idx_1 = 0, random_idx_2 = 3

iteration: 4
best: [1000.0, 1000.0, 1000.0, 1000.0, 1000.0, 1000.0, 1000.0, 1000.0, 1000.0, 1000.0, 1000.0, 1000.0, 1000.0, 50.79]
time: [5.67, 7.21, 10.91, 17.15, 20.38, 32.18, 1000, 1000, 1000, 1000, 1000, 1000, 1000, 1000]
current_hyper_parameter
v: [31.29, 24.71, 12.0, 28.18, 19.01, 16.03, 22.75, 12.0, 32.19, 12.0, 12.0, 12.0, 12.0, 12.0]
a: [141.66, 50.0, 90.65, 93.76, 119.68, 119.98, 50.0, 50.0, 50.0, 25.96, 50.0, 50.0, 54.91, 45.26]
d: [3.5, 3.5, 3.5, 3.5, 3.5, 3.5, 3.5, 3.5, 3.5, 3.5, 3.5, 3.5, 3.5, 2.0]
BEST_hyper_parameter
v: [31.29, 24.71, 12.0, 12.0, 19.01, 16.03, 22.75, 12.0, 32.19, 12.0, 12.0, 12.0, 12.0, 12.0]
a: [141.66, 50.0, 90.65, 93.76, 119.68, 119.98, 50.0, 50.0, 50.0, 25.96, 50.0, 50.0, 54.91, 45.26]
d: [3.5, 3.5, 3.5, 3.5, 3.5, 3.5, 3.5, 3.5, 3.5, 3.5, 3.5, 3.5, 3.5, 2.0]
random_idx_1 = 1, random_idx_2 = 4
random_idx_1 = 1, random_idx_2 = 1

iteration: 5
best: [1000.0, 1000.0, 1000.0, 1000.0, 1000.0, 1000.0, 1000.0, 1000.0, 1000.0, 1000.0, 1000.0, 1000.0, 1000.0, 50.79]
time: [5.69, 7.07, 10.63, 13.94, 20.2, 23.38, 35.87, 39.51, 41.56, 44.14, 45.93, 48.92, 51.62, 1000]
current_hyper_parameter
v: [31.29, 24.71, 12.0, 12.0, 19.01, 16.03, 22.75, 12.0, 32.19, 12.0, 12.0, 12.0, 12.0, 12.0]
a: [141.66, 136.28, 90.65, 93.76, 60.0, 119.98, 50.0, 50.0, 50.0, 25.96, 50.0, 50.0, 54.91, 45.26]
d: [3.5, 3.5, 3.5, 3.5, 3.5, 3.5, 3.5, 3.5, 3.5, 3.5, 3.5, 3.5, 3.5, 2.0]
BEST_hyper_parameter
v: [31.29, 24.71, 12.0, 12.0, 19.01, 16.03, 22.75, 12.0, 32.19, 12.0, 12.0, 12.0, 12.0, 12.0]
a: [141.66, 50.0, 90.65, 93.76, 119.68, 119.98, 50.0, 50.0, 50.0, 25.96, 50.0, 50.0, 54.91, 45.26]
d: [3.5, 3.5, 3.5, 3.5, 3.5, 3.5, 3.5, 3.5, 3.5, 3.5, 3.5, 3.5, 3.5, 2.0]
random_idx_1 = 0, random_idx_2 = 13
random_idx_1 = 1, random_idx_2 = 12

iteration: 6
best: [1000.0, 1000.0, 1000.0, 1000.0, 1000.0, 1000.0, 1000.0, 1000.0, 1000.0, 1000.0, 1000.0, 1000.0, 1000.0, 50.79]
time: [5.71, 7.21, 10.78, 13.98, 16.68, 20.56, 32.65, 36.35, 38.36, 41.05, 42.86, 45.84, 48.11, 50.28]
current_hyper_parameter
v: [31.29, 24.71, 12.0, 12.0, 19.01, 16.03, 22.75, 12.0, 32.19, 12.0, 12.0, 12.0, 12.0, 31.21]
a: [141.66, 50.0, 90.65, 93.76, 119.68, 119.98, 50.0, 50.0, 50.0, 25.96, 50.0, 50.0, 157.77, 45.26]
d: [3.5, 3.5, 3.5, 3.5, 3.5, 3.5, 3.5, 3.5, 3.5, 3.5, 3.5, 3.5, 3.5, 2.0]
BEST_hyper_parameter
v: [31.29, 24.71, 12.0, 12.0, 19.01, 16.03, 22.75, 12.0, 32.19, 12.0, 12.0, 12.0, 12.0, 12.0]
a: [141.66, 50.0, 90.65, 93.76, 119.68, 119.98, 50.0, 50.0, 50.0, 25.96, 50.0, 50.0, 54.91, 45.26]
d: [3.5, 3.5, 3.5, 3.5, 3.5, 3.5, 3.5, 3.5, 3.5, 3.5, 3.5, 3.5, 3.5, 2.0]
random_idx_1 = 1, random_idx_2 = 0
random_idx_1 = 2, random_idx_2 = 8

iteration: 7
best: [1000.0, 1000.0, 1000.0, 1000.0, 1000.0, 1000.0, 1000.0, 1000.0, 1000.0, 1000.0, 1000.0, 1000.0, 1000.0, 50.28]
time: [5.72, 7.25, 10.87, 14.12, 16.8, 20.53, 32.74, 36.53, 38.5, 41.07, 42.88, 45.86, 1000, 1000]
current_hyper_parameter
v: [31.29, 24.71, 12.0, 12.0, 19.01, 16.03, 22.75, 12.0, 32.19, 12.0, 12.0, 12.0, 12.0, 31.21]
a: [156.85, 50.0, 90.65, 93.76, 119.68, 119.98, 50.0, 50.0, 50.0, 25.96, 50.0, 50.0, 157.77, 45.26]
d: [3.5, 3.5, 3.5, 3.5, 3.5, 3.5, 3.5, 3.5, 3.5, 3.5, 3.5, 3.5, 3.5, 2.0]
BEST_hyper_parameter
v: [31.29, 24.71, 12.0, 12.0, 19.01, 16.03, 22.75, 12.0, 32.19, 12.0, 12.0, 12.0, 12.0, 31.21]
a: [141.66, 50.0, 90.65, 93.76, 119.68, 119.98, 50.0, 50.0, 50.0, 25.96, 50.0, 50.0, 157.77, 45.26]
d: [3.5, 3.5, 3.5, 3.5, 3.5, 3.5, 3.5, 3.5, 3.5, 3.5, 3.5, 3.5, 3.5, 2.0]
random_idx_1 = 2, random_idx_2 = 1
random_idx_1 = 2, random_idx_2 = 9

iteration: 8
best: [1000.0, 1000.0, 1000.0, 1000.0, 1000.0, 1000.0, 1000.0, 1000.0, 1000.0, 1000.0, 1000.0, 1000.0, 1000.0, 50.28]
time: [5.74, 7.3, 10.96, 14.17, 16.78, 20.74, 34.45, 38.16, 40.55, 43.24, 45.09, 47.95, 49.95, 51.83]
current_hyper_parameter
v: [31.29, 24.71, 12.0, 12.0, 19.01, 16.03, 22.75, 12.0, 32.19, 12.0, 12.0, 12.0, 12.0, 31.21]
a: [141.66, 50.0, 90.65, 93.76, 119.68, 119.98, 50.0, 50.0, 50.0, 25.96, 50.0, 50.0, 157.77, 45.26]
d: [3.5, 3.5, 3.5, 3.5, 3.5, 3.5, 3.5, 3.5, 3.5, 3.5, 3.5, 3.5, 3.5, 2.0]
BEST_hyper_parameter
v: [31.29, 24.71, 12.0, 12.0, 19.01, 16.03, 22.75, 12.0, 32.19, 12.0, 12.0, 12.0, 12.0, 31.21]
a: [141.66, 50.0, 90.65, 93.76, 119.68, 119.98, 50.0, 50.0, 50.0, 25.96, 50.0, 50.0, 157.77, 45.26]
d: [3.5, 3.5, 3.5, 3.5, 3.5, 3.5, 3.5, 3.5, 3.5, 3.5, 3.5, 3.5, 3.5, 2.0]
random_idx_1 = 0, random_idx_2 = 8
random_idx_1 = 1, random_idx_2 = 10

iteration: 9
best: [1000.0, 1000.0, 1000.0, 1000.0, 1000.0, 1000.0, 1000.0, 1000.0, 1000.0, 1000.0, 1000.0, 1000.0, 1000.0, 50.28]
time: [5.72, 7.28, 10.94, 14.14, 16.79, 20.72, 32.73, 36.56, 38.65, 41.37, 43.12, 45.88, 51.37, 1000]
current_hyper_parameter
v: [31.29, 24.71, 12.0, 12.0, 19.01, 16.03, 22.75, 12.0, 13.59, 12.0, 12.0, 12.0, 12.0, 31.21]
a: [141.66, 50.0, 90.65, 93.76, 119.68, 119.98, 50.0, 50.0, 50.0, 25.96, 88.92, 50.0, 157.77, 45.26]
d: [3.5, 3.5, 3.5, 3.5, 3.5, 3.5, 3.5, 3.5, 3.5, 3.5, 3.5, 3.5, 3.5, 2.0]
BEST_hyper_parameter
v: [31.29, 24.71, 12.0, 12.0, 19.01, 16.03, 22.75, 12.0, 32.19, 12.0, 12.0, 12.0, 12.0, 31.21]
a: [141.66, 50.0, 90.65, 93.76, 119.68, 119.98, 50.0, 50.0, 50.0, 25.96, 50.0, 50.0, 157.77, 45.26]
d: [3.5, 3.5, 3.5, 3.5, 3.5, 3.5, 3.5, 3.5, 3.5, 3.5, 3.5, 3.5, 3.5, 2.0]
random_idx_1 = 1, random_idx_2 = 9
random_idx_1 = 2, random_idx_2 = 11

iteration: 10
best: [1000.0, 1000.0, 1000.0, 1000.0, 1000.0, 1000.0, 1000.0, 1000.0, 1000.0, 1000.0, 1000.0, 1000.0, 1000.0, 50.28]
time: [5.7, 7.28, 10.88, 14.08, 16.72, 20.68, 32.66, 36.46, 38.45, 40.83, 1000, 1000, 1000, 1000]
current_hyper_parameter
v: [31.29, 24.71, 12.0, 12.0, 19.01, 16.03, 22.75, 12.0, 32.19, 12.0, 12.0, 12.0, 12.0, 31.21]
a: [141.66, 50.0, 90.65, 93.76, 119.68, 119.98, 50.0, 50.0, 50.0, 67.15, 50.0, 50.0, 157.77, 45.26]
d: [3.5, 3.5, 3.5, 3.5, 3.5, 3.5, 3.5, 3.5, 3.5, 3.5, 3.5, 3.5, 3.5, 2.0]
BEST_hyper_parameter
v: [31.29, 24.71, 12.0, 12.0, 19.01, 16.03, 22.75, 12.0, 32.19, 12.0, 12.0, 12.0, 12.0, 31.21]
a: [141.66, 50.0, 90.65, 93.76, 119.68, 119.98, 50.0, 50.0, 50.0, 25.96, 50.0, 50.0, 157.77, 45.26]
d: [3.5, 3.5, 3.5, 3.5, 3.5, 3.5, 3.5, 3.5, 3.5, 3.5, 3.5, 3.5, 3.5, 2.0]
random_idx_1 = 1, random_idx_2 = 7
random_idx_1 = 2, random_idx_2 = 12

iteration: 11
best: [1000.0, 1000.0, 1000.0, 1000.0, 1000.0, 1000.0, 1000.0, 1000.0, 1000.0, 1000.0, 1000.0, 1000.0, 1000.0, 50.28]
time: [5.71, 7.3, 11.12, 17.58, 23.52, 27.07, 39.31, 42.85, 44.74, 1000, 1000, 1000, 1000, 1000]
current_hyper_parameter
v: [31.29, 24.71, 12.0, 12.0, 19.01, 16.03, 22.75, 12.0, 32.19, 12.0, 12.0, 12.0, 12.0, 31.21]
a: [141.66, 50.0, 90.65, 93.76, 119.68, 119.98, 50.0, 121.7, 50.0, 25.96, 50.0, 50.0, 157.77, 45.26]
d: [3.5, 3.5, 3.5, 3.5, 3.5, 3.5, 3.5, 3.5, 3.5, 3.5, 3.5, 3.5, 3.5, 2.0]
BEST_hyper_parameter
v: [31.29, 24.71, 12.0, 12.0, 19.01, 16.03, 22.75, 12.0, 32.19, 12.0, 12.0, 12.0, 12.0, 31.21]
a: [141.66, 50.0, 90.65, 93.76, 119.68, 119.98, 50.0, 50.0, 50.0, 25.96, 50.0, 50.0, 157.77, 45.26]
d: [3.5, 3.5, 3.5, 3.5, 3.5, 3.5, 3.5, 3.5, 3.5, 3.5, 3.5, 3.5, 3.5, 2.0]
random_idx_1 = 1, random_idx_2 = 12
random_idx_1 = 2, random_idx_2 = 13

iteration: 12
best: [1000.0, 1000.0, 1000.0, 1000.0, 1000.0, 1000.0, 1000.0, 1000.0, 1000.0, 1000.0, 1000.0, 1000.0, 1000.0, 50.28]
time: [5.69, 7.25, 10.86, 14.08, 16.71, 20.65, 32.65, 36.4, 38.41, 41.13, 42.89, 45.9, 49.05, 51.0]
current_hyper_parameter
v: [31.29, 24.71, 12.0, 12.0, 19.01, 16.03, 22.75, 12.0, 32.19, 12.0, 12.0, 12.0, 12.0, 31.21]
a: [141.66, 50.0, 90.65, 93.76, 119.68, 119.98, 50.0, 50.0, 50.0, 25.96, 50.0, 50.0, 38.75, 45.26]
d: [3.5, 3.5, 3.5, 3.5, 3.5, 3.5, 3.5, 3.5, 3.5, 3.5, 3.5, 3.5, 3.5, 2.0]
BEST_hyper_parameter
v: [31.29, 24.71, 12.0, 12.0, 19.01, 16.03, 22.75, 12.0, 32.19, 12.0, 12.0, 12.0, 12.0, 31.21]
a: [141.66, 50.0, 90.65, 93.76, 119.68, 119.98, 50.0, 50.0, 50.0, 25.96, 50.0, 50.0, 157.77, 45.26]
d: [3.5, 3.5, 3.5, 3.5, 3.5, 3.5, 3.5, 3.5, 3.5, 3.5, 3.5, 3.5, 3.5, 2.0]
random_idx_1 = 2, random_idx_2 = 7
random_idx_1 = 0, random_idx_2 = 4

iteration: 13
best: [1000.0, 1000.0, 1000.0, 1000.0, 1000.0, 1000.0, 1000.0, 1000.0, 1000.0, 1000.0, 1000.0, 1000.0, 1000.0, 50.28]
time: [5.69, 7.24, 10.87, 14.09, 19.73, 43.75, 1000, 1000, 1000, 1000, 1000, 1000, 1000, 1000]
current_hyper_parameter
v: [31.29, 24.71, 12.0, 12.0, 34.19, 16.03, 22.75, 12.0, 32.19, 12.0, 12.0, 12.0, 12.0, 31.21]
a: [141.66, 50.0, 90.65, 93.76, 119.68, 119.98, 50.0, 50.0, 50.0, 25.96, 50.0, 50.0, 157.77, 45.26]
d: [3.5, 3.5, 3.5, 3.5, 3.5, 3.5, 3.5, 3.5, 3.5, 3.5, 3.5, 3.5, 3.5, 2.0]
BEST_hyper_parameter
v: [31.29, 24.71, 12.0, 12.0, 19.01, 16.03, 22.75, 12.0, 32.19, 12.0, 12.0, 12.0, 12.0, 31.21]
a: [141.66, 50.0, 90.65, 93.76, 119.68, 119.98, 50.0, 50.0, 50.0, 25.96, 50.0, 50.0, 157.77, 45.26]
d: [3.5, 3.5, 3.5, 3.5, 3.5, 3.5, 3.5, 3.5, 3.5, 3.5, 3.5, 3.5, 3.5, 2.0]
random_idx_1 = 2, random_idx_2 = 2
random_idx_1 = 1, random_idx_2 = 0

iteration: 14
best: [1000.0, 1000.0, 1000.0, 1000.0, 1000.0, 1000.0, 1000.0, 1000.0, 1000.0, 1000.0, 1000.0, 1000.0, 1000.0, 50.28]
time: [5.71, 7.28, 10.94, 14.21, 20.3, 31.65, 43.81, 47.47, 49.51, 1000, 1000, 1000, 1000, 1000]
current_hyper_parameter
v: [31.29, 24.71, 12.0, 12.0, 19.01, 16.03, 22.75, 12.0, 32.19, 12.0, 12.0, 12.0, 12.0, 31.21]
a: [132.26, 50.0, 90.65, 93.76, 119.68, 119.98, 50.0, 50.0, 50.0, 25.96, 50.0, 50.0, 157.77, 45.26]
d: [3.5, 3.5, 5.52, 3.5, 3.5, 3.5, 3.5, 3.5, 3.5, 3.5, 3.5, 3.5, 3.5, 2.0]
BEST_hyper_parameter
v: [31.29, 24.71, 12.0, 12.0, 19.01, 16.03, 22.75, 12.0, 32.19, 12.0, 12.0, 12.0, 12.0, 31.21]
a: [141.66, 50.0, 90.65, 93.76, 119.68, 119.98, 50.0, 50.0, 50.0, 25.96, 50.0, 50.0, 157.77, 45.26]
d: [3.5, 3.5, 3.5, 3.5, 3.5, 3.5, 3.5, 3.5, 3.5, 3.5, 3.5, 3.5, 3.5, 2.0]
random_idx_1 = 2, random_idx_2 = 3
random_idx_1 = 1, random_idx_2 = 2

iteration: 15
best: [1000.0, 1000.0, 1000.0, 1000.0, 1000.0, 1000.0, 1000.0, 1000.0, 1000.0, 1000.0, 1000.0, 1000.0, 1000.0, 50.28]
time: [5.72, 7.37, 10.99, 14.09, 16.71, 20.65, 32.76, 36.41, 38.44, 41.09, 42.89, 45.81, 47.61, 49.23]
current_hyper_parameter
v: [31.29, 24.71, 12.0, 12.0, 19.01, 16.03, 22.75, 12.0, 32.19, 12.0, 12.0, 12.0, 12.0, 31.21]
a: [141.66, 50.0, 104.72, 93.76, 119.68, 119.98, 50.0, 50.0, 50.0, 25.96, 50.0, 50.0, 157.77, 45.26]
d: [3.5, 3.5, 3.5, 3.5, 3.5, 3.5, 3.5, 3.5, 3.5, 3.5, 3.5, 3.5, 3.5, 2.0]
BEST_hyper_parameter
v: [31.29, 24.71, 12.0, 12.0, 19.01, 16.03, 22.75, 12.0, 32.19, 12.0, 12.0, 12.0, 12.0, 31.21]
a: [141.66, 50.0, 90.65, 93.76, 119.68, 119.98, 50.0, 50.0, 50.0, 25.96, 50.0, 50.0, 157.77, 45.26]
d: [3.5, 3.5, 3.5, 3.5, 3.5, 3.5, 3.5, 3.5, 3.5, 3.5, 3.5, 3.5, 3.5, 2.0]
random_idx_1 = 1, random_idx_2 = 5
random_idx_1 = 2, random_idx_2 = 8

iteration: 16
best: [1000.0, 1000.0, 1000.0, 1000.0, 1000.0, 1000.0, 1000.0, 1000.0, 1000.0, 1000.0, 1000.0, 1000.0, 1000.0, 49.23]
time: [5.74, 7.3, 10.87, 14.09, 16.76, 20.83, 39.0, 42.74, 45.11, 47.85, 49.61, 1000, 1000, 1000]
current_hyper_parameter
v: [31.29, 24.71, 12.0, 12.0, 19.01, 16.03, 22.75, 12.0, 32.19, 12.0, 12.0, 12.0, 12.0, 31.21]
a: [141.66, 50.0, 104.72, 93.76, 119.68, 102.95, 50.0, 50.0, 50.0, 25.96, 50.0, 50.0, 157.77, 45.26]
d: [3.5, 3.5, 3.5, 3.5, 3.5, 3.5, 3.5, 3.5, 3.5, 3.5, 3.5, 3.5, 3.5, 2.0]
BEST_hyper_parameter
v: [31.29, 24.71, 12.0, 12.0, 19.01, 16.03, 22.75, 12.0, 32.19, 12.0, 12.0, 12.0, 12.0, 31.21]
a: [141.66, 50.0, 104.72, 93.76, 119.68, 119.98, 50.0, 50.0, 50.0, 25.96, 50.0, 50.0, 157.77, 45.26]
d: [3.5, 3.5, 3.5, 3.5, 3.5, 3.5, 3.5, 3.5, 3.5, 3.5, 3.5, 3.5, 3.5, 2.0]
random_idx_1 = 0, random_idx_2 = 11
random_idx_1 = 2, random_idx_2 = 1

iteration: 17
best: [1000.0, 1000.0, 1000.0, 1000.0, 1000.0, 1000.0, 1000.0, 1000.0, 1000.0, 1000.0, 1000.0, 1000.0, 1000.0, 49.23]
time: [5.7, 7.24, 10.84, 14.03, 16.7, 20.65, 32.62, 36.46, 38.43, 41.04, 42.88, 45.87, 48.05, 50.26]
current_hyper_parameter
v: [31.29, 24.71, 12.0, 12.0, 19.01, 16.03, 22.75, 12.0, 32.19, 12.0, 12.0, 11.27, 12.0, 31.21]
a: [141.66, 50.0, 104.72, 93.76, 119.68, 119.98, 50.0, 50.0, 50.0, 25.96, 50.0, 50.0, 157.77, 45.26]
d: [3.5, 3.5, 3.5, 3.5, 3.5, 3.5, 3.5, 3.5, 3.5, 3.5, 3.5, 3.5, 3.5, 2.0]
BEST_hyper_parameter
v: [31.29, 24.71, 12.0, 12.0, 19.01, 16.03, 22.75, 12.0, 32.19, 12.0, 12.0, 12.0, 12.0, 31.21]
a: [141.66, 50.0, 104.72, 93.76, 119.68, 119.98, 50.0, 50.0, 50.0, 25.96, 50.0, 50.0, 157.77, 45.26]
d: [3.5, 3.5, 3.5, 3.5, 3.5, 3.5, 3.5, 3.5, 3.5, 3.5, 3.5, 3.5, 3.5, 2.0]
random_idx_1 = 0, random_idx_2 = 2
random_idx_1 = 0, random_idx_2 = 12

iteration: 18
best: [1000.0, 1000.0, 1000.0, 1000.0, 1000.0, 1000.0, 1000.0, 1000.0, 1000.0, 1000.0, 1000.0, 1000.0, 1000.0, 49.23]
time: [5.7, 7.29, 10.72, 13.94, 19.66, 23.32, 35.76, 39.52, 41.65, 44.3, 46.04, 48.95, 1000, 1000]
current_hyper_parameter
v: [31.29, 24.71, 13.85, 12.0, 19.01, 16.03, 22.75, 12.0, 32.19, 12.0, 12.0, 12.0, 17.94, 31.21]
a: [141.66, 50.0, 104.72, 93.76, 119.68, 119.98, 50.0, 50.0, 50.0, 25.96, 50.0, 50.0, 157.77, 45.26]
d: [3.5, 3.5, 3.5, 3.5, 3.5, 3.5, 3.5, 3.5, 3.5, 3.5, 3.5, 3.5, 3.5, 2.0]
BEST_hyper_parameter
v: [31.29, 24.71, 12.0, 12.0, 19.01, 16.03, 22.75, 12.0, 32.19, 12.0, 12.0, 12.0, 12.0, 31.21]
a: [141.66, 50.0, 104.72, 93.76, 119.68, 119.98, 50.0, 50.0, 50.0, 25.96, 50.0, 50.0, 157.77, 45.26]
d: [3.5, 3.5, 3.5, 3.5, 3.5, 3.5, 3.5, 3.5, 3.5, 3.5, 3.5, 3.5, 3.5, 2.0]
random_idx_1 = 2, random_idx_2 = 1
random_idx_1 = 2, random_idx_2 = 10

iteration: 19
best: [1000.0, 1000.0, 1000.0, 1000.0, 1000.0, 1000.0, 1000.0, 1000.0, 1000.0, 1000.0, 1000.0, 1000.0, 1000.0, 49.23]
time: [5.7, 7.24, 10.78, 17.06, 22.97, 26.46, 38.76, 42.52, 44.56, 47.21, 49.03, 1000, 1000, 1000]
current_hyper_parameter
v: [31.29, 24.71, 12.0, 12.0, 19.01, 16.03, 22.75, 12.0, 32.19, 12.0, 12.0, 12.0, 12.0, 31.21]
a: [141.66, 50.0, 104.72, 93.76, 119.68, 119.98, 50.0, 50.0, 50.0, 25.96, 50.0, 50.0, 157.77, 45.26]
d: [3.5, 3.5, 3.5, 3.5, 3.5, 3.5, 3.5, 3.5, 3.5, 3.5, 3.5, 3.5, 3.5, 2.0]
BEST_hyper_parameter
v: [31.29, 24.71, 12.0, 12.0, 19.01, 16.03, 22.75, 12.0, 32.19, 12.0, 12.0, 12.0, 12.0, 31.21]
a: [141.66, 50.0, 104.72, 93.76, 119.68, 119.98, 50.0, 50.0, 50.0, 25.96, 50.0, 50.0, 157.77, 45.26]
d: [3.5, 3.5, 3.5, 3.5, 3.5, 3.5, 3.5, 3.5, 3.5, 3.5, 3.5, 3.5, 3.5, 2.0]
random_idx_1 = 2, random_idx_2 = 1
random_idx_1 = 0, random_idx_2 = 2

iteration: 20
best: [1000.0, 1000.0, 1000.0, 1000.0, 1000.0, 1000.0, 1000.0, 1000.0, 1000.0, 1000.0, 1000.0, 1000.0, 1000.0, 49.23]
time: [5.7, 7.2, 10.2, 13.23, 20.0, 23.02, 35.31, 38.91, 40.88, 1000, 1000, 1000, 1000, 1000]
current_hyper_parameter
v: [31.29, 24.71, 20.42, 12.0, 19.01, 16.03, 22.75, 12.0, 32.19, 12.0, 12.0, 12.0, 12.0, 31.21]
a: [141.66, 50.0, 104.72, 93.76, 119.68, 119.98, 50.0, 50.0, 50.0, 25.96, 50.0, 50.0, 157.77, 45.26]
d: [3.5, 3.5, 3.5, 3.5, 3.5, 3.5, 3.5, 3.5, 3.5, 3.5, 3.5, 3.5, 3.5, 2.0]
BEST_hyper_parameter
v: [31.29, 24.71, 12.0, 12.0, 19.01, 16.03, 22.75, 12.0, 32.19, 12.0, 12.0, 12.0, 12.0, 31.21]
a: [141.66, 50.0, 104.72, 93.76, 119.68, 119.98, 50.0, 50.0, 50.0, 25.96, 50.0, 50.0, 157.77, 45.26]
d: [3.5, 3.5, 3.5, 3.5, 3.5, 3.5, 3.5, 3.5, 3.5, 3.5, 3.5, 3.5, 3.5, 2.0]
random_idx_1 = 0, random_idx_2 = 13
random_idx_1 = 1, random_idx_2 = 6

iteration: 21
best: [1000.0, 1000.0, 1000.0, 1000.0, 1000.0, 1000.0, 1000.0, 1000.0, 1000.0, 1000.0, 1000.0, 1000.0, 1000.0, 49.23]
time: [5.69, 7.2, 10.76, 13.96, 19.7, 23.3, 34.42, 42.25, 49.41, 1000, 1000, 1000, 1000, 1000]
current_hyper_parameter
v: [31.29, 24.71, 12.0, 12.0, 19.01, 16.03, 22.75, 12.0, 32.19, 12.0, 12.0, 12.0, 12.0, 21.0]
a: [141.66, 50.0, 104.72, 93.76, 119.68, 119.98, 141.66, 50.0, 50.0, 25.96, 50.0, 50.0, 157.77, 45.26]
d: [3.5, 3.5, 3.5, 3.5, 3.5, 3.5, 3.5, 3.5, 3.5, 3.5, 3.5, 3.5, 3.5, 2.0]
BEST_hyper_parameter
v: [31.29, 24.71, 12.0, 12.0, 19.01, 16.03, 22.75, 12.0, 32.19, 12.0, 12.0, 12.0, 12.0, 31.21]
a: [141.66, 50.0, 104.72, 93.76, 119.68, 119.98, 50.0, 50.0, 50.0, 25.96, 50.0, 50.0, 157.77, 45.26]
d: [3.5, 3.5, 3.5, 3.5, 3.5, 3.5, 3.5, 3.5, 3.5, 3.5, 3.5, 3.5, 3.5, 2.0]
random_idx_1 = 0, random_idx_2 = 11
random_idx_1 = 2, random_idx_2 = 0

iteration: 22
best: [1000.0, 1000.0, 1000.0, 1000.0, 1000.0, 1000.0, 1000.0, 1000.0, 1000.0, 1000.0, 1000.0, 1000.0, 1000.0, 49.23]
time: [5.7, 7.29, 10.98, 14.11, 16.73, 20.66, 32.68, 36.39, 38.41, 41.13, 42.95, 45.74, 1000, 1000]
current_hyper_parameter
v: [31.29, 24.71, 12.0, 12.0, 19.01, 16.03, 22.75, 12.0, 32.19, 12.0, 12.0, 18.88, 12.0, 31.21]
a: [141.66, 50.0, 104.72, 93.76, 119.68, 119.98, 50.0, 50.0, 50.0, 25.96, 50.0, 50.0, 157.77, 45.26]
d: [3.5, 3.5, 3.5, 3.5, 3.5, 3.5, 3.5, 3.5, 3.5, 3.5, 3.5, 3.5, 3.5, 2.0]
BEST_hyper_parameter
v: [31.29, 24.71, 12.0, 12.0, 19.01, 16.03, 22.75, 12.0, 32.19, 12.0, 12.0, 12.0, 12.0, 31.21]
a: [141.66, 50.0, 104.72, 93.76, 119.68, 119.98, 50.0, 50.0, 50.0, 25.96, 50.0, 50.0, 157.77, 45.26]
d: [3.5, 3.5, 3.5, 3.5, 3.5, 3.5, 3.5, 3.5, 3.5, 3.5, 3.5, 3.5, 3.5, 2.0]
random_idx_1 = 1, random_idx_2 = 0
random_idx_1 = 0, random_idx_2 = 8

iteration: 23
best: [1000.0, 1000.0, 1000.0, 1000.0, 1000.0, 1000.0, 1000.0, 1000.0, 1000.0, 1000.0, 1000.0, 1000.0, 1000.0, 49.23]
time: [5.8, 7.46, 11.06, 14.14, 16.76, 20.68, 32.72, 36.52, 38.47, 40.94, 42.94, 45.99, 48.28, 50.2]
current_hyper_parameter
v: [31.29, 24.71, 12.0, 12.0, 19.01, 16.03, 22.75, 12.0, 21.15, 12.0, 12.0, 12.0, 12.0, 31.21]
a: [106.7, 50.0, 104.72, 93.76, 119.68, 119.98, 50.0, 50.0, 50.0, 25.96, 50.0, 50.0, 157.77, 45.26]
d: [3.5, 3.5, 3.5, 3.5, 3.5, 3.5, 3.5, 3.5, 3.5, 3.5, 3.5, 3.5, 3.5, 2.0]
BEST_hyper_parameter
v: [31.29, 24.71, 12.0, 12.0, 19.01, 16.03, 22.75, 12.0, 32.19, 12.0, 12.0, 12.0, 12.0, 31.21]
a: [141.66, 50.0, 104.72, 93.76, 119.68, 119.98, 50.0, 50.0, 50.0, 25.96, 50.0, 50.0, 157.77, 45.26]
d: [3.5, 3.5, 3.5, 3.5, 3.5, 3.5, 3.5, 3.5, 3.5, 3.5, 3.5, 3.5, 3.5, 2.0]
random_idx_1 = 0, random_idx_2 = 0
random_idx_1 = 1, random_idx_2 = 0

iteration: 24
best: [1000.0, 1000.0, 1000.0, 1000.0, 1000.0, 1000.0, 1000.0, 1000.0, 1000.0, 1000.0, 1000.0, 1000.0, 1000.0, 49.23]
time: [5.89, 7.63, 11.25, 14.46, 20.14, 24.42, 36.95, 40.5, 42.55, 45.27, 47.09, 1000, 1000, 1000]
current_hyper_parameter
v: [25.71, 24.71, 12.0, 12.0, 19.01, 16.03, 22.75, 12.0, 32.19, 12.0, 12.0, 12.0, 12.0, 31.21]
a: [87.68, 50.0, 104.72, 93.76, 119.68, 119.98, 50.0, 50.0, 50.0, 25.96, 50.0, 50.0, 157.77, 45.26]
d: [3.5, 3.5, 3.5, 3.5, 3.5, 3.5, 3.5, 3.5, 3.5, 3.5, 3.5, 3.5, 3.5, 2.0]
BEST_hyper_parameter
v: [31.29, 24.71, 12.0, 12.0, 19.01, 16.03, 22.75, 12.0, 32.19, 12.0, 12.0, 12.0, 12.0, 31.21]
a: [141.66, 50.0, 104.72, 93.76, 119.68, 119.98, 50.0, 50.0, 50.0, 25.96, 50.0, 50.0, 157.77, 45.26]
d: [3.5, 3.5, 3.5, 3.5, 3.5, 3.5, 3.5, 3.5, 3.5, 3.5, 3.5, 3.5, 3.5, 2.0]
random_idx_1 = 2, random_idx_2 = 7
random_idx_1 = 1, random_idx_2 = 5

iteration: 25
best: [1000.0, 1000.0, 1000.0, 1000.0, 1000.0, 1000.0, 1000.0, 1000.0, 1000.0, 1000.0, 1000.0, 1000.0, 1000.0, 49.23]
time: [5.67, 7.22, 10.83, 17.13, 22.97, 26.54, 38.72, 42.46, 44.52, 47.27, 49.1, 1000, 1000, 1000]
current_hyper_parameter
v: [31.29, 24.71, 12.0, 12.0, 19.01, 16.03, 22.75, 12.0, 32.19, 12.0, 12.0, 12.0, 12.0, 31.21]
a: [141.66, 50.0, 104.72, 93.76, 119.68, 132.98, 50.0, 50.0, 50.0, 25.96, 50.0, 50.0, 157.77, 45.26]
d: [3.5, 3.5, 3.5, 3.5, 3.5, 3.5, 3.5, 3.5, 3.5, 3.5, 3.5, 3.5, 3.5, 2.0]
BEST_hyper_parameter
v: [31.29, 24.71, 12.0, 12.0, 19.01, 16.03, 22.75, 12.0, 32.19, 12.0, 12.0, 12.0, 12.0, 31.21]
a: [141.66, 50.0, 104.72, 93.76, 119.68, 119.98, 50.0, 50.0, 50.0, 25.96, 50.0, 50.0, 157.77, 45.26]
d: [3.5, 3.5, 3.5, 3.5, 3.5, 3.5, 3.5, 3.5, 3.5, 3.5, 3.5, 3.5, 3.5, 2.0]
random_idx_1 = 1, random_idx_2 = 1
random_idx_1 = 0, random_idx_2 = 12

iteration: 26
best: [1000.0, 1000.0, 1000.0, 1000.0, 1000.0, 1000.0, 1000.0, 1000.0, 1000.0, 1000.0, 1000.0, 1000.0, 1000.0, 49.23]
time: [5.73, 7.18, 10.41, 16.64, 22.46, 26.07, 38.23, 42.01, 44.02, 46.76, 48.57, 1000, 1000, 1000]
current_hyper_parameter
v: [31.29, 24.71, 12.0, 12.0, 19.01, 16.03, 22.75, 12.0, 32.19, 12.0, 12.0, 12.0, 10.51, 31.21]
a: [141.66, 116.58, 104.72, 93.76, 119.68, 119.98, 50.0, 50.0, 50.0, 25.96, 50.0, 50.0, 157.77, 45.26]
d: [3.5, 3.5, 3.5, 3.5, 3.5, 3.5, 3.5, 3.5, 3.5, 3.5, 3.5, 3.5, 3.5, 2.0]
BEST_hyper_parameter
v: [31.29, 24.71, 12.0, 12.0, 19.01, 16.03, 22.75, 12.0, 32.19, 12.0, 12.0, 12.0, 12.0, 31.21]
a: [141.66, 50.0, 104.72, 93.76, 119.68, 119.98, 50.0, 50.0, 50.0, 25.96, 50.0, 50.0, 157.77, 45.26]
d: [3.5, 3.5, 3.5, 3.5, 3.5, 3.5, 3.5, 3.5, 3.5, 3.5, 3.5, 3.5, 3.5, 2.0]
random_idx_1 = 0, random_idx_2 = 5
random_idx_1 = 2, random_idx_2 = 4

iteration: 27
best: [1000.0, 1000.0, 1000.0, 1000.0, 1000.0, 1000.0, 1000.0, 1000.0, 1000.0, 1000.0, 1000.0, 1000.0, 1000.0, 49.23]
time: [5.69, 7.29, 10.89, 14.04, 16.69, 20.5, 32.36, 35.91, 37.88, 40.58, 42.39, 45.31, 1000, 1000]
current_hyper_parameter
v: [31.29, 24.71, 12.0, 12.0, 19.01, 18.28, 22.75, 12.0, 32.19, 12.0, 12.0, 12.0, 12.0, 31.21]
a: [141.66, 50.0, 104.72, 93.76, 119.68, 119.98, 50.0, 50.0, 50.0, 25.96, 50.0, 50.0, 157.77, 45.26]
d: [3.5, 3.5, 3.5, 3.5, 3.5, 3.5, 3.5, 3.5, 3.5, 3.5, 3.5, 3.5, 3.5, 2.0]
BEST_hyper_parameter
v: [31.29, 24.71, 12.0, 12.0, 19.01, 16.03, 22.75, 12.0, 32.19, 12.0, 12.0, 12.0, 12.0, 31.21]
a: [141.66, 50.0, 104.72, 93.76, 119.68, 119.98, 50.0, 50.0, 50.0, 25.96, 50.0, 50.0, 157.77, 45.26]
d: [3.5, 3.5, 3.5, 3.5, 3.5, 3.5, 3.5, 3.5, 3.5, 3.5, 3.5, 3.5, 3.5, 2.0]
random_idx_1 = 1, random_idx_2 = 0
random_idx_1 = 0, random_idx_2 = 6

iteration: 28
best: [1000.0, 1000.0, 1000.0, 1000.0, 1000.0, 1000.0, 1000.0, 1000.0, 1000.0, 1000.0, 1000.0, 1000.0, 1000.0, 49.23]
time: [6.37, 8.47, 12.31, 15.53, 21.32, 24.85, 43.4, 47.62, 49.72, 1000, 1000, 1000, 1000, 1000]
current_hyper_parameter
v: [31.29, 24.71, 12.0, 12.0, 19.01, 16.03, 11.4, 12.0, 32.19, 12.0, 12.0, 12.0, 12.0, 31.21]
a: [54.43, 50.0, 104.72, 93.76, 119.68, 119.98, 50.0, 50.0, 50.0, 25.96, 50.0, 50.0, 157.77, 45.26]
d: [3.5, 3.5, 3.5, 3.5, 3.5, 3.5, 3.5, 3.5, 3.5, 3.5, 3.5, 3.5, 3.5, 2.0]
BEST_hyper_parameter
v: [31.29, 24.71, 12.0, 12.0, 19.01, 16.03, 22.75, 12.0, 32.19, 12.0, 12.0, 12.0, 12.0, 31.21]
a: [141.66, 50.0, 104.72, 93.76, 119.68, 119.98, 50.0, 50.0, 50.0, 25.96, 50.0, 50.0, 157.77, 45.26]
d: [3.5, 3.5, 3.5, 3.5, 3.5, 3.5, 3.5, 3.5, 3.5, 3.5, 3.5, 3.5, 3.5, 2.0]
random_idx_1 = 0, random_idx_2 = 8
random_idx_1 = 2, random_idx_2 = 13

iteration: 29
best: [1000.0, 1000.0, 1000.0, 1000.0, 1000.0, 1000.0, 1000.0, 1000.0, 1000.0, 1000.0, 1000.0, 1000.0, 1000.0, 49.23]
time: [5.69, 7.19, 10.73, 13.94, 1000, 1000, 1000, 1000, 1000, 1000, 1000, 1000, 1000, 1000]
current_hyper_parameter
v: [31.29, 24.71, 12.0, 12.0, 19.01, 16.03, 22.75, 12.0, 33.95, 12.0, 12.0, 12.0, 12.0, 31.21]
a: [141.66, 50.0, 104.72, 93.76, 119.68, 119.98, 50.0, 50.0, 50.0, 25.96, 50.0, 50.0, 157.77, 45.26]
d: [3.5, 3.5, 3.5, 3.5, 3.5, 3.5, 3.5, 3.5, 3.5, 3.5, 3.5, 3.5, 3.5, 2.0]
BEST_hyper_parameter
v: [31.29, 24.71, 12.0, 12.0, 19.01, 16.03, 22.75, 12.0, 32.19, 12.0, 12.0, 12.0, 12.0, 31.21]
a: [141.66, 50.0, 104.72, 93.76, 119.68, 119.98, 50.0, 50.0, 50.0, 25.96, 50.0, 50.0, 157.77, 45.26]
d: [3.5, 3.5, 3.5, 3.5, 3.5, 3.5, 3.5, 3.5, 3.5, 3.5, 3.5, 3.5, 3.5, 2.0]
random_idx_1 = 2, random_idx_2 = 12
random_idx_1 = 2, random_idx_2 = 9

iteration: 30
best: [1000.0, 1000.0, 1000.0, 1000.0, 1000.0, 1000.0, 1000.0, 1000.0, 1000.0, 1000.0, 1000.0, 1000.0, 1000.0, 49.23]
time: [5.66, 7.22, 10.78, 14.02, 19.64, 23.32, 35.71, 39.49, 41.61, 44.31, 46.39, 49.29, 1000, 1000]
current_hyper_parameter
v: [31.29, 24.71, 12.0, 12.0, 19.01, 16.03, 22.75, 12.0, 32.19, 12.0, 12.0, 12.0, 12.0, 31.21]
a: [141.66, 50.0, 104.72, 93.76, 119.68, 119.98, 50.0, 50.0, 50.0, 25.96, 50.0, 50.0, 157.77, 45.26]
d: [3.5, 3.5, 3.5, 3.5, 3.5, 3.5, 3.5, 3.5, 3.5, 3.5, 3.5, 3.5, 3.5, 2.0]
BEST_hyper_parameter
v: [31.29, 24.71, 12.0, 12.0, 19.01, 16.03, 22.75, 12.0, 32.19, 12.0, 12.0, 12.0, 12.0, 31.21]
a: [141.66, 50.0, 104.72, 93.76, 119.68, 119.98, 50.0, 50.0, 50.0, 25.96, 50.0, 50.0, 157.77, 45.26]
d: [3.5, 3.5, 3.5, 3.5, 3.5, 3.5, 3.5, 3.5, 3.5, 3.5, 3.5, 3.5, 3.5, 2.0]
random_idx_1 = 0, random_idx_2 = 5
random_idx_1 = 0, random_idx_2 = 3

iteration: 31
best: [1000.0, 1000.0, 1000.0, 1000.0, 1000.0, 1000.0, 1000.0, 1000.0, 1000.0, 1000.0, 1000.0, 1000.0, 1000.0, 49.23]
time: [5.67, 7.23, 10.78, 16.73, 19.98, 23.45, 34.81, 38.46, 40.47, 43.2, 44.98, 47.91, 50.04, 1000]
current_hyper_parameter
v: [31.29, 24.71, 12.0, 19.14, 19.01, 25.14, 22.75, 12.0, 32.19, 12.0, 12.0, 12.0, 12.0, 31.21]
a: [141.66, 50.0, 104.72, 93.76, 119.68, 119.98, 50.0, 50.0, 50.0, 25.96, 50.0, 50.0, 157.77, 45.26]
d: [3.5, 3.5, 3.5, 3.5, 3.5, 3.5, 3.5, 3.5, 3.5, 3.5, 3.5, 3.5, 3.5, 2.0]
BEST_hyper_parameter
v: [31.29, 24.71, 12.0, 12.0, 19.01, 16.03, 22.75, 12.0, 32.19, 12.0, 12.0, 12.0, 12.0, 31.21]
a: [141.66, 50.0, 104.72, 93.76, 119.68, 119.98, 50.0, 50.0, 50.0, 25.96, 50.0, 50.0, 157.77, 45.26]
d: [3.5, 3.5, 3.5, 3.5, 3.5, 3.5, 3.5, 3.5, 3.5, 3.5, 3.5, 3.5, 3.5, 2.0]
random_idx_1 = 0, random_idx_2 = 6
random_idx_1 = 0, random_idx_2 = 3

iteration: 32
best: [1000.0, 1000.0, 1000.0, 1000.0, 1000.0, 1000.0, 1000.0, 1000.0, 1000.0, 1000.0, 1000.0, 1000.0, 1000.0, 49.23]
time: [5.73, 7.33, 10.98, 17.05, 20.55, 24.07, 35.38, 39.13, 41.14, 43.75, 45.52, 48.52, 1000, 1000]
current_hyper_parameter
v: [31.29, 24.71, 12.0, 20.22, 19.01, 16.03, 33.08, 12.0, 32.19, 12.0, 12.0, 12.0, 12.0, 31.21]
a: [141.66, 50.0, 104.72, 93.76, 119.68, 119.98, 50.0, 50.0, 50.0, 25.96, 50.0, 50.0, 157.77, 45.26]
d: [3.5, 3.5, 3.5, 3.5, 3.5, 3.5, 3.5, 3.5, 3.5, 3.5, 3.5, 3.5, 3.5, 2.0]
BEST_hyper_parameter
v: [31.29, 24.71, 12.0, 12.0, 19.01, 16.03, 22.75, 12.0, 32.19, 12.0, 12.0, 12.0, 12.0, 31.21]
a: [141.66, 50.0, 104.72, 93.76, 119.68, 119.98, 50.0, 50.0, 50.0, 25.96, 50.0, 50.0, 157.77, 45.26]
d: [3.5, 3.5, 3.5, 3.5, 3.5, 3.5, 3.5, 3.5, 3.5, 3.5, 3.5, 3.5, 3.5, 2.0]
random_idx_1 = 0, random_idx_2 = 11
random_idx_1 = 0, random_idx_2 = 9

iteration: 33
best: [1000.0, 1000.0, 1000.0, 1000.0, 1000.0, 1000.0, 1000.0, 1000.0, 1000.0, 1000.0, 1000.0, 1000.0, 1000.0, 49.23]
time: [5.72, 7.23, 10.82, 14.07, 16.75, 20.66, 32.7, 36.54, 38.58, 41.3, 43.05, 45.85, 47.84, 50.03]
current_hyper_parameter
v: [31.29, 24.71, 12.0, 12.0, 19.01, 16.03, 22.75, 12.0, 32.19, 21.64, 12.0, 16.06, 12.0, 31.21]
a: [141.66, 50.0, 104.72, 93.76, 119.68, 119.98, 50.0, 50.0, 50.0, 25.96, 50.0, 50.0, 157.77, 45.26]
d: [3.5, 3.5, 3.5, 3.5, 3.5, 3.5, 3.5, 3.5, 3.5, 3.5, 3.5, 3.5, 3.5, 2.0]
BEST_hyper_parameter
v: [31.29, 24.71, 12.0, 12.0, 19.01, 16.03, 22.75, 12.0, 32.19, 12.0, 12.0, 12.0, 12.0, 31.21]
a: [141.66, 50.0, 104.72, 93.76, 119.68, 119.98, 50.0, 50.0, 50.0, 25.96, 50.0, 50.0, 157.77, 45.26]
d: [3.5, 3.5, 3.5, 3.5, 3.5, 3.5, 3.5, 3.5, 3.5, 3.5, 3.5, 3.5, 3.5, 2.0]
random_idx_1 = 1, random_idx_2 = 6
random_idx_1 = 0, random_idx_2 = 3

iteration: 34
best: [1000.0, 1000.0, 1000.0, 1000.0, 1000.0, 1000.0, 1000.0, 1000.0, 1000.0, 1000.0, 1000.0, 1000.0, 1000.0, 49.23]
time: [5.67, 7.25, 10.82, 13.42, 19.19, 22.77, 35.16, 38.87, 40.96, 43.77, 45.54, 48.47, 1000, 1000]
current_hyper_parameter
v: [31.29, 24.71, 12.0, 34.09, 19.01, 16.03, 22.75, 12.0, 32.19, 12.0, 12.0, 12.0, 12.0, 31.21]
a: [141.66, 50.0, 104.72, 93.76, 119.68, 119.98, 55.74, 50.0, 50.0, 25.96, 50.0, 50.0, 157.77, 45.26]
d: [3.5, 3.5, 3.5, 3.5, 3.5, 3.5, 3.5, 3.5, 3.5, 3.5, 3.5, 3.5, 3.5, 2.0]
BEST_hyper_parameter
v: [31.29, 24.71, 12.0, 12.0, 19.01, 16.03, 22.75, 12.0, 32.19, 12.0, 12.0, 12.0, 12.0, 31.21]
a: [141.66, 50.0, 104.72, 93.76, 119.68, 119.98, 50.0, 50.0, 50.0, 25.96, 50.0, 50.0, 157.77, 45.26]
d: [3.5, 3.5, 3.5, 3.5, 3.5, 3.5, 3.5, 3.5, 3.5, 3.5, 3.5, 3.5, 3.5, 2.0]
random_idx_1 = 2, random_idx_2 = 0
random_idx_1 = 0, random_idx_2 = 5

iteration: 35
best: [1000.0, 1000.0, 1000.0, 1000.0, 1000.0, 1000.0, 1000.0, 1000.0, 1000.0, 1000.0, 1000.0, 1000.0, 1000.0, 49.23]
time: [5.72, 7.22, 10.79, 17.08, 23.01, 26.06, 37.0, 41.08, 43.19, 46.28, 48.07, 1000, 1000, 1000]
current_hyper_parameter
v: [31.29, 24.71, 12.0, 12.0, 19.01, 34.15, 22.75, 12.0, 32.19, 12.0, 12.0, 12.0, 12.0, 31.21]
a: [141.66, 50.0, 104.72, 93.76, 119.68, 119.98, 50.0, 50.0, 50.0, 25.96, 50.0, 50.0, 157.77, 45.26]
d: [3.5, 3.5, 3.5, 3.5, 3.5, 3.5, 3.5, 3.5, 3.5, 3.5, 3.5, 3.5, 3.5, 2.0]
BEST_hyper_parameter
v: [31.29, 24.71, 12.0, 12.0, 19.01, 16.03, 22.75, 12.0, 32.19, 12.0, 12.0, 12.0, 12.0, 31.21]
a: [141.66, 50.0, 104.72, 93.76, 119.68, 119.98, 50.0, 50.0, 50.0, 25.96, 50.0, 50.0, 157.77, 45.26]
d: [3.5, 3.5, 3.5, 3.5, 3.5, 3.5, 3.5, 3.5, 3.5, 3.5, 3.5, 3.5, 3.5, 2.0]
random_idx_1 = 1, random_idx_2 = 10
random_idx_1 = 2, random_idx_2 = 9

iteration: 36
best: [1000.0, 1000.0, 1000.0, 1000.0, 1000.0, 1000.0, 1000.0, 1000.0, 1000.0, 1000.0, 1000.0, 1000.0, 1000.0, 49.23]
time: [5.68, 7.24, 10.82, 14.03, 16.69, 20.62, 32.65, 36.49, 38.52, 41.12, 42.69, 45.76, 47.95, 49.62]
current_hyper_parameter
v: [31.29, 24.71, 12.0, 12.0, 19.01, 16.03, 22.75, 12.0, 32.19, 12.0, 12.0, 12.0, 12.0, 31.21]
a: [141.66, 50.0, 104.72, 93.76, 119.68, 119.98, 50.0, 50.0, 50.0, 25.96, 127.62, 50.0, 157.77, 45.26]
d: [3.5, 3.5, 3.5, 3.5, 3.5, 3.5, 3.5, 3.5, 3.5, 3.5, 3.5, 3.5, 3.5, 2.0]
BEST_hyper_parameter
v: [31.29, 24.71, 12.0, 12.0, 19.01, 16.03, 22.75, 12.0, 32.19, 12.0, 12.0, 12.0, 12.0, 31.21]
a: [141.66, 50.0, 104.72, 93.76, 119.68, 119.98, 50.0, 50.0, 50.0, 25.96, 50.0, 50.0, 157.77, 45.26]
d: [3.5, 3.5, 3.5, 3.5, 3.5, 3.5, 3.5, 3.5, 3.5, 3.5, 3.5, 3.5, 3.5, 2.0]
random_idx_1 = 2, random_idx_2 = 12
random_idx_1 = 2, random_idx_2 = 3

iteration: 37
best: [1000.0, 1000.0, 1000.0, 1000.0, 1000.0, 1000.0, 1000.0, 1000.0, 1000.0, 1000.0, 1000.0, 1000.0, 1000.0, 49.23]
time: [5.67, 7.26, 10.9, 14.04, 16.69, 20.64, 32.66, 36.46, 38.4, 40.98, 42.83, 45.81, 55.05, 1000]
current_hyper_parameter
v: [31.29, 24.71, 12.0, 12.0, 19.01, 16.03, 22.75, 12.0, 32.19, 12.0, 12.0, 12.0, 12.0, 31.21]
a: [141.66, 50.0, 104.72, 93.76, 119.68, 119.98, 50.0, 50.0, 50.0, 25.96, 50.0, 50.0, 157.77, 45.26]
d: [3.5, 3.5, 3.5, 3.5, 3.5, 3.5, 3.5, 3.5, 3.5, 3.5, 3.5, 3.5, 3.5, 2.0]
BEST_hyper_parameter
v: [31.29, 24.71, 12.0, 12.0, 19.01, 16.03, 22.75, 12.0, 32.19, 12.0, 12.0, 12.0, 12.0, 31.21]
a: [141.66, 50.0, 104.72, 93.76, 119.68, 119.98, 50.0, 50.0, 50.0, 25.96, 50.0, 50.0, 157.77, 45.26]
d: [3.5, 3.5, 3.5, 3.5, 3.5, 3.5, 3.5, 3.5, 3.5, 3.5, 3.5, 3.5, 3.5, 2.0]
random_idx_1 = 1, random_idx_2 = 10
random_idx_1 = 1, random_idx_2 = 9

iteration: 38
best: [1000.0, 1000.0, 1000.0, 1000.0, 1000.0, 1000.0, 1000.0, 1000.0, 1000.0, 1000.0, 1000.0, 1000.0, 1000.0, 49.23]
time: [5.72, 7.21, 10.8, 17.08, 23.0, 26.59, 38.78, 42.5, 44.49, 46.8, 52.64, 1000, 1000, 1000]
current_hyper_parameter
v: [31.29, 24.71, 12.0, 12.0, 19.01, 16.03, 22.75, 12.0, 32.19, 12.0, 12.0, 12.0, 12.0, 31.21]
a: [141.66, 50.0, 104.72, 93.76, 119.68, 119.98, 50.0, 50.0, 50.0, 104.69, 40.96, 50.0, 157.77, 45.26]
d: [3.5, 3.5, 3.5, 3.5, 3.5, 3.5, 3.5, 3.5, 3.5, 3.5, 3.5, 3.5, 3.5, 2.0]
BEST_hyper_parameter
v: [31.29, 24.71, 12.0, 12.0, 19.01, 16.03, 22.75, 12.0, 32.19, 12.0, 12.0, 12.0, 12.0, 31.21]
a: [141.66, 50.0, 104.72, 93.76, 119.68, 119.98, 50.0, 50.0, 50.0, 25.96, 50.0, 50.0, 157.77, 45.26]
d: [3.5, 3.5, 3.5, 3.5, 3.5, 3.5, 3.5, 3.5, 3.5, 3.5, 3.5, 3.5, 3.5, 2.0]
random_idx_1 = 1, random_idx_2 = 8
random_idx_1 = 1, random_idx_2 = 12

iteration: 39
best: [1000.0, 1000.0, 1000.0, 1000.0, 1000.0, 1000.0, 1000.0, 1000.0, 1000.0, 1000.0, 1000.0, 1000.0, 1000.0, 49.23]
time: [5.71, 7.2, 10.78, 13.97, 19.71, 23.39, 36.02, 39.97, 41.64, 44.03, 45.88, 48.77, 1000, 1000]
current_hyper_parameter
v: [31.29, 24.71, 12.0, 12.0, 19.01, 16.03, 22.75, 12.0, 32.19, 12.0, 12.0, 12.0, 12.0, 31.21]
a: [141.66, 50.0, 104.72, 93.76, 119.68, 119.98, 50.0, 50.0, 88.34, 25.96, 50.0, 50.0, 65.6, 45.26]
d: [3.5, 3.5, 3.5, 3.5, 3.5, 3.5, 3.5, 3.5, 3.5, 3.5, 3.5, 3.5, 3.5, 2.0]
BEST_hyper_parameter
v: [31.29, 24.71, 12.0, 12.0, 19.01, 16.03, 22.75, 12.0, 32.19, 12.0, 12.0, 12.0, 12.0, 31.21]
a: [141.66, 50.0, 104.72, 93.76, 119.68, 119.98, 50.0, 50.0, 50.0, 25.96, 50.0, 50.0, 157.77, 45.26]
d: [3.5, 3.5, 3.5, 3.5, 3.5, 3.5, 3.5, 3.5, 3.5, 3.5, 3.5, 3.5, 3.5, 2.0]
random_idx_1 = 1, random_idx_2 = 2
random_idx_1 = 2, random_idx_2 = 10

iteration: 40
best: [1000.0, 1000.0, 1000.0, 1000.0, 1000.0, 1000.0, 1000.0, 1000.0, 1000.0, 1000.0, 1000.0, 1000.0, 1000.0, 49.23]
time: [5.7, 7.25, 10.81, 14.06, 16.72, 20.67, 32.7, 36.51, 38.5, 41.09, 42.91, 45.91, 1000, 1000]
current_hyper_parameter
v: [31.29, 24.71, 12.0, 12.0, 19.01, 16.03, 22.75, 12.0, 32.19, 12.0, 12.0, 12.0, 12.0, 31.21]
a: [141.66, 50.0, 95.98, 93.76, 119.68, 119.98, 50.0, 50.0, 50.0, 25.96, 50.0, 50.0, 157.77, 45.26]
d: [3.5, 3.5, 3.5, 3.5, 3.5, 3.5, 3.5, 3.5, 3.5, 3.5, 3.5, 3.5, 3.5, 2.0]
BEST_hyper_parameter
v: [31.29, 24.71, 12.0, 12.0, 19.01, 16.03, 22.75, 12.0, 32.19, 12.0, 12.0, 12.0, 12.0, 31.21]
a: [141.66, 50.0, 104.72, 93.76, 119.68, 119.98, 50.0, 50.0, 50.0, 25.96, 50.0, 50.0, 157.77, 45.26]
d: [3.5, 3.5, 3.5, 3.5, 3.5, 3.5, 3.5, 3.5, 3.5, 3.5, 3.5, 3.5, 3.5, 2.0]
random_idx_1 = 0, random_idx_2 = 11
random_idx_1 = 1, random_idx_2 = 8

iteration: 41
best: [1000.0, 1000.0, 1000.0, 1000.0, 1000.0, 1000.0, 1000.0, 1000.0, 1000.0, 1000.0, 1000.0, 1000.0, 1000.0, 49.23]
time: [5.7, 7.27, 10.81, 14.05, 19.72, 23.37, 35.91, 39.54, 48.47, 1000, 1000, 1000, 1000, 1000]
current_hyper_parameter
v: [31.29, 24.71, 12.0, 12.0, 19.01, 16.03, 22.75, 12.0, 32.19, 12.0, 12.0, 12.24, 12.0, 31.21]
a: [141.66, 50.0, 104.72, 93.76, 119.68, 119.98, 50.0, 50.0, 155.98, 25.96, 50.0, 50.0, 157.77, 45.26]
d: [3.5, 3.5, 3.5, 3.5, 3.5, 3.5, 3.5, 3.5, 3.5, 3.5, 3.5, 3.5, 3.5, 2.0]
BEST_hyper_parameter
v: [31.29, 24.71, 12.0, 12.0, 19.01, 16.03, 22.75, 12.0, 32.19, 12.0, 12.0, 12.0, 12.0, 31.21]
a: [141.66, 50.0, 104.72, 93.76, 119.68, 119.98, 50.0, 50.0, 50.0, 25.96, 50.0, 50.0, 157.77, 45.26]
d: [3.5, 3.5, 3.5, 3.5, 3.5, 3.5, 3.5, 3.5, 3.5, 3.5, 3.5, 3.5, 3.5, 2.0]
random_idx_1 = 0, random_idx_2 = 4
random_idx_1 = 0, random_idx_2 = 2

iteration: 42
best: [1000.0, 1000.0, 1000.0, 1000.0, 1000.0, 1000.0, 1000.0, 1000.0, 1000.0, 1000.0, 1000.0, 1000.0, 1000.0, 49.23]
time: [5.71, 7.26, 10.37, 16.33, 22.24, 25.8, 38.37, 42.08, 44.16, 46.87, 48.6, 1000, 1000, 1000]
current_hyper_parameter
v: [31.29, 24.71, 17.83, 12.0, 16.24, 16.03, 22.75, 12.0, 32.19, 12.0, 12.0, 12.0, 12.0, 31.21]
a: [141.66, 50.0, 104.72, 93.76, 119.68, 119.98, 50.0, 50.0, 50.0, 25.96, 50.0, 50.0, 157.77, 45.26]
d: [3.5, 3.5, 3.5, 3.5, 3.5, 3.5, 3.5, 3.5, 3.5, 3.5, 3.5, 3.5, 3.5, 2.0]
BEST_hyper_parameter
v: [31.29, 24.71, 12.0, 12.0, 19.01, 16.03, 22.75, 12.0, 32.19, 12.0, 12.0, 12.0, 12.0, 31.21]
a: [141.66, 50.0, 104.72, 93.76, 119.68, 119.98, 50.0, 50.0, 50.0, 25.96, 50.0, 50.0, 157.77, 45.26]
d: [3.5, 3.5, 3.5, 3.5, 3.5, 3.5, 3.5, 3.5, 3.5, 3.5, 3.5, 3.5, 3.5, 2.0]
random_idx_1 = 0, random_idx_2 = 7
random_idx_1 = 0, random_idx_2 = 4

iteration: 43
best: [1000.0, 1000.0, 1000.0, 1000.0, 1000.0, 1000.0, 1000.0, 1000.0, 1000.0, 1000.0, 1000.0, 1000.0, 1000.0, 49.23]
time: [5.68, 7.19, 10.72, 13.96, 20.4, 38.4, 1000, 1000, 1000, 1000, 1000, 1000, 1000, 1000]
current_hyper_parameter
v: [31.29, 24.71, 12.0, 12.0, 11.89, 16.03, 22.75, 33.38, 32.19, 12.0, 12.0, 12.0, 12.0, 31.21]
a: [141.66, 50.0, 104.72, 93.76, 119.68, 119.98, 50.0, 50.0, 50.0, 25.96, 50.0, 50.0, 157.77, 45.26]
d: [3.5, 3.5, 3.5, 3.5, 3.5, 3.5, 3.5, 3.5, 3.5, 3.5, 3.5, 3.5, 3.5, 2.0]
BEST_hyper_parameter
v: [31.29, 24.71, 12.0, 12.0, 19.01, 16.03, 22.75, 12.0, 32.19, 12.0, 12.0, 12.0, 12.0, 31.21]
a: [141.66, 50.0, 104.72, 93.76, 119.68, 119.98, 50.0, 50.0, 50.0, 25.96, 50.0, 50.0, 157.77, 45.26]
d: [3.5, 3.5, 3.5, 3.5, 3.5, 3.5, 3.5, 3.5, 3.5, 3.5, 3.5, 3.5, 3.5, 2.0]
random_idx_1 = 0, random_idx_2 = 8
random_idx_1 = 1, random_idx_2 = 13

iteration: 44
best: [1000.0, 1000.0, 1000.0, 1000.0, 1000.0, 1000.0, 1000.0, 1000.0, 1000.0, 1000.0, 1000.0, 1000.0, 1000.0, 49.23]
time: [5.72, 7.39, 11.0, 14.1, 16.73, 20.67, 32.78, 36.46, 38.49, 41.11, 42.96, 45.88, 47.99, 49.53]
current_hyper_parameter
v: [31.29, 24.71, 12.0, 12.0, 19.01, 16.03, 22.75, 12.0, 24.93, 12.0, 12.0, 12.0, 12.0, 31.21]
a: [141.66, 50.0, 104.72, 93.76, 119.68, 119.98, 50.0, 50.0, 50.0, 25.96, 50.0, 50.0, 157.77, 147.56]
d: [3.5, 3.5, 3.5, 3.5, 3.5, 3.5, 3.5, 3.5, 3.5, 3.5, 3.5, 3.5, 3.5, 2.0]
BEST_hyper_parameter
v: [31.29, 24.71, 12.0, 12.0, 19.01, 16.03, 22.75, 12.0, 32.19, 12.0, 12.0, 12.0, 12.0, 31.21]
a: [141.66, 50.0, 104.72, 93.76, 119.68, 119.98, 50.0, 50.0, 50.0, 25.96, 50.0, 50.0, 157.77, 45.26]
d: [3.5, 3.5, 3.5, 3.5, 3.5, 3.5, 3.5, 3.5, 3.5, 3.5, 3.5, 3.5, 3.5, 2.0]
random_idx_1 = 1, random_idx_2 = 6
random_idx_1 = 2, random_idx_2 = 8

iteration: 45
best: [1000.0, 1000.0, 1000.0, 1000.0, 1000.0, 1000.0, 1000.0, 1000.0, 1000.0, 1000.0, 1000.0, 1000.0, 1000.0, 49.23]
time: [5.72, 7.29, 10.83, 14.02, 19.83, 23.35, 35.07, 42.98, 45.67, 48.4, 50.2, 1000, 1000, 1000]
current_hyper_parameter
v: [31.29, 24.71, 12.0, 12.0, 19.01, 16.03, 22.75, 12.0, 32.19, 12.0, 12.0, 12.0, 12.0, 31.21]
a: [141.66, 50.0, 104.72, 93.76, 119.68, 119.98, 81.31, 50.0, 50.0, 25.96, 50.0, 50.0, 157.77, 45.26]
d: [3.5, 3.5, 3.5, 3.5, 3.5, 3.5, 3.5, 3.5, 3.5, 3.5, 3.5, 3.5, 3.5, 2.0]
BEST_hyper_parameter
v: [31.29, 24.71, 12.0, 12.0, 19.01, 16.03, 22.75, 12.0, 32.19, 12.0, 12.0, 12.0, 12.0, 31.21]
a: [141.66, 50.0, 104.72, 93.76, 119.68, 119.98, 50.0, 50.0, 50.0, 25.96, 50.0, 50.0, 157.77, 45.26]
d: [3.5, 3.5, 3.5, 3.5, 3.5, 3.5, 3.5, 3.5, 3.5, 3.5, 3.5, 3.5, 3.5, 2.0]
random_idx_1 = 1, random_idx_2 = 1
random_idx_1 = 0, random_idx_2 = 5

iteration: 46
best: [1000.0, 1000.0, 1000.0, 1000.0, 1000.0, 1000.0, 1000.0, 1000.0, 1000.0, 1000.0, 1000.0, 1000.0, 1000.0, 49.23]
time: [5.71, 7.28, 10.83, 14.02, 19.66, 23.32, 35.84, 39.59, 41.65, 44.28, 46.04, 49.02, 1000, 1000]
current_hyper_parameter
v: [31.29, 24.71, 12.0, 12.0, 19.01, 17.16, 22.75, 12.0, 32.19, 12.0, 12.0, 12.0, 12.0, 31.21]
a: [141.66, 50.77, 104.72, 93.76, 119.68, 119.98, 50.0, 50.0, 50.0, 25.96, 50.0, 50.0, 157.77, 45.26]
d: [3.5, 3.5, 3.5, 3.5, 3.5, 3.5, 3.5, 3.5, 3.5, 3.5, 3.5, 3.5, 3.5, 2.0]
BEST_hyper_parameter
v: [31.29, 24.71, 12.0, 12.0, 19.01, 16.03, 22.75, 12.0, 32.19, 12.0, 12.0, 12.0, 12.0, 31.21]
a: [141.66, 50.0, 104.72, 93.76, 119.68, 119.98, 50.0, 50.0, 50.0, 25.96, 50.0, 50.0, 157.77, 45.26]
d: [3.5, 3.5, 3.5, 3.5, 3.5, 3.5, 3.5, 3.5, 3.5, 3.5, 3.5, 3.5, 3.5, 2.0]
random_idx_1 = 1, random_idx_2 = 2
random_idx_1 = 2, random_idx_2 = 4

iteration: 47
best: [1000.0, 1000.0, 1000.0, 1000.0, 1000.0, 1000.0, 1000.0, 1000.0, 1000.0, 1000.0, 1000.0, 1000.0, 1000.0, 49.23]
time: [5.73, 7.31, 11.1, 14.44, 20.29, 23.87, 36.69, 40.47, 42.58, 45.29, 47.08, 1000, 1000, 1000]
current_hyper_parameter
v: [31.29, 24.71, 12.0, 12.0, 19.01, 16.03, 22.75, 12.0, 32.19, 12.0, 12.0, 12.0, 12.0, 31.21]
a: [141.66, 50.0, 55.99, 93.76, 119.68, 119.98, 50.0, 50.0, 50.0, 25.96, 50.0, 50.0, 157.77, 45.26]
d: [3.5, 3.5, 3.5, 3.5, 3.5, 3.5, 3.5, 3.5, 3.5, 3.5, 3.5, 3.5, 3.5, 2.0]
BEST_hyper_parameter
v: [31.29, 24.71, 12.0, 12.0, 19.01, 16.03, 22.75, 12.0, 32.19, 12.0, 12.0, 12.0, 12.0, 31.21]
a: [141.66, 50.0, 104.72, 93.76, 119.68, 119.98, 50.0, 50.0, 50.0, 25.96, 50.0, 50.0, 157.77, 45.26]
d: [3.5, 3.5, 3.5, 3.5, 3.5, 3.5, 3.5, 3.5, 3.5, 3.5, 3.5, 3.5, 3.5, 2.0]
random_idx_1 = 0, random_idx_2 = 3
random_idx_1 = 0, random_idx_2 = 5

iteration: 48
best: [1000.0, 1000.0, 1000.0, 1000.0, 1000.0, 1000.0, 1000.0, 1000.0, 1000.0, 1000.0, 1000.0, 1000.0, 1000.0, 49.23]
time: [5.71, 7.25, 10.85, 13.94, 19.7, 23.02, 34.68, 38.39, 40.46, 43.22, 45.02, 48.01, 1000, 1000]
current_hyper_parameter
v: [31.29, 24.71, 12.0, 13.32, 19.01, 22.6, 22.75, 12.0, 32.19, 12.0, 12.0, 12.0, 12.0, 31.21]
a: [141.66, 50.0, 104.72, 93.76, 119.68, 119.98, 50.0, 50.0, 50.0, 25.96, 50.0, 50.0, 157.77, 45.26]
d: [3.5, 3.5, 3.5, 3.5, 3.5, 3.5, 3.5, 3.5, 3.5, 3.5, 3.5, 3.5, 3.5, 2.0]
BEST_hyper_parameter
v: [31.29, 24.71, 12.0, 12.0, 19.01, 16.03, 22.75, 12.0, 32.19, 12.0, 12.0, 12.0, 12.0, 31.21]
a: [141.66, 50.0, 104.72, 93.76, 119.68, 119.98, 50.0, 50.0, 50.0, 25.96, 50.0, 50.0, 157.77, 45.26]
d: [3.5, 3.5, 3.5, 3.5, 3.5, 3.5, 3.5, 3.5, 3.5, 3.5, 3.5, 3.5, 3.5, 2.0]
random_idx_1 = 0, random_idx_2 = 1
random_idx_1 = 1, random_idx_2 = 8

iteration: 49
best: [1000.0, 1000.0, 1000.0, 1000.0, 1000.0, 1000.0, 1000.0, 1000.0, 1000.0, 1000.0, 1000.0, 1000.0, 1000.0, 49.23]
time: [5.71, 7.23, 10.83, 17.1, 23.01, 26.61, 38.82, 42.54, 44.25, 1000, 1000, 1000, 1000, 1000]
current_hyper_parameter
v: [31.29, 31.45, 12.0, 12.0, 19.01, 16.03, 22.75, 12.0, 32.19, 12.0, 12.0, 12.0, 12.0, 31.21]
a: [141.66, 50.0, 104.72, 93.76, 119.68, 119.98, 50.0, 50.0, 74.08, 25.96, 50.0, 50.0, 157.77, 45.26]
d: [3.5, 3.5, 3.5, 3.5, 3.5, 3.5, 3.5, 3.5, 3.5, 3.5, 3.5, 3.5, 3.5, 2.0]
BEST_hyper_parameter
v: [31.29, 24.71, 12.0, 12.0, 19.01, 16.03, 22.75, 12.0, 32.19, 12.0, 12.0, 12.0, 12.0, 31.21]
a: [141.66, 50.0, 104.72, 93.76, 119.68, 119.98, 50.0, 50.0, 50.0, 25.96, 50.0, 50.0, 157.77, 45.26]
d: [3.5, 3.5, 3.5, 3.5, 3.5, 3.5, 3.5, 3.5, 3.5, 3.5, 3.5, 3.5, 3.5, 2.0]
random_idx_1 = 1, random_idx_2 = 5
random_idx_1 = 2, random_idx_2 = 1

iteration: 50
best: [1000.0, 1000.0, 1000.0, 1000.0, 1000.0, 1000.0, 1000.0, 1000.0, 1000.0, 1000.0, 1000.0, 1000.0, 1000.0, 49.23]
time: [5.72, 7.22, 10.78, 14.04, 16.74, 20.77, 33.11, 37.06, 39.04, 41.64, 43.41, 46.39, 48.51, 1000]
current_hyper_parameter
v: [31.29, 24.71, 12.0, 12.0, 19.01, 16.03, 22.75, 12.0, 32.19, 12.0, 12.0, 12.0, 12.0, 31.21]
a: [141.66, 50.0, 104.72, 93.76, 119.68, 102.6, 50.0, 50.0, 50.0, 25.96, 50.0, 50.0, 157.77, 45.26]
d: [3.5, 3.5, 3.5, 3.5, 3.5, 3.5, 3.5, 3.5, 3.5, 3.5, 3.5, 3.5, 3.5, 2.0]
BEST_hyper_parameter
v: [31.29, 24.71, 12.0, 12.0, 19.01, 16.03, 22.75, 12.0, 32.19, 12.0, 12.0, 12.0, 12.0, 31.21]
a: [141.66, 50.0, 104.72, 93.76, 119.68, 119.98, 50.0, 50.0, 50.0, 25.96, 50.0, 50.0, 157.77, 45.26]
d: [3.5, 3.5, 3.5, 3.5, 3.5, 3.5, 3.5, 3.5, 3.5, 3.5, 3.5, 3.5, 3.5, 2.0]
random_idx_1 = 0, random_idx_2 = 13
random_idx_1 = 2, random_idx_2 = 7

iteration: 51
best: [1000.0, 1000.0, 1000.0, 1000.0, 1000.0, 1000.0, 1000.0, 1000.0, 1000.0, 1000.0, 1000.0, 1000.0, 1000.0, 49.23]
time: [5.72, 7.33, 11.09, 14.49, 20.23, 23.88, 36.31, 40.13, 42.16, 44.81, 46.6, 49.53, 1000, 1000]
current_hyper_parameter
v: [31.29, 24.71, 12.0, 12.0, 19.01, 16.03, 22.75, 12.0, 32.19, 12.0, 12.0, 12.0, 12.0, 29.33]
a: [141.66, 50.0, 104.72, 93.76, 119.68, 119.98, 50.0, 50.0, 50.0, 25.96, 50.0, 50.0, 157.77, 45.26]
d: [3.5, 3.5, 3.5, 3.5, 3.5, 3.5, 3.5, 3.5, 3.5, 3.5, 3.5, 3.5, 3.5, 2.0]
BEST_hyper_parameter
v: [31.29, 24.71, 12.0, 12.0, 19.01, 16.03, 22.75, 12.0, 32.19, 12.0, 12.0, 12.0, 12.0, 31.21]
a: [141.66, 50.0, 104.72, 93.76, 119.68, 119.98, 50.0, 50.0, 50.0, 25.96, 50.0, 50.0, 157.77, 45.26]
d: [3.5, 3.5, 3.5, 3.5, 3.5, 3.5, 3.5, 3.5, 3.5, 3.5, 3.5, 3.5, 3.5, 2.0]
random_idx_1 = 0, random_idx_2 = 5
random_idx_1 = 1, random_idx_2 = 9

iteration: 52
best: [1000.0, 1000.0, 1000.0, 1000.0, 1000.0, 1000.0, 1000.0, 1000.0, 1000.0, 1000.0, 1000.0, 1000.0, 1000.0, 49.23]
time: [5.74, 7.28, 10.84, 14.08, 19.91, 26.43, 37.95, 41.47, 43.48, 45.99, 48.06, 1000, 1000, 1000]
current_hyper_parameter
v: [31.29, 24.71, 12.0, 12.0, 19.01, 28.76, 22.75, 12.0, 32.19, 12.0, 12.0, 12.0, 12.0, 31.21]
a: [141.66, 50.0, 104.72, 93.76, 119.68, 119.98, 50.0, 50.0, 50.0, 61.3, 50.0, 50.0, 157.77, 45.26]
d: [3.5, 3.5, 3.5, 3.5, 3.5, 3.5, 3.5, 3.5, 3.5, 3.5, 3.5, 3.5, 3.5, 2.0]
BEST_hyper_parameter
v: [31.29, 24.71, 12.0, 12.0, 19.01, 16.03, 22.75, 12.0, 32.19, 12.0, 12.0, 12.0, 12.0, 31.21]
a: [141.66, 50.0, 104.72, 93.76, 119.68, 119.98, 50.0, 50.0, 50.0, 25.96, 50.0, 50.0, 157.77, 45.26]
d: [3.5, 3.5, 3.5, 3.5, 3.5, 3.5, 3.5, 3.5, 3.5, 3.5, 3.5, 3.5, 3.5, 2.0]
random_idx_1 = 1, random_idx_2 = 1
random_idx_1 = 2, random_idx_2 = 7

iteration: 53
best: [1000.0, 1000.0, 1000.0, 1000.0, 1000.0, 1000.0, 1000.0, 1000.0, 1000.0, 1000.0, 1000.0, 1000.0, 1000.0, 49.23]
time: [5.69, 7.04, 10.37, 16.66, 22.46, 26.02, 38.22, 41.97, 44.0, 46.72, 48.52, 1000, 1000, 1000]
current_hyper_parameter
v: [31.29, 24.71, 12.0, 12.0, 19.01, 16.03, 22.75, 12.0, 32.19, 12.0, 12.0, 12.0, 12.0, 31.21]
a: [141.66, 130.71, 104.72, 93.76, 119.68, 119.98, 50.0, 50.0, 50.0, 25.96, 50.0, 50.0, 157.77, 45.26]
d: [3.5, 3.5, 3.5, 3.5, 3.5, 3.5, 3.5, 3.5, 3.5, 3.5, 3.5, 3.5, 3.5, 2.0]
BEST_hyper_parameter
v: [31.29, 24.71, 12.0, 12.0, 19.01, 16.03, 22.75, 12.0, 32.19, 12.0, 12.0, 12.0, 12.0, 31.21]
a: [141.66, 50.0, 104.72, 93.76, 119.68, 119.98, 50.0, 50.0, 50.0, 25.96, 50.0, 50.0, 157.77, 45.26]
d: [3.5, 3.5, 3.5, 3.5, 3.5, 3.5, 3.5, 3.5, 3.5, 3.5, 3.5, 3.5, 3.5, 2.0]
random_idx_1 = 1, random_idx_2 = 10
random_idx_1 = 1, random_idx_2 = 4

iteration: 54
best: [1000.0, 1000.0, 1000.0, 1000.0, 1000.0, 1000.0, 1000.0, 1000.0, 1000.0, 1000.0, 1000.0, 1000.0, 1000.0, 49.23]
time: [5.73, 7.37, 11.03, 14.43, 17.84, 20.9, 33.41, 37.77, 40.0, 42.76, 44.47, 47.38, 52.69, 1000]
current_hyper_parameter
v: [31.29, 24.71, 12.0, 12.0, 19.01, 16.03, 22.75, 12.0, 32.19, 12.0, 12.0, 12.0, 12.0, 31.21]
a: [141.66, 50.0, 104.72, 93.76, 56.42, 119.98, 50.0, 50.0, 50.0, 25.96, 55.47, 50.0, 157.77, 45.26]
d: [3.5, 3.5, 3.5, 3.5, 3.5, 3.5, 3.5, 3.5, 3.5, 3.5, 3.5, 3.5, 3.5, 2.0]
BEST_hyper_parameter
v: [31.29, 24.71, 12.0, 12.0, 19.01, 16.03, 22.75, 12.0, 32.19, 12.0, 12.0, 12.0, 12.0, 31.21]
a: [141.66, 50.0, 104.72, 93.76, 119.68, 119.98, 50.0, 50.0, 50.0, 25.96, 50.0, 50.0, 157.77, 45.26]
d: [3.5, 3.5, 3.5, 3.5, 3.5, 3.5, 3.5, 3.5, 3.5, 3.5, 3.5, 3.5, 3.5, 2.0]
random_idx_1 = 0, random_idx_2 = 13
random_idx_1 = 2, random_idx_2 = 2

iteration: 55
best: [1000.0, 1000.0, 1000.0, 1000.0, 1000.0, 1000.0, 1000.0, 1000.0, 1000.0, 1000.0, 1000.0, 1000.0, 1000.0, 49.23]
time: [5.72, 7.27, 10.82, 14.05, 19.81, 23.32, 35.73, 39.57, 41.64, 44.26, 46.05, 49.01, 1000, 1000]
current_hyper_parameter
v: [31.29, 24.71, 12.0, 12.0, 19.01, 16.03, 22.75, 12.0, 32.19, 12.0, 12.0, 12.0, 12.0, 28.07]
a: [141.66, 50.0, 104.72, 93.76, 119.68, 119.98, 50.0, 50.0, 50.0, 25.96, 50.0, 50.0, 157.77, 45.26]
d: [3.5, 3.5, 4.04, 3.5, 3.5, 3.5, 3.5, 3.5, 3.5, 3.5, 3.5, 3.5, 3.5, 2.0]
BEST_hyper_parameter
v: [31.29, 24.71, 12.0, 12.0, 19.01, 16.03, 22.75, 12.0, 32.19, 12.0, 12.0, 12.0, 12.0, 31.21]
a: [141.66, 50.0, 104.72, 93.76, 119.68, 119.98, 50.0, 50.0, 50.0, 25.96, 50.0, 50.0, 157.77, 45.26]
d: [3.5, 3.5, 3.5, 3.5, 3.5, 3.5, 3.5, 3.5, 3.5, 3.5, 3.5, 3.5, 3.5, 2.0]
random_idx_1 = 0, random_idx_2 = 5
random_idx_1 = 0, random_idx_2 = 1

iteration: 56
best: [1000.0, 1000.0, 1000.0, 1000.0, 1000.0, 1000.0, 1000.0, 1000.0, 1000.0, 1000.0, 1000.0, 1000.0, 1000.0, 49.23]
time: [5.71, 7.27, 10.86, 14.04, 19.81, 23.36, 35.92, 39.54, 41.57, 44.28, 46.11, 49.04, 1000, 1000]
current_hyper_parameter
v: [31.29, 19.7, 12.0, 12.0, 19.01, 16.79, 22.75, 12.0, 32.19, 12.0, 12.0, 12.0, 12.0, 31.21]
a: [141.66, 50.0, 104.72, 93.76, 119.68, 119.98, 50.0, 50.0, 50.0, 25.96, 50.0, 50.0, 157.77, 45.26]
d: [3.5, 3.5, 3.5, 3.5, 3.5, 3.5, 3.5, 3.5, 3.5, 3.5, 3.5, 3.5, 3.5, 2.0]
BEST_hyper_parameter
v: [31.29, 24.71, 12.0, 12.0, 19.01, 16.03, 22.75, 12.0, 32.19, 12.0, 12.0, 12.0, 12.0, 31.21]
a: [141.66, 50.0, 104.72, 93.76, 119.68, 119.98, 50.0, 50.0, 50.0, 25.96, 50.0, 50.0, 157.77, 45.26]
d: [3.5, 3.5, 3.5, 3.5, 3.5, 3.5, 3.5, 3.5, 3.5, 3.5, 3.5, 3.5, 3.5, 2.0]
random_idx_1 = 0, random_idx_2 = 8
random_idx_1 = 2, random_idx_2 = 7

iteration: 57
best: [1000.0, 1000.0, 1000.0, 1000.0, 1000.0, 1000.0, 1000.0, 1000.0, 1000.0, 1000.0, 1000.0, 1000.0, 1000.0, 49.23]
time: [5.79, 10.62, 14.33, 17.55, 23.34, 26.88, 39.72, 43.74, 45.87, 48.59, 50.29, 1000, 1000, 1000]
current_hyper_parameter
v: [31.29, 24.71, 12.0, 12.0, 19.01, 16.03, 22.75, 12.0, 14.93, 12.0, 12.0, 12.0, 12.0, 31.21]
a: [141.66, 50.0, 104.72, 93.76, 119.68, 119.98, 50.0, 50.0, 50.0, 25.96, 50.0, 50.0, 157.77, 45.26]
d: [3.5, 3.5, 3.5, 3.5, 3.5, 3.5, 3.5, 3.5, 3.5, 3.5, 3.5, 3.5, 3.5, 2.0]
BEST_hyper_parameter
v: [31.29, 24.71, 12.0, 12.0, 19.01, 16.03, 22.75, 12.0, 32.19, 12.0, 12.0, 12.0, 12.0, 31.21]
a: [141.66, 50.0, 104.72, 93.76, 119.68, 119.98, 50.0, 50.0, 50.0, 25.96, 50.0, 50.0, 157.77, 45.26]
d: [3.5, 3.5, 3.5, 3.5, 3.5, 3.5, 3.5, 3.5, 3.5, 3.5, 3.5, 3.5, 3.5, 2.0]
random_idx_1 = 2, random_idx_2 = 7
random_idx_1 = 1, random_idx_2 = 5

iteration: 58
best: [1000.0, 1000.0, 1000.0, 1000.0, 1000.0, 1000.0, 1000.0, 1000.0, 1000.0, 1000.0, 1000.0, 1000.0, 1000.0, 49.23]
time: [5.7, 7.21, 10.77, 13.98, 19.69, 23.29, 35.9, 39.55, 41.6, 44.3, 46.05, 49.04, 1000, 1000]
current_hyper_parameter
v: [31.29, 24.71, 12.0, 12.0, 19.01, 16.03, 22.75, 12.0, 32.19, 12.0, 12.0, 12.0, 12.0, 31.21]
a: [141.66, 50.0, 104.72, 93.76, 119.68, 140.67, 50.0, 50.0, 50.0, 25.96, 50.0, 50.0, 157.77, 45.26]
d: [3.5, 3.5, 3.5, 3.5, 3.5, 3.5, 3.5, 3.5, 3.5, 3.5, 3.5, 3.5, 3.5, 2.0]
BEST_hyper_parameter
v: [31.29, 24.71, 12.0, 12.0, 19.01, 16.03, 22.75, 12.0, 32.19, 12.0, 12.0, 12.0, 12.0, 31.21]
a: [141.66, 50.0, 104.72, 93.76, 119.68, 119.98, 50.0, 50.0, 50.0, 25.96, 50.0, 50.0, 157.77, 45.26]
d: [3.5, 3.5, 3.5, 3.5, 3.5, 3.5, 3.5, 3.5, 3.5, 3.5, 3.5, 3.5, 3.5, 2.0]
random_idx_1 = 2, random_idx_2 = 4
random_idx_1 = 1, random_idx_2 = 10

iteration: 59
best: [1000.0, 1000.0, 1000.0, 1000.0, 1000.0, 1000.0, 1000.0, 1000.0, 1000.0, 1000.0, 1000.0, 1000.0, 1000.0, 49.23]
time: [5.7, 7.27, 10.91, 14.07, 16.72, 20.61, 32.65, 36.47, 38.45, 41.12, 43.14, 45.98, 48.28, 50.26]
current_hyper_parameter
v: [31.29, 24.71, 12.0, 12.0, 19.01, 16.03, 22.75, 12.0, 32.19, 12.0, 12.0, 12.0, 12.0, 31.21]
a: [141.66, 50.0, 104.72, 93.76, 119.68, 119.98, 50.0, 50.0, 50.0, 25.96, 37.88, 50.0, 157.77, 45.26]
d: [3.5, 3.5, 3.5, 3.5, 3.5, 3.5, 3.5, 3.5, 3.5, 3.5, 3.5, 3.5, 3.5, 2.0]
BEST_hyper_parameter
v: [31.29, 24.71, 12.0, 12.0, 19.01, 16.03, 22.75, 12.0, 32.19, 12.0, 12.0, 12.0, 12.0, 31.21]
a: [141.66, 50.0, 104.72, 93.76, 119.68, 119.98, 50.0, 50.0, 50.0, 25.96, 50.0, 50.0, 157.77, 45.26]
d: [3.5, 3.5, 3.5, 3.5, 3.5, 3.5, 3.5, 3.5, 3.5, 3.5, 3.5, 3.5, 3.5, 2.0]
random_idx_1 = 2, random_idx_2 = 13
random_idx_1 = 0, random_idx_2 = 2

iteration: 60
best: [1000.0, 1000.0, 1000.0, 1000.0, 1000.0, 1000.0, 1000.0, 1000.0, 1000.0, 1000.0, 1000.0, 1000.0, 1000.0, 49.23]
time: [5.72, 7.3, 10.15, 13.05, 18.74, 22.32, 34.81, 38.54, 40.55, 43.26, 45.0, 47.92, 1000, 1000]
current_hyper_parameter
v: [31.29, 24.71, 27.39, 12.0, 19.01, 16.03, 22.75, 12.0, 32.19, 12.0, 12.0, 12.0, 12.0, 31.21]
a: [141.66, 50.0, 104.72, 93.76, 119.68, 119.98, 50.0, 50.0, 50.0, 25.96, 50.0, 50.0, 157.77, 45.26]
d: [3.5, 3.5, 3.5, 3.5, 3.5, 3.5, 3.5, 3.5, 3.5, 3.5, 3.5, 3.5, 3.5, 2.0]
BEST_hyper_parameter
v: [31.29, 24.71, 12.0, 12.0, 19.01, 16.03, 22.75, 12.0, 32.19, 12.0, 12.0, 12.0, 12.0, 31.21]
a: [141.66, 50.0, 104.72, 93.76, 119.68, 119.98, 50.0, 50.0, 50.0, 25.96, 50.0, 50.0, 157.77, 45.26]
d: [3.5, 3.5, 3.5, 3.5, 3.5, 3.5, 3.5, 3.5, 3.5, 3.5, 3.5, 3.5, 3.5, 2.0]
random_idx_1 = 1, random_idx_2 = 1
random_idx_1 = 2, random_idx_2 = 8

iteration: 61
best: [1000.0, 1000.0, 1000.0, 1000.0, 1000.0, 1000.0, 1000.0, 1000.0, 1000.0, 1000.0, 1000.0, 1000.0, 1000.0, 49.23]
time: [5.67, 7.21, 10.74, 13.95, 19.73, 23.29, 36.21, 39.99, 42.08, 44.76, 46.59, 49.57, 1000, 1000]
current_hyper_parameter
v: [31.29, 24.71, 12.0, 12.0, 19.01, 16.03, 22.75, 12.0, 32.19, 12.0, 12.0, 12.0, 12.0, 31.21]
a: [141.66, 74.45, 104.72, 93.76, 119.68, 119.98, 50.0, 50.0, 50.0, 25.96, 50.0, 50.0, 157.77, 45.26]
d: [3.5, 3.5, 3.5, 3.5, 3.5, 3.5, 3.5, 3.5, 3.5, 3.5, 3.5, 3.5, 3.5, 2.0]
BEST_hyper_parameter
v: [31.29, 24.71, 12.0, 12.0, 19.01, 16.03, 22.75, 12.0, 32.19, 12.0, 12.0, 12.0, 12.0, 31.21]
a: [141.66, 50.0, 104.72, 93.76, 119.68, 119.98, 50.0, 50.0, 50.0, 25.96, 50.0, 50.0, 157.77, 45.26]
d: [3.5, 3.5, 3.5, 3.5, 3.5, 3.5, 3.5, 3.5, 3.5, 3.5, 3.5, 3.5, 3.5, 2.0]
random_idx_1 = 2, random_idx_2 = 8
random_idx_1 = 2, random_idx_2 = 8

iteration: 62
best: [1000.0, 1000.0, 1000.0, 1000.0, 1000.0, 1000.0, 1000.0, 1000.0, 1000.0, 1000.0, 1000.0, 1000.0, 1000.0, 49.23]
time: [5.69, 7.2, 10.74, 13.96, 19.64, 23.33, 36.3, 39.97, 42.0, 44.69, 46.54, 49.49, 1000, 1000]
current_hyper_parameter
v: [31.29, 24.71, 12.0, 12.0, 19.01, 16.03, 22.75, 12.0, 32.19, 12.0, 12.0, 12.0, 12.0, 31.21]
a: [141.66, 50.0, 104.72, 93.76, 119.68, 119.98, 50.0, 50.0, 50.0, 25.96, 50.0, 50.0, 157.77, 45.26]
d: [3.5, 3.5, 3.5, 3.5, 3.5, 3.5, 3.5, 3.5, 3.5, 3.5, 3.5, 3.5, 3.5, 2.0]
BEST_hyper_parameter
v: [31.29, 24.71, 12.0, 12.0, 19.01, 16.03, 22.75, 12.0, 32.19, 12.0, 12.0, 12.0, 12.0, 31.21]
a: [141.66, 50.0, 104.72, 93.76, 119.68, 119.98, 50.0, 50.0, 50.0, 25.96, 50.0, 50.0, 157.77, 45.26]
d: [3.5, 3.5, 3.5, 3.5, 3.5, 3.5, 3.5, 3.5, 3.5, 3.5, 3.5, 3.5, 3.5, 2.0]
random_idx_1 = 0, random_idx_2 = 7
random_idx_1 = 1, random_idx_2 = 12

iteration: 63
best: [1000.0, 1000.0, 1000.0, 1000.0, 1000.0, 1000.0, 1000.0, 1000.0, 1000.0, 1000.0, 1000.0, 1000.0, 1000.0, 49.23]
time: [5.72, 7.22, 10.82, 14.06, 1000, 1000, 1000, 1000, 1000, 1000, 1000, 1000, 1000, 1000]
current_hyper_parameter
v: [31.29, 24.71, 12.0, 12.0, 19.01, 16.03, 22.75, 13.41, 32.19, 12.0, 12.0, 12.0, 12.0, 31.21]
a: [141.66, 50.0, 104.72, 93.76, 119.68, 119.98, 50.0, 50.0, 50.0, 25.96, 50.0, 50.0, 58.06, 45.26]
d: [3.5, 3.5, 3.5, 3.5, 3.5, 3.5, 3.5, 3.5, 3.5, 3.5, 3.5, 3.5, 3.5, 2.0]
BEST_hyper_parameter
v: [31.29, 24.71, 12.0, 12.0, 19.01, 16.03, 22.75, 12.0, 32.19, 12.0, 12.0, 12.0, 12.0, 31.21]
a: [141.66, 50.0, 104.72, 93.76, 119.68, 119.98, 50.0, 50.0, 50.0, 25.96, 50.0, 50.0, 157.77, 45.26]
d: [3.5, 3.5, 3.5, 3.5, 3.5, 3.5, 3.5, 3.5, 3.5, 3.5, 3.5, 3.5, 3.5, 2.0]
random_idx_1 = 2, random_idx_2 = 1
random_idx_1 = 1, random_idx_2 = 10

iteration: 64
best: [1000.0, 1000.0, 1000.0, 1000.0, 1000.0, 1000.0, 1000.0, 1000.0, 1000.0, 1000.0, 1000.0, 1000.0, 1000.0, 49.23]
time: [5.68, 7.29, 10.95, 14.08, 16.73, 20.64, 32.69, 36.52, 38.54, 41.19, 43.01, 45.92, 48.14, 50.28]
current_hyper_parameter
v: [31.29, 24.71, 12.0, 12.0, 19.01, 16.03, 22.75, 12.0, 32.19, 12.0, 12.0, 12.0, 12.0, 31.21]
a: [141.66, 50.0, 104.72, 93.76, 119.68, 119.98, 50.0, 50.0, 50.0, 25.96, 43.92, 50.0, 157.77, 45.26]
d: [3.5, 3.5, 3.5, 3.5, 3.5, 3.5, 3.5, 3.5, 3.5, 3.5, 3.5, 3.5, 3.5, 2.0]
BEST_hyper_parameter
v: [31.29, 24.71, 12.0, 12.0, 19.01, 16.03, 22.75, 12.0, 32.19, 12.0, 12.0, 12.0, 12.0, 31.21]
a: [141.66, 50.0, 104.72, 93.76, 119.68, 119.98, 50.0, 50.0, 50.0, 25.96, 50.0, 50.0, 157.77, 45.26]
d: [3.5, 3.5, 3.5, 3.5, 3.5, 3.5, 3.5, 3.5, 3.5, 3.5, 3.5, 3.5, 3.5, 2.0]
random_idx_1 = 0, random_idx_2 = 7
random_idx_1 = 1, random_idx_2 = 3

iteration: 65
best: [1000.0, 1000.0, 1000.0, 1000.0, 1000.0, 1000.0, 1000.0, 1000.0, 1000.0, 1000.0, 1000.0, 1000.0, 1000.0, 49.23]
time: [5.72, 7.28, 10.84, 13.91, 19.63, 24.19, 36.42, 39.87, 41.84, 49.06, 50.92, 1000, 1000, 1000]
current_hyper_parameter
v: [31.29, 24.71, 12.0, 12.0, 19.01, 16.03, 22.75, 21.67, 32.19, 12.0, 12.0, 12.0, 12.0, 31.21]
a: [141.66, 50.0, 104.72, 147.77, 119.68, 119.98, 50.0, 50.0, 50.0, 25.96, 50.0, 50.0, 157.77, 45.26]
d: [3.5, 3.5, 3.5, 3.5, 3.5, 3.5, 3.5, 3.5, 3.5, 3.5, 3.5, 3.5, 3.5, 2.0]
BEST_hyper_parameter
v: [31.29, 24.71, 12.0, 12.0, 19.01, 16.03, 22.75, 12.0, 32.19, 12.0, 12.0, 12.0, 12.0, 31.21]
a: [141.66, 50.0, 104.72, 93.76, 119.68, 119.98, 50.0, 50.0, 50.0, 25.96, 50.0, 50.0, 157.77, 45.26]
d: [3.5, 3.5, 3.5, 3.5, 3.5, 3.5, 3.5, 3.5, 3.5, 3.5, 3.5, 3.5, 3.5, 2.0]
random_idx_1 = 1, random_idx_2 = 7
random_idx_1 = 0, random_idx_2 = 4

iteration: 66
best: [1000.0, 1000.0, 1000.0, 1000.0, 1000.0, 1000.0, 1000.0, 1000.0, 1000.0, 1000.0, 1000.0, 1000.0, 1000.0, 49.23]
time: [5.69, 7.18, 10.74, 13.95, 20.07, 27.23, 39.32, 42.94, 44.89, 50.68, 52.1, 1000, 1000, 1000]
current_hyper_parameter
v: [31.29, 24.71, 12.0, 12.0, 22.94, 16.03, 22.75, 12.0, 32.19, 12.0, 12.0, 12.0, 12.0, 31.21]
a: [141.66, 50.0, 104.72, 93.76, 119.68, 119.98, 50.0, 54.51, 50.0, 25.96, 50.0, 50.0, 157.77, 45.26]
d: [3.5, 3.5, 3.5, 3.5, 3.5, 3.5, 3.5, 3.5, 3.5, 3.5, 3.5, 3.5, 3.5, 2.0]
BEST_hyper_parameter
v: [31.29, 24.71, 12.0, 12.0, 19.01, 16.03, 22.75, 12.0, 32.19, 12.0, 12.0, 12.0, 12.0, 31.21]
a: [141.66, 50.0, 104.72, 93.76, 119.68, 119.98, 50.0, 50.0, 50.0, 25.96, 50.0, 50.0, 157.77, 45.26]
d: [3.5, 3.5, 3.5, 3.5, 3.5, 3.5, 3.5, 3.5, 3.5, 3.5, 3.5, 3.5, 3.5, 2.0]
random_idx_1 = 2, random_idx_2 = 0
random_idx_1 = 1, random_idx_2 = 1

iteration: 67
best: [1000.0, 1000.0, 1000.0, 1000.0, 1000.0, 1000.0, 1000.0, 1000.0, 1000.0, 1000.0, 1000.0, 1000.0, 1000.0, 49.23]
time: [5.66, 7.0, 9.87, 13.05, 15.7, 19.64, 31.63, 35.5, 37.49, 40.11, 41.89, 44.87, 1000, 1000]
current_hyper_parameter
v: [31.29, 24.71, 12.0, 12.0, 19.01, 16.03, 22.75, 12.0, 32.19, 12.0, 12.0, 12.0, 12.0, 31.21]
a: [141.66, 142.37, 104.72, 93.76, 119.68, 119.98, 50.0, 50.0, 50.0, 25.96, 50.0, 50.0, 157.77, 45.26]
d: [3.5, 3.5, 3.5, 3.5, 3.5, 3.5, 3.5, 3.5, 3.5, 3.5, 3.5, 3.5, 3.5, 2.0]
BEST_hyper_parameter
v: [31.29, 24.71, 12.0, 12.0, 19.01, 16.03, 22.75, 12.0, 32.19, 12.0, 12.0, 12.0, 12.0, 31.21]
a: [141.66, 50.0, 104.72, 93.76, 119.68, 119.98, 50.0, 50.0, 50.0, 25.96, 50.0, 50.0, 157.77, 45.26]
d: [3.5, 3.5, 3.5, 3.5, 3.5, 3.5, 3.5, 3.5, 3.5, 3.5, 3.5, 3.5, 3.5, 2.0]
random_idx_1 = 1, random_idx_2 = 4
random_idx_1 = 1, random_idx_2 = 5

iteration: 68
best: [1000.0, 1000.0, 1000.0, 1000.0, 1000.0, 1000.0, 1000.0, 1000.0, 1000.0, 1000.0, 1000.0, 1000.0, 1000.0, 49.23]
time: [5.69, 7.29, 10.97, 14.09, 16.91, 20.67, 32.91, 36.52, 38.56, 41.26, 43.04, 45.93, 48.11, 50.27]
current_hyper_parameter
v: [31.29, 24.71, 12.0, 12.0, 19.01, 16.03, 22.75, 12.0, 32.19, 12.0, 12.0, 12.0, 12.0, 31.21]
a: [141.66, 50.0, 104.72, 93.76, 84.06, 102.24, 50.0, 50.0, 50.0, 25.96, 50.0, 50.0, 157.77, 45.26]
d: [3.5, 3.5, 3.5, 3.5, 3.5, 3.5, 3.5, 3.5, 3.5, 3.5, 3.5, 3.5, 3.5, 2.0]
BEST_hyper_parameter
v: [31.29, 24.71, 12.0, 12.0, 19.01, 16.03, 22.75, 12.0, 32.19, 12.0, 12.0, 12.0, 12.0, 31.21]
a: [141.66, 50.0, 104.72, 93.76, 119.68, 119.98, 50.0, 50.0, 50.0, 25.96, 50.0, 50.0, 157.77, 45.26]
d: [3.5, 3.5, 3.5, 3.5, 3.5, 3.5, 3.5, 3.5, 3.5, 3.5, 3.5, 3.5, 3.5, 2.0]
random_idx_1 = 1, random_idx_2 = 10
random_idx_1 = 1, random_idx_2 = 11

iteration: 69
best: [1000.0, 1000.0, 1000.0, 1000.0, 1000.0, 1000.0, 1000.0, 1000.0, 1000.0, 1000.0, 1000.0, 1000.0, 1000.0, 49.23]
time: [5.7, 7.23, 10.91, 14.07, 16.71, 20.7, 32.66, 36.47, 38.52, 41.16, 42.7, 45.48, 50.22, 1000]
current_hyper_parameter
v: [31.29, 24.71, 12.0, 12.0, 19.01, 16.03, 22.75, 12.0, 32.19, 12.0, 12.0, 12.0, 12.0, 31.21]
a: [141.66, 50.0, 104.72, 93.76, 119.68, 119.98, 50.0, 50.0, 50.0, 25.96, 159.31, 117.72, 157.77, 45.26]
d: [3.5, 3.5, 3.5, 3.5, 3.5, 3.5, 3.5, 3.5, 3.5, 3.5, 3.5, 3.5, 3.5, 2.0]
BEST_hyper_parameter
v: [31.29, 24.71, 12.0, 12.0, 19.01, 16.03, 22.75, 12.0, 32.19, 12.0, 12.0, 12.0, 12.0, 31.21]
a: [141.66, 50.0, 104.72, 93.76, 119.68, 119.98, 50.0, 50.0, 50.0, 25.96, 50.0, 50.0, 157.77, 45.26]
d: [3.5, 3.5, 3.5, 3.5, 3.5, 3.5, 3.5, 3.5, 3.5, 3.5, 3.5, 3.5, 3.5, 2.0]
random_idx_1 = 2, random_idx_2 = 2
random_idx_1 = 0, random_idx_2 = 5

iteration: 70
best: [1000.0, 1000.0, 1000.0, 1000.0, 1000.0, 1000.0, 1000.0, 1000.0, 1000.0, 1000.0, 1000.0, 1000.0, 1000.0, 49.23]
time: [5.72, 7.24, 10.85, 14.05, 19.85, 23.08, 34.61, 38.47, 40.5, 43.2, 45.03, 47.98, 1000, 1000]
current_hyper_parameter
v: [31.29, 24.71, 12.0, 12.0, 19.01, 21.91, 22.75, 12.0, 32.19, 12.0, 12.0, 12.0, 12.0, 31.21]
a: [141.66, 50.0, 104.72, 93.76, 119.68, 119.98, 50.0, 50.0, 50.0, 25.96, 50.0, 50.0, 157.77, 45.26]
d: [3.5, 3.5, 5.33, 3.5, 3.5, 3.5, 3.5, 3.5, 3.5, 3.5, 3.5, 3.5, 3.5, 2.0]
BEST_hyper_parameter
v: [31.29, 24.71, 12.0, 12.0, 19.01, 16.03, 22.75, 12.0, 32.19, 12.0, 12.0, 12.0, 12.0, 31.21]
a: [141.66, 50.0, 104.72, 93.76, 119.68, 119.98, 50.0, 50.0, 50.0, 25.96, 50.0, 50.0, 157.77, 45.26]
d: [3.5, 3.5, 3.5, 3.5, 3.5, 3.5, 3.5, 3.5, 3.5, 3.5, 3.5, 3.5, 3.5, 2.0]
random_idx_1 = 0, random_idx_2 = 2
random_idx_1 = 1, random_idx_2 = 4

iteration: 71
best: [1000.0, 1000.0, 1000.0, 1000.0, 1000.0, 1000.0, 1000.0, 1000.0, 1000.0, 1000.0, 1000.0, 1000.0, 1000.0, 49.23]
time: [5.72, 7.23, 10.03, 12.91, 18.74, 22.36, 35.03, 39.58, 41.69, 44.33, 46.11, 49.04, 1000, 1000]
current_hyper_parameter
v: [31.29, 24.71, 34.97, 12.0, 19.01, 16.03, 22.75, 12.0, 32.19, 12.0, 12.0, 12.0, 12.0, 31.21]
a: [141.66, 50.0, 104.72, 93.76, 112.64, 119.98, 50.0, 50.0, 50.0, 25.96, 50.0, 50.0, 157.77, 45.26]
d: [3.5, 3.5, 3.5, 3.5, 3.5, 3.5, 3.5, 3.5, 3.5, 3.5, 3.5, 3.5, 3.5, 2.0]
BEST_hyper_parameter
v: [31.29, 24.71, 12.0, 12.0, 19.01, 16.03, 22.75, 12.0, 32.19, 12.0, 12.0, 12.0, 12.0, 31.21]
a: [141.66, 50.0, 104.72, 93.76, 119.68, 119.98, 50.0, 50.0, 50.0, 25.96, 50.0, 50.0, 157.77, 45.26]
d: [3.5, 3.5, 3.5, 3.5, 3.5, 3.5, 3.5, 3.5, 3.5, 3.5, 3.5, 3.5, 3.5, 2.0]
random_idx_1 = 1, random_idx_2 = 5
random_idx_1 = 2, random_idx_2 = 5

iteration: 72
best: [1000.0, 1000.0, 1000.0, 1000.0, 1000.0, 1000.0, 1000.0, 1000.0, 1000.0, 1000.0, 1000.0, 1000.0, 1000.0, 49.23]
time: [5.7, 7.28, 10.89, 14.05, 16.71, 21.78, 35.68, 39.57, 41.47, 44.04, 45.88, 48.88, 1000, 1000]
current_hyper_parameter
v: [31.29, 24.71, 12.0, 12.0, 19.01, 16.03, 22.75, 12.0, 32.19, 12.0, 12.0, 12.0, 12.0, 31.21]
a: [141.66, 50.0, 104.72, 93.76, 119.68, 41.38, 50.0, 50.0, 50.0, 25.96, 50.0, 50.0, 157.77, 45.26]
d: [3.5, 3.5, 3.5, 3.5, 3.5, 3.5, 3.5, 3.5, 3.5, 3.5, 3.5, 3.5, 3.5, 2.0]
BEST_hyper_parameter
v: [31.29, 24.71, 12.0, 12.0, 19.01, 16.03, 22.75, 12.0, 32.19, 12.0, 12.0, 12.0, 12.0, 31.21]
a: [141.66, 50.0, 104.72, 93.76, 119.68, 119.98, 50.0, 50.0, 50.0, 25.96, 50.0, 50.0, 157.77, 45.26]
d: [3.5, 3.5, 3.5, 3.5, 3.5, 3.5, 3.5, 3.5, 3.5, 3.5, 3.5, 3.5, 3.5, 2.0]
random_idx_1 = 1, random_idx_2 = 12
random_idx_1 = 2, random_idx_2 = 12

iteration: 73
best: [1000.0, 1000.0, 1000.0, 1000.0, 1000.0, 1000.0, 1000.0, 1000.0, 1000.0, 1000.0, 1000.0, 1000.0, 1000.0, 49.23]
time: [5.71, 7.26, 10.95, 14.12, 16.75, 20.66, 32.71, 36.57, 38.62, 41.3, 43.04, 46.0, 48.61, 1000]
current_hyper_parameter
v: [31.29, 24.71, 12.0, 12.0, 19.01, 16.03, 22.75, 12.0, 32.19, 12.0, 12.0, 12.0, 12.0, 31.21]
a: [141.66, 50.0, 104.72, 93.76, 119.68, 119.98, 50.0, 50.0, 50.0, 25.96, 50.0, 50.0, 53.97, 45.26]
d: [3.5, 3.5, 3.5, 3.5, 3.5, 3.5, 3.5, 3.5, 3.5, 3.5, 3.5, 3.5, 3.5, 2.0]
BEST_hyper_parameter
v: [31.29, 24.71, 12.0, 12.0, 19.01, 16.03, 22.75, 12.0, 32.19, 12.0, 12.0, 12.0, 12.0, 31.21]
a: [141.66, 50.0, 104.72, 93.76, 119.68, 119.98, 50.0, 50.0, 50.0, 25.96, 50.0, 50.0, 157.77, 45.26]
d: [3.5, 3.5, 3.5, 3.5, 3.5, 3.5, 3.5, 3.5, 3.5, 3.5, 3.5, 3.5, 3.5, 2.0]
random_idx_1 = 1, random_idx_2 = 1
random_idx_1 = 0, random_idx_2 = 6

iteration: 74
best: [1000.0, 1000.0, 1000.0, 1000.0, 1000.0, 1000.0, 1000.0, 1000.0, 1000.0, 1000.0, 1000.0, 1000.0, 1000.0, 49.23]
time: [5.71, 7.22, 10.7, 13.92, 19.72, 23.3, 39.25, 43.28, 45.6, 48.37, 1000, 1000, 1000, 1000]
current_hyper_parameter
v: [31.29, 24.71, 12.0, 12.0, 19.01, 16.03, 14.66, 12.0, 32.19, 12.0, 12.0, 12.0, 12.0, 31.21]
a: [141.66, 75.91, 104.72, 93.76, 119.68, 119.98, 50.0, 50.0, 50.0, 25.96, 50.0, 50.0, 157.77, 45.26]
d: [3.5, 3.5, 3.5, 3.5, 3.5, 3.5, 3.5, 3.5, 3.5, 3.5, 3.5, 3.5, 3.5, 2.0]
BEST_hyper_parameter
v: [31.29, 24.71, 12.0, 12.0, 19.01, 16.03, 22.75, 12.0, 32.19, 12.0, 12.0, 12.0, 12.0, 31.21]
a: [141.66, 50.0, 104.72, 93.76, 119.68, 119.98, 50.0, 50.0, 50.0, 25.96, 50.0, 50.0, 157.77, 45.26]
d: [3.5, 3.5, 3.5, 3.5, 3.5, 3.5, 3.5, 3.5, 3.5, 3.5, 3.5, 3.5, 3.5, 2.0]
random_idx_1 = 2, random_idx_2 = 10
random_idx_1 = 0, random_idx_2 = 6

iteration: 75
best: [1000.0, 1000.0, 1000.0, 1000.0, 1000.0, 1000.0, 1000.0, 1000.0, 1000.0, 1000.0, 1000.0, 1000.0, 1000.0, 49.23]
time: [5.68, 7.26, 10.83, 14.06, 19.81, 24.08, 37.64, 42.28, 44.41, 47.48, 49.26, 1000, 1000, 1000]
current_hyper_parameter
v: [31.29, 24.71, 12.0, 12.0, 19.01, 16.03, 18.44, 12.0, 32.19, 12.0, 12.0, 12.0, 12.0, 31.21]
a: [141.66, 50.0, 104.72, 93.76, 119.68, 119.98, 50.0, 50.0, 50.0, 25.96, 50.0, 50.0, 157.77, 45.26]
d: [3.5, 3.5, 3.5, 3.5, 3.5, 3.5, 3.5, 3.5, 3.5, 3.5, 3.5, 3.5, 3.5, 2.0]
BEST_hyper_parameter
v: [31.29, 24.71, 12.0, 12.0, 19.01, 16.03, 22.75, 12.0, 32.19, 12.0, 12.0, 12.0, 12.0, 31.21]
a: [141.66, 50.0, 104.72, 93.76, 119.68, 119.98, 50.0, 50.0, 50.0, 25.96, 50.0, 50.0, 157.77, 45.26]
d: [3.5, 3.5, 3.5, 3.5, 3.5, 3.5, 3.5, 3.5, 3.5, 3.5, 3.5, 3.5, 3.5, 2.0]
random_idx_1 = 1, random_idx_2 = 6
random_idx_1 = 2, random_idx_2 = 6

iteration: 76
best: [1000.0, 1000.0, 1000.0, 1000.0, 1000.0, 1000.0, 1000.0, 1000.0, 1000.0, 1000.0, 1000.0, 1000.0, 1000.0, 49.23]
time: [5.71, 7.29, 10.91, 14.07, 16.72, 20.64, 31.29, 1000, 1000, 1000, 1000, 1000, 1000, 1000]
current_hyper_parameter
v: [31.29, 24.71, 12.0, 12.0, 19.01, 16.03, 22.75, 12.0, 32.19, 12.0, 12.0, 12.0, 12.0, 31.21]
a: [141.66, 50.0, 104.72, 93.76, 119.68, 119.98, 133.26, 50.0, 50.0, 25.96, 50.0, 50.0, 157.77, 45.26]
d: [3.5, 3.5, 3.5, 3.5, 3.5, 3.5, 3.5, 3.5, 3.5, 3.5, 3.5, 3.5, 3.5, 2.0]
BEST_hyper_parameter
v: [31.29, 24.71, 12.0, 12.0, 19.01, 16.03, 22.75, 12.0, 32.19, 12.0, 12.0, 12.0, 12.0, 31.21]
a: [141.66, 50.0, 104.72, 93.76, 119.68, 119.98, 50.0, 50.0, 50.0, 25.96, 50.0, 50.0, 157.77, 45.26]
d: [3.5, 3.5, 3.5, 3.5, 3.5, 3.5, 3.5, 3.5, 3.5, 3.5, 3.5, 3.5, 3.5, 2.0]
random_idx_1 = 1, random_idx_2 = 6
random_idx_1 = 1, random_idx_2 = 0

iteration: 77
best: [1000.0, 1000.0, 1000.0, 1000.0, 1000.0, 1000.0, 1000.0, 1000.0, 1000.0, 1000.0, 1000.0, 1000.0, 1000.0, 49.23]
time: [6.17, 8.22, 11.94, 15.1, 17.73, 21.63, 34.42, 38.45, 40.55, 43.24, 45.12, 48.11, 1000, 1000]
current_hyper_parameter
v: [31.29, 24.71, 12.0, 12.0, 19.01, 16.03, 22.75, 12.0, 32.19, 12.0, 12.0, 12.0, 12.0, 31.21]
a: [62.17, 50.0, 104.72, 93.76, 119.68, 119.98, 36.41, 50.0, 50.0, 25.96, 50.0, 50.0, 157.77, 45.26]
d: [3.5, 3.5, 3.5, 3.5, 3.5, 3.5, 3.5, 3.5, 3.5, 3.5, 3.5, 3.5, 3.5, 2.0]
BEST_hyper_parameter
v: [31.29, 24.71, 12.0, 12.0, 19.01, 16.03, 22.75, 12.0, 32.19, 12.0, 12.0, 12.0, 12.0, 31.21]
a: [141.66, 50.0, 104.72, 93.76, 119.68, 119.98, 50.0, 50.0, 50.0, 25.96, 50.0, 50.0, 157.77, 45.26]
d: [3.5, 3.5, 3.5, 3.5, 3.5, 3.5, 3.5, 3.5, 3.5, 3.5, 3.5, 3.5, 3.5, 2.0]
random_idx_1 = 0, random_idx_2 = 6
random_idx_1 = 1, random_idx_2 = 0

iteration: 78
best: [1000.0, 1000.0, 1000.0, 1000.0, 1000.0, 1000.0, 1000.0, 1000.0, 1000.0, 1000.0, 1000.0, 1000.0, 1000.0, 49.23]
time: [5.83, 7.55, 11.12, 14.16, 16.77, 20.71, 34.67, 38.84, 41.08, 43.79, 45.56, 48.48, 1000, 1000]
current_hyper_parameter
v: [31.29, 24.71, 12.0, 12.0, 19.01, 16.03, 15.93, 12.0, 32.19, 12.0, 12.0, 12.0, 12.0, 31.21]
a: [89.4, 50.0, 104.72, 93.76, 119.68, 119.98, 50.0, 50.0, 50.0, 25.96, 50.0, 50.0, 157.77, 45.26]
d: [3.5, 3.5, 3.5, 3.5, 3.5, 3.5, 3.5, 3.5, 3.5, 3.5, 3.5, 3.5, 3.5, 2.0]
BEST_hyper_parameter
v: [31.29, 24.71, 12.0, 12.0, 19.01, 16.03, 22.75, 12.0, 32.19, 12.0, 12.0, 12.0, 12.0, 31.21]
a: [141.66, 50.0, 104.72, 93.76, 119.68, 119.98, 50.0, 50.0, 50.0, 25.96, 50.0, 50.0, 157.77, 45.26]
d: [3.5, 3.5, 3.5, 3.5, 3.5, 3.5, 3.5, 3.5, 3.5, 3.5, 3.5, 3.5, 3.5, 2.0]
random_idx_1 = 2, random_idx_2 = 5
random_idx_1 = 1, random_idx_2 = 8

iteration: 79
best: [1000.0, 1000.0, 1000.0, 1000.0, 1000.0, 1000.0, 1000.0, 1000.0, 1000.0, 1000.0, 1000.0, 1000.0, 1000.0, 49.23]
time: [5.71, 7.24, 10.84, 14.05, 16.72, 20.63, 32.71, 36.51, 38.07, 40.4, 42.31, 45.48, 47.52, 48.98]
current_hyper_parameter
v: [31.29, 24.71, 12.0, 12.0, 19.01, 16.03, 22.75, 12.0, 32.19, 12.0, 12.0, 12.0, 12.0, 31.21]
a: [141.66, 50.0, 104.72, 93.76, 119.68, 119.98, 50.0, 50.0, 95.79, 25.96, 50.0, 50.0, 157.77, 45.26]
d: [3.5, 3.5, 3.5, 3.5, 3.5, 3.5, 3.5, 3.5, 3.5, 3.5, 3.5, 3.5, 3.5, 2.0]
BEST_hyper_parameter
v: [31.29, 24.71, 12.0, 12.0, 19.01, 16.03, 22.75, 12.0, 32.19, 12.0, 12.0, 12.0, 12.0, 31.21]
a: [141.66, 50.0, 104.72, 93.76, 119.68, 119.98, 50.0, 50.0, 50.0, 25.96, 50.0, 50.0, 157.77, 45.26]
d: [3.5, 3.5, 3.5, 3.5, 3.5, 3.5, 3.5, 3.5, 3.5, 3.5, 3.5, 3.5, 3.5, 2.0]
random_idx_1 = 0, random_idx_2 = 1
random_idx_1 = 1, random_idx_2 = 7

iteration: 80
best: [1000.0, 1000.0, 1000.0, 1000.0, 1000.0, 1000.0, 1000.0, 1000.0, 1000.0, 1000.0, 1000.0, 1000.0, 1000.0, 48.98]
time: [5.66, 7.28, 10.93, 14.07, 16.71, 20.6, 32.67, 36.19, 37.74, 42.68, 48.49, 1000, 1000, 1000]
current_hyper_parameter
v: [31.29, 18.79, 12.0, 12.0, 19.01, 16.03, 22.75, 12.0, 32.19, 12.0, 12.0, 12.0, 12.0, 31.21]
a: [141.66, 50.0, 104.72, 93.76, 119.68, 119.98, 50.0, 114.56, 95.79, 25.96, 50.0, 50.0, 157.77, 45.26]
d: [3.5, 3.5, 3.5, 3.5, 3.5, 3.5, 3.5, 3.5, 3.5, 3.5, 3.5, 3.5, 3.5, 2.0]
BEST_hyper_parameter
v: [31.29, 24.71, 12.0, 12.0, 19.01, 16.03, 22.75, 12.0, 32.19, 12.0, 12.0, 12.0, 12.0, 31.21]
a: [141.66, 50.0, 104.72, 93.76, 119.68, 119.98, 50.0, 50.0, 95.79, 25.96, 50.0, 50.0, 157.77, 45.26]
d: [3.5, 3.5, 3.5, 3.5, 3.5, 3.5, 3.5, 3.5, 3.5, 3.5, 3.5, 3.5, 3.5, 2.0]
random_idx_1 = 1, random_idx_2 = 1
random_idx_1 = 0, random_idx_2 = 3

iteration: 81
best: [1000.0, 1000.0, 1000.0, 1000.0, 1000.0, 1000.0, 1000.0, 1000.0, 1000.0, 1000.0, 1000.0, 1000.0, 1000.0, 48.98]
time: [5.67, 7.08, 10.39, 13.61, 16.25, 20.12, 32.17, 36.01, 37.56, 39.91, 41.74, 44.17, 45.95, 47.5]
current_hyper_parameter
v: [31.29, 24.71, 12.0, 11.08, 19.01, 16.03, 22.75, 12.0, 32.19, 12.0, 12.0, 12.0, 12.0, 31.21]
a: [141.66, 139.15, 104.72, 93.76, 119.68, 119.98, 50.0, 50.0, 95.79, 25.96, 50.0, 50.0, 157.77, 45.26]
d: [3.5, 3.5, 3.5, 3.5, 3.5, 3.5, 3.5, 3.5, 3.5, 3.5, 3.5, 3.5, 3.5, 2.0]
BEST_hyper_parameter
v: [31.29, 24.71, 12.0, 12.0, 19.01, 16.03, 22.75, 12.0, 32.19, 12.0, 12.0, 12.0, 12.0, 31.21]
a: [141.66, 50.0, 104.72, 93.76, 119.68, 119.98, 50.0, 50.0, 95.79, 25.96, 50.0, 50.0, 157.77, 45.26]
d: [3.5, 3.5, 3.5, 3.5, 3.5, 3.5, 3.5, 3.5, 3.5, 3.5, 3.5, 3.5, 3.5, 2.0]
random_idx_1 = 1, random_idx_2 = 7
random_idx_1 = 2, random_idx_2 = 0

iteration: 82
best: [1000.0, 1000.0, 1000.0, 1000.0, 1000.0, 1000.0, 1000.0, 1000.0, 1000.0, 1000.0, 1000.0, 1000.0, 1000.0, 47.5]
time: [5.73, 7.08, 9.94, 13.25, 23.71, 26.45, 39.03, 43.19, 44.83, 1000, 1000, 1000, 1000, 1000]
current_hyper_parameter
v: [31.29, 24.71, 12.0, 11.08, 19.01, 16.03, 22.75, 12.0, 32.19, 12.0, 12.0, 12.0, 12.0, 31.21]
a: [141.66, 139.15, 104.72, 93.76, 119.68, 119.98, 50.0, 106.39, 95.79, 25.96, 50.0, 50.0, 157.77, 45.26]
d: [3.5, 3.5, 3.5, 3.5, 3.5, 3.5, 3.5, 3.5, 3.5, 3.5, 3.5, 3.5, 3.5, 2.0]
BEST_hyper_parameter
v: [31.29, 24.71, 12.0, 11.08, 19.01, 16.03, 22.75, 12.0, 32.19, 12.0, 12.0, 12.0, 12.0, 31.21]
a: [141.66, 139.15, 104.72, 93.76, 119.68, 119.98, 50.0, 50.0, 95.79, 25.96, 50.0, 50.0, 157.77, 45.26]
d: [3.5, 3.5, 3.5, 3.5, 3.5, 3.5, 3.5, 3.5, 3.5, 3.5, 3.5, 3.5, 3.5, 2.0]
random_idx_1 = 0, random_idx_2 = 2
random_idx_1 = 0, random_idx_2 = 11

iteration: 83
best: [1000.0, 1000.0, 1000.0, 1000.0, 1000.0, 1000.0, 1000.0, 1000.0, 1000.0, 1000.0, 1000.0, 1000.0, 1000.0, 47.5]
time: [5.7, 7.06, 9.93, 13.0, 15.69, 19.59, 31.66, 35.67, 37.32, 42.18, 44.69, 47.28, 1000, 1000]
current_hyper_parameter
v: [31.29, 24.71, 26.73, 11.08, 19.01, 16.03, 22.75, 12.0, 32.19, 12.0, 12.0, 29.46, 12.0, 31.21]
a: [141.66, 139.15, 104.72, 93.76, 119.68, 119.98, 50.0, 50.0, 95.79, 25.96, 50.0, 50.0, 157.77, 45.26]
d: [3.5, 3.5, 3.5, 3.5, 3.5, 3.5, 3.5, 3.5, 3.5, 3.5, 3.5, 3.5, 3.5, 2.0]
BEST_hyper_parameter
v: [31.29, 24.71, 12.0, 11.08, 19.01, 16.03, 22.75, 12.0, 32.19, 12.0, 12.0, 12.0, 12.0, 31.21]
a: [141.66, 139.15, 104.72, 93.76, 119.68, 119.98, 50.0, 50.0, 95.79, 25.96, 50.0, 50.0, 157.77, 45.26]
d: [3.5, 3.5, 3.5, 3.5, 3.5, 3.5, 3.5, 3.5, 3.5, 3.5, 3.5, 3.5, 3.5, 2.0]
random_idx_1 = 0, random_idx_2 = 11
random_idx_1 = 2, random_idx_2 = 10

iteration: 84
best: [1000.0, 1000.0, 1000.0, 1000.0, 1000.0, 1000.0, 1000.0, 1000.0, 1000.0, 1000.0, 1000.0, 1000.0, 1000.0, 47.5]
time: [5.7, 7.03, 9.91, 13.16, 15.78, 19.63, 31.78, 35.5, 37.08, 39.42, 41.4, 43.95, 46.01, 47.43]
current_hyper_parameter
v: [31.29, 24.71, 12.0, 11.08, 19.01, 16.03, 22.75, 12.0, 32.19, 12.0, 12.0, 26.66, 12.0, 31.21]
a: [141.66, 139.15, 104.72, 93.76, 119.68, 119.98, 50.0, 50.0, 95.79, 25.96, 50.0, 50.0, 157.77, 45.26]
d: [3.5, 3.5, 3.5, 3.5, 3.5, 3.5, 3.5, 3.5, 3.5, 3.5, 3.5, 3.5, 3.5, 2.0]
BEST_hyper_parameter
v: [31.29, 24.71, 12.0, 11.08, 19.01, 16.03, 22.75, 12.0, 32.19, 12.0, 12.0, 12.0, 12.0, 31.21]
a: [141.66, 139.15, 104.72, 93.76, 119.68, 119.98, 50.0, 50.0, 95.79, 25.96, 50.0, 50.0, 157.77, 45.26]
d: [3.5, 3.5, 3.5, 3.5, 3.5, 3.5, 3.5, 3.5, 3.5, 3.5, 3.5, 3.5, 3.5, 2.0]
random_idx_1 = 0, random_idx_2 = 11
random_idx_1 = 1, random_idx_2 = 0

iteration: 85
best: [1000.0, 1000.0, 1000.0, 1000.0, 1000.0, 1000.0, 1000.0, 1000.0, 1000.0, 1000.0, 1000.0, 1000.0, 1000.0, 47.43]
time: [5.79, 7.22, 10.42, 13.66, 16.3, 20.17, 32.22, 36.08, 37.62, 1000, 1000, 1000, 1000, 1000]
current_hyper_parameter
v: [31.29, 24.71, 12.0, 11.08, 19.01, 16.03, 22.75, 12.0, 32.19, 12.0, 12.0, 14.4, 12.0, 31.21]
a: [109.68, 139.15, 104.72, 93.76, 119.68, 119.98, 50.0, 50.0, 95.79, 25.96, 50.0, 50.0, 157.77, 45.26]
d: [3.5, 3.5, 3.5, 3.5, 3.5, 3.5, 3.5, 3.5, 3.5, 3.5, 3.5, 3.5, 3.5, 2.0]
BEST_hyper_parameter
v: [31.29, 24.71, 12.0, 11.08, 19.01, 16.03, 22.75, 12.0, 32.19, 12.0, 12.0, 26.66, 12.0, 31.21]
a: [141.66, 139.15, 104.72, 93.76, 119.68, 119.98, 50.0, 50.0, 95.79, 25.96, 50.0, 50.0, 157.77, 45.26]
d: [3.5, 3.5, 3.5, 3.5, 3.5, 3.5, 3.5, 3.5, 3.5, 3.5, 3.5, 3.5, 3.5, 2.0]
random_idx_1 = 2, random_idx_2 = 9
random_idx_1 = 1, random_idx_2 = 4

iteration: 86
best: [1000.0, 1000.0, 1000.0, 1000.0, 1000.0, 1000.0, 1000.0, 1000.0, 1000.0, 1000.0, 1000.0, 1000.0, 1000.0, 47.43]
time: [5.68, 7.06, 10.26, 13.51, 20.23, 23.49, 35.88, 39.62, 41.11, 1000, 1000, 1000, 1000, 1000]
current_hyper_parameter
v: [31.29, 24.71, 12.0, 11.08, 19.01, 16.03, 22.75, 12.0, 32.19, 12.0, 12.0, 26.66, 12.0, 31.21]
a: [141.66, 139.15, 104.72, 93.76, 65.59, 119.98, 50.0, 50.0, 95.79, 25.96, 50.0, 50.0, 157.77, 45.26]
d: [3.5, 3.5, 3.5, 3.5, 3.5, 3.5, 3.5, 3.5, 3.5, 3.5, 3.5, 3.5, 3.5, 2.0]
BEST_hyper_parameter
v: [31.29, 24.71, 12.0, 11.08, 19.01, 16.03, 22.75, 12.0, 32.19, 12.0, 12.0, 26.66, 12.0, 31.21]
a: [141.66, 139.15, 104.72, 93.76, 119.68, 119.98, 50.0, 50.0, 95.79, 25.96, 50.0, 50.0, 157.77, 45.26]
d: [3.5, 3.5, 3.5, 3.5, 3.5, 3.5, 3.5, 3.5, 3.5, 3.5, 3.5, 3.5, 3.5, 2.0]
random_idx_1 = 0, random_idx_2 = 7
random_idx_1 = 0, random_idx_2 = 6

iteration: 87
best: [1000.0, 1000.0, 1000.0, 1000.0, 1000.0, 1000.0, 1000.0, 1000.0, 1000.0, 1000.0, 1000.0, 1000.0, 1000.0, 47.43]
time: [5.68, 7.03, 10.38, 13.64, 16.28, 20.13, 31.36, 34.86, 39.53, 48.76, 1000, 1000, 1000, 1000]
current_hyper_parameter
v: [31.29, 24.71, 12.0, 11.08, 19.01, 16.03, 28.63, 23.12, 32.19, 12.0, 12.0, 26.66, 12.0, 31.21]
a: [141.66, 139.15, 104.72, 93.76, 119.68, 119.98, 50.0, 50.0, 95.79, 25.96, 50.0, 50.0, 157.77, 45.26]
d: [3.5, 3.5, 3.5, 3.5, 3.5, 3.5, 3.5, 3.5, 3.5, 3.5, 3.5, 3.5, 3.5, 2.0]
BEST_hyper_parameter
v: [31.29, 24.71, 12.0, 11.08, 19.01, 16.03, 22.75, 12.0, 32.19, 12.0, 12.0, 26.66, 12.0, 31.21]
a: [141.66, 139.15, 104.72, 93.76, 119.68, 119.98, 50.0, 50.0, 95.79, 25.96, 50.0, 50.0, 157.77, 45.26]
d: [3.5, 3.5, 3.5, 3.5, 3.5, 3.5, 3.5, 3.5, 3.5, 3.5, 3.5, 3.5, 3.5, 2.0]
random_idx_1 = 0, random_idx_2 = 1
random_idx_1 = 1, random_idx_2 = 10

iteration: 88
best: [1000.0, 1000.0, 1000.0, 1000.0, 1000.0, 1000.0, 1000.0, 1000.0, 1000.0, 1000.0, 1000.0, 1000.0, 1000.0, 47.43]
time: [5.66, 6.98, 9.81, 13.13, 15.79, 19.67, 31.67, 35.49, 36.96, 1000, 1000, 1000, 1000, 1000]
current_hyper_parameter
v: [31.29, 28.73, 12.0, 11.08, 19.01, 16.03, 22.75, 12.0, 32.19, 12.0, 12.0, 26.66, 12.0, 31.21]
a: [141.66, 139.15, 104.72, 93.76, 119.68, 119.98, 50.0, 50.0, 95.79, 25.96, 36.96, 50.0, 157.77, 45.26]
d: [3.5, 3.5, 3.5, 3.5, 3.5, 3.5, 3.5, 3.5, 3.5, 3.5, 3.5, 3.5, 3.5, 2.0]
BEST_hyper_parameter
v: [31.29, 24.71, 12.0, 11.08, 19.01, 16.03, 22.75, 12.0, 32.19, 12.0, 12.0, 26.66, 12.0, 31.21]
a: [141.66, 139.15, 104.72, 93.76, 119.68, 119.98, 50.0, 50.0, 95.79, 25.96, 50.0, 50.0, 157.77, 45.26]
d: [3.5, 3.5, 3.5, 3.5, 3.5, 3.5, 3.5, 3.5, 3.5, 3.5, 3.5, 3.5, 3.5, 2.0]
random_idx_1 = 1, random_idx_2 = 12
random_idx_1 = 2, random_idx_2 = 2

iteration: 89
best: [1000.0, 1000.0, 1000.0, 1000.0, 1000.0, 1000.0, 1000.0, 1000.0, 1000.0, 1000.0, 1000.0, 1000.0, 1000.0, 47.43]
time: [5.66, 7.03, 9.88, 13.24, 19.19, 23.39, 36.07, 40.06, 41.56, 1000, 1000, 1000, 1000, 1000]
current_hyper_parameter
v: [31.29, 24.71, 12.0, 11.08, 19.01, 16.03, 22.75, 12.0, 32.19, 12.0, 12.0, 26.66, 12.0, 31.21]
a: [141.66, 139.15, 104.72, 93.76, 119.68, 119.98, 50.0, 50.0, 95.79, 25.96, 50.0, 50.0, 33.13, 45.26]
d: [3.5, 3.5, 5.39, 3.5, 3.5, 3.5, 3.5, 3.5, 3.5, 3.5, 3.5, 3.5, 3.5, 2.0]
BEST_hyper_parameter
v: [31.29, 24.71, 12.0, 11.08, 19.01, 16.03, 22.75, 12.0, 32.19, 12.0, 12.0, 26.66, 12.0, 31.21]
a: [141.66, 139.15, 104.72, 93.76, 119.68, 119.98, 50.0, 50.0, 95.79, 25.96, 50.0, 50.0, 157.77, 45.26]
d: [3.5, 3.5, 3.5, 3.5, 3.5, 3.5, 3.5, 3.5, 3.5, 3.5, 3.5, 3.5, 3.5, 2.0]
random_idx_1 = 2, random_idx_2 = 10
random_idx_1 = 1, random_idx_2 = 8

iteration: 90
best: [1000.0, 1000.0, 1000.0, 1000.0, 1000.0, 1000.0, 1000.0, 1000.0, 1000.0, 1000.0, 1000.0, 1000.0, 1000.0, 47.43]
time: [5.7, 7.07, 10.24, 13.53, 1000, 1000, 1000, 1000, 1000, 1000, 1000, 1000, 1000, 1000]
current_hyper_parameter
v: [31.29, 24.71, 12.0, 11.08, 19.01, 16.03, 22.75, 12.0, 32.19, 12.0, 12.0, 26.66, 12.0, 31.21]
a: [141.66, 139.15, 104.72, 93.76, 119.68, 119.98, 50.0, 50.0, 113.18, 25.96, 50.0, 50.0, 157.77, 45.26]
d: [3.5, 3.5, 3.5, 3.5, 3.5, 3.5, 3.5, 3.5, 3.5, 3.5, 3.5, 3.5, 3.5, 2.0]
BEST_hyper_parameter
v: [31.29, 24.71, 12.0, 11.08, 19.01, 16.03, 22.75, 12.0, 32.19, 12.0, 12.0, 26.66, 12.0, 31.21]
a: [141.66, 139.15, 104.72, 93.76, 119.68, 119.98, 50.0, 50.0, 95.79, 25.96, 50.0, 50.0, 157.77, 45.26]
d: [3.5, 3.5, 3.5, 3.5, 3.5, 3.5, 3.5, 3.5, 3.5, 3.5, 3.5, 3.5, 3.5, 2.0]
random_idx_1 = 1, random_idx_2 = 10
random_idx_1 = 0, random_idx_2 = 4

iteration: 91
best: [1000.0, 1000.0, 1000.0, 1000.0, 1000.0, 1000.0, 1000.0, 1000.0, 1000.0, 1000.0, 1000.0, 1000.0, 1000.0, 47.43]
time: [5.7, 7.07, 10.25, 13.49, 16.26, 20.08, 32.17, 36.0, 37.55, 1000, 1000, 1000, 1000, 1000]
current_hyper_parameter
v: [31.29, 24.71, 12.0, 11.08, 16.39, 16.03, 22.75, 12.0, 32.19, 12.0, 12.0, 26.66, 12.0, 31.21]
a: [141.66, 139.15, 104.72, 93.76, 119.68, 119.98, 50.0, 50.0, 95.79, 25.96, 112.55, 50.0, 157.77, 45.26]
d: [3.5, 3.5, 3.5, 3.5, 3.5, 3.5, 3.5, 3.5, 3.5, 3.5, 3.5, 3.5, 3.5, 2.0]
BEST_hyper_parameter
v: [31.29, 24.71, 12.0, 11.08, 19.01, 16.03, 22.75, 12.0, 32.19, 12.0, 12.0, 26.66, 12.0, 31.21]
a: [141.66, 139.15, 104.72, 93.76, 119.68, 119.98, 50.0, 50.0, 95.79, 25.96, 50.0, 50.0, 157.77, 45.26]
d: [3.5, 3.5, 3.5, 3.5, 3.5, 3.5, 3.5, 3.5, 3.5, 3.5, 3.5, 3.5, 3.5, 2.0]
random_idx_1 = 2, random_idx_2 = 4
random_idx_1 = 1, random_idx_2 = 1

iteration: 92
best: [1000.0, 1000.0, 1000.0, 1000.0, 1000.0, 1000.0, 1000.0, 1000.0, 1000.0, 1000.0, 1000.0, 1000.0, 1000.0, 47.43]
time: [5.67, 7.24, 10.84, 14.11, 16.77, 20.67, 32.69, 36.53, 38.07, 1000, 1000, 1000, 1000, 1000]
current_hyper_parameter
v: [31.29, 24.71, 12.0, 11.08, 19.01, 16.03, 22.75, 12.0, 32.19, 12.0, 12.0, 26.66, 12.0, 31.21]
a: [141.66, 41.52, 104.72, 93.76, 119.68, 119.98, 50.0, 50.0, 95.79, 25.96, 50.0, 50.0, 157.77, 45.26]
d: [3.5, 3.5, 3.5, 3.5, 3.5, 3.5, 3.5, 3.5, 3.5, 3.5, 3.5, 3.5, 3.5, 2.0]
BEST_hyper_parameter
v: [31.29, 24.71, 12.0, 11.08, 19.01, 16.03, 22.75, 12.0, 32.19, 12.0, 12.0, 26.66, 12.0, 31.21]
a: [141.66, 139.15, 104.72, 93.76, 119.68, 119.98, 50.0, 50.0, 95.79, 25.96, 50.0, 50.0, 157.77, 45.26]
d: [3.5, 3.5, 3.5, 3.5, 3.5, 3.5, 3.5, 3.5, 3.5, 3.5, 3.5, 3.5, 3.5, 2.0]
random_idx_1 = 0, random_idx_2 = 13
random_idx_1 = 0, random_idx_2 = 0

iteration: 93
best: [1000.0, 1000.0, 1000.0, 1000.0, 1000.0, 1000.0, 1000.0, 1000.0, 1000.0, 1000.0, 1000.0, 1000.0, 1000.0, 47.43]
time: [5.73, 7.09, 10.55, 14.01, 1000, 1000, 1000, 1000, 1000, 1000, 1000, 1000, 1000, 1000]
current_hyper_parameter
v: [28.17, 24.71, 12.0, 11.08, 19.01, 16.03, 22.75, 12.0, 32.19, 12.0, 12.0, 26.66, 12.0, 21.54]
a: [141.66, 139.15, 104.72, 93.76, 119.68, 119.98, 50.0, 50.0, 95.79, 25.96, 50.0, 50.0, 157.77, 45.26]
d: [3.5, 3.5, 3.5, 3.5, 3.5, 3.5, 3.5, 3.5, 3.5, 3.5, 3.5, 3.5, 3.5, 2.0]
BEST_hyper_parameter
v: [31.29, 24.71, 12.0, 11.08, 19.01, 16.03, 22.75, 12.0, 32.19, 12.0, 12.0, 26.66, 12.0, 31.21]
a: [141.66, 139.15, 104.72, 93.76, 119.68, 119.98, 50.0, 50.0, 95.79, 25.96, 50.0, 50.0, 157.77, 45.26]
d: [3.5, 3.5, 3.5, 3.5, 3.5, 3.5, 3.5, 3.5, 3.5, 3.5, 3.5, 3.5, 3.5, 2.0]
random_idx_1 = 0, random_idx_2 = 0
random_idx_1 = 1, random_idx_2 = 12

iteration: 94
best: [1000.0, 1000.0, 1000.0, 1000.0, 1000.0, 1000.0, 1000.0, 1000.0, 1000.0, 1000.0, 1000.0, 1000.0, 1000.0, 47.43]
time: [5.66, 7.01, 9.88, 13.1, 15.78, 19.66, 31.68, 35.51, 37.09, 1000, 1000, 1000, 1000, 1000]
current_hyper_parameter
v: [31.9, 24.71, 12.0, 11.08, 19.01, 16.03, 22.75, 12.0, 32.19, 12.0, 12.0, 26.66, 12.0, 31.21]
a: [141.66, 139.15, 104.72, 93.76, 119.68, 119.98, 50.0, 50.0, 95.79, 25.96, 50.0, 50.0, 57.88, 45.26]
d: [3.5, 3.5, 3.5, 3.5, 3.5, 3.5, 3.5, 3.5, 3.5, 3.5, 3.5, 3.5, 3.5, 2.0]
BEST_hyper_parameter
v: [31.29, 24.71, 12.0, 11.08, 19.01, 16.03, 22.75, 12.0, 32.19, 12.0, 12.0, 26.66, 12.0, 31.21]
a: [141.66, 139.15, 104.72, 93.76, 119.68, 119.98, 50.0, 50.0, 95.79, 25.96, 50.0, 50.0, 157.77, 45.26]
d: [3.5, 3.5, 3.5, 3.5, 3.5, 3.5, 3.5, 3.5, 3.5, 3.5, 3.5, 3.5, 3.5, 2.0]
random_idx_1 = 1, random_idx_2 = 11
random_idx_1 = 2, random_idx_2 = 13

iteration: 95
best: [1000.0, 1000.0, 1000.0, 1000.0, 1000.0, 1000.0, 1000.0, 1000.0, 1000.0, 1000.0, 1000.0, 1000.0, 1000.0, 47.43]
time: [5.69, 7.01, 9.88, 13.13, 15.76, 19.71, 35.99, 39.97, 41.53, 1000, 1000, 1000, 1000, 1000]
current_hyper_parameter
v: [31.29, 24.71, 12.0, 11.08, 19.01, 16.03, 22.75, 12.0, 32.19, 12.0, 12.0, 26.66, 12.0, 31.21]
a: [141.66, 139.15, 104.72, 93.76, 119.68, 119.98, 50.0, 50.0, 95.79, 25.96, 50.0, 114.7, 157.77, 45.26]
d: [3.5, 3.5, 3.5, 3.5, 3.5, 3.5, 3.5, 3.5, 3.5, 3.5, 3.5, 3.5, 3.5, 2.0]
BEST_hyper_parameter
v: [31.29, 24.71, 12.0, 11.08, 19.01, 16.03, 22.75, 12.0, 32.19, 12.0, 12.0, 26.66, 12.0, 31.21]
a: [141.66, 139.15, 104.72, 93.76, 119.68, 119.98, 50.0, 50.0, 95.79, 25.96, 50.0, 50.0, 157.77, 45.26]
d: [3.5, 3.5, 3.5, 3.5, 3.5, 3.5, 3.5, 3.5, 3.5, 3.5, 3.5, 3.5, 3.5, 2.0]
random_idx_1 = 2, random_idx_2 = 7
random_idx_1 = 1, random_idx_2 = 9

iteration: 96
best: [1000.0, 1000.0, 1000.0, 1000.0, 1000.0, 1000.0, 1000.0, 1000.0, 1000.0, 1000.0, 1000.0, 1000.0, 1000.0, 47.43]
time: [5.7, 7.1, 10.24, 13.54, 1000, 1000, 1000, 1000, 1000, 1000, 1000, 1000, 1000, 1000]
current_hyper_parameter
v: [31.29, 24.71, 12.0, 11.08, 19.01, 16.03, 22.75, 12.0, 32.19, 12.0, 12.0, 26.66, 12.0, 31.21]
a: [141.66, 139.15, 104.72, 93.76, 119.68, 119.98, 50.0, 50.0, 95.79, 98.76, 50.0, 50.0, 157.77, 45.26]
d: [3.5, 3.5, 3.5, 3.5, 3.5, 3.5, 3.5, 3.5, 3.5, 3.5, 3.5, 3.5, 3.5, 2.0]
BEST_hyper_parameter
v: [31.29, 24.71, 12.0, 11.08, 19.01, 16.03, 22.75, 12.0, 32.19, 12.0, 12.0, 26.66, 12.0, 31.21]
a: [141.66, 139.15, 104.72, 93.76, 119.68, 119.98, 50.0, 50.0, 95.79, 25.96, 50.0, 50.0, 157.77, 45.26]
d: [3.5, 3.5, 3.5, 3.5, 3.5, 3.5, 3.5, 3.5, 3.5, 3.5, 3.5, 3.5, 3.5, 2.0]
random_idx_1 = 1, random_idx_2 = 0
random_idx_1 = 2, random_idx_2 = 10

iteration: 97
best: [1000.0, 1000.0, 1000.0, 1000.0, 1000.0, 1000.0, 1000.0, 1000.0, 1000.0, 1000.0, 1000.0, 1000.0, 1000.0, 47.43]
time: [5.71, 7.07, 10.52, 13.69, 16.3, 20.18, 32.18, 36.04, 37.59, 1000, 1000, 1000, 1000, 1000]
current_hyper_parameter
v: [31.29, 24.71, 12.0, 11.08, 19.01, 16.03, 22.75, 12.0, 32.19, 12.0, 12.0, 26.66, 12.0, 31.21]
a: [136.73, 139.15, 104.72, 93.76, 119.68, 119.98, 50.0, 50.0, 95.79, 25.96, 50.0, 50.0, 157.77, 45.26]
d: [3.5, 3.5, 3.5, 3.5, 3.5, 3.5, 3.5, 3.5, 3.5, 3.5, 3.5, 3.5, 3.5, 2.0]
BEST_hyper_parameter
v: [31.29, 24.71, 12.0, 11.08, 19.01, 16.03, 22.75, 12.0, 32.19, 12.0, 12.0, 26.66, 12.0, 31.21]
a: [141.66, 139.15, 104.72, 93.76, 119.68, 119.98, 50.0, 50.0, 95.79, 25.96, 50.0, 50.0, 157.77, 45.26]
d: [3.5, 3.5, 3.5, 3.5, 3.5, 3.5, 3.5, 3.5, 3.5, 3.5, 3.5, 3.5, 3.5, 2.0]
random_idx_1 = 2, random_idx_2 = 9
random_idx_1 = 1, random_idx_2 = 9

iteration: 98
best: [1000.0, 1000.0, 1000.0, 1000.0, 1000.0, 1000.0, 1000.0, 1000.0, 1000.0, 1000.0, 1000.0, 1000.0, 1000.0, 47.43]
time: [5.71, 7.09, 10.27, 13.52, 19.23, 22.84, 35.49, 39.01, 43.77, 1000, 1000, 1000, 1000, 1000]
current_hyper_parameter
v: [31.29, 24.71, 12.0, 11.08, 19.01, 16.03, 22.75, 12.0, 32.19, 12.0, 12.0, 26.66, 12.0, 31.21]
a: [141.66, 139.15, 104.72, 93.76, 119.68, 119.98, 50.0, 50.0, 95.79, 118.88, 50.0, 50.0, 157.77, 45.26]
d: [3.5, 3.5, 3.5, 3.5, 3.5, 3.5, 3.5, 3.5, 3.5, 3.5, 3.5, 3.5, 3.5, 2.0]
BEST_hyper_parameter
v: [31.29, 24.71, 12.0, 11.08, 19.01, 16.03, 22.75, 12.0, 32.19, 12.0, 12.0, 26.66, 12.0, 31.21]
a: [141.66, 139.15, 104.72, 93.76, 119.68, 119.98, 50.0, 50.0, 95.79, 25.96, 50.0, 50.0, 157.77, 45.26]
d: [3.5, 3.5, 3.5, 3.5, 3.5, 3.5, 3.5, 3.5, 3.5, 3.5, 3.5, 3.5, 3.5, 2.0]
random_idx_1 = 1, random_idx_2 = 9
random_idx_1 = 1, random_idx_2 = 10

iteration: 99
best: [1000.0, 1000.0, 1000.0, 1000.0, 1000.0, 1000.0, 1000.0, 1000.0, 1000.0, 1000.0, 1000.0, 1000.0, 1000.0, 47.43]
time: [5.69, 7.02, 9.89, 13.26, 1000, 1000, 1000, 1000, 1000, 1000, 1000, 1000, 1000, 1000]
current_hyper_parameter
v: [31.29, 24.71, 12.0, 11.08, 19.01, 16.03, 22.75, 12.0, 32.19, 12.0, 12.0, 26.66, 12.0, 31.21]
a: [141.66, 139.15, 104.72, 93.76, 119.68, 119.98, 50.0, 50.0, 95.79, 50.02, 34.23, 50.0, 157.77, 45.26]
d: [3.5, 3.5, 3.5, 3.5, 3.5, 3.5, 3.5, 3.5, 3.5, 3.5, 3.5, 3.5, 3.5, 2.0]
BEST_hyper_parameter
v: [31.29, 24.71, 12.0, 11.08, 19.01, 16.03, 22.75, 12.0, 32.19, 12.0, 12.0, 26.66, 12.0, 31.21]
a: [141.66, 139.15, 104.72, 93.76, 119.68, 119.98, 50.0, 50.0, 95.79, 25.96, 50.0, 50.0, 157.77, 45.26]
d: [3.5, 3.5, 3.5, 3.5, 3.5, 3.5, 3.5, 3.5, 3.5, 3.5, 3.5, 3.5, 3.5, 2.0]
random_idx_1 = 1, random_idx_2 = 0
random_idx_1 = 1, random_idx_2 = 12

iteration: 100
best: [1000.0, 1000.0, 1000.0, 1000.0, 1000.0, 1000.0, 1000.0, 1000.0, 1000.0, 1000.0, 1000.0, 1000.0, 1000.0, 47.43]
time: [5.71, 7.06, 10.41, 13.96, 19.78, 23.34, 35.89, 39.5, 40.98, 1000, 1000, 1000, 1000, 1000]
current_hyper_parameter
v: [31.29, 24.71, 12.0, 11.08, 19.01, 16.03, 22.75, 12.0, 32.19, 12.0, 12.0, 26.66, 12.0, 31.21]
a: [132.4, 139.15, 104.72, 93.76, 119.68, 119.98, 50.0, 50.0, 95.79, 25.96, 50.0, 50.0, 86.86, 45.26]
d: [3.5, 3.5, 3.5, 3.5, 3.5, 3.5, 3.5, 3.5, 3.5, 3.5, 3.5, 3.5, 3.5, 2.0]
BEST_hyper_parameter
v: [31.29, 24.71, 12.0, 11.08, 19.01, 16.03, 22.75, 12.0, 32.19, 12.0, 12.0, 26.66, 12.0, 31.21]
a: [141.66, 139.15, 104.72, 93.76, 119.68, 119.98, 50.0, 50.0, 95.79, 25.96, 50.0, 50.0, 157.77, 45.26]
d: [3.5, 3.5, 3.5, 3.5, 3.5, 3.5, 3.5, 3.5, 3.5, 3.5, 3.5, 3.5, 3.5, 2.0]
random_idx_1 = 2, random_idx_2 = 8
random_idx_1 = 0, random_idx_2 = 3

iteration: 101
best: [1000.0, 1000.0, 1000.0, 1000.0, 1000.0, 1000.0, 1000.0, 1000.0, 1000.0, 1000.0, 1000.0, 1000.0, 1000.0, 47.43]
time: [5.69, 7.07, 10.61, 13.22, 18.98, 22.43, 34.91, 38.56, 40.13, 1000, 1000, 1000, 1000, 1000]
current_hyper_parameter
v: [31.29, 24.71, 12.0, 26.12, 19.01, 16.03, 22.75, 12.0, 32.19, 12.0, 12.0, 26.66, 12.0, 31.21]
a: [141.66, 139.15, 104.72, 93.76, 119.68, 119.98, 50.0, 50.0, 95.79, 25.96, 50.0, 50.0, 157.77, 45.26]
d: [3.5, 3.5, 3.5, 3.5, 3.5, 3.5, 3.5, 3.5, 3.5, 3.5, 3.5, 3.5, 3.5, 2.0]
BEST_hyper_parameter
v: [31.29, 24.71, 12.0, 11.08, 19.01, 16.03, 22.75, 12.0, 32.19, 12.0, 12.0, 26.66, 12.0, 31.21]
a: [141.66, 139.15, 104.72, 93.76, 119.68, 119.98, 50.0, 50.0, 95.79, 25.96, 50.0, 50.0, 157.77, 45.26]
d: [3.5, 3.5, 3.5, 3.5, 3.5, 3.5, 3.5, 3.5, 3.5, 3.5, 3.5, 3.5, 3.5, 2.0]
random_idx_1 = 2, random_idx_2 = 10
random_idx_1 = 2, random_idx_2 = 1

iteration: 102
best: [1000.0, 1000.0, 1000.0, 1000.0, 1000.0, 1000.0, 1000.0, 1000.0, 1000.0, 1000.0, 1000.0, 1000.0, 1000.0, 47.43]
time: [5.66, 7.06, 10.25, 13.52, 1000, 1000, 1000, 1000, 1000, 1000, 1000, 1000, 1000, 1000]
current_hyper_parameter
v: [31.29, 24.71, 12.0, 11.08, 19.01, 16.03, 22.75, 12.0, 32.19, 12.0, 12.0, 26.66, 12.0, 31.21]
a: [141.66, 139.15, 104.72, 93.76, 119.68, 119.98, 50.0, 50.0, 95.79, 25.96, 50.0, 50.0, 157.77, 45.26]
d: [3.5, 3.5, 3.5, 3.5, 3.5, 3.5, 3.5, 3.5, 3.5, 3.5, 3.5, 3.5, 3.5, 2.0]
BEST_hyper_parameter
v: [31.29, 24.71, 12.0, 11.08, 19.01, 16.03, 22.75, 12.0, 32.19, 12.0, 12.0, 26.66, 12.0, 31.21]
a: [141.66, 139.15, 104.72, 93.76, 119.68, 119.98, 50.0, 50.0, 95.79, 25.96, 50.0, 50.0, 157.77, 45.26]
d: [3.5, 3.5, 3.5, 3.5, 3.5, 3.5, 3.5, 3.5, 3.5, 3.5, 3.5, 3.5, 3.5, 2.0]
random_idx_1 = 0, random_idx_2 = 1
random_idx_1 = 1, random_idx_2 = 5

iteration: 103
best: [1000.0, 1000.0, 1000.0, 1000.0, 1000.0, 1000.0, 1000.0, 1000.0, 1000.0, 1000.0, 1000.0, 1000.0, 1000.0, 47.43]
time: [5.74, 7.14, 10.38, 13.63, 16.25, 20.39, 33.29, 37.05, 38.61, 1000, 1000, 1000, 1000, 1000]
current_hyper_parameter
v: [31.29, 26.7, 12.0, 11.08, 19.01, 16.03, 22.75, 12.0, 32.19, 12.0, 12.0, 26.66, 12.0, 31.21]
a: [141.66, 139.15, 104.72, 93.76, 119.68, 91.62, 50.0, 50.0, 95.79, 25.96, 50.0, 50.0, 157.77, 45.26]
d: [3.5, 3.5, 3.5, 3.5, 3.5, 3.5, 3.5, 3.5, 3.5, 3.5, 3.5, 3.5, 3.5, 2.0]
BEST_hyper_parameter
v: [31.29, 24.71, 12.0, 11.08, 19.01, 16.03, 22.75, 12.0, 32.19, 12.0, 12.0, 26.66, 12.0, 31.21]
a: [141.66, 139.15, 104.72, 93.76, 119.68, 119.98, 50.0, 50.0, 95.79, 25.96, 50.0, 50.0, 157.77, 45.26]
d: [3.5, 3.5, 3.5, 3.5, 3.5, 3.5, 3.5, 3.5, 3.5, 3.5, 3.5, 3.5, 3.5, 2.0]
random_idx_1 = 0, random_idx_2 = 10
random_idx_1 = 1, random_idx_2 = 0

iteration: 104
best: [1000.0, 1000.0, 1000.0, 1000.0, 1000.0, 1000.0, 1000.0, 1000.0, 1000.0, 1000.0, 1000.0, 1000.0, 1000.0, 47.43]
time: [5.77, 7.19, 10.33, 13.6, 16.26, 20.15, 32.16, 36.09, 37.59, 1000, 1000, 1000, 1000, 1000]
current_hyper_parameter
v: [31.29, 24.71, 12.0, 11.08, 19.01, 16.03, 22.75, 12.0, 32.19, 12.0, 33.09, 26.66, 12.0, 31.21]
a: [99.06, 139.15, 104.72, 93.76, 119.68, 119.98, 50.0, 50.0, 95.79, 25.96, 50.0, 50.0, 157.77, 45.26]
d: [3.5, 3.5, 3.5, 3.5, 3.5, 3.5, 3.5, 3.5, 3.5, 3.5, 3.5, 3.5, 3.5, 2.0]
BEST_hyper_parameter
v: [31.29, 24.71, 12.0, 11.08, 19.01, 16.03, 22.75, 12.0, 32.19, 12.0, 12.0, 26.66, 12.0, 31.21]
a: [141.66, 139.15, 104.72, 93.76, 119.68, 119.98, 50.0, 50.0, 95.79, 25.96, 50.0, 50.0, 157.77, 45.26]
d: [3.5, 3.5, 3.5, 3.5, 3.5, 3.5, 3.5, 3.5, 3.5, 3.5, 3.5, 3.5, 3.5, 2.0]
random_idx_1 = 2, random_idx_2 = 1
random_idx_1 = 1, random_idx_2 = 1

iteration: 105
best: [1000.0, 1000.0, 1000.0, 1000.0, 1000.0, 1000.0, 1000.0, 1000.0, 1000.0, 1000.0, 1000.0, 1000.0, 1000.0, 47.43]
time: [5.69, 7.12, 10.68, 14.01, 16.65, 23.33, 35.91, 39.52, 41.1, 43.73, 45.56, 1000, 1000, 1000]
current_hyper_parameter
v: [31.29, 24.71, 12.0, 11.08, 19.01, 16.03, 22.75, 12.0, 32.19, 12.0, 12.0, 26.66, 12.0, 31.21]
a: [141.66, 110.53, 104.72, 93.76, 119.68, 119.98, 50.0, 50.0, 95.79, 25.96, 50.0, 50.0, 157.77, 45.26]
d: [3.5, 3.5, 3.5, 3.5, 3.5, 3.5, 3.5, 3.5, 3.5, 3.5, 3.5, 3.5, 3.5, 2.0]
BEST_hyper_parameter
v: [31.29, 24.71, 12.0, 11.08, 19.01, 16.03, 22.75, 12.0, 32.19, 12.0, 12.0, 26.66, 12.0, 31.21]
a: [141.66, 139.15, 104.72, 93.76, 119.68, 119.98, 50.0, 50.0, 95.79, 25.96, 50.0, 50.0, 157.77, 45.26]
d: [3.5, 3.5, 3.5, 3.5, 3.5, 3.5, 3.5, 3.5, 3.5, 3.5, 3.5, 3.5, 3.5, 2.0]
random_idx_1 = 2, random_idx_2 = 12
random_idx_1 = 2, random_idx_2 = 9

iteration: 106
best: [1000.0, 1000.0, 1000.0, 1000.0, 1000.0, 1000.0, 1000.0, 1000.0, 1000.0, 1000.0, 1000.0, 1000.0, 1000.0, 47.43]
time: [5.67, 7.03, 9.9, 13.13, 15.78, 26.82, 46.37, 1000, 1000, 1000, 1000, 1000, 1000, 1000]
current_hyper_parameter
v: [31.29, 24.71, 12.0, 11.08, 19.01, 16.03, 22.75, 12.0, 32.19, 12.0, 12.0, 26.66, 12.0, 31.21]
a: [141.66, 139.15, 104.72, 93.76, 119.68, 119.98, 50.0, 50.0, 95.79, 25.96, 50.0, 50.0, 157.77, 45.26]
d: [3.5, 3.5, 3.5, 3.5, 3.5, 3.5, 3.5, 3.5, 3.5, 3.5, 3.5, 3.5, 3.5, 2.0]
BEST_hyper_parameter
v: [31.29, 24.71, 12.0, 11.08, 19.01, 16.03, 22.75, 12.0, 32.19, 12.0, 12.0, 26.66, 12.0, 31.21]
a: [141.66, 139.15, 104.72, 93.76, 119.68, 119.98, 50.0, 50.0, 95.79, 25.96, 50.0, 50.0, 157.77, 45.26]
d: [3.5, 3.5, 3.5, 3.5, 3.5, 3.5, 3.5, 3.5, 3.5, 3.5, 3.5, 3.5, 3.5, 2.0]
random_idx_1 = 1, random_idx_2 = 2
random_idx_1 = 2, random_idx_2 = 7

iteration: 107
best: [1000.0, 1000.0, 1000.0, 1000.0, 1000.0, 1000.0, 1000.0, 1000.0, 1000.0, 1000.0, 1000.0, 1000.0, 1000.0, 47.43]
time: [5.72, 7.09, 10.04, 13.77, 1000, 1000, 1000, 1000, 1000, 1000, 1000, 1000, 1000, 1000]
current_hyper_parameter
v: [31.29, 24.71, 12.0, 11.08, 19.01, 16.03, 22.75, 12.0, 32.19, 12.0, 12.0, 26.66, 12.0, 31.21]
a: [141.66, 139.15, 81.44, 93.76, 119.68, 119.98, 50.0, 50.0, 95.79, 25.96, 50.0, 50.0, 157.77, 45.26]
d: [3.5, 3.5, 3.5, 3.5, 3.5, 3.5, 3.5, 3.5, 3.5, 3.5, 3.5, 3.5, 3.5, 2.0]
BEST_hyper_parameter
v: [31.29, 24.71, 12.0, 11.08, 19.01, 16.03, 22.75, 12.0, 32.19, 12.0, 12.0, 26.66, 12.0, 31.21]
a: [141.66, 139.15, 104.72, 93.76, 119.68, 119.98, 50.0, 50.0, 95.79, 25.96, 50.0, 50.0, 157.77, 45.26]
d: [3.5, 3.5, 3.5, 3.5, 3.5, 3.5, 3.5, 3.5, 3.5, 3.5, 3.5, 3.5, 3.5, 2.0]
random_idx_1 = 2, random_idx_2 = 3
random_idx_1 = 1, random_idx_2 = 12

iteration: 108
best: [1000.0, 1000.0, 1000.0, 1000.0, 1000.0, 1000.0, 1000.0, 1000.0, 1000.0, 1000.0, 1000.0, 1000.0, 1000.0, 47.43]
time: [5.69, 7.03, 9.9, 13.25, 19.36, 31.27, 43.34, 47.01, 48.41, 1000, 1000, 1000, 1000, 1000]
current_hyper_parameter
v: [31.29, 24.71, 12.0, 11.08, 19.01, 16.03, 22.75, 12.0, 32.19, 12.0, 12.0, 26.66, 12.0, 31.21]
a: [141.66, 139.15, 104.72, 93.76, 119.68, 119.98, 50.0, 50.0, 95.79, 25.96, 50.0, 50.0, 98.43, 45.26]
d: [3.5, 3.5, 3.5, 3.5, 3.5, 3.5, 3.5, 3.5, 3.5, 3.5, 3.5, 3.5, 3.5, 2.0]
BEST_hyper_parameter
v: [31.29, 24.71, 12.0, 11.08, 19.01, 16.03, 22.75, 12.0, 32.19, 12.0, 12.0, 26.66, 12.0, 31.21]
a: [141.66, 139.15, 104.72, 93.76, 119.68, 119.98, 50.0, 50.0, 95.79, 25.96, 50.0, 50.0, 157.77, 45.26]
d: [3.5, 3.5, 3.5, 3.5, 3.5, 3.5, 3.5, 3.5, 3.5, 3.5, 3.5, 3.5, 3.5, 2.0]
random_idx_1 = 1, random_idx_2 = 12
random_idx_1 = 2, random_idx_2 = 6

iteration: 109
best: [1000.0, 1000.0, 1000.0, 1000.0, 1000.0, 1000.0, 1000.0, 1000.0, 1000.0, 1000.0, 1000.0, 1000.0, 1000.0, 47.43]
time: [5.69, 7.03, 10.4, 13.76, 1000, 1000, 1000, 1000, 1000, 1000, 1000, 1000, 1000, 1000]
current_hyper_parameter
v: [31.29, 24.71, 12.0, 11.08, 19.01, 16.03, 22.75, 12.0, 32.19, 12.0, 12.0, 26.66, 12.0, 31.21]
a: [141.66, 139.15, 104.72, 93.76, 119.68, 119.98, 50.0, 50.0, 95.79, 25.96, 50.0, 50.0, 35.58, 45.26]
d: [3.5, 3.5, 3.5, 3.5, 3.5, 3.5, 3.5, 3.5, 3.5, 3.5, 3.5, 3.5, 3.5, 2.0]
BEST_hyper_parameter
v: [31.29, 24.71, 12.0, 11.08, 19.01, 16.03, 22.75, 12.0, 32.19, 12.0, 12.0, 26.66, 12.0, 31.21]
a: [141.66, 139.15, 104.72, 93.76, 119.68, 119.98, 50.0, 50.0, 95.79, 25.96, 50.0, 50.0, 157.77, 45.26]
d: [3.5, 3.5, 3.5, 3.5, 3.5, 3.5, 3.5, 3.5, 3.5, 3.5, 3.5, 3.5, 3.5, 2.0]
random_idx_1 = 1, random_idx_2 = 9
random_idx_1 = 0, random_idx_2 = 5

iteration: 110
best: [1000.0, 1000.0, 1000.0, 1000.0, 1000.0, 1000.0, 1000.0, 1000.0, 1000.0, 1000.0, 1000.0, 1000.0, 1000.0, 47.43]
time: [5.69, 7.06, 10.6, 14.02, 19.76, 23.19, 35.14, 38.91, 40.41, 42.01, 44.85, 47.63, 1000, 1000]
current_hyper_parameter
v: [31.29, 24.71, 12.0, 11.08, 19.01, 17.9, 22.75, 12.0, 32.19, 12.0, 12.0, 26.66, 12.0, 31.21]
a: [141.66, 139.15, 104.72, 93.76, 119.68, 119.98, 50.0, 50.0, 95.79, 122.81, 50.0, 50.0, 157.77, 45.26]
d: [3.5, 3.5, 3.5, 3.5, 3.5, 3.5, 3.5, 3.5, 3.5, 3.5, 3.5, 3.5, 3.5, 2.0]
BEST_hyper_parameter
v: [31.29, 24.71, 12.0, 11.08, 19.01, 16.03, 22.75, 12.0, 32.19, 12.0, 12.0, 26.66, 12.0, 31.21]
a: [141.66, 139.15, 104.72, 93.76, 119.68, 119.98, 50.0, 50.0, 95.79, 25.96, 50.0, 50.0, 157.77, 45.26]
d: [3.5, 3.5, 3.5, 3.5, 3.5, 3.5, 3.5, 3.5, 3.5, 3.5, 3.5, 3.5, 3.5, 2.0]
random_idx_1 = 1, random_idx_2 = 6
random_idx_1 = 1, random_idx_2 = 12
