
iteration: 1
best: [1000.0, 1000.0, 1000.0, 1000.0, 1000.0, 1000.0, 1000.0, 1000.0, 1000.0, 1000.0, 1000.0, 1000.0, 1000.0, 1000.0]
time: [6.58, 9.06, 13.57, 17.42, 21.33, 25.66, 46.09, 50.86, 53.14, 56.06, 58.1, 61.01, 63.98, 65.91]
current_hyper_parameter
v: [12.0, 12.0, 12.0, 12.0, 12.0, 12.0, 12.0, 12.0, 12.0, 12.0, 12.0, 12.0, 12.0, 12.0]
a: [50.0, 50.0, 50.0, 50.0, 50.0, 50.0, 50.0, 50.0, 50.0, 50.0, 50.0, 50.0, 50.0, 50.0]
d: [3.5, 3.5, 3.5, 3.5, 3.5, 3.5, 3.5, 3.5, 3.5, 3.5, 3.5, 3.5, 3.5, 2.0]
BEST_hyper_parameter
v: [-1.0, -1.0, -1.0, -1.0, -1.0, -1.0, -1.0, -1.0, -1.0, -1.0, -1.0, -1.0, -1.0, -1.0]
a: [-1.0, -1.0, -1.0, -1.0, -1.0, -1.0, -1.0, -1.0, -1.0, -1.0, -1.0, -1.0, -1.0, -1.0]
d: [-1.0, -1.0, -1.0, -1.0, -1.0, -1.0, -1.0, -1.0, -1.0, -1.0, -1.0, -1.0, -1.0, -1.0]
random_idx_1 = 2, random_idx_2 = 10
random_idx_1 = 0, random_idx_2 = 12

iteration: 2
best: [1000.0, 1000.0, 1000.0, 1000.0, 1000.0, 1000.0, 1000.0, 1000.0, 1000.0, 1000.0, 1000.0, 1000.0, 1000.0, 65.91]
time: [6.6, 9.08, 13.54, 17.34, 21.21, 25.47, 46.38, 50.65, 52.86, 55.43, 57.16, 60.18, 62.77, 64.59]
current_hyper_parameter
v: [12.0, 12.0, 12.0, 12.0, 12.0, 12.0, 12.0, 12.0, 12.0, 12.0, 12.0, 12.0, 20.77, 12.0]
a: [50.0, 50.0, 50.0, 50.0, 50.0, 50.0, 50.0, 50.0, 50.0, 50.0, 50.0, 50.0, 50.0, 50.0]
d: [3.5, 3.5, 3.5, 3.5, 3.5, 3.5, 3.5, 3.5, 3.5, 3.5, 3.5, 3.5, 3.5, 2.0]
BEST_hyper_parameter
v: [12.0, 12.0, 12.0, 12.0, 12.0, 12.0, 12.0, 12.0, 12.0, 12.0, 12.0, 12.0, 12.0, 12.0]
a: [50.0, 50.0, 50.0, 50.0, 50.0, 50.0, 50.0, 50.0, 50.0, 50.0, 50.0, 50.0, 50.0, 50.0]
d: [3.5, 3.5, 3.5, 3.5, 3.5, 3.5, 3.5, 3.5, 3.5, 3.5, 3.5, 3.5, 3.5, 2.0]
random_idx_1 = 1, random_idx_2 = 9
random_idx_1 = 2, random_idx_2 = 0

iteration: 3
best: [1000.0, 1000.0, 1000.0, 1000.0, 1000.0, 1000.0, 1000.0, 1000.0, 1000.0, 1000.0, 1000.0, 1000.0, 1000.0, 64.59]
time: [6.71, 9.18, 13.57, 17.33, 21.18, 25.44, 45.77, 50.7, 53.01, 55.51, 57.98, 1000, 1000, 1000]
current_hyper_parameter
v: [12.0, 12.0, 12.0, 12.0, 12.0, 12.0, 12.0, 12.0, 12.0, 12.0, 12.0, 12.0, 20.77, 12.0]
a: [50.0, 50.0, 50.0, 50.0, 50.0, 50.0, 50.0, 50.0, 50.0, 127.45, 50.0, 50.0, 50.0, 50.0]
d: [3.5, 3.5, 3.5, 3.5, 3.5, 3.5, 3.5, 3.5, 3.5, 3.5, 3.5, 3.5, 3.5, 2.0]
BEST_hyper_parameter
v: [12.0, 12.0, 12.0, 12.0, 12.0, 12.0, 12.0, 12.0, 12.0, 12.0, 12.0, 12.0, 20.77, 12.0]
a: [50.0, 50.0, 50.0, 50.0, 50.0, 50.0, 50.0, 50.0, 50.0, 50.0, 50.0, 50.0, 50.0, 50.0]
d: [3.5, 3.5, 3.5, 3.5, 3.5, 3.5, 3.5, 3.5, 3.5, 3.5, 3.5, 3.5, 3.5, 2.0]
random_idx_1 = 0, random_idx_2 = 6
random_idx_1 = 1, random_idx_2 = 8

iteration: 4
best: [1000.0, 1000.0, 1000.0, 1000.0, 1000.0, 1000.0, 1000.0, 1000.0, 1000.0, 1000.0, 1000.0, 1000.0, 1000.0, 64.59]
time: [6.71, 9.19, 13.57, 17.42, 24.47, 28.44, 48.05, 52.02, 54.05, 56.31, 58.69, 64.89, 66.69, 1000]
current_hyper_parameter
v: [12.0, 12.0, 12.0, 12.0, 12.0, 12.0, 13.31, 12.0, 12.0, 12.0, 12.0, 12.0, 20.77, 12.0]
a: [50.0, 50.0, 50.0, 50.0, 50.0, 50.0, 50.0, 50.0, 137.75, 50.0, 50.0, 50.0, 50.0, 50.0]
d: [3.5, 3.5, 3.5, 3.5, 3.5, 3.5, 3.5, 3.5, 3.5, 3.5, 3.5, 3.5, 3.5, 2.0]
BEST_hyper_parameter
v: [12.0, 12.0, 12.0, 12.0, 12.0, 12.0, 12.0, 12.0, 12.0, 12.0, 12.0, 12.0, 20.77, 12.0]
a: [50.0, 50.0, 50.0, 50.0, 50.0, 50.0, 50.0, 50.0, 50.0, 50.0, 50.0, 50.0, 50.0, 50.0]
d: [3.5, 3.5, 3.5, 3.5, 3.5, 3.5, 3.5, 3.5, 3.5, 3.5, 3.5, 3.5, 3.5, 2.0]
random_idx_1 = 1, random_idx_2 = 2
random_idx_1 = 2, random_idx_2 = 6

iteration: 5
best: [1000.0, 1000.0, 1000.0, 1000.0, 1000.0, 1000.0, 1000.0, 1000.0, 1000.0, 1000.0, 1000.0, 1000.0, 1000.0, 64.59]
time: [6.71, 9.18, 13.11, 16.76, 20.76, 24.94, 45.91, 50.69, 52.92, 55.52, 57.73, 60.74, 66.42, 1000]
current_hyper_parameter
v: [12.0, 12.0, 12.0, 12.0, 12.0, 12.0, 12.0, 12.0, 12.0, 12.0, 12.0, 12.0, 20.77, 12.0]
a: [50.0, 50.0, 130.33, 50.0, 50.0, 50.0, 50.0, 50.0, 50.0, 50.0, 50.0, 50.0, 50.0, 50.0]
d: [3.5, 3.5, 3.5, 3.5, 3.5, 3.5, 3.5, 3.5, 3.5, 3.5, 3.5, 3.5, 3.5, 2.0]
BEST_hyper_parameter
v: [12.0, 12.0, 12.0, 12.0, 12.0, 12.0, 12.0, 12.0, 12.0, 12.0, 12.0, 12.0, 20.77, 12.0]
a: [50.0, 50.0, 50.0, 50.0, 50.0, 50.0, 50.0, 50.0, 50.0, 50.0, 50.0, 50.0, 50.0, 50.0]
d: [3.5, 3.5, 3.5, 3.5, 3.5, 3.5, 3.5, 3.5, 3.5, 3.5, 3.5, 3.5, 3.5, 2.0]
random_idx_1 = 1, random_idx_2 = 8
random_idx_1 = 2, random_idx_2 = 8

iteration: 6
best: [1000.0, 1000.0, 1000.0, 1000.0, 1000.0, 1000.0, 1000.0, 1000.0, 1000.0, 1000.0, 1000.0, 1000.0, 1000.0, 64.59]
time: [6.59, 9.07, 13.52, 17.46, 21.44, 25.57, 46.16, 50.22, 52.16, 54.44, 56.62, 59.4, 62.18, 64.18]
current_hyper_parameter
v: [12.0, 12.0, 12.0, 12.0, 12.0, 12.0, 12.0, 12.0, 12.0, 12.0, 12.0, 12.0, 20.77, 12.0]
a: [50.0, 50.0, 50.0, 50.0, 50.0, 50.0, 50.0, 50.0, 121.4, 50.0, 50.0, 50.0, 50.0, 50.0]
d: [3.5, 3.5, 3.5, 3.5, 3.5, 3.5, 3.5, 3.5, 3.5, 3.5, 3.5, 3.5, 3.5, 2.0]
BEST_hyper_parameter
v: [12.0, 12.0, 12.0, 12.0, 12.0, 12.0, 12.0, 12.0, 12.0, 12.0, 12.0, 12.0, 20.77, 12.0]
a: [50.0, 50.0, 50.0, 50.0, 50.0, 50.0, 50.0, 50.0, 50.0, 50.0, 50.0, 50.0, 50.0, 50.0]
d: [3.5, 3.5, 3.5, 3.5, 3.5, 3.5, 3.5, 3.5, 3.5, 3.5, 3.5, 3.5, 3.5, 2.0]
random_idx_1 = 2, random_idx_2 = 10
random_idx_1 = 2, random_idx_2 = 3

iteration: 7
best: [1000.0, 1000.0, 1000.0, 1000.0, 1000.0, 1000.0, 1000.0, 1000.0, 1000.0, 1000.0, 1000.0, 1000.0, 1000.0, 64.18]
time: [6.7, 9.2, 13.59, 17.34, 21.22, 25.42, 45.88, 50.73, 52.72, 55.03, 57.14, 59.95, 62.33, 64.46]
current_hyper_parameter
v: [12.0, 12.0, 12.0, 12.0, 12.0, 12.0, 12.0, 12.0, 12.0, 12.0, 12.0, 12.0, 20.77, 12.0]
a: [50.0, 50.0, 50.0, 50.0, 50.0, 50.0, 50.0, 50.0, 121.4, 50.0, 50.0, 50.0, 50.0, 50.0]
d: [3.5, 3.5, 3.5, 3.5, 3.5, 3.5, 3.5, 3.5, 3.5, 3.5, 3.5, 3.5, 3.5, 2.0]
BEST_hyper_parameter
v: [12.0, 12.0, 12.0, 12.0, 12.0, 12.0, 12.0, 12.0, 12.0, 12.0, 12.0, 12.0, 20.77, 12.0]
a: [50.0, 50.0, 50.0, 50.0, 50.0, 50.0, 50.0, 50.0, 121.4, 50.0, 50.0, 50.0, 50.0, 50.0]
d: [3.5, 3.5, 3.5, 3.5, 3.5, 3.5, 3.5, 3.5, 3.5, 3.5, 3.5, 3.5, 3.5, 2.0]
random_idx_1 = 0, random_idx_2 = 4
random_idx_1 = 0, random_idx_2 = 1

iteration: 8
best: [1000.0, 1000.0, 1000.0, 1000.0, 1000.0, 1000.0, 1000.0, 1000.0, 1000.0, 1000.0, 1000.0, 1000.0, 1000.0, 64.18]
time: [6.7, 9.04, 13.32, 17.14, 21.27, 25.39, 46.25, 51.13, 53.13, 55.4, 1000, 1000, 1000, 1000]
current_hyper_parameter
v: [12.0, 32.11, 12.0, 12.0, 11.45, 12.0, 12.0, 12.0, 12.0, 12.0, 12.0, 12.0, 20.77, 12.0]
a: [50.0, 50.0, 50.0, 50.0, 50.0, 50.0, 50.0, 50.0, 121.4, 50.0, 50.0, 50.0, 50.0, 50.0]
d: [3.5, 3.5, 3.5, 3.5, 3.5, 3.5, 3.5, 3.5, 3.5, 3.5, 3.5, 3.5, 3.5, 2.0]
BEST_hyper_parameter
v: [12.0, 12.0, 12.0, 12.0, 12.0, 12.0, 12.0, 12.0, 12.0, 12.0, 12.0, 12.0, 20.77, 12.0]
a: [50.0, 50.0, 50.0, 50.0, 50.0, 50.0, 50.0, 50.0, 121.4, 50.0, 50.0, 50.0, 50.0, 50.0]
d: [3.5, 3.5, 3.5, 3.5, 3.5, 3.5, 3.5, 3.5, 3.5, 3.5, 3.5, 3.5, 3.5, 2.0]
random_idx_1 = 2, random_idx_2 = 7
random_idx_1 = 0, random_idx_2 = 11

iteration: 9
best: [1000.0, 1000.0, 1000.0, 1000.0, 1000.0, 1000.0, 1000.0, 1000.0, 1000.0, 1000.0, 1000.0, 1000.0, 1000.0, 64.18]
time: [6.62, 9.07, 13.49, 17.39, 24.52, 28.39, 48.89, 53.62, 55.7, 58.05, 60.28, 62.79, 1000, 1000]
current_hyper_parameter
v: [12.0, 12.0, 12.0, 12.0, 12.0, 12.0, 12.0, 12.0, 12.0, 12.0, 12.0, 22.02, 20.77, 12.0]
a: [50.0, 50.0, 50.0, 50.0, 50.0, 50.0, 50.0, 50.0, 121.4, 50.0, 50.0, 50.0, 50.0, 50.0]
d: [3.5, 3.5, 3.5, 3.5, 3.5, 3.5, 3.5, 3.5, 3.5, 3.5, 3.5, 3.5, 3.5, 2.0]
BEST_hyper_parameter
v: [12.0, 12.0, 12.0, 12.0, 12.0, 12.0, 12.0, 12.0, 12.0, 12.0, 12.0, 12.0, 20.77, 12.0]
a: [50.0, 50.0, 50.0, 50.0, 50.0, 50.0, 50.0, 50.0, 121.4, 50.0, 50.0, 50.0, 50.0, 50.0]
d: [3.5, 3.5, 3.5, 3.5, 3.5, 3.5, 3.5, 3.5, 3.5, 3.5, 3.5, 3.5, 3.5, 2.0]
random_idx_1 = 1, random_idx_2 = 3
random_idx_1 = 0, random_idx_2 = 12

iteration: 10
best: [1000.0, 1000.0, 1000.0, 1000.0, 1000.0, 1000.0, 1000.0, 1000.0, 1000.0, 1000.0, 1000.0, 1000.0, 1000.0, 64.18]
time: [6.72, 9.19, 13.56, 16.96, 20.62, 24.9, 45.36, 49.59, 51.58, 53.84, 55.58, 58.57, 61.21, 62.99]
current_hyper_parameter
v: [12.0, 12.0, 12.0, 12.0, 12.0, 12.0, 12.0, 12.0, 12.0, 12.0, 12.0, 12.0, 27.87, 12.0]
a: [50.0, 50.0, 50.0, 94.05, 50.0, 50.0, 50.0, 50.0, 121.4, 50.0, 50.0, 50.0, 50.0, 50.0]
d: [3.5, 3.5, 3.5, 3.5, 3.5, 3.5, 3.5, 3.5, 3.5, 3.5, 3.5, 3.5, 3.5, 2.0]
BEST_hyper_parameter
v: [12.0, 12.0, 12.0, 12.0, 12.0, 12.0, 12.0, 12.0, 12.0, 12.0, 12.0, 12.0, 20.77, 12.0]
a: [50.0, 50.0, 50.0, 50.0, 50.0, 50.0, 50.0, 50.0, 121.4, 50.0, 50.0, 50.0, 50.0, 50.0]
d: [3.5, 3.5, 3.5, 3.5, 3.5, 3.5, 3.5, 3.5, 3.5, 3.5, 3.5, 3.5, 3.5, 2.0]
random_idx_1 = 1, random_idx_2 = 9
random_idx_1 = 2, random_idx_2 = 12

iteration: 11
best: [1000.0, 1000.0, 1000.0, 1000.0, 1000.0, 1000.0, 1000.0, 1000.0, 1000.0, 1000.0, 1000.0, 1000.0, 1000.0, 62.99]
time: [6.72, 9.23, 13.66, 20.5, 25.02, 29.44, 50.01, 54.23, 56.2, 58.48, 60.2, 1000, 1000, 1000]
current_hyper_parameter
v: [12.0, 12.0, 12.0, 12.0, 12.0, 12.0, 12.0, 12.0, 12.0, 12.0, 12.0, 12.0, 27.87, 12.0]
a: [50.0, 50.0, 50.0, 94.05, 50.0, 50.0, 50.0, 50.0, 121.4, 51.42, 50.0, 50.0, 50.0, 50.0]
d: [3.5, 3.5, 3.5, 3.5, 3.5, 3.5, 3.5, 3.5, 3.5, 3.5, 3.5, 3.5, 3.5, 2.0]
BEST_hyper_parameter
v: [12.0, 12.0, 12.0, 12.0, 12.0, 12.0, 12.0, 12.0, 12.0, 12.0, 12.0, 12.0, 27.87, 12.0]
a: [50.0, 50.0, 50.0, 94.05, 50.0, 50.0, 50.0, 50.0, 121.4, 50.0, 50.0, 50.0, 50.0, 50.0]
d: [3.5, 3.5, 3.5, 3.5, 3.5, 3.5, 3.5, 3.5, 3.5, 3.5, 3.5, 3.5, 3.5, 2.0]
random_idx_1 = 1, random_idx_2 = 0
random_idx_1 = 0, random_idx_2 = 9

iteration: 12
best: [1000.0, 1000.0, 1000.0, 1000.0, 1000.0, 1000.0, 1000.0, 1000.0, 1000.0, 1000.0, 1000.0, 1000.0, 1000.0, 62.99]
time: [6.15, 8.2, 12.42, 15.9, 19.62, 23.88, 44.48, 48.59, 50.56, 52.72, 57.44, 60.92, 63.58, 1000]
current_hyper_parameter
v: [12.0, 12.0, 12.0, 12.0, 12.0, 12.0, 12.0, 12.0, 12.0, 25.79, 12.0, 12.0, 27.87, 12.0]
a: [156.25, 50.0, 50.0, 94.05, 50.0, 50.0, 50.0, 50.0, 121.4, 50.0, 50.0, 50.0, 50.0, 50.0]
d: [3.5, 3.5, 3.5, 3.5, 3.5, 3.5, 3.5, 3.5, 3.5, 3.5, 3.5, 3.5, 3.5, 2.0]
BEST_hyper_parameter
v: [12.0, 12.0, 12.0, 12.0, 12.0, 12.0, 12.0, 12.0, 12.0, 12.0, 12.0, 12.0, 27.87, 12.0]
a: [50.0, 50.0, 50.0, 94.05, 50.0, 50.0, 50.0, 50.0, 121.4, 50.0, 50.0, 50.0, 50.0, 50.0]
d: [3.5, 3.5, 3.5, 3.5, 3.5, 3.5, 3.5, 3.5, 3.5, 3.5, 3.5, 3.5, 3.5, 2.0]
random_idx_1 = 0, random_idx_2 = 9
random_idx_1 = 2, random_idx_2 = 9

iteration: 13
best: [1000.0, 1000.0, 1000.0, 1000.0, 1000.0, 1000.0, 1000.0, 1000.0, 1000.0, 1000.0, 1000.0, 1000.0, 1000.0, 62.99]
time: [6.71, 9.18, 13.56, 16.98, 20.68, 24.94, 45.43, 49.62, 51.64, 54.0, 56.29, 59.16, 64.81, 1000]
current_hyper_parameter
v: [12.0, 12.0, 12.0, 12.0, 12.0, 12.0, 12.0, 12.0, 12.0, 9.17, 12.0, 12.0, 27.87, 12.0]
a: [50.0, 50.0, 50.0, 94.05, 50.0, 50.0, 50.0, 50.0, 121.4, 50.0, 50.0, 50.0, 50.0, 50.0]
d: [3.5, 3.5, 3.5, 3.5, 3.5, 3.5, 3.5, 3.5, 3.5, 3.5, 3.5, 3.5, 3.5, 2.0]
BEST_hyper_parameter
v: [12.0, 12.0, 12.0, 12.0, 12.0, 12.0, 12.0, 12.0, 12.0, 12.0, 12.0, 12.0, 27.87, 12.0]
a: [50.0, 50.0, 50.0, 94.05, 50.0, 50.0, 50.0, 50.0, 121.4, 50.0, 50.0, 50.0, 50.0, 50.0]
d: [3.5, 3.5, 3.5, 3.5, 3.5, 3.5, 3.5, 3.5, 3.5, 3.5, 3.5, 3.5, 3.5, 2.0]
random_idx_1 = 0, random_idx_2 = 13
random_idx_1 = 0, random_idx_2 = 7

iteration: 14
best: [1000.0, 1000.0, 1000.0, 1000.0, 1000.0, 1000.0, 1000.0, 1000.0, 1000.0, 1000.0, 1000.0, 1000.0, 1000.0, 62.99]
time: [6.71, 9.18, 13.58, 17.02, 23.83, 28.02, 48.57, 52.89, 54.82, 57.12, 59.03, 61.85, 1000, 1000]
current_hyper_parameter
v: [12.0, 12.0, 12.0, 12.0, 12.0, 12.0, 12.0, 10.03, 12.0, 12.0, 12.0, 12.0, 27.87, 14.24]
a: [50.0, 50.0, 50.0, 94.05, 50.0, 50.0, 50.0, 50.0, 121.4, 50.0, 50.0, 50.0, 50.0, 50.0]
d: [3.5, 3.5, 3.5, 3.5, 3.5, 3.5, 3.5, 3.5, 3.5, 3.5, 3.5, 3.5, 3.5, 2.0]
BEST_hyper_parameter
v: [12.0, 12.0, 12.0, 12.0, 12.0, 12.0, 12.0, 12.0, 12.0, 12.0, 12.0, 12.0, 27.87, 12.0]
a: [50.0, 50.0, 50.0, 94.05, 50.0, 50.0, 50.0, 50.0, 121.4, 50.0, 50.0, 50.0, 50.0, 50.0]
d: [3.5, 3.5, 3.5, 3.5, 3.5, 3.5, 3.5, 3.5, 3.5, 3.5, 3.5, 3.5, 3.5, 2.0]
random_idx_1 = 2, random_idx_2 = 12
random_idx_1 = 1, random_idx_2 = 6

iteration: 15
best: [1000.0, 1000.0, 1000.0, 1000.0, 1000.0, 1000.0, 1000.0, 1000.0, 1000.0, 1000.0, 1000.0, 1000.0, 1000.0, 62.99]
time: [6.73, 9.19, 13.58, 16.96, 23.77, 27.83, 49.36, 53.76, 55.79, 58.15, 60.35, 63.07, 1000, 1000]
current_hyper_parameter
v: [12.0, 12.0, 12.0, 12.0, 12.0, 12.0, 12.0, 12.0, 12.0, 12.0, 12.0, 12.0, 27.87, 12.0]
a: [50.0, 50.0, 50.0, 94.05, 50.0, 50.0, 21.5, 50.0, 121.4, 50.0, 50.0, 50.0, 50.0, 50.0]
d: [3.5, 3.5, 3.5, 3.5, 3.5, 3.5, 3.5, 3.5, 3.5, 3.5, 3.5, 3.5, 3.5, 2.0]
BEST_hyper_parameter
v: [12.0, 12.0, 12.0, 12.0, 12.0, 12.0, 12.0, 12.0, 12.0, 12.0, 12.0, 12.0, 27.87, 12.0]
a: [50.0, 50.0, 50.0, 94.05, 50.0, 50.0, 50.0, 50.0, 121.4, 50.0, 50.0, 50.0, 50.0, 50.0]
d: [3.5, 3.5, 3.5, 3.5, 3.5, 3.5, 3.5, 3.5, 3.5, 3.5, 3.5, 3.5, 3.5, 2.0]
random_idx_1 = 2, random_idx_2 = 0
random_idx_1 = 1, random_idx_2 = 7

iteration: 16
best: [1000.0, 1000.0, 1000.0, 1000.0, 1000.0, 1000.0, 1000.0, 1000.0, 1000.0, 1000.0, 1000.0, 1000.0, 1000.0, 62.99]
time: [6.73, 9.19, 13.56, 16.95, 23.77, 27.84, 48.4, 52.66, 54.63, 56.9, 58.67, 61.86, 64.13, 1000]
current_hyper_parameter
v: [12.0, 12.0, 12.0, 12.0, 12.0, 12.0, 12.0, 12.0, 12.0, 12.0, 12.0, 12.0, 27.87, 12.0]
a: [50.0, 50.0, 50.0, 94.05, 50.0, 50.0, 50.0, 40.84, 121.4, 50.0, 50.0, 50.0, 50.0, 50.0]
d: [3.5, 3.5, 3.5, 3.5, 3.5, 3.5, 3.5, 3.5, 3.5, 3.5, 3.5, 3.5, 3.5, 2.0]
BEST_hyper_parameter
v: [12.0, 12.0, 12.0, 12.0, 12.0, 12.0, 12.0, 12.0, 12.0, 12.0, 12.0, 12.0, 27.87, 12.0]
a: [50.0, 50.0, 50.0, 94.05, 50.0, 50.0, 50.0, 50.0, 121.4, 50.0, 50.0, 50.0, 50.0, 50.0]
d: [3.5, 3.5, 3.5, 3.5, 3.5, 3.5, 3.5, 3.5, 3.5, 3.5, 3.5, 3.5, 3.5, 2.0]
random_idx_1 = 2, random_idx_2 = 10
random_idx_1 = 2, random_idx_2 = 7

iteration: 17
best: [1000.0, 1000.0, 1000.0, 1000.0, 1000.0, 1000.0, 1000.0, 1000.0, 1000.0, 1000.0, 1000.0, 1000.0, 1000.0, 62.99]
time: [6.62, 9.06, 13.49, 16.93, 20.63, 24.93, 45.34, 50.15, 52.2, 54.52, 56.67, 59.63, 65.31, 1000]
current_hyper_parameter
v: [12.0, 12.0, 12.0, 12.0, 12.0, 12.0, 12.0, 12.0, 12.0, 12.0, 12.0, 12.0, 27.87, 12.0]
a: [50.0, 50.0, 50.0, 94.05, 50.0, 50.0, 50.0, 50.0, 121.4, 50.0, 50.0, 50.0, 50.0, 50.0]
d: [3.5, 3.5, 3.5, 3.5, 3.5, 3.5, 3.5, 3.5, 3.5, 3.5, 3.5, 3.5, 3.5, 2.0]
BEST_hyper_parameter
v: [12.0, 12.0, 12.0, 12.0, 12.0, 12.0, 12.0, 12.0, 12.0, 12.0, 12.0, 12.0, 27.87, 12.0]
a: [50.0, 50.0, 50.0, 94.05, 50.0, 50.0, 50.0, 50.0, 121.4, 50.0, 50.0, 50.0, 50.0, 50.0]
d: [3.5, 3.5, 3.5, 3.5, 3.5, 3.5, 3.5, 3.5, 3.5, 3.5, 3.5, 3.5, 3.5, 2.0]
random_idx_1 = 1, random_idx_2 = 9
random_idx_1 = 2, random_idx_2 = 8

iteration: 18
best: [1000.0, 1000.0, 1000.0, 1000.0, 1000.0, 1000.0, 1000.0, 1000.0, 1000.0, 1000.0, 1000.0, 1000.0, 1000.0, 62.99]
time: [6.59, 9.07, 13.54, 16.99, 20.69, 24.96, 45.52, 49.71, 51.7, 53.85, 56.58, 59.48, 62.14, 64.11]
current_hyper_parameter
v: [12.0, 12.0, 12.0, 12.0, 12.0, 12.0, 12.0, 12.0, 12.0, 12.0, 12.0, 12.0, 27.87, 12.0]
a: [50.0, 50.0, 50.0, 94.05, 50.0, 50.0, 50.0, 50.0, 121.4, 95.34, 50.0, 50.0, 50.0, 50.0]
d: [3.5, 3.5, 3.5, 3.5, 3.5, 3.5, 3.5, 3.5, 3.5, 3.5, 3.5, 3.5, 3.5, 2.0]
BEST_hyper_parameter
v: [12.0, 12.0, 12.0, 12.0, 12.0, 12.0, 12.0, 12.0, 12.0, 12.0, 12.0, 12.0, 27.87, 12.0]
a: [50.0, 50.0, 50.0, 94.05, 50.0, 50.0, 50.0, 50.0, 121.4, 50.0, 50.0, 50.0, 50.0, 50.0]
d: [3.5, 3.5, 3.5, 3.5, 3.5, 3.5, 3.5, 3.5, 3.5, 3.5, 3.5, 3.5, 3.5, 2.0]
random_idx_1 = 0, random_idx_2 = 2
random_idx_1 = 2, random_idx_2 = 0

iteration: 19
best: [1000.0, 1000.0, 1000.0, 1000.0, 1000.0, 1000.0, 1000.0, 1000.0, 1000.0, 1000.0, 1000.0, 1000.0, 1000.0, 62.99]
time: [6.72, 9.17, 13.83, 1000, 1000, 1000, 1000, 1000, 1000, 1000, 1000, 1000, 1000, 1000]
current_hyper_parameter
v: [12.0, 12.0, 10.08, 12.0, 12.0, 12.0, 12.0, 12.0, 12.0, 12.0, 12.0, 12.0, 27.87, 12.0]
a: [50.0, 50.0, 50.0, 94.05, 50.0, 50.0, 50.0, 50.0, 121.4, 50.0, 50.0, 50.0, 50.0, 50.0]
d: [3.5, 3.5, 3.5, 3.5, 3.5, 3.5, 3.5, 3.5, 3.5, 3.5, 3.5, 3.5, 3.5, 2.0]
BEST_hyper_parameter
v: [12.0, 12.0, 12.0, 12.0, 12.0, 12.0, 12.0, 12.0, 12.0, 12.0, 12.0, 12.0, 27.87, 12.0]
a: [50.0, 50.0, 50.0, 94.05, 50.0, 50.0, 50.0, 50.0, 121.4, 50.0, 50.0, 50.0, 50.0, 50.0]
d: [3.5, 3.5, 3.5, 3.5, 3.5, 3.5, 3.5, 3.5, 3.5, 3.5, 3.5, 3.5, 3.5, 2.0]
random_idx_1 = 1, random_idx_2 = 4
random_idx_1 = 0, random_idx_2 = 5

iteration: 20
best: [1000.0, 1000.0, 1000.0, 1000.0, 1000.0, 1000.0, 1000.0, 1000.0, 1000.0, 1000.0, 1000.0, 1000.0, 1000.0, 62.99]
time: [6.72, 9.18, 13.55, 16.96, 23.11, 1000, 1000, 1000, 1000, 1000, 1000, 1000, 1000, 1000]
current_hyper_parameter
v: [12.0, 12.0, 12.0, 12.0, 12.0, 33.96, 12.0, 12.0, 12.0, 12.0, 12.0, 12.0, 27.87, 12.0]
a: [50.0, 50.0, 50.0, 94.05, 144.25, 50.0, 50.0, 50.0, 121.4, 50.0, 50.0, 50.0, 50.0, 50.0]
d: [3.5, 3.5, 3.5, 3.5, 3.5, 3.5, 3.5, 3.5, 3.5, 3.5, 3.5, 3.5, 3.5, 2.0]
BEST_hyper_parameter
v: [12.0, 12.0, 12.0, 12.0, 12.0, 12.0, 12.0, 12.0, 12.0, 12.0, 12.0, 12.0, 27.87, 12.0]
a: [50.0, 50.0, 50.0, 94.05, 50.0, 50.0, 50.0, 50.0, 121.4, 50.0, 50.0, 50.0, 50.0, 50.0]
d: [3.5, 3.5, 3.5, 3.5, 3.5, 3.5, 3.5, 3.5, 3.5, 3.5, 3.5, 3.5, 3.5, 2.0]
random_idx_1 = 1, random_idx_2 = 7
random_idx_1 = 2, random_idx_2 = 7

iteration: 21
best: [1000.0, 1000.0, 1000.0, 1000.0, 1000.0, 1000.0, 1000.0, 1000.0, 1000.0, 1000.0, 1000.0, 1000.0, 1000.0, 62.99]
time: [6.62, 9.07, 13.49, 17.0, 27.26, 31.45, 52.22, 56.42, 58.36, 60.65, 62.82, 1000, 1000, 1000]
current_hyper_parameter
v: [12.0, 12.0, 12.0, 12.0, 12.0, 12.0, 12.0, 12.0, 12.0, 12.0, 12.0, 12.0, 27.87, 12.0]
a: [50.0, 50.0, 50.0, 94.05, 50.0, 50.0, 50.0, 35.5, 121.4, 50.0, 50.0, 50.0, 50.0, 50.0]
d: [3.5, 3.5, 3.5, 3.5, 3.5, 3.5, 3.5, 3.5, 3.5, 3.5, 3.5, 3.5, 3.5, 2.0]
BEST_hyper_parameter
v: [12.0, 12.0, 12.0, 12.0, 12.0, 12.0, 12.0, 12.0, 12.0, 12.0, 12.0, 12.0, 27.87, 12.0]
a: [50.0, 50.0, 50.0, 94.05, 50.0, 50.0, 50.0, 50.0, 121.4, 50.0, 50.0, 50.0, 50.0, 50.0]
d: [3.5, 3.5, 3.5, 3.5, 3.5, 3.5, 3.5, 3.5, 3.5, 3.5, 3.5, 3.5, 3.5, 2.0]
random_idx_1 = 1, random_idx_2 = 7
random_idx_1 = 1, random_idx_2 = 12

iteration: 22
best: [1000.0, 1000.0, 1000.0, 1000.0, 1000.0, 1000.0, 1000.0, 1000.0, 1000.0, 1000.0, 1000.0, 1000.0, 1000.0, 62.99]
time: [6.61, 9.06, 13.49, 16.93, 20.62, 24.89, 45.36, 49.22, 51.16, 53.59, 55.69, 58.37, 60.03, 61.41]
current_hyper_parameter
v: [12.0, 12.0, 12.0, 12.0, 12.0, 12.0, 12.0, 12.0, 12.0, 12.0, 12.0, 12.0, 27.87, 12.0]
a: [50.0, 50.0, 50.0, 94.05, 50.0, 50.0, 50.0, 93.77, 121.4, 50.0, 50.0, 50.0, 91.32, 50.0]
d: [3.5, 3.5, 3.5, 3.5, 3.5, 3.5, 3.5, 3.5, 3.5, 3.5, 3.5, 3.5, 3.5, 2.0]
BEST_hyper_parameter
v: [12.0, 12.0, 12.0, 12.0, 12.0, 12.0, 12.0, 12.0, 12.0, 12.0, 12.0, 12.0, 27.87, 12.0]
a: [50.0, 50.0, 50.0, 94.05, 50.0, 50.0, 50.0, 50.0, 121.4, 50.0, 50.0, 50.0, 50.0, 50.0]
d: [3.5, 3.5, 3.5, 3.5, 3.5, 3.5, 3.5, 3.5, 3.5, 3.5, 3.5, 3.5, 3.5, 2.0]
random_idx_1 = 2, random_idx_2 = 10
random_idx_1 = 0, random_idx_2 = 9

iteration: 23
best: [1000.0, 1000.0, 1000.0, 1000.0, 1000.0, 1000.0, 1000.0, 1000.0, 1000.0, 1000.0, 1000.0, 1000.0, 1000.0, 61.41]
time: [6.57, 9.05, 13.5, 16.97, 23.83, 27.9, 48.77, 52.52, 54.48, 57.22, 59.74, 1000, 1000, 1000]
current_hyper_parameter
v: [12.0, 12.0, 12.0, 12.0, 12.0, 12.0, 12.0, 12.0, 12.0, 11.12, 12.0, 12.0, 27.87, 12.0]
a: [50.0, 50.0, 50.0, 94.05, 50.0, 50.0, 50.0, 93.77, 121.4, 50.0, 50.0, 50.0, 91.32, 50.0]
d: [3.5, 3.5, 3.5, 3.5, 3.5, 3.5, 3.5, 3.5, 3.5, 3.5, 3.5, 3.5, 3.5, 2.0]
BEST_hyper_parameter
v: [12.0, 12.0, 12.0, 12.0, 12.0, 12.0, 12.0, 12.0, 12.0, 12.0, 12.0, 12.0, 27.87, 12.0]
a: [50.0, 50.0, 50.0, 94.05, 50.0, 50.0, 50.0, 93.77, 121.4, 50.0, 50.0, 50.0, 91.32, 50.0]
d: [3.5, 3.5, 3.5, 3.5, 3.5, 3.5, 3.5, 3.5, 3.5, 3.5, 3.5, 3.5, 3.5, 2.0]
random_idx_1 = 0, random_idx_2 = 10
random_idx_1 = 2, random_idx_2 = 8

iteration: 24
best: [1000.0, 1000.0, 1000.0, 1000.0, 1000.0, 1000.0, 1000.0, 1000.0, 1000.0, 1000.0, 1000.0, 1000.0, 1000.0, 61.41]
time: [6.61, 9.09, 13.49, 16.94, 23.78, 27.88, 48.95, 53.16, 55.03, 57.68, 59.86, 1000, 1000, 1000]
current_hyper_parameter
v: [12.0, 12.0, 12.0, 12.0, 12.0, 12.0, 12.0, 12.0, 12.0, 12.0, 28.24, 12.0, 27.87, 12.0]
a: [50.0, 50.0, 50.0, 94.05, 50.0, 50.0, 50.0, 93.77, 121.4, 50.0, 50.0, 50.0, 91.32, 50.0]
d: [3.5, 3.5, 3.5, 3.5, 3.5, 3.5, 3.5, 3.5, 3.5, 3.5, 3.5, 3.5, 3.5, 2.0]
BEST_hyper_parameter
v: [12.0, 12.0, 12.0, 12.0, 12.0, 12.0, 12.0, 12.0, 12.0, 12.0, 12.0, 12.0, 27.87, 12.0]
a: [50.0, 50.0, 50.0, 94.05, 50.0, 50.0, 50.0, 93.77, 121.4, 50.0, 50.0, 50.0, 91.32, 50.0]
d: [3.5, 3.5, 3.5, 3.5, 3.5, 3.5, 3.5, 3.5, 3.5, 3.5, 3.5, 3.5, 3.5, 2.0]
random_idx_1 = 2, random_idx_2 = 6
random_idx_1 = 0, random_idx_2 = 11

iteration: 25
best: [1000.0, 1000.0, 1000.0, 1000.0, 1000.0, 1000.0, 1000.0, 1000.0, 1000.0, 1000.0, 1000.0, 1000.0, 1000.0, 61.41]
time: [6.62, 9.06, 13.49, 16.95, 23.8, 27.9, 48.75, 52.51, 54.47, 57.65, 60.26, 1000, 1000, 1000]
current_hyper_parameter
v: [12.0, 12.0, 12.0, 12.0, 12.0, 12.0, 12.0, 12.0, 12.0, 12.0, 12.0, 32.16, 27.87, 12.0]
a: [50.0, 50.0, 50.0, 94.05, 50.0, 50.0, 50.0, 93.77, 121.4, 50.0, 50.0, 50.0, 91.32, 50.0]
d: [3.5, 3.5, 3.5, 3.5, 3.5, 3.5, 3.5, 3.5, 3.5, 3.5, 3.5, 3.5, 3.5, 2.0]
BEST_hyper_parameter
v: [12.0, 12.0, 12.0, 12.0, 12.0, 12.0, 12.0, 12.0, 12.0, 12.0, 12.0, 12.0, 27.87, 12.0]
a: [50.0, 50.0, 50.0, 94.05, 50.0, 50.0, 50.0, 93.77, 121.4, 50.0, 50.0, 50.0, 91.32, 50.0]
d: [3.5, 3.5, 3.5, 3.5, 3.5, 3.5, 3.5, 3.5, 3.5, 3.5, 3.5, 3.5, 3.5, 2.0]
random_idx_1 = 1, random_idx_2 = 2
random_idx_1 = 0, random_idx_2 = 10

iteration: 26
best: [1000.0, 1000.0, 1000.0, 1000.0, 1000.0, 1000.0, 1000.0, 1000.0, 1000.0, 1000.0, 1000.0, 1000.0, 1000.0, 61.41]
time: [6.62, 9.08, 13.06, 16.4, 20.13, 24.4, 44.85, 49.1, 50.98, 53.49, 55.74, 58.56, 60.15, 1000]
current_hyper_parameter
v: [12.0, 12.0, 12.0, 12.0, 12.0, 12.0, 12.0, 12.0, 12.0, 12.0, 33.84, 12.0, 27.87, 12.0]
a: [50.0, 50.0, 113.75, 94.05, 50.0, 50.0, 50.0, 93.77, 121.4, 50.0, 50.0, 50.0, 91.32, 50.0]
d: [3.5, 3.5, 3.5, 3.5, 3.5, 3.5, 3.5, 3.5, 3.5, 3.5, 3.5, 3.5, 3.5, 2.0]
BEST_hyper_parameter
v: [12.0, 12.0, 12.0, 12.0, 12.0, 12.0, 12.0, 12.0, 12.0, 12.0, 12.0, 12.0, 27.87, 12.0]
a: [50.0, 50.0, 50.0, 94.05, 50.0, 50.0, 50.0, 93.77, 121.4, 50.0, 50.0, 50.0, 91.32, 50.0]
d: [3.5, 3.5, 3.5, 3.5, 3.5, 3.5, 3.5, 3.5, 3.5, 3.5, 3.5, 3.5, 3.5, 2.0]
random_idx_1 = 2, random_idx_2 = 3
random_idx_1 = 0, random_idx_2 = 12

iteration: 27
best: [1000.0, 1000.0, 1000.0, 1000.0, 1000.0, 1000.0, 1000.0, 1000.0, 1000.0, 1000.0, 1000.0, 1000.0, 1000.0, 61.41]
time: [6.72, 9.18, 13.59, 16.97, 23.78, 27.89, 48.93, 53.15, 55.02, 57.7, 60.02, 1000, 1000, 1000]
current_hyper_parameter
v: [12.0, 12.0, 12.0, 12.0, 12.0, 12.0, 12.0, 12.0, 12.0, 12.0, 12.0, 12.0, 34.83, 12.0]
a: [50.0, 50.0, 50.0, 94.05, 50.0, 50.0, 50.0, 93.77, 121.4, 50.0, 50.0, 50.0, 91.32, 50.0]
d: [3.5, 3.5, 3.5, 3.5, 3.5, 3.5, 3.5, 3.5, 3.5, 3.5, 3.5, 3.5, 3.5, 2.0]
BEST_hyper_parameter
v: [12.0, 12.0, 12.0, 12.0, 12.0, 12.0, 12.0, 12.0, 12.0, 12.0, 12.0, 12.0, 27.87, 12.0]
a: [50.0, 50.0, 50.0, 94.05, 50.0, 50.0, 50.0, 93.77, 121.4, 50.0, 50.0, 50.0, 91.32, 50.0]
d: [3.5, 3.5, 3.5, 3.5, 3.5, 3.5, 3.5, 3.5, 3.5, 3.5, 3.5, 3.5, 3.5, 2.0]
random_idx_1 = 0, random_idx_2 = 4
random_idx_1 = 2, random_idx_2 = 9

iteration: 28
best: [1000.0, 1000.0, 1000.0, 1000.0, 1000.0, 1000.0, 1000.0, 1000.0, 1000.0, 1000.0, 1000.0, 1000.0, 1000.0, 61.41]
time: [6.71, 9.18, 13.55, 16.95, 23.44, 27.36, 47.77, 51.52, 53.44, 56.72, 59.25, 1000, 1000, 1000]
current_hyper_parameter
v: [12.0, 12.0, 12.0, 12.0, 22.45, 12.0, 12.0, 12.0, 12.0, 12.0, 12.0, 12.0, 27.87, 12.0]
a: [50.0, 50.0, 50.0, 94.05, 50.0, 50.0, 50.0, 93.77, 121.4, 50.0, 50.0, 50.0, 91.32, 50.0]
d: [3.5, 3.5, 3.5, 3.5, 3.5, 3.5, 3.5, 3.5, 3.5, 3.5, 3.5, 3.5, 3.5, 2.0]
BEST_hyper_parameter
v: [12.0, 12.0, 12.0, 12.0, 12.0, 12.0, 12.0, 12.0, 12.0, 12.0, 12.0, 12.0, 27.87, 12.0]
a: [50.0, 50.0, 50.0, 94.05, 50.0, 50.0, 50.0, 93.77, 121.4, 50.0, 50.0, 50.0, 91.32, 50.0]
d: [3.5, 3.5, 3.5, 3.5, 3.5, 3.5, 3.5, 3.5, 3.5, 3.5, 3.5, 3.5, 3.5, 2.0]
random_idx_1 = 1, random_idx_2 = 6
random_idx_1 = 2, random_idx_2 = 13

iteration: 29
best: [1000.0, 1000.0, 1000.0, 1000.0, 1000.0, 1000.0, 1000.0, 1000.0, 1000.0, 1000.0, 1000.0, 1000.0, 1000.0, 61.41]
time: [6.61, 9.07, 13.51, 16.95, 23.77, 27.86, 48.17, 51.79, 56.86, 60.47, 62.58, 1000, 1000, 1000]
current_hyper_parameter
v: [12.0, 12.0, 12.0, 12.0, 12.0, 12.0, 12.0, 12.0, 12.0, 12.0, 12.0, 12.0, 27.87, 12.0]
a: [50.0, 50.0, 50.0, 94.05, 50.0, 50.0, 73.94, 93.77, 121.4, 50.0, 50.0, 50.0, 91.32, 50.0]
d: [3.5, 3.5, 3.5, 3.5, 3.5, 3.5, 3.5, 3.5, 3.5, 3.5, 3.5, 3.5, 3.5, 2.0]
BEST_hyper_parameter
v: [12.0, 12.0, 12.0, 12.0, 12.0, 12.0, 12.0, 12.0, 12.0, 12.0, 12.0, 12.0, 27.87, 12.0]
a: [50.0, 50.0, 50.0, 94.05, 50.0, 50.0, 50.0, 93.77, 121.4, 50.0, 50.0, 50.0, 91.32, 50.0]
d: [3.5, 3.5, 3.5, 3.5, 3.5, 3.5, 3.5, 3.5, 3.5, 3.5, 3.5, 3.5, 3.5, 2.0]
random_idx_1 = 0, random_idx_2 = 8
random_idx_1 = 2, random_idx_2 = 5

iteration: 30
best: [1000.0, 1000.0, 1000.0, 1000.0, 1000.0, 1000.0, 1000.0, 1000.0, 1000.0, 1000.0, 1000.0, 1000.0, 1000.0, 61.41]
time: [6.73, 9.18, 13.57, 16.95, 23.77, 27.84, 48.35, 52.27, 54.21, 56.68, 58.74, 61.72, 1000, 1000]
current_hyper_parameter
v: [12.0, 12.0, 12.0, 12.0, 12.0, 12.0, 12.0, 12.0, 10.42, 12.0, 12.0, 12.0, 27.87, 12.0]
a: [50.0, 50.0, 50.0, 94.05, 50.0, 50.0, 50.0, 93.77, 121.4, 50.0, 50.0, 50.0, 91.32, 50.0]
d: [3.5, 3.5, 3.5, 3.5, 3.5, 3.5, 3.5, 3.5, 3.5, 3.5, 3.5, 3.5, 3.5, 2.0]
BEST_hyper_parameter
v: [12.0, 12.0, 12.0, 12.0, 12.0, 12.0, 12.0, 12.0, 12.0, 12.0, 12.0, 12.0, 27.87, 12.0]
a: [50.0, 50.0, 50.0, 94.05, 50.0, 50.0, 50.0, 93.77, 121.4, 50.0, 50.0, 50.0, 91.32, 50.0]
d: [3.5, 3.5, 3.5, 3.5, 3.5, 3.5, 3.5, 3.5, 3.5, 3.5, 3.5, 3.5, 3.5, 2.0]
random_idx_1 = 0, random_idx_2 = 1
random_idx_1 = 2, random_idx_2 = 3

iteration: 31
best: [1000.0, 1000.0, 1000.0, 1000.0, 1000.0, 1000.0, 1000.0, 1000.0, 1000.0, 1000.0, 1000.0, 1000.0, 1000.0, 61.41]
time: [6.59, 9.26, 13.81, 1000, 1000, 1000, 1000, 1000, 1000, 1000, 1000, 1000, 1000, 1000]
current_hyper_parameter
v: [12.0, 8.68, 12.0, 12.0, 12.0, 12.0, 12.0, 12.0, 12.0, 12.0, 12.0, 12.0, 27.87, 12.0]
a: [50.0, 50.0, 50.0, 94.05, 50.0, 50.0, 50.0, 93.77, 121.4, 50.0, 50.0, 50.0, 91.32, 50.0]
d: [3.5, 3.5, 3.5, 3.5, 3.5, 3.5, 3.5, 3.5, 3.5, 3.5, 3.5, 3.5, 3.5, 2.0]
BEST_hyper_parameter
v: [12.0, 12.0, 12.0, 12.0, 12.0, 12.0, 12.0, 12.0, 12.0, 12.0, 12.0, 12.0, 27.87, 12.0]
a: [50.0, 50.0, 50.0, 94.05, 50.0, 50.0, 50.0, 93.77, 121.4, 50.0, 50.0, 50.0, 91.32, 50.0]
d: [3.5, 3.5, 3.5, 3.5, 3.5, 3.5, 3.5, 3.5, 3.5, 3.5, 3.5, 3.5, 3.5, 2.0]
random_idx_1 = 2, random_idx_2 = 1
random_idx_1 = 0, random_idx_2 = 3

iteration: 32
best: [1000.0, 1000.0, 1000.0, 1000.0, 1000.0, 1000.0, 1000.0, 1000.0, 1000.0, 1000.0, 1000.0, 1000.0, 1000.0, 61.41]
time: [6.61, 9.07, 13.5, 16.33, 22.9, 26.94, 47.52, 51.37, 53.3, 55.65, 57.78, 60.49, 65.75, 1000]
current_hyper_parameter
v: [12.0, 12.0, 12.0, 20.4, 12.0, 12.0, 12.0, 12.0, 12.0, 12.0, 12.0, 12.0, 27.87, 12.0]
a: [50.0, 50.0, 50.0, 94.05, 50.0, 50.0, 50.0, 93.77, 121.4, 50.0, 50.0, 50.0, 91.32, 50.0]
d: [3.5, 3.5, 3.5, 3.5, 3.5, 3.5, 3.5, 3.5, 3.5, 3.5, 3.5, 3.5, 3.5, 2.0]
BEST_hyper_parameter
v: [12.0, 12.0, 12.0, 12.0, 12.0, 12.0, 12.0, 12.0, 12.0, 12.0, 12.0, 12.0, 27.87, 12.0]
a: [50.0, 50.0, 50.0, 94.05, 50.0, 50.0, 50.0, 93.77, 121.4, 50.0, 50.0, 50.0, 91.32, 50.0]
d: [3.5, 3.5, 3.5, 3.5, 3.5, 3.5, 3.5, 3.5, 3.5, 3.5, 3.5, 3.5, 3.5, 2.0]
random_idx_1 = 1, random_idx_2 = 1
random_idx_1 = 2, random_idx_2 = 6

iteration: 33
best: [1000.0, 1000.0, 1000.0, 1000.0, 1000.0, 1000.0, 1000.0, 1000.0, 1000.0, 1000.0, 1000.0, 1000.0, 1000.0, 61.41]
time: [6.71, 8.97, 13.08, 16.46, 20.15, 24.46, 44.87, 48.81, 50.76, 53.28, 55.21, 57.8, 59.5, 61.17]
current_hyper_parameter
v: [12.0, 12.0, 12.0, 12.0, 12.0, 12.0, 12.0, 12.0, 12.0, 12.0, 12.0, 12.0, 27.87, 12.0]
a: [50.0, 86.82, 50.0, 94.05, 50.0, 50.0, 50.0, 93.77, 121.4, 50.0, 50.0, 50.0, 91.32, 50.0]
d: [3.5, 3.5, 3.5, 3.5, 3.5, 3.5, 3.5, 3.5, 3.5, 3.5, 3.5, 3.5, 3.5, 2.0]
BEST_hyper_parameter
v: [12.0, 12.0, 12.0, 12.0, 12.0, 12.0, 12.0, 12.0, 12.0, 12.0, 12.0, 12.0, 27.87, 12.0]
a: [50.0, 50.0, 50.0, 94.05, 50.0, 50.0, 50.0, 93.77, 121.4, 50.0, 50.0, 50.0, 91.32, 50.0]
d: [3.5, 3.5, 3.5, 3.5, 3.5, 3.5, 3.5, 3.5, 3.5, 3.5, 3.5, 3.5, 3.5, 2.0]
random_idx_1 = 1, random_idx_2 = 10
random_idx_1 = 1, random_idx_2 = 4

iteration: 34
best: [1000.0, 1000.0, 1000.0, 1000.0, 1000.0, 1000.0, 1000.0, 1000.0, 1000.0, 1000.0, 1000.0, 1000.0, 1000.0, 61.17]
time: [6.7, 8.96, 13.16, 19.8, 26.43, 30.44, 51.01, 55.24, 57.14, 59.82, 61.79, 1000, 1000, 1000]
current_hyper_parameter
v: [12.0, 12.0, 12.0, 12.0, 12.0, 12.0, 12.0, 12.0, 12.0, 12.0, 12.0, 12.0, 27.87, 12.0]
a: [50.0, 86.82, 50.0, 94.05, 78.86, 50.0, 50.0, 93.77, 121.4, 50.0, 135.85, 50.0, 91.32, 50.0]
d: [3.5, 3.5, 3.5, 3.5, 3.5, 3.5, 3.5, 3.5, 3.5, 3.5, 3.5, 3.5, 3.5, 2.0]
BEST_hyper_parameter
v: [12.0, 12.0, 12.0, 12.0, 12.0, 12.0, 12.0, 12.0, 12.0, 12.0, 12.0, 12.0, 27.87, 12.0]
a: [50.0, 86.82, 50.0, 94.05, 50.0, 50.0, 50.0, 93.77, 121.4, 50.0, 50.0, 50.0, 91.32, 50.0]
d: [3.5, 3.5, 3.5, 3.5, 3.5, 3.5, 3.5, 3.5, 3.5, 3.5, 3.5, 3.5, 3.5, 2.0]
random_idx_1 = 1, random_idx_2 = 7
random_idx_1 = 0, random_idx_2 = 3

iteration: 35
best: [1000.0, 1000.0, 1000.0, 1000.0, 1000.0, 1000.0, 1000.0, 1000.0, 1000.0, 1000.0, 1000.0, 1000.0, 1000.0, 61.17]
time: [6.61, 8.86, 13.01, 15.69, 22.34, 26.55, 47.41, 51.43, 53.43, 56.26, 58.49, 61.04, 1000, 1000]
current_hyper_parameter
v: [12.0, 12.0, 12.0, 26.4, 12.0, 12.0, 12.0, 12.0, 12.0, 12.0, 12.0, 12.0, 27.87, 12.0]
a: [50.0, 86.82, 50.0, 94.05, 50.0, 50.0, 50.0, 67.49, 121.4, 50.0, 50.0, 50.0, 91.32, 50.0]
d: [3.5, 3.5, 3.5, 3.5, 3.5, 3.5, 3.5, 3.5, 3.5, 3.5, 3.5, 3.5, 3.5, 2.0]
BEST_hyper_parameter
v: [12.0, 12.0, 12.0, 12.0, 12.0, 12.0, 12.0, 12.0, 12.0, 12.0, 12.0, 12.0, 27.87, 12.0]
a: [50.0, 86.82, 50.0, 94.05, 50.0, 50.0, 50.0, 93.77, 121.4, 50.0, 50.0, 50.0, 91.32, 50.0]
d: [3.5, 3.5, 3.5, 3.5, 3.5, 3.5, 3.5, 3.5, 3.5, 3.5, 3.5, 3.5, 3.5, 2.0]
random_idx_1 = 2, random_idx_2 = 1
random_idx_1 = 2, random_idx_2 = 2

iteration: 36
best: [1000.0, 1000.0, 1000.0, 1000.0, 1000.0, 1000.0, 1000.0, 1000.0, 1000.0, 1000.0, 1000.0, 1000.0, 1000.0, 61.17]
time: [6.6, 8.86, 13.06, 16.47, 20.15, 24.44, 44.86, 48.84, 50.74, 53.08, 55.19, 57.9, 59.58, 61.16]
current_hyper_parameter
v: [12.0, 12.0, 12.0, 12.0, 12.0, 12.0, 12.0, 12.0, 12.0, 12.0, 12.0, 12.0, 27.87, 12.0]
a: [50.0, 86.82, 50.0, 94.05, 50.0, 50.0, 50.0, 93.77, 121.4, 50.0, 50.0, 50.0, 91.32, 50.0]
d: [3.5, 3.5, 3.82, 3.5, 3.5, 3.5, 3.5, 3.5, 3.5, 3.5, 3.5, 3.5, 3.5, 2.0]
BEST_hyper_parameter
v: [12.0, 12.0, 12.0, 12.0, 12.0, 12.0, 12.0, 12.0, 12.0, 12.0, 12.0, 12.0, 27.87, 12.0]
a: [50.0, 86.82, 50.0, 94.05, 50.0, 50.0, 50.0, 93.77, 121.4, 50.0, 50.0, 50.0, 91.32, 50.0]
d: [3.5, 3.5, 3.5, 3.5, 3.5, 3.5, 3.5, 3.5, 3.5, 3.5, 3.5, 3.5, 3.5, 2.0]
random_idx_1 = 1, random_idx_2 = 6
random_idx_1 = 0, random_idx_2 = 1

iteration: 37
best: [1000.0, 1000.0, 1000.0, 1000.0, 1000.0, 1000.0, 1000.0, 1000.0, 1000.0, 1000.0, 1000.0, 1000.0, 1000.0, 61.16]
time: [6.62, 8.43, 11.98, 15.43, 19.16, 23.49, 43.85, 47.65, 49.49, 51.84, 53.62, 56.56, 58.52, 60.37]
current_hyper_parameter
v: [12.0, 25.81, 12.0, 12.0, 12.0, 12.0, 12.0, 12.0, 12.0, 12.0, 12.0, 12.0, 27.87, 12.0]
a: [50.0, 86.82, 50.0, 94.05, 50.0, 50.0, 58.52, 93.77, 121.4, 50.0, 50.0, 50.0, 91.32, 50.0]
d: [3.5, 3.5, 3.82, 3.5, 3.5, 3.5, 3.5, 3.5, 3.5, 3.5, 3.5, 3.5, 3.5, 2.0]
BEST_hyper_parameter
v: [12.0, 12.0, 12.0, 12.0, 12.0, 12.0, 12.0, 12.0, 12.0, 12.0, 12.0, 12.0, 27.87, 12.0]
a: [50.0, 86.82, 50.0, 94.05, 50.0, 50.0, 50.0, 93.77, 121.4, 50.0, 50.0, 50.0, 91.32, 50.0]
d: [3.5, 3.5, 3.82, 3.5, 3.5, 3.5, 3.5, 3.5, 3.5, 3.5, 3.5, 3.5, 3.5, 2.0]
random_idx_1 = 0, random_idx_2 = 7
random_idx_1 = 1, random_idx_2 = 10

iteration: 38
best: [1000.0, 1000.0, 1000.0, 1000.0, 1000.0, 1000.0, 1000.0, 1000.0, 1000.0, 1000.0, 1000.0, 1000.0, 1000.0, 60.37]
time: [6.59, 8.42, 11.9, 15.23, 21.89, 26.09, 46.83, 50.86, 55.9, 59.19, 1000, 1000, 1000, 1000]
current_hyper_parameter
v: [12.0, 25.81, 12.0, 12.0, 12.0, 12.0, 12.0, 14.44, 12.0, 12.0, 12.0, 12.0, 27.87, 12.0]
a: [50.0, 86.82, 50.0, 94.05, 50.0, 50.0, 58.52, 93.77, 121.4, 50.0, 113.59, 50.0, 91.32, 50.0]
d: [3.5, 3.5, 3.82, 3.5, 3.5, 3.5, 3.5, 3.5, 3.5, 3.5, 3.5, 3.5, 3.5, 2.0]
BEST_hyper_parameter
v: [12.0, 25.81, 12.0, 12.0, 12.0, 12.0, 12.0, 12.0, 12.0, 12.0, 12.0, 12.0, 27.87, 12.0]
a: [50.0, 86.82, 50.0, 94.05, 50.0, 50.0, 58.52, 93.77, 121.4, 50.0, 50.0, 50.0, 91.32, 50.0]
d: [3.5, 3.5, 3.82, 3.5, 3.5, 3.5, 3.5, 3.5, 3.5, 3.5, 3.5, 3.5, 3.5, 2.0]
random_idx_1 = 0, random_idx_2 = 8
random_idx_1 = 0, random_idx_2 = 1

iteration: 39
best: [1000.0, 1000.0, 1000.0, 1000.0, 1000.0, 1000.0, 1000.0, 1000.0, 1000.0, 1000.0, 1000.0, 1000.0, 1000.0, 60.37]
time: [6.6, 9.03, 13.38, 16.88, 23.78, 27.87, 48.84, 53.12, 54.68, 56.6, 1000, 1000, 1000, 1000]
current_hyper_parameter
v: [12.0, 9.91, 12.0, 12.0, 12.0, 12.0, 12.0, 12.0, 19.81, 12.0, 12.0, 12.0, 27.87, 12.0]
a: [50.0, 86.82, 50.0, 94.05, 50.0, 50.0, 58.52, 93.77, 121.4, 50.0, 50.0, 50.0, 91.32, 50.0]
d: [3.5, 3.5, 3.82, 3.5, 3.5, 3.5, 3.5, 3.5, 3.5, 3.5, 3.5, 3.5, 3.5, 2.0]
BEST_hyper_parameter
v: [12.0, 25.81, 12.0, 12.0, 12.0, 12.0, 12.0, 12.0, 12.0, 12.0, 12.0, 12.0, 27.87, 12.0]
a: [50.0, 86.82, 50.0, 94.05, 50.0, 50.0, 58.52, 93.77, 121.4, 50.0, 50.0, 50.0, 91.32, 50.0]
d: [3.5, 3.5, 3.82, 3.5, 3.5, 3.5, 3.5, 3.5, 3.5, 3.5, 3.5, 3.5, 3.5, 2.0]
random_idx_1 = 1, random_idx_2 = 2
random_idx_1 = 1, random_idx_2 = 11

iteration: 40
best: [1000.0, 1000.0, 1000.0, 1000.0, 1000.0, 1000.0, 1000.0, 1000.0, 1000.0, 1000.0, 1000.0, 1000.0, 1000.0, 60.37]
time: [6.71, 8.49, 11.86, 1000, 1000, 1000, 1000, 1000, 1000, 1000, 1000, 1000, 1000, 1000]
current_hyper_parameter
v: [12.0, 25.81, 12.0, 12.0, 12.0, 12.0, 12.0, 12.0, 12.0, 12.0, 12.0, 12.0, 27.87, 12.0]
a: [50.0, 86.82, 86.31, 94.05, 50.0, 50.0, 58.52, 93.77, 121.4, 50.0, 50.0, 40.84, 91.32, 50.0]
d: [3.5, 3.5, 3.82, 3.5, 3.5, 3.5, 3.5, 3.5, 3.5, 3.5, 3.5, 3.5, 3.5, 2.0]
BEST_hyper_parameter
v: [12.0, 25.81, 12.0, 12.0, 12.0, 12.0, 12.0, 12.0, 12.0, 12.0, 12.0, 12.0, 27.87, 12.0]
a: [50.0, 86.82, 50.0, 94.05, 50.0, 50.0, 58.52, 93.77, 121.4, 50.0, 50.0, 50.0, 91.32, 50.0]
d: [3.5, 3.5, 3.82, 3.5, 3.5, 3.5, 3.5, 3.5, 3.5, 3.5, 3.5, 3.5, 3.5, 2.0]
random_idx_1 = 0, random_idx_2 = 8
random_idx_1 = 0, random_idx_2 = 12

iteration: 41
best: [1000.0, 1000.0, 1000.0, 1000.0, 1000.0, 1000.0, 1000.0, 1000.0, 1000.0, 1000.0, 1000.0, 1000.0, 1000.0, 60.37]
time: [6.61, 8.41, 11.86, 1000, 1000, 1000, 1000, 1000, 1000, 1000, 1000, 1000, 1000, 1000]
current_hyper_parameter
v: [12.0, 25.81, 12.0, 12.0, 12.0, 12.0, 12.0, 12.0, 14.03, 12.0, 12.0, 12.0, 12.81, 12.0]
a: [50.0, 86.82, 50.0, 94.05, 50.0, 50.0, 58.52, 93.77, 121.4, 50.0, 50.0, 50.0, 91.32, 50.0]
d: [3.5, 3.5, 3.82, 3.5, 3.5, 3.5, 3.5, 3.5, 3.5, 3.5, 3.5, 3.5, 3.5, 2.0]
BEST_hyper_parameter
v: [12.0, 25.81, 12.0, 12.0, 12.0, 12.0, 12.0, 12.0, 12.0, 12.0, 12.0, 12.0, 27.87, 12.0]
a: [50.0, 86.82, 50.0, 94.05, 50.0, 50.0, 58.52, 93.77, 121.4, 50.0, 50.0, 50.0, 91.32, 50.0]
d: [3.5, 3.5, 3.82, 3.5, 3.5, 3.5, 3.5, 3.5, 3.5, 3.5, 3.5, 3.5, 3.5, 2.0]
random_idx_1 = 2, random_idx_2 = 5
random_idx_1 = 1, random_idx_2 = 11

iteration: 42
best: [1000.0, 1000.0, 1000.0, 1000.0, 1000.0, 1000.0, 1000.0, 1000.0, 1000.0, 1000.0, 1000.0, 1000.0, 1000.0, 60.37]
time: [6.6, 8.4, 11.93, 15.36, 22.24, 26.38, 47.42, 51.67, 53.53, 56.27, 58.51, 61.81, 1000, 1000]
current_hyper_parameter
v: [12.0, 25.81, 12.0, 12.0, 12.0, 12.0, 12.0, 12.0, 12.0, 12.0, 12.0, 12.0, 27.87, 12.0]
a: [50.0, 86.82, 50.0, 94.05, 50.0, 50.0, 58.52, 93.77, 121.4, 50.0, 50.0, 23.64, 91.32, 50.0]
d: [3.5, 3.5, 3.82, 3.5, 3.5, 3.5, 3.5, 3.5, 3.5, 3.5, 3.5, 3.5, 3.5, 2.0]
BEST_hyper_parameter
v: [12.0, 25.81, 12.0, 12.0, 12.0, 12.0, 12.0, 12.0, 12.0, 12.0, 12.0, 12.0, 27.87, 12.0]
a: [50.0, 86.82, 50.0, 94.05, 50.0, 50.0, 58.52, 93.77, 121.4, 50.0, 50.0, 50.0, 91.32, 50.0]
d: [3.5, 3.5, 3.82, 3.5, 3.5, 3.5, 3.5, 3.5, 3.5, 3.5, 3.5, 3.5, 3.5, 2.0]
random_idx_1 = 0, random_idx_2 = 8
random_idx_1 = 0, random_idx_2 = 5

iteration: 43
best: [1000.0, 1000.0, 1000.0, 1000.0, 1000.0, 1000.0, 1000.0, 1000.0, 1000.0, 1000.0, 1000.0, 1000.0, 1000.0, 60.37]
time: [6.73, 8.49, 11.99, 15.4, 19.14, 23.17, 42.52, 46.23, 47.94, 1000, 1000, 1000, 1000, 1000]
current_hyper_parameter
v: [12.0, 25.81, 12.0, 12.0, 12.0, 22.44, 12.0, 12.0, 18.27, 12.0, 12.0, 12.0, 27.87, 12.0]
a: [50.0, 86.82, 50.0, 94.05, 50.0, 50.0, 58.52, 93.77, 121.4, 50.0, 50.0, 50.0, 91.32, 50.0]
d: [3.5, 3.5, 3.82, 3.5, 3.5, 3.5, 3.5, 3.5, 3.5, 3.5, 3.5, 3.5, 3.5, 2.0]
BEST_hyper_parameter
v: [12.0, 25.81, 12.0, 12.0, 12.0, 12.0, 12.0, 12.0, 12.0, 12.0, 12.0, 12.0, 27.87, 12.0]
a: [50.0, 86.82, 50.0, 94.05, 50.0, 50.0, 58.52, 93.77, 121.4, 50.0, 50.0, 50.0, 91.32, 50.0]
d: [3.5, 3.5, 3.82, 3.5, 3.5, 3.5, 3.5, 3.5, 3.5, 3.5, 3.5, 3.5, 3.5, 2.0]
random_idx_1 = 0, random_idx_2 = 6
random_idx_1 = 1, random_idx_2 = 3

iteration: 44
best: [1000.0, 1000.0, 1000.0, 1000.0, 1000.0, 1000.0, 1000.0, 1000.0, 1000.0, 1000.0, 1000.0, 1000.0, 1000.0, 60.37]
time: [6.71, 8.51, 12.03, 15.79, 22.87, 26.99, 38.74, 42.2, 44.19, 46.96, 49.28, 51.78, 53.53, 59.02]
current_hyper_parameter
v: [12.0, 25.81, 12.0, 12.0, 12.0, 12.0, 32.04, 12.0, 12.0, 12.0, 12.0, 12.0, 27.87, 12.0]
a: [50.0, 86.82, 50.0, 52.29, 50.0, 50.0, 58.52, 93.77, 121.4, 50.0, 50.0, 50.0, 91.32, 50.0]
d: [3.5, 3.5, 3.82, 3.5, 3.5, 3.5, 3.5, 3.5, 3.5, 3.5, 3.5, 3.5, 3.5, 2.0]
BEST_hyper_parameter
v: [12.0, 25.81, 12.0, 12.0, 12.0, 12.0, 12.0, 12.0, 12.0, 12.0, 12.0, 12.0, 27.87, 12.0]
a: [50.0, 86.82, 50.0, 94.05, 50.0, 50.0, 58.52, 93.77, 121.4, 50.0, 50.0, 50.0, 91.32, 50.0]
d: [3.5, 3.5, 3.82, 3.5, 3.5, 3.5, 3.5, 3.5, 3.5, 3.5, 3.5, 3.5, 3.5, 2.0]
random_idx_1 = 1, random_idx_2 = 5
random_idx_1 = 1, random_idx_2 = 9

iteration: 45
best: [1000.0, 1000.0, 1000.0, 1000.0, 1000.0, 1000.0, 1000.0, 1000.0, 1000.0, 1000.0, 1000.0, 1000.0, 1000.0, 59.02]
time: [6.7, 8.49, 12.03, 15.88, 23.04, 26.55, 38.03, 42.28, 44.16, 46.3, 1000, 1000, 1000, 1000]
current_hyper_parameter
v: [12.0, 25.81, 12.0, 12.0, 12.0, 12.0, 32.04, 12.0, 12.0, 12.0, 12.0, 12.0, 27.87, 12.0]
a: [50.0, 86.82, 50.0, 52.29, 50.0, 89.37, 58.52, 93.77, 121.4, 114.14, 50.0, 50.0, 91.32, 50.0]
d: [3.5, 3.5, 3.82, 3.5, 3.5, 3.5, 3.5, 3.5, 3.5, 3.5, 3.5, 3.5, 3.5, 2.0]
BEST_hyper_parameter
v: [12.0, 25.81, 12.0, 12.0, 12.0, 12.0, 32.04, 12.0, 12.0, 12.0, 12.0, 12.0, 27.87, 12.0]
a: [50.0, 86.82, 50.0, 52.29, 50.0, 50.0, 58.52, 93.77, 121.4, 50.0, 50.0, 50.0, 91.32, 50.0]
d: [3.5, 3.5, 3.82, 3.5, 3.5, 3.5, 3.5, 3.5, 3.5, 3.5, 3.5, 3.5, 3.5, 2.0]
random_idx_1 = 1, random_idx_2 = 2
random_idx_1 = 1, random_idx_2 = 11

iteration: 46
best: [1000.0, 1000.0, 1000.0, 1000.0, 1000.0, 1000.0, 1000.0, 1000.0, 1000.0, 1000.0, 1000.0, 1000.0, 1000.0, 59.02]
time: [6.7, 8.47, 11.71, 15.1, 21.97, 25.9, 37.51, 41.73, 43.56, 45.88, 48.08, 50.75, 52.45, 54.11]
current_hyper_parameter
v: [12.0, 25.81, 12.0, 12.0, 12.0, 12.0, 32.04, 12.0, 12.0, 12.0, 12.0, 12.0, 27.87, 12.0]
a: [50.0, 86.82, 154.52, 52.29, 50.0, 50.0, 58.52, 93.77, 121.4, 50.0, 50.0, 54.13, 91.32, 50.0]
d: [3.5, 3.5, 3.82, 3.5, 3.5, 3.5, 3.5, 3.5, 3.5, 3.5, 3.5, 3.5, 3.5, 2.0]
BEST_hyper_parameter
v: [12.0, 25.81, 12.0, 12.0, 12.0, 12.0, 32.04, 12.0, 12.0, 12.0, 12.0, 12.0, 27.87, 12.0]
a: [50.0, 86.82, 50.0, 52.29, 50.0, 50.0, 58.52, 93.77, 121.4, 50.0, 50.0, 50.0, 91.32, 50.0]
d: [3.5, 3.5, 3.82, 3.5, 3.5, 3.5, 3.5, 3.5, 3.5, 3.5, 3.5, 3.5, 3.5, 2.0]
random_idx_1 = 0, random_idx_2 = 12
random_idx_1 = 1, random_idx_2 = 10

iteration: 47
best: [1000.0, 1000.0, 1000.0, 1000.0, 1000.0, 1000.0, 1000.0, 1000.0, 1000.0, 1000.0, 1000.0, 1000.0, 1000.0, 54.11]
time: [6.61, 8.45, 11.74, 15.14, 19.18, 23.41, 34.98, 39.41, 41.28, 43.64, 49.1, 52.45, 54.57, 1000]
current_hyper_parameter
v: [12.0, 25.81, 12.0, 12.0, 12.0, 12.0, 32.04, 12.0, 12.0, 12.0, 12.0, 12.0, 15.9, 12.0]
a: [50.0, 86.82, 154.52, 52.29, 50.0, 50.0, 58.52, 93.77, 121.4, 50.0, 100.55, 54.13, 91.32, 50.0]
d: [3.5, 3.5, 3.82, 3.5, 3.5, 3.5, 3.5, 3.5, 3.5, 3.5, 3.5, 3.5, 3.5, 2.0]
BEST_hyper_parameter
v: [12.0, 25.81, 12.0, 12.0, 12.0, 12.0, 32.04, 12.0, 12.0, 12.0, 12.0, 12.0, 27.87, 12.0]
a: [50.0, 86.82, 154.52, 52.29, 50.0, 50.0, 58.52, 93.77, 121.4, 50.0, 50.0, 54.13, 91.32, 50.0]
d: [3.5, 3.5, 3.82, 3.5, 3.5, 3.5, 3.5, 3.5, 3.5, 3.5, 3.5, 3.5, 3.5, 2.0]
random_idx_1 = 2, random_idx_2 = 13
random_idx_1 = 0, random_idx_2 = 5

iteration: 48
best: [1000.0, 1000.0, 1000.0, 1000.0, 1000.0, 1000.0, 1000.0, 1000.0, 1000.0, 1000.0, 1000.0, 1000.0, 1000.0, 54.11]
time: [6.52, 8.25, 11.62, 15.2, 19.15, 23.42, 35.19, 38.89, 40.8, 43.07, 45.23, 47.81, 49.48, 51.02]
current_hyper_parameter
v: [12.0, 25.81, 12.0, 12.0, 12.0, 15.49, 32.04, 12.0, 12.0, 12.0, 12.0, 12.0, 27.87, 12.0]
a: [50.0, 86.82, 154.52, 52.29, 50.0, 50.0, 58.52, 93.77, 121.4, 50.0, 50.0, 54.13, 91.32, 50.0]
d: [3.5, 3.5, 3.82, 3.5, 3.5, 3.5, 3.5, 3.5, 3.5, 3.5, 3.5, 3.5, 3.5, 2.0]
BEST_hyper_parameter
v: [12.0, 25.81, 12.0, 12.0, 12.0, 12.0, 32.04, 12.0, 12.0, 12.0, 12.0, 12.0, 27.87, 12.0]
a: [50.0, 86.82, 154.52, 52.29, 50.0, 50.0, 58.52, 93.77, 121.4, 50.0, 50.0, 54.13, 91.32, 50.0]
d: [3.5, 3.5, 3.82, 3.5, 3.5, 3.5, 3.5, 3.5, 3.5, 3.5, 3.5, 3.5, 3.5, 2.0]
random_idx_1 = 1, random_idx_2 = 11
random_idx_1 = 0, random_idx_2 = 1
