
iteration: 1
best: [1000.0, 1000.0, 1000.0, 1000.0, 1000.0, 1000.0, 1000.0, 1000.0, 1000.0, 1000.0, 1000.0, 1000.0, 1000.0, 1000.0]
time: [6.54, 8.99, 13.34, 17.07, 20.93, 25.21, 45.54, 49.63, 51.8, 54.37, 56.28, 58.97, 61.87, 63.74]
current_hyper_parameter
v: [12.0, 12.0, 12.0, 12.0, 12.0, 12.0, 12.0, 12.0, 12.0, 12.0, 12.0, 12.0, 12.0, 12.0]
a: [50.0, 50.0, 50.0, 50.0, 50.0, 50.0, 50.0, 50.0, 50.0, 50.0, 50.0, 50.0, 50.0, 50.0]
d: [3.5, 3.5, 3.5, 3.5, 3.5, 3.5, 3.5, 3.5, 3.5, 3.5, 3.5, 3.5, 3.5, 2.0]
BEST_hyper_parameter
v: [-1.0, -1.0, -1.0, -1.0, -1.0, -1.0, -1.0, -1.0, -1.0, -1.0, -1.0, -1.0, -1.0, -1.0]
a: [-1.0, -1.0, -1.0, -1.0, -1.0, -1.0, -1.0, -1.0, -1.0, -1.0, -1.0, -1.0, -1.0, -1.0]
d: [-1.0, -1.0, -1.0, -1.0, -1.0, -1.0, -1.0, -1.0, -1.0, -1.0, -1.0, -1.0, -1.0, -1.0]
random_idx_1 = 2, random_idx_2 = 12random_idx_1 = 0, random_idx_2 = 10
iteration: 2
best: [1000.0, 1000.0, 1000.0, 1000.0, 1000.0, 1000.0, 1000.0, 1000.0, 1000.0, 1000.0, 1000.0, 1000.0, 1000.0, 63.74]
time: [6.59, 9.08, 13.54, 17.5, 24.6, 28.57, 49.33, 53.51, 55.69, 58.27, 59.95, 63.06, 1000, 1000]
current_hyper_parameter
v: [12.0, 12.0, 12.0, 12.0, 12.0, 12.0, 12.0, 12.0, 12.0, 12.0, 16.39, 12.0, 12.0, 12.0]
a: [50.0, 50.0, 50.0, 50.0, 50.0, 50.0, 50.0, 50.0, 50.0, 50.0, 50.0, 50.0, 50.0, 50.0]
d: [3.5, 3.5, 3.5, 3.5, 3.5, 3.5, 3.5, 3.5, 3.5, 3.5, 3.5, 3.5, 3.5, 2.0]
BEST_hyper_parameter
v: [12.0, 12.0, 12.0, 12.0, 12.0, 12.0, 12.0, 12.0, 12.0, 12.0, 12.0, 12.0, 12.0, 12.0]
a: [50.0, 50.0, 50.0, 50.0, 50.0, 50.0, 50.0, 50.0, 50.0, 50.0, 50.0, 50.0, 50.0, 50.0]
d: [3.5, 3.5, 3.5, 3.5, 3.5, 3.5, 3.5, 3.5, 3.5, 3.5, 3.5, 3.5, 3.5, 2.0]
random_idx_1 = 2, random_idx_2 = 10random_idx_1 = 1, random_idx_2 = 2
iteration: 3
best: [1000.0, 1000.0, 1000.0, 1000.0, 1000.0, 1000.0, 1000.0, 1000.0, 1000.0, 1000.0, 1000.0, 1000.0, 1000.0, 63.74]
time: [6.58, 9.05, 13.3, 17.06, 24.11, 28.02, 49.09, 53.99, 56.23, 58.84, 60.73, 63.76, 1000, 1000]
current_hyper_parameter
v: [12.0, 12.0, 12.0, 12.0, 12.0, 12.0, 12.0, 12.0, 12.0, 12.0, 12.0, 12.0, 12.0, 12.0]
a: [50.0, 50.0, 70.18, 50.0, 50.0, 50.0, 50.0, 50.0, 50.0, 50.0, 50.0, 50.0, 50.0, 50.0]
d: [3.5, 3.5, 3.5, 3.5, 3.5, 3.5, 3.5, 3.5, 3.5, 3.5, 3.5, 3.5, 3.5, 2.0]
BEST_hyper_parameter
v: [12.0, 12.0, 12.0, 12.0, 12.0, 12.0, 12.0, 12.0, 12.0, 12.0, 12.0, 12.0, 12.0, 12.0]
a: [50.0, 50.0, 50.0, 50.0, 50.0, 50.0, 50.0, 50.0, 50.0, 50.0, 50.0, 50.0, 50.0, 50.0]
d: [3.5, 3.5, 3.5, 3.5, 3.5, 3.5, 3.5, 3.5, 3.5, 3.5, 3.5, 3.5, 3.5, 2.0]
random_idx_1 = 1, random_idx_2 = 3random_idx_1 = 0, random_idx_2 = 10
iteration: 4
best: [1000.0, 1000.0, 1000.0, 1000.0, 1000.0, 1000.0, 1000.0, 1000.0, 1000.0, 1000.0, 1000.0, 1000.0, 1000.0, 63.74]
time: [6.69, 9.14, 13.52, 17.32, 21.28, 25.6, 45.9, 49.96, 52.15, 55.05, 56.99, 60.01, 62.94, 64.83]
current_hyper_parameter
v: [12.0, 12.0, 12.0, 12.0, 12.0, 12.0, 12.0, 12.0, 12.0, 12.0, 16.41, 12.0, 12.0, 12.0]
a: [50.0, 50.0, 50.0, 60.91, 50.0, 50.0, 50.0, 50.0, 50.0, 50.0, 50.0, 50.0, 50.0, 50.0]
d: [3.5, 3.5, 3.5, 3.5, 3.5, 3.5, 3.5, 3.5, 3.5, 3.5, 3.5, 3.5, 3.5, 2.0]
BEST_hyper_parameter
v: [12.0, 12.0, 12.0, 12.0, 12.0, 12.0, 12.0, 12.0, 12.0, 12.0, 12.0, 12.0, 12.0, 12.0]
a: [50.0, 50.0, 50.0, 50.0, 50.0, 50.0, 50.0, 50.0, 50.0, 50.0, 50.0, 50.0, 50.0, 50.0]
d: [3.5, 3.5, 3.5, 3.5, 3.5, 3.5, 3.5, 3.5, 3.5, 3.5, 3.5, 3.5, 3.5, 2.0]
random_idx_1 = 1, random_idx_2 = 13random_idx_1 = 1, random_idx_2 = 1
iteration: 5
best: [1000.0, 1000.0, 1000.0, 1000.0, 1000.0, 1000.0, 1000.0, 1000.0, 1000.0, 1000.0, 1000.0, 1000.0, 1000.0, 63.74]
time: [6.72, 9.48, 14.22, 18.04, 21.94, 26.04, 46.78, 50.92, 53.12, 55.7, 57.57, 60.19, 63.18, 64.96]
current_hyper_parameter
v: [12.0, 12.0, 12.0, 12.0, 12.0, 12.0, 12.0, 12.0, 12.0, 12.0, 12.0, 12.0, 12.0, 12.0]
a: [50.0, 26.26, 50.0, 50.0, 50.0, 50.0, 50.0, 50.0, 50.0, 50.0, 50.0, 50.0, 50.0, 41.5]
d: [3.5, 3.5, 3.5, 3.5, 3.5, 3.5, 3.5, 3.5, 3.5, 3.5, 3.5, 3.5, 3.5, 2.0]
BEST_hyper_parameter
v: [12.0, 12.0, 12.0, 12.0, 12.0, 12.0, 12.0, 12.0, 12.0, 12.0, 12.0, 12.0, 12.0, 12.0]
a: [50.0, 50.0, 50.0, 50.0, 50.0, 50.0, 50.0, 50.0, 50.0, 50.0, 50.0, 50.0, 50.0, 50.0]
d: [3.5, 3.5, 3.5, 3.5, 3.5, 3.5, 3.5, 3.5, 3.5, 3.5, 3.5, 3.5, 3.5, 2.0]
random_idx_1 = 2, random_idx_2 = 6random_idx_1 = 1, random_idx_2 = 10
iteration: 6
best: [1000.0, 1000.0, 1000.0, 1000.0, 1000.0, 1000.0, 1000.0, 1000.0, 1000.0, 1000.0, 1000.0, 1000.0, 1000.0, 63.74]
time: [6.59, 9.06, 13.53, 17.52, 21.56, 25.64, 46.25, 50.44, 52.6, 55.3, 57.05, 60.1, 65.82, 1000]
current_hyper_parameter
v: [12.0, 12.0, 12.0, 12.0, 12.0, 12.0, 12.0, 12.0, 12.0, 12.0, 12.0, 12.0, 12.0, 12.0]
a: [50.0, 50.0, 50.0, 50.0, 50.0, 50.0, 50.0, 50.0, 50.0, 50.0, 58.83, 50.0, 50.0, 50.0]
d: [3.5, 3.5, 3.5, 3.5, 3.5, 3.5, 3.5, 3.5, 3.5, 3.5, 3.5, 3.5, 3.5, 2.0]
BEST_hyper_parameter
v: [12.0, 12.0, 12.0, 12.0, 12.0, 12.0, 12.0, 12.0, 12.0, 12.0, 12.0, 12.0, 12.0, 12.0]
a: [50.0, 50.0, 50.0, 50.0, 50.0, 50.0, 50.0, 50.0, 50.0, 50.0, 50.0, 50.0, 50.0, 50.0]
d: [3.5, 3.5, 3.5, 3.5, 3.5, 3.5, 3.5, 3.5, 3.5, 3.5, 3.5, 3.5, 3.5, 2.0]
random_idx_1 = 1, random_idx_2 = 1random_idx_1 = 2, random_idx_2 = 3
iteration: 7
best: [1000.0, 1000.0, 1000.0, 1000.0, 1000.0, 1000.0, 1000.0, 1000.0, 1000.0, 1000.0, 1000.0, 1000.0, 1000.0, 63.74]
time: [6.69, 9.2, 13.64, 17.51, 24.59, 28.61, 49.37, 53.43, 55.58, 58.23, 60.16, 63.2, 1000, 1000]
current_hyper_parameter
v: [12.0, 12.0, 12.0, 12.0, 12.0, 12.0, 12.0, 12.0, 12.0, 12.0, 12.0, 12.0, 12.0, 12.0]
a: [50.0, 46.3, 50.0, 50.0, 50.0, 50.0, 50.0, 50.0, 50.0, 50.0, 50.0, 50.0, 50.0, 50.0]
d: [3.5, 3.5, 3.5, 3.5, 3.5, 3.5, 3.5, 3.5, 3.5, 3.5, 3.5, 3.5, 3.5, 2.0]
BEST_hyper_parameter
v: [12.0, 12.0, 12.0, 12.0, 12.0, 12.0, 12.0, 12.0, 12.0, 12.0, 12.0, 12.0, 12.0, 12.0]
a: [50.0, 50.0, 50.0, 50.0, 50.0, 50.0, 50.0, 50.0, 50.0, 50.0, 50.0, 50.0, 50.0, 50.0]
d: [3.5, 3.5, 3.5, 3.5, 3.5, 3.5, 3.5, 3.5, 3.5, 3.5, 3.5, 3.5, 3.5, 2.0]
random_idx_1 = 0, random_idx_2 = 8random_idx_1 = 1, random_idx_2 = 3
iteration: 8
best: [1000.0, 1000.0, 1000.0, 1000.0, 1000.0, 1000.0, 1000.0, 1000.0, 1000.0, 1000.0, 1000.0, 1000.0, 1000.0, 63.74]
time: [6.69, 9.15, 13.58, 1000, 1000, 1000, 1000, 1000, 1000, 1000, 1000, 1000, 1000, 1000]
current_hyper_parameter
v: [12.0, 12.0, 12.0, 12.0, 12.0, 12.0, 12.0, 12.0, 20.56, 12.0, 12.0, 12.0, 12.0, 12.0]
a: [50.0, 50.0, 50.0, 158.29, 50.0, 50.0, 50.0, 50.0, 50.0, 50.0, 50.0, 50.0, 50.0, 50.0]
d: [3.5, 3.5, 3.5, 3.5, 3.5, 3.5, 3.5, 3.5, 3.5, 3.5, 3.5, 3.5, 3.5, 2.0]
BEST_hyper_parameter
v: [12.0, 12.0, 12.0, 12.0, 12.0, 12.0, 12.0, 12.0, 12.0, 12.0, 12.0, 12.0, 12.0, 12.0]
a: [50.0, 50.0, 50.0, 50.0, 50.0, 50.0, 50.0, 50.0, 50.0, 50.0, 50.0, 50.0, 50.0, 50.0]
d: [3.5, 3.5, 3.5, 3.5, 3.5, 3.5, 3.5, 3.5, 3.5, 3.5, 3.5, 3.5, 3.5, 2.0]
random_idx_1 = 0, random_idx_2 = 4random_idx_1 = 1, random_idx_2 = 2
iteration: 9
best: [1000.0, 1000.0, 1000.0, 1000.0, 1000.0, 1000.0, 1000.0, 1000.0, 1000.0, 1000.0, 1000.0, 1000.0, 1000.0, 63.74]
time: [6.71, 9.17, 13.28, 16.86, 20.25, 24.5, 44.84, 48.85, 50.98, 53.62, 55.54, 58.17, 61.14, 63.03]
current_hyper_parameter
v: [12.0, 12.0, 12.0, 12.0, 21.3, 12.0, 12.0, 12.0, 12.0, 12.0, 12.0, 12.0, 12.0, 12.0]
a: [50.0, 50.0, 77.95, 50.0, 50.0, 50.0, 50.0, 50.0, 50.0, 50.0, 50.0, 50.0, 50.0, 50.0]
d: [3.5, 3.5, 3.5, 3.5, 3.5, 3.5, 3.5, 3.5, 3.5, 3.5, 3.5, 3.5, 3.5, 2.0]
BEST_hyper_parameter
v: [12.0, 12.0, 12.0, 12.0, 12.0, 12.0, 12.0, 12.0, 12.0, 12.0, 12.0, 12.0, 12.0, 12.0]
a: [50.0, 50.0, 50.0, 50.0, 50.0, 50.0, 50.0, 50.0, 50.0, 50.0, 50.0, 50.0, 50.0, 50.0]
d: [3.5, 3.5, 3.5, 3.5, 3.5, 3.5, 3.5, 3.5, 3.5, 3.5, 3.5, 3.5, 3.5, 2.0]
random_idx_1 = 1, random_idx_2 = 12random_idx_1 = 2, random_idx_2 = 5
iteration: 10
best: [1000.0, 1000.0, 1000.0, 1000.0, 1000.0, 1000.0, 1000.0, 1000.0, 1000.0, 1000.0, 1000.0, 1000.0, 1000.0, 63.03]
time: [6.57, 9.05, 13.25, 17.0, 23.54, 27.54, 47.96, 51.96, 54.2, 57.07, 58.95, 62.47, 1000, 1000]
current_hyper_parameter
v: [12.0, 12.0, 12.0, 12.0, 21.3, 12.0, 12.0, 12.0, 12.0, 12.0, 12.0, 12.0, 12.0, 12.0]
a: [50.0, 50.0, 77.95, 50.0, 50.0, 50.0, 50.0, 50.0, 50.0, 50.0, 50.0, 50.0, 57.93, 50.0]
d: [3.5, 3.5, 3.5, 3.5, 3.5, 3.5, 3.5, 3.5, 3.5, 3.5, 3.5, 3.5, 3.5, 2.0]
BEST_hyper_parameter
v: [12.0, 12.0, 12.0, 12.0, 21.3, 12.0, 12.0, 12.0, 12.0, 12.0, 12.0, 12.0, 12.0, 12.0]
a: [50.0, 50.0, 77.95, 50.0, 50.0, 50.0, 50.0, 50.0, 50.0, 50.0, 50.0, 50.0, 50.0, 50.0]
d: [3.5, 3.5, 3.5, 3.5, 3.5, 3.5, 3.5, 3.5, 3.5, 3.5, 3.5, 3.5, 3.5, 2.0]
random_idx_1 = 0, random_idx_2 = 5random_idx_1 = 2, random_idx_2 = 12
iteration: 11
best: [1000.0, 1000.0, 1000.0, 1000.0, 1000.0, 1000.0, 1000.0, 1000.0, 1000.0, 1000.0, 1000.0, 1000.0, 1000.0, 63.03]
time: [6.7, 9.14, 13.31, 17.03, 23.6, 27.27, 46.81, 50.87, 53.07, 55.7, 60.59, 63.64, 1000, 1000]
current_hyper_parameter
v: [12.0, 12.0, 12.0, 12.0, 21.3, 24.76, 12.0, 12.0, 12.0, 12.0, 12.0, 12.0, 12.0, 12.0]
a: [50.0, 50.0, 77.95, 50.0, 50.0, 50.0, 50.0, 50.0, 50.0, 50.0, 50.0, 50.0, 50.0, 50.0]
d: [3.5, 3.5, 3.5, 3.5, 3.5, 3.5, 3.5, 3.5, 3.5, 3.5, 3.5, 3.5, 3.5, 2.0]
BEST_hyper_parameter
v: [12.0, 12.0, 12.0, 12.0, 21.3, 12.0, 12.0, 12.0, 12.0, 12.0, 12.0, 12.0, 12.0, 12.0]
a: [50.0, 50.0, 77.95, 50.0, 50.0, 50.0, 50.0, 50.0, 50.0, 50.0, 50.0, 50.0, 50.0, 50.0]
d: [3.5, 3.5, 3.5, 3.5, 3.5, 3.5, 3.5, 3.5, 3.5, 3.5, 3.5, 3.5, 3.5, 2.0]
random_idx_1 = 0, random_idx_2 = 8random_idx_1 = 2, random_idx_2 = 10
iteration: 12
best: [1000.0, 1000.0, 1000.0, 1000.0, 1000.0, 1000.0, 1000.0, 1000.0, 1000.0, 1000.0, 1000.0, 1000.0, 1000.0, 63.03]
time: [6.7, 9.18, 13.28, 16.97, 23.52, 27.49, 48.05, 52.88, 55.0, 57.51, 59.55, 62.62, 1000, 1000]
current_hyper_parameter
v: [12.0, 12.0, 12.0, 12.0, 21.3, 12.0, 12.0, 12.0, 29.5, 12.0, 12.0, 12.0, 12.0, 12.0]
a: [50.0, 50.0, 77.95, 50.0, 50.0, 50.0, 50.0, 50.0, 50.0, 50.0, 50.0, 50.0, 50.0, 50.0]
d: [3.5, 3.5, 3.5, 3.5, 3.5, 3.5, 3.5, 3.5, 3.5, 3.5, 3.5, 3.5, 3.5, 2.0]
BEST_hyper_parameter
v: [12.0, 12.0, 12.0, 12.0, 21.3, 12.0, 12.0, 12.0, 12.0, 12.0, 12.0, 12.0, 12.0, 12.0]
a: [50.0, 50.0, 77.95, 50.0, 50.0, 50.0, 50.0, 50.0, 50.0, 50.0, 50.0, 50.0, 50.0, 50.0]
d: [3.5, 3.5, 3.5, 3.5, 3.5, 3.5, 3.5, 3.5, 3.5, 3.5, 3.5, 3.5, 3.5, 2.0]
random_idx_1 = 1, random_idx_2 = 4random_idx_1 = 1, random_idx_2 = 11
iteration: 13
best: [1000.0, 1000.0, 1000.0, 1000.0, 1000.0, 1000.0, 1000.0, 1000.0, 1000.0, 1000.0, 1000.0, 1000.0, 1000.0, 63.03]
time: [6.57, 9.04, 13.28, 17.07, 23.01, 51.91, 1000, 1000, 1000, 1000, 1000, 1000, 1000, 1000]
current_hyper_parameter
v: [12.0, 12.0, 12.0, 12.0, 21.3, 12.0, 12.0, 12.0, 12.0, 12.0, 12.0, 12.0, 12.0, 12.0]
a: [50.0, 50.0, 77.95, 50.0, 83.56, 50.0, 50.0, 50.0, 50.0, 50.0, 50.0, 69.15, 50.0, 50.0]
d: [3.5, 3.5, 3.5, 3.5, 3.5, 3.5, 3.5, 3.5, 3.5, 3.5, 3.5, 3.5, 3.5, 2.0]
BEST_hyper_parameter
v: [12.0, 12.0, 12.0, 12.0, 21.3, 12.0, 12.0, 12.0, 12.0, 12.0, 12.0, 12.0, 12.0, 12.0]
a: [50.0, 50.0, 77.95, 50.0, 50.0, 50.0, 50.0, 50.0, 50.0, 50.0, 50.0, 50.0, 50.0, 50.0]
d: [3.5, 3.5, 3.5, 3.5, 3.5, 3.5, 3.5, 3.5, 3.5, 3.5, 3.5, 3.5, 3.5, 2.0]
random_idx_1 = 1, random_idx_2 = 12random_idx_1 = 2, random_idx_2 = 9
iteration: 14
best: [1000.0, 1000.0, 1000.0, 1000.0, 1000.0, 1000.0, 1000.0, 1000.0, 1000.0, 1000.0, 1000.0, 1000.0, 1000.0, 63.03]
time: [6.71, 9.19, 13.3, 16.86, 20.23, 24.48, 44.83, 48.86, 51.09, 53.99, 55.8, 58.9, 61.41, 63.4]
current_hyper_parameter
v: [12.0, 12.0, 12.0, 12.0, 21.3, 12.0, 12.0, 12.0, 12.0, 12.0, 12.0, 12.0, 12.0, 12.0]
a: [50.0, 50.0, 77.95, 50.0, 50.0, 50.0, 50.0, 50.0, 50.0, 50.0, 50.0, 50.0, 83.78, 50.0]
d: [3.5, 3.5, 3.5, 3.5, 3.5, 3.5, 3.5, 3.5, 3.5, 3.5, 3.5, 3.5, 3.5, 2.0]
BEST_hyper_parameter
v: [12.0, 12.0, 12.0, 12.0, 21.3, 12.0, 12.0, 12.0, 12.0, 12.0, 12.0, 12.0, 12.0, 12.0]
a: [50.0, 50.0, 77.95, 50.0, 50.0, 50.0, 50.0, 50.0, 50.0, 50.0, 50.0, 50.0, 50.0, 50.0]
d: [3.5, 3.5, 3.5, 3.5, 3.5, 3.5, 3.5, 3.5, 3.5, 3.5, 3.5, 3.5, 3.5, 2.0]
random_idx_1 = 1, random_idx_2 = 6random_idx_1 = 2, random_idx_2 = 5
iteration: 15
best: [1000.0, 1000.0, 1000.0, 1000.0, 1000.0, 1000.0, 1000.0, 1000.0, 1000.0, 1000.0, 1000.0, 1000.0, 1000.0, 63.03]
time: [6.6, 9.07, 13.24, 16.87, 20.37, 24.54, 44.78, 48.77, 50.92, 53.55, 55.46, 58.04, 60.99, 62.81]
current_hyper_parameter
v: [12.0, 12.0, 12.0, 12.0, 21.3, 12.0, 12.0, 12.0, 12.0, 12.0, 12.0, 12.0, 12.0, 12.0]
a: [50.0, 50.0, 77.95, 50.0, 50.0, 50.0, 132.27, 50.0, 50.0, 50.0, 50.0, 50.0, 50.0, 50.0]
d: [3.5, 3.5, 3.5, 3.5, 3.5, 3.5, 3.5, 3.5, 3.5, 3.5, 3.5, 3.5, 3.5, 2.0]
BEST_hyper_parameter
v: [12.0, 12.0, 12.0, 12.0, 21.3, 12.0, 12.0, 12.0, 12.0, 12.0, 12.0, 12.0, 12.0, 12.0]
a: [50.0, 50.0, 77.95, 50.0, 50.0, 50.0, 50.0, 50.0, 50.0, 50.0, 50.0, 50.0, 50.0, 50.0]
d: [3.5, 3.5, 3.5, 3.5, 3.5, 3.5, 3.5, 3.5, 3.5, 3.5, 3.5, 3.5, 3.5, 2.0]
random_idx_1 = 2, random_idx_2 = 0random_idx_1 = 0, random_idx_2 = 5
iteration: 16
best: [1000.0, 1000.0, 1000.0, 1000.0, 1000.0, 1000.0, 1000.0, 1000.0, 1000.0, 1000.0, 1000.0, 1000.0, 1000.0, 62.81]
time: [6.6, 9.08, 13.26, 16.91, 23.41, 27.4, 46.71, 1000, 1000, 1000, 1000, 1000, 1000, 1000]
current_hyper_parameter
v: [12.0, 12.0, 12.0, 12.0, 21.3, 14.8, 12.0, 12.0, 12.0, 12.0, 12.0, 12.0, 12.0, 12.0]
a: [50.0, 50.0, 77.95, 50.0, 50.0, 50.0, 132.27, 50.0, 50.0, 50.0, 50.0, 50.0, 50.0, 50.0]
d: [3.5, 3.5, 3.5, 3.5, 3.5, 3.5, 3.5, 3.5, 3.5, 3.5, 3.5, 3.5, 3.5, 2.0]
BEST_hyper_parameter
v: [12.0, 12.0, 12.0, 12.0, 21.3, 12.0, 12.0, 12.0, 12.0, 12.0, 12.0, 12.0, 12.0, 12.0]
a: [50.0, 50.0, 77.95, 50.0, 50.0, 50.0, 132.27, 50.0, 50.0, 50.0, 50.0, 50.0, 50.0, 50.0]
d: [3.5, 3.5, 3.5, 3.5, 3.5, 3.5, 3.5, 3.5, 3.5, 3.5, 3.5, 3.5, 3.5, 2.0]
random_idx_1 = 2, random_idx_2 = 1random_idx_1 = 0, random_idx_2 = 6
iteration: 17
best: [1000.0, 1000.0, 1000.0, 1000.0, 1000.0, 1000.0, 1000.0, 1000.0, 1000.0, 1000.0, 1000.0, 1000.0, 1000.0, 62.81]
time: [6.7, 9.18, 13.31, 16.92, 23.42, 27.56, 41.75, 46.15, 48.49, 51.11, 52.84, 55.95, 61.69, 63.47]
current_hyper_parameter
v: [12.0, 12.0, 12.0, 12.0, 21.3, 12.0, 18.81, 12.0, 12.0, 12.0, 12.0, 12.0, 12.0, 12.0]
a: [50.0, 50.0, 77.95, 50.0, 50.0, 50.0, 132.27, 50.0, 50.0, 50.0, 50.0, 50.0, 50.0, 50.0]
d: [3.5, 3.5, 3.5, 3.5, 3.5, 3.5, 3.5, 3.5, 3.5, 3.5, 3.5, 3.5, 3.5, 2.0]
BEST_hyper_parameter
v: [12.0, 12.0, 12.0, 12.0, 21.3, 12.0, 12.0, 12.0, 12.0, 12.0, 12.0, 12.0, 12.0, 12.0]
a: [50.0, 50.0, 77.95, 50.0, 50.0, 50.0, 132.27, 50.0, 50.0, 50.0, 50.0, 50.0, 50.0, 50.0]
d: [3.5, 3.5, 3.5, 3.5, 3.5, 3.5, 3.5, 3.5, 3.5, 3.5, 3.5, 3.5, 3.5, 2.0]
random_idx_1 = 0, random_idx_2 = 5random_idx_1 = 2, random_idx_2 = 5
iteration: 18
best: [1000.0, 1000.0, 1000.0, 1000.0, 1000.0, 1000.0, 1000.0, 1000.0, 1000.0, 1000.0, 1000.0, 1000.0, 1000.0, 62.81]
time: [6.7, 9.15, 13.31, 16.95, 20.46, 24.4, 43.23, 46.99, 49.16, 51.75, 53.46, 56.48, 62.18, 63.93]
current_hyper_parameter
v: [12.0, 12.0, 12.0, 12.0, 21.3, 34.47, 12.0, 12.0, 12.0, 12.0, 12.0, 12.0, 12.0, 12.0]
a: [50.0, 50.0, 77.95, 50.0, 50.0, 50.0, 132.27, 50.0, 50.0, 50.0, 50.0, 50.0, 50.0, 50.0]
d: [3.5, 3.5, 3.5, 3.5, 3.5, 3.5, 3.5, 3.5, 3.5, 3.5, 3.5, 3.5, 3.5, 2.0]
BEST_hyper_parameter
v: [12.0, 12.0, 12.0, 12.0, 21.3, 12.0, 12.0, 12.0, 12.0, 12.0, 12.0, 12.0, 12.0, 12.0]
a: [50.0, 50.0, 77.95, 50.0, 50.0, 50.0, 132.27, 50.0, 50.0, 50.0, 50.0, 50.0, 50.0, 50.0]
d: [3.5, 3.5, 3.5, 3.5, 3.5, 3.5, 3.5, 3.5, 3.5, 3.5, 3.5, 3.5, 3.5, 2.0]
random_idx_1 = 1, random_idx_2 = 12random_idx_1 = 1, random_idx_2 = 12
iteration: 19
best: [1000.0, 1000.0, 1000.0, 1000.0, 1000.0, 1000.0, 1000.0, 1000.0, 1000.0, 1000.0, 1000.0, 1000.0, 1000.0, 62.81]
time: [6.6, 9.06, 13.26, 17.01, 20.55, 24.56, 44.53, 49.04, 51.27, 53.99, 55.85, 59.0, 61.2, 62.69]
current_hyper_parameter
v: [12.0, 12.0, 12.0, 12.0, 21.3, 12.0, 12.0, 12.0, 12.0, 12.0, 12.0, 12.0, 12.0, 12.0]
a: [50.0, 50.0, 77.95, 50.0, 50.0, 50.0, 132.27, 50.0, 50.0, 50.0, 50.0, 50.0, 88.53, 50.0]
d: [3.5, 3.5, 3.5, 3.5, 3.5, 3.5, 3.5, 3.5, 3.5, 3.5, 3.5, 3.5, 3.5, 2.0]
BEST_hyper_parameter
v: [12.0, 12.0, 12.0, 12.0, 21.3, 12.0, 12.0, 12.0, 12.0, 12.0, 12.0, 12.0, 12.0, 12.0]
a: [50.0, 50.0, 77.95, 50.0, 50.0, 50.0, 132.27, 50.0, 50.0, 50.0, 50.0, 50.0, 50.0, 50.0]
d: [3.5, 3.5, 3.5, 3.5, 3.5, 3.5, 3.5, 3.5, 3.5, 3.5, 3.5, 3.5, 3.5, 2.0]
random_idx_1 = 1, random_idx_2 = 2random_idx_1 = 2, random_idx_2 = 5
iteration: 20
best: [1000.0, 1000.0, 1000.0, 1000.0, 1000.0, 1000.0, 1000.0, 1000.0, 1000.0, 1000.0, 1000.0, 1000.0, 1000.0, 62.69]
time: [6.73, 9.18, 14.25, 18.42, 25.02, 29.02, 48.71, 52.53, 54.72, 57.32, 59.06, 62.07, 1000, 1000]
current_hyper_parameter
v: [12.0, 12.0, 12.0, 12.0, 21.3, 12.0, 12.0, 12.0, 12.0, 12.0, 12.0, 12.0, 12.0, 12.0]
a: [50.0, 50.0, 22.73, 50.0, 50.0, 50.0, 132.27, 50.0, 50.0, 50.0, 50.0, 50.0, 88.53, 50.0]
d: [3.5, 3.5, 3.5, 3.5, 3.5, 3.5, 3.5, 3.5, 3.5, 3.5, 3.5, 3.5, 3.5, 2.0]
BEST_hyper_parameter
v: [12.0, 12.0, 12.0, 12.0, 21.3, 12.0, 12.0, 12.0, 12.0, 12.0, 12.0, 12.0, 12.0, 12.0]
a: [50.0, 50.0, 77.95, 50.0, 50.0, 50.0, 132.27, 50.0, 50.0, 50.0, 50.0, 50.0, 88.53, 50.0]
d: [3.5, 3.5, 3.5, 3.5, 3.5, 3.5, 3.5, 3.5, 3.5, 3.5, 3.5, 3.5, 3.5, 2.0]
random_idx_1 = 1, random_idx_2 = 1random_idx_1 = 2, random_idx_2 = 5
iteration: 21
best: [1000.0, 1000.0, 1000.0, 1000.0, 1000.0, 1000.0, 1000.0, 1000.0, 1000.0, 1000.0, 1000.0, 1000.0, 1000.0, 62.69]
time: [6.6, 9.01, 13.1, 16.68, 20.2, 24.64, 44.74, 48.52, 50.7, 53.6, 55.47, 58.45, 60.95, 62.98]
current_hyper_parameter
v: [12.0, 12.0, 12.0, 12.0, 21.3, 12.0, 12.0, 12.0, 12.0, 12.0, 12.0, 12.0, 12.0, 12.0]
a: [50.0, 58.73, 77.95, 50.0, 50.0, 50.0, 132.27, 50.0, 50.0, 50.0, 50.0, 50.0, 88.53, 50.0]
d: [3.5, 3.5, 3.5, 3.5, 3.5, 3.5, 3.5, 3.5, 3.5, 3.5, 3.5, 3.5, 3.5, 2.0]
BEST_hyper_parameter
v: [12.0, 12.0, 12.0, 12.0, 21.3, 12.0, 12.0, 12.0, 12.0, 12.0, 12.0, 12.0, 12.0, 12.0]
a: [50.0, 50.0, 77.95, 50.0, 50.0, 50.0, 132.27, 50.0, 50.0, 50.0, 50.0, 50.0, 88.53, 50.0]
d: [3.5, 3.5, 3.5, 3.5, 3.5, 3.5, 3.5, 3.5, 3.5, 3.5, 3.5, 3.5, 3.5, 2.0]
random_idx_1 = 2, random_idx_2 = 4random_idx_1 = 2, random_idx_2 = 8
iteration: 22
best: [1000.0, 1000.0, 1000.0, 1000.0, 1000.0, 1000.0, 1000.0, 1000.0, 1000.0, 1000.0, 1000.0, 1000.0, 1000.0, 62.69]
time: [6.61, 9.08, 13.24, 16.99, 20.54, 24.55, 44.5, 49.29, 51.54, 54.21, 56.12, 58.73, 61.18, 62.94]
current_hyper_parameter
v: [12.0, 12.0, 12.0, 12.0, 21.3, 12.0, 12.0, 12.0, 12.0, 12.0, 12.0, 12.0, 12.0, 12.0]
a: [50.0, 50.0, 77.95, 50.0, 50.0, 50.0, 132.27, 50.0, 50.0, 50.0, 50.0, 50.0, 88.53, 50.0]
d: [3.5, 3.5, 3.5, 3.5, 3.5, 3.5, 3.5, 3.5, 3.5, 3.5, 3.5, 3.5, 3.5, 2.0]
BEST_hyper_parameter
v: [12.0, 12.0, 12.0, 12.0, 21.3, 12.0, 12.0, 12.0, 12.0, 12.0, 12.0, 12.0, 12.0, 12.0]
a: [50.0, 50.0, 77.95, 50.0, 50.0, 50.0, 132.27, 50.0, 50.0, 50.0, 50.0, 50.0, 88.53, 50.0]
d: [3.5, 3.5, 3.5, 3.5, 3.5, 3.5, 3.5, 3.5, 3.5, 3.5, 3.5, 3.5, 3.5, 2.0]
random_idx_1 = 2, random_idx_2 = 12random_idx_1 = 2, random_idx_2 = 2
iteration: 23
best: [1000.0, 1000.0, 1000.0, 1000.0, 1000.0, 1000.0, 1000.0, 1000.0, 1000.0, 1000.0, 1000.0, 1000.0, 1000.0, 62.69]
time: [6.71, 9.18, 13.31, 16.97, 23.51, 27.54, 47.42, 52.35, 54.6, 57.23, 59.15, 61.74, 1000, 1000]
current_hyper_parameter
v: [12.0, 12.0, 12.0, 12.0, 21.3, 12.0, 12.0, 12.0, 12.0, 12.0, 12.0, 12.0, 12.0, 12.0]
a: [50.0, 50.0, 77.95, 50.0, 50.0, 50.0, 132.27, 50.0, 50.0, 50.0, 50.0, 50.0, 88.53, 50.0]
d: [3.5, 3.5, 4.87, 3.5, 3.5, 3.5, 3.5, 3.5, 3.5, 3.5, 3.5, 3.5, 3.5, 2.0]
BEST_hyper_parameter
v: [12.0, 12.0, 12.0, 12.0, 21.3, 12.0, 12.0, 12.0, 12.0, 12.0, 12.0, 12.0, 12.0, 12.0]
a: [50.0, 50.0, 77.95, 50.0, 50.0, 50.0, 132.27, 50.0, 50.0, 50.0, 50.0, 50.0, 88.53, 50.0]
d: [3.5, 3.5, 3.5, 3.5, 3.5, 3.5, 3.5, 3.5, 3.5, 3.5, 3.5, 3.5, 3.5, 2.0]
random_idx_1 = 1, random_idx_2 = 9random_idx_1 = 0, random_idx_2 = 13
iteration: 24
best: [1000.0, 1000.0, 1000.0, 1000.0, 1000.0, 1000.0, 1000.0, 1000.0, 1000.0, 1000.0, 1000.0, 1000.0, 1000.0, 62.69]
time: [6.6, 9.05, 13.23, 17.0, 23.55, 27.54, 47.34, 51.1, 53.2, 55.67, 1000, 1000, 1000, 1000]
current_hyper_parameter
v: [12.0, 12.0, 12.0, 12.0, 21.3, 12.0, 12.0, 12.0, 12.0, 12.0, 12.0, 12.0, 12.0, 14.52]
a: [50.0, 50.0, 77.95, 50.0, 50.0, 50.0, 132.27, 50.0, 50.0, 65.96, 50.0, 50.0, 88.53, 50.0]
d: [3.5, 3.5, 3.5, 3.5, 3.5, 3.5, 3.5, 3.5, 3.5, 3.5, 3.5, 3.5, 3.5, 2.0]
BEST_hyper_parameter
v: [12.0, 12.0, 12.0, 12.0, 21.3, 12.0, 12.0, 12.0, 12.0, 12.0, 12.0, 12.0, 12.0, 12.0]
a: [50.0, 50.0, 77.95, 50.0, 50.0, 50.0, 132.27, 50.0, 50.0, 50.0, 50.0, 50.0, 88.53, 50.0]
d: [3.5, 3.5, 3.5, 3.5, 3.5, 3.5, 3.5, 3.5, 3.5, 3.5, 3.5, 3.5, 3.5, 2.0]
random_idx_1 = 1, random_idx_2 = 6random_idx_1 = 1, random_idx_2 = 9
iteration: 25
best: [1000.0, 1000.0, 1000.0, 1000.0, 1000.0, 1000.0, 1000.0, 1000.0, 1000.0, 1000.0, 1000.0, 1000.0, 1000.0, 62.69]
time: [6.6, 9.07, 13.23, 16.86, 20.19, 24.52, 44.64, 48.78, 51.01, 53.38, 1000, 1000, 1000, 1000]
current_hyper_parameter
v: [12.0, 12.0, 12.0, 12.0, 21.3, 12.0, 12.0, 12.0, 12.0, 12.0, 12.0, 12.0, 12.0, 12.0]
a: [50.0, 50.0, 77.95, 50.0, 50.0, 50.0, 57.21, 50.0, 50.0, 93.43, 50.0, 50.0, 88.53, 50.0]
d: [3.5, 3.5, 3.5, 3.5, 3.5, 3.5, 3.5, 3.5, 3.5, 3.5, 3.5, 3.5, 3.5, 2.0]
BEST_hyper_parameter
v: [12.0, 12.0, 12.0, 12.0, 21.3, 12.0, 12.0, 12.0, 12.0, 12.0, 12.0, 12.0, 12.0, 12.0]
a: [50.0, 50.0, 77.95, 50.0, 50.0, 50.0, 132.27, 50.0, 50.0, 50.0, 50.0, 50.0, 88.53, 50.0]
d: [3.5, 3.5, 3.5, 3.5, 3.5, 3.5, 3.5, 3.5, 3.5, 3.5, 3.5, 3.5, 3.5, 2.0]
random_idx_1 = 2, random_idx_2 = 11random_idx_1 = 0, random_idx_2 = 1
iteration: 26
best: [1000.0, 1000.0, 1000.0, 1000.0, 1000.0, 1000.0, 1000.0, 1000.0, 1000.0, 1000.0, 1000.0, 1000.0, 1000.0, 62.69]
time: [6.69, 9.0, 13.03, 16.61, 20.13, 24.58, 44.28, 48.07, 50.55, 53.22, 55.34, 58.42, 60.91, 62.93]
current_hyper_parameter
v: [12.0, 19.64, 12.0, 12.0, 21.3, 12.0, 12.0, 12.0, 12.0, 12.0, 12.0, 12.0, 12.0, 12.0]
a: [50.0, 50.0, 77.95, 50.0, 50.0, 50.0, 132.27, 50.0, 50.0, 50.0, 50.0, 50.0, 88.53, 50.0]
d: [3.5, 3.5, 3.5, 3.5, 3.5, 3.5, 3.5, 3.5, 3.5, 3.5, 3.5, 3.5, 3.5, 2.0]
BEST_hyper_parameter
v: [12.0, 12.0, 12.0, 12.0, 21.3, 12.0, 12.0, 12.0, 12.0, 12.0, 12.0, 12.0, 12.0, 12.0]
a: [50.0, 50.0, 77.95, 50.0, 50.0, 50.0, 132.27, 50.0, 50.0, 50.0, 50.0, 50.0, 88.53, 50.0]
d: [3.5, 3.5, 3.5, 3.5, 3.5, 3.5, 3.5, 3.5, 3.5, 3.5, 3.5, 3.5, 3.5, 2.0]
random_idx_1 = 1, random_idx_2 = 5random_idx_1 = 0, random_idx_2 = 7
iteration: 27
best: [1000.0, 1000.0, 1000.0, 1000.0, 1000.0, 1000.0, 1000.0, 1000.0, 1000.0, 1000.0, 1000.0, 1000.0, 1000.0, 62.69]
time: [6.61, 9.07, 13.23, 17.01, 23.54, 26.88, 44.04, 47.68, 49.83, 52.83, 55.15, 57.81, 63.3, 1000]
current_hyper_parameter
v: [12.0, 12.0, 12.0, 12.0, 21.3, 12.0, 12.0, 31.17, 12.0, 12.0, 12.0, 12.0, 12.0, 12.0]
a: [50.0, 50.0, 77.95, 50.0, 50.0, 140.59, 132.27, 50.0, 50.0, 50.0, 50.0, 50.0, 88.53, 50.0]
d: [3.5, 3.5, 3.5, 3.5, 3.5, 3.5, 3.5, 3.5, 3.5, 3.5, 3.5, 3.5, 3.5, 2.0]
BEST_hyper_parameter
v: [12.0, 12.0, 12.0, 12.0, 21.3, 12.0, 12.0, 12.0, 12.0, 12.0, 12.0, 12.0, 12.0, 12.0]
a: [50.0, 50.0, 77.95, 50.0, 50.0, 50.0, 132.27, 50.0, 50.0, 50.0, 50.0, 50.0, 88.53, 50.0]
d: [3.5, 3.5, 3.5, 3.5, 3.5, 3.5, 3.5, 3.5, 3.5, 3.5, 3.5, 3.5, 3.5, 2.0]
random_idx_1 = 1, random_idx_2 = 6random_idx_1 = 2, random_idx_2 = 5
iteration: 28
best: [1000.0, 1000.0, 1000.0, 1000.0, 1000.0, 1000.0, 1000.0, 1000.0, 1000.0, 1000.0, 1000.0, 1000.0, 1000.0, 62.69]
time: [6.7, 9.18, 13.35, 17.06, 23.58, 27.57, 47.77, 51.76, 54.08, 56.75, 58.56, 61.74, 1000, 1000]
current_hyper_parameter
v: [12.0, 12.0, 12.0, 12.0, 21.3, 12.0, 12.0, 12.0, 12.0, 12.0, 12.0, 12.0, 12.0, 12.0]
a: [50.0, 50.0, 77.95, 50.0, 50.0, 50.0, 74.2, 50.0, 50.0, 50.0, 50.0, 50.0, 88.53, 50.0]
d: [3.5, 3.5, 3.5, 3.5, 3.5, 3.5, 3.5, 3.5, 3.5, 3.5, 3.5, 3.5, 3.5, 2.0]
BEST_hyper_parameter
v: [12.0, 12.0, 12.0, 12.0, 21.3, 12.0, 12.0, 12.0, 12.0, 12.0, 12.0, 12.0, 12.0, 12.0]
a: [50.0, 50.0, 77.95, 50.0, 50.0, 50.0, 132.27, 50.0, 50.0, 50.0, 50.0, 50.0, 88.53, 50.0]
d: [3.5, 3.5, 3.5, 3.5, 3.5, 3.5, 3.5, 3.5, 3.5, 3.5, 3.5, 3.5, 3.5, 2.0]
random_idx_1 = 1, random_idx_2 = 11random_idx_1 = 1, random_idx_2 = 12
iteration: 29
best: [1000.0, 1000.0, 1000.0, 1000.0, 1000.0, 1000.0, 1000.0, 1000.0, 1000.0, 1000.0, 1000.0, 1000.0, 1000.0, 62.69]
time: [6.53, 9.01, 13.21, 16.99, 23.53, 27.52, 47.42, 52.24, 54.54, 57.19, 59.11, 62.05, 1000, 1000]
current_hyper_parameter
v: [12.0, 12.0, 12.0, 12.0, 21.3, 12.0, 12.0, 12.0, 12.0, 12.0, 12.0, 12.0, 12.0, 12.0]
a: [50.0, 50.0, 77.95, 50.0, 50.0, 50.0, 132.27, 50.0, 50.0, 50.0, 50.0, 54.85, 76.44, 50.0]
d: [3.5, 3.5, 3.5, 3.5, 3.5, 3.5, 3.5, 3.5, 3.5, 3.5, 3.5, 3.5, 3.5, 2.0]
BEST_hyper_parameter
v: [12.0, 12.0, 12.0, 12.0, 21.3, 12.0, 12.0, 12.0, 12.0, 12.0, 12.0, 12.0, 12.0, 12.0]
a: [50.0, 50.0, 77.95, 50.0, 50.0, 50.0, 132.27, 50.0, 50.0, 50.0, 50.0, 50.0, 88.53, 50.0]
d: [3.5, 3.5, 3.5, 3.5, 3.5, 3.5, 3.5, 3.5, 3.5, 3.5, 3.5, 3.5, 3.5, 2.0]
random_idx_1 = 0, random_idx_2 = 0random_idx_1 = 0, random_idx_2 = 1
iteration: 30
best: [1000.0, 1000.0, 1000.0, 1000.0, 1000.0, 1000.0, 1000.0, 1000.0, 1000.0, 1000.0, 1000.0, 1000.0, 1000.0, 62.69]
time: [6.49, 8.95, 13.03, 16.67, 23.36, 27.55, 47.27, 51.1, 53.3, 56.14, 57.98, 60.9, 63.34, 64.46]
current_hyper_parameter
v: [14.45, 10.99, 12.0, 12.0, 21.3, 12.0, 12.0, 12.0, 12.0, 12.0, 12.0, 12.0, 12.0, 12.0]
a: [50.0, 50.0, 77.95, 50.0, 50.0, 50.0, 132.27, 50.0, 50.0, 50.0, 50.0, 50.0, 88.53, 50.0]
d: [3.5, 3.5, 3.5, 3.5, 3.5, 3.5, 3.5, 3.5, 3.5, 3.5, 3.5, 3.5, 3.5, 2.0]
BEST_hyper_parameter
v: [12.0, 12.0, 12.0, 12.0, 21.3, 12.0, 12.0, 12.0, 12.0, 12.0, 12.0, 12.0, 12.0, 12.0]
a: [50.0, 50.0, 77.95, 50.0, 50.0, 50.0, 132.27, 50.0, 50.0, 50.0, 50.0, 50.0, 88.53, 50.0]
d: [3.5, 3.5, 3.5, 3.5, 3.5, 3.5, 3.5, 3.5, 3.5, 3.5, 3.5, 3.5, 3.5, 2.0]
random_idx_1 = 1, random_idx_2 = 13random_idx_1 = 2, random_idx_2 = 12
iteration: 31
best: [1000.0, 1000.0, 1000.0, 1000.0, 1000.0, 1000.0, 1000.0, 1000.0, 1000.0, 1000.0, 1000.0, 1000.0, 1000.0, 62.69]
time: [6.71, 9.17, 13.29, 16.98, 23.54, 27.53, 47.38, 51.12, 53.54, 56.22, 58.0, 61.04, 1000, 1000]
current_hyper_parameter
v: [12.0, 12.0, 12.0, 12.0, 21.3, 12.0, 12.0, 12.0, 12.0, 12.0, 12.0, 12.0, 12.0, 12.0]
a: [50.0, 50.0, 77.95, 50.0, 50.0, 50.0, 132.27, 50.0, 50.0, 50.0, 50.0, 50.0, 88.53, 38.5]
d: [3.5, 3.5, 3.5, 3.5, 3.5, 3.5, 3.5, 3.5, 3.5, 3.5, 3.5, 3.5, 3.5, 2.0]
BEST_hyper_parameter
v: [12.0, 12.0, 12.0, 12.0, 21.3, 12.0, 12.0, 12.0, 12.0, 12.0, 12.0, 12.0, 12.0, 12.0]
a: [50.0, 50.0, 77.95, 50.0, 50.0, 50.0, 132.27, 50.0, 50.0, 50.0, 50.0, 50.0, 88.53, 50.0]
d: [3.5, 3.5, 3.5, 3.5, 3.5, 3.5, 3.5, 3.5, 3.5, 3.5, 3.5, 3.5, 3.5, 2.0]
random_idx_1 = 2, random_idx_2 = 7random_idx_1 = 1, random_idx_2 = 1
iteration: 32
best: [1000.0, 1000.0, 1000.0, 1000.0, 1000.0, 1000.0, 1000.0, 1000.0, 1000.0, 1000.0, 1000.0, 1000.0, 1000.0, 62.69]
time: [6.6, 8.73, 12.41, 16.07, 19.64, 24.05, 43.72, 47.48, 49.58, 52.12, 53.91, 56.91, 59.38, 61.37]
current_hyper_parameter
v: [12.0, 12.0, 12.0, 12.0, 21.3, 12.0, 12.0, 12.0, 12.0, 12.0, 12.0, 12.0, 12.0, 12.0]
a: [50.0, 143.69, 77.95, 50.0, 50.0, 50.0, 132.27, 50.0, 50.0, 50.0, 50.0, 50.0, 88.53, 50.0]
d: [3.5, 3.5, 3.5, 3.5, 3.5, 3.5, 3.5, 3.5, 3.5, 3.5, 3.5, 3.5, 3.5, 2.0]
BEST_hyper_parameter
v: [12.0, 12.0, 12.0, 12.0, 21.3, 12.0, 12.0, 12.0, 12.0, 12.0, 12.0, 12.0, 12.0, 12.0]
a: [50.0, 50.0, 77.95, 50.0, 50.0, 50.0, 132.27, 50.0, 50.0, 50.0, 50.0, 50.0, 88.53, 50.0]
d: [3.5, 3.5, 3.5, 3.5, 3.5, 3.5, 3.5, 3.5, 3.5, 3.5, 3.5, 3.5, 3.5, 2.0]
random_idx_1 = 0, random_idx_2 = 1random_idx_1 = 2, random_idx_2 = 2
iteration: 33
best: [1000.0, 1000.0, 1000.0, 1000.0, 1000.0, 1000.0, 1000.0, 1000.0, 1000.0, 1000.0, 1000.0, 1000.0, 1000.0, 61.37]
time: [6.7, 8.65, 12.15, 15.67, 19.21, 23.58, 43.35, 47.12, 49.54, 52.21, 53.98, 56.96, 59.35, 61.4]
current_hyper_parameter
v: [12.0, 14.01, 12.0, 12.0, 21.3, 12.0, 12.0, 12.0, 12.0, 12.0, 12.0, 12.0, 12.0, 12.0]
a: [50.0, 143.69, 77.95, 50.0, 50.0, 50.0, 132.27, 50.0, 50.0, 50.0, 50.0, 50.0, 88.53, 50.0]
d: [3.5, 3.5, 4.78, 3.5, 3.5, 3.5, 3.5, 3.5, 3.5, 3.5, 3.5, 3.5, 3.5, 2.0]
BEST_hyper_parameter
v: [12.0, 12.0, 12.0, 12.0, 21.3, 12.0, 12.0, 12.0, 12.0, 12.0, 12.0, 12.0, 12.0, 12.0]
a: [50.0, 143.69, 77.95, 50.0, 50.0, 50.0, 132.27, 50.0, 50.0, 50.0, 50.0, 50.0, 88.53, 50.0]
d: [3.5, 3.5, 3.5, 3.5, 3.5, 3.5, 3.5, 3.5, 3.5, 3.5, 3.5, 3.5, 3.5, 2.0]
random_idx_1 = 1, random_idx_2 = 6random_idx_1 = 2, random_idx_2 = 5
iteration: 34
best: [1000.0, 1000.0, 1000.0, 1000.0, 1000.0, 1000.0, 1000.0, 1000.0, 1000.0, 1000.0, 1000.0, 1000.0, 1000.0, 61.37]
time: [6.7, 8.79, 12.53, 16.14, 19.69, 24.13, 44.15, 48.77, 51.06, 53.7, 55.51, 58.5, 60.91, 62.82]
current_hyper_parameter
v: [12.0, 12.0, 12.0, 12.0, 21.3, 12.0, 12.0, 12.0, 12.0, 12.0, 12.0, 12.0, 12.0, 12.0]
a: [50.0, 143.69, 77.95, 50.0, 50.0, 50.0, 66.52, 50.0, 50.0, 50.0, 50.0, 50.0, 88.53, 50.0]
d: [3.5, 3.5, 3.5, 3.5, 3.5, 3.5, 3.5, 3.5, 3.5, 3.5, 3.5, 3.5, 3.5, 2.0]
BEST_hyper_parameter
v: [12.0, 12.0, 12.0, 12.0, 21.3, 12.0, 12.0, 12.0, 12.0, 12.0, 12.0, 12.0, 12.0, 12.0]
a: [50.0, 143.69, 77.95, 50.0, 50.0, 50.0, 132.27, 50.0, 50.0, 50.0, 50.0, 50.0, 88.53, 50.0]
d: [3.5, 3.5, 3.5, 3.5, 3.5, 3.5, 3.5, 3.5, 3.5, 3.5, 3.5, 3.5, 3.5, 2.0]
random_idx_1 = 2, random_idx_2 = 6random_idx_1 = 0, random_idx_2 = 3
iteration: 35
best: [1000.0, 1000.0, 1000.0, 1000.0, 1000.0, 1000.0, 1000.0, 1000.0, 1000.0, 1000.0, 1000.0, 1000.0, 1000.0, 61.37]
time: [6.55, 8.68, 12.39, 16.18, 19.74, 24.11, 43.97, 48.76, 51.04, 53.7, 55.64, 58.53, 61.05, 62.77]
current_hyper_parameter
v: [12.0, 12.0, 12.0, 10.58, 21.3, 12.0, 12.0, 12.0, 12.0, 12.0, 12.0, 12.0, 12.0, 12.0]
a: [50.0, 143.69, 77.95, 50.0, 50.0, 50.0, 132.27, 50.0, 50.0, 50.0, 50.0, 50.0, 88.53, 50.0]
d: [3.5, 3.5, 3.5, 3.5, 3.5, 3.5, 3.5, 3.5, 3.5, 3.5, 3.5, 3.5, 3.5, 2.0]
BEST_hyper_parameter
v: [12.0, 12.0, 12.0, 12.0, 21.3, 12.0, 12.0, 12.0, 12.0, 12.0, 12.0, 12.0, 12.0, 12.0]
a: [50.0, 143.69, 77.95, 50.0, 50.0, 50.0, 132.27, 50.0, 50.0, 50.0, 50.0, 50.0, 88.53, 50.0]
d: [3.5, 3.5, 3.5, 3.5, 3.5, 3.5, 3.5, 3.5, 3.5, 3.5, 3.5, 3.5, 3.5, 2.0]
random_idx_1 = 1, random_idx_2 = 6random_idx_1 = 0, random_idx_2 = 5
iteration: 36
best: [1000.0, 1000.0, 1000.0, 1000.0, 1000.0, 1000.0, 1000.0, 1000.0, 1000.0, 1000.0, 1000.0, 1000.0, 1000.0, 61.37]
time: [6.7, 8.8, 12.53, 16.13, 19.7, 23.86, 42.98, 46.82, 49.0, 51.68, 53.6, 56.49, 59.12, 60.96]
current_hyper_parameter
v: [12.0, 12.0, 12.0, 12.0, 21.3, 19.81, 12.0, 12.0, 12.0, 12.0, 12.0, 12.0, 12.0, 12.0]
a: [50.0, 143.69, 77.95, 50.0, 50.0, 50.0, 64.59, 50.0, 50.0, 50.0, 50.0, 50.0, 88.53, 50.0]
d: [3.5, 3.5, 3.5, 3.5, 3.5, 3.5, 3.5, 3.5, 3.5, 3.5, 3.5, 3.5, 3.5, 2.0]
BEST_hyper_parameter
v: [12.0, 12.0, 12.0, 12.0, 21.3, 12.0, 12.0, 12.0, 12.0, 12.0, 12.0, 12.0, 12.0, 12.0]
a: [50.0, 143.69, 77.95, 50.0, 50.0, 50.0, 132.27, 50.0, 50.0, 50.0, 50.0, 50.0, 88.53, 50.0]
d: [3.5, 3.5, 3.5, 3.5, 3.5, 3.5, 3.5, 3.5, 3.5, 3.5, 3.5, 3.5, 3.5, 2.0]
random_idx_1 = 2, random_idx_2 = 1random_idx_1 = 1, random_idx_2 = 7
iteration: 37
best: [1000.0, 1000.0, 1000.0, 1000.0, 1000.0, 1000.0, 1000.0, 1000.0, 1000.0, 1000.0, 1000.0, 1000.0, 1000.0, 60.96]
time: [6.69, 8.8, 12.48, 16.15, 19.71, 23.91, 43.52, 47.6, 1000, 1000, 1000, 1000, 1000, 1000]
current_hyper_parameter
v: [12.0, 12.0, 12.0, 12.0, 21.3, 19.81, 12.0, 12.0, 12.0, 12.0, 12.0, 12.0, 12.0, 12.0]
a: [50.0, 143.69, 77.95, 50.0, 50.0, 50.0, 64.59, 158.51, 50.0, 50.0, 50.0, 50.0, 88.53, 50.0]
d: [3.5, 3.5, 3.5, 3.5, 3.5, 3.5, 3.5, 3.5, 3.5, 3.5, 3.5, 3.5, 3.5, 2.0]
BEST_hyper_parameter
v: [12.0, 12.0, 12.0, 12.0, 21.3, 19.81, 12.0, 12.0, 12.0, 12.0, 12.0, 12.0, 12.0, 12.0]
a: [50.0, 143.69, 77.95, 50.0, 50.0, 50.0, 64.59, 50.0, 50.0, 50.0, 50.0, 50.0, 88.53, 50.0]
d: [3.5, 3.5, 3.5, 3.5, 3.5, 3.5, 3.5, 3.5, 3.5, 3.5, 3.5, 3.5, 3.5, 2.0]
random_idx_1 = 2, random_idx_2 = 11random_idx_1 = 0, random_idx_2 = 12
iteration: 38
best: [1000.0, 1000.0, 1000.0, 1000.0, 1000.0, 1000.0, 1000.0, 1000.0, 1000.0, 1000.0, 1000.0, 1000.0, 1000.0, 60.96]
time: [6.59, 8.72, 12.4, 16.07, 19.65, 23.82, 43.1, 47.83, 50.11, 52.72, 54.86, 57.65, 59.33, 60.9]
current_hyper_parameter
v: [12.0, 12.0, 12.0, 12.0, 21.3, 19.81, 12.0, 12.0, 12.0, 12.0, 12.0, 12.0, 26.6, 12.0]
a: [50.0, 143.69, 77.95, 50.0, 50.0, 50.0, 64.59, 50.0, 50.0, 50.0, 50.0, 50.0, 88.53, 50.0]
d: [3.5, 3.5, 3.5, 3.5, 3.5, 3.5, 3.5, 3.5, 3.5, 3.5, 3.5, 3.5, 3.5, 2.0]
BEST_hyper_parameter
v: [12.0, 12.0, 12.0, 12.0, 21.3, 19.81, 12.0, 12.0, 12.0, 12.0, 12.0, 12.0, 12.0, 12.0]
a: [50.0, 143.69, 77.95, 50.0, 50.0, 50.0, 64.59, 50.0, 50.0, 50.0, 50.0, 50.0, 88.53, 50.0]
d: [3.5, 3.5, 3.5, 3.5, 3.5, 3.5, 3.5, 3.5, 3.5, 3.5, 3.5, 3.5, 3.5, 2.0]
random_idx_1 = 2, random_idx_2 = 11random_idx_1 = 0, random_idx_2 = 4
iteration: 39
best: [1000.0, 1000.0, 1000.0, 1000.0, 1000.0, 1000.0, 1000.0, 1000.0, 1000.0, 1000.0, 1000.0, 1000.0, 1000.0, 60.9]
time: [6.71, 8.8, 12.56, 16.13, 20.6, 24.27, 43.91, 47.78, 49.94, 52.62, 54.54, 57.39, 59.38, 63.88]
current_hyper_parameter
v: [12.0, 12.0, 12.0, 12.0, 8.56, 19.81, 12.0, 12.0, 12.0, 12.0, 12.0, 12.0, 26.6, 12.0]
a: [50.0, 143.69, 77.95, 50.0, 50.0, 50.0, 64.59, 50.0, 50.0, 50.0, 50.0, 50.0, 88.53, 50.0]
d: [3.5, 3.5, 3.5, 3.5, 3.5, 3.5, 3.5, 3.5, 3.5, 3.5, 3.5, 3.5, 3.5, 2.0]
BEST_hyper_parameter
v: [12.0, 12.0, 12.0, 12.0, 21.3, 19.81, 12.0, 12.0, 12.0, 12.0, 12.0, 12.0, 26.6, 12.0]
a: [50.0, 143.69, 77.95, 50.0, 50.0, 50.0, 64.59, 50.0, 50.0, 50.0, 50.0, 50.0, 88.53, 50.0]
d: [3.5, 3.5, 3.5, 3.5, 3.5, 3.5, 3.5, 3.5, 3.5, 3.5, 3.5, 3.5, 3.5, 2.0]
random_idx_1 = 1, random_idx_2 = 1random_idx_1 = 0, random_idx_2 = 4
iteration: 40
best: [1000.0, 1000.0, 1000.0, 1000.0, 1000.0, 1000.0, 1000.0, 1000.0, 1000.0, 1000.0, 1000.0, 1000.0, 1000.0, 60.9]
time: [6.68, 9.53, 14.0, 17.68, 21.24, 25.43, 44.99, 48.9, 51.05, 53.72, 58.59, 61.59, 1000, 1000]
current_hyper_parameter
v: [12.0, 12.0, 12.0, 12.0, 24.0, 19.81, 12.0, 12.0, 12.0, 12.0, 12.0, 12.0, 26.6, 12.0]
a: [50.0, 21.44, 77.95, 50.0, 50.0, 50.0, 64.59, 50.0, 50.0, 50.0, 50.0, 50.0, 88.53, 50.0]
d: [3.5, 3.5, 3.5, 3.5, 3.5, 3.5, 3.5, 3.5, 3.5, 3.5, 3.5, 3.5, 3.5, 2.0]
BEST_hyper_parameter
v: [12.0, 12.0, 12.0, 12.0, 21.3, 19.81, 12.0, 12.0, 12.0, 12.0, 12.0, 12.0, 26.6, 12.0]
a: [50.0, 143.69, 77.95, 50.0, 50.0, 50.0, 64.59, 50.0, 50.0, 50.0, 50.0, 50.0, 88.53, 50.0]
d: [3.5, 3.5, 3.5, 3.5, 3.5, 3.5, 3.5, 3.5, 3.5, 3.5, 3.5, 3.5, 3.5, 2.0]
random_idx_1 = 1, random_idx_2 = 2random_idx_1 = 2, random_idx_2 = 13
iteration: 41
best: [1000.0, 1000.0, 1000.0, 1000.0, 1000.0, 1000.0, 1000.0, 1000.0, 1000.0, 1000.0, 1000.0, 1000.0, 1000.0, 60.9]
time: [6.69, 8.79, 12.83, 16.7, 20.24, 24.37, 43.59, 48.34, 50.64, 53.23, 55.02, 57.94, 59.89, 61.85]
current_hyper_parameter
v: [12.0, 12.0, 12.0, 12.0, 21.3, 19.81, 12.0, 12.0, 12.0, 12.0, 12.0, 12.0, 26.6, 12.0]
a: [50.0, 143.69, 48.37, 50.0, 50.0, 50.0, 64.59, 50.0, 50.0, 50.0, 50.0, 50.0, 88.53, 50.0]
d: [3.5, 3.5, 3.5, 3.5, 3.5, 3.5, 3.5, 3.5, 3.5, 3.5, 3.5, 3.5, 3.5, 2.0]
BEST_hyper_parameter
v: [12.0, 12.0, 12.0, 12.0, 21.3, 19.81, 12.0, 12.0, 12.0, 12.0, 12.0, 12.0, 26.6, 12.0]
a: [50.0, 143.69, 77.95, 50.0, 50.0, 50.0, 64.59, 50.0, 50.0, 50.0, 50.0, 50.0, 88.53, 50.0]
d: [3.5, 3.5, 3.5, 3.5, 3.5, 3.5, 3.5, 3.5, 3.5, 3.5, 3.5, 3.5, 3.5, 2.0]
random_idx_1 = 2, random_idx_2 = 2random_idx_1 = 0, random_idx_2 = 8
iteration: 42
best: [1000.0, 1000.0, 1000.0, 1000.0, 1000.0, 1000.0, 1000.0, 1000.0, 1000.0, 1000.0, 1000.0, 1000.0, 1000.0, 60.9]
time: [6.61, 8.72, 12.41, 15.94, 19.51, 23.25, 42.72, 46.7, 48.76, 51.34, 53.49, 56.16, 57.86, 59.36]
current_hyper_parameter
v: [12.0, 12.0, 12.0, 12.0, 21.3, 19.81, 12.0, 12.0, 25.93, 12.0, 12.0, 12.0, 26.6, 12.0]
a: [50.0, 143.69, 77.95, 50.0, 50.0, 50.0, 64.59, 50.0, 50.0, 50.0, 50.0, 50.0, 88.53, 50.0]
d: [3.5, 3.5, 5.26, 3.5, 3.5, 3.5, 3.5, 3.5, 3.5, 3.5, 3.5, 3.5, 3.5, 2.0]
BEST_hyper_parameter
v: [12.0, 12.0, 12.0, 12.0, 21.3, 19.81, 12.0, 12.0, 12.0, 12.0, 12.0, 12.0, 26.6, 12.0]
a: [50.0, 143.69, 77.95, 50.0, 50.0, 50.0, 64.59, 50.0, 50.0, 50.0, 50.0, 50.0, 88.53, 50.0]
d: [3.5, 3.5, 3.5, 3.5, 3.5, 3.5, 3.5, 3.5, 3.5, 3.5, 3.5, 3.5, 3.5, 2.0]
random_idx_1 = 0, random_idx_2 = 5random_idx_1 = 2, random_idx_2 = 13
iteration: 43
best: [1000.0, 1000.0, 1000.0, 1000.0, 1000.0, 1000.0, 1000.0, 1000.0, 1000.0, 1000.0, 1000.0, 1000.0, 1000.0, 59.36]
time: [6.71, 8.79, 12.51, 16.08, 19.66, 23.89, 43.58, 47.65, 49.77, 52.33, 54.44, 57.13, 58.86, 60.35]
current_hyper_parameter
v: [12.0, 12.0, 12.0, 12.0, 21.3, 19.02, 12.0, 12.0, 25.93, 12.0, 12.0, 12.0, 26.6, 12.0]
a: [50.0, 143.69, 77.95, 50.0, 50.0, 50.0, 64.59, 50.0, 50.0, 50.0, 50.0, 50.0, 88.53, 50.0]
d: [3.5, 3.5, 5.26, 3.5, 3.5, 3.5, 3.5, 3.5, 3.5, 3.5, 3.5, 3.5, 3.5, 2.0]
BEST_hyper_parameter
v: [12.0, 12.0, 12.0, 12.0, 21.3, 19.81, 12.0, 12.0, 25.93, 12.0, 12.0, 12.0, 26.6, 12.0]
a: [50.0, 143.69, 77.95, 50.0, 50.0, 50.0, 64.59, 50.0, 50.0, 50.0, 50.0, 50.0, 88.53, 50.0]
d: [3.5, 3.5, 5.26, 3.5, 3.5, 3.5, 3.5, 3.5, 3.5, 3.5, 3.5, 3.5, 3.5, 2.0]
random_idx_1 = 2, random_idx_2 = 6random_idx_1 = 1, random_idx_2 = 10
iteration: 44
best: [1000.0, 1000.0, 1000.0, 1000.0, 1000.0, 1000.0, 1000.0, 1000.0, 1000.0, 1000.0, 1000.0, 1000.0, 1000.0, 59.36]
time: [6.69, 8.8, 12.53, 16.13, 19.7, 23.93, 43.54, 48.36, 50.49, 53.02, 55.04, 57.98, 59.57, 64.05]
current_hyper_parameter
v: [12.0, 12.0, 12.0, 12.0, 21.3, 19.81, 12.0, 12.0, 25.93, 12.0, 12.0, 12.0, 26.6, 12.0]
a: [50.0, 143.69, 77.95, 50.0, 50.0, 50.0, 64.59, 50.0, 50.0, 50.0, 47.82, 50.0, 88.53, 50.0]
d: [3.5, 3.5, 5.26, 3.5, 3.5, 3.5, 3.5, 3.5, 3.5, 3.5, 3.5, 3.5, 3.5, 2.0]
BEST_hyper_parameter
v: [12.0, 12.0, 12.0, 12.0, 21.3, 19.81, 12.0, 12.0, 25.93, 12.0, 12.0, 12.0, 26.6, 12.0]
a: [50.0, 143.69, 77.95, 50.0, 50.0, 50.0, 64.59, 50.0, 50.0, 50.0, 50.0, 50.0, 88.53, 50.0]
d: [3.5, 3.5, 5.26, 3.5, 3.5, 3.5, 3.5, 3.5, 3.5, 3.5, 3.5, 3.5, 3.5, 2.0]
random_idx_1 = 1, random_idx_2 = 1random_idx_1 = 0, random_idx_2 = 4
iteration: 45
best: [1000.0, 1000.0, 1000.0, 1000.0, 1000.0, 1000.0, 1000.0, 1000.0, 1000.0, 1000.0, 1000.0, 1000.0, 1000.0, 59.36]
time: [6.59, 8.78, 12.71, 16.4, 20.04, 23.73, 43.33, 47.25, 49.28, 51.85, 53.97, 56.59, 58.39, 63.01]
current_hyper_parameter
v: [12.0, 12.0, 12.0, 12.0, 15.24, 19.81, 12.0, 12.0, 25.93, 12.0, 12.0, 12.0, 26.6, 12.0]
a: [50.0, 109.07, 77.95, 50.0, 50.0, 50.0, 64.59, 50.0, 50.0, 50.0, 50.0, 50.0, 88.53, 50.0]
d: [3.5, 3.5, 5.26, 3.5, 3.5, 3.5, 3.5, 3.5, 3.5, 3.5, 3.5, 3.5, 3.5, 2.0]
BEST_hyper_parameter
v: [12.0, 12.0, 12.0, 12.0, 21.3, 19.81, 12.0, 12.0, 25.93, 12.0, 12.0, 12.0, 26.6, 12.0]
a: [50.0, 143.69, 77.95, 50.0, 50.0, 50.0, 64.59, 50.0, 50.0, 50.0, 50.0, 50.0, 88.53, 50.0]
d: [3.5, 3.5, 5.26, 3.5, 3.5, 3.5, 3.5, 3.5, 3.5, 3.5, 3.5, 3.5, 3.5, 2.0]
random_idx_1 = 1, random_idx_2 = 10random_idx_1 = 2, random_idx_2 = 10
iteration: 46
best: [1000.0, 1000.0, 1000.0, 1000.0, 1000.0, 1000.0, 1000.0, 1000.0, 1000.0, 1000.0, 1000.0, 1000.0, 1000.0, 59.36]
time: [6.7, 8.8, 12.57, 16.14, 19.65, 23.88, 42.98, 47.73, 49.87, 52.34, 54.34, 57.22, 59.0, 60.72]
current_hyper_parameter
v: [12.0, 12.0, 12.0, 12.0, 21.3, 19.81, 12.0, 12.0, 25.93, 12.0, 12.0, 12.0, 26.6, 12.0]
a: [50.0, 143.69, 77.95, 50.0, 50.0, 50.0, 64.59, 50.0, 50.0, 50.0, 124.27, 50.0, 88.53, 50.0]
d: [3.5, 3.5, 5.26, 3.5, 3.5, 3.5, 3.5, 3.5, 3.5, 3.5, 3.5, 3.5, 3.5, 2.0]
BEST_hyper_parameter
v: [12.0, 12.0, 12.0, 12.0, 21.3, 19.81, 12.0, 12.0, 25.93, 12.0, 12.0, 12.0, 26.6, 12.0]
a: [50.0, 143.69, 77.95, 50.0, 50.0, 50.0, 64.59, 50.0, 50.0, 50.0, 50.0, 50.0, 88.53, 50.0]
d: [3.5, 3.5, 5.26, 3.5, 3.5, 3.5, 3.5, 3.5, 3.5, 3.5, 3.5, 3.5, 3.5, 2.0]
random_idx_1 = 0, random_idx_2 = 6random_idx_1 = 0, random_idx_2 = 3
iteration: 47
best: [1000.0, 1000.0, 1000.0, 1000.0, 1000.0, 1000.0, 1000.0, 1000.0, 1000.0, 1000.0, 1000.0, 1000.0, 1000.0, 59.36]
time: [6.58, 8.72, 12.4, 15.57, 19.11, 23.42, 35.67, 40.47, 42.71, 45.29, 50.14, 53.41, 55.26, 56.68]
current_hyper_parameter
v: [12.0, 12.0, 12.0, 19.77, 21.3, 19.81, 25.06, 12.0, 25.93, 12.0, 12.0, 12.0, 26.6, 12.0]
a: [50.0, 143.69, 77.95, 50.0, 50.0, 50.0, 64.59, 50.0, 50.0, 50.0, 50.0, 50.0, 88.53, 50.0]
d: [3.5, 3.5, 5.26, 3.5, 3.5, 3.5, 3.5, 3.5, 3.5, 3.5, 3.5, 3.5, 3.5, 2.0]
BEST_hyper_parameter
v: [12.0, 12.0, 12.0, 12.0, 21.3, 19.81, 12.0, 12.0, 25.93, 12.0, 12.0, 12.0, 26.6, 12.0]
a: [50.0, 143.69, 77.95, 50.0, 50.0, 50.0, 64.59, 50.0, 50.0, 50.0, 50.0, 50.0, 88.53, 50.0]
d: [3.5, 3.5, 5.26, 3.5, 3.5, 3.5, 3.5, 3.5, 3.5, 3.5, 3.5, 3.5, 3.5, 2.0]
random_idx_1 = 0, random_idx_2 = 6random_idx_1 = 2, random_idx_2 = 3
iteration: 48
best: [1000.0, 1000.0, 1000.0, 1000.0, 1000.0, 1000.0, 1000.0, 1000.0, 1000.0, 1000.0, 1000.0, 1000.0, 1000.0, 56.68]
time: [6.69, 8.79, 12.5, 15.72, 19.45, 23.31, 34.21, 42.41, 45.2, 47.75, 53.54, 1000, 1000, 1000]
current_hyper_parameter
v: [12.0, 12.0, 12.0, 19.77, 21.3, 19.81, 34.56, 12.0, 25.93, 12.0, 12.0, 12.0, 26.6, 12.0]
a: [50.0, 143.69, 77.95, 50.0, 50.0, 50.0, 64.59, 50.0, 50.0, 50.0, 50.0, 50.0, 88.53, 50.0]
d: [3.5, 3.5, 5.26, 3.5, 3.5, 3.5, 3.5, 3.5, 3.5, 3.5, 3.5, 3.5, 3.5, 2.0]
BEST_hyper_parameter
v: [12.0, 12.0, 12.0, 19.77, 21.3, 19.81, 25.06, 12.0, 25.93, 12.0, 12.0, 12.0, 26.6, 12.0]
a: [50.0, 143.69, 77.95, 50.0, 50.0, 50.0, 64.59, 50.0, 50.0, 50.0, 50.0, 50.0, 88.53, 50.0]
d: [3.5, 3.5, 5.26, 3.5, 3.5, 3.5, 3.5, 3.5, 3.5, 3.5, 3.5, 3.5, 3.5, 2.0]
random_idx_1 = 2, random_idx_2 = 13random_idx_1 = 2, random_idx_2 = 11
iteration: 49
best: [1000.0, 1000.0, 1000.0, 1000.0, 1000.0, 1000.0, 1000.0, 1000.0, 1000.0, 1000.0, 1000.0, 1000.0, 1000.0, 56.68]
time: [6.69, 8.79, 12.48, 15.69, 19.39, 23.3, 35.53, 1000, 1000, 1000, 1000, 1000, 1000, 1000]
current_hyper_parameter
v: [12.0, 12.0, 12.0, 19.77, 21.3, 19.81, 25.06, 12.0, 25.93, 12.0, 12.0, 12.0, 26.6, 12.0]
a: [50.0, 143.69, 77.95, 50.0, 50.0, 50.0, 64.59, 50.0, 50.0, 50.0, 50.0, 50.0, 88.53, 50.0]
d: [3.5, 3.5, 5.26, 3.5, 3.5, 3.5, 3.5, 3.5, 3.5, 3.5, 3.5, 3.5, 3.5, 2.0]
BEST_hyper_parameter
v: [12.0, 12.0, 12.0, 19.77, 21.3, 19.81, 25.06, 12.0, 25.93, 12.0, 12.0, 12.0, 26.6, 12.0]
a: [50.0, 143.69, 77.95, 50.0, 50.0, 50.0, 64.59, 50.0, 50.0, 50.0, 50.0, 50.0, 88.53, 50.0]
d: [3.5, 3.5, 5.26, 3.5, 3.5, 3.5, 3.5, 3.5, 3.5, 3.5, 3.5, 3.5, 3.5, 2.0]
random_idx_1 = 2, random_idx_2 = 1random_idx_1 = 0, random_idx_2 = 6
iteration: 50
best: [1000.0, 1000.0, 1000.0, 1000.0, 1000.0, 1000.0, 1000.0, 1000.0, 1000.0, 1000.0, 1000.0, 1000.0, 1000.0, 56.68]
time: [6.68, 8.79, 12.49, 15.62, 19.12, 23.34, 44.47, 48.63, 50.86, 53.42, 55.49, 1000, 1000, 1000]
current_hyper_parameter
v: [12.0, 12.0, 12.0, 19.77, 21.3, 19.81, 10.27, 12.0, 25.93, 12.0, 12.0, 12.0, 26.6, 12.0]
a: [50.0, 143.69, 77.95, 50.0, 50.0, 50.0, 64.59, 50.0, 50.0, 50.0, 50.0, 50.0, 88.53, 50.0]
d: [3.5, 3.5, 5.26, 3.5, 3.5, 3.5, 3.5, 3.5, 3.5, 3.5, 3.5, 3.5, 3.5, 2.0]
BEST_hyper_parameter
v: [12.0, 12.0, 12.0, 19.77, 21.3, 19.81, 25.06, 12.0, 25.93, 12.0, 12.0, 12.0, 26.6, 12.0]
a: [50.0, 143.69, 77.95, 50.0, 50.0, 50.0, 64.59, 50.0, 50.0, 50.0, 50.0, 50.0, 88.53, 50.0]
d: [3.5, 3.5, 5.26, 3.5, 3.5, 3.5, 3.5, 3.5, 3.5, 3.5, 3.5, 3.5, 3.5, 2.0]
random_idx_1 = 0, random_idx_2 = 13random_idx_1 = 0, random_idx_2 = 9
iteration: 51
best: [1000.0, 1000.0, 1000.0, 1000.0, 1000.0, 1000.0, 1000.0, 1000.0, 1000.0, 1000.0, 1000.0, 1000.0, 1000.0, 56.68]
time: [6.69, 8.79, 12.55, 15.66, 19.13, 23.37, 35.52, 1000, 1000, 1000, 1000, 1000, 1000, 1000]
current_hyper_parameter
v: [12.0, 12.0, 12.0, 19.77, 21.3, 19.81, 25.06, 12.0, 25.93, 31.33, 12.0, 12.0, 26.6, 20.17]
a: [50.0, 143.69, 77.95, 50.0, 50.0, 50.0, 64.59, 50.0, 50.0, 50.0, 50.0, 50.0, 88.53, 50.0]
d: [3.5, 3.5, 5.26, 3.5, 3.5, 3.5, 3.5, 3.5, 3.5, 3.5, 3.5, 3.5, 3.5, 2.0]
BEST_hyper_parameter
v: [12.0, 12.0, 12.0, 19.77, 21.3, 19.81, 25.06, 12.0, 25.93, 12.0, 12.0, 12.0, 26.6, 12.0]
a: [50.0, 143.69, 77.95, 50.0, 50.0, 50.0, 64.59, 50.0, 50.0, 50.0, 50.0, 50.0, 88.53, 50.0]
d: [3.5, 3.5, 5.26, 3.5, 3.5, 3.5, 3.5, 3.5, 3.5, 3.5, 3.5, 3.5, 3.5, 2.0]
random_idx_1 = 0, random_idx_2 = 4random_idx_1 = 2, random_idx_2 = 5
iteration: 52
best: [1000.0, 1000.0, 1000.0, 1000.0, 1000.0, 1000.0, 1000.0, 1000.0, 1000.0, 1000.0, 1000.0, 1000.0, 1000.0, 56.68]
time: [6.7, 8.8, 12.55, 15.72, 22.48, 26.25, 38.48, 45.53, 47.92, 50.45, 52.23, 55.16, 56.84, 1000]
current_hyper_parameter
v: [12.0, 12.0, 12.0, 19.77, 29.45, 19.81, 25.06, 12.0, 25.93, 12.0, 12.0, 12.0, 26.6, 12.0]
a: [50.0, 143.69, 77.95, 50.0, 50.0, 50.0, 64.59, 50.0, 50.0, 50.0, 50.0, 50.0, 88.53, 50.0]
d: [3.5, 3.5, 5.26, 3.5, 3.5, 3.5, 3.5, 3.5, 3.5, 3.5, 3.5, 3.5, 3.5, 2.0]
BEST_hyper_parameter
v: [12.0, 12.0, 12.0, 19.77, 21.3, 19.81, 25.06, 12.0, 25.93, 12.0, 12.0, 12.0, 26.6, 12.0]
a: [50.0, 143.69, 77.95, 50.0, 50.0, 50.0, 64.59, 50.0, 50.0, 50.0, 50.0, 50.0, 88.53, 50.0]
d: [3.5, 3.5, 5.26, 3.5, 3.5, 3.5, 3.5, 3.5, 3.5, 3.5, 3.5, 3.5, 3.5, 2.0]
random_idx_1 = 1, random_idx_2 = 12random_idx_1 = 1, random_idx_2 = 12
iteration: 53
best: [1000.0, 1000.0, 1000.0, 1000.0, 1000.0, 1000.0, 1000.0, 1000.0, 1000.0, 1000.0, 1000.0, 1000.0, 1000.0, 56.68]
time: [6.69, 8.8, 12.53, 15.65, 22.21, 26.21, 38.55, 50.21, 1000, 1000, 1000, 1000, 1000, 1000]
current_hyper_parameter
v: [12.0, 12.0, 12.0, 19.77, 21.3, 19.81, 25.06, 12.0, 25.93, 12.0, 12.0, 12.0, 26.6, 12.0]
a: [50.0, 143.69, 77.95, 50.0, 50.0, 50.0, 64.59, 50.0, 50.0, 50.0, 50.0, 50.0, 100.19, 50.0]
d: [3.5, 3.5, 5.26, 3.5, 3.5, 3.5, 3.5, 3.5, 3.5, 3.5, 3.5, 3.5, 3.5, 2.0]
BEST_hyper_parameter
v: [12.0, 12.0, 12.0, 19.77, 21.3, 19.81, 25.06, 12.0, 25.93, 12.0, 12.0, 12.0, 26.6, 12.0]
a: [50.0, 143.69, 77.95, 50.0, 50.0, 50.0, 64.59, 50.0, 50.0, 50.0, 50.0, 50.0, 88.53, 50.0]
d: [3.5, 3.5, 5.26, 3.5, 3.5, 3.5, 3.5, 3.5, 3.5, 3.5, 3.5, 3.5, 3.5, 2.0]
random_idx_1 = 0, random_idx_2 = 13random_idx_1 = 0, random_idx_2 = 1
iteration: 54
best: [1000.0, 1000.0, 1000.0, 1000.0, 1000.0, 1000.0, 1000.0, 1000.0, 1000.0, 1000.0, 1000.0, 1000.0, 1000.0, 56.68]
time: [6.68, 8.21, 11.22, 14.53, 21.16, 25.22, 37.45, 44.53, 46.8, 49.31, 54.45, 1000, 1000, 1000]
current_hyper_parameter
v: [12.0, 26.71, 12.0, 19.77, 21.3, 19.81, 25.06, 12.0, 25.93, 12.0, 12.0, 12.0, 26.6, 15.01]
a: [50.0, 143.69, 77.95, 50.0, 50.0, 50.0, 64.59, 50.0, 50.0, 50.0, 50.0, 50.0, 88.53, 50.0]
d: [3.5, 3.5, 5.26, 3.5, 3.5, 3.5, 3.5, 3.5, 3.5, 3.5, 3.5, 3.5, 3.5, 2.0]
BEST_hyper_parameter
v: [12.0, 12.0, 12.0, 19.77, 21.3, 19.81, 25.06, 12.0, 25.93, 12.0, 12.0, 12.0, 26.6, 12.0]
a: [50.0, 143.69, 77.95, 50.0, 50.0, 50.0, 64.59, 50.0, 50.0, 50.0, 50.0, 50.0, 88.53, 50.0]
d: [3.5, 3.5, 5.26, 3.5, 3.5, 3.5, 3.5, 3.5, 3.5, 3.5, 3.5, 3.5, 3.5, 2.0]
random_idx_1 = 1, random_idx_2 = 8random_idx_1 = 0, random_idx_2 = 1
iteration: 55
best: [1000.0, 1000.0, 1000.0, 1000.0, 1000.0, 1000.0, 1000.0, 1000.0, 1000.0, 1000.0, 1000.0, 1000.0, 1000.0, 56.68]
time: [6.68, 8.24, 11.25, 14.34, 17.92, 21.77, 34.03, 1000, 1000, 1000, 1000, 1000, 1000, 1000]
current_hyper_parameter
v: [12.0, 25.08, 12.0, 19.77, 21.3, 19.81, 25.06, 12.0, 25.93, 12.0, 12.0, 12.0, 26.6, 12.0]
a: [50.0, 143.69, 77.95, 50.0, 50.0, 50.0, 64.59, 50.0, 22.46, 50.0, 50.0, 50.0, 88.53, 50.0]
d: [3.5, 3.5, 5.26, 3.5, 3.5, 3.5, 3.5, 3.5, 3.5, 3.5, 3.5, 3.5, 3.5, 2.0]
BEST_hyper_parameter
v: [12.0, 12.0, 12.0, 19.77, 21.3, 19.81, 25.06, 12.0, 25.93, 12.0, 12.0, 12.0, 26.6, 12.0]
a: [50.0, 143.69, 77.95, 50.0, 50.0, 50.0, 64.59, 50.0, 50.0, 50.0, 50.0, 50.0, 88.53, 50.0]
d: [3.5, 3.5, 5.26, 3.5, 3.5, 3.5, 3.5, 3.5, 3.5, 3.5, 3.5, 3.5, 3.5, 2.0]
random_idx_1 = 2, random_idx_2 = 8random_idx_1 = 2, random_idx_2 = 0
iteration: 56
best: [1000.0, 1000.0, 1000.0, 1000.0, 1000.0, 1000.0, 1000.0, 1000.0, 1000.0, 1000.0, 1000.0, 1000.0, 1000.0, 56.68]
time: [6.71, 8.84, 12.59, 15.92, 22.5, 26.32, 38.58, 45.12, 47.24, 49.84, 54.77, 57.7, 1000, 1000]
current_hyper_parameter
v: [12.0, 12.0, 12.0, 19.77, 21.3, 19.81, 25.06, 12.0, 25.93, 12.0, 12.0, 12.0, 26.6, 12.0]
a: [50.0, 143.69, 77.95, 50.0, 50.0, 50.0, 64.59, 50.0, 50.0, 50.0, 50.0, 50.0, 88.53, 50.0]
d: [3.5, 3.5, 5.26, 3.5, 3.5, 3.5, 3.5, 3.5, 3.5, 3.5, 3.5, 3.5, 3.5, 2.0]
BEST_hyper_parameter
v: [12.0, 12.0, 12.0, 19.77, 21.3, 19.81, 25.06, 12.0, 25.93, 12.0, 12.0, 12.0, 26.6, 12.0]
a: [50.0, 143.69, 77.95, 50.0, 50.0, 50.0, 64.59, 50.0, 50.0, 50.0, 50.0, 50.0, 88.53, 50.0]
d: [3.5, 3.5, 5.26, 3.5, 3.5, 3.5, 3.5, 3.5, 3.5, 3.5, 3.5, 3.5, 3.5, 2.0]
random_idx_1 = 1, random_idx_2 = 4random_idx_1 = 0, random_idx_2 = 3
iteration: 57
best: [1000.0, 1000.0, 1000.0, 1000.0, 1000.0, 1000.0, 1000.0, 1000.0, 1000.0, 1000.0, 1000.0, 1000.0, 1000.0, 56.68]
time: [6.61, 8.73, 12.41, 15.73, 18.43, 23.04, 35.27, 39.16, 41.23, 43.68, 49.71, 52.87, 54.81, 1000]
current_hyper_parameter
v: [12.0, 12.0, 12.0, 16.15, 21.3, 19.81, 25.06, 12.0, 25.93, 12.0, 12.0, 12.0, 26.6, 12.0]
a: [50.0, 143.69, 77.95, 50.0, 106.76, 50.0, 64.59, 50.0, 50.0, 50.0, 50.0, 50.0, 88.53, 50.0]
d: [3.5, 3.5, 5.26, 3.5, 3.5, 3.5, 3.5, 3.5, 3.5, 3.5, 3.5, 3.5, 3.5, 2.0]
BEST_hyper_parameter
v: [12.0, 12.0, 12.0, 19.77, 21.3, 19.81, 25.06, 12.0, 25.93, 12.0, 12.0, 12.0, 26.6, 12.0]
a: [50.0, 143.69, 77.95, 50.0, 50.0, 50.0, 64.59, 50.0, 50.0, 50.0, 50.0, 50.0, 88.53, 50.0]
d: [3.5, 3.5, 5.26, 3.5, 3.5, 3.5, 3.5, 3.5, 3.5, 3.5, 3.5, 3.5, 3.5, 2.0]
random_idx_1 = 0, random_idx_2 = 8random_idx_1 = 1, random_idx_2 = 12
iteration: 58
best: [1000.0, 1000.0, 1000.0, 1000.0, 1000.0, 1000.0, 1000.0, 1000.0, 1000.0, 1000.0, 1000.0, 1000.0, 1000.0, 56.68]
time: [6.7, 8.79, 12.54, 15.73, 19.45, 23.28, 35.52, 42.05, 44.2, 46.76, 51.61, 54.84, 56.73, 58.08]
current_hyper_parameter
v: [12.0, 12.0, 12.0, 19.77, 21.3, 19.81, 25.06, 12.0, 31.92, 12.0, 12.0, 12.0, 26.6, 12.0]
a: [50.0, 143.69, 77.95, 50.0, 50.0, 50.0, 64.59, 50.0, 50.0, 50.0, 50.0, 50.0, 79.78, 50.0]
d: [3.5, 3.5, 5.26, 3.5, 3.5, 3.5, 3.5, 3.5, 3.5, 3.5, 3.5, 3.5, 3.5, 2.0]
BEST_hyper_parameter
v: [12.0, 12.0, 12.0, 19.77, 21.3, 19.81, 25.06, 12.0, 25.93, 12.0, 12.0, 12.0, 26.6, 12.0]
a: [50.0, 143.69, 77.95, 50.0, 50.0, 50.0, 64.59, 50.0, 50.0, 50.0, 50.0, 50.0, 88.53, 50.0]
d: [3.5, 3.5, 5.26, 3.5, 3.5, 3.5, 3.5, 3.5, 3.5, 3.5, 3.5, 3.5, 3.5, 2.0]
random_idx_1 = 0, random_idx_2 = 2random_idx_1 = 2, random_idx_2 = 1
iteration: 59
best: [1000.0, 1000.0, 1000.0, 1000.0, 1000.0, 1000.0, 1000.0, 1000.0, 1000.0, 1000.0, 1000.0, 1000.0, 1000.0, 56.68]
time: [6.61, 8.71, 11.67, 14.68, 18.09, 22.34, 34.69, 39.33, 41.45, 44.27, 49.06, 51.82, 53.37, 55.0]
current_hyper_parameter
v: [12.0, 12.0, 32.33, 19.77, 21.3, 19.81, 25.06, 12.0, 25.93, 12.0, 12.0, 12.0, 26.6, 12.0]
a: [50.0, 143.69, 77.95, 50.0, 50.0, 50.0, 64.59, 50.0, 50.0, 50.0, 50.0, 50.0, 88.53, 50.0]
d: [3.5, 3.5, 5.26, 3.5, 3.5, 3.5, 3.5, 3.5, 3.5, 3.5, 3.5, 3.5, 3.5, 2.0]
BEST_hyper_parameter
v: [12.0, 12.0, 12.0, 19.77, 21.3, 19.81, 25.06, 12.0, 25.93, 12.0, 12.0, 12.0, 26.6, 12.0]
a: [50.0, 143.69, 77.95, 50.0, 50.0, 50.0, 64.59, 50.0, 50.0, 50.0, 50.0, 50.0, 88.53, 50.0]
d: [3.5, 3.5, 5.26, 3.5, 3.5, 3.5, 3.5, 3.5, 3.5, 3.5, 3.5, 3.5, 3.5, 2.0]
random_idx_1 = 1, random_idx_2 = 8random_idx_1 = 2, random_idx_2 = 5
iteration: 60
best: [1000.0, 1000.0, 1000.0, 1000.0, 1000.0, 1000.0, 1000.0, 1000.0, 1000.0, 1000.0, 1000.0, 1000.0, 1000.0, 55.0]
time: [6.57, 8.67, 11.66, 14.73, 21.22, 25.24, 37.55, 44.26, 45.73, 47.81, 54.24, 1000, 1000, 1000]
current_hyper_parameter
v: [12.0, 12.0, 32.33, 19.77, 21.3, 19.81, 25.06, 12.0, 25.93, 12.0, 12.0, 12.0, 26.6, 12.0]
a: [50.0, 143.69, 77.95, 50.0, 50.0, 50.0, 64.59, 50.0, 115.73, 50.0, 50.0, 50.0, 88.53, 50.0]
d: [3.5, 3.5, 5.26, 3.5, 3.5, 3.5, 3.5, 3.5, 3.5, 3.5, 3.5, 3.5, 3.5, 2.0]
BEST_hyper_parameter
v: [12.0, 12.0, 32.33, 19.77, 21.3, 19.81, 25.06, 12.0, 25.93, 12.0, 12.0, 12.0, 26.6, 12.0]
a: [50.0, 143.69, 77.95, 50.0, 50.0, 50.0, 64.59, 50.0, 50.0, 50.0, 50.0, 50.0, 88.53, 50.0]
d: [3.5, 3.5, 5.26, 3.5, 3.5, 3.5, 3.5, 3.5, 3.5, 3.5, 3.5, 3.5, 3.5, 2.0]
random_idx_1 = 0, random_idx_2 = 0random_idx_1 = 2, random_idx_2 = 1
iteration: 61
best: [1000.0, 1000.0, 1000.0, 1000.0, 1000.0, 1000.0, 1000.0, 1000.0, 1000.0, 1000.0, 1000.0, 1000.0, 1000.0, 55.0]
time: [6.51, 8.56, 11.56, 14.67, 18.07, 22.34, 34.54, 45.91, 48.63, 51.23, 64.18, 1000, 1000, 1000]
current_hyper_parameter
v: [32.78, 12.0, 32.33, 19.77, 21.3, 19.81, 25.06, 12.0, 25.93, 12.0, 12.0, 12.0, 26.6, 12.0]
a: [50.0, 143.69, 77.95, 50.0, 50.0, 50.0, 64.59, 50.0, 50.0, 50.0, 50.0, 50.0, 88.53, 50.0]
d: [3.5, 3.5, 5.26, 3.5, 3.5, 3.5, 3.5, 3.5, 3.5, 3.5, 3.5, 3.5, 3.5, 2.0]
BEST_hyper_parameter
v: [12.0, 12.0, 32.33, 19.77, 21.3, 19.81, 25.06, 12.0, 25.93, 12.0, 12.0, 12.0, 26.6, 12.0]
a: [50.0, 143.69, 77.95, 50.0, 50.0, 50.0, 64.59, 50.0, 50.0, 50.0, 50.0, 50.0, 88.53, 50.0]
d: [3.5, 3.5, 5.26, 3.5, 3.5, 3.5, 3.5, 3.5, 3.5, 3.5, 3.5, 3.5, 3.5, 2.0]
random_idx_1 = 1, random_idx_2 = 1random_idx_1 = 0, random_idx_2 = 2
iteration: 62
best: [1000.0, 1000.0, 1000.0, 1000.0, 1000.0, 1000.0, 1000.0, 1000.0, 1000.0, 1000.0, 1000.0, 1000.0, 1000.0, 55.0]
time: [6.69, 8.88, 12.07, 15.26, 18.62, 22.87, 35.05, 1000, 1000, 1000, 1000, 1000, 1000, 1000]
current_hyper_parameter
v: [12.0, 12.0, 27.11, 19.77, 21.3, 19.81, 25.06, 12.0, 25.93, 12.0, 12.0, 12.0, 26.6, 12.0]
a: [50.0, 102.87, 77.95, 50.0, 50.0, 50.0, 64.59, 50.0, 50.0, 50.0, 50.0, 50.0, 88.53, 50.0]
d: [3.5, 3.5, 5.26, 3.5, 3.5, 3.5, 3.5, 3.5, 3.5, 3.5, 3.5, 3.5, 3.5, 2.0]
BEST_hyper_parameter
v: [12.0, 12.0, 32.33, 19.77, 21.3, 19.81, 25.06, 12.0, 25.93, 12.0, 12.0, 12.0, 26.6, 12.0]
a: [50.0, 143.69, 77.95, 50.0, 50.0, 50.0, 64.59, 50.0, 50.0, 50.0, 50.0, 50.0, 88.53, 50.0]
d: [3.5, 3.5, 5.26, 3.5, 3.5, 3.5, 3.5, 3.5, 3.5, 3.5, 3.5, 3.5, 3.5, 2.0]
random_idx_1 = 0, random_idx_2 = 6random_idx_1 = 0, random_idx_2 = 13
iteration: 63
best: [1000.0, 1000.0, 1000.0, 1000.0, 1000.0, 1000.0, 1000.0, 1000.0, 1000.0, 1000.0, 1000.0, 1000.0, 1000.0, 55.0]
time: [6.72, 8.81, 11.9, 14.75, 18.4, 22.26, 35.3, 39.06, 41.2, 43.73, 49.38, 1000, 1000, 1000]
current_hyper_parameter
v: [12.0, 12.0, 32.33, 19.77, 21.3, 19.81, 22.43, 12.0, 25.93, 12.0, 12.0, 12.0, 26.6, 25.99]
a: [50.0, 143.69, 77.95, 50.0, 50.0, 50.0, 64.59, 50.0, 50.0, 50.0, 50.0, 50.0, 88.53, 50.0]
d: [3.5, 3.5, 5.26, 3.5, 3.5, 3.5, 3.5, 3.5, 3.5, 3.5, 3.5, 3.5, 3.5, 2.0]
BEST_hyper_parameter
v: [12.0, 12.0, 32.33, 19.77, 21.3, 19.81, 25.06, 12.0, 25.93, 12.0, 12.0, 12.0, 26.6, 12.0]
a: [50.0, 143.69, 77.95, 50.0, 50.0, 50.0, 64.59, 50.0, 50.0, 50.0, 50.0, 50.0, 88.53, 50.0]
d: [3.5, 3.5, 5.26, 3.5, 3.5, 3.5, 3.5, 3.5, 3.5, 3.5, 3.5, 3.5, 3.5, 2.0]
random_idx_1 = 1, random_idx_2 = 8random_idx_1 = 2, random_idx_2 = 9
iteration: 64
best: [1000.0, 1000.0, 1000.0, 1000.0, 1000.0, 1000.0, 1000.0, 1000.0, 1000.0, 1000.0, 1000.0, 1000.0, 1000.0, 55.0]
time: [6.69, 8.78, 11.95, 14.84, 18.47, 22.34, 34.6, 41.44, 48.54, 1000, 1000, 1000, 1000, 1000]
current_hyper_parameter
v: [12.0, 12.0, 32.33, 19.77, 21.3, 19.81, 25.06, 12.0, 25.93, 12.0, 12.0, 12.0, 26.6, 12.0]
a: [50.0, 143.69, 77.95, 50.0, 50.0, 50.0, 64.59, 50.0, 144.74, 50.0, 50.0, 50.0, 88.53, 50.0]
d: [3.5, 3.5, 5.26, 3.5, 3.5, 3.5, 3.5, 3.5, 3.5, 3.5, 3.5, 3.5, 3.5, 2.0]
BEST_hyper_parameter
v: [12.0, 12.0, 32.33, 19.77, 21.3, 19.81, 25.06, 12.0, 25.93, 12.0, 12.0, 12.0, 26.6, 12.0]
a: [50.0, 143.69, 77.95, 50.0, 50.0, 50.0, 64.59, 50.0, 50.0, 50.0, 50.0, 50.0, 88.53, 50.0]
d: [3.5, 3.5, 5.26, 3.5, 3.5, 3.5, 3.5, 3.5, 3.5, 3.5, 3.5, 3.5, 3.5, 2.0]
random_idx_1 = 2, random_idx_2 = 5random_idx_1 = 0, random_idx_2 = 8
iteration: 65
best: [1000.0, 1000.0, 1000.0, 1000.0, 1000.0, 1000.0, 1000.0, 1000.0, 1000.0, 1000.0, 1000.0, 1000.0, 1000.0, 55.0]
time: [6.61, 8.71, 11.67, 14.68, 21.19, 25.19, 37.53, 41.1, 43.2, 45.69, 47.88, 50.62, 52.38, 1000]
current_hyper_parameter
v: [12.0, 12.0, 32.33, 19.77, 21.3, 19.81, 25.06, 12.0, 22.37, 12.0, 12.0, 12.0, 26.6, 12.0]
a: [50.0, 143.69, 77.95, 50.0, 50.0, 50.0, 64.59, 50.0, 50.0, 50.0, 50.0, 50.0, 88.53, 50.0]
d: [3.5, 3.5, 5.26, 3.5, 3.5, 3.5, 3.5, 3.5, 3.5, 3.5, 3.5, 3.5, 3.5, 2.0]
BEST_hyper_parameter
v: [12.0, 12.0, 32.33, 19.77, 21.3, 19.81, 25.06, 12.0, 25.93, 12.0, 12.0, 12.0, 26.6, 12.0]
a: [50.0, 143.69, 77.95, 50.0, 50.0, 50.0, 64.59, 50.0, 50.0, 50.0, 50.0, 50.0, 88.53, 50.0]
d: [3.5, 3.5, 5.26, 3.5, 3.5, 3.5, 3.5, 3.5, 3.5, 3.5, 3.5, 3.5, 3.5, 2.0]
random_idx_1 = 2, random_idx_2 = 12random_idx_1 = 0, random_idx_2 = 4
iteration: 66
best: [1000.0, 1000.0, 1000.0, 1000.0, 1000.0, 1000.0, 1000.0, 1000.0, 1000.0, 1000.0, 1000.0, 1000.0, 1000.0, 55.0]
time: [6.61, 8.72, 11.7, 14.77, 21.31, 25.25, 37.62, 44.19, 46.25, 48.82, 50.82, 53.9, 55.5, 1000]
current_hyper_parameter
v: [12.0, 12.0, 32.33, 19.77, 26.49, 19.81, 25.06, 12.0, 25.93, 12.0, 12.0, 12.0, 26.6, 12.0]
a: [50.0, 143.69, 77.95, 50.0, 50.0, 50.0, 64.59, 50.0, 50.0, 50.0, 50.0, 50.0, 88.53, 50.0]
d: [3.5, 3.5, 5.26, 3.5, 3.5, 3.5, 3.5, 3.5, 3.5, 3.5, 3.5, 3.5, 3.5, 2.0]
BEST_hyper_parameter
v: [12.0, 12.0, 32.33, 19.77, 21.3, 19.81, 25.06, 12.0, 25.93, 12.0, 12.0, 12.0, 26.6, 12.0]
a: [50.0, 143.69, 77.95, 50.0, 50.0, 50.0, 64.59, 50.0, 50.0, 50.0, 50.0, 50.0, 88.53, 50.0]
d: [3.5, 3.5, 5.26, 3.5, 3.5, 3.5, 3.5, 3.5, 3.5, 3.5, 3.5, 3.5, 3.5, 2.0]
random_idx_1 = 0, random_idx_2 = 1random_idx_1 = 1, random_idx_2 = 4
iteration: 67
best: [1000.0, 1000.0, 1000.0, 1000.0, 1000.0, 1000.0, 1000.0, 1000.0, 1000.0, 1000.0, 1000.0, 1000.0, 1000.0, 55.0]
time: [6.66, 8.19, 10.89, 13.84, 17.45, 21.19, 33.47, 41.13, 44.67, 47.19, 49.25, 51.97, 53.8, 1000]
current_hyper_parameter
v: [12.0, 30.77, 32.33, 19.77, 21.3, 19.81, 25.06, 12.0, 25.93, 12.0, 12.0, 12.0, 26.6, 12.0]
a: [50.0, 143.69, 77.95, 50.0, 49.42, 50.0, 64.59, 50.0, 50.0, 50.0, 50.0, 50.0, 88.53, 50.0]
d: [3.5, 3.5, 5.26, 3.5, 3.5, 3.5, 3.5, 3.5, 3.5, 3.5, 3.5, 3.5, 3.5, 2.0]
BEST_hyper_parameter
v: [12.0, 12.0, 32.33, 19.77, 21.3, 19.81, 25.06, 12.0, 25.93, 12.0, 12.0, 12.0, 26.6, 12.0]
a: [50.0, 143.69, 77.95, 50.0, 50.0, 50.0, 64.59, 50.0, 50.0, 50.0, 50.0, 50.0, 88.53, 50.0]
d: [3.5, 3.5, 5.26, 3.5, 3.5, 3.5, 3.5, 3.5, 3.5, 3.5, 3.5, 3.5, 3.5, 2.0]
random_idx_1 = 1, random_idx_2 = 7random_idx_1 = 1, random_idx_2 = 0
iteration: 68
best: [1000.0, 1000.0, 1000.0, 1000.0, 1000.0, 1000.0, 1000.0, 1000.0, 1000.0, 1000.0, 1000.0, 1000.0, 1000.0, 55.0]
time: [6.13, 8.0, 11.05, 14.28, 17.67, 21.98, 34.39, 38.43, 40.82, 43.37, 45.15, 48.41, 50.24, 54.61]
current_hyper_parameter
v: [12.0, 12.0, 32.33, 19.77, 21.3, 19.81, 25.06, 12.0, 25.93, 12.0, 12.0, 12.0, 26.6, 12.0]
a: [158.22, 143.69, 77.95, 50.0, 50.0, 50.0, 64.59, 56.89, 50.0, 50.0, 50.0, 50.0, 88.53, 50.0]
d: [3.5, 3.5, 5.26, 3.5, 3.5, 3.5, 3.5, 3.5, 3.5, 3.5, 3.5, 3.5, 3.5, 2.0]
BEST_hyper_parameter
v: [12.0, 12.0, 32.33, 19.77, 21.3, 19.81, 25.06, 12.0, 25.93, 12.0, 12.0, 12.0, 26.6, 12.0]
a: [50.0, 143.69, 77.95, 50.0, 50.0, 50.0, 64.59, 50.0, 50.0, 50.0, 50.0, 50.0, 88.53, 50.0]
d: [3.5, 3.5, 5.26, 3.5, 3.5, 3.5, 3.5, 3.5, 3.5, 3.5, 3.5, 3.5, 3.5, 2.0]
random_idx_1 = 2, random_idx_2 = 9random_idx_1 = 1, random_idx_2 = 12
iteration: 69
best: [1000.0, 1000.0, 1000.0, 1000.0, 1000.0, 1000.0, 1000.0, 1000.0, 1000.0, 1000.0, 1000.0, 1000.0, 1000.0, 54.61]
time: [6.03, 7.89, 10.97, 14.25, 20.74, 24.73, 36.97, 44.58, 47.27, 49.71, 54.71, 1000, 1000, 1000]
current_hyper_parameter
v: [12.0, 12.0, 32.33, 19.77, 21.3, 19.81, 25.06, 12.0, 25.93, 12.0, 12.0, 12.0, 26.6, 12.0]
a: [158.22, 143.69, 77.95, 50.0, 50.0, 50.0, 64.59, 56.89, 50.0, 50.0, 50.0, 50.0, 82.56, 50.0]
d: [3.5, 3.5, 5.26, 3.5, 3.5, 3.5, 3.5, 3.5, 3.5, 3.5, 3.5, 3.5, 3.5, 2.0]
BEST_hyper_parameter
v: [12.0, 12.0, 32.33, 19.77, 21.3, 19.81, 25.06, 12.0, 25.93, 12.0, 12.0, 12.0, 26.6, 12.0]
a: [158.22, 143.69, 77.95, 50.0, 50.0, 50.0, 64.59, 56.89, 50.0, 50.0, 50.0, 50.0, 88.53, 50.0]
d: [3.5, 3.5, 5.26, 3.5, 3.5, 3.5, 3.5, 3.5, 3.5, 3.5, 3.5, 3.5, 3.5, 2.0]
random_idx_1 = 1, random_idx_2 = 8random_idx_1 = 2, random_idx_2 = 7
iteration: 70
best: [1000.0, 1000.0, 1000.0, 1000.0, 1000.0, 1000.0, 1000.0, 1000.0, 1000.0, 1000.0, 1000.0, 1000.0, 1000.0, 54.61]
time: [6.03, 7.87, 10.89, 13.75, 17.42, 21.24, 33.55, 37.15, 38.66, 48.12, 1000, 1000, 1000, 1000]
current_hyper_parameter
v: [12.0, 12.0, 32.33, 19.77, 21.3, 19.81, 25.06, 12.0, 25.93, 12.0, 12.0, 12.0, 26.6, 12.0]
a: [158.22, 143.69, 77.95, 50.0, 50.0, 50.0, 64.59, 56.89, 152.86, 50.0, 50.0, 50.0, 88.53, 50.0]
d: [3.5, 3.5, 5.26, 3.5, 3.5, 3.5, 3.5, 3.5, 3.5, 3.5, 3.5, 3.5, 3.5, 2.0]
BEST_hyper_parameter
v: [12.0, 12.0, 32.33, 19.77, 21.3, 19.81, 25.06, 12.0, 25.93, 12.0, 12.0, 12.0, 26.6, 12.0]
a: [158.22, 143.69, 77.95, 50.0, 50.0, 50.0, 64.59, 56.89, 50.0, 50.0, 50.0, 50.0, 88.53, 50.0]
d: [3.5, 3.5, 5.26, 3.5, 3.5, 3.5, 3.5, 3.5, 3.5, 3.5, 3.5, 3.5, 3.5, 2.0]
random_idx_1 = 2, random_idx_2 = 13random_idx_1 = 1, random_idx_2 = 7
iteration: 71
best: [1000.0, 1000.0, 1000.0, 1000.0, 1000.0, 1000.0, 1000.0, 1000.0, 1000.0, 1000.0, 1000.0, 1000.0, 1000.0, 54.61]
time: [6.13, 7.99, 10.99, 14.2, 17.59, 21.87, 34.0, 41.4, 44.19, 46.75, 52.22, 1000, 1000, 1000]
current_hyper_parameter
v: [12.0, 12.0, 32.33, 19.77, 21.3, 19.81, 25.06, 12.0, 25.93, 12.0, 12.0, 12.0, 26.6, 12.0]
a: [158.22, 143.69, 77.95, 50.0, 50.0, 50.0, 64.59, 50.96, 50.0, 50.0, 50.0, 50.0, 88.53, 50.0]
d: [3.5, 3.5, 5.26, 3.5, 3.5, 3.5, 3.5, 3.5, 3.5, 3.5, 3.5, 3.5, 3.5, 2.0]
BEST_hyper_parameter
v: [12.0, 12.0, 32.33, 19.77, 21.3, 19.81, 25.06, 12.0, 25.93, 12.0, 12.0, 12.0, 26.6, 12.0]
a: [158.22, 143.69, 77.95, 50.0, 50.0, 50.0, 64.59, 56.89, 50.0, 50.0, 50.0, 50.0, 88.53, 50.0]
d: [3.5, 3.5, 5.26, 3.5, 3.5, 3.5, 3.5, 3.5, 3.5, 3.5, 3.5, 3.5, 3.5, 2.0]
random_idx_1 = 0, random_idx_2 = 12random_idx_1 = 0, random_idx_2 = 3
iteration: 72
best: [1000.0, 1000.0, 1000.0, 1000.0, 1000.0, 1000.0, 1000.0, 1000.0, 1000.0, 1000.0, 1000.0, 1000.0, 1000.0, 54.61]
time: [6.13, 7.99, 11.01, 14.2, 17.59, 21.84, 34.02, 38.0, 40.32, 42.85, 50.57, 1000, 1000, 1000]
current_hyper_parameter
v: [12.0, 12.0, 32.33, 32.93, 21.3, 19.81, 25.06, 12.0, 25.93, 12.0, 12.0, 12.0, 13.67, 12.0]
a: [158.22, 143.69, 77.95, 50.0, 50.0, 50.0, 64.59, 56.89, 50.0, 50.0, 50.0, 50.0, 88.53, 50.0]
d: [3.5, 3.5, 5.26, 3.5, 3.5, 3.5, 3.5, 3.5, 3.5, 3.5, 3.5, 3.5, 3.5, 2.0]
BEST_hyper_parameter
v: [12.0, 12.0, 32.33, 19.77, 21.3, 19.81, 25.06, 12.0, 25.93, 12.0, 12.0, 12.0, 26.6, 12.0]
a: [158.22, 143.69, 77.95, 50.0, 50.0, 50.0, 64.59, 56.89, 50.0, 50.0, 50.0, 50.0, 88.53, 50.0]
d: [3.5, 3.5, 5.26, 3.5, 3.5, 3.5, 3.5, 3.5, 3.5, 3.5, 3.5, 3.5, 3.5, 2.0]
random_idx_1 = 2, random_idx_2 = 7random_idx_1 = 0, random_idx_2 = 6
iteration: 73
best: [1000.0, 1000.0, 1000.0, 1000.0, 1000.0, 1000.0, 1000.0, 1000.0, 1000.0, 1000.0, 1000.0, 1000.0, 1000.0, 54.61]
time: [6.04, 7.87, 10.9, 13.79, 17.46, 21.31, 44.34, 48.68, 50.66, 53.09, 55.14, 1000, 1000, 1000]
current_hyper_parameter
v: [12.0, 12.0, 32.33, 19.77, 21.3, 19.81, 8.83, 12.0, 25.93, 12.0, 12.0, 12.0, 26.6, 12.0]
a: [158.22, 143.69, 77.95, 50.0, 50.0, 50.0, 64.59, 56.89, 50.0, 50.0, 50.0, 50.0, 88.53, 50.0]
d: [3.5, 3.5, 5.26, 3.5, 3.5, 3.5, 3.5, 3.5, 3.5, 3.5, 3.5, 3.5, 3.5, 2.0]
BEST_hyper_parameter
v: [12.0, 12.0, 32.33, 19.77, 21.3, 19.81, 25.06, 12.0, 25.93, 12.0, 12.0, 12.0, 26.6, 12.0]
a: [158.22, 143.69, 77.95, 50.0, 50.0, 50.0, 64.59, 56.89, 50.0, 50.0, 50.0, 50.0, 88.53, 50.0]
d: [3.5, 3.5, 5.26, 3.5, 3.5, 3.5, 3.5, 3.5, 3.5, 3.5, 3.5, 3.5, 3.5, 2.0]
random_idx_1 = 2, random_idx_2 = 0random_idx_1 = 2, random_idx_2 = 7
iteration: 74
best: [1000.0, 1000.0, 1000.0, 1000.0, 1000.0, 1000.0, 1000.0, 1000.0, 1000.0, 1000.0, 1000.0, 1000.0, 1000.0, 54.61]
time: [6.13, 7.98, 10.99, 14.18, 17.59, 21.8, 33.99, 44.55, 47.74, 50.24, 55.52, 1000, 1000, 1000]
current_hyper_parameter
v: [12.0, 12.0, 32.33, 19.77, 21.3, 19.81, 25.06, 12.0, 25.93, 12.0, 12.0, 12.0, 26.6, 12.0]
a: [158.22, 143.69, 77.95, 50.0, 50.0, 50.0, 64.59, 56.89, 50.0, 50.0, 50.0, 50.0, 88.53, 50.0]
d: [3.5, 3.5, 5.26, 3.5, 3.5, 3.5, 3.5, 3.5, 3.5, 3.5, 3.5, 3.5, 3.5, 2.0]
BEST_hyper_parameter
v: [12.0, 12.0, 32.33, 19.77, 21.3, 19.81, 25.06, 12.0, 25.93, 12.0, 12.0, 12.0, 26.6, 12.0]
a: [158.22, 143.69, 77.95, 50.0, 50.0, 50.0, 64.59, 56.89, 50.0, 50.0, 50.0, 50.0, 88.53, 50.0]
d: [3.5, 3.5, 5.26, 3.5, 3.5, 3.5, 3.5, 3.5, 3.5, 3.5, 3.5, 3.5, 3.5, 2.0]
random_idx_1 = 2, random_idx_2 = 13random_idx_1 = 0, random_idx_2 = 11
iteration: 75
best: [1000.0, 1000.0, 1000.0, 1000.0, 1000.0, 1000.0, 1000.0, 1000.0, 1000.0, 1000.0, 1000.0, 1000.0, 1000.0, 54.61]
time: [6.13, 7.97, 11.0, 14.23, 17.62, 21.88, 34.19, 38.84, 40.93, 43.39, 45.23, 48.03, 49.83, 54.15]
current_hyper_parameter
v: [12.0, 12.0, 32.33, 19.77, 21.3, 19.81, 25.06, 12.0, 25.93, 12.0, 12.0, 21.86, 26.6, 12.0]
a: [158.22, 143.69, 77.95, 50.0, 50.0, 50.0, 64.59, 56.89, 50.0, 50.0, 50.0, 50.0, 88.53, 50.0]
d: [3.5, 3.5, 5.26, 3.5, 3.5, 3.5, 3.5, 3.5, 3.5, 3.5, 3.5, 3.5, 3.5, 2.0]
BEST_hyper_parameter
v: [12.0, 12.0, 32.33, 19.77, 21.3, 19.81, 25.06, 12.0, 25.93, 12.0, 12.0, 12.0, 26.6, 12.0]
a: [158.22, 143.69, 77.95, 50.0, 50.0, 50.0, 64.59, 56.89, 50.0, 50.0, 50.0, 50.0, 88.53, 50.0]
d: [3.5, 3.5, 5.26, 3.5, 3.5, 3.5, 3.5, 3.5, 3.5, 3.5, 3.5, 3.5, 3.5, 2.0]
random_idx_1 = 1, random_idx_2 = 9random_idx_1 = 0, random_idx_2 = 5
iteration: 76
best: [1000.0, 1000.0, 1000.0, 1000.0, 1000.0, 1000.0, 1000.0, 1000.0, 1000.0, 1000.0, 1000.0, 1000.0, 1000.0, 54.15]
time: [6.15, 7.99, 11.03, 14.24, 17.64, 21.86, 33.98, 40.65, 44.45, 46.65, 56.67, 1000, 1000, 1000]
current_hyper_parameter
v: [12.0, 12.0, 32.33, 19.77, 21.3, 29.66, 25.06, 12.0, 25.93, 12.0, 12.0, 21.86, 26.6, 12.0]
a: [158.22, 143.69, 77.95, 50.0, 50.0, 50.0, 64.59, 56.89, 50.0, 108.03, 50.0, 50.0, 88.53, 50.0]
d: [3.5, 3.5, 5.26, 3.5, 3.5, 3.5, 3.5, 3.5, 3.5, 3.5, 3.5, 3.5, 3.5, 2.0]
BEST_hyper_parameter
v: [12.0, 12.0, 32.33, 19.77, 21.3, 19.81, 25.06, 12.0, 25.93, 12.0, 12.0, 21.86, 26.6, 12.0]
a: [158.22, 143.69, 77.95, 50.0, 50.0, 50.0, 64.59, 56.89, 50.0, 50.0, 50.0, 50.0, 88.53, 50.0]
d: [3.5, 3.5, 5.26, 3.5, 3.5, 3.5, 3.5, 3.5, 3.5, 3.5, 3.5, 3.5, 3.5, 2.0]
random_idx_1 = 1, random_idx_2 = 13random_idx_1 = 2, random_idx_2 = 7
iteration: 77
best: [1000.0, 1000.0, 1000.0, 1000.0, 1000.0, 1000.0, 1000.0, 1000.0, 1000.0, 1000.0, 1000.0, 1000.0, 1000.0, 54.15]
time: [6.12, 7.98, 10.99, 14.18, 17.57, 21.8, 33.98, 37.62, 39.77, 42.22, 47.71, 1000, 1000, 1000]
current_hyper_parameter
v: [12.0, 12.0, 32.33, 19.77, 21.3, 19.81, 25.06, 12.0, 25.93, 12.0, 12.0, 21.86, 26.6, 12.0]
a: [158.22, 143.69, 77.95, 50.0, 50.0, 50.0, 64.59, 56.89, 50.0, 50.0, 50.0, 50.0, 88.53, 37.75]
d: [3.5, 3.5, 5.26, 3.5, 3.5, 3.5, 3.5, 3.5, 3.5, 3.5, 3.5, 3.5, 3.5, 2.0]
BEST_hyper_parameter
v: [12.0, 12.0, 32.33, 19.77, 21.3, 19.81, 25.06, 12.0, 25.93, 12.0, 12.0, 21.86, 26.6, 12.0]
a: [158.22, 143.69, 77.95, 50.0, 50.0, 50.0, 64.59, 56.89, 50.0, 50.0, 50.0, 50.0, 88.53, 50.0]
d: [3.5, 3.5, 5.26, 3.5, 3.5, 3.5, 3.5, 3.5, 3.5, 3.5, 3.5, 3.5, 3.5, 2.0]
random_idx_1 = 0, random_idx_2 = 9random_idx_1 = 1, random_idx_2 = 3
iteration: 78
best: [1000.0, 1000.0, 1000.0, 1000.0, 1000.0, 1000.0, 1000.0, 1000.0, 1000.0, 1000.0, 1000.0, 1000.0, 1000.0, 54.15]
time: [6.02, 7.88, 10.87, 13.87, 20.5, 24.2, 36.53, 40.16, 42.29, 44.59, 49.78, 1000, 1000, 1000]
current_hyper_parameter
v: [12.0, 12.0, 32.33, 19.77, 21.3, 19.81, 25.06, 12.0, 25.93, 24.64, 12.0, 21.86, 26.6, 12.0]
a: [158.22, 143.69, 77.95, 41.22, 50.0, 50.0, 64.59, 56.89, 50.0, 50.0, 50.0, 50.0, 88.53, 50.0]
d: [3.5, 3.5, 5.26, 3.5, 3.5, 3.5, 3.5, 3.5, 3.5, 3.5, 3.5, 3.5, 3.5, 2.0]
BEST_hyper_parameter
v: [12.0, 12.0, 32.33, 19.77, 21.3, 19.81, 25.06, 12.0, 25.93, 12.0, 12.0, 21.86, 26.6, 12.0]
a: [158.22, 143.69, 77.95, 50.0, 50.0, 50.0, 64.59, 56.89, 50.0, 50.0, 50.0, 50.0, 88.53, 50.0]
d: [3.5, 3.5, 5.26, 3.5, 3.5, 3.5, 3.5, 3.5, 3.5, 3.5, 3.5, 3.5, 3.5, 2.0]
random_idx_1 = 1, random_idx_2 = 8random_idx_1 = 1, random_idx_2 = 4
iteration: 79
best: [1000.0, 1000.0, 1000.0, 1000.0, 1000.0, 1000.0, 1000.0, 1000.0, 1000.0, 1000.0, 1000.0, 1000.0, 1000.0, 54.15]
time: [6.12, 7.97, 10.98, 14.18, 16.98, 21.41, 33.68, 37.54, 39.03, 1000, 1000, 1000, 1000, 1000]
current_hyper_parameter
v: [12.0, 12.0, 32.33, 19.77, 21.3, 19.81, 25.06, 12.0, 25.93, 12.0, 12.0, 21.86, 26.6, 12.0]
a: [158.22, 143.69, 77.95, 50.0, 83.64, 50.0, 64.59, 56.89, 157.25, 50.0, 50.0, 50.0, 88.53, 50.0]
d: [3.5, 3.5, 5.26, 3.5, 3.5, 3.5, 3.5, 3.5, 3.5, 3.5, 3.5, 3.5, 3.5, 2.0]
BEST_hyper_parameter
v: [12.0, 12.0, 32.33, 19.77, 21.3, 19.81, 25.06, 12.0, 25.93, 12.0, 12.0, 21.86, 26.6, 12.0]
a: [158.22, 143.69, 77.95, 50.0, 50.0, 50.0, 64.59, 56.89, 50.0, 50.0, 50.0, 50.0, 88.53, 50.0]
d: [3.5, 3.5, 5.26, 3.5, 3.5, 3.5, 3.5, 3.5, 3.5, 3.5, 3.5, 3.5, 3.5, 2.0]
random_idx_1 = 1, random_idx_2 = 4random_idx_1 = 0, random_idx_2 = 12
iteration: 80
best: [1000.0, 1000.0, 1000.0, 1000.0, 1000.0, 1000.0, 1000.0, 1000.0, 1000.0, 1000.0, 1000.0, 1000.0, 1000.0, 54.15]
time: [6.12, 7.97, 10.98, 14.18, 16.79, 21.55, 33.66, 38.5, 40.67, 43.2, 45.28, 47.84, 49.74, 51.2]
current_hyper_parameter
v: [12.0, 12.0, 32.33, 19.77, 21.3, 19.81, 25.06, 12.0, 25.93, 12.0, 12.0, 21.86, 24.54, 12.0]
a: [158.22, 143.69, 77.95, 50.0, 123.25, 50.0, 64.59, 56.89, 50.0, 50.0, 50.0, 50.0, 88.53, 50.0]
d: [3.5, 3.5, 5.26, 3.5, 3.5, 3.5, 3.5, 3.5, 3.5, 3.5, 3.5, 3.5, 3.5, 2.0]
BEST_hyper_parameter
v: [12.0, 12.0, 32.33, 19.77, 21.3, 19.81, 25.06, 12.0, 25.93, 12.0, 12.0, 21.86, 26.6, 12.0]
a: [158.22, 143.69, 77.95, 50.0, 50.0, 50.0, 64.59, 56.89, 50.0, 50.0, 50.0, 50.0, 88.53, 50.0]
d: [3.5, 3.5, 5.26, 3.5, 3.5, 3.5, 3.5, 3.5, 3.5, 3.5, 3.5, 3.5, 3.5, 2.0]
random_idx_1 = 2, random_idx_2 = 1random_idx_1 = 1, random_idx_2 = 0
iteration: 81
best: [1000.0, 1000.0, 1000.0, 1000.0, 1000.0, 1000.0, 1000.0, 1000.0, 1000.0, 1000.0, 1000.0, 1000.0, 1000.0, 51.2]
time: [6.75, 8.85, 11.95, 15.24, 17.83, 22.62, 35.01, 41.51, 43.73, 46.28, 51.33, 1000, 1000, 1000]
current_hyper_parameter
v: [12.0, 12.0, 32.33, 19.77, 21.3, 19.81, 25.06, 12.0, 25.93, 12.0, 12.0, 21.86, 24.54, 12.0]
a: [47.75, 143.69, 77.95, 50.0, 123.25, 50.0, 64.59, 56.89, 50.0, 50.0, 50.0, 50.0, 88.53, 50.0]
d: [3.5, 3.5, 5.26, 3.5, 3.5, 3.5, 3.5, 3.5, 3.5, 3.5, 3.5, 3.5, 3.5, 2.0]
BEST_hyper_parameter
v: [12.0, 12.0, 32.33, 19.77, 21.3, 19.81, 25.06, 12.0, 25.93, 12.0, 12.0, 21.86, 24.54, 12.0]
a: [158.22, 143.69, 77.95, 50.0, 123.25, 50.0, 64.59, 56.89, 50.0, 50.0, 50.0, 50.0, 88.53, 50.0]
d: [3.5, 3.5, 5.26, 3.5, 3.5, 3.5, 3.5, 3.5, 3.5, 3.5, 3.5, 3.5, 3.5, 2.0]
random_idx_1 = 0, random_idx_2 = 11random_idx_1 = 1, random_idx_2 = 12
iteration: 82
best: [1000.0, 1000.0, 1000.0, 1000.0, 1000.0, 1000.0, 1000.0, 1000.0, 1000.0, 1000.0, 1000.0, 1000.0, 1000.0, 51.2]
time: [6.12, 7.97, 11.0, 14.18, 16.79, 21.58, 34.04, 37.49, 39.53, 42.04, 44.28, 46.79, 49.93, 51.75]
current_hyper_parameter
v: [12.0, 12.0, 32.33, 19.77, 21.3, 19.81, 25.06, 12.0, 25.93, 12.0, 12.0, 30.74, 24.54, 12.0]
a: [158.22, 143.69, 77.95, 50.0, 123.25, 50.0, 64.59, 56.89, 50.0, 50.0, 50.0, 50.0, 40.86, 50.0]
d: [3.5, 3.5, 5.26, 3.5, 3.5, 3.5, 3.5, 3.5, 3.5, 3.5, 3.5, 3.5, 3.5, 2.0]
BEST_hyper_parameter
v: [12.0, 12.0, 32.33, 19.77, 21.3, 19.81, 25.06, 12.0, 25.93, 12.0, 12.0, 21.86, 24.54, 12.0]
a: [158.22, 143.69, 77.95, 50.0, 123.25, 50.0, 64.59, 56.89, 50.0, 50.0, 50.0, 50.0, 88.53, 50.0]
d: [3.5, 3.5, 5.26, 3.5, 3.5, 3.5, 3.5, 3.5, 3.5, 3.5, 3.5, 3.5, 3.5, 2.0]
random_idx_1 = 2, random_idx_2 = 9random_idx_1 = 2, random_idx_2 = 3
iteration: 83
best: [1000.0, 1000.0, 1000.0, 1000.0, 1000.0, 1000.0, 1000.0, 1000.0, 1000.0, 1000.0, 1000.0, 1000.0, 1000.0, 51.2]
time: [6.17, 8.15, 11.11, 14.17, 16.77, 21.51, 33.71, 40.91, 43.25, 45.78, 47.57, 50.34, 1000, 1000]
current_hyper_parameter
v: [12.0, 12.0, 32.33, 19.77, 21.3, 19.81, 25.06, 12.0, 25.93, 12.0, 12.0, 21.86, 24.54, 12.0]
a: [158.22, 143.69, 77.95, 50.0, 123.25, 50.0, 64.59, 56.89, 50.0, 50.0, 50.0, 50.0, 88.53, 50.0]
d: [3.5, 3.5, 5.26, 3.5, 3.5, 3.5, 3.5, 3.5, 3.5, 3.5, 3.5, 3.5, 3.5, 2.0]
BEST_hyper_parameter
v: [12.0, 12.0, 32.33, 19.77, 21.3, 19.81, 25.06, 12.0, 25.93, 12.0, 12.0, 21.86, 24.54, 12.0]
a: [158.22, 143.69, 77.95, 50.0, 123.25, 50.0, 64.59, 56.89, 50.0, 50.0, 50.0, 50.0, 88.53, 50.0]
d: [3.5, 3.5, 5.26, 3.5, 3.5, 3.5, 3.5, 3.5, 3.5, 3.5, 3.5, 3.5, 3.5, 2.0]
random_idx_1 = 0, random_idx_2 = 7random_idx_1 = 2, random_idx_2 = 4
iteration: 84
best: [1000.0, 1000.0, 1000.0, 1000.0, 1000.0, 1000.0, 1000.0, 1000.0, 1000.0, 1000.0, 1000.0, 1000.0, 1000.0, 51.2]
time: [6.12, 7.98, 10.97, 14.15, 16.75, 21.54, 34.01, 37.21, 39.47, 42.3, 44.07, 46.9, 48.98, 51.04]
current_hyper_parameter
v: [12.0, 12.0, 32.33, 19.77, 21.3, 19.81, 25.06, 26.41, 25.93, 12.0, 12.0, 21.86, 24.54, 12.0]
a: [158.22, 143.69, 77.95, 50.0, 123.25, 50.0, 64.59, 56.89, 50.0, 50.0, 50.0, 50.0, 88.53, 50.0]
d: [3.5, 3.5, 5.26, 3.5, 3.5, 3.5, 3.5, 3.5, 3.5, 3.5, 3.5, 3.5, 3.5, 2.0]
BEST_hyper_parameter
v: [12.0, 12.0, 32.33, 19.77, 21.3, 19.81, 25.06, 12.0, 25.93, 12.0, 12.0, 21.86, 24.54, 12.0]
a: [158.22, 143.69, 77.95, 50.0, 123.25, 50.0, 64.59, 56.89, 50.0, 50.0, 50.0, 50.0, 88.53, 50.0]
d: [3.5, 3.5, 5.26, 3.5, 3.5, 3.5, 3.5, 3.5, 3.5, 3.5, 3.5, 3.5, 3.5, 2.0]
random_idx_1 = 2, random_idx_2 = 2random_idx_1 = 0, random_idx_2 = 13
iteration: 85
best: [1000.0, 1000.0, 1000.0, 1000.0, 1000.0, 1000.0, 1000.0, 1000.0, 1000.0, 1000.0, 1000.0, 1000.0, 1000.0, 51.04]
time: [6.03, 7.86, 10.86, 13.83, 16.5, 20.91, 33.11, 37.37, 39.41, 42.77, 44.97, 47.33, 49.22, 50.56]
current_hyper_parameter
v: [12.0, 12.0, 32.33, 19.77, 21.3, 19.81, 25.06, 26.41, 25.93, 12.0, 12.0, 21.86, 24.54, 28.63]
a: [158.22, 143.69, 77.95, 50.0, 123.25, 50.0, 64.59, 56.89, 50.0, 50.0, 50.0, 50.0, 88.53, 50.0]
d: [3.5, 3.5, 4.83, 3.5, 3.5, 3.5, 3.5, 3.5, 3.5, 3.5, 3.5, 3.5, 3.5, 2.0]
BEST_hyper_parameter
v: [12.0, 12.0, 32.33, 19.77, 21.3, 19.81, 25.06, 26.41, 25.93, 12.0, 12.0, 21.86, 24.54, 12.0]
a: [158.22, 143.69, 77.95, 50.0, 123.25, 50.0, 64.59, 56.89, 50.0, 50.0, 50.0, 50.0, 88.53, 50.0]
d: [3.5, 3.5, 5.26, 3.5, 3.5, 3.5, 3.5, 3.5, 3.5, 3.5, 3.5, 3.5, 3.5, 2.0]
random_idx_1 = 0, random_idx_2 = 9random_idx_1 = 2, random_idx_2 = 3
iteration: 86
best: [1000.0, 1000.0, 1000.0, 1000.0, 1000.0, 1000.0, 1000.0, 1000.0, 1000.0, 1000.0, 1000.0, 1000.0, 1000.0, 50.56]
time: [6.03, 7.85, 10.86, 13.83, 19.49, 23.75, 35.91, 39.29, 41.59, 44.09, 46.27, 48.86, 50.75, 52.03]
current_hyper_parameter
v: [12.0, 12.0, 32.33, 19.77, 21.3, 19.81, 25.06, 26.41, 25.93, 33.74, 12.0, 21.86, 24.54, 28.63]
a: [158.22, 143.69, 77.95, 50.0, 123.25, 50.0, 64.59, 56.89, 50.0, 50.0, 50.0, 50.0, 88.53, 50.0]
d: [3.5, 3.5, 4.83, 3.5, 3.5, 3.5, 3.5, 3.5, 3.5, 3.5, 3.5, 3.5, 3.5, 2.0]
BEST_hyper_parameter
v: [12.0, 12.0, 32.33, 19.77, 21.3, 19.81, 25.06, 26.41, 25.93, 12.0, 12.0, 21.86, 24.54, 28.63]
a: [158.22, 143.69, 77.95, 50.0, 123.25, 50.0, 64.59, 56.89, 50.0, 50.0, 50.0, 50.0, 88.53, 50.0]
d: [3.5, 3.5, 4.83, 3.5, 3.5, 3.5, 3.5, 3.5, 3.5, 3.5, 3.5, 3.5, 3.5, 2.0]
random_idx_1 = 1, random_idx_2 = 7random_idx_1 = 1, random_idx_2 = 6
iteration: 87
best: [1000.0, 1000.0, 1000.0, 1000.0, 1000.0, 1000.0, 1000.0, 1000.0, 1000.0, 1000.0, 1000.0, 1000.0, 1000.0, 50.56]
time: [6.02, 7.89, 10.96, 14.2, 16.81, 21.6, 33.38, 36.62, 38.4, 41.1, 43.01, 45.35, 47.25, 48.59]
current_hyper_parameter
v: [12.0, 12.0, 32.33, 19.77, 21.3, 19.81, 25.06, 26.41, 25.93, 12.0, 12.0, 21.86, 24.54, 28.63]
a: [158.22, 143.69, 77.95, 50.0, 123.25, 50.0, 89.32, 59.33, 50.0, 50.0, 50.0, 50.0, 88.53, 50.0]
d: [3.5, 3.5, 4.83, 3.5, 3.5, 3.5, 3.5, 3.5, 3.5, 3.5, 3.5, 3.5, 3.5, 2.0]
BEST_hyper_parameter
v: [12.0, 12.0, 32.33, 19.77, 21.3, 19.81, 25.06, 26.41, 25.93, 12.0, 12.0, 21.86, 24.54, 28.63]
a: [158.22, 143.69, 77.95, 50.0, 123.25, 50.0, 64.59, 56.89, 50.0, 50.0, 50.0, 50.0, 88.53, 50.0]
d: [3.5, 3.5, 4.83, 3.5, 3.5, 3.5, 3.5, 3.5, 3.5, 3.5, 3.5, 3.5, 3.5, 2.0]
random_idx_1 = 2, random_idx_2 = 10random_idx_1 = 2, random_idx_2 = 2
iteration: 88
best: [1000.0, 1000.0, 1000.0, 1000.0, 1000.0, 1000.0, 1000.0, 1000.0, 1000.0, 1000.0, 1000.0, 1000.0, 1000.0, 48.59]
time: [6.14, 8.01, 11.05, 14.24, 16.84, 21.62, 33.41, 36.61, 38.5, 41.18, 1000, 1000, 1000, 1000]
current_hyper_parameter
v: [12.0, 12.0, 32.33, 19.77, 21.3, 19.81, 25.06, 26.41, 25.93, 12.0, 12.0, 21.86, 24.54, 28.63]
a: [158.22, 143.69, 77.95, 50.0, 123.25, 50.0, 89.32, 59.33, 50.0, 50.0, 50.0, 50.0, 88.53, 50.0]
d: [3.5, 3.5, 4.68, 3.5, 3.5, 3.5, 3.5, 3.5, 3.5, 3.5, 3.5, 3.5, 3.5, 2.0]
BEST_hyper_parameter
v: [12.0, 12.0, 32.33, 19.77, 21.3, 19.81, 25.06, 26.41, 25.93, 12.0, 12.0, 21.86, 24.54, 28.63]
a: [158.22, 143.69, 77.95, 50.0, 123.25, 50.0, 89.32, 59.33, 50.0, 50.0, 50.0, 50.0, 88.53, 50.0]
d: [3.5, 3.5, 4.83, 3.5, 3.5, 3.5, 3.5, 3.5, 3.5, 3.5, 3.5, 3.5, 3.5, 2.0]
random_idx_1 = 0, random_idx_2 = 11random_idx_1 = 0, random_idx_2 = 12
iteration: 89
best: [1000.0, 1000.0, 1000.0, 1000.0, 1000.0, 1000.0, 1000.0, 1000.0, 1000.0, 1000.0, 1000.0, 1000.0, 1000.0, 48.59]
time: [6.14, 7.97, 10.98, 14.16, 16.78, 21.57, 33.36, 36.59, 38.48, 41.26, 43.13, 45.74, 47.57, 48.91]
current_hyper_parameter
v: [12.0, 12.0, 32.33, 19.77, 21.3, 19.81, 25.06, 26.41, 25.93, 12.0, 12.0, 22.83, 34.57, 28.63]
a: [158.22, 143.69, 77.95, 50.0, 123.25, 50.0, 89.32, 59.33, 50.0, 50.0, 50.0, 50.0, 88.53, 50.0]
d: [3.5, 3.5, 4.83, 3.5, 3.5, 3.5, 3.5, 3.5, 3.5, 3.5, 3.5, 3.5, 3.5, 2.0]
BEST_hyper_parameter
v: [12.0, 12.0, 32.33, 19.77, 21.3, 19.81, 25.06, 26.41, 25.93, 12.0, 12.0, 21.86, 24.54, 28.63]
a: [158.22, 143.69, 77.95, 50.0, 123.25, 50.0, 89.32, 59.33, 50.0, 50.0, 50.0, 50.0, 88.53, 50.0]
d: [3.5, 3.5, 4.83, 3.5, 3.5, 3.5, 3.5, 3.5, 3.5, 3.5, 3.5, 3.5, 3.5, 2.0]
random_idx_1 = 0, random_idx_2 = 3random_idx_1 = 1, random_idx_2 = 3
iteration: 90
best: [1000.0, 1000.0, 1000.0, 1000.0, 1000.0, 1000.0, 1000.0, 1000.0, 1000.0, 1000.0, 1000.0, 1000.0, 1000.0, 48.59]
time: [6.03, 7.85, 10.9, 13.8, 16.33, 21.05, 32.45, 35.57, 37.5, 40.23, 50.69, 1000, 1000, 1000]
current_hyper_parameter
v: [12.0, 12.0, 32.33, 16.71, 21.3, 19.81, 25.06, 26.41, 25.93, 12.0, 12.0, 21.86, 24.54, 28.63]
a: [158.22, 143.69, 77.95, 108.71, 123.25, 50.0, 89.32, 59.33, 50.0, 50.0, 50.0, 50.0, 88.53, 50.0]
d: [3.5, 3.5, 4.83, 3.5, 3.5, 3.5, 3.5, 3.5, 3.5, 3.5, 3.5, 3.5, 3.5, 2.0]
BEST_hyper_parameter
v: [12.0, 12.0, 32.33, 19.77, 21.3, 19.81, 25.06, 26.41, 25.93, 12.0, 12.0, 21.86, 24.54, 28.63]
a: [158.22, 143.69, 77.95, 50.0, 123.25, 50.0, 89.32, 59.33, 50.0, 50.0, 50.0, 50.0, 88.53, 50.0]
d: [3.5, 3.5, 4.83, 3.5, 3.5, 3.5, 3.5, 3.5, 3.5, 3.5, 3.5, 3.5, 3.5, 2.0]
random_idx_1 = 1, random_idx_2 = 9random_idx_1 = 1, random_idx_2 = 11