
iteration: 1
best: [6.62, 9.09, 11.71, 13.99, 17.29, 21.21, 30.65, 34.14, 36.16, 38.54, 40.34, 43.33, 46.74, 48.29]
time: [6.55, 8.99, 11.58, 13.97, 19.61, 22.88, 32.47, 44.25, 1000, 1000, 1000, 1000, 1000, 1000]
current_hyper_parameter
v: [12.0, 12.0, 31.02, 33.48, 31.69, 21.73, 27.35, 20.85, 12.83, 12.0, 12.0, 17.86, 8.91, 22.26]
a: [50.0, 50.0, 145.92, 85.97, 144.78, 107.17, 118.2, 61.89, 95.81, 50.0, 50.0, 49.33, 153.38, 50.0]
d: [3.5, 3.5, 3.5, 3.5, 3.5, 3.5, 3.5, 3.5, 3.5, 3.5, 3.5, 3.5, 3.5, 2.0]
BEST_hyper_parameter
v: [12.0, 12.0, 31.02, 33.48, 31.69, 21.73, 27.35, 20.85, 12.83, 12.0, 12.0, 17.86, 8.91, 22.26]
a: [50.0, 50.0, 145.92, 85.97, 144.78, 107.17, 118.2, 61.89, 95.81, 50.0, 50.0, 49.33, 153.38, 50.0]
d: [3.5, 3.5, 3.5, 3.5, 3.5, 3.5, 3.5, 3.5, 3.5, 3.5, 3.5, 3.5, 3.5, 2.0]
LOSE: random_idx_1 = 1, random_idx_2 = 3
LOSE: random_idx_1 = 1, random_idx_2 = 5

iteration: 2
best: [6.62, 9.09, 11.71, 13.99, 17.29, 21.21, 30.65, 34.14, 36.16, 38.54, 40.34, 43.33, 46.74, 48.29]
time: [6.62, 9.08, 11.76, 16.9, 22.23, 29.29, 38.55, 42.14, 44.02, 47.11, 51.6, 1000, 1000, 1000]
current_hyper_parameter
v: [12.0, 12.0, 31.02, 33.48, 31.69, 21.73, 27.35, 20.85, 12.83, 12.0, 12.0, 17.86, 8.91, 22.26]
a: [50.0, 50.0, 145.92, 138.87, 144.78, 144.25, 118.2, 61.89, 95.81, 50.0, 50.0, 49.33, 153.38, 50.0]
d: [3.5, 3.5, 3.5, 3.5, 3.5, 3.5, 3.5, 3.5, 3.5, 3.5, 3.5, 3.5, 3.5, 2.0]
BEST_hyper_parameter
v: [12.0, 12.0, 31.02, 33.48, 31.69, 21.73, 27.35, 20.85, 12.83, 12.0, 12.0, 17.86, 8.91, 22.26]
a: [50.0, 50.0, 145.92, 85.97, 144.78, 107.17, 118.2, 61.89, 95.81, 50.0, 50.0, 49.33, 153.38, 50.0]
d: [3.5, 3.5, 3.5, 3.5, 3.5, 3.5, 3.5, 3.5, 3.5, 3.5, 3.5, 3.5, 3.5, 2.0]
LOSE: random_idx_1 = 1, random_idx_2 = 8
LOSE: random_idx_1 = 0, random_idx_2 = 7

iteration: 3
best: [6.62, 9.09, 11.71, 13.99, 17.29, 21.21, 30.65, 34.14, 36.16, 38.54, 40.34, 43.33, 46.74, 48.29]
time: [6.62, 9.08, 11.72, 14.0, 19.44, 23.23, 32.7, 35.91, 38.56, 41.51, 43.21, 46.07, 48.7, 1000]
current_hyper_parameter
v: [12.0, 12.0, 31.02, 33.48, 31.69, 21.73, 27.35, 30.96, 12.83, 12.0, 12.0, 17.86, 8.91, 22.26]
a: [50.0, 50.0, 145.92, 85.97, 144.78, 107.17, 118.2, 61.89, 50.73, 50.0, 50.0, 49.33, 153.38, 50.0]
d: [3.5, 3.5, 3.5, 3.5, 3.5, 3.5, 3.5, 3.5, 3.5, 3.5, 3.5, 3.5, 3.5, 2.0]
BEST_hyper_parameter
v: [12.0, 12.0, 31.02, 33.48, 31.69, 21.73, 27.35, 20.85, 12.83, 12.0, 12.0, 17.86, 8.91, 22.26]
a: [50.0, 50.0, 145.92, 85.97, 144.78, 107.17, 118.2, 61.89, 95.81, 50.0, 50.0, 49.33, 153.38, 50.0]
d: [3.5, 3.5, 3.5, 3.5, 3.5, 3.5, 3.5, 3.5, 3.5, 3.5, 3.5, 3.5, 3.5, 2.0]
LOSE: random_idx_1 = 2, random_idx_2 = 2
LOSE: random_idx_1 = 1, random_idx_2 = 8

iteration: 4
best: [6.62, 9.09, 11.71, 13.99, 17.29, 21.21, 30.65, 34.14, 36.16, 38.54, 40.34, 43.33, 46.74, 48.29]
time: [6.69, 9.17, 11.81, 13.95, 19.28, 22.75, 32.35, 1000, 1000, 1000, 1000, 1000, 1000, 1000]
current_hyper_parameter
v: [12.0, 12.0, 31.02, 33.48, 31.69, 21.73, 27.35, 20.85, 12.83, 12.0, 12.0, 17.86, 8.91, 22.26]
a: [50.0, 50.0, 145.92, 85.97, 144.78, 107.17, 118.2, 61.89, 89.68, 50.0, 50.0, 49.33, 153.38, 50.0]
d: [3.5, 3.5, 6.11, 3.5, 3.5, 3.5, 3.5, 3.5, 3.5, 3.5, 3.5, 3.5, 3.5, 2.0]
BEST_hyper_parameter
v: [12.0, 12.0, 31.02, 33.48, 31.69, 21.73, 27.35, 20.85, 12.83, 12.0, 12.0, 17.86, 8.91, 22.26]
a: [50.0, 50.0, 145.92, 85.97, 144.78, 107.17, 118.2, 61.89, 95.81, 50.0, 50.0, 49.33, 153.38, 50.0]
d: [3.5, 3.5, 3.5, 3.5, 3.5, 3.5, 3.5, 3.5, 3.5, 3.5, 3.5, 3.5, 3.5, 2.0]
LOSE: random_idx_1 = 1, random_idx_2 = 6
LOSE: random_idx_1 = 2, random_idx_2 = 12

iteration: 5
best: [6.62, 9.09, 11.71, 13.99, 17.29, 21.21, 30.65, 34.14, 36.16, 38.54, 40.34, 43.33, 46.74, 48.29]
time: [6.62, 9.07, 11.71, 13.99, 19.18, 22.7, 32.5, 36.36, 38.44, 40.93, 43.46, 45.86, 48.34, 49.7]
current_hyper_parameter
v: [12.0, 12.0, 31.02, 33.48, 31.69, 21.73, 27.35, 20.85, 12.83, 12.0, 12.0, 17.86, 8.91, 22.26]
a: [50.0, 50.0, 145.92, 85.97, 144.78, 107.17, 101.07, 61.89, 95.81, 50.0, 50.0, 49.33, 153.38, 50.0]
d: [3.5, 3.5, 3.5, 3.5, 3.5, 3.5, 3.5, 3.5, 3.5, 3.5, 3.5, 3.5, 3.5, 2.0]
BEST_hyper_parameter
v: [12.0, 12.0, 31.02, 33.48, 31.69, 21.73, 27.35, 20.85, 12.83, 12.0, 12.0, 17.86, 8.91, 22.26]
a: [50.0, 50.0, 145.92, 85.97, 144.78, 107.17, 118.2, 61.89, 95.81, 50.0, 50.0, 49.33, 153.38, 50.0]
d: [3.5, 3.5, 3.5, 3.5, 3.5, 3.5, 3.5, 3.5, 3.5, 3.5, 3.5, 3.5, 3.5, 2.0]
LOSE: random_idx_1 = 2, random_idx_2 = 9
LOSE: random_idx_1 = 2, random_idx_2 = 4

iteration: 6
best: [6.62, 9.09, 11.71, 13.99, 17.29, 21.21, 30.65, 34.14, 36.16, 38.54, 40.34, 43.33, 46.74, 48.29]
time: [6.6, 9.05, 11.72, 14.03, 1000, 1000, 1000, 1000, 1000, 1000, 1000, 1000, 1000, 1000]
current_hyper_parameter
v: [12.0, 12.0, 31.02, 33.48, 31.69, 21.73, 27.35, 20.85, 12.83, 12.0, 12.0, 17.86, 8.91, 22.26]
a: [50.0, 50.0, 145.92, 85.97, 144.78, 107.17, 118.2, 61.89, 95.81, 50.0, 50.0, 49.33, 153.38, 50.0]
d: [3.5, 3.5, 3.5, 3.5, 3.5, 3.5, 3.5, 3.5, 3.5, 3.5, 3.5, 3.5, 3.5, 2.0]
BEST_hyper_parameter
v: [12.0, 12.0, 31.02, 33.48, 31.69, 21.73, 27.35, 20.85, 12.83, 12.0, 12.0, 17.86, 8.91, 22.26]
a: [50.0, 50.0, 145.92, 85.97, 144.78, 107.17, 118.2, 61.89, 95.81, 50.0, 50.0, 49.33, 153.38, 50.0]
d: [3.5, 3.5, 3.5, 3.5, 3.5, 3.5, 3.5, 3.5, 3.5, 3.5, 3.5, 3.5, 3.5, 2.0]
LOSE: random_idx_1 = 0, random_idx_2 = 8
LOSE: random_idx_1 = 2, random_idx_2 = 2

iteration: 7
best: [6.62, 9.09, 11.71, 13.99, 17.29, 21.21, 30.65, 34.14, 36.16, 38.54, 40.34, 43.33, 46.74, 48.29]
time: [6.59, 9.06, 11.71, 13.87, 19.65, 23.31, 32.88, 1000, 1000, 1000, 1000, 1000, 1000, 1000]
current_hyper_parameter
v: [12.0, 12.0, 31.02, 33.48, 31.69, 21.73, 27.35, 20.85, 11.25, 12.0, 12.0, 17.86, 8.91, 22.26]
a: [50.0, 50.0, 145.92, 85.97, 144.78, 107.17, 118.2, 61.89, 95.81, 50.0, 50.0, 49.33, 153.38, 50.0]
d: [3.5, 3.5, 5.21, 3.5, 3.5, 3.5, 3.5, 3.5, 3.5, 3.5, 3.5, 3.5, 3.5, 2.0]
BEST_hyper_parameter
v: [12.0, 12.0, 31.02, 33.48, 31.69, 21.73, 27.35, 20.85, 12.83, 12.0, 12.0, 17.86, 8.91, 22.26]
a: [50.0, 50.0, 145.92, 85.97, 144.78, 107.17, 118.2, 61.89, 95.81, 50.0, 50.0, 49.33, 153.38, 50.0]
d: [3.5, 3.5, 3.5, 3.5, 3.5, 3.5, 3.5, 3.5, 3.5, 3.5, 3.5, 3.5, 3.5, 2.0]
LOSE: random_idx_1 = 0, random_idx_2 = 4
LOSE: random_idx_1 = 0, random_idx_2 = 2

iteration: 8
best: [6.62, 9.09, 11.71, 13.99, 17.29, 21.21, 30.65, 34.14, 36.16, 38.54, 40.34, 43.33, 46.74, 48.29]
time: [6.71, 9.17, 12.62, 18.46, 30.05, 34.03, 44.41, 50.73, 1000, 1000, 1000, 1000, 1000, 1000]
current_hyper_parameter
v: [12.0, 12.0, 15.02, 33.48, 20.62, 21.73, 27.35, 20.85, 12.83, 12.0, 12.0, 17.86, 8.91, 22.26]
a: [50.0, 50.0, 145.92, 85.97, 144.78, 107.17, 118.2, 61.89, 95.81, 50.0, 50.0, 49.33, 153.38, 50.0]
d: [3.5, 3.5, 3.5, 3.5, 3.5, 3.5, 3.5, 3.5, 3.5, 3.5, 3.5, 3.5, 3.5, 2.0]
BEST_hyper_parameter
v: [12.0, 12.0, 31.02, 33.48, 31.69, 21.73, 27.35, 20.85, 12.83, 12.0, 12.0, 17.86, 8.91, 22.26]
a: [50.0, 50.0, 145.92, 85.97, 144.78, 107.17, 118.2, 61.89, 95.81, 50.0, 50.0, 49.33, 153.38, 50.0]
d: [3.5, 3.5, 3.5, 3.5, 3.5, 3.5, 3.5, 3.5, 3.5, 3.5, 3.5, 3.5, 3.5, 2.0]
LOSE: random_idx_1 = 2, random_idx_2 = 5
LOSE: random_idx_1 = 0, random_idx_2 = 12

iteration: 9
best: [6.62, 9.09, 11.71, 13.99, 17.29, 21.21, 30.65, 34.14, 36.16, 38.54, 40.34, 43.33, 46.74, 48.29]
time: [6.61, 9.07, 11.74, 14.02, 19.34, 22.83, 32.31, 1000, 1000, 1000, 1000, 1000, 1000, 1000]
current_hyper_parameter
v: [12.0, 12.0, 31.02, 33.48, 31.69, 21.73, 27.35, 20.85, 12.83, 12.0, 12.0, 17.86, 12.91, 22.26]
a: [50.0, 50.0, 145.92, 85.97, 144.78, 107.17, 118.2, 61.89, 95.81, 50.0, 50.0, 49.33, 153.38, 50.0]
d: [3.5, 3.5, 3.5, 3.5, 3.5, 3.5, 3.5, 3.5, 3.5, 3.5, 3.5, 3.5, 3.5, 2.0]
BEST_hyper_parameter
v: [12.0, 12.0, 31.02, 33.48, 31.69, 21.73, 27.35, 20.85, 12.83, 12.0, 12.0, 17.86, 8.91, 22.26]
a: [50.0, 50.0, 145.92, 85.97, 144.78, 107.17, 118.2, 61.89, 95.81, 50.0, 50.0, 49.33, 153.38, 50.0]
d: [3.5, 3.5, 3.5, 3.5, 3.5, 3.5, 3.5, 3.5, 3.5, 3.5, 3.5, 3.5, 3.5, 2.0]
LOSE: random_idx_1 = 0, random_idx_2 = 13
LOSE: random_idx_1 = 0, random_idx_2 = 4

iteration: 10
best: [6.62, 9.09, 11.71, 13.99, 17.29, 21.21, 30.65, 34.14, 36.16, 38.54, 40.34, 43.33, 46.74, 48.29]
time: [6.53, 9.01, 11.74, 14.02, 16.41, 20.22, 30.8, 34.02, 35.92, 38.36, 40.13, 43.11, 1000, 1000]
current_hyper_parameter
v: [12.0, 12.0, 31.02, 33.48, 18.5, 21.73, 27.35, 20.85, 12.83, 12.0, 12.0, 17.86, 8.91, 17.28]
a: [50.0, 50.0, 145.92, 85.97, 144.78, 107.17, 118.2, 61.89, 95.81, 50.0, 50.0, 49.33, 153.38, 50.0]
d: [3.5, 3.5, 3.5, 3.5, 3.5, 3.5, 3.5, 3.5, 3.5, 3.5, 3.5, 3.5, 3.5, 2.0]
BEST_hyper_parameter
v: [12.0, 12.0, 31.02, 33.48, 31.69, 21.73, 27.35, 20.85, 12.83, 12.0, 12.0, 17.86, 8.91, 22.26]
a: [50.0, 50.0, 145.92, 85.97, 144.78, 107.17, 118.2, 61.89, 95.81, 50.0, 50.0, 49.33, 153.38, 50.0]
d: [3.5, 3.5, 3.5, 3.5, 3.5, 3.5, 3.5, 3.5, 3.5, 3.5, 3.5, 3.5, 3.5, 2.0]
LOSE: random_idx_1 = 0, random_idx_2 = 9
LOSE: random_idx_1 = 2, random_idx_2 = 9

iteration: 11
best: [6.53, 9.01, 11.74, 14.02, 16.41, 20.22, 30.65, 34.14, 36.16, 38.54, 40.34, 43.33, 46.74, 48.29]
time: [6.71, 9.16, 11.77, 14.03, 16.44, 20.33, 30.63, 34.09, 36.1, 38.42, 47.09, 1000, 1000, 1000]
current_hyper_parameter
v: [12.0, 12.0, 31.02, 33.48, 18.5, 21.73, 27.35, 20.85, 12.83, 31.92, 12.0, 17.86, 8.91, 22.26]
a: [50.0, 50.0, 145.92, 85.97, 144.78, 107.17, 118.2, 61.89, 95.81, 50.0, 50.0, 49.33, 153.38, 50.0]
d: [3.5, 3.5, 3.5, 3.5, 3.5, 3.5, 3.5, 3.5, 3.5, 3.5, 3.5, 3.5, 3.5, 2.0]
BEST_hyper_parameter
v: [12.0, 12.0, 31.02, 33.48, 18.5, 21.73, 27.35, 20.85, 12.83, 12.0, 12.0, 17.86, 8.91, 22.26]
a: [50.0, 50.0, 145.92, 85.97, 144.78, 107.17, 118.2, 61.89, 95.81, 50.0, 50.0, 49.33, 153.38, 50.0]
d: [3.5, 3.5, 3.5, 3.5, 3.5, 3.5, 3.5, 3.5, 3.5, 3.5, 3.5, 3.5, 3.5, 2.0]
LOSE: random_idx_1 = 1, random_idx_2 = 11
LOSE: random_idx_1 = 0, random_idx_2 = 12

iteration: 12
best: [6.53, 9.01, 11.74, 14.02, 16.41, 20.22, 30.65, 34.14, 36.16, 38.54, 40.34, 43.33, 46.74, 48.29]
time: [6.61, 9.07, 11.71, 17.05, 31.35, 34.82, 44.34, 50.55, 1000, 1000, 1000, 1000, 1000, 1000]
current_hyper_parameter
v: [12.0, 12.0, 31.02, 33.48, 18.5, 21.73, 27.35, 20.85, 12.83, 12.0, 12.0, 17.86, 25.15, 22.26]
a: [50.0, 50.0, 145.92, 85.97, 144.78, 107.17, 118.2, 61.89, 95.81, 50.0, 50.0, 73.45, 153.38, 50.0]
d: [3.5, 3.5, 3.5, 3.5, 3.5, 3.5, 3.5, 3.5, 3.5, 3.5, 3.5, 3.5, 3.5, 2.0]
BEST_hyper_parameter
v: [12.0, 12.0, 31.02, 33.48, 18.5, 21.73, 27.35, 20.85, 12.83, 12.0, 12.0, 17.86, 8.91, 22.26]
a: [50.0, 50.0, 145.92, 85.97, 144.78, 107.17, 118.2, 61.89, 95.81, 50.0, 50.0, 49.33, 153.38, 50.0]
d: [3.5, 3.5, 3.5, 3.5, 3.5, 3.5, 3.5, 3.5, 3.5, 3.5, 3.5, 3.5, 3.5, 2.0]
LOSE: random_idx_1 = 2, random_idx_2 = 0
LOSE: random_idx_1 = 1, random_idx_2 = 3

iteration: 13
best: [6.53, 9.01, 11.74, 14.02, 16.41, 20.22, 30.65, 34.14, 36.16, 38.54, 40.34, 43.33, 46.74, 48.29]
time: [6.72, 9.18, 11.77, 16.83, 19.35, 23.16, 32.64, 36.15, 38.13, 40.55, 50.45, 1000, 1000, 1000]
current_hyper_parameter
v: [12.0, 12.0, 31.02, 33.48, 18.5, 21.73, 27.35, 20.85, 12.83, 12.0, 12.0, 17.86, 8.91, 22.26]
a: [50.0, 50.0, 145.92, 134.67, 144.78, 107.17, 118.2, 61.89, 95.81, 50.0, 50.0, 49.33, 153.38, 50.0]
d: [3.5, 3.5, 3.5, 3.5, 3.5, 3.5, 3.5, 3.5, 3.5, 3.5, 3.5, 3.5, 3.5, 2.0]
BEST_hyper_parameter
v: [12.0, 12.0, 31.02, 33.48, 18.5, 21.73, 27.35, 20.85, 12.83, 12.0, 12.0, 17.86, 8.91, 22.26]
a: [50.0, 50.0, 145.92, 85.97, 144.78, 107.17, 118.2, 61.89, 95.81, 50.0, 50.0, 49.33, 153.38, 50.0]
d: [3.5, 3.5, 3.5, 3.5, 3.5, 3.5, 3.5, 3.5, 3.5, 3.5, 3.5, 3.5, 3.5, 2.0]
LOSE: random_idx_1 = 1, random_idx_2 = 5
LOSE: random_idx_1 = 0, random_idx_2 = 1

iteration: 14
best: [6.53, 9.01, 11.74, 14.02, 16.41, 20.22, 30.65, 34.14, 36.16, 38.54, 40.34, 43.33, 46.74, 48.29]
time: [6.6, 8.9, 11.6, 14.0, 16.4, 20.14, 29.58, 33.02, 35.1, 37.53, 42.32, 45.1, 47.64, 49.29]
current_hyper_parameter
v: [12.0, 24.94, 31.02, 33.48, 18.5, 21.73, 27.35, 20.85, 12.83, 12.0, 12.0, 17.86, 8.91, 22.26]
a: [50.0, 50.0, 145.92, 85.97, 144.78, 108.81, 118.2, 61.89, 95.81, 50.0, 50.0, 49.33, 153.38, 50.0]
d: [3.5, 3.5, 3.5, 3.5, 3.5, 3.5, 3.5, 3.5, 3.5, 3.5, 3.5, 3.5, 3.5, 2.0]
BEST_hyper_parameter
v: [12.0, 12.0, 31.02, 33.48, 18.5, 21.73, 27.35, 20.85, 12.83, 12.0, 12.0, 17.86, 8.91, 22.26]
a: [50.0, 50.0, 145.92, 85.97, 144.78, 107.17, 118.2, 61.89, 95.81, 50.0, 50.0, 49.33, 153.38, 50.0]
d: [3.5, 3.5, 3.5, 3.5, 3.5, 3.5, 3.5, 3.5, 3.5, 3.5, 3.5, 3.5, 3.5, 2.0]
LOSE: random_idx_1 = 0, random_idx_2 = 10
LOSE: random_idx_1 = 1, random_idx_2 = 10

iteration: 15
best: [6.6, 8.9, 11.6, 14.0, 16.4, 20.14, 29.58, 33.02, 35.1, 37.53, 40.34, 43.33, 46.74, 48.29]
time: [6.52, 8.79, 11.32, 13.6, 16.0, 19.78, 29.17, 32.69, 42.66, 46.25, 54.98, 1000, 1000, 1000]
current_hyper_parameter
v: [12.0, 24.94, 31.02, 33.48, 18.5, 21.73, 27.35, 20.85, 12.83, 12.0, 18.96, 17.86, 8.91, 22.26]
a: [50.0, 50.0, 145.92, 85.97, 144.78, 108.81, 118.2, 61.89, 95.81, 50.0, 82.82, 49.33, 153.38, 50.0]
d: [3.5, 3.5, 3.5, 3.5, 3.5, 3.5, 3.5, 3.5, 3.5, 3.5, 3.5, 3.5, 3.5, 2.0]
BEST_hyper_parameter
v: [12.0, 24.94, 31.02, 33.48, 18.5, 21.73, 27.35, 20.85, 12.83, 12.0, 12.0, 17.86, 8.91, 22.26]
a: [50.0, 50.0, 145.92, 85.97, 144.78, 108.81, 118.2, 61.89, 95.81, 50.0, 50.0, 49.33, 153.38, 50.0]
d: [3.5, 3.5, 3.5, 3.5, 3.5, 3.5, 3.5, 3.5, 3.5, 3.5, 3.5, 3.5, 3.5, 2.0]
LOSE: random_idx_1 = 2, random_idx_2 = 0
LOSE: random_idx_1 = 2, random_idx_2 = 5

iteration: 16
best: [6.6, 8.9, 11.6, 14.0, 16.4, 20.14, 29.58, 33.02, 35.1, 37.53, 40.34, 43.33, 46.74, 48.29]
time: [6.59, 8.91, 11.62, 13.84, 16.48, 20.03, 30.16, 33.6, 35.63, 38.05, 39.74, 42.74, 50.69, 1000]
current_hyper_parameter
v: [12.0, 24.94, 31.02, 33.48, 18.5, 21.73, 27.35, 20.85, 12.83, 12.0, 12.0, 17.86, 8.91, 22.26]
a: [50.0, 50.0, 145.92, 85.97, 144.78, 108.81, 118.2, 61.89, 95.81, 50.0, 50.0, 49.33, 153.38, 50.0]
d: [3.5, 3.5, 3.5, 3.5, 3.5, 3.5, 3.5, 3.5, 3.5, 3.5, 3.5, 3.5, 3.5, 2.0]
BEST_hyper_parameter
v: [12.0, 24.94, 31.02, 33.48, 18.5, 21.73, 27.35, 20.85, 12.83, 12.0, 12.0, 17.86, 8.91, 22.26]
a: [50.0, 50.0, 145.92, 85.97, 144.78, 108.81, 118.2, 61.89, 95.81, 50.0, 50.0, 49.33, 153.38, 50.0]
d: [3.5, 3.5, 3.5, 3.5, 3.5, 3.5, 3.5, 3.5, 3.5, 3.5, 3.5, 3.5, 3.5, 2.0]
LOSE: random_idx_1 = 0, random_idx_2 = 13
LOSE: random_idx_1 = 1, random_idx_2 = 13

iteration: 17
best: [6.59, 8.91, 11.62, 13.84, 16.48, 20.03, 30.16, 33.6, 35.63, 38.05, 39.74, 42.74, 46.74, 48.29]
time: [6.73, 9.05, 11.71, 14.12, 16.56, 20.11, 29.87, 1000, 1000, 1000, 1000, 1000, 1000, 1000]
current_hyper_parameter
v: [12.0, 24.94, 31.02, 33.48, 18.5, 21.73, 27.35, 20.85, 12.83, 12.0, 12.0, 17.86, 8.91, 23.3]
a: [50.0, 50.0, 145.92, 85.97, 144.78, 108.81, 118.2, 61.89, 95.81, 50.0, 50.0, 49.33, 153.38, 137.83]
d: [3.5, 3.5, 3.5, 3.5, 3.5, 3.5, 3.5, 3.5, 3.5, 3.5, 3.5, 3.5, 3.5, 2.0]
BEST_hyper_parameter
v: [12.0, 24.94, 31.02, 33.48, 18.5, 21.73, 27.35, 20.85, 12.83, 12.0, 12.0, 17.86, 8.91, 22.26]
a: [50.0, 50.0, 145.92, 85.97, 144.78, 108.81, 118.2, 61.89, 95.81, 50.0, 50.0, 49.33, 153.38, 50.0]
d: [3.5, 3.5, 3.5, 3.5, 3.5, 3.5, 3.5, 3.5, 3.5, 3.5, 3.5, 3.5, 3.5, 2.0]
LOSE: random_idx_1 = 2, random_idx_2 = 13
LOSE: random_idx_1 = 1, random_idx_2 = 6

iteration: 18
best: [6.59, 8.91, 11.62, 13.84, 16.48, 20.03, 30.16, 33.6, 35.63, 38.05, 39.74, 42.74, 46.74, 48.29]
time: [6.69, 8.99, 11.63, 17.81, 21.05, 24.86, 35.52, 39.1, 41.08, 43.41, 48.3, 1000, 1000, 1000]
current_hyper_parameter
v: [12.0, 24.94, 31.02, 33.48, 18.5, 21.73, 27.35, 20.85, 12.83, 12.0, 12.0, 17.86, 8.91, 22.26]
a: [50.0, 50.0, 145.92, 85.97, 144.78, 108.81, 54.07, 61.89, 95.81, 50.0, 50.0, 49.33, 153.38, 50.0]
d: [3.5, 3.5, 3.5, 3.5, 3.5, 3.5, 3.5, 3.5, 3.5, 3.5, 3.5, 3.5, 3.5, 2.0]
BEST_hyper_parameter
v: [12.0, 24.94, 31.02, 33.48, 18.5, 21.73, 27.35, 20.85, 12.83, 12.0, 12.0, 17.86, 8.91, 22.26]
a: [50.0, 50.0, 145.92, 85.97, 144.78, 108.81, 118.2, 61.89, 95.81, 50.0, 50.0, 49.33, 153.38, 50.0]
d: [3.5, 3.5, 3.5, 3.5, 3.5, 3.5, 3.5, 3.5, 3.5, 3.5, 3.5, 3.5, 3.5, 2.0]
LOSE: random_idx_1 = 1, random_idx_2 = 5
LOSE: random_idx_1 = 1, random_idx_2 = 2

iteration: 19
best: [6.59, 8.91, 11.62, 13.84, 16.48, 20.03, 30.16, 33.6, 35.63, 38.05, 39.74, 42.74, 46.74, 48.29]
time: [6.71, 9.0, 11.59, 13.76, 16.41, 20.56, 30.93, 1000, 1000, 1000, 1000, 1000, 1000, 1000]
current_hyper_parameter
v: [12.0, 24.94, 31.02, 33.48, 18.5, 21.73, 27.35, 20.85, 12.83, 12.0, 12.0, 17.86, 8.91, 22.26]
a: [50.0, 50.0, 157.69, 85.97, 144.78, 62.86, 118.2, 61.89, 95.81, 50.0, 50.0, 49.33, 153.38, 50.0]
d: [3.5, 3.5, 3.5, 3.5, 3.5, 3.5, 3.5, 3.5, 3.5, 3.5, 3.5, 3.5, 3.5, 2.0]
BEST_hyper_parameter
v: [12.0, 24.94, 31.02, 33.48, 18.5, 21.73, 27.35, 20.85, 12.83, 12.0, 12.0, 17.86, 8.91, 22.26]
a: [50.0, 50.0, 145.92, 85.97, 144.78, 108.81, 118.2, 61.89, 95.81, 50.0, 50.0, 49.33, 153.38, 50.0]
d: [3.5, 3.5, 3.5, 3.5, 3.5, 3.5, 3.5, 3.5, 3.5, 3.5, 3.5, 3.5, 3.5, 2.0]
LOSE: random_idx_1 = 1, random_idx_2 = 4
LOSE: random_idx_1 = 0, random_idx_2 = 12

iteration: 20
best: [6.59, 8.91, 11.62, 13.84, 16.48, 20.03, 30.16, 33.6, 35.63, 38.05, 39.74, 42.74, 46.74, 48.29]
time: [6.6, 8.91, 11.58, 13.77, 20.66, 23.86, 34.21, 44.93, 47.43, 1000, 1000, 1000, 1000, 1000]
current_hyper_parameter
v: [12.0, 24.94, 31.02, 33.48, 18.5, 21.73, 27.35, 20.85, 12.83, 12.0, 12.0, 17.86, 24.01, 22.26]
a: [50.0, 50.0, 145.92, 85.97, 38.73, 108.81, 118.2, 61.89, 95.81, 50.0, 50.0, 49.33, 153.38, 50.0]
d: [3.5, 3.5, 3.5, 3.5, 3.5, 3.5, 3.5, 3.5, 3.5, 3.5, 3.5, 3.5, 3.5, 2.0]
BEST_hyper_parameter
v: [12.0, 24.94, 31.02, 33.48, 18.5, 21.73, 27.35, 20.85, 12.83, 12.0, 12.0, 17.86, 8.91, 22.26]
a: [50.0, 50.0, 145.92, 85.97, 144.78, 108.81, 118.2, 61.89, 95.81, 50.0, 50.0, 49.33, 153.38, 50.0]
d: [3.5, 3.5, 3.5, 3.5, 3.5, 3.5, 3.5, 3.5, 3.5, 3.5, 3.5, 3.5, 3.5, 2.0]
LOSE: random_idx_1 = 0, random_idx_2 = 12
LOSE: random_idx_1 = 0, random_idx_2 = 3
