
iteration: 1
best: [1000.0, 1000.0, 1000.0, 1000.0, 1000.0, 1000.0, 1000.0, 1000.0, 1000.0, 1000.0, 1000.0, 1000.0, 1000.0, 1000.0]
time: [6.6, 9.03, 13.4, 17.22, 21.13, 25.51, 45.84, 50.74, 53.0, 55.62, 57.49, 60.54, 63.53, 65.53]
current_hyper_parameter
v: [12.0, 12.0, 12.0, 12.0, 12.0, 12.0, 12.0, 12.0, 12.0, 12.0, 12.0, 12.0, 12.0, 12.0]
a: [50.0, 50.0, 50.0, 50.0, 50.0, 50.0, 50.0, 50.0, 50.0, 50.0, 50.0, 50.0, 50.0, 50.0]
d: [3.5, 3.5, 3.5, 3.5, 3.5, 3.5, 3.5, 3.5, 3.5, 3.5, 3.5, 3.5, 3.5, 2.0]
BEST_hyper_parameter
v: [12.0, 12.0, 12.0, 12.0, 12.0, 12.0, 12.0, 12.0, 12.0, 12.0, 12.0, 12.0, 12.0, 12.0]
a: [50.0, 50.0, 50.0, 50.0, 50.0, 50.0, 50.0, 50.0, 50.0, 50.0, 50.0, 50.0, 50.0, 50.0]
d: [3.5, 3.5, 3.5, 3.5, 3.5, 3.5, 3.5, 3.5, 3.5, 3.5, 3.5, 3.5, 3.5, 2.0]
WIN: random_idx_1 = 1, random_idx_2 = 9
WIN: random_idx_1 = 2, random_idx_2 = 9

iteration: 2
best: [6.6, 9.03, 13.4, 17.22, 21.13, 25.51, 45.84, 50.74, 53.0, 55.62, 57.49, 60.54, 63.53, 65.53]
time: [6.57, 9.03, 13.54, 17.41, 21.37, 25.81, 45.78, 49.88, 52.1, 54.56, 56.89, 59.8, 62.87, 64.72]
current_hyper_parameter
v: [12.0, 12.0, 12.0, 12.0, 12.0, 12.0, 12.0, 12.0, 12.0, 12.0, 12.0, 12.0, 12.0, 12.0]
a: [50.0, 50.0, 50.0, 50.0, 50.0, 50.0, 50.0, 50.0, 50.0, 103.24, 50.0, 50.0, 50.0, 50.0]
d: [3.5, 3.5, 3.5, 3.5, 3.5, 3.5, 3.5, 3.5, 3.5, 3.5, 3.5, 3.5, 3.5, 2.0]
BEST_hyper_parameter
v: [12.0, 12.0, 12.0, 12.0, 12.0, 12.0, 12.0, 12.0, 12.0, 12.0, 12.0, 12.0, 12.0, 12.0]
a: [50.0, 50.0, 50.0, 50.0, 50.0, 50.0, 50.0, 50.0, 50.0, 50.0, 50.0, 50.0, 50.0, 50.0]
d: [3.5, 3.5, 3.5, 3.5, 3.5, 3.5, 3.5, 3.5, 3.5, 3.5, 3.5, 3.5, 3.5, 2.0]
WIN: random_idx_1 = 0, random_idx_2 = 2
WIN: random_idx_1 = 0, random_idx_2 = 11

iteration: 3
best: [6.57, 9.03, 13.54, 17.41, 21.37, 25.81, 45.78, 49.88, 52.1, 54.56, 56.89, 59.8, 62.87, 64.72]
time: [6.66, 9.13, 13.15, 16.85, 20.87, 25.36, 46.01, 50.84, 53.15, 55.51, 57.75, 60.44, 63.83, 65.58]
current_hyper_parameter
v: [12.0, 12.0, 27.76, 12.0, 12.0, 12.0, 12.0, 12.0, 12.0, 12.0, 12.0, 16.77, 12.0, 12.0]
a: [50.0, 50.0, 50.0, 50.0, 50.0, 50.0, 50.0, 50.0, 50.0, 103.24, 50.0, 50.0, 50.0, 50.0]
d: [3.5, 3.5, 3.5, 3.5, 3.5, 3.5, 3.5, 3.5, 3.5, 3.5, 3.5, 3.5, 3.5, 2.0]
BEST_hyper_parameter
v: [12.0, 12.0, 12.0, 12.0, 12.0, 12.0, 12.0, 12.0, 12.0, 12.0, 12.0, 12.0, 12.0, 12.0]
a: [50.0, 50.0, 50.0, 50.0, 50.0, 50.0, 50.0, 50.0, 50.0, 103.24, 50.0, 50.0, 50.0, 50.0]
d: [3.5, 3.5, 3.5, 3.5, 3.5, 3.5, 3.5, 3.5, 3.5, 3.5, 3.5, 3.5, 3.5, 2.0]
LOSE: random_idx_1 = 0, random_idx_2 = 5
LOSE: random_idx_1 = 2, random_idx_2 = 7

iteration: 4
best: [6.66, 9.13, 13.15, 16.85, 21.37, 25.81, 45.78, 49.88, 52.1, 54.56, 56.89, 59.8, 62.87, 64.72]
time: [6.7, 9.15, 13.1, 16.78, 23.77, 27.45, 47.08, 51.94, 54.23, 56.62, 58.92, 61.75, 65.03, 1000]
current_hyper_parameter
v: [12.0, 12.0, 27.76, 12.0, 12.0, 27.54, 12.0, 12.0, 12.0, 12.0, 12.0, 12.0, 12.0, 12.0]
a: [50.0, 50.0, 50.0, 50.0, 50.0, 50.0, 50.0, 50.0, 50.0, 103.24, 50.0, 50.0, 50.0, 50.0]
d: [3.5, 3.5, 3.5, 3.5, 3.5, 3.5, 3.5, 3.5, 3.5, 3.5, 3.5, 3.5, 3.5, 2.0]
BEST_hyper_parameter
v: [12.0, 12.0, 27.76, 12.0, 12.0, 12.0, 12.0, 12.0, 12.0, 12.0, 12.0, 12.0, 12.0, 12.0]
a: [50.0, 50.0, 50.0, 50.0, 50.0, 50.0, 50.0, 50.0, 50.0, 103.24, 50.0, 50.0, 50.0, 50.0]
d: [3.5, 3.5, 3.5, 3.5, 3.5, 3.5, 3.5, 3.5, 3.5, 3.5, 3.5, 3.5, 3.5, 2.0]
LOSE: random_idx_1 = 0, random_idx_2 = 7
LOSE: random_idx_1 = 1, random_idx_2 = 6

iteration: 5
best: [6.66, 9.13, 13.15, 16.85, 21.37, 25.81, 45.78, 49.88, 52.1, 54.56, 56.89, 59.8, 62.87, 64.72]
time: [6.6, 9.07, 13.07, 16.77, 23.74, 27.62, 47.3, 50.89, 52.99, 55.37, 57.8, 60.56, 66.95, 1000]
current_hyper_parameter
v: [12.0, 12.0, 27.76, 12.0, 12.0, 12.0, 12.0, 18.2, 12.0, 12.0, 12.0, 12.0, 12.0, 12.0]
a: [50.0, 50.0, 50.0, 50.0, 50.0, 50.0, 138.06, 50.0, 50.0, 103.24, 50.0, 50.0, 50.0, 50.0]
d: [3.5, 3.5, 3.5, 3.5, 3.5, 3.5, 3.5, 3.5, 3.5, 3.5, 3.5, 3.5, 3.5, 2.0]
BEST_hyper_parameter
v: [12.0, 12.0, 27.76, 12.0, 12.0, 12.0, 12.0, 12.0, 12.0, 12.0, 12.0, 12.0, 12.0, 12.0]
a: [50.0, 50.0, 50.0, 50.0, 50.0, 50.0, 50.0, 50.0, 50.0, 103.24, 50.0, 50.0, 50.0, 50.0]
d: [3.5, 3.5, 3.5, 3.5, 3.5, 3.5, 3.5, 3.5, 3.5, 3.5, 3.5, 3.5, 3.5, 2.0]
LOSE: random_idx_1 = 2, random_idx_2 = 8
LOSE: random_idx_1 = 1, random_idx_2 = 5

iteration: 6
best: [6.66, 9.13, 13.15, 16.85, 21.37, 25.81, 45.78, 49.88, 52.1, 54.56, 56.89, 59.8, 62.87, 64.72]
time: [6.69, 9.15, 13.1, 16.8, 23.78, 27.85, 48.97, 53.04, 55.26, 57.61, 59.89, 62.7, 1000, 1000]
current_hyper_parameter
v: [12.0, 12.0, 27.76, 12.0, 12.0, 12.0, 12.0, 12.0, 12.0, 12.0, 12.0, 12.0, 12.0, 12.0]
a: [50.0, 50.0, 50.0, 50.0, 50.0, 45.85, 50.0, 50.0, 50.0, 103.24, 50.0, 50.0, 50.0, 50.0]
d: [3.5, 3.5, 3.5, 3.5, 3.5, 3.5, 3.5, 3.5, 3.5, 3.5, 3.5, 3.5, 3.5, 2.0]
BEST_hyper_parameter
v: [12.0, 12.0, 27.76, 12.0, 12.0, 12.0, 12.0, 12.0, 12.0, 12.0, 12.0, 12.0, 12.0, 12.0]
a: [50.0, 50.0, 50.0, 50.0, 50.0, 50.0, 50.0, 50.0, 50.0, 103.24, 50.0, 50.0, 50.0, 50.0]
d: [3.5, 3.5, 3.5, 3.5, 3.5, 3.5, 3.5, 3.5, 3.5, 3.5, 3.5, 3.5, 3.5, 2.0]
LOSE: random_idx_1 = 1, random_idx_2 = 10
LOSE: random_idx_1 = 2, random_idx_2 = 2

iteration: 7
best: [6.66, 9.13, 13.15, 16.85, 21.37, 25.81, 45.78, 49.88, 52.1, 54.56, 56.89, 59.8, 62.87, 64.72]
time: [6.59, 9.06, 13.11, 16.78, 23.79, 27.7, 48.07, 52.95, 55.26, 57.61, 1000, 1000, 1000, 1000]
current_hyper_parameter
v: [12.0, 12.0, 27.76, 12.0, 12.0, 12.0, 12.0, 12.0, 12.0, 12.0, 12.0, 12.0, 12.0, 12.0]
a: [50.0, 50.0, 50.0, 50.0, 50.0, 50.0, 50.0, 50.0, 50.0, 103.24, 131.24, 50.0, 50.0, 50.0]
d: [3.5, 3.5, 5.9, 3.5, 3.5, 3.5, 3.5, 3.5, 3.5, 3.5, 3.5, 3.5, 3.5, 2.0]
BEST_hyper_parameter
v: [12.0, 12.0, 27.76, 12.0, 12.0, 12.0, 12.0, 12.0, 12.0, 12.0, 12.0, 12.0, 12.0, 12.0]
a: [50.0, 50.0, 50.0, 50.0, 50.0, 50.0, 50.0, 50.0, 50.0, 103.24, 50.0, 50.0, 50.0, 50.0]
d: [3.5, 3.5, 3.5, 3.5, 3.5, 3.5, 3.5, 3.5, 3.5, 3.5, 3.5, 3.5, 3.5, 2.0]
LOSE: random_idx_1 = 2, random_idx_2 = 12
LOSE: random_idx_1 = 2, random_idx_2 = 12

iteration: 8
best: [6.66, 9.13, 13.15, 16.85, 21.37, 25.81, 45.78, 49.88, 52.1, 54.56, 56.89, 59.8, 62.87, 64.72]
time: [6.68, 9.16, 13.11, 16.8, 20.85, 25.27, 45.27, 49.42, 51.66, 54.02, 56.37, 59.13, 62.42, 64.22]
current_hyper_parameter
v: [12.0, 12.0, 27.76, 12.0, 12.0, 12.0, 12.0, 12.0, 12.0, 12.0, 12.0, 12.0, 12.0, 12.0]
a: [50.0, 50.0, 50.0, 50.0, 50.0, 50.0, 50.0, 50.0, 50.0, 103.24, 50.0, 50.0, 50.0, 50.0]
d: [3.5, 3.5, 3.5, 3.5, 3.5, 3.5, 3.5, 3.5, 3.5, 3.5, 3.5, 3.5, 3.5, 2.0]
BEST_hyper_parameter
v: [12.0, 12.0, 27.76, 12.0, 12.0, 12.0, 12.0, 12.0, 12.0, 12.0, 12.0, 12.0, 12.0, 12.0]
a: [50.0, 50.0, 50.0, 50.0, 50.0, 50.0, 50.0, 50.0, 50.0, 103.24, 50.0, 50.0, 50.0, 50.0]
d: [3.5, 3.5, 3.5, 3.5, 3.5, 3.5, 3.5, 3.5, 3.5, 3.5, 3.5, 3.5, 3.5, 2.0]
WIN: random_idx_1 = 0, random_idx_2 = 7
WIN: random_idx_1 = 0, random_idx_2 = 12

iteration: 9
best: [6.68, 9.16, 13.11, 16.8, 20.85, 25.27, 45.27, 49.42, 51.66, 54.02, 56.37, 59.13, 62.42, 64.22]
time: [6.7, 9.14, 13.08, 16.75, 20.59, 24.75, 45.53, 49.55, 51.85, 54.39, 60.61, 1000, 1000, 1000]
current_hyper_parameter
v: [12.0, 12.0, 27.76, 12.0, 12.0, 12.0, 12.0, 16.9, 12.0, 12.0, 12.0, 12.0, 20.56, 12.0]
a: [50.0, 50.0, 50.0, 50.0, 50.0, 50.0, 50.0, 50.0, 50.0, 103.24, 50.0, 50.0, 50.0, 50.0]
d: [3.5, 3.5, 3.5, 3.5, 3.5, 3.5, 3.5, 3.5, 3.5, 3.5, 3.5, 3.5, 3.5, 2.0]
BEST_hyper_parameter
v: [12.0, 12.0, 27.76, 12.0, 12.0, 12.0, 12.0, 12.0, 12.0, 12.0, 12.0, 12.0, 12.0, 12.0]
a: [50.0, 50.0, 50.0, 50.0, 50.0, 50.0, 50.0, 50.0, 50.0, 103.24, 50.0, 50.0, 50.0, 50.0]
d: [3.5, 3.5, 3.5, 3.5, 3.5, 3.5, 3.5, 3.5, 3.5, 3.5, 3.5, 3.5, 3.5, 2.0]
LOSE: random_idx_1 = 1, random_idx_2 = 12
LOSE: random_idx_1 = 0, random_idx_2 = 5

iteration: 10
best: [6.7, 9.14, 13.08, 16.75, 20.59, 24.75, 45.27, 49.42, 51.66, 54.02, 56.37, 59.13, 62.42, 64.22]
time: [6.68, 9.14, 13.11, 16.78, 20.62, 24.41, 43.9, 48.81, 51.04, 53.35, 66.57, 1000, 1000, 1000]
current_hyper_parameter
v: [12.0, 12.0, 27.76, 12.0, 12.0, 22.19, 12.0, 12.0, 12.0, 12.0, 12.0, 12.0, 12.0, 12.0]
a: [50.0, 50.0, 50.0, 50.0, 50.0, 50.0, 50.0, 50.0, 50.0, 103.24, 50.0, 50.0, 86.32, 50.0]
d: [3.5, 3.5, 3.5, 3.5, 3.5, 3.5, 3.5, 3.5, 3.5, 3.5, 3.5, 3.5, 3.5, 2.0]
BEST_hyper_parameter
v: [12.0, 12.0, 27.76, 12.0, 12.0, 12.0, 12.0, 12.0, 12.0, 12.0, 12.0, 12.0, 12.0, 12.0]
a: [50.0, 50.0, 50.0, 50.0, 50.0, 50.0, 50.0, 50.0, 50.0, 103.24, 50.0, 50.0, 50.0, 50.0]
d: [3.5, 3.5, 3.5, 3.5, 3.5, 3.5, 3.5, 3.5, 3.5, 3.5, 3.5, 3.5, 3.5, 2.0]
LOSE: random_idx_1 = 0, random_idx_2 = 9
LOSE: random_idx_1 = 0, random_idx_2 = 11

iteration: 11
best: [6.68, 9.14, 13.11, 16.78, 20.62, 24.41, 43.9, 48.81, 51.04, 53.35, 56.37, 59.13, 62.42, 64.22]
time: [6.68, 9.15, 13.09, 16.77, 20.58, 24.39, 43.98, 48.88, 51.13, 53.26, 1000, 1000, 1000, 1000]
current_hyper_parameter
v: [12.0, 12.0, 27.76, 12.0, 12.0, 22.19, 12.0, 12.0, 12.0, 14.46, 12.0, 19.19, 12.0, 12.0]
a: [50.0, 50.0, 50.0, 50.0, 50.0, 50.0, 50.0, 50.0, 50.0, 103.24, 50.0, 50.0, 50.0, 50.0]
d: [3.5, 3.5, 3.5, 3.5, 3.5, 3.5, 3.5, 3.5, 3.5, 3.5, 3.5, 3.5, 3.5, 2.0]
BEST_hyper_parameter
v: [12.0, 12.0, 27.76, 12.0, 12.0, 22.19, 12.0, 12.0, 12.0, 12.0, 12.0, 12.0, 12.0, 12.0]
a: [50.0, 50.0, 50.0, 50.0, 50.0, 50.0, 50.0, 50.0, 50.0, 103.24, 50.0, 50.0, 50.0, 50.0]
d: [3.5, 3.5, 3.5, 3.5, 3.5, 3.5, 3.5, 3.5, 3.5, 3.5, 3.5, 3.5, 3.5, 2.0]
LOSE: random_idx_1 = 2, random_idx_2 = 7
LOSE: random_idx_1 = 2, random_idx_2 = 9

iteration: 12
best: [6.68, 9.14, 13.11, 16.78, 20.62, 24.41, 43.9, 48.81, 51.04, 53.35, 56.37, 59.13, 62.42, 64.22]
time: [6.69, 9.15, 13.08, 16.74, 23.72, 27.4, 47.06, 51.92, 54.21, 56.55, 1000, 1000, 1000, 1000]
current_hyper_parameter
v: [12.0, 12.0, 27.76, 12.0, 12.0, 22.19, 12.0, 12.0, 12.0, 12.0, 12.0, 12.0, 12.0, 12.0]
a: [50.0, 50.0, 50.0, 50.0, 50.0, 50.0, 50.0, 50.0, 50.0, 103.24, 50.0, 50.0, 50.0, 50.0]
d: [3.5, 3.5, 3.5, 3.5, 3.5, 3.5, 3.5, 3.5, 3.5, 3.5, 3.5, 3.5, 3.5, 2.0]
BEST_hyper_parameter
v: [12.0, 12.0, 27.76, 12.0, 12.0, 22.19, 12.0, 12.0, 12.0, 12.0, 12.0, 12.0, 12.0, 12.0]
a: [50.0, 50.0, 50.0, 50.0, 50.0, 50.0, 50.0, 50.0, 50.0, 103.24, 50.0, 50.0, 50.0, 50.0]
d: [3.5, 3.5, 3.5, 3.5, 3.5, 3.5, 3.5, 3.5, 3.5, 3.5, 3.5, 3.5, 3.5, 2.0]
LOSE: random_idx_1 = 0, random_idx_2 = 5
LOSE: random_idx_1 = 2, random_idx_2 = 7

iteration: 13
best: [6.68, 9.14, 13.11, 16.78, 20.62, 24.41, 43.9, 48.81, 51.04, 53.35, 56.37, 59.13, 62.42, 64.22]
time: [6.7, 9.15, 13.1, 16.69, 20.53, 24.57, 44.22, 48.27, 50.42, 52.83, 55.36, 58.24, 61.25, 63.02]
current_hyper_parameter
v: [12.0, 12.0, 27.76, 12.0, 12.0, 16.08, 12.0, 12.0, 12.0, 12.0, 12.0, 12.0, 12.0, 12.0]
a: [50.0, 50.0, 50.0, 50.0, 50.0, 50.0, 50.0, 50.0, 50.0, 103.24, 50.0, 50.0, 50.0, 50.0]
d: [3.5, 3.5, 3.5, 3.5, 3.5, 3.5, 3.5, 3.5, 3.5, 3.5, 3.5, 3.5, 3.5, 2.0]
BEST_hyper_parameter
v: [12.0, 12.0, 27.76, 12.0, 12.0, 22.19, 12.0, 12.0, 12.0, 12.0, 12.0, 12.0, 12.0, 12.0]
a: [50.0, 50.0, 50.0, 50.0, 50.0, 50.0, 50.0, 50.0, 50.0, 103.24, 50.0, 50.0, 50.0, 50.0]
d: [3.5, 3.5, 3.5, 3.5, 3.5, 3.5, 3.5, 3.5, 3.5, 3.5, 3.5, 3.5, 3.5, 2.0]
WIN: random_idx_1 = 1, random_idx_2 = 1
WIN: random_idx_1 = 2, random_idx_2 = 0

iteration: 14
best: [6.7, 9.15, 13.1, 16.69, 20.53, 24.57, 44.22, 48.27, 50.42, 52.83, 55.36, 58.24, 61.25, 63.02]
time: [6.68, 8.82, 12.4, 16.03, 19.9, 23.99, 43.76, 47.89, 50.11, 52.42, 54.74, 57.7, 60.83, 62.63]
current_hyper_parameter
v: [12.0, 12.0, 27.76, 12.0, 12.0, 16.08, 12.0, 12.0, 12.0, 12.0, 12.0, 12.0, 12.0, 12.0]
a: [50.0, 127.08, 50.0, 50.0, 50.0, 50.0, 50.0, 50.0, 50.0, 103.24, 50.0, 50.0, 50.0, 50.0]
d: [3.5, 3.5, 3.5, 3.5, 3.5, 3.5, 3.5, 3.5, 3.5, 3.5, 3.5, 3.5, 3.5, 2.0]
BEST_hyper_parameter
v: [12.0, 12.0, 27.76, 12.0, 12.0, 16.08, 12.0, 12.0, 12.0, 12.0, 12.0, 12.0, 12.0, 12.0]
a: [50.0, 50.0, 50.0, 50.0, 50.0, 50.0, 50.0, 50.0, 50.0, 103.24, 50.0, 50.0, 50.0, 50.0]
d: [3.5, 3.5, 3.5, 3.5, 3.5, 3.5, 3.5, 3.5, 3.5, 3.5, 3.5, 3.5, 3.5, 2.0]
WIN: random_idx_1 = 1, random_idx_2 = 7
WIN: random_idx_1 = 2, random_idx_2 = 3

iteration: 15
best: [6.68, 8.82, 12.4, 16.03, 19.9, 23.99, 43.76, 47.89, 50.11, 52.42, 54.74, 57.7, 60.83, 62.63]
time: [6.52, 8.66, 12.24, 15.86, 22.91, 26.59, 46.43, 50.03, 59.47, 62.37, 63.96, 1000, 1000, 1000]
current_hyper_parameter
v: [12.0, 12.0, 27.76, 12.0, 12.0, 16.08, 12.0, 12.0, 12.0, 12.0, 12.0, 12.0, 12.0, 12.0]
a: [50.0, 127.08, 50.0, 50.0, 50.0, 50.0, 50.0, 146.61, 50.0, 103.24, 50.0, 50.0, 50.0, 50.0]
d: [3.5, 3.5, 3.5, 3.5, 3.5, 3.5, 3.5, 3.5, 3.5, 3.5, 3.5, 3.5, 3.5, 2.0]
BEST_hyper_parameter
v: [12.0, 12.0, 27.76, 12.0, 12.0, 16.08, 12.0, 12.0, 12.0, 12.0, 12.0, 12.0, 12.0, 12.0]
a: [50.0, 127.08, 50.0, 50.0, 50.0, 50.0, 50.0, 50.0, 50.0, 103.24, 50.0, 50.0, 50.0, 50.0]
d: [3.5, 3.5, 3.5, 3.5, 3.5, 3.5, 3.5, 3.5, 3.5, 3.5, 3.5, 3.5, 3.5, 2.0]
LOSE: random_idx_1 = 0, random_idx_2 = 1
LOSE: random_idx_1 = 2, random_idx_2 = 13

iteration: 16
best: [6.68, 8.82, 12.4, 16.03, 19.9, 23.99, 43.76, 47.89, 50.11, 52.42, 54.74, 57.7, 60.83, 62.63]
time: [6.7, 8.51, 11.73, 15.18, 22.27, 25.86, 45.91, 50.76, 53.0, 55.44, 57.54, 60.29, 63.26, 1000]
current_hyper_parameter
v: [12.0, 17.47, 27.76, 12.0, 12.0, 16.08, 12.0, 12.0, 12.0, 12.0, 12.0, 12.0, 12.0, 12.0]
a: [50.0, 127.08, 50.0, 50.0, 50.0, 50.0, 50.0, 50.0, 50.0, 103.24, 50.0, 50.0, 50.0, 50.0]
d: [3.5, 3.5, 3.5, 3.5, 3.5, 3.5, 3.5, 3.5, 3.5, 3.5, 3.5, 3.5, 3.5, 2.0]
BEST_hyper_parameter
v: [12.0, 12.0, 27.76, 12.0, 12.0, 16.08, 12.0, 12.0, 12.0, 12.0, 12.0, 12.0, 12.0, 12.0]
a: [50.0, 127.08, 50.0, 50.0, 50.0, 50.0, 50.0, 50.0, 50.0, 103.24, 50.0, 50.0, 50.0, 50.0]
d: [3.5, 3.5, 3.5, 3.5, 3.5, 3.5, 3.5, 3.5, 3.5, 3.5, 3.5, 3.5, 3.5, 2.0]
LOSE: random_idx_1 = 0, random_idx_2 = 4
LOSE: random_idx_1 = 0, random_idx_2 = 6

iteration: 17
best: [6.7, 8.51, 11.73, 15.18, 19.9, 23.99, 43.76, 47.89, 50.11, 52.42, 54.74, 57.7, 60.83, 62.63]
time: [6.69, 8.49, 11.72, 15.18, 19.74, 23.47, 37.68, 41.73, 43.94, 46.54, 49.15, 52.1, 55.03, 59.77]
current_hyper_parameter
v: [12.0, 17.47, 27.76, 12.0, 9.21, 16.08, 20.9, 12.0, 12.0, 12.0, 12.0, 12.0, 12.0, 12.0]
a: [50.0, 127.08, 50.0, 50.0, 50.0, 50.0, 50.0, 50.0, 50.0, 103.24, 50.0, 50.0, 50.0, 50.0]
d: [3.5, 3.5, 3.5, 3.5, 3.5, 3.5, 3.5, 3.5, 3.5, 3.5, 3.5, 3.5, 3.5, 2.0]
BEST_hyper_parameter
v: [12.0, 17.47, 27.76, 12.0, 12.0, 16.08, 12.0, 12.0, 12.0, 12.0, 12.0, 12.0, 12.0, 12.0]
a: [50.0, 127.08, 50.0, 50.0, 50.0, 50.0, 50.0, 50.0, 50.0, 103.24, 50.0, 50.0, 50.0, 50.0]
d: [3.5, 3.5, 3.5, 3.5, 3.5, 3.5, 3.5, 3.5, 3.5, 3.5, 3.5, 3.5, 3.5, 2.0]
WIN: random_idx_1 = 2, random_idx_2 = 5
WIN: random_idx_1 = 1, random_idx_2 = 8

iteration: 18
best: [6.69, 8.49, 11.72, 15.18, 19.74, 23.47, 37.68, 41.73, 43.94, 46.54, 49.15, 52.1, 55.03, 59.77]
time: [6.69, 8.5, 11.69, 15.16, 22.59, 26.5, 40.61, 44.27, 46.33, 48.64, 1000, 1000, 1000, 1000]
current_hyper_parameter
v: [12.0, 17.47, 27.76, 12.0, 9.21, 16.08, 20.9, 12.0, 12.0, 12.0, 12.0, 12.0, 12.0, 12.0]
a: [50.0, 127.08, 50.0, 50.0, 50.0, 50.0, 50.0, 50.0, 64.42, 103.24, 50.0, 50.0, 50.0, 50.0]
d: [3.5, 3.5, 3.5, 3.5, 3.5, 3.5, 3.5, 3.5, 3.5, 3.5, 3.5, 3.5, 3.5, 2.0]
BEST_hyper_parameter
v: [12.0, 17.47, 27.76, 12.0, 9.21, 16.08, 20.9, 12.0, 12.0, 12.0, 12.0, 12.0, 12.0, 12.0]
a: [50.0, 127.08, 50.0, 50.0, 50.0, 50.0, 50.0, 50.0, 50.0, 103.24, 50.0, 50.0, 50.0, 50.0]
d: [3.5, 3.5, 3.5, 3.5, 3.5, 3.5, 3.5, 3.5, 3.5, 3.5, 3.5, 3.5, 3.5, 2.0]
LOSE: random_idx_1 = 0, random_idx_2 = 9
LOSE: random_idx_1 = 1, random_idx_2 = 9

iteration: 19
best: [6.69, 8.49, 11.72, 15.18, 19.74, 23.47, 37.68, 41.73, 43.94, 46.54, 49.15, 52.1, 55.03, 59.77]
time: [6.56, 8.41, 11.63, 15.17, 22.74, 26.45, 40.58, 45.47, 47.8, 50.08, 55.39, 1000, 1000, 1000]
current_hyper_parameter
v: [12.0, 17.47, 27.76, 12.0, 9.21, 16.08, 20.9, 12.0, 12.0, 23.89, 12.0, 12.0, 12.0, 12.0]
a: [50.0, 127.08, 50.0, 50.0, 50.0, 50.0, 50.0, 50.0, 50.0, 57.86, 50.0, 50.0, 50.0, 50.0]
d: [3.5, 3.5, 3.5, 3.5, 3.5, 3.5, 3.5, 3.5, 3.5, 3.5, 3.5, 3.5, 3.5, 2.0]
BEST_hyper_parameter
v: [12.0, 17.47, 27.76, 12.0, 9.21, 16.08, 20.9, 12.0, 12.0, 12.0, 12.0, 12.0, 12.0, 12.0]
a: [50.0, 127.08, 50.0, 50.0, 50.0, 50.0, 50.0, 50.0, 50.0, 103.24, 50.0, 50.0, 50.0, 50.0]
d: [3.5, 3.5, 3.5, 3.5, 3.5, 3.5, 3.5, 3.5, 3.5, 3.5, 3.5, 3.5, 3.5, 2.0]
LOSE: random_idx_1 = 0, random_idx_2 = 2
LOSE: random_idx_1 = 0, random_idx_2 = 12

iteration: 20
best: [6.69, 8.49, 11.72, 15.18, 19.74, 23.47, 37.68, 41.73, 43.94, 46.54, 49.15, 52.1, 55.03, 59.77]
time: [6.68, 8.47, 11.83, 15.69, 20.23, 24.0, 38.1, 41.77, 43.94, 46.28, 55.27, 59.06, 1000, 1000]
current_hyper_parameter
v: [12.0, 17.47, 16.53, 12.0, 9.21, 16.08, 20.9, 12.0, 12.0, 12.0, 12.0, 12.0, 20.82, 12.0]
a: [50.0, 127.08, 50.0, 50.0, 50.0, 50.0, 50.0, 50.0, 50.0, 103.24, 50.0, 50.0, 50.0, 50.0]
d: [3.5, 3.5, 3.5, 3.5, 3.5, 3.5, 3.5, 3.5, 3.5, 3.5, 3.5, 3.5, 3.5, 2.0]
BEST_hyper_parameter
v: [12.0, 17.47, 27.76, 12.0, 9.21, 16.08, 20.9, 12.0, 12.0, 12.0, 12.0, 12.0, 12.0, 12.0]
a: [50.0, 127.08, 50.0, 50.0, 50.0, 50.0, 50.0, 50.0, 50.0, 103.24, 50.0, 50.0, 50.0, 50.0]
d: [3.5, 3.5, 3.5, 3.5, 3.5, 3.5, 3.5, 3.5, 3.5, 3.5, 3.5, 3.5, 3.5, 2.0]
LOSE: random_idx_1 = 1, random_idx_2 = 8
LOSE: random_idx_1 = 2, random_idx_2 = 10

iteration: 21
best: [6.69, 8.49, 11.72, 15.18, 19.74, 23.47, 37.68, 41.73, 43.94, 46.54, 49.15, 52.1, 55.03, 59.77]
time: [6.66, 8.48, 11.74, 15.26, 22.77, 26.48, 40.57, 44.27, 46.66, 49.35, 54.26, 57.45, 63.27, 1000]
current_hyper_parameter
v: [12.0, 17.47, 27.76, 12.0, 9.21, 16.08, 20.9, 12.0, 12.0, 12.0, 12.0, 12.0, 12.0, 12.0]
a: [50.0, 127.08, 50.0, 50.0, 50.0, 50.0, 50.0, 50.0, 22.97, 103.24, 50.0, 50.0, 50.0, 50.0]
d: [3.5, 3.5, 3.5, 3.5, 3.5, 3.5, 3.5, 3.5, 3.5, 3.5, 3.5, 3.5, 3.5, 2.0]
BEST_hyper_parameter
v: [12.0, 17.47, 27.76, 12.0, 9.21, 16.08, 20.9, 12.0, 12.0, 12.0, 12.0, 12.0, 12.0, 12.0]
a: [50.0, 127.08, 50.0, 50.0, 50.0, 50.0, 50.0, 50.0, 50.0, 103.24, 50.0, 50.0, 50.0, 50.0]
d: [3.5, 3.5, 3.5, 3.5, 3.5, 3.5, 3.5, 3.5, 3.5, 3.5, 3.5, 3.5, 3.5, 2.0]
LOSE: random_idx_1 = 1, random_idx_2 = 8
LOSE: random_idx_1 = 2, random_idx_2 = 5

iteration: 22
best: [6.69, 8.49, 11.72, 15.18, 19.74, 23.47, 37.68, 41.73, 43.94, 46.54, 49.15, 52.1, 55.03, 59.77]
time: [6.59, 8.42, 11.67, 15.14, 22.67, 26.5, 40.57, 44.29, 46.15, 48.28, 57.95, 1000, 1000, 1000]
current_hyper_parameter
v: [12.0, 17.47, 27.76, 12.0, 9.21, 16.08, 20.9, 12.0, 12.0, 12.0, 12.0, 12.0, 12.0, 12.0]
a: [50.0, 127.08, 50.0, 50.0, 50.0, 50.0, 50.0, 50.0, 148.97, 103.24, 50.0, 50.0, 50.0, 50.0]
d: [3.5, 3.5, 3.5, 3.5, 3.5, 3.5, 3.5, 3.5, 3.5, 3.5, 3.5, 3.5, 3.5, 2.0]
BEST_hyper_parameter
v: [12.0, 17.47, 27.76, 12.0, 9.21, 16.08, 20.9, 12.0, 12.0, 12.0, 12.0, 12.0, 12.0, 12.0]
a: [50.0, 127.08, 50.0, 50.0, 50.0, 50.0, 50.0, 50.0, 50.0, 103.24, 50.0, 50.0, 50.0, 50.0]
d: [3.5, 3.5, 3.5, 3.5, 3.5, 3.5, 3.5, 3.5, 3.5, 3.5, 3.5, 3.5, 3.5, 2.0]
LOSE: random_idx_1 = 0, random_idx_2 = 0
LOSE: random_idx_1 = 1, random_idx_2 = 13

iteration: 23
best: [6.69, 8.49, 11.72, 15.18, 19.74, 23.47, 37.68, 41.73, 43.94, 46.54, 49.15, 52.1, 55.03, 59.77]
time: [6.52, 8.34, 11.69, 15.22, 22.72, 26.51, 40.55, 44.26, 46.39, 48.74, 51.09, 53.91, 57.06, 58.53]
current_hyper_parameter
v: [16.24, 17.47, 27.76, 12.0, 9.21, 16.08, 20.9, 12.0, 12.0, 12.0, 12.0, 12.0, 12.0, 12.0]
a: [50.0, 127.08, 50.0, 50.0, 50.0, 50.0, 50.0, 50.0, 50.0, 103.24, 50.0, 50.0, 50.0, 104.7]
d: [3.5, 3.5, 3.5, 3.5, 3.5, 3.5, 3.5, 3.5, 3.5, 3.5, 3.5, 3.5, 3.5, 2.0]
BEST_hyper_parameter
v: [12.0, 17.47, 27.76, 12.0, 9.21, 16.08, 20.9, 12.0, 12.0, 12.0, 12.0, 12.0, 12.0, 12.0]
a: [50.0, 127.08, 50.0, 50.0, 50.0, 50.0, 50.0, 50.0, 50.0, 103.24, 50.0, 50.0, 50.0, 50.0]
d: [3.5, 3.5, 3.5, 3.5, 3.5, 3.5, 3.5, 3.5, 3.5, 3.5, 3.5, 3.5, 3.5, 2.0]
WIN: random_idx_1 = 0, random_idx_2 = 8
WIN: random_idx_1 = 0, random_idx_2 = 7

iteration: 24
best: [6.52, 8.34, 11.69, 15.22, 22.72, 26.51, 40.55, 44.26, 46.39, 48.74, 51.09, 53.91, 57.06, 58.53]
time: [6.52, 8.34, 11.63, 15.15, 19.48, 23.61, 37.6, 41.12, 43.09, 45.45, 48.09, 50.75, 53.57, 54.94]
current_hyper_parameter
v: [16.24, 17.47, 27.76, 12.0, 9.21, 16.08, 20.9, 21.07, 33.39, 12.0, 12.0, 12.0, 12.0, 12.0]
a: [50.0, 127.08, 50.0, 50.0, 50.0, 50.0, 50.0, 50.0, 50.0, 103.24, 50.0, 50.0, 50.0, 104.7]
d: [3.5, 3.5, 3.5, 3.5, 3.5, 3.5, 3.5, 3.5, 3.5, 3.5, 3.5, 3.5, 3.5, 2.0]
BEST_hyper_parameter
v: [16.24, 17.47, 27.76, 12.0, 9.21, 16.08, 20.9, 12.0, 12.0, 12.0, 12.0, 12.0, 12.0, 12.0]
a: [50.0, 127.08, 50.0, 50.0, 50.0, 50.0, 50.0, 50.0, 50.0, 103.24, 50.0, 50.0, 50.0, 104.7]
d: [3.5, 3.5, 3.5, 3.5, 3.5, 3.5, 3.5, 3.5, 3.5, 3.5, 3.5, 3.5, 3.5, 2.0]
WIN: random_idx_1 = 2, random_idx_2 = 6
WIN: random_idx_1 = 1, random_idx_2 = 10

iteration: 25
best: [6.52, 8.34, 11.63, 15.15, 19.48, 23.61, 37.6, 41.12, 43.09, 45.45, 48.09, 50.75, 53.57, 54.94]
time: [6.47, 8.22, 11.39, 14.98, 19.31, 22.97, 37.18, 40.68, 42.68, 45.05, 46.88, 49.86, 55.65, 1000]
current_hyper_parameter
v: [16.24, 17.47, 27.76, 12.0, 9.21, 16.08, 20.9, 21.07, 33.39, 12.0, 12.0, 12.0, 12.0, 12.0]
a: [50.0, 127.08, 50.0, 50.0, 50.0, 50.0, 50.0, 50.0, 50.0, 103.24, 85.35, 50.0, 50.0, 104.7]
d: [3.5, 3.5, 3.5, 3.5, 3.5, 3.5, 3.5, 3.5, 3.5, 3.5, 3.5, 3.5, 3.5, 2.0]
BEST_hyper_parameter
v: [16.24, 17.47, 27.76, 12.0, 9.21, 16.08, 20.9, 21.07, 33.39, 12.0, 12.0, 12.0, 12.0, 12.0]
a: [50.0, 127.08, 50.0, 50.0, 50.0, 50.0, 50.0, 50.0, 50.0, 103.24, 50.0, 50.0, 50.0, 104.7]
d: [3.5, 3.5, 3.5, 3.5, 3.5, 3.5, 3.5, 3.5, 3.5, 3.5, 3.5, 3.5, 3.5, 2.0]
LOSE: random_idx_1 = 0, random_idx_2 = 13
LOSE: random_idx_1 = 1, random_idx_2 = 13

iteration: 26
best: [6.47, 8.22, 11.39, 14.98, 19.31, 22.97, 37.18, 40.68, 42.68, 45.05, 46.88, 49.86, 53.57, 54.94]
time: [6.39, 8.13, 11.33, 18.06, 22.7, 26.42, 40.49, 44.08, 46.08, 48.46, 50.27, 53.32, 1000, 1000]
current_hyper_parameter
v: [16.24, 17.47, 27.76, 12.0, 9.21, 16.08, 20.9, 21.07, 33.39, 12.0, 12.0, 12.0, 12.0, 16.67]
a: [50.0, 127.08, 50.0, 50.0, 50.0, 50.0, 50.0, 50.0, 50.0, 103.24, 85.35, 50.0, 50.0, 116.04]
d: [3.5, 3.5, 3.5, 3.5, 3.5, 3.5, 3.5, 3.5, 3.5, 3.5, 3.5, 3.5, 3.5, 2.0]
BEST_hyper_parameter
v: [16.24, 17.47, 27.76, 12.0, 9.21, 16.08, 20.9, 21.07, 33.39, 12.0, 12.0, 12.0, 12.0, 12.0]
a: [50.0, 127.08, 50.0, 50.0, 50.0, 50.0, 50.0, 50.0, 50.0, 103.24, 85.35, 50.0, 50.0, 104.7]
d: [3.5, 3.5, 3.5, 3.5, 3.5, 3.5, 3.5, 3.5, 3.5, 3.5, 3.5, 3.5, 3.5, 2.0]
LOSE: random_idx_1 = 2, random_idx_2 = 6
LOSE: random_idx_1 = 2, random_idx_2 = 1

iteration: 27
best: [6.47, 8.22, 11.39, 14.98, 19.31, 22.97, 37.18, 40.68, 42.68, 45.05, 46.88, 49.86, 53.57, 54.94]
time: [6.41, 8.14, 11.34, 18.38, 23.04, 26.97, 41.0, 44.58, 46.69, 49.11, 50.97, 53.94, 1000, 1000]
current_hyper_parameter
v: [16.24, 17.47, 27.76, 12.0, 9.21, 16.08, 20.9, 21.07, 33.39, 12.0, 12.0, 12.0, 12.0, 12.0]
a: [50.0, 127.08, 50.0, 50.0, 50.0, 50.0, 50.0, 50.0, 50.0, 103.24, 85.35, 50.0, 50.0, 104.7]
d: [3.5, 3.5, 3.5, 3.5, 3.5, 3.5, 3.5, 3.5, 3.5, 3.5, 3.5, 3.5, 3.5, 2.0]
BEST_hyper_parameter
v: [16.24, 17.47, 27.76, 12.0, 9.21, 16.08, 20.9, 21.07, 33.39, 12.0, 12.0, 12.0, 12.0, 12.0]
a: [50.0, 127.08, 50.0, 50.0, 50.0, 50.0, 50.0, 50.0, 50.0, 103.24, 85.35, 50.0, 50.0, 104.7]
d: [3.5, 3.5, 3.5, 3.5, 3.5, 3.5, 3.5, 3.5, 3.5, 3.5, 3.5, 3.5, 3.5, 2.0]
LOSE: random_idx_1 = 0, random_idx_2 = 13
LOSE: random_idx_1 = 2, random_idx_2 = 12

iteration: 28
best: [6.47, 8.22, 11.39, 14.98, 19.31, 22.97, 37.18, 40.68, 42.68, 45.05, 46.88, 49.86, 53.57, 54.94]
time: [6.37, 8.09, 11.23, 14.72, 19.23, 22.98, 37.09, 40.67, 42.67, 45.01, 47.34, 50.27, 52.84, 54.0]
current_hyper_parameter
v: [16.24, 17.47, 27.76, 12.0, 9.21, 16.08, 20.9, 21.07, 33.39, 12.0, 12.0, 12.0, 12.0, 27.88]
a: [50.0, 127.08, 50.0, 50.0, 50.0, 50.0, 50.0, 50.0, 50.0, 103.24, 85.35, 50.0, 50.0, 104.7]
d: [3.5, 3.5, 3.5, 3.5, 3.5, 3.5, 3.5, 3.5, 3.5, 3.5, 3.5, 3.5, 3.5, 2.0]
BEST_hyper_parameter
v: [16.24, 17.47, 27.76, 12.0, 9.21, 16.08, 20.9, 21.07, 33.39, 12.0, 12.0, 12.0, 12.0, 12.0]
a: [50.0, 127.08, 50.0, 50.0, 50.0, 50.0, 50.0, 50.0, 50.0, 103.24, 85.35, 50.0, 50.0, 104.7]
d: [3.5, 3.5, 3.5, 3.5, 3.5, 3.5, 3.5, 3.5, 3.5, 3.5, 3.5, 3.5, 3.5, 2.0]
WIN: random_idx_1 = 2, random_idx_2 = 2
WIN: random_idx_1 = 1, random_idx_2 = 0

iteration: 29
best: [6.37, 8.09, 11.23, 14.72, 19.23, 22.98, 37.09, 40.67, 42.67, 45.01, 47.34, 50.27, 52.84, 54.0]
time: [5.93, 7.47, 10.68, 17.62, 22.05, 25.99, 40.0, 43.52, 45.54, 48.13, 50.3, 53.27, 1000, 1000]
current_hyper_parameter
v: [16.24, 17.47, 27.76, 12.0, 9.21, 16.08, 20.9, 21.07, 33.39, 12.0, 12.0, 12.0, 12.0, 27.88]
a: [129.24, 127.08, 50.0, 50.0, 50.0, 50.0, 50.0, 50.0, 50.0, 103.24, 85.35, 50.0, 50.0, 104.7]
d: [3.5, 3.5, 4.47, 3.5, 3.5, 3.5, 3.5, 3.5, 3.5, 3.5, 3.5, 3.5, 3.5, 2.0]
BEST_hyper_parameter
v: [16.24, 17.47, 27.76, 12.0, 9.21, 16.08, 20.9, 21.07, 33.39, 12.0, 12.0, 12.0, 12.0, 27.88]
a: [50.0, 127.08, 50.0, 50.0, 50.0, 50.0, 50.0, 50.0, 50.0, 103.24, 85.35, 50.0, 50.0, 104.7]
d: [3.5, 3.5, 3.5, 3.5, 3.5, 3.5, 3.5, 3.5, 3.5, 3.5, 3.5, 3.5, 3.5, 2.0]
LOSE: random_idx_1 = 1, random_idx_2 = 6
LOSE: random_idx_1 = 0, random_idx_2 = 3

iteration: 30
best: [5.93, 7.47, 10.68, 14.72, 19.23, 22.98, 37.09, 40.67, 42.67, 45.01, 47.34, 50.27, 52.84, 54.0]
time: [5.85, 7.44, 10.62, 13.79, 21.01, 24.98, 37.76, 1000, 1000, 1000, 1000, 1000, 1000, 1000]
current_hyper_parameter
v: [16.24, 17.47, 27.76, 22.7, 9.21, 16.08, 20.9, 21.07, 33.39, 12.0, 12.0, 12.0, 12.0, 27.88]
a: [129.24, 127.08, 50.0, 50.0, 50.0, 50.0, 159.64, 50.0, 50.0, 103.24, 85.35, 50.0, 50.0, 104.7]
d: [3.5, 3.5, 4.47, 3.5, 3.5, 3.5, 3.5, 3.5, 3.5, 3.5, 3.5, 3.5, 3.5, 2.0]
BEST_hyper_parameter
v: [16.24, 17.47, 27.76, 12.0, 9.21, 16.08, 20.9, 21.07, 33.39, 12.0, 12.0, 12.0, 12.0, 27.88]
a: [129.24, 127.08, 50.0, 50.0, 50.0, 50.0, 50.0, 50.0, 50.0, 103.24, 85.35, 50.0, 50.0, 104.7]
d: [3.5, 3.5, 4.47, 3.5, 3.5, 3.5, 3.5, 3.5, 3.5, 3.5, 3.5, 3.5, 3.5, 2.0]
LOSE: random_idx_1 = 1, random_idx_2 = 7
LOSE: random_idx_1 = 0, random_idx_2 = 8

iteration: 31
best: [5.85, 7.44, 10.62, 13.79, 19.23, 22.98, 37.09, 40.67, 42.67, 45.01, 47.34, 50.27, 52.84, 54.0]
time: [5.86, 7.45, 10.63, 13.81, 21.02, 24.89, 39.06, 42.88, 44.55, 46.97, 49.16, 52.16, 1000, 1000]
current_hyper_parameter
v: [16.24, 17.47, 27.76, 22.7, 9.21, 16.08, 20.9, 21.07, 19.96, 12.0, 12.0, 12.0, 12.0, 27.88]
a: [129.24, 127.08, 50.0, 50.0, 50.0, 50.0, 50.0, 90.68, 50.0, 103.24, 85.35, 50.0, 50.0, 104.7]
d: [3.5, 3.5, 4.47, 3.5, 3.5, 3.5, 3.5, 3.5, 3.5, 3.5, 3.5, 3.5, 3.5, 2.0]
BEST_hyper_parameter
v: [16.24, 17.47, 27.76, 22.7, 9.21, 16.08, 20.9, 21.07, 33.39, 12.0, 12.0, 12.0, 12.0, 27.88]
a: [129.24, 127.08, 50.0, 50.0, 50.0, 50.0, 50.0, 50.0, 50.0, 103.24, 85.35, 50.0, 50.0, 104.7]
d: [3.5, 3.5, 4.47, 3.5, 3.5, 3.5, 3.5, 3.5, 3.5, 3.5, 3.5, 3.5, 3.5, 2.0]
LOSE: random_idx_1 = 0, random_idx_2 = 12
LOSE: random_idx_1 = 1, random_idx_2 = 8

iteration: 32
best: [5.85, 7.44, 10.62, 13.79, 19.23, 22.98, 37.09, 40.67, 42.67, 45.01, 47.34, 50.27, 52.84, 54.0]
time: [5.95, 7.53, 10.7, 13.84, 17.9, 22.07, 36.27, 40.12, 53.58, 56.14, 1000, 1000, 1000, 1000]
current_hyper_parameter
v: [16.24, 17.47, 27.76, 22.7, 9.21, 16.08, 20.9, 21.07, 33.39, 12.0, 12.0, 12.0, 27.39, 27.88]
a: [129.24, 127.08, 50.0, 50.0, 50.0, 50.0, 50.0, 50.0, 31.98, 103.24, 85.35, 50.0, 50.0, 104.7]
d: [3.5, 3.5, 4.47, 3.5, 3.5, 3.5, 3.5, 3.5, 3.5, 3.5, 3.5, 3.5, 3.5, 2.0]
BEST_hyper_parameter
v: [16.24, 17.47, 27.76, 22.7, 9.21, 16.08, 20.9, 21.07, 33.39, 12.0, 12.0, 12.0, 12.0, 27.88]
a: [129.24, 127.08, 50.0, 50.0, 50.0, 50.0, 50.0, 50.0, 50.0, 103.24, 85.35, 50.0, 50.0, 104.7]
d: [3.5, 3.5, 4.47, 3.5, 3.5, 3.5, 3.5, 3.5, 3.5, 3.5, 3.5, 3.5, 3.5, 2.0]
LOSE: random_idx_1 = 0, random_idx_2 = 11
LOSE: random_idx_1 = 2, random_idx_2 = 13

iteration: 33
best: [5.95, 7.53, 10.7, 13.84, 17.9, 22.07, 36.27, 40.12, 42.67, 45.01, 47.34, 50.27, 52.84, 54.0]
time: [5.86, 7.42, 10.62, 13.78, 17.83, 22.06, 37.03, 40.59, 42.65, 44.99, 46.8, 49.16, 52.24, 53.45]
current_hyper_parameter
v: [16.24, 17.47, 27.76, 22.7, 9.21, 16.08, 20.9, 21.07, 33.39, 12.0, 12.0, 31.42, 12.0, 27.88]
a: [129.24, 127.08, 50.0, 50.0, 50.0, 50.0, 50.0, 50.0, 50.0, 103.24, 85.35, 50.0, 50.0, 104.7]
d: [3.5, 3.5, 4.47, 3.5, 3.5, 3.5, 3.5, 3.5, 3.5, 3.5, 3.5, 3.5, 3.5, 2.0]
BEST_hyper_parameter
v: [16.24, 17.47, 27.76, 22.7, 9.21, 16.08, 20.9, 21.07, 33.39, 12.0, 12.0, 12.0, 12.0, 27.88]
a: [129.24, 127.08, 50.0, 50.0, 50.0, 50.0, 50.0, 50.0, 50.0, 103.24, 85.35, 50.0, 50.0, 104.7]
d: [3.5, 3.5, 4.47, 3.5, 3.5, 3.5, 3.5, 3.5, 3.5, 3.5, 3.5, 3.5, 3.5, 2.0]
WIN: random_idx_1 = 2, random_idx_2 = 5
WIN: random_idx_1 = 2, random_idx_2 = 7

iteration: 34
best: [5.86, 7.42, 10.62, 13.78, 17.83, 22.06, 37.03, 40.59, 42.65, 44.99, 46.8, 49.16, 52.24, 53.45]
time: [5.9, 7.49, 10.69, 14.12, 18.34, 22.5, 36.7, 40.57, 42.61, 44.98, 47.17, 52.83, 1000, 1000]
current_hyper_parameter
v: [16.24, 17.47, 27.76, 22.7, 9.21, 16.08, 20.9, 21.07, 33.39, 12.0, 12.0, 31.42, 12.0, 27.88]
a: [129.24, 127.08, 50.0, 50.0, 50.0, 50.0, 50.0, 50.0, 50.0, 103.24, 85.35, 50.0, 50.0, 104.7]
d: [3.5, 3.5, 4.47, 3.5, 3.5, 3.5, 3.5, 3.5, 3.5, 3.5, 3.5, 3.5, 3.5, 2.0]
BEST_hyper_parameter
v: [16.24, 17.47, 27.76, 22.7, 9.21, 16.08, 20.9, 21.07, 33.39, 12.0, 12.0, 31.42, 12.0, 27.88]
a: [129.24, 127.08, 50.0, 50.0, 50.0, 50.0, 50.0, 50.0, 50.0, 103.24, 85.35, 50.0, 50.0, 104.7]
d: [3.5, 3.5, 4.47, 3.5, 3.5, 3.5, 3.5, 3.5, 3.5, 3.5, 3.5, 3.5, 3.5, 2.0]
LOSE: random_idx_1 = 1, random_idx_2 = 4
LOSE: random_idx_1 = 2, random_idx_2 = 4

iteration: 35
best: [5.86, 7.42, 10.62, 13.78, 17.83, 22.06, 37.03, 40.59, 42.65, 44.99, 46.8, 49.16, 52.24, 53.45]
time: [5.92, 7.5, 10.67, 13.83, 20.8, 24.37, 38.55, 42.15, 44.17, 46.5, 48.81, 51.7, 1000, 1000]
current_hyper_parameter
v: [16.24, 17.47, 27.76, 22.7, 9.21, 16.08, 20.9, 21.07, 33.39, 12.0, 12.0, 31.42, 12.0, 27.88]
a: [129.24, 127.08, 50.0, 50.0, 69.74, 50.0, 50.0, 50.0, 50.0, 103.24, 85.35, 50.0, 50.0, 104.7]
d: [3.5, 3.5, 4.47, 3.5, 3.5, 3.5, 3.5, 3.5, 3.5, 3.5, 3.5, 3.5, 3.5, 2.0]
BEST_hyper_parameter
v: [16.24, 17.47, 27.76, 22.7, 9.21, 16.08, 20.9, 21.07, 33.39, 12.0, 12.0, 31.42, 12.0, 27.88]
a: [129.24, 127.08, 50.0, 50.0, 50.0, 50.0, 50.0, 50.0, 50.0, 103.24, 85.35, 50.0, 50.0, 104.7]
d: [3.5, 3.5, 4.47, 3.5, 3.5, 3.5, 3.5, 3.5, 3.5, 3.5, 3.5, 3.5, 3.5, 2.0]
LOSE: random_idx_1 = 2, random_idx_2 = 6
LOSE: random_idx_1 = 2, random_idx_2 = 10

iteration: 36
best: [5.86, 7.42, 10.62, 13.78, 17.83, 22.06, 37.03, 40.59, 42.65, 44.99, 46.8, 49.16, 52.24, 53.45]
time: [5.9, 7.49, 10.65, 13.79, 17.85, 21.97, 36.02, 40.09, 42.06, 44.36, 46.4, 53.54, 55.83, 1000]
current_hyper_parameter
v: [16.24, 17.47, 27.76, 22.7, 9.21, 16.08, 20.9, 21.07, 33.39, 12.0, 12.0, 31.42, 12.0, 27.88]
a: [129.24, 127.08, 50.0, 50.0, 50.0, 50.0, 50.0, 50.0, 50.0, 103.24, 85.35, 50.0, 50.0, 104.7]
d: [3.5, 3.5, 4.47, 3.5, 3.5, 3.5, 3.5, 3.5, 3.5, 3.5, 3.5, 3.5, 3.5, 2.0]
BEST_hyper_parameter
v: [16.24, 17.47, 27.76, 22.7, 9.21, 16.08, 20.9, 21.07, 33.39, 12.0, 12.0, 31.42, 12.0, 27.88]
a: [129.24, 127.08, 50.0, 50.0, 50.0, 50.0, 50.0, 50.0, 50.0, 103.24, 85.35, 50.0, 50.0, 104.7]
d: [3.5, 3.5, 4.47, 3.5, 3.5, 3.5, 3.5, 3.5, 3.5, 3.5, 3.5, 3.5, 3.5, 2.0]
LOSE: random_idx_1 = 1, random_idx_2 = 10
LOSE: random_idx_1 = 2, random_idx_2 = 12

iteration: 37
best: [5.9, 7.49, 10.65, 13.79, 17.85, 21.97, 36.02, 40.09, 42.06, 44.36, 46.8, 49.16, 52.24, 53.45]
time: [5.92, 7.51, 10.68, 13.79, 17.83, 21.98, 36.03, 40.68, 42.64, 44.91, 46.7, 48.99, 51.79, 52.89]
current_hyper_parameter
v: [16.24, 17.47, 27.76, 22.7, 9.21, 16.08, 20.9, 21.07, 33.39, 12.0, 12.0, 31.42, 12.0, 27.88]
a: [129.24, 127.08, 50.0, 50.0, 50.0, 50.0, 50.0, 50.0, 50.0, 103.24, 95.77, 50.0, 50.0, 104.7]
d: [3.5, 3.5, 4.47, 3.5, 3.5, 3.5, 3.5, 3.5, 3.5, 3.5, 3.5, 3.5, 3.5, 2.0]
BEST_hyper_parameter
v: [16.24, 17.47, 27.76, 22.7, 9.21, 16.08, 20.9, 21.07, 33.39, 12.0, 12.0, 31.42, 12.0, 27.88]
a: [129.24, 127.08, 50.0, 50.0, 50.0, 50.0, 50.0, 50.0, 50.0, 103.24, 85.35, 50.0, 50.0, 104.7]
d: [3.5, 3.5, 4.47, 3.5, 3.5, 3.5, 3.5, 3.5, 3.5, 3.5, 3.5, 3.5, 3.5, 2.0]
WIN: random_idx_1 = 1, random_idx_2 = 9
WIN: random_idx_1 = 0, random_idx_2 = 5

iteration: 38
best: [5.92, 7.51, 10.68, 13.79, 17.83, 21.98, 36.03, 40.68, 42.64, 44.91, 46.7, 48.99, 51.79, 52.89]
time: [5.92, 7.51, 10.67, 13.84, 17.88, 21.97, 35.89, 39.58, 41.59, 43.91, 46.2, 48.77, 51.27, 52.37]
current_hyper_parameter
v: [16.24, 17.47, 27.76, 22.7, 9.21, 29.76, 20.9, 21.07, 33.39, 12.0, 12.0, 31.42, 12.0, 27.88]
a: [129.24, 127.08, 50.0, 50.0, 50.0, 50.0, 50.0, 50.0, 50.0, 100.94, 95.77, 50.0, 50.0, 104.7]
d: [3.5, 3.5, 4.47, 3.5, 3.5, 3.5, 3.5, 3.5, 3.5, 3.5, 3.5, 3.5, 3.5, 2.0]
BEST_hyper_parameter
v: [16.24, 17.47, 27.76, 22.7, 9.21, 16.08, 20.9, 21.07, 33.39, 12.0, 12.0, 31.42, 12.0, 27.88]
a: [129.24, 127.08, 50.0, 50.0, 50.0, 50.0, 50.0, 50.0, 50.0, 103.24, 95.77, 50.0, 50.0, 104.7]
d: [3.5, 3.5, 4.47, 3.5, 3.5, 3.5, 3.5, 3.5, 3.5, 3.5, 3.5, 3.5, 3.5, 2.0]
WIN: random_idx_1 = 2, random_idx_2 = 5
WIN: random_idx_1 = 0, random_idx_2 = 13

iteration: 39
best: [5.92, 7.51, 10.67, 13.84, 17.88, 21.97, 35.89, 39.58, 41.59, 43.91, 46.2, 48.77, 51.27, 52.37]
time: [5.93, 7.5, 10.66, 13.91, 21.55, 25.3, 39.42, 43.02, 45.05, 47.72, 49.82, 52.3, 1000, 1000]
current_hyper_parameter
v: [16.24, 17.47, 27.76, 22.7, 9.21, 29.76, 20.9, 21.07, 33.39, 12.0, 12.0, 31.42, 12.0, 16.76]
a: [129.24, 127.08, 50.0, 50.0, 50.0, 50.0, 50.0, 50.0, 50.0, 100.94, 95.77, 50.0, 50.0, 104.7]
d: [3.5, 3.5, 4.47, 3.5, 3.5, 3.5, 3.5, 3.5, 3.5, 3.5, 3.5, 3.5, 3.5, 2.0]
BEST_hyper_parameter
v: [16.24, 17.47, 27.76, 22.7, 9.21, 29.76, 20.9, 21.07, 33.39, 12.0, 12.0, 31.42, 12.0, 27.88]
a: [129.24, 127.08, 50.0, 50.0, 50.0, 50.0, 50.0, 50.0, 50.0, 100.94, 95.77, 50.0, 50.0, 104.7]
d: [3.5, 3.5, 4.47, 3.5, 3.5, 3.5, 3.5, 3.5, 3.5, 3.5, 3.5, 3.5, 3.5, 2.0]
LOSE: random_idx_1 = 2, random_idx_2 = 10
LOSE: random_idx_1 = 1, random_idx_2 = 12

iteration: 40
best: [5.92, 7.51, 10.67, 13.84, 17.88, 21.97, 35.89, 39.58, 41.59, 43.91, 46.2, 48.77, 51.27, 52.37]
time: [5.92, 7.5, 10.67, 13.82, 17.87, 21.96, 35.88, 39.52, 41.56, 44.12, 46.23, 48.89, 51.3, 52.65]
current_hyper_parameter
v: [16.24, 17.47, 27.76, 22.7, 9.21, 29.76, 20.9, 21.07, 33.39, 12.0, 12.0, 31.42, 12.0, 27.88]
a: [129.24, 127.08, 50.0, 50.0, 50.0, 50.0, 50.0, 50.0, 50.0, 100.94, 95.77, 50.0, 129.02, 104.7]
d: [3.5, 3.5, 4.47, 3.5, 3.5, 3.5, 3.5, 3.5, 3.5, 3.5, 3.5, 3.5, 3.5, 2.0]
BEST_hyper_parameter
v: [16.24, 17.47, 27.76, 22.7, 9.21, 29.76, 20.9, 21.07, 33.39, 12.0, 12.0, 31.42, 12.0, 27.88]
a: [129.24, 127.08, 50.0, 50.0, 50.0, 50.0, 50.0, 50.0, 50.0, 100.94, 95.77, 50.0, 50.0, 104.7]
d: [3.5, 3.5, 4.47, 3.5, 3.5, 3.5, 3.5, 3.5, 3.5, 3.5, 3.5, 3.5, 3.5, 2.0]
LOSE: random_idx_1 = 2, random_idx_2 = 10
LOSE: random_idx_1 = 2, random_idx_2 = 7

iteration: 41
best: [5.92, 7.51, 10.67, 13.84, 17.88, 21.97, 35.89, 39.58, 41.59, 43.91, 46.2, 48.77, 51.27, 52.37]
time: [5.94, 7.52, 10.7, 13.97, 18.45, 22.49, 36.41, 40.1, 42.17, 44.54, 46.6, 49.3, 52.01, 53.17]
current_hyper_parameter
v: [16.24, 17.47, 27.76, 22.7, 9.21, 29.76, 20.9, 21.07, 33.39, 12.0, 12.0, 31.42, 12.0, 27.88]
a: [129.24, 127.08, 50.0, 50.0, 50.0, 50.0, 50.0, 50.0, 50.0, 100.94, 95.77, 50.0, 50.0, 104.7]
d: [3.5, 3.5, 4.47, 3.5, 3.5, 3.5, 3.5, 3.5, 3.5, 3.5, 3.5, 3.5, 3.5, 2.0]
BEST_hyper_parameter
v: [16.24, 17.47, 27.76, 22.7, 9.21, 29.76, 20.9, 21.07, 33.39, 12.0, 12.0, 31.42, 12.0, 27.88]
a: [129.24, 127.08, 50.0, 50.0, 50.0, 50.0, 50.0, 50.0, 50.0, 100.94, 95.77, 50.0, 50.0, 104.7]
d: [3.5, 3.5, 4.47, 3.5, 3.5, 3.5, 3.5, 3.5, 3.5, 3.5, 3.5, 3.5, 3.5, 2.0]
LOSE: random_idx_1 = 1, random_idx_2 = 11
LOSE: random_idx_1 = 0, random_idx_2 = 9

iteration: 42
best: [5.92, 7.51, 10.67, 13.84, 17.88, 21.97, 35.89, 39.58, 41.59, 43.91, 46.2, 48.77, 51.27, 52.37]
time: [5.91, 7.5, 10.65, 13.8, 17.86, 21.9, 35.83, 39.53, 41.54, 43.35, 1000, 1000, 1000, 1000]
current_hyper_parameter
v: [16.24, 17.47, 27.76, 22.7, 9.21, 29.76, 20.9, 21.07, 33.39, 32.27, 12.0, 31.42, 12.0, 27.88]
a: [129.24, 127.08, 50.0, 50.0, 50.0, 50.0, 50.0, 50.0, 50.0, 100.94, 95.77, 121.35, 50.0, 104.7]
d: [3.5, 3.5, 4.47, 3.5, 3.5, 3.5, 3.5, 3.5, 3.5, 3.5, 3.5, 3.5, 3.5, 2.0]
BEST_hyper_parameter
v: [16.24, 17.47, 27.76, 22.7, 9.21, 29.76, 20.9, 21.07, 33.39, 12.0, 12.0, 31.42, 12.0, 27.88]
a: [129.24, 127.08, 50.0, 50.0, 50.0, 50.0, 50.0, 50.0, 50.0, 100.94, 95.77, 50.0, 50.0, 104.7]
d: [3.5, 3.5, 4.47, 3.5, 3.5, 3.5, 3.5, 3.5, 3.5, 3.5, 3.5, 3.5, 3.5, 2.0]
LOSE: random_idx_1 = 0, random_idx_2 = 12
LOSE: random_idx_1 = 0, random_idx_2 = 4

iteration: 43
best: [5.92, 7.51, 10.67, 13.84, 17.88, 21.97, 35.89, 39.58, 41.59, 43.91, 46.2, 48.77, 51.27, 52.37]
time: [5.92, 7.47, 10.62, 13.77, 17.15, 21.42, 35.31, 38.9, 40.87, 43.4, 45.58, 48.44, 51.11, 52.3]
current_hyper_parameter
v: [16.24, 17.47, 27.76, 22.7, 30.58, 29.76, 20.9, 21.07, 33.39, 12.0, 12.0, 31.42, 25.04, 27.88]
a: [129.24, 127.08, 50.0, 50.0, 50.0, 50.0, 50.0, 50.0, 50.0, 100.94, 95.77, 50.0, 50.0, 104.7]
d: [3.5, 3.5, 4.47, 3.5, 3.5, 3.5, 3.5, 3.5, 3.5, 3.5, 3.5, 3.5, 3.5, 2.0]
BEST_hyper_parameter
v: [16.24, 17.47, 27.76, 22.7, 9.21, 29.76, 20.9, 21.07, 33.39, 12.0, 12.0, 31.42, 12.0, 27.88]
a: [129.24, 127.08, 50.0, 50.0, 50.0, 50.0, 50.0, 50.0, 50.0, 100.94, 95.77, 50.0, 50.0, 104.7]
d: [3.5, 3.5, 4.47, 3.5, 3.5, 3.5, 3.5, 3.5, 3.5, 3.5, 3.5, 3.5, 3.5, 2.0]
WIN: random_idx_1 = 2, random_idx_2 = 3
WIN: random_idx_1 = 1, random_idx_2 = 0

iteration: 44
best: [5.92, 7.47, 10.62, 13.77, 17.15, 21.42, 35.31, 38.9, 40.87, 43.4, 45.58, 48.44, 51.11, 52.3]
time: [5.83, 7.41, 10.65, 13.81, 29.89, 1000, 1000, 1000, 1000, 1000, 1000, 1000, 1000, 1000]
current_hyper_parameter
v: [16.24, 17.47, 27.76, 22.7, 30.58, 29.76, 20.9, 21.07, 33.39, 12.0, 12.0, 31.42, 25.04, 27.88]
a: [145.04, 127.08, 50.0, 50.0, 50.0, 50.0, 50.0, 50.0, 50.0, 100.94, 95.77, 50.0, 50.0, 104.7]
d: [3.5, 3.5, 4.47, 3.5, 3.5, 3.5, 3.5, 3.5, 3.5, 3.5, 3.5, 3.5, 3.5, 2.0]
BEST_hyper_parameter
v: [16.24, 17.47, 27.76, 22.7, 30.58, 29.76, 20.9, 21.07, 33.39, 12.0, 12.0, 31.42, 25.04, 27.88]
a: [129.24, 127.08, 50.0, 50.0, 50.0, 50.0, 50.0, 50.0, 50.0, 100.94, 95.77, 50.0, 50.0, 104.7]
d: [3.5, 3.5, 4.47, 3.5, 3.5, 3.5, 3.5, 3.5, 3.5, 3.5, 3.5, 3.5, 3.5, 2.0]
LOSE: random_idx_1 = 1, random_idx_2 = 2
LOSE: random_idx_1 = 0, random_idx_2 = 7

iteration: 45
best: [5.92, 7.47, 10.62, 13.77, 17.15, 21.42, 35.31, 38.9, 40.87, 43.4, 45.58, 48.44, 51.11, 52.3]
time: [5.92, 7.48, 10.02, 12.9, 16.5, 20.35, 34.29, 38.03, 40.11, 42.42, 44.53, 47.22, 49.97, 51.12]
current_hyper_parameter
v: [16.24, 17.47, 27.76, 22.7, 30.58, 29.76, 20.9, 23.51, 33.39, 12.0, 12.0, 31.42, 25.04, 27.88]
a: [129.24, 127.08, 116.87, 50.0, 50.0, 50.0, 50.0, 50.0, 50.0, 100.94, 95.77, 50.0, 50.0, 104.7]
d: [3.5, 3.5, 4.47, 3.5, 3.5, 3.5, 3.5, 3.5, 3.5, 3.5, 3.5, 3.5, 3.5, 2.0]
BEST_hyper_parameter
v: [16.24, 17.47, 27.76, 22.7, 30.58, 29.76, 20.9, 21.07, 33.39, 12.0, 12.0, 31.42, 25.04, 27.88]
a: [129.24, 127.08, 50.0, 50.0, 50.0, 50.0, 50.0, 50.0, 50.0, 100.94, 95.77, 50.0, 50.0, 104.7]
d: [3.5, 3.5, 4.47, 3.5, 3.5, 3.5, 3.5, 3.5, 3.5, 3.5, 3.5, 3.5, 3.5, 2.0]
WIN: random_idx_1 = 2, random_idx_2 = 0
WIN: random_idx_1 = 2, random_idx_2 = 8

iteration: 46
best: [5.92, 7.48, 10.02, 12.9, 16.5, 20.35, 34.29, 38.03, 40.11, 42.42, 44.53, 47.22, 49.97, 51.12]
time: [5.9, 7.54, 10.09, 12.96, 19.53, 23.43, 37.31, 41.06, 43.07, 45.41, 47.76, 50.51, 1000, 1000]
current_hyper_parameter
v: [16.24, 17.47, 27.76, 22.7, 30.58, 29.76, 20.9, 23.51, 33.39, 12.0, 12.0, 31.42, 25.04, 27.88]
a: [129.24, 127.08, 116.87, 50.0, 50.0, 50.0, 50.0, 50.0, 50.0, 100.94, 95.77, 50.0, 50.0, 104.7]
d: [3.5, 3.5, 4.47, 3.5, 3.5, 3.5, 3.5, 3.5, 3.5, 3.5, 3.5, 3.5, 3.5, 2.0]
BEST_hyper_parameter
v: [16.24, 17.47, 27.76, 22.7, 30.58, 29.76, 20.9, 23.51, 33.39, 12.0, 12.0, 31.42, 25.04, 27.88]
a: [129.24, 127.08, 116.87, 50.0, 50.0, 50.0, 50.0, 50.0, 50.0, 100.94, 95.77, 50.0, 50.0, 104.7]
d: [3.5, 3.5, 4.47, 3.5, 3.5, 3.5, 3.5, 3.5, 3.5, 3.5, 3.5, 3.5, 3.5, 2.0]
LOSE: random_idx_1 = 1, random_idx_2 = 0
LOSE: random_idx_1 = 1, random_idx_2 = 11

iteration: 47
best: [5.92, 7.48, 10.02, 12.9, 16.5, 20.35, 34.29, 38.03, 40.11, 42.42, 44.53, 47.22, 49.97, 51.12]
time: [6.19, 7.86, 10.52, 13.61, 17.26, 21.53, 35.38, 39.09, 41.16, 43.53, 45.53, 47.4, 50.47, 51.58]
current_hyper_parameter
v: [16.24, 17.47, 27.76, 22.7, 30.58, 29.76, 20.9, 23.51, 33.39, 12.0, 12.0, 31.42, 25.04, 27.88]
a: [64.63, 127.08, 116.87, 50.0, 50.0, 50.0, 50.0, 50.0, 50.0, 100.94, 95.77, 84.84, 50.0, 104.7]
d: [3.5, 3.5, 4.47, 3.5, 3.5, 3.5, 3.5, 3.5, 3.5, 3.5, 3.5, 3.5, 3.5, 2.0]
BEST_hyper_parameter
v: [16.24, 17.47, 27.76, 22.7, 30.58, 29.76, 20.9, 23.51, 33.39, 12.0, 12.0, 31.42, 25.04, 27.88]
a: [129.24, 127.08, 116.87, 50.0, 50.0, 50.0, 50.0, 50.0, 50.0, 100.94, 95.77, 50.0, 50.0, 104.7]
d: [3.5, 3.5, 4.47, 3.5, 3.5, 3.5, 3.5, 3.5, 3.5, 3.5, 3.5, 3.5, 3.5, 2.0]
LOSE: random_idx_1 = 1, random_idx_2 = 13
LOSE: random_idx_1 = 2, random_idx_2 = 7

iteration: 48
best: [5.92, 7.48, 10.02, 12.9, 16.5, 20.35, 34.29, 38.03, 40.11, 42.42, 44.53, 47.22, 49.97, 51.12]
time: [5.92, 7.49, 10.02, 12.92, 19.51, 23.36, 37.28, 40.87, 42.9, 45.47, 47.62, 50.19, 1000, 1000]
current_hyper_parameter
v: [16.24, 17.47, 27.76, 22.7, 30.58, 29.76, 20.9, 23.51, 33.39, 12.0, 12.0, 31.42, 25.04, 27.88]
a: [129.24, 127.08, 116.87, 50.0, 50.0, 50.0, 50.0, 50.0, 50.0, 100.94, 95.77, 50.0, 50.0, 97.59]
d: [3.5, 3.5, 4.47, 3.5, 3.5, 3.5, 3.5, 3.5, 3.5, 3.5, 3.5, 3.5, 3.5, 2.0]
BEST_hyper_parameter
v: [16.24, 17.47, 27.76, 22.7, 30.58, 29.76, 20.9, 23.51, 33.39, 12.0, 12.0, 31.42, 25.04, 27.88]
a: [129.24, 127.08, 116.87, 50.0, 50.0, 50.0, 50.0, 50.0, 50.0, 100.94, 95.77, 50.0, 50.0, 104.7]
d: [3.5, 3.5, 4.47, 3.5, 3.5, 3.5, 3.5, 3.5, 3.5, 3.5, 3.5, 3.5, 3.5, 2.0]
LOSE: random_idx_1 = 2, random_idx_2 = 8
LOSE: random_idx_1 = 2, random_idx_2 = 1

iteration: 49
best: [5.92, 7.48, 10.02, 12.9, 16.5, 20.35, 34.29, 38.03, 40.11, 42.42, 44.53, 47.22, 49.97, 51.12]
time: [5.92, 7.49, 10.01, 12.92, 19.54, 23.36, 38.82, 42.49, 44.51, 46.99, 1000, 1000, 1000, 1000]
current_hyper_parameter
v: [16.24, 17.47, 27.76, 22.7, 30.58, 29.76, 20.9, 23.51, 33.39, 12.0, 12.0, 31.42, 25.04, 27.88]
a: [129.24, 127.08, 116.87, 50.0, 50.0, 50.0, 50.0, 50.0, 50.0, 100.94, 95.77, 50.0, 50.0, 104.7]
d: [3.5, 3.5, 4.47, 3.5, 3.5, 3.5, 3.5, 3.5, 3.5, 3.5, 3.5, 3.5, 3.5, 2.0]
BEST_hyper_parameter
v: [16.24, 17.47, 27.76, 22.7, 30.58, 29.76, 20.9, 23.51, 33.39, 12.0, 12.0, 31.42, 25.04, 27.88]
a: [129.24, 127.08, 116.87, 50.0, 50.0, 50.0, 50.0, 50.0, 50.0, 100.94, 95.77, 50.0, 50.0, 104.7]
d: [3.5, 3.5, 4.47, 3.5, 3.5, 3.5, 3.5, 3.5, 3.5, 3.5, 3.5, 3.5, 3.5, 2.0]
LOSE: random_idx_1 = 0, random_idx_2 = 0
LOSE: random_idx_1 = 2, random_idx_2 = 7

iteration: 50
best: [5.92, 7.48, 10.02, 12.9, 16.5, 20.35, 34.29, 38.03, 40.11, 42.42, 44.53, 47.22, 49.97, 51.12]
time: [5.79, 7.35, 9.97, 12.95, 19.55, 23.34, 37.24, 40.99, 43.09, 45.44, 47.52, 50.2, 1000, 1000]
current_hyper_parameter
v: [18.39, 17.47, 27.76, 22.7, 30.58, 29.76, 20.9, 23.51, 33.39, 12.0, 12.0, 31.42, 25.04, 27.88]
a: [129.24, 127.08, 116.87, 50.0, 50.0, 50.0, 50.0, 50.0, 50.0, 100.94, 95.77, 50.0, 50.0, 104.7]
d: [3.5, 3.5, 4.47, 3.5, 3.5, 3.5, 3.5, 3.5, 3.5, 3.5, 3.5, 3.5, 3.5, 2.0]
BEST_hyper_parameter
v: [16.24, 17.47, 27.76, 22.7, 30.58, 29.76, 20.9, 23.51, 33.39, 12.0, 12.0, 31.42, 25.04, 27.88]
a: [129.24, 127.08, 116.87, 50.0, 50.0, 50.0, 50.0, 50.0, 50.0, 100.94, 95.77, 50.0, 50.0, 104.7]
d: [3.5, 3.5, 4.47, 3.5, 3.5, 3.5, 3.5, 3.5, 3.5, 3.5, 3.5, 3.5, 3.5, 2.0]
LOSE: random_idx_1 = 1, random_idx_2 = 12
LOSE: random_idx_1 = 0, random_idx_2 = 13

iteration: 51
best: [5.92, 7.48, 10.02, 12.9, 16.5, 20.35, 34.29, 38.03, 40.11, 42.42, 44.53, 47.22, 49.97, 51.12]
time: [5.88, 7.48, 10.09, 13.03, 19.61, 23.44, 37.39, 41.09, 43.09, 45.45, 47.51, 50.24, 52.37, 1000]
current_hyper_parameter
v: [16.24, 17.47, 27.76, 22.7, 30.58, 29.76, 20.9, 23.51, 33.39, 12.0, 12.0, 31.42, 25.04, 20.65]
a: [129.24, 127.08, 116.87, 50.0, 50.0, 50.0, 50.0, 50.0, 50.0, 100.94, 95.77, 50.0, 133.97, 104.7]
d: [3.5, 3.5, 4.47, 3.5, 3.5, 3.5, 3.5, 3.5, 3.5, 3.5, 3.5, 3.5, 3.5, 2.0]
BEST_hyper_parameter
v: [16.24, 17.47, 27.76, 22.7, 30.58, 29.76, 20.9, 23.51, 33.39, 12.0, 12.0, 31.42, 25.04, 27.88]
a: [129.24, 127.08, 116.87, 50.0, 50.0, 50.0, 50.0, 50.0, 50.0, 100.94, 95.77, 50.0, 50.0, 104.7]
d: [3.5, 3.5, 4.47, 3.5, 3.5, 3.5, 3.5, 3.5, 3.5, 3.5, 3.5, 3.5, 3.5, 2.0]
LOSE: random_idx_1 = 1, random_idx_2 = 11
LOSE: random_idx_1 = 2, random_idx_2 = 8

iteration: 52
best: [5.92, 7.48, 10.02, 12.9, 16.5, 20.35, 34.29, 38.03, 40.11, 42.42, 44.53, 47.22, 49.97, 51.12]
time: [5.9, 7.47, 10.03, 12.97, 19.6, 23.38, 37.35, 41.02, 43.09, 45.45, 47.48, 1000, 1000, 1000]
current_hyper_parameter
v: [16.24, 17.47, 27.76, 22.7, 30.58, 29.76, 20.9, 23.51, 33.39, 12.0, 12.0, 31.42, 25.04, 27.88]
a: [129.24, 127.08, 116.87, 50.0, 50.0, 50.0, 50.0, 50.0, 50.0, 100.94, 95.77, 109.64, 50.0, 104.7]
d: [3.5, 3.5, 4.47, 3.5, 3.5, 3.5, 3.5, 3.5, 3.5, 3.5, 3.5, 3.5, 3.5, 2.0]
BEST_hyper_parameter
v: [16.24, 17.47, 27.76, 22.7, 30.58, 29.76, 20.9, 23.51, 33.39, 12.0, 12.0, 31.42, 25.04, 27.88]
a: [129.24, 127.08, 116.87, 50.0, 50.0, 50.0, 50.0, 50.0, 50.0, 100.94, 95.77, 50.0, 50.0, 104.7]
d: [3.5, 3.5, 4.47, 3.5, 3.5, 3.5, 3.5, 3.5, 3.5, 3.5, 3.5, 3.5, 3.5, 2.0]
LOSE: random_idx_1 = 1, random_idx_2 = 12
LOSE: random_idx_1 = 0, random_idx_2 = 4

iteration: 53
best: [5.92, 7.48, 10.02, 12.9, 16.5, 20.35, 34.29, 38.03, 40.11, 42.42, 44.53, 47.22, 49.97, 51.12]
time: [5.97, 7.79, 10.45, 13.65, 28.67, 1000, 1000, 1000, 1000, 1000, 1000, 1000, 1000, 1000]
current_hyper_parameter
v: [16.24, 17.47, 27.76, 22.7, 28.65, 29.76, 20.9, 23.51, 33.39, 12.0, 12.0, 31.42, 25.04, 27.88]
a: [129.24, 127.08, 116.87, 50.0, 50.0, 50.0, 50.0, 50.0, 50.0, 100.94, 95.77, 50.0, 53.67, 104.7]
d: [3.5, 3.5, 4.47, 3.5, 3.5, 3.5, 3.5, 3.5, 3.5, 3.5, 3.5, 3.5, 3.5, 2.0]
BEST_hyper_parameter
v: [16.24, 17.47, 27.76, 22.7, 30.58, 29.76, 20.9, 23.51, 33.39, 12.0, 12.0, 31.42, 25.04, 27.88]
a: [129.24, 127.08, 116.87, 50.0, 50.0, 50.0, 50.0, 50.0, 50.0, 100.94, 95.77, 50.0, 50.0, 104.7]
d: [3.5, 3.5, 4.47, 3.5, 3.5, 3.5, 3.5, 3.5, 3.5, 3.5, 3.5, 3.5, 3.5, 2.0]
LOSE: random_idx_1 = 1, random_idx_2 = 5
LOSE: random_idx_1 = 1, random_idx_2 = 10

iteration: 54
best: [5.92, 7.48, 10.02, 12.9, 16.5, 20.35, 34.29, 38.03, 40.11, 42.42, 44.53, 47.22, 49.97, 51.12]
time: [5.86, 7.43, 10.01, 12.92, 19.51, 23.6, 37.9, 41.5, 43.59, 45.94, 1000, 1000, 1000, 1000]
current_hyper_parameter
v: [16.24, 17.47, 27.76, 22.7, 30.58, 29.76, 20.9, 23.51, 33.39, 12.0, 12.0, 31.42, 25.04, 27.88]
a: [129.24, 127.08, 116.87, 50.0, 50.0, 42.73, 50.0, 50.0, 50.0, 100.94, 32.39, 50.0, 50.0, 104.7]
d: [3.5, 3.5, 4.47, 3.5, 3.5, 3.5, 3.5, 3.5, 3.5, 3.5, 3.5, 3.5, 3.5, 2.0]
BEST_hyper_parameter
v: [16.24, 17.47, 27.76, 22.7, 30.58, 29.76, 20.9, 23.51, 33.39, 12.0, 12.0, 31.42, 25.04, 27.88]
a: [129.24, 127.08, 116.87, 50.0, 50.0, 50.0, 50.0, 50.0, 50.0, 100.94, 95.77, 50.0, 50.0, 104.7]
d: [3.5, 3.5, 4.47, 3.5, 3.5, 3.5, 3.5, 3.5, 3.5, 3.5, 3.5, 3.5, 3.5, 2.0]
LOSE: random_idx_1 = 1, random_idx_2 = 12
LOSE: random_idx_1 = 0, random_idx_2 = 5

iteration: 55
best: [5.92, 7.48, 10.02, 12.9, 16.5, 20.35, 34.29, 38.03, 40.11, 42.42, 44.53, 47.22, 49.97, 51.12]
time: [5.85, 7.43, 10.01, 12.95, 16.42, 20.41, 34.3, 37.96, 39.94, 42.31, 44.35, 47.07, 54.27, 1000]
current_hyper_parameter
v: [16.24, 17.47, 27.76, 22.7, 30.58, 24.42, 20.9, 23.51, 33.39, 12.0, 12.0, 31.42, 25.04, 27.88]
a: [129.24, 127.08, 116.87, 50.0, 50.0, 50.0, 50.0, 50.0, 50.0, 100.94, 95.77, 50.0, 27.83, 104.7]
d: [3.5, 3.5, 4.47, 3.5, 3.5, 3.5, 3.5, 3.5, 3.5, 3.5, 3.5, 3.5, 3.5, 2.0]
BEST_hyper_parameter
v: [16.24, 17.47, 27.76, 22.7, 30.58, 29.76, 20.9, 23.51, 33.39, 12.0, 12.0, 31.42, 25.04, 27.88]
a: [129.24, 127.08, 116.87, 50.0, 50.0, 50.0, 50.0, 50.0, 50.0, 100.94, 95.77, 50.0, 50.0, 104.7]
d: [3.5, 3.5, 4.47, 3.5, 3.5, 3.5, 3.5, 3.5, 3.5, 3.5, 3.5, 3.5, 3.5, 2.0]
LOSE: random_idx_1 = 2, random_idx_2 = 12
LOSE: random_idx_1 = 1, random_idx_2 = 4

iteration: 56
best: [5.92, 7.48, 10.02, 12.9, 16.5, 20.35, 34.29, 38.03, 40.11, 42.42, 44.53, 47.22, 49.97, 51.12]
time: [5.96, 7.79, 10.46, 13.61, 20.2, 24.7, 38.82, 42.56, 44.66, 46.98, 49.09, 51.88, 1000, 1000]
current_hyper_parameter
v: [16.24, 17.47, 27.76, 22.7, 30.58, 29.76, 20.9, 23.51, 33.39, 12.0, 12.0, 31.42, 25.04, 27.88]
a: [129.24, 127.08, 116.87, 50.0, 53.52, 50.0, 50.0, 50.0, 50.0, 100.94, 95.77, 50.0, 50.0, 104.7]
d: [3.5, 3.5, 4.47, 3.5, 3.5, 3.5, 3.5, 3.5, 3.5, 3.5, 3.5, 3.5, 3.5, 2.0]
BEST_hyper_parameter
v: [16.24, 17.47, 27.76, 22.7, 30.58, 29.76, 20.9, 23.51, 33.39, 12.0, 12.0, 31.42, 25.04, 27.88]
a: [129.24, 127.08, 116.87, 50.0, 50.0, 50.0, 50.0, 50.0, 50.0, 100.94, 95.77, 50.0, 50.0, 104.7]
d: [3.5, 3.5, 4.47, 3.5, 3.5, 3.5, 3.5, 3.5, 3.5, 3.5, 3.5, 3.5, 3.5, 2.0]
LOSE: random_idx_1 = 1, random_idx_2 = 12
LOSE: random_idx_1 = 0, random_idx_2 = 0

iteration: 57
best: [5.92, 7.48, 10.02, 12.9, 16.5, 20.35, 34.29, 38.03, 40.11, 42.42, 44.53, 47.22, 49.97, 51.12]
time: [6.35, 8.04, 10.6, 13.45, 20.04, 23.92, 37.8, 41.52, 43.52, 46.13, 48.22, 50.72, 1000, 1000]
current_hyper_parameter
v: [10.57, 17.47, 27.76, 22.7, 30.58, 29.76, 20.9, 23.51, 33.39, 12.0, 12.0, 31.42, 25.04, 27.88]
a: [129.24, 127.08, 116.87, 50.0, 50.0, 50.0, 50.0, 50.0, 50.0, 100.94, 95.77, 50.0, 59.55, 104.7]
d: [3.5, 3.5, 4.47, 3.5, 3.5, 3.5, 3.5, 3.5, 3.5, 3.5, 3.5, 3.5, 3.5, 2.0]
BEST_hyper_parameter
v: [16.24, 17.47, 27.76, 22.7, 30.58, 29.76, 20.9, 23.51, 33.39, 12.0, 12.0, 31.42, 25.04, 27.88]
a: [129.24, 127.08, 116.87, 50.0, 50.0, 50.0, 50.0, 50.0, 50.0, 100.94, 95.77, 50.0, 50.0, 104.7]
d: [3.5, 3.5, 4.47, 3.5, 3.5, 3.5, 3.5, 3.5, 3.5, 3.5, 3.5, 3.5, 3.5, 2.0]
LOSE: random_idx_1 = 0, random_idx_2 = 5
LOSE: random_idx_1 = 0, random_idx_2 = 2

iteration: 58
best: [5.92, 7.48, 10.02, 12.9, 16.5, 20.35, 34.29, 38.03, 40.11, 42.42, 44.53, 47.22, 49.97, 51.12]
time: [5.91, 7.49, 10.02, 12.92, 19.54, 23.36, 37.37, 41.02, 43.02, 45.37, 47.69, 50.46, 1000, 1000]
current_hyper_parameter
v: [16.24, 17.47, 27.61, 22.7, 30.58, 22.71, 20.9, 23.51, 33.39, 12.0, 12.0, 31.42, 25.04, 27.88]
a: [129.24, 127.08, 116.87, 50.0, 50.0, 50.0, 50.0, 50.0, 50.0, 100.94, 95.77, 50.0, 50.0, 104.7]
d: [3.5, 3.5, 4.47, 3.5, 3.5, 3.5, 3.5, 3.5, 3.5, 3.5, 3.5, 3.5, 3.5, 2.0]
BEST_hyper_parameter
v: [16.24, 17.47, 27.76, 22.7, 30.58, 29.76, 20.9, 23.51, 33.39, 12.0, 12.0, 31.42, 25.04, 27.88]
a: [129.24, 127.08, 116.87, 50.0, 50.0, 50.0, 50.0, 50.0, 50.0, 100.94, 95.77, 50.0, 50.0, 104.7]
d: [3.5, 3.5, 4.47, 3.5, 3.5, 3.5, 3.5, 3.5, 3.5, 3.5, 3.5, 3.5, 3.5, 2.0]
LOSE: random_idx_1 = 0, random_idx_2 = 11
LOSE: random_idx_1 = 0, random_idx_2 = 10

iteration: 59
best: [5.92, 7.48, 10.02, 12.9, 16.5, 20.35, 34.29, 38.03, 40.11, 42.42, 44.53, 47.22, 49.97, 51.12]
time: [5.88, 7.46, 10.05, 12.97, 16.49, 20.43, 34.39, 37.86, 39.82, 42.44, 44.3, 1000, 1000, 1000]
current_hyper_parameter
v: [16.24, 17.47, 27.76, 22.7, 30.58, 29.76, 20.9, 23.51, 33.39, 12.0, 20.13, 11.28, 25.04, 27.88]
a: [129.24, 127.08, 116.87, 50.0, 50.0, 50.0, 50.0, 50.0, 50.0, 100.94, 95.77, 50.0, 50.0, 104.7]
d: [3.5, 3.5, 4.47, 3.5, 3.5, 3.5, 3.5, 3.5, 3.5, 3.5, 3.5, 3.5, 3.5, 2.0]
BEST_hyper_parameter
v: [16.24, 17.47, 27.76, 22.7, 30.58, 29.76, 20.9, 23.51, 33.39, 12.0, 12.0, 31.42, 25.04, 27.88]
a: [129.24, 127.08, 116.87, 50.0, 50.0, 50.0, 50.0, 50.0, 50.0, 100.94, 95.77, 50.0, 50.0, 104.7]
d: [3.5, 3.5, 4.47, 3.5, 3.5, 3.5, 3.5, 3.5, 3.5, 3.5, 3.5, 3.5, 3.5, 2.0]
LOSE: random_idx_1 = 0, random_idx_2 = 1
LOSE: random_idx_1 = 0, random_idx_2 = 7

iteration: 60
best: [5.92, 7.48, 10.02, 12.9, 16.5, 20.35, 34.29, 38.03, 40.11, 42.42, 44.53, 47.22, 49.97, 51.12]
time: [5.94, 7.38, 9.87, 13.17, 20.36, 27.94, 42.01, 45.55, 47.52, 49.97, 51.95, 1000, 1000, 1000]
current_hyper_parameter
v: [16.24, 25.58, 27.76, 22.7, 30.58, 29.76, 20.9, 14.43, 33.39, 12.0, 12.0, 31.42, 25.04, 27.88]
a: [129.24, 127.08, 116.87, 50.0, 50.0, 50.0, 50.0, 50.0, 50.0, 100.94, 95.77, 50.0, 50.0, 104.7]
d: [3.5, 3.5, 4.47, 3.5, 3.5, 3.5, 3.5, 3.5, 3.5, 3.5, 3.5, 3.5, 3.5, 2.0]
BEST_hyper_parameter
v: [16.24, 17.47, 27.76, 22.7, 30.58, 29.76, 20.9, 23.51, 33.39, 12.0, 12.0, 31.42, 25.04, 27.88]
a: [129.24, 127.08, 116.87, 50.0, 50.0, 50.0, 50.0, 50.0, 50.0, 100.94, 95.77, 50.0, 50.0, 104.7]
d: [3.5, 3.5, 4.47, 3.5, 3.5, 3.5, 3.5, 3.5, 3.5, 3.5, 3.5, 3.5, 3.5, 2.0]
LOSE: random_idx_1 = 1, random_idx_2 = 13
LOSE: random_idx_1 = 2, random_idx_2 = 12

iteration: 61
best: [5.92, 7.48, 10.02, 12.9, 16.5, 20.35, 34.29, 38.03, 40.11, 42.42, 44.53, 47.22, 49.97, 51.12]
time: [5.93, 7.49, 10.04, 12.95, 16.5, 20.36, 34.35, 38.01, 40.06, 42.44, 44.48, 47.18, 49.92, 51.06]
current_hyper_parameter
v: [16.24, 17.47, 27.76, 22.7, 30.58, 29.76, 20.9, 23.51, 33.39, 12.0, 12.0, 31.42, 25.04, 27.88]
a: [129.24, 127.08, 116.87, 50.0, 50.0, 50.0, 50.0, 50.0, 50.0, 100.94, 95.77, 50.0, 50.0, 99.65]
d: [3.5, 3.5, 4.47, 3.5, 3.5, 3.5, 3.5, 3.5, 3.5, 3.5, 3.5, 3.5, 3.5, 2.0]
BEST_hyper_parameter
v: [16.24, 17.47, 27.76, 22.7, 30.58, 29.76, 20.9, 23.51, 33.39, 12.0, 12.0, 31.42, 25.04, 27.88]
a: [129.24, 127.08, 116.87, 50.0, 50.0, 50.0, 50.0, 50.0, 50.0, 100.94, 95.77, 50.0, 50.0, 104.7]
d: [3.5, 3.5, 4.47, 3.5, 3.5, 3.5, 3.5, 3.5, 3.5, 3.5, 3.5, 3.5, 3.5, 2.0]
WIN: random_idx_1 = 2, random_idx_2 = 10
WIN: random_idx_1 = 2, random_idx_2 = 4

iteration: 62
best: [5.93, 7.49, 10.04, 12.95, 16.5, 20.36, 34.35, 38.01, 40.06, 42.44, 44.48, 47.18, 49.92, 51.06]
time: [5.92, 7.54, 10.08, 12.96, 19.6, 23.34, 37.39, 40.95, 42.98, 45.6, 47.66, 50.24, 1000, 1000]
current_hyper_parameter
v: [16.24, 17.47, 27.76, 22.7, 30.58, 29.76, 20.9, 23.51, 33.39, 12.0, 12.0, 31.42, 25.04, 27.88]
a: [129.24, 127.08, 116.87, 50.0, 50.0, 50.0, 50.0, 50.0, 50.0, 100.94, 95.77, 50.0, 50.0, 99.65]
d: [3.5, 3.5, 4.47, 3.5, 3.5, 3.5, 3.5, 3.5, 3.5, 3.5, 3.5, 3.5, 3.5, 2.0]
BEST_hyper_parameter
v: [16.24, 17.47, 27.76, 22.7, 30.58, 29.76, 20.9, 23.51, 33.39, 12.0, 12.0, 31.42, 25.04, 27.88]
a: [129.24, 127.08, 116.87, 50.0, 50.0, 50.0, 50.0, 50.0, 50.0, 100.94, 95.77, 50.0, 50.0, 99.65]
d: [3.5, 3.5, 4.47, 3.5, 3.5, 3.5, 3.5, 3.5, 3.5, 3.5, 3.5, 3.5, 3.5, 2.0]
LOSE: random_idx_1 = 0, random_idx_2 = 3
LOSE: random_idx_1 = 2, random_idx_2 = 3

iteration: 63
best: [5.93, 7.49, 10.04, 12.95, 16.5, 20.36, 34.35, 38.01, 40.06, 42.44, 44.48, 47.18, 49.92, 51.06]
time: [5.88, 7.48, 10.07, 13.26, 16.86, 20.92, 34.82, 38.41, 40.41, 42.79, 44.51, 47.18, 49.66, 50.85]
current_hyper_parameter
v: [16.24, 17.47, 27.76, 10.83, 30.58, 29.76, 20.9, 23.51, 33.39, 12.0, 12.0, 31.42, 25.04, 27.88]
a: [129.24, 127.08, 116.87, 50.0, 50.0, 50.0, 50.0, 50.0, 50.0, 100.94, 95.77, 50.0, 50.0, 99.65]
d: [3.5, 3.5, 4.47, 3.5, 3.5, 3.5, 3.5, 3.5, 3.5, 3.5, 3.5, 3.5, 3.5, 2.0]
BEST_hyper_parameter
v: [16.24, 17.47, 27.76, 22.7, 30.58, 29.76, 20.9, 23.51, 33.39, 12.0, 12.0, 31.42, 25.04, 27.88]
a: [129.24, 127.08, 116.87, 50.0, 50.0, 50.0, 50.0, 50.0, 50.0, 100.94, 95.77, 50.0, 50.0, 99.65]
d: [3.5, 3.5, 4.47, 3.5, 3.5, 3.5, 3.5, 3.5, 3.5, 3.5, 3.5, 3.5, 3.5, 2.0]
WIN: random_idx_1 = 2, random_idx_2 = 7
WIN: random_idx_1 = 0, random_idx_2 = 3

iteration: 64
best: [5.88, 7.48, 10.07, 13.26, 16.86, 20.92, 34.82, 38.41, 40.41, 42.79, 44.51, 47.18, 49.66, 50.85]
time: [5.92, 7.47, 10.02, 13.09, 16.77, 20.88, 34.77, 38.53, 40.63, 42.96, 45.06, 47.7, 50.52, 51.64]
current_hyper_parameter
v: [16.24, 17.47, 27.76, 13.58, 30.58, 29.76, 20.9, 23.51, 33.39, 12.0, 12.0, 31.42, 25.04, 27.88]
a: [129.24, 127.08, 116.87, 50.0, 50.0, 50.0, 50.0, 50.0, 50.0, 100.94, 95.77, 50.0, 50.0, 99.65]
d: [3.5, 3.5, 4.47, 3.5, 3.5, 3.5, 3.5, 3.5, 3.5, 3.5, 3.5, 3.5, 3.5, 2.0]
BEST_hyper_parameter
v: [16.24, 17.47, 27.76, 10.83, 30.58, 29.76, 20.9, 23.51, 33.39, 12.0, 12.0, 31.42, 25.04, 27.88]
a: [129.24, 127.08, 116.87, 50.0, 50.0, 50.0, 50.0, 50.0, 50.0, 100.94, 95.77, 50.0, 50.0, 99.65]
d: [3.5, 3.5, 4.47, 3.5, 3.5, 3.5, 3.5, 3.5, 3.5, 3.5, 3.5, 3.5, 3.5, 2.0]
LOSE: random_idx_1 = 1, random_idx_2 = 12
LOSE: random_idx_1 = 1, random_idx_2 = 10

iteration: 65
best: [5.88, 7.48, 10.07, 13.26, 16.86, 20.92, 34.82, 38.41, 40.41, 42.79, 44.51, 47.18, 49.66, 50.85]
time: [5.93, 7.51, 10.08, 13.24, 16.86, 20.93, 34.83, 38.54, 40.58, 42.93, 44.83, 47.26, 50.79, 51.92]
current_hyper_parameter
v: [16.24, 17.47, 27.76, 10.83, 30.58, 29.76, 20.9, 23.51, 33.39, 12.0, 12.0, 31.42, 25.04, 27.88]
a: [129.24, 127.08, 116.87, 50.0, 50.0, 50.0, 50.0, 50.0, 50.0, 100.94, 65.85, 50.0, 25.09, 99.65]
d: [3.5, 3.5, 4.47, 3.5, 3.5, 3.5, 3.5, 3.5, 3.5, 3.5, 3.5, 3.5, 3.5, 2.0]
BEST_hyper_parameter
v: [16.24, 17.47, 27.76, 10.83, 30.58, 29.76, 20.9, 23.51, 33.39, 12.0, 12.0, 31.42, 25.04, 27.88]
a: [129.24, 127.08, 116.87, 50.0, 50.0, 50.0, 50.0, 50.0, 50.0, 100.94, 95.77, 50.0, 50.0, 99.65]
d: [3.5, 3.5, 4.47, 3.5, 3.5, 3.5, 3.5, 3.5, 3.5, 3.5, 3.5, 3.5, 3.5, 2.0]
LOSE: random_idx_1 = 1, random_idx_2 = 9
LOSE: random_idx_1 = 1, random_idx_2 = 3
