
iteration: 1
best: [5.98, 7.63, 9.98, 13.07, 16.4, 19.59, 29.25, 33.34, 35.52, 37.25, 40.6, 42.17, 44.89, 45.97]
time: [5.89, 7.49, 10.08, 13.41, 19.92, 22.93, 33.64, 40.34, 42.25, 43.95, 1000, 1000, 1000, 1000]
current_hyper_parameter
v: [21.08, 24.57, 33.77, 17.55, 12.0, 31.55, 23.28, 31.15, 12.0, 32.15, 16.54, 32.49, 12.0, 17.47]
a: [82.85, 82.09, 152.33, 50.0, 151.12, 109.06, 146.18, 55.04, 136.5, 87.03, 50.0, 150.93, 156.03, 124.33]
d: [3.5, 3.5, 4.04, 3.5, 3.5, 3.5, 3.5, 3.5, 3.5, 3.5, 3.5, 3.5, 3.5, 2.0]
BEST_hyper_parameter
v: [21.08, 24.57, 33.77, 17.55, 12.0, 31.55, 23.28, 31.15, 12.0, 32.15, 16.54, 32.49, 12.0, 17.47]
a: [82.85, 82.09, 152.33, 50.0, 151.12, 109.06, 146.18, 55.04, 136.5, 87.03, 50.0, 150.93, 156.03, 124.33]
d: [3.5, 3.5, 4.04, 3.5, 3.5, 3.5, 3.5, 3.5, 3.5, 3.5, 3.5, 3.5, 3.5, 2.0]
LOSE: random_idx_1 = 2, random_idx_2 = 7
LOSE: random_idx_1 = 1, random_idx_2 = 12

iteration: 2
best: [5.98, 7.63, 9.98, 13.07, 16.4, 19.59, 29.25, 33.34, 35.52, 37.25, 40.6, 42.17, 44.89, 45.97]
time: [5.96, 7.6, 9.91, 12.76, 19.06, 22.06, 32.73, 1000, 1000, 1000, 1000, 1000, 1000, 1000]
current_hyper_parameter
v: [21.08, 24.57, 33.77, 17.55, 12.0, 31.55, 23.28, 31.15, 12.0, 32.15, 16.54, 32.49, 12.0, 17.47]
a: [82.85, 82.09, 152.33, 50.0, 151.12, 109.06, 146.18, 55.04, 136.5, 87.03, 50.0, 150.93, 125.64, 124.33]
d: [3.5, 3.5, 4.04, 3.5, 3.5, 3.5, 3.5, 3.5, 3.5, 3.5, 3.5, 3.5, 3.5, 2.0]
BEST_hyper_parameter
v: [21.08, 24.57, 33.77, 17.55, 12.0, 31.55, 23.28, 31.15, 12.0, 32.15, 16.54, 32.49, 12.0, 17.47]
a: [82.85, 82.09, 152.33, 50.0, 151.12, 109.06, 146.18, 55.04, 136.5, 87.03, 50.0, 150.93, 156.03, 124.33]
d: [3.5, 3.5, 4.04, 3.5, 3.5, 3.5, 3.5, 3.5, 3.5, 3.5, 3.5, 3.5, 3.5, 2.0]
LOSE: random_idx_1 = 1, random_idx_2 = 1
LOSE: random_idx_1 = 1, random_idx_2 = 11

iteration: 3
best: [5.98, 7.63, 9.98, 13.07, 16.4, 19.59, 29.25, 33.34, 35.52, 37.25, 40.6, 42.17, 44.89, 45.97]
time: [5.97, 7.57, 9.9, 13.01, 16.35, 19.55, 29.19, 33.04, 35.02, 36.92, 42.45, 1000, 1000, 1000]
current_hyper_parameter
v: [21.08, 24.57, 33.77, 17.55, 12.0, 31.55, 23.28, 31.15, 12.0, 32.15, 16.54, 32.49, 12.0, 17.47]
a: [82.85, 89.97, 152.33, 50.0, 151.12, 109.06, 146.18, 55.04, 136.5, 87.03, 50.0, 153.27, 156.03, 124.33]
d: [3.5, 3.5, 4.04, 3.5, 3.5, 3.5, 3.5, 3.5, 3.5, 3.5, 3.5, 3.5, 3.5, 2.0]
BEST_hyper_parameter
v: [21.08, 24.57, 33.77, 17.55, 12.0, 31.55, 23.28, 31.15, 12.0, 32.15, 16.54, 32.49, 12.0, 17.47]
a: [82.85, 82.09, 152.33, 50.0, 151.12, 109.06, 146.18, 55.04, 136.5, 87.03, 50.0, 150.93, 156.03, 124.33]
d: [3.5, 3.5, 4.04, 3.5, 3.5, 3.5, 3.5, 3.5, 3.5, 3.5, 3.5, 3.5, 3.5, 2.0]
LOSE: random_idx_1 = 1, random_idx_2 = 13
LOSE: random_idx_1 = 0, random_idx_2 = 10

iteration: 4
best: [5.98, 7.63, 9.98, 13.07, 16.4, 19.59, 29.25, 33.34, 35.52, 37.25, 40.6, 42.17, 44.89, 45.97]
time: [5.92, 7.56, 9.91, 12.95, 16.29, 19.46, 29.12, 33.02, 34.95, 36.88, 1000, 1000, 1000, 1000]
current_hyper_parameter
v: [21.08, 24.57, 33.77, 17.55, 12.0, 31.55, 23.28, 31.15, 12.0, 32.15, 11.7, 32.49, 12.0, 17.47]
a: [82.85, 82.09, 152.33, 50.0, 151.12, 109.06, 146.18, 55.04, 136.5, 87.03, 50.0, 150.93, 156.03, 150.65]
d: [3.5, 3.5, 4.04, 3.5, 3.5, 3.5, 3.5, 3.5, 3.5, 3.5, 3.5, 3.5, 3.5, 2.0]
BEST_hyper_parameter
v: [21.08, 24.57, 33.77, 17.55, 12.0, 31.55, 23.28, 31.15, 12.0, 32.15, 16.54, 32.49, 12.0, 17.47]
a: [82.85, 82.09, 152.33, 50.0, 151.12, 109.06, 146.18, 55.04, 136.5, 87.03, 50.0, 150.93, 156.03, 124.33]
d: [3.5, 3.5, 4.04, 3.5, 3.5, 3.5, 3.5, 3.5, 3.5, 3.5, 3.5, 3.5, 3.5, 2.0]
LOSE: random_idx_1 = 0, random_idx_2 = 9
LOSE: random_idx_1 = 2, random_idx_2 = 9

iteration: 5
best: [5.92, 7.56, 9.91, 12.95, 16.29, 19.46, 29.12, 33.02, 34.95, 37.25, 40.6, 42.17, 44.89, 45.97]
time: [5.92, 7.57, 9.95, 12.96, 16.34, 19.55, 29.2, 33.35, 35.58, 37.47, 1000, 1000, 1000, 1000]
current_hyper_parameter
v: [21.08, 24.57, 33.77, 17.55, 12.0, 31.55, 23.28, 31.15, 12.0, 30.39, 16.54, 32.49, 12.0, 17.47]
a: [82.85, 82.09, 152.33, 50.0, 151.12, 109.06, 146.18, 55.04, 136.5, 87.03, 50.0, 150.93, 156.03, 124.33]
d: [3.5, 3.5, 4.04, 3.5, 3.5, 3.5, 3.5, 3.5, 3.5, 3.5, 3.5, 3.5, 3.5, 2.0]
BEST_hyper_parameter
v: [21.08, 24.57, 33.77, 17.55, 12.0, 31.55, 23.28, 31.15, 12.0, 32.15, 16.54, 32.49, 12.0, 17.47]
a: [82.85, 82.09, 152.33, 50.0, 151.12, 109.06, 146.18, 55.04, 136.5, 87.03, 50.0, 150.93, 156.03, 124.33]
d: [3.5, 3.5, 4.04, 3.5, 3.5, 3.5, 3.5, 3.5, 3.5, 3.5, 3.5, 3.5, 3.5, 2.0]
LOSE: random_idx_1 = 0, random_idx_2 = 9
LOSE: random_idx_1 = 0, random_idx_2 = 3

iteration: 6
best: [5.92, 7.56, 9.91, 12.95, 16.29, 19.46, 29.12, 33.02, 34.95, 37.25, 40.6, 42.17, 44.89, 45.97]
time: [5.99, 7.64, 9.96, 12.86, 19.22, 22.07, 31.86, 38.32, 40.37, 42.07, 44.45, 46.19, 1000, 1000]
current_hyper_parameter
v: [21.08, 24.57, 33.77, 33.9, 12.0, 31.55, 23.28, 31.15, 12.0, 27.37, 16.54, 32.49, 12.0, 17.47]
a: [82.85, 82.09, 152.33, 50.0, 151.12, 109.06, 146.18, 55.04, 136.5, 87.03, 50.0, 150.93, 156.03, 124.33]
d: [3.5, 3.5, 4.04, 3.5, 3.5, 3.5, 3.5, 3.5, 3.5, 3.5, 3.5, 3.5, 3.5, 2.0]
BEST_hyper_parameter
v: [21.08, 24.57, 33.77, 17.55, 12.0, 31.55, 23.28, 31.15, 12.0, 32.15, 16.54, 32.49, 12.0, 17.47]
a: [82.85, 82.09, 152.33, 50.0, 151.12, 109.06, 146.18, 55.04, 136.5, 87.03, 50.0, 150.93, 156.03, 124.33]
d: [3.5, 3.5, 4.04, 3.5, 3.5, 3.5, 3.5, 3.5, 3.5, 3.5, 3.5, 3.5, 3.5, 2.0]
LOSE: random_idx_1 = 1, random_idx_2 = 11
LOSE: random_idx_1 = 2, random_idx_2 = 0

iteration: 7
best: [5.92, 7.56, 9.91, 12.95, 16.29, 19.46, 29.12, 33.02, 34.95, 37.25, 40.6, 42.17, 44.89, 45.97]
time: [5.98, 7.59, 9.94, 12.95, 16.3, 19.53, 29.16, 41.59, 44.08, 46.02, 47.46, 1000, 1000, 1000]
current_hyper_parameter
v: [21.08, 24.57, 33.77, 17.55, 12.0, 31.55, 23.28, 31.15, 12.0, 32.15, 16.54, 32.49, 12.0, 17.47]
a: [82.85, 82.09, 152.33, 50.0, 151.12, 109.06, 146.18, 55.04, 136.5, 87.03, 50.0, 135.88, 156.03, 124.33]
d: [3.5, 3.5, 4.04, 3.5, 3.5, 3.5, 3.5, 3.5, 3.5, 3.5, 3.5, 3.5, 3.5, 2.0]
BEST_hyper_parameter
v: [21.08, 24.57, 33.77, 17.55, 12.0, 31.55, 23.28, 31.15, 12.0, 32.15, 16.54, 32.49, 12.0, 17.47]
a: [82.85, 82.09, 152.33, 50.0, 151.12, 109.06, 146.18, 55.04, 136.5, 87.03, 50.0, 150.93, 156.03, 124.33]
d: [3.5, 3.5, 4.04, 3.5, 3.5, 3.5, 3.5, 3.5, 3.5, 3.5, 3.5, 3.5, 3.5, 2.0]
LOSE: random_idx_1 = 2, random_idx_2 = 6
LOSE: random_idx_1 = 2, random_idx_2 = 1

iteration: 8
best: [5.92, 7.56, 9.91, 12.95, 16.29, 19.46, 29.12, 33.02, 34.95, 37.25, 40.6, 42.17, 44.89, 45.97]
time: [5.97, 7.6, 9.96, 13.02, 16.36, 19.67, 30.88, 1000, 1000, 1000, 1000, 1000, 1000, 1000]
current_hyper_parameter
v: [21.08, 24.57, 33.77, 17.55, 12.0, 31.55, 23.28, 31.15, 12.0, 32.15, 16.54, 32.49, 12.0, 17.47]
a: [82.85, 82.09, 152.33, 50.0, 151.12, 109.06, 146.18, 55.04, 136.5, 87.03, 50.0, 150.93, 156.03, 124.33]
d: [3.5, 3.5, 4.04, 3.5, 3.5, 3.5, 3.5, 3.5, 3.5, 3.5, 3.5, 3.5, 3.5, 2.0]
BEST_hyper_parameter
v: [21.08, 24.57, 33.77, 17.55, 12.0, 31.55, 23.28, 31.15, 12.0, 32.15, 16.54, 32.49, 12.0, 17.47]
a: [82.85, 82.09, 152.33, 50.0, 151.12, 109.06, 146.18, 55.04, 136.5, 87.03, 50.0, 150.93, 156.03, 124.33]
d: [3.5, 3.5, 4.04, 3.5, 3.5, 3.5, 3.5, 3.5, 3.5, 3.5, 3.5, 3.5, 3.5, 2.0]
LOSE: random_idx_1 = 1, random_idx_2 = 6
LOSE: random_idx_1 = 2, random_idx_2 = 13

iteration: 9
best: [5.92, 7.56, 9.91, 12.95, 16.29, 19.46, 29.12, 33.02, 34.95, 37.25, 40.6, 42.17, 44.89, 45.97]
time: [5.97, 7.59, 9.93, 12.93, 16.29, 19.56, 32.08, 35.47, 37.62, 39.6, 41.98, 1000, 1000, 1000]
current_hyper_parameter
v: [21.08, 24.57, 33.77, 17.55, 12.0, 31.55, 23.28, 31.15, 12.0, 32.15, 16.54, 32.49, 12.0, 17.47]
a: [82.85, 82.09, 152.33, 50.0, 151.12, 109.06, 60.28, 55.04, 136.5, 87.03, 50.0, 150.93, 156.03, 124.33]
d: [3.5, 3.5, 4.04, 3.5, 3.5, 3.5, 3.5, 3.5, 3.5, 3.5, 3.5, 3.5, 3.5, 2.0]
BEST_hyper_parameter
v: [21.08, 24.57, 33.77, 17.55, 12.0, 31.55, 23.28, 31.15, 12.0, 32.15, 16.54, 32.49, 12.0, 17.47]
a: [82.85, 82.09, 152.33, 50.0, 151.12, 109.06, 146.18, 55.04, 136.5, 87.03, 50.0, 150.93, 156.03, 124.33]
d: [3.5, 3.5, 4.04, 3.5, 3.5, 3.5, 3.5, 3.5, 3.5, 3.5, 3.5, 3.5, 3.5, 2.0]
LOSE: random_idx_1 = 0, random_idx_2 = 3
LOSE: random_idx_1 = 2, random_idx_2 = 0

iteration: 10
best: [5.92, 7.56, 9.91, 12.95, 16.29, 19.46, 29.12, 33.02, 34.95, 37.25, 40.6, 42.17, 44.89, 45.97]
time: [5.92, 7.56, 9.9, 12.85, 19.19, 42.84, 1000, 1000, 1000, 1000, 1000, 1000, 1000, 1000]
current_hyper_parameter
v: [21.08, 24.57, 33.77, 17.42, 12.0, 31.55, 23.28, 31.15, 12.0, 32.15, 16.54, 32.49, 12.0, 17.47]
a: [82.85, 82.09, 152.33, 50.0, 151.12, 109.06, 146.18, 55.04, 136.5, 87.03, 50.0, 150.93, 156.03, 124.33]
d: [3.5, 3.5, 4.04, 3.5, 3.5, 3.5, 3.5, 3.5, 3.5, 3.5, 3.5, 3.5, 3.5, 2.0]
BEST_hyper_parameter
v: [21.08, 24.57, 33.77, 17.55, 12.0, 31.55, 23.28, 31.15, 12.0, 32.15, 16.54, 32.49, 12.0, 17.47]
a: [82.85, 82.09, 152.33, 50.0, 151.12, 109.06, 146.18, 55.04, 136.5, 87.03, 50.0, 150.93, 156.03, 124.33]
d: [3.5, 3.5, 4.04, 3.5, 3.5, 3.5, 3.5, 3.5, 3.5, 3.5, 3.5, 3.5, 3.5, 2.0]
LOSE: random_idx_1 = 1, random_idx_2 = 1
LOSE: random_idx_1 = 0, random_idx_2 = 7

iteration: 11
best: [5.92, 7.56, 9.91, 12.95, 16.29, 19.46, 29.12, 33.02, 34.95, 37.25, 40.6, 42.17, 44.89, 45.97]
time: [5.97, 7.49, 12.82, 18.38, 24.66, 27.69, 37.48, 1000, 1000, 1000, 1000, 1000, 1000, 1000]
current_hyper_parameter
v: [21.08, 24.57, 33.77, 17.55, 12.0, 31.55, 23.28, 9.94, 12.0, 32.15, 16.54, 32.49, 12.0, 17.47]
a: [82.85, 128.04, 152.33, 50.0, 151.12, 109.06, 146.18, 55.04, 136.5, 87.03, 50.0, 150.93, 156.03, 124.33]
d: [3.5, 3.5, 4.04, 3.5, 3.5, 3.5, 3.5, 3.5, 3.5, 3.5, 3.5, 3.5, 3.5, 2.0]
BEST_hyper_parameter
v: [21.08, 24.57, 33.77, 17.55, 12.0, 31.55, 23.28, 31.15, 12.0, 32.15, 16.54, 32.49, 12.0, 17.47]
a: [82.85, 82.09, 152.33, 50.0, 151.12, 109.06, 146.18, 55.04, 136.5, 87.03, 50.0, 150.93, 156.03, 124.33]
d: [3.5, 3.5, 4.04, 3.5, 3.5, 3.5, 3.5, 3.5, 3.5, 3.5, 3.5, 3.5, 3.5, 2.0]
LOSE: random_idx_1 = 0, random_idx_2 = 3
LOSE: random_idx_1 = 0, random_idx_2 = 0

iteration: 12
best: [5.92, 7.56, 9.91, 12.95, 16.29, 19.46, 29.12, 33.02, 34.95, 37.25, 40.6, 42.17, 44.89, 45.97]
time: [6.15, 7.85, 10.35, 16.62, 31.95, 1000, 1000, 1000, 1000, 1000, 1000, 1000, 1000, 1000]
current_hyper_parameter
v: [14.07, 24.57, 33.77, 32.86, 12.0, 31.55, 23.28, 31.15, 12.0, 32.15, 16.54, 32.49, 12.0, 17.47]
a: [82.85, 82.09, 152.33, 50.0, 151.12, 109.06, 146.18, 55.04, 136.5, 87.03, 50.0, 150.93, 156.03, 124.33]
d: [3.5, 3.5, 4.04, 3.5, 3.5, 3.5, 3.5, 3.5, 3.5, 3.5, 3.5, 3.5, 3.5, 2.0]
BEST_hyper_parameter
v: [21.08, 24.57, 33.77, 17.55, 12.0, 31.55, 23.28, 31.15, 12.0, 32.15, 16.54, 32.49, 12.0, 17.47]
a: [82.85, 82.09, 152.33, 50.0, 151.12, 109.06, 146.18, 55.04, 136.5, 87.03, 50.0, 150.93, 156.03, 124.33]
d: [3.5, 3.5, 4.04, 3.5, 3.5, 3.5, 3.5, 3.5, 3.5, 3.5, 3.5, 3.5, 3.5, 2.0]
LOSE: random_idx_1 = 0, random_idx_2 = 12
LOSE: random_idx_1 = 1, random_idx_2 = 1

iteration: 13
best: [5.92, 7.56, 9.91, 12.95, 16.29, 19.46, 29.12, 33.02, 34.95, 37.25, 40.6, 42.17, 44.89, 45.97]
time: [5.98, 7.5, 9.81, 13.06, 16.35, 19.65, 30.63, 1000, 1000, 1000, 1000, 1000, 1000, 1000]
current_hyper_parameter
v: [21.08, 24.57, 33.77, 17.55, 12.0, 31.55, 23.28, 31.15, 12.0, 32.15, 16.54, 32.49, 17.69, 17.47]
a: [82.85, 108.15, 152.33, 50.0, 151.12, 109.06, 146.18, 55.04, 136.5, 87.03, 50.0, 150.93, 156.03, 124.33]
d: [3.5, 3.5, 4.04, 3.5, 3.5, 3.5, 3.5, 3.5, 3.5, 3.5, 3.5, 3.5, 3.5, 2.0]
BEST_hyper_parameter
v: [21.08, 24.57, 33.77, 17.55, 12.0, 31.55, 23.28, 31.15, 12.0, 32.15, 16.54, 32.49, 12.0, 17.47]
a: [82.85, 82.09, 152.33, 50.0, 151.12, 109.06, 146.18, 55.04, 136.5, 87.03, 50.0, 150.93, 156.03, 124.33]
d: [3.5, 3.5, 4.04, 3.5, 3.5, 3.5, 3.5, 3.5, 3.5, 3.5, 3.5, 3.5, 3.5, 2.0]
LOSE: random_idx_1 = 2, random_idx_2 = 5
LOSE: random_idx_1 = 0, random_idx_2 = 7

iteration: 14
best: [5.92, 7.56, 9.91, 12.95, 16.29, 19.46, 29.12, 33.02, 34.95, 37.25, 40.6, 42.17, 44.89, 45.97]
time: [5.96, 7.6, 9.95, 12.95, 16.31, 19.49, 29.22, 33.33, 35.49, 37.25, 39.2, 1000, 1000, 1000]
current_hyper_parameter
v: [21.08, 24.57, 33.77, 17.55, 12.0, 31.55, 23.28, 33.35, 12.0, 32.15, 16.54, 32.49, 12.0, 17.47]
a: [82.85, 82.09, 152.33, 50.0, 151.12, 109.06, 146.18, 55.04, 136.5, 87.03, 50.0, 150.93, 156.03, 124.33]
d: [3.5, 3.5, 4.04, 3.5, 3.5, 3.5, 3.5, 3.5, 3.5, 3.5, 3.5, 3.5, 3.5, 2.0]
BEST_hyper_parameter
v: [21.08, 24.57, 33.77, 17.55, 12.0, 31.55, 23.28, 31.15, 12.0, 32.15, 16.54, 32.49, 12.0, 17.47]
a: [82.85, 82.09, 152.33, 50.0, 151.12, 109.06, 146.18, 55.04, 136.5, 87.03, 50.0, 150.93, 156.03, 124.33]
d: [3.5, 3.5, 4.04, 3.5, 3.5, 3.5, 3.5, 3.5, 3.5, 3.5, 3.5, 3.5, 3.5, 2.0]
LOSE: random_idx_1 = 0, random_idx_2 = 6
LOSE: random_idx_1 = 2, random_idx_2 = 9

iteration: 15
best: [5.92, 7.56, 9.91, 12.95, 16.29, 19.46, 29.12, 33.02, 34.95, 37.25, 40.6, 42.17, 44.89, 45.97]
time: [5.96, 7.59, 9.93, 12.83, 19.15, 22.01, 39.28, 43.42, 45.45, 47.58, 1000, 1000, 1000, 1000]
current_hyper_parameter
v: [21.08, 24.57, 33.77, 17.55, 12.0, 31.55, 8.75, 31.15, 12.0, 32.15, 16.54, 32.49, 12.0, 17.47]
a: [82.85, 82.09, 152.33, 50.0, 151.12, 109.06, 146.18, 55.04, 136.5, 87.03, 50.0, 150.93, 156.03, 124.33]
d: [3.5, 3.5, 4.04, 3.5, 3.5, 3.5, 3.5, 3.5, 3.5, 3.5, 3.5, 3.5, 3.5, 2.0]
BEST_hyper_parameter
v: [21.08, 24.57, 33.77, 17.55, 12.0, 31.55, 23.28, 31.15, 12.0, 32.15, 16.54, 32.49, 12.0, 17.47]
a: [82.85, 82.09, 152.33, 50.0, 151.12, 109.06, 146.18, 55.04, 136.5, 87.03, 50.0, 150.93, 156.03, 124.33]
d: [3.5, 3.5, 4.04, 3.5, 3.5, 3.5, 3.5, 3.5, 3.5, 3.5, 3.5, 3.5, 3.5, 2.0]
LOSE: random_idx_1 = 2, random_idx_2 = 4
LOSE: random_idx_1 = 2, random_idx_2 = 4

iteration: 16
best: [5.92, 7.56, 9.91, 12.95, 16.29, 19.46, 29.12, 33.02, 34.95, 37.25, 40.6, 42.17, 44.89, 45.97]
time: [5.89, 7.56, 9.92, 13.01, 16.32, 19.64, 30.72, 34.2, 36.42, 38.17, 40.87, 1000, 1000, 1000]
current_hyper_parameter
v: [21.08, 24.57, 33.77, 17.55, 12.0, 31.55, 23.28, 31.15, 12.0, 32.15, 16.54, 32.49, 12.0, 17.47]
a: [82.85, 82.09, 152.33, 50.0, 151.12, 109.06, 146.18, 55.04, 136.5, 87.03, 50.0, 150.93, 156.03, 124.33]
d: [3.5, 3.5, 4.04, 3.5, 3.5, 3.5, 3.5, 3.5, 3.5, 3.5, 3.5, 3.5, 3.5, 2.0]
BEST_hyper_parameter
v: [21.08, 24.57, 33.77, 17.55, 12.0, 31.55, 23.28, 31.15, 12.0, 32.15, 16.54, 32.49, 12.0, 17.47]
a: [82.85, 82.09, 152.33, 50.0, 151.12, 109.06, 146.18, 55.04, 136.5, 87.03, 50.0, 150.93, 156.03, 124.33]
d: [3.5, 3.5, 4.04, 3.5, 3.5, 3.5, 3.5, 3.5, 3.5, 3.5, 3.5, 3.5, 3.5, 2.0]
LOSE: random_idx_1 = 1, random_idx_2 = 7
LOSE: random_idx_1 = 1, random_idx_2 = 2

iteration: 17
best: [5.92, 7.56, 9.91, 12.95, 16.29, 19.46, 29.12, 33.02, 34.95, 37.25, 40.6, 42.17, 44.89, 45.97]
time: [5.96, 7.62, 11.13, 14.6, 17.91, 21.25, 32.37, 35.06, 1000, 1000, 1000, 1000, 1000, 1000]
current_hyper_parameter
v: [21.08, 24.57, 33.77, 17.55, 12.0, 31.55, 23.28, 31.15, 12.0, 32.15, 16.54, 32.49, 12.0, 17.47]
a: [82.85, 82.09, 41.36, 50.0, 151.12, 109.06, 146.18, 149.1, 136.5, 87.03, 50.0, 150.93, 156.03, 124.33]
d: [3.5, 3.5, 4.04, 3.5, 3.5, 3.5, 3.5, 3.5, 3.5, 3.5, 3.5, 3.5, 3.5, 2.0]
BEST_hyper_parameter
v: [21.08, 24.57, 33.77, 17.55, 12.0, 31.55, 23.28, 31.15, 12.0, 32.15, 16.54, 32.49, 12.0, 17.47]
a: [82.85, 82.09, 152.33, 50.0, 151.12, 109.06, 146.18, 55.04, 136.5, 87.03, 50.0, 150.93, 156.03, 124.33]
d: [3.5, 3.5, 4.04, 3.5, 3.5, 3.5, 3.5, 3.5, 3.5, 3.5, 3.5, 3.5, 3.5, 2.0]
LOSE: random_idx_1 = 0, random_idx_2 = 9
LOSE: random_idx_1 = 0, random_idx_2 = 11

iteration: 18
best: [5.92, 7.56, 9.91, 12.95, 16.29, 19.46, 29.12, 33.02, 34.95, 37.25, 40.6, 42.17, 44.89, 45.97]
time: [5.94, 7.6, 9.99, 13.04, 16.41, 19.6, 29.25, 33.39, 35.59, 37.52, 1000, 1000, 1000, 1000]
current_hyper_parameter
v: [21.08, 24.57, 33.77, 17.55, 12.0, 31.55, 23.28, 31.15, 12.0, 30.06, 16.54, 24.63, 12.0, 17.47]
a: [82.85, 82.09, 152.33, 50.0, 151.12, 109.06, 146.18, 55.04, 136.5, 87.03, 50.0, 150.93, 156.03, 124.33]
d: [3.5, 3.5, 4.04, 3.5, 3.5, 3.5, 3.5, 3.5, 3.5, 3.5, 3.5, 3.5, 3.5, 2.0]
BEST_hyper_parameter
v: [21.08, 24.57, 33.77, 17.55, 12.0, 31.55, 23.28, 31.15, 12.0, 32.15, 16.54, 32.49, 12.0, 17.47]
a: [82.85, 82.09, 152.33, 50.0, 151.12, 109.06, 146.18, 55.04, 136.5, 87.03, 50.0, 150.93, 156.03, 124.33]
d: [3.5, 3.5, 4.04, 3.5, 3.5, 3.5, 3.5, 3.5, 3.5, 3.5, 3.5, 3.5, 3.5, 2.0]
LOSE: random_idx_1 = 1, random_idx_2 = 7
LOSE: random_idx_1 = 2, random_idx_2 = 13

iteration: 19
best: [5.92, 7.56, 9.91, 12.95, 16.29, 19.46, 29.12, 33.02, 34.95, 37.25, 40.6, 42.17, 44.89, 45.97]
time: [5.93, 7.59, 9.96, 13.02, 16.35, 19.66, 30.83, 33.64, 1000, 1000, 1000, 1000, 1000, 1000]
current_hyper_parameter
v: [21.08, 24.57, 33.77, 17.55, 12.0, 31.55, 23.28, 31.15, 12.0, 32.15, 16.54, 32.49, 12.0, 17.47]
a: [82.85, 82.09, 152.33, 50.0, 151.12, 109.06, 146.18, 100.78, 136.5, 87.03, 50.0, 150.93, 156.03, 124.33]
d: [3.5, 3.5, 4.04, 3.5, 3.5, 3.5, 3.5, 3.5, 3.5, 3.5, 3.5, 3.5, 3.5, 2.0]
BEST_hyper_parameter
v: [21.08, 24.57, 33.77, 17.55, 12.0, 31.55, 23.28, 31.15, 12.0, 32.15, 16.54, 32.49, 12.0, 17.47]
a: [82.85, 82.09, 152.33, 50.0, 151.12, 109.06, 146.18, 55.04, 136.5, 87.03, 50.0, 150.93, 156.03, 124.33]
d: [3.5, 3.5, 4.04, 3.5, 3.5, 3.5, 3.5, 3.5, 3.5, 3.5, 3.5, 3.5, 3.5, 2.0]
LOSE: random_idx_1 = 2, random_idx_2 = 0
LOSE: random_idx_1 = 1, random_idx_2 = 0

iteration: 20
best: [5.92, 7.56, 9.91, 12.95, 16.29, 19.46, 29.12, 33.02, 34.95, 37.25, 40.6, 42.17, 44.89, 45.97]
time: [6.13, 7.84, 10.35, 13.63, 16.88, 20.13, 31.31, 35.1, 37.14, 38.99, 1000, 1000, 1000, 1000]
current_hyper_parameter
v: [21.08, 24.57, 33.77, 17.55, 12.0, 31.55, 23.28, 31.15, 12.0, 32.15, 16.54, 32.49, 12.0, 17.47]
a: [64.55, 82.09, 152.33, 50.0, 151.12, 109.06, 146.18, 55.04, 136.5, 87.03, 50.0, 150.93, 156.03, 124.33]
d: [3.5, 3.5, 4.04, 3.5, 3.5, 3.5, 3.5, 3.5, 3.5, 3.5, 3.5, 3.5, 3.5, 2.0]
BEST_hyper_parameter
v: [21.08, 24.57, 33.77, 17.55, 12.0, 31.55, 23.28, 31.15, 12.0, 32.15, 16.54, 32.49, 12.0, 17.47]
a: [82.85, 82.09, 152.33, 50.0, 151.12, 109.06, 146.18, 55.04, 136.5, 87.03, 50.0, 150.93, 156.03, 124.33]
d: [3.5, 3.5, 4.04, 3.5, 3.5, 3.5, 3.5, 3.5, 3.5, 3.5, 3.5, 3.5, 3.5, 2.0]
LOSE: random_idx_1 = 1, random_idx_2 = 11
LOSE: random_idx_1 = 0, random_idx_2 = 2

iteration: 21
best: [5.92, 7.56, 9.91, 12.95, 16.29, 19.46, 29.12, 33.02, 34.95, 37.25, 40.6, 42.17, 44.89, 45.97]
time: [5.96, 7.62, 11.12, 14.44, 20.8, 32.97, 42.81, 46.41, 1000, 1000, 1000, 1000, 1000, 1000]
current_hyper_parameter
v: [21.08, 24.57, 9.52, 17.55, 12.0, 31.55, 23.28, 31.15, 12.0, 32.15, 16.54, 32.49, 12.0, 17.47]
a: [82.85, 82.09, 152.33, 50.0, 151.12, 109.06, 146.18, 55.04, 136.5, 87.03, 50.0, 131.58, 156.03, 124.33]
d: [3.5, 3.5, 4.04, 3.5, 3.5, 3.5, 3.5, 3.5, 3.5, 3.5, 3.5, 3.5, 3.5, 2.0]
BEST_hyper_parameter
v: [21.08, 24.57, 33.77, 17.55, 12.0, 31.55, 23.28, 31.15, 12.0, 32.15, 16.54, 32.49, 12.0, 17.47]
a: [82.85, 82.09, 152.33, 50.0, 151.12, 109.06, 146.18, 55.04, 136.5, 87.03, 50.0, 150.93, 156.03, 124.33]
d: [3.5, 3.5, 4.04, 3.5, 3.5, 3.5, 3.5, 3.5, 3.5, 3.5, 3.5, 3.5, 3.5, 2.0]
LOSE: random_idx_1 = 2, random_idx_2 = 9
LOSE: random_idx_1 = 0, random_idx_2 = 6

iteration: 22
best: [5.92, 7.56, 9.91, 12.95, 16.29, 19.46, 29.12, 33.02, 34.95, 37.25, 40.6, 42.17, 44.89, 45.97]
time: [5.98, 7.63, 10.0, 13.11, 19.46, 22.84, 31.14, 35.34, 37.8, 39.66, 41.84, 43.62, 46.9, 1000]
current_hyper_parameter
v: [21.08, 24.57, 33.77, 17.55, 12.0, 31.55, 33.39, 31.15, 12.0, 32.15, 16.54, 32.49, 12.0, 17.47]
a: [82.85, 82.09, 152.33, 50.0, 151.12, 109.06, 146.18, 55.04, 136.5, 87.03, 50.0, 150.93, 156.03, 124.33]
d: [3.5, 3.5, 4.04, 3.5, 3.5, 3.5, 3.5, 3.5, 3.5, 3.5, 3.5, 3.5, 3.5, 2.0]
BEST_hyper_parameter
v: [21.08, 24.57, 33.77, 17.55, 12.0, 31.55, 23.28, 31.15, 12.0, 32.15, 16.54, 32.49, 12.0, 17.47]
a: [82.85, 82.09, 152.33, 50.0, 151.12, 109.06, 146.18, 55.04, 136.5, 87.03, 50.0, 150.93, 156.03, 124.33]
d: [3.5, 3.5, 4.04, 3.5, 3.5, 3.5, 3.5, 3.5, 3.5, 3.5, 3.5, 3.5, 3.5, 2.0]
LOSE: random_idx_1 = 0, random_idx_2 = 9
LOSE: random_idx_1 = 2, random_idx_2 = 6

iteration: 23
best: [5.92, 7.56, 9.91, 12.95, 16.29, 19.46, 29.12, 33.02, 34.95, 37.25, 40.6, 42.17, 44.89, 45.97]
time: [5.99, 7.63, 9.97, 13.11, 16.42, 19.71, 30.95, 1000, 1000, 1000, 1000, 1000, 1000, 1000]
current_hyper_parameter
v: [21.08, 24.57, 33.77, 17.55, 12.0, 31.55, 23.28, 31.15, 12.0, 24.21, 16.54, 32.49, 12.0, 17.47]
a: [82.85, 82.09, 152.33, 50.0, 151.12, 109.06, 146.18, 55.04, 136.5, 87.03, 50.0, 150.93, 156.03, 124.33]
d: [3.5, 3.5, 4.04, 3.5, 3.5, 3.5, 3.5, 3.5, 3.5, 3.5, 3.5, 3.5, 3.5, 2.0]
BEST_hyper_parameter
v: [21.08, 24.57, 33.77, 17.55, 12.0, 31.55, 23.28, 31.15, 12.0, 32.15, 16.54, 32.49, 12.0, 17.47]
a: [82.85, 82.09, 152.33, 50.0, 151.12, 109.06, 146.18, 55.04, 136.5, 87.03, 50.0, 150.93, 156.03, 124.33]
d: [3.5, 3.5, 4.04, 3.5, 3.5, 3.5, 3.5, 3.5, 3.5, 3.5, 3.5, 3.5, 3.5, 2.0]
LOSE: random_idx_1 = 0, random_idx_2 = 4
LOSE: random_idx_1 = 2, random_idx_2 = 3

iteration: 24
best: [5.92, 7.56, 9.91, 12.95, 16.29, 19.46, 29.12, 33.02, 34.95, 37.25, 40.6, 42.17, 44.89, 45.97]
time: [5.97, 7.6, 9.94, 12.88, 19.71, 22.49, 32.45, 1000, 1000, 1000, 1000, 1000, 1000, 1000]
current_hyper_parameter
v: [21.08, 24.57, 33.77, 17.55, 9.36, 31.55, 23.28, 31.15, 12.0, 32.15, 16.54, 32.49, 12.0, 17.47]
a: [82.85, 82.09, 152.33, 50.0, 151.12, 109.06, 146.18, 55.04, 136.5, 87.03, 50.0, 150.93, 156.03, 124.33]
d: [3.5, 3.5, 4.04, 3.5, 3.5, 3.5, 3.5, 3.5, 3.5, 3.5, 3.5, 3.5, 3.5, 2.0]
BEST_hyper_parameter
v: [21.08, 24.57, 33.77, 17.55, 12.0, 31.55, 23.28, 31.15, 12.0, 32.15, 16.54, 32.49, 12.0, 17.47]
a: [82.85, 82.09, 152.33, 50.0, 151.12, 109.06, 146.18, 55.04, 136.5, 87.03, 50.0, 150.93, 156.03, 124.33]
d: [3.5, 3.5, 4.04, 3.5, 3.5, 3.5, 3.5, 3.5, 3.5, 3.5, 3.5, 3.5, 3.5, 2.0]
LOSE: random_idx_1 = 1, random_idx_2 = 9
LOSE: random_idx_1 = 1, random_idx_2 = 2

iteration: 25
best: [5.92, 7.56, 9.91, 12.95, 16.29, 19.46, 29.12, 33.02, 34.95, 37.25, 40.6, 42.17, 44.89, 45.97]
time: [5.91, 7.57, 10.04, 13.09, 19.51, 1000, 1000, 1000, 1000, 1000, 1000, 1000, 1000, 1000]
current_hyper_parameter
v: [21.08, 24.57, 33.77, 17.55, 12.0, 31.55, 23.28, 31.15, 12.0, 32.15, 16.54, 32.49, 12.0, 17.47]
a: [82.85, 82.09, 122.93, 50.0, 151.12, 109.06, 146.18, 55.04, 136.5, 51.29, 50.0, 150.93, 156.03, 124.33]
d: [3.5, 3.5, 4.04, 3.5, 3.5, 3.5, 3.5, 3.5, 3.5, 3.5, 3.5, 3.5, 3.5, 2.0]
BEST_hyper_parameter
v: [21.08, 24.57, 33.77, 17.55, 12.0, 31.55, 23.28, 31.15, 12.0, 32.15, 16.54, 32.49, 12.0, 17.47]
a: [82.85, 82.09, 152.33, 50.0, 151.12, 109.06, 146.18, 55.04, 136.5, 87.03, 50.0, 150.93, 156.03, 124.33]
d: [3.5, 3.5, 4.04, 3.5, 3.5, 3.5, 3.5, 3.5, 3.5, 3.5, 3.5, 3.5, 3.5, 2.0]
LOSE: random_idx_1 = 1, random_idx_2 = 2
LOSE: random_idx_1 = 0, random_idx_2 = 6

iteration: 26
best: [5.92, 7.56, 9.91, 12.95, 16.29, 19.46, 29.12, 33.02, 34.95, 37.25, 40.6, 42.17, 44.89, 45.97]
time: [5.91, 7.59, 10.16, 16.17, 22.75, 25.62, 34.76, 38.65, 40.69, 42.55, 44.89, 1000, 1000, 1000]
current_hyper_parameter
v: [21.08, 24.57, 33.77, 17.55, 12.0, 31.55, 26.52, 31.15, 12.0, 32.15, 16.54, 32.49, 12.0, 17.47]
a: [82.85, 82.09, 107.9, 50.0, 151.12, 109.06, 146.18, 55.04, 136.5, 87.03, 50.0, 150.93, 156.03, 124.33]
d: [3.5, 3.5, 4.04, 3.5, 3.5, 3.5, 3.5, 3.5, 3.5, 3.5, 3.5, 3.5, 3.5, 2.0]
BEST_hyper_parameter
v: [21.08, 24.57, 33.77, 17.55, 12.0, 31.55, 23.28, 31.15, 12.0, 32.15, 16.54, 32.49, 12.0, 17.47]
a: [82.85, 82.09, 152.33, 50.0, 151.12, 109.06, 146.18, 55.04, 136.5, 87.03, 50.0, 150.93, 156.03, 124.33]
d: [3.5, 3.5, 4.04, 3.5, 3.5, 3.5, 3.5, 3.5, 3.5, 3.5, 3.5, 3.5, 3.5, 2.0]
LOSE: random_idx_1 = 2, random_idx_2 = 4
LOSE: random_idx_1 = 2, random_idx_2 = 3

iteration: 27
best: [5.92, 7.56, 9.91, 12.95, 16.29, 19.46, 29.12, 33.02, 34.95, 37.25, 40.6, 42.17, 44.89, 45.97]
time: [5.91, 7.57, 9.92, 12.98, 16.3, 19.51, 29.14, 33.28, 35.52, 37.34, 1000, 1000, 1000, 1000]
current_hyper_parameter
v: [21.08, 24.57, 33.77, 17.55, 12.0, 31.55, 23.28, 31.15, 12.0, 32.15, 16.54, 32.49, 12.0, 17.47]
a: [82.85, 82.09, 152.33, 50.0, 151.12, 109.06, 146.18, 55.04, 136.5, 87.03, 50.0, 150.93, 156.03, 124.33]
d: [3.5, 3.5, 4.04, 3.5, 3.5, 3.5, 3.5, 3.5, 3.5, 3.5, 3.5, 3.5, 3.5, 2.0]
BEST_hyper_parameter
v: [21.08, 24.57, 33.77, 17.55, 12.0, 31.55, 23.28, 31.15, 12.0, 32.15, 16.54, 32.49, 12.0, 17.47]
a: [82.85, 82.09, 152.33, 50.0, 151.12, 109.06, 146.18, 55.04, 136.5, 87.03, 50.0, 150.93, 156.03, 124.33]
d: [3.5, 3.5, 4.04, 3.5, 3.5, 3.5, 3.5, 3.5, 3.5, 3.5, 3.5, 3.5, 3.5, 2.0]
LOSE: random_idx_1 = 2, random_idx_2 = 6
LOSE: random_idx_1 = 2, random_idx_2 = 8

iteration: 28
best: [5.92, 7.56, 9.91, 12.95, 16.29, 19.46, 29.12, 33.02, 34.95, 37.25, 40.6, 42.17, 44.89, 45.97]
time: [5.97, 7.64, 9.99, 13.01, 20.19, 26.19, 37.5, 41.2, 43.22, 45.13, 51.0, 1000, 1000, 1000]
current_hyper_parameter
v: [21.08, 24.57, 33.77, 17.55, 12.0, 31.55, 23.28, 31.15, 12.0, 32.15, 16.54, 32.49, 12.0, 17.47]
a: [82.85, 82.09, 152.33, 50.0, 151.12, 109.06, 146.18, 55.04, 136.5, 87.03, 50.0, 150.93, 156.03, 124.33]
d: [3.5, 3.5, 4.04, 3.5, 3.5, 3.5, 3.5, 3.5, 3.5, 3.5, 3.5, 3.5, 3.5, 2.0]
BEST_hyper_parameter
v: [21.08, 24.57, 33.77, 17.55, 12.0, 31.55, 23.28, 31.15, 12.0, 32.15, 16.54, 32.49, 12.0, 17.47]
a: [82.85, 82.09, 152.33, 50.0, 151.12, 109.06, 146.18, 55.04, 136.5, 87.03, 50.0, 150.93, 156.03, 124.33]
d: [3.5, 3.5, 4.04, 3.5, 3.5, 3.5, 3.5, 3.5, 3.5, 3.5, 3.5, 3.5, 3.5, 2.0]
LOSE: random_idx_1 = 0, random_idx_2 = 0
LOSE: random_idx_1 = 0, random_idx_2 = 7

iteration: 29
best: [5.92, 7.56, 9.91, 12.95, 16.29, 19.46, 29.12, 33.02, 34.95, 37.25, 40.6, 42.17, 44.89, 45.97]
time: [5.89, 7.51, 9.89, 13.01, 16.34, 19.51, 29.2, 33.01, 34.89, 36.9, 49.93, 1000, 1000, 1000]
current_hyper_parameter
v: [30.05, 24.57, 33.77, 17.55, 12.0, 31.55, 23.28, 31.06, 12.0, 32.15, 16.54, 32.49, 12.0, 17.47]
a: [82.85, 82.09, 152.33, 50.0, 151.12, 109.06, 146.18, 55.04, 136.5, 87.03, 50.0, 150.93, 156.03, 124.33]
d: [3.5, 3.5, 4.04, 3.5, 3.5, 3.5, 3.5, 3.5, 3.5, 3.5, 3.5, 3.5, 3.5, 2.0]
BEST_hyper_parameter
v: [21.08, 24.57, 33.77, 17.55, 12.0, 31.55, 23.28, 31.15, 12.0, 32.15, 16.54, 32.49, 12.0, 17.47]
a: [82.85, 82.09, 152.33, 50.0, 151.12, 109.06, 146.18, 55.04, 136.5, 87.03, 50.0, 150.93, 156.03, 124.33]
d: [3.5, 3.5, 4.04, 3.5, 3.5, 3.5, 3.5, 3.5, 3.5, 3.5, 3.5, 3.5, 3.5, 2.0]
LOSE: random_idx_1 = 2, random_idx_2 = 4
LOSE: random_idx_1 = 1, random_idx_2 = 4

iteration: 30
best: [5.92, 7.56, 9.91, 12.95, 16.29, 19.46, 29.12, 33.02, 34.95, 37.25, 40.6, 42.17, 44.89, 45.97]
time: [5.98, 7.61, 9.93, 12.9, 19.67, 22.27, 32.44, 1000, 1000, 1000, 1000, 1000, 1000, 1000]
current_hyper_parameter
v: [21.08, 24.57, 33.77, 17.55, 12.0, 31.55, 23.28, 31.15, 12.0, 32.15, 16.54, 32.49, 12.0, 17.47]
a: [82.85, 82.09, 152.33, 50.0, 84.6, 109.06, 146.18, 55.04, 136.5, 87.03, 50.0, 150.93, 156.03, 124.33]
d: [3.5, 3.5, 4.04, 3.5, 3.5, 3.5, 3.5, 3.5, 3.5, 3.5, 3.5, 3.5, 3.5, 2.0]
BEST_hyper_parameter
v: [21.08, 24.57, 33.77, 17.55, 12.0, 31.55, 23.28, 31.15, 12.0, 32.15, 16.54, 32.49, 12.0, 17.47]
a: [82.85, 82.09, 152.33, 50.0, 151.12, 109.06, 146.18, 55.04, 136.5, 87.03, 50.0, 150.93, 156.03, 124.33]
d: [3.5, 3.5, 4.04, 3.5, 3.5, 3.5, 3.5, 3.5, 3.5, 3.5, 3.5, 3.5, 3.5, 2.0]
LOSE: random_idx_1 = 2, random_idx_2 = 11
LOSE: random_idx_1 = 2, random_idx_2 = 12

iteration: 31
best: [5.92, 7.56, 9.91, 12.95, 16.29, 19.46, 29.12, 33.02, 34.95, 37.25, 40.6, 42.17, 44.89, 45.97]
time: [5.97, 7.6, 9.94, 13.03, 16.35, 19.58, 30.81, 34.52, 36.4, 38.11, 43.39, 1000, 1000, 1000]
current_hyper_parameter
v: [21.08, 24.57, 33.77, 17.55, 12.0, 31.55, 23.28, 31.15, 12.0, 32.15, 16.54, 32.49, 12.0, 17.47]
a: [82.85, 82.09, 152.33, 50.0, 151.12, 109.06, 146.18, 55.04, 136.5, 87.03, 50.0, 150.93, 156.03, 124.33]
d: [3.5, 3.5, 4.04, 3.5, 3.5, 3.5, 3.5, 3.5, 3.5, 3.5, 3.5, 3.5, 3.5, 2.0]
BEST_hyper_parameter
v: [21.08, 24.57, 33.77, 17.55, 12.0, 31.55, 23.28, 31.15, 12.0, 32.15, 16.54, 32.49, 12.0, 17.47]
a: [82.85, 82.09, 152.33, 50.0, 151.12, 109.06, 146.18, 55.04, 136.5, 87.03, 50.0, 150.93, 156.03, 124.33]
d: [3.5, 3.5, 4.04, 3.5, 3.5, 3.5, 3.5, 3.5, 3.5, 3.5, 3.5, 3.5, 3.5, 2.0]
LOSE: random_idx_1 = 1, random_idx_2 = 5
LOSE: random_idx_1 = 2, random_idx_2 = 5

iteration: 32
best: [5.92, 7.56, 9.91, 12.95, 16.29, 19.46, 29.12, 33.02, 34.95, 37.25, 40.6, 42.17, 44.89, 45.97]
time: [5.98, 7.61, 9.94, 12.92, 24.2, 35.25, 1000, 1000, 1000, 1000, 1000, 1000, 1000, 1000]
current_hyper_parameter
v: [21.08, 24.57, 33.77, 17.55, 12.0, 31.55, 23.28, 31.15, 12.0, 32.15, 16.54, 32.49, 12.0, 17.47]
a: [82.85, 82.09, 152.33, 50.0, 151.12, 21.29, 146.18, 55.04, 136.5, 87.03, 50.0, 150.93, 156.03, 124.33]
d: [3.5, 3.5, 4.04, 3.5, 3.5, 3.5, 3.5, 3.5, 3.5, 3.5, 3.5, 3.5, 3.5, 2.0]
BEST_hyper_parameter
v: [21.08, 24.57, 33.77, 17.55, 12.0, 31.55, 23.28, 31.15, 12.0, 32.15, 16.54, 32.49, 12.0, 17.47]
a: [82.85, 82.09, 152.33, 50.0, 151.12, 109.06, 146.18, 55.04, 136.5, 87.03, 50.0, 150.93, 156.03, 124.33]
d: [3.5, 3.5, 4.04, 3.5, 3.5, 3.5, 3.5, 3.5, 3.5, 3.5, 3.5, 3.5, 3.5, 2.0]
LOSE: random_idx_1 = 2, random_idx_2 = 2
LOSE: random_idx_1 = 1, random_idx_2 = 5

iteration: 33
best: [5.92, 7.56, 9.91, 12.95, 16.29, 19.46, 29.12, 33.02, 34.95, 37.25, 40.6, 42.17, 44.89, 45.97]
time: [5.96, 7.61, 9.95, 13.03, 16.37, 20.74, 32.04, 1000, 1000, 1000, 1000, 1000, 1000, 1000]
current_hyper_parameter
v: [21.08, 24.57, 33.77, 17.55, 12.0, 31.55, 23.28, 31.15, 12.0, 32.15, 16.54, 32.49, 12.0, 17.47]
a: [82.85, 82.09, 152.33, 50.0, 151.12, 47.55, 146.18, 55.04, 136.5, 87.03, 50.0, 150.93, 156.03, 124.33]
d: [3.5, 3.5, 5.35, 3.5, 3.5, 3.5, 3.5, 3.5, 3.5, 3.5, 3.5, 3.5, 3.5, 2.0]
BEST_hyper_parameter
v: [21.08, 24.57, 33.77, 17.55, 12.0, 31.55, 23.28, 31.15, 12.0, 32.15, 16.54, 32.49, 12.0, 17.47]
a: [82.85, 82.09, 152.33, 50.0, 151.12, 109.06, 146.18, 55.04, 136.5, 87.03, 50.0, 150.93, 156.03, 124.33]
d: [3.5, 3.5, 4.04, 3.5, 3.5, 3.5, 3.5, 3.5, 3.5, 3.5, 3.5, 3.5, 3.5, 2.0]
LOSE: random_idx_1 = 0, random_idx_2 = 3
LOSE: random_idx_1 = 1, random_idx_2 = 7

iteration: 34
best: [5.92, 7.56, 9.91, 12.95, 16.29, 19.46, 29.12, 33.02, 34.95, 37.25, 40.6, 42.17, 44.89, 45.97]
time: [5.96, 7.61, 9.98, 13.07, 16.38, 19.54, 29.23, 32.2, 34.58, 36.85, 1000, 1000, 1000, 1000]
current_hyper_parameter
v: [21.08, 24.57, 33.77, 19.16, 12.0, 31.55, 23.28, 31.15, 12.0, 32.15, 16.54, 32.49, 12.0, 17.47]
a: [82.85, 82.09, 152.33, 50.0, 151.12, 109.06, 146.18, 92.01, 136.5, 87.03, 50.0, 150.93, 156.03, 124.33]
d: [3.5, 3.5, 4.04, 3.5, 3.5, 3.5, 3.5, 3.5, 3.5, 3.5, 3.5, 3.5, 3.5, 2.0]
BEST_hyper_parameter
v: [21.08, 24.57, 33.77, 17.55, 12.0, 31.55, 23.28, 31.15, 12.0, 32.15, 16.54, 32.49, 12.0, 17.47]
a: [82.85, 82.09, 152.33, 50.0, 151.12, 109.06, 146.18, 55.04, 136.5, 87.03, 50.0, 150.93, 156.03, 124.33]
d: [3.5, 3.5, 4.04, 3.5, 3.5, 3.5, 3.5, 3.5, 3.5, 3.5, 3.5, 3.5, 3.5, 2.0]
LOSE: random_idx_1 = 2, random_idx_2 = 9
LOSE: random_idx_1 = 1, random_idx_2 = 11

iteration: 35
best: [5.96, 7.61, 9.98, 13.07, 16.38, 19.54, 29.23, 32.2, 34.95, 37.25, 40.6, 42.17, 44.89, 45.97]
time: [5.97, 7.62, 9.96, 13.07, 16.39, 22.83, 33.35, 36.24, 1000, 1000, 1000, 1000, 1000, 1000]
current_hyper_parameter
v: [21.08, 24.57, 33.77, 19.16, 12.0, 31.55, 23.28, 31.15, 12.0, 32.15, 16.54, 32.49, 12.0, 17.47]
a: [82.85, 82.09, 152.33, 50.0, 151.12, 109.06, 146.18, 92.01, 136.5, 87.03, 50.0, 97.26, 156.03, 124.33]
d: [3.5, 3.5, 4.04, 3.5, 3.5, 3.5, 3.5, 3.5, 3.5, 3.5, 3.5, 3.5, 3.5, 2.0]
BEST_hyper_parameter
v: [21.08, 24.57, 33.77, 19.16, 12.0, 31.55, 23.28, 31.15, 12.0, 32.15, 16.54, 32.49, 12.0, 17.47]
a: [82.85, 82.09, 152.33, 50.0, 151.12, 109.06, 146.18, 92.01, 136.5, 87.03, 50.0, 150.93, 156.03, 124.33]
d: [3.5, 3.5, 4.04, 3.5, 3.5, 3.5, 3.5, 3.5, 3.5, 3.5, 3.5, 3.5, 3.5, 2.0]
LOSE: random_idx_1 = 2, random_idx_2 = 2
LOSE: random_idx_1 = 0, random_idx_2 = 6

iteration: 36
best: [5.96, 7.61, 9.98, 13.07, 16.38, 19.54, 29.23, 32.2, 34.95, 37.25, 40.6, 42.17, 44.89, 45.97]
time: [5.92, 7.57, 9.9, 12.97, 16.31, 19.52, 29.64, 32.75, 34.62, 36.44, 1000, 1000, 1000, 1000]
current_hyper_parameter
v: [21.08, 24.57, 33.77, 19.16, 12.0, 31.55, 21.52, 31.15, 12.0, 32.15, 16.54, 32.49, 12.0, 17.47]
a: [82.85, 82.09, 152.33, 50.0, 151.12, 109.06, 146.18, 92.01, 136.5, 87.03, 50.0, 150.93, 156.03, 124.33]
d: [3.5, 3.5, 5.21, 3.5, 3.5, 3.5, 3.5, 3.5, 3.5, 3.5, 3.5, 3.5, 3.5, 2.0]
BEST_hyper_parameter
v: [21.08, 24.57, 33.77, 19.16, 12.0, 31.55, 23.28, 31.15, 12.0, 32.15, 16.54, 32.49, 12.0, 17.47]
a: [82.85, 82.09, 152.33, 50.0, 151.12, 109.06, 146.18, 92.01, 136.5, 87.03, 50.0, 150.93, 156.03, 124.33]
d: [3.5, 3.5, 4.04, 3.5, 3.5, 3.5, 3.5, 3.5, 3.5, 3.5, 3.5, 3.5, 3.5, 2.0]
LOSE: random_idx_1 = 0, random_idx_2 = 13
LOSE: random_idx_1 = 1, random_idx_2 = 4

iteration: 37
best: [5.96, 7.61, 9.98, 13.07, 16.38, 19.54, 29.23, 32.2, 34.95, 37.25, 40.6, 42.17, 44.89, 45.97]
time: [5.97, 7.64, 9.99, 12.94, 20.0, 22.59, 32.52, 35.15, 36.79, 38.48, 41.38, 43.36, 46.86, 1000]
current_hyper_parameter
v: [21.08, 24.57, 33.77, 19.16, 12.0, 31.55, 23.28, 31.15, 12.0, 32.15, 16.54, 32.49, 12.0, 18.27]
a: [82.85, 82.09, 152.33, 50.0, 39.58, 109.06, 146.18, 92.01, 136.5, 87.03, 50.0, 150.93, 156.03, 124.33]
d: [3.5, 3.5, 4.04, 3.5, 3.5, 3.5, 3.5, 3.5, 3.5, 3.5, 3.5, 3.5, 3.5, 2.0]
BEST_hyper_parameter
v: [21.08, 24.57, 33.77, 19.16, 12.0, 31.55, 23.28, 31.15, 12.0, 32.15, 16.54, 32.49, 12.0, 17.47]
a: [82.85, 82.09, 152.33, 50.0, 151.12, 109.06, 146.18, 92.01, 136.5, 87.03, 50.0, 150.93, 156.03, 124.33]
d: [3.5, 3.5, 4.04, 3.5, 3.5, 3.5, 3.5, 3.5, 3.5, 3.5, 3.5, 3.5, 3.5, 2.0]
LOSE: random_idx_1 = 1, random_idx_2 = 8
LOSE: random_idx_1 = 1, random_idx_2 = 13

iteration: 38
best: [5.96, 7.61, 9.98, 13.07, 16.38, 19.54, 29.23, 32.2, 34.95, 37.25, 40.6, 42.17, 44.89, 45.97]
time: [5.98, 7.63, 9.96, 13.03, 24.04, 26.56, 36.59, 39.34, 41.48, 43.74, 1000, 1000, 1000, 1000]
current_hyper_parameter
v: [21.08, 24.57, 33.77, 19.16, 12.0, 31.55, 23.28, 31.15, 12.0, 32.15, 16.54, 32.49, 12.0, 17.47]
a: [82.85, 82.09, 152.33, 50.0, 151.12, 109.06, 146.18, 92.01, 48.42, 87.03, 50.0, 150.93, 156.03, 71.71]
d: [3.5, 3.5, 4.04, 3.5, 3.5, 3.5, 3.5, 3.5, 3.5, 3.5, 3.5, 3.5, 3.5, 2.0]
BEST_hyper_parameter
v: [21.08, 24.57, 33.77, 19.16, 12.0, 31.55, 23.28, 31.15, 12.0, 32.15, 16.54, 32.49, 12.0, 17.47]
a: [82.85, 82.09, 152.33, 50.0, 151.12, 109.06, 146.18, 92.01, 136.5, 87.03, 50.0, 150.93, 156.03, 124.33]
d: [3.5, 3.5, 4.04, 3.5, 3.5, 3.5, 3.5, 3.5, 3.5, 3.5, 3.5, 3.5, 3.5, 2.0]
LOSE: random_idx_1 = 1, random_idx_2 = 9
LOSE: random_idx_1 = 2, random_idx_2 = 13

iteration: 39
best: [5.96, 7.61, 9.98, 13.07, 16.38, 19.54, 29.23, 32.2, 34.95, 37.25, 40.6, 42.17, 44.89, 45.97]
time: [5.98, 7.61, 9.96, 12.89, 19.24, 22.1, 31.91, 34.62, 1000, 1000, 1000, 1000, 1000, 1000]
current_hyper_parameter
v: [21.08, 24.57, 33.77, 19.16, 12.0, 31.55, 23.28, 31.15, 12.0, 32.15, 16.54, 32.49, 12.0, 17.47]
a: [82.85, 82.09, 152.33, 50.0, 151.12, 109.06, 146.18, 92.01, 136.5, 33.43, 50.0, 150.93, 156.03, 124.33]
d: [3.5, 3.5, 4.04, 3.5, 3.5, 3.5, 3.5, 3.5, 3.5, 3.5, 3.5, 3.5, 3.5, 2.0]
BEST_hyper_parameter
v: [21.08, 24.57, 33.77, 19.16, 12.0, 31.55, 23.28, 31.15, 12.0, 32.15, 16.54, 32.49, 12.0, 17.47]
a: [82.85, 82.09, 152.33, 50.0, 151.12, 109.06, 146.18, 92.01, 136.5, 87.03, 50.0, 150.93, 156.03, 124.33]
d: [3.5, 3.5, 4.04, 3.5, 3.5, 3.5, 3.5, 3.5, 3.5, 3.5, 3.5, 3.5, 3.5, 2.0]
LOSE: random_idx_1 = 0, random_idx_2 = 10
LOSE: random_idx_1 = 0, random_idx_2 = 2

iteration: 40
best: [5.96, 7.61, 9.98, 13.07, 16.38, 19.54, 29.23, 32.2, 34.95, 37.25, 40.6, 42.17, 44.89, 45.97]
time: [5.96, 7.6, 10.2, 13.09, 16.38, 19.53, 29.08, 32.45, 37.23, 39.29, 1000, 1000, 1000, 1000]
current_hyper_parameter
v: [21.08, 24.57, 22.11, 19.16, 12.0, 31.55, 23.28, 31.15, 12.0, 32.15, 27.01, 32.49, 12.0, 17.47]
a: [82.85, 82.09, 152.33, 50.0, 151.12, 109.06, 146.18, 92.01, 136.5, 87.03, 50.0, 150.93, 156.03, 124.33]
d: [3.5, 3.5, 4.04, 3.5, 3.5, 3.5, 3.5, 3.5, 3.5, 3.5, 3.5, 3.5, 3.5, 2.0]
BEST_hyper_parameter
v: [21.08, 24.57, 33.77, 19.16, 12.0, 31.55, 23.28, 31.15, 12.0, 32.15, 16.54, 32.49, 12.0, 17.47]
a: [82.85, 82.09, 152.33, 50.0, 151.12, 109.06, 146.18, 92.01, 136.5, 87.03, 50.0, 150.93, 156.03, 124.33]
d: [3.5, 3.5, 4.04, 3.5, 3.5, 3.5, 3.5, 3.5, 3.5, 3.5, 3.5, 3.5, 3.5, 2.0]
LOSE: random_idx_1 = 0, random_idx_2 = 13
LOSE: random_idx_1 = 0, random_idx_2 = 2

iteration: 41
best: [5.96, 7.61, 9.98, 13.07, 16.38, 19.54, 29.23, 32.2, 34.95, 37.25, 40.6, 42.17, 44.89, 45.97]
time: [5.97, 7.6, 10.08, 13.04, 16.37, 19.58, 29.14, 32.4, 38.4, 41.02, 1000, 1000, 1000, 1000]
current_hyper_parameter
v: [21.08, 24.57, 25.74, 19.16, 12.0, 31.55, 23.28, 31.15, 12.0, 32.15, 16.54, 32.49, 12.0, 20.99]
a: [82.85, 82.09, 152.33, 50.0, 151.12, 109.06, 146.18, 92.01, 136.5, 87.03, 50.0, 150.93, 156.03, 124.33]
d: [3.5, 3.5, 4.04, 3.5, 3.5, 3.5, 3.5, 3.5, 3.5, 3.5, 3.5, 3.5, 3.5, 2.0]
BEST_hyper_parameter
v: [21.08, 24.57, 33.77, 19.16, 12.0, 31.55, 23.28, 31.15, 12.0, 32.15, 16.54, 32.49, 12.0, 17.47]
a: [82.85, 82.09, 152.33, 50.0, 151.12, 109.06, 146.18, 92.01, 136.5, 87.03, 50.0, 150.93, 156.03, 124.33]
d: [3.5, 3.5, 4.04, 3.5, 3.5, 3.5, 3.5, 3.5, 3.5, 3.5, 3.5, 3.5, 3.5, 2.0]
LOSE: random_idx_1 = 2, random_idx_2 = 8
LOSE: random_idx_1 = 2, random_idx_2 = 13

iteration: 42
best: [5.96, 7.61, 9.98, 13.07, 16.38, 19.54, 29.23, 32.2, 34.95, 37.25, 40.6, 42.17, 44.89, 45.97]
time: [5.97, 7.61, 9.95, 12.98, 19.82, 26.37, 36.96, 39.69, 41.34, 43.01, 45.86, 1000, 1000, 1000]
current_hyper_parameter
v: [21.08, 24.57, 33.77, 19.16, 12.0, 31.55, 23.28, 31.15, 12.0, 32.15, 16.54, 32.49, 12.0, 17.47]
a: [82.85, 82.09, 152.33, 50.0, 151.12, 109.06, 146.18, 92.01, 136.5, 87.03, 50.0, 150.93, 156.03, 124.33]
d: [3.5, 3.5, 4.04, 3.5, 3.5, 3.5, 3.5, 3.5, 3.5, 3.5, 3.5, 3.5, 3.5, 2.0]
BEST_hyper_parameter
v: [21.08, 24.57, 33.77, 19.16, 12.0, 31.55, 23.28, 31.15, 12.0, 32.15, 16.54, 32.49, 12.0, 17.47]
a: [82.85, 82.09, 152.33, 50.0, 151.12, 109.06, 146.18, 92.01, 136.5, 87.03, 50.0, 150.93, 156.03, 124.33]
d: [3.5, 3.5, 4.04, 3.5, 3.5, 3.5, 3.5, 3.5, 3.5, 3.5, 3.5, 3.5, 3.5, 2.0]
LOSE: random_idx_1 = 1, random_idx_2 = 9
LOSE: random_idx_1 = 1, random_idx_2 = 4

iteration: 43
best: [5.96, 7.61, 9.98, 13.07, 16.38, 19.54, 29.23, 32.2, 34.95, 37.25, 40.6, 42.17, 44.89, 45.97]
time: [5.96, 7.61, 9.95, 12.97, 16.38, 19.57, 29.19, 32.35, 34.2, 1000, 1000, 1000, 1000, 1000]
current_hyper_parameter
v: [21.08, 24.57, 33.77, 19.16, 12.0, 31.55, 23.28, 31.15, 12.0, 32.15, 16.54, 32.49, 12.0, 17.47]
a: [82.85, 82.09, 152.33, 50.0, 132.68, 109.06, 146.18, 92.01, 136.5, 20.59, 50.0, 150.93, 156.03, 124.33]
d: [3.5, 3.5, 4.04, 3.5, 3.5, 3.5, 3.5, 3.5, 3.5, 3.5, 3.5, 3.5, 3.5, 2.0]
BEST_hyper_parameter
v: [21.08, 24.57, 33.77, 19.16, 12.0, 31.55, 23.28, 31.15, 12.0, 32.15, 16.54, 32.49, 12.0, 17.47]
a: [82.85, 82.09, 152.33, 50.0, 151.12, 109.06, 146.18, 92.01, 136.5, 87.03, 50.0, 150.93, 156.03, 124.33]
d: [3.5, 3.5, 4.04, 3.5, 3.5, 3.5, 3.5, 3.5, 3.5, 3.5, 3.5, 3.5, 3.5, 2.0]
LOSE: random_idx_1 = 2, random_idx_2 = 2
LOSE: random_idx_1 = 1, random_idx_2 = 4

iteration: 44
best: [5.96, 7.61, 9.98, 13.07, 16.38, 19.54, 29.23, 32.2, 34.95, 37.25, 40.6, 42.17, 44.89, 45.97]
time: [5.97, 7.6, 9.96, 12.86, 1000, 1000, 1000, 1000, 1000, 1000, 1000, 1000, 1000, 1000]
current_hyper_parameter
v: [21.08, 24.57, 33.77, 19.16, 12.0, 31.55, 23.28, 31.15, 12.0, 32.15, 16.54, 32.49, 12.0, 17.47]
a: [82.85, 82.09, 152.33, 50.0, 21.22, 109.06, 146.18, 92.01, 136.5, 87.03, 50.0, 150.93, 156.03, 124.33]
d: [3.5, 3.5, 5.42, 3.5, 3.5, 3.5, 3.5, 3.5, 3.5, 3.5, 3.5, 3.5, 3.5, 2.0]
BEST_hyper_parameter
v: [21.08, 24.57, 33.77, 19.16, 12.0, 31.55, 23.28, 31.15, 12.0, 32.15, 16.54, 32.49, 12.0, 17.47]
a: [82.85, 82.09, 152.33, 50.0, 151.12, 109.06, 146.18, 92.01, 136.5, 87.03, 50.0, 150.93, 156.03, 124.33]
d: [3.5, 3.5, 4.04, 3.5, 3.5, 3.5, 3.5, 3.5, 3.5, 3.5, 3.5, 3.5, 3.5, 2.0]
LOSE: random_idx_1 = 2, random_idx_2 = 11
LOSE: random_idx_1 = 0, random_idx_2 = 13

iteration: 45
best: [5.96, 7.61, 9.98, 13.07, 16.38, 19.54, 29.23, 32.2, 34.95, 37.25, 40.6, 42.17, 44.89, 45.97]
time: [5.91, 7.57, 9.94, 13.04, 16.35, 19.53, 29.24, 32.32, 37.75, 40.55, 1000, 1000, 1000, 1000]
current_hyper_parameter
v: [21.08, 24.57, 33.77, 19.16, 12.0, 31.55, 23.28, 31.15, 12.0, 32.15, 16.54, 32.49, 12.0, 22.87]
a: [82.85, 82.09, 152.33, 50.0, 151.12, 109.06, 146.18, 92.01, 136.5, 87.03, 50.0, 150.93, 156.03, 124.33]
d: [3.5, 3.5, 4.04, 3.5, 3.5, 3.5, 3.5, 3.5, 3.5, 3.5, 3.5, 3.5, 3.5, 2.0]
BEST_hyper_parameter
v: [21.08, 24.57, 33.77, 19.16, 12.0, 31.55, 23.28, 31.15, 12.0, 32.15, 16.54, 32.49, 12.0, 17.47]
a: [82.85, 82.09, 152.33, 50.0, 151.12, 109.06, 146.18, 92.01, 136.5, 87.03, 50.0, 150.93, 156.03, 124.33]
d: [3.5, 3.5, 4.04, 3.5, 3.5, 3.5, 3.5, 3.5, 3.5, 3.5, 3.5, 3.5, 3.5, 2.0]
LOSE: random_idx_1 = 1, random_idx_2 = 13
LOSE: random_idx_1 = 1, random_idx_2 = 8

iteration: 46
best: [5.96, 7.61, 9.98, 13.07, 16.38, 19.54, 29.23, 32.2, 34.95, 37.25, 40.6, 42.17, 44.89, 45.97]
time: [5.99, 7.62, 9.98, 13.01, 28.11, 30.87, 41.74, 45.11, 1000, 1000, 1000, 1000, 1000, 1000]
current_hyper_parameter
v: [21.08, 24.57, 33.77, 19.16, 12.0, 31.55, 23.28, 31.15, 12.0, 32.15, 16.54, 32.49, 12.0, 17.47]
a: [82.85, 82.09, 152.33, 50.0, 151.12, 109.06, 146.18, 92.01, 20.49, 87.03, 50.0, 150.93, 156.03, 73.14]
d: [3.5, 3.5, 4.04, 3.5, 3.5, 3.5, 3.5, 3.5, 3.5, 3.5, 3.5, 3.5, 3.5, 2.0]
BEST_hyper_parameter
v: [21.08, 24.57, 33.77, 19.16, 12.0, 31.55, 23.28, 31.15, 12.0, 32.15, 16.54, 32.49, 12.0, 17.47]
a: [82.85, 82.09, 152.33, 50.0, 151.12, 109.06, 146.18, 92.01, 136.5, 87.03, 50.0, 150.93, 156.03, 124.33]
d: [3.5, 3.5, 4.04, 3.5, 3.5, 3.5, 3.5, 3.5, 3.5, 3.5, 3.5, 3.5, 3.5, 2.0]
LOSE: random_idx_1 = 1, random_idx_2 = 1
LOSE: random_idx_1 = 2, random_idx_2 = 2

iteration: 47
best: [5.96, 7.61, 9.98, 13.07, 16.38, 19.54, 29.23, 32.2, 34.95, 37.25, 40.6, 42.17, 44.89, 45.97]
time: [5.9, 7.4, 12.91, 25.34, 36.07, 38.65, 1000, 1000, 1000, 1000, 1000, 1000, 1000, 1000]
current_hyper_parameter
v: [21.08, 24.57, 33.77, 19.16, 12.0, 31.55, 23.28, 31.15, 12.0, 32.15, 16.54, 32.49, 12.0, 17.47]
a: [82.85, 142.44, 152.33, 50.0, 151.12, 109.06, 146.18, 92.01, 136.5, 87.03, 50.0, 150.93, 156.03, 124.33]
d: [3.5, 3.5, 4.04, 3.5, 3.5, 3.5, 3.5, 3.5, 3.5, 3.5, 3.5, 3.5, 3.5, 2.0]
BEST_hyper_parameter
v: [21.08, 24.57, 33.77, 19.16, 12.0, 31.55, 23.28, 31.15, 12.0, 32.15, 16.54, 32.49, 12.0, 17.47]
a: [82.85, 82.09, 152.33, 50.0, 151.12, 109.06, 146.18, 92.01, 136.5, 87.03, 50.0, 150.93, 156.03, 124.33]
d: [3.5, 3.5, 4.04, 3.5, 3.5, 3.5, 3.5, 3.5, 3.5, 3.5, 3.5, 3.5, 3.5, 2.0]
LOSE: random_idx_1 = 1, random_idx_2 = 2
LOSE: random_idx_1 = 2, random_idx_2 = 12

iteration: 48
best: [5.96, 7.61, 9.98, 13.07, 16.38, 19.54, 29.23, 32.2, 34.95, 37.25, 40.6, 42.17, 44.89, 45.97]
time: [5.98, 7.62, 10.05, 12.98, 16.34, 19.54, 29.11, 32.26, 34.38, 36.46, 39.12, 44.2, 1000, 1000]
current_hyper_parameter
v: [21.08, 24.57, 33.77, 19.16, 12.0, 31.55, 23.28, 31.15, 12.0, 32.15, 16.54, 32.49, 12.0, 17.47]
a: [82.85, 82.09, 122.04, 50.0, 151.12, 109.06, 146.18, 92.01, 136.5, 87.03, 50.0, 150.93, 156.03, 124.33]
d: [3.5, 3.5, 4.04, 3.5, 3.5, 3.5, 3.5, 3.5, 3.5, 3.5, 3.5, 3.5, 3.5, 2.0]
BEST_hyper_parameter
v: [21.08, 24.57, 33.77, 19.16, 12.0, 31.55, 23.28, 31.15, 12.0, 32.15, 16.54, 32.49, 12.0, 17.47]
a: [82.85, 82.09, 152.33, 50.0, 151.12, 109.06, 146.18, 92.01, 136.5, 87.03, 50.0, 150.93, 156.03, 124.33]
d: [3.5, 3.5, 4.04, 3.5, 3.5, 3.5, 3.5, 3.5, 3.5, 3.5, 3.5, 3.5, 3.5, 2.0]
LOSE: random_idx_1 = 2, random_idx_2 = 11
LOSE: random_idx_1 = 0, random_idx_2 = 13

iteration: 49
best: [5.98, 7.62, 10.05, 12.98, 16.34, 19.54, 29.11, 32.26, 34.38, 36.46, 39.12, 42.17, 44.89, 45.97]
time: [5.97, 7.61, 10.06, 13.02, 16.36, 22.72, 33.43, 36.2, 37.83, 39.47, 42.34, 44.35, 47.3, 1000]
current_hyper_parameter
v: [21.08, 24.57, 33.77, 19.16, 12.0, 31.55, 23.28, 31.15, 12.0, 32.15, 16.54, 32.49, 12.0, 19.37]
a: [82.85, 82.09, 122.04, 50.0, 151.12, 109.06, 146.18, 92.01, 136.5, 87.03, 50.0, 150.93, 156.03, 124.33]
d: [3.5, 3.5, 4.04, 3.5, 3.5, 3.5, 3.5, 3.5, 3.5, 3.5, 3.5, 3.5, 3.5, 2.0]
BEST_hyper_parameter
v: [21.08, 24.57, 33.77, 19.16, 12.0, 31.55, 23.28, 31.15, 12.0, 32.15, 16.54, 32.49, 12.0, 17.47]
a: [82.85, 82.09, 122.04, 50.0, 151.12, 109.06, 146.18, 92.01, 136.5, 87.03, 50.0, 150.93, 156.03, 124.33]
d: [3.5, 3.5, 4.04, 3.5, 3.5, 3.5, 3.5, 3.5, 3.5, 3.5, 3.5, 3.5, 3.5, 2.0]
LOSE: random_idx_1 = 0, random_idx_2 = 12
LOSE: random_idx_1 = 0, random_idx_2 = 10

iteration: 50
best: [5.98, 7.62, 10.05, 12.98, 16.34, 19.54, 29.11, 32.26, 34.38, 36.46, 39.12, 42.17, 44.89, 45.97]
time: [5.91, 7.57, 10.04, 13.07, 16.36, 19.65, 30.88, 33.78, 35.41, 37.09, 42.51, 1000, 1000, 1000]
current_hyper_parameter
v: [21.08, 24.57, 33.77, 19.16, 12.0, 31.55, 23.28, 31.15, 12.0, 32.15, 30.78, 32.49, 23.96, 17.47]
a: [82.85, 82.09, 122.04, 50.0, 151.12, 109.06, 146.18, 92.01, 136.5, 87.03, 50.0, 150.93, 156.03, 124.33]
d: [3.5, 3.5, 4.04, 3.5, 3.5, 3.5, 3.5, 3.5, 3.5, 3.5, 3.5, 3.5, 3.5, 2.0]
BEST_hyper_parameter
v: [21.08, 24.57, 33.77, 19.16, 12.0, 31.55, 23.28, 31.15, 12.0, 32.15, 16.54, 32.49, 12.0, 17.47]
a: [82.85, 82.09, 122.04, 50.0, 151.12, 109.06, 146.18, 92.01, 136.5, 87.03, 50.0, 150.93, 156.03, 124.33]
d: [3.5, 3.5, 4.04, 3.5, 3.5, 3.5, 3.5, 3.5, 3.5, 3.5, 3.5, 3.5, 3.5, 2.0]
LOSE: random_idx_1 = 1, random_idx_2 = 7
LOSE: random_idx_1 = 1, random_idx_2 = 5

iteration: 51
best: [5.98, 7.62, 10.05, 12.98, 16.34, 19.54, 29.11, 32.26, 34.38, 36.46, 39.12, 42.17, 44.89, 45.97]
time: [5.97, 7.59, 10.05, 13.11, 16.37, 19.42, 28.88, 31.41, 1000, 1000, 1000, 1000, 1000, 1000]
current_hyper_parameter
v: [21.08, 24.57, 33.77, 19.16, 12.0, 31.55, 23.28, 31.15, 12.0, 32.15, 16.54, 32.49, 12.0, 17.47]
a: [82.85, 82.09, 122.04, 50.0, 151.12, 120.02, 146.18, 128.76, 136.5, 87.03, 50.0, 150.93, 156.03, 124.33]
d: [3.5, 3.5, 4.04, 3.5, 3.5, 3.5, 3.5, 3.5, 3.5, 3.5, 3.5, 3.5, 3.5, 2.0]
BEST_hyper_parameter
v: [21.08, 24.57, 33.77, 19.16, 12.0, 31.55, 23.28, 31.15, 12.0, 32.15, 16.54, 32.49, 12.0, 17.47]
a: [82.85, 82.09, 122.04, 50.0, 151.12, 109.06, 146.18, 92.01, 136.5, 87.03, 50.0, 150.93, 156.03, 124.33]
d: [3.5, 3.5, 4.04, 3.5, 3.5, 3.5, 3.5, 3.5, 3.5, 3.5, 3.5, 3.5, 3.5, 2.0]
LOSE: random_idx_1 = 0, random_idx_2 = 13
LOSE: random_idx_1 = 1, random_idx_2 = 1

iteration: 52
best: [5.98, 7.62, 10.05, 12.98, 16.34, 19.54, 29.11, 32.26, 34.38, 36.46, 39.12, 42.17, 44.89, 45.97]
time: [5.98, 7.73, 10.23, 13.06, 23.74, 25.96, 35.89, 38.62, 1000, 1000, 1000, 1000, 1000, 1000]
current_hyper_parameter
v: [21.08, 24.57, 33.77, 19.16, 12.0, 31.55, 23.28, 31.15, 12.0, 32.15, 16.54, 32.49, 12.0, 10.81]
a: [82.85, 62.0, 122.04, 50.0, 151.12, 109.06, 146.18, 92.01, 136.5, 87.03, 50.0, 150.93, 156.03, 124.33]
d: [3.5, 3.5, 4.04, 3.5, 3.5, 3.5, 3.5, 3.5, 3.5, 3.5, 3.5, 3.5, 3.5, 2.0]
BEST_hyper_parameter
v: [21.08, 24.57, 33.77, 19.16, 12.0, 31.55, 23.28, 31.15, 12.0, 32.15, 16.54, 32.49, 12.0, 17.47]
a: [82.85, 82.09, 122.04, 50.0, 151.12, 109.06, 146.18, 92.01, 136.5, 87.03, 50.0, 150.93, 156.03, 124.33]
d: [3.5, 3.5, 4.04, 3.5, 3.5, 3.5, 3.5, 3.5, 3.5, 3.5, 3.5, 3.5, 3.5, 2.0]
LOSE: random_idx_1 = 2, random_idx_2 = 0
LOSE: random_idx_1 = 1, random_idx_2 = 0

iteration: 53
best: [5.98, 7.62, 10.05, 12.98, 16.34, 19.54, 29.11, 32.26, 34.38, 36.46, 39.12, 42.17, 44.89, 45.97]
time: [6.22, 7.95, 10.5, 13.66, 24.4, 26.89, 37.03, 39.75, 1000, 1000, 1000, 1000, 1000, 1000]
current_hyper_parameter
v: [21.08, 24.57, 33.77, 19.16, 12.0, 31.55, 23.28, 31.15, 12.0, 32.15, 16.54, 32.49, 12.0, 17.47]
a: [54.6, 82.09, 122.04, 50.0, 151.12, 109.06, 146.18, 92.01, 136.5, 87.03, 50.0, 150.93, 156.03, 124.33]
d: [3.5, 3.5, 4.04, 3.5, 3.5, 3.5, 3.5, 3.5, 3.5, 3.5, 3.5, 3.5, 3.5, 2.0]
BEST_hyper_parameter
v: [21.08, 24.57, 33.77, 19.16, 12.0, 31.55, 23.28, 31.15, 12.0, 32.15, 16.54, 32.49, 12.0, 17.47]
a: [82.85, 82.09, 122.04, 50.0, 151.12, 109.06, 146.18, 92.01, 136.5, 87.03, 50.0, 150.93, 156.03, 124.33]
d: [3.5, 3.5, 4.04, 3.5, 3.5, 3.5, 3.5, 3.5, 3.5, 3.5, 3.5, 3.5, 3.5, 2.0]
LOSE: random_idx_1 = 0, random_idx_2 = 1
LOSE: random_idx_1 = 1, random_idx_2 = 4

iteration: 54
best: [5.98, 7.62, 10.05, 12.98, 16.34, 19.54, 29.11, 32.26, 34.38, 36.46, 39.12, 42.17, 44.89, 45.97]
time: [5.97, 7.88, 10.38, 13.24, 19.61, 22.88, 33.39, 36.28, 37.91, 39.61, 42.39, 44.42, 1000, 1000]
current_hyper_parameter
v: [21.08, 8.64, 33.77, 19.16, 12.0, 31.55, 23.28, 31.15, 12.0, 32.15, 16.54, 32.49, 12.0, 17.47]
a: [82.85, 82.09, 122.04, 50.0, 154.09, 109.06, 146.18, 92.01, 136.5, 87.03, 50.0, 150.93, 156.03, 124.33]
d: [3.5, 3.5, 4.04, 3.5, 3.5, 3.5, 3.5, 3.5, 3.5, 3.5, 3.5, 3.5, 3.5, 2.0]
BEST_hyper_parameter
v: [21.08, 24.57, 33.77, 19.16, 12.0, 31.55, 23.28, 31.15, 12.0, 32.15, 16.54, 32.49, 12.0, 17.47]
a: [82.85, 82.09, 122.04, 50.0, 151.12, 109.06, 146.18, 92.01, 136.5, 87.03, 50.0, 150.93, 156.03, 124.33]
d: [3.5, 3.5, 4.04, 3.5, 3.5, 3.5, 3.5, 3.5, 3.5, 3.5, 3.5, 3.5, 3.5, 2.0]
LOSE: random_idx_1 = 2, random_idx_2 = 5
LOSE: random_idx_1 = 1, random_idx_2 = 5

iteration: 55
best: [5.98, 7.62, 10.05, 12.98, 16.34, 19.54, 29.11, 32.26, 34.38, 36.46, 39.12, 42.17, 44.89, 45.97]
time: [5.96, 7.61, 10.07, 13.14, 16.39, 20.9, 32.3, 35.73, 37.28, 39.18, 41.96, 44.0, 1000, 1000]
current_hyper_parameter
v: [21.08, 24.57, 33.77, 19.16, 12.0, 31.55, 23.28, 31.15, 12.0, 32.15, 16.54, 32.49, 12.0, 17.47]
a: [82.85, 82.09, 122.04, 50.0, 151.12, 44.76, 146.18, 92.01, 136.5, 87.03, 50.0, 150.93, 156.03, 124.33]
d: [3.5, 3.5, 4.04, 3.5, 3.5, 3.5, 3.5, 3.5, 3.5, 3.5, 3.5, 3.5, 3.5, 2.0]
BEST_hyper_parameter
v: [21.08, 24.57, 33.77, 19.16, 12.0, 31.55, 23.28, 31.15, 12.0, 32.15, 16.54, 32.49, 12.0, 17.47]
a: [82.85, 82.09, 122.04, 50.0, 151.12, 109.06, 146.18, 92.01, 136.5, 87.03, 50.0, 150.93, 156.03, 124.33]
d: [3.5, 3.5, 4.04, 3.5, 3.5, 3.5, 3.5, 3.5, 3.5, 3.5, 3.5, 3.5, 3.5, 2.0]
LOSE: random_idx_1 = 1, random_idx_2 = 11
LOSE: random_idx_1 = 2, random_idx_2 = 7

iteration: 56
best: [5.98, 7.62, 10.05, 12.98, 16.34, 19.54, 29.11, 32.26, 34.38, 36.46, 39.12, 42.17, 44.89, 45.97]
time: [5.94, 7.61, 10.06, 13.06, 19.52, 22.72, 33.1, 36.28, 37.88, 39.56, 45.15, 1000, 1000, 1000]
current_hyper_parameter
v: [21.08, 24.57, 33.77, 19.16, 12.0, 31.55, 23.28, 31.15, 12.0, 32.15, 16.54, 32.49, 12.0, 17.47]
a: [82.85, 82.09, 122.04, 50.0, 151.12, 109.06, 146.18, 92.01, 136.5, 87.03, 50.0, 24.22, 156.03, 124.33]
d: [3.5, 3.5, 4.04, 3.5, 3.5, 3.5, 3.5, 3.5, 3.5, 3.5, 3.5, 3.5, 3.5, 2.0]
BEST_hyper_parameter
v: [21.08, 24.57, 33.77, 19.16, 12.0, 31.55, 23.28, 31.15, 12.0, 32.15, 16.54, 32.49, 12.0, 17.47]
a: [82.85, 82.09, 122.04, 50.0, 151.12, 109.06, 146.18, 92.01, 136.5, 87.03, 50.0, 150.93, 156.03, 124.33]
d: [3.5, 3.5, 4.04, 3.5, 3.5, 3.5, 3.5, 3.5, 3.5, 3.5, 3.5, 3.5, 3.5, 2.0]
LOSE: random_idx_1 = 1, random_idx_2 = 10
LOSE: random_idx_1 = 0, random_idx_2 = 2

iteration: 57
best: [5.98, 7.62, 10.05, 12.98, 16.34, 19.54, 29.11, 32.26, 34.38, 36.46, 39.12, 42.17, 44.89, 45.97]
time: [5.96, 7.61, 11.09, 14.42, 17.5, 20.72, 30.24, 33.36, 35.41, 37.56, 40.81, 42.86, 46.8, 1000]
current_hyper_parameter
v: [21.08, 24.57, 10.08, 19.16, 12.0, 31.55, 23.28, 31.15, 12.0, 32.15, 16.54, 32.49, 12.0, 17.47]
a: [82.85, 82.09, 122.04, 50.0, 151.12, 109.06, 146.18, 92.01, 136.5, 87.03, 37.63, 150.93, 156.03, 124.33]
d: [3.5, 3.5, 4.04, 3.5, 3.5, 3.5, 3.5, 3.5, 3.5, 3.5, 3.5, 3.5, 3.5, 2.0]
BEST_hyper_parameter
v: [21.08, 24.57, 33.77, 19.16, 12.0, 31.55, 23.28, 31.15, 12.0, 32.15, 16.54, 32.49, 12.0, 17.47]
a: [82.85, 82.09, 122.04, 50.0, 151.12, 109.06, 146.18, 92.01, 136.5, 87.03, 50.0, 150.93, 156.03, 124.33]
d: [3.5, 3.5, 4.04, 3.5, 3.5, 3.5, 3.5, 3.5, 3.5, 3.5, 3.5, 3.5, 3.5, 2.0]
LOSE: random_idx_1 = 1, random_idx_2 = 11
LOSE: random_idx_1 = 2, random_idx_2 = 5

iteration: 58
best: [5.98, 7.62, 10.05, 12.98, 16.34, 19.54, 29.11, 32.26, 34.38, 36.46, 39.12, 42.17, 44.89, 45.97]
time: [5.97, 7.6, 10.05, 12.99, 16.34, 19.48, 28.98, 31.7, 33.69, 35.46, 41.4, 44.81, 1000, 1000]
current_hyper_parameter
v: [21.08, 24.57, 33.77, 19.16, 12.0, 31.55, 23.28, 31.15, 12.0, 32.15, 16.54, 32.49, 12.0, 17.47]
a: [82.85, 82.09, 122.04, 50.0, 151.12, 109.06, 146.18, 92.01, 136.5, 87.03, 50.0, 132.12, 156.03, 124.33]
d: [3.5, 3.5, 4.04, 3.5, 3.5, 3.5, 3.5, 3.5, 3.5, 3.5, 3.5, 3.5, 3.5, 2.0]
BEST_hyper_parameter
v: [21.08, 24.57, 33.77, 19.16, 12.0, 31.55, 23.28, 31.15, 12.0, 32.15, 16.54, 32.49, 12.0, 17.47]
a: [82.85, 82.09, 122.04, 50.0, 151.12, 109.06, 146.18, 92.01, 136.5, 87.03, 50.0, 150.93, 156.03, 124.33]
d: [3.5, 3.5, 4.04, 3.5, 3.5, 3.5, 3.5, 3.5, 3.5, 3.5, 3.5, 3.5, 3.5, 2.0]
LOSE: random_idx_1 = 0, random_idx_2 = 10
LOSE: random_idx_1 = 2, random_idx_2 = 13

iteration: 59
best: [5.97, 7.6, 10.05, 12.99, 16.34, 19.48, 28.98, 31.7, 33.69, 35.46, 39.12, 42.17, 44.89, 45.97]
time: [5.92, 7.57, 10.05, 13.21, 19.74, 22.68, 32.47, 35.15, 1000, 1000, 1000, 1000, 1000, 1000]
current_hyper_parameter
v: [21.08, 24.57, 33.77, 19.16, 12.0, 31.55, 23.28, 31.15, 12.0, 32.15, 20.97, 32.49, 12.0, 17.47]
a: [82.85, 82.09, 122.04, 50.0, 151.12, 109.06, 146.18, 92.01, 136.5, 87.03, 50.0, 150.93, 156.03, 124.33]
d: [3.5, 3.5, 4.04, 3.5, 3.5, 3.5, 3.5, 3.5, 3.5, 3.5, 3.5, 3.5, 3.5, 2.0]
BEST_hyper_parameter
v: [21.08, 24.57, 33.77, 19.16, 12.0, 31.55, 23.28, 31.15, 12.0, 32.15, 16.54, 32.49, 12.0, 17.47]
a: [82.85, 82.09, 122.04, 50.0, 151.12, 109.06, 146.18, 92.01, 136.5, 87.03, 50.0, 150.93, 156.03, 124.33]
d: [3.5, 3.5, 4.04, 3.5, 3.5, 3.5, 3.5, 3.5, 3.5, 3.5, 3.5, 3.5, 3.5, 2.0]
LOSE: random_idx_1 = 2, random_idx_2 = 11
LOSE: random_idx_1 = 2, random_idx_2 = 9

iteration: 60
best: [5.97, 7.6, 10.05, 12.99, 16.34, 19.48, 28.98, 31.7, 33.69, 35.46, 39.12, 42.17, 44.89, 45.97]
time: [5.85, 7.51, 10.01, 13.07, 16.34, 19.52, 29.17, 32.18, 34.1, 35.87, 1000, 1000, 1000, 1000]
current_hyper_parameter
v: [21.08, 24.57, 33.77, 19.16, 12.0, 31.55, 23.28, 31.15, 12.0, 32.15, 16.54, 32.49, 12.0, 17.47]
a: [82.85, 82.09, 122.04, 50.0, 151.12, 109.06, 146.18, 92.01, 136.5, 87.03, 50.0, 150.93, 156.03, 124.33]
d: [3.5, 3.5, 4.04, 3.5, 3.5, 3.5, 3.5, 3.5, 3.5, 3.5, 3.5, 3.5, 3.5, 2.0]
BEST_hyper_parameter
v: [21.08, 24.57, 33.77, 19.16, 12.0, 31.55, 23.28, 31.15, 12.0, 32.15, 16.54, 32.49, 12.0, 17.47]
a: [82.85, 82.09, 122.04, 50.0, 151.12, 109.06, 146.18, 92.01, 136.5, 87.03, 50.0, 150.93, 156.03, 124.33]
d: [3.5, 3.5, 4.04, 3.5, 3.5, 3.5, 3.5, 3.5, 3.5, 3.5, 3.5, 3.5, 3.5, 2.0]
LOSE: random_idx_1 = 1, random_idx_2 = 8
LOSE: random_idx_1 = 2, random_idx_2 = 6

iteration: 61
best: [5.97, 7.6, 10.05, 12.99, 16.34, 19.48, 28.98, 31.7, 33.69, 35.46, 39.12, 42.17, 44.89, 45.97]
time: [5.98, 7.62, 10.08, 13.04, 16.32, 19.51, 29.2, 32.18, 34.45, 36.49, 1000, 1000, 1000, 1000]
current_hyper_parameter
v: [21.08, 24.57, 33.77, 19.16, 12.0, 31.55, 23.28, 31.15, 12.0, 32.15, 16.54, 32.49, 12.0, 17.47]
a: [82.85, 82.09, 122.04, 50.0, 151.12, 109.06, 146.18, 92.01, 72.92, 87.03, 50.0, 150.93, 156.03, 124.33]
d: [3.5, 3.5, 4.04, 3.5, 3.5, 3.5, 3.5, 3.5, 3.5, 3.5, 3.5, 3.5, 3.5, 2.0]
BEST_hyper_parameter
v: [21.08, 24.57, 33.77, 19.16, 12.0, 31.55, 23.28, 31.15, 12.0, 32.15, 16.54, 32.49, 12.0, 17.47]
a: [82.85, 82.09, 122.04, 50.0, 151.12, 109.06, 146.18, 92.01, 136.5, 87.03, 50.0, 150.93, 156.03, 124.33]
d: [3.5, 3.5, 4.04, 3.5, 3.5, 3.5, 3.5, 3.5, 3.5, 3.5, 3.5, 3.5, 3.5, 2.0]
LOSE: random_idx_1 = 1, random_idx_2 = 6
LOSE: random_idx_1 = 1, random_idx_2 = 13

iteration: 62
best: [5.97, 7.6, 10.05, 12.99, 16.34, 19.48, 28.98, 31.7, 33.69, 35.46, 39.12, 42.17, 44.89, 45.97]
time: [5.96, 7.61, 10.06, 12.88, 19.17, 22.06, 32.55, 35.25, 44.17, 1000, 1000, 1000, 1000, 1000]
current_hyper_parameter
v: [21.08, 24.57, 33.77, 19.16, 12.0, 31.55, 23.28, 31.15, 12.0, 32.15, 16.54, 32.49, 12.0, 17.47]
a: [82.85, 82.09, 122.04, 50.0, 151.12, 109.06, 78.39, 92.01, 136.5, 87.03, 50.0, 150.93, 156.03, 77.49]
d: [3.5, 3.5, 4.04, 3.5, 3.5, 3.5, 3.5, 3.5, 3.5, 3.5, 3.5, 3.5, 3.5, 2.0]
BEST_hyper_parameter
v: [21.08, 24.57, 33.77, 19.16, 12.0, 31.55, 23.28, 31.15, 12.0, 32.15, 16.54, 32.49, 12.0, 17.47]
a: [82.85, 82.09, 122.04, 50.0, 151.12, 109.06, 146.18, 92.01, 136.5, 87.03, 50.0, 150.93, 156.03, 124.33]
d: [3.5, 3.5, 4.04, 3.5, 3.5, 3.5, 3.5, 3.5, 3.5, 3.5, 3.5, 3.5, 3.5, 2.0]
LOSE: random_idx_1 = 1, random_idx_2 = 9
LOSE: random_idx_1 = 1, random_idx_2 = 2

iteration: 63
best: [5.97, 7.6, 10.05, 12.99, 16.34, 19.48, 28.98, 31.7, 33.69, 35.46, 39.12, 42.17, 44.89, 45.97]
time: [5.97, 7.61, 10.14, 13.06, 16.35, 19.53, 29.14, 32.23, 34.49, 36.7, 45.97, 1000, 1000, 1000]
current_hyper_parameter
v: [21.08, 24.57, 33.77, 19.16, 12.0, 31.55, 23.28, 31.15, 12.0, 32.15, 16.54, 32.49, 12.0, 17.47]
a: [82.85, 82.09, 107.49, 50.0, 151.12, 109.06, 146.18, 92.01, 136.5, 64.01, 50.0, 150.93, 156.03, 124.33]
d: [3.5, 3.5, 4.04, 3.5, 3.5, 3.5, 3.5, 3.5, 3.5, 3.5, 3.5, 3.5, 3.5, 2.0]
BEST_hyper_parameter
v: [21.08, 24.57, 33.77, 19.16, 12.0, 31.55, 23.28, 31.15, 12.0, 32.15, 16.54, 32.49, 12.0, 17.47]
a: [82.85, 82.09, 122.04, 50.0, 151.12, 109.06, 146.18, 92.01, 136.5, 87.03, 50.0, 150.93, 156.03, 124.33]
d: [3.5, 3.5, 4.04, 3.5, 3.5, 3.5, 3.5, 3.5, 3.5, 3.5, 3.5, 3.5, 3.5, 2.0]
LOSE: random_idx_1 = 1, random_idx_2 = 2
LOSE: random_idx_1 = 1, random_idx_2 = 5

iteration: 64
best: [5.97, 7.6, 10.05, 12.99, 16.34, 19.48, 28.98, 31.7, 33.69, 35.46, 39.12, 42.17, 44.89, 45.97]
time: [5.98, 7.59, 10.33, 13.26, 1000, 1000, 1000, 1000, 1000, 1000, 1000, 1000, 1000, 1000]
current_hyper_parameter
v: [21.08, 24.57, 33.77, 19.16, 12.0, 31.55, 23.28, 31.15, 12.0, 32.15, 16.54, 32.49, 12.0, 17.47]
a: [82.85, 82.09, 87.09, 50.0, 151.12, 21.18, 146.18, 92.01, 136.5, 87.03, 50.0, 150.93, 156.03, 124.33]
d: [3.5, 3.5, 4.04, 3.5, 3.5, 3.5, 3.5, 3.5, 3.5, 3.5, 3.5, 3.5, 3.5, 2.0]
BEST_hyper_parameter
v: [21.08, 24.57, 33.77, 19.16, 12.0, 31.55, 23.28, 31.15, 12.0, 32.15, 16.54, 32.49, 12.0, 17.47]
a: [82.85, 82.09, 122.04, 50.0, 151.12, 109.06, 146.18, 92.01, 136.5, 87.03, 50.0, 150.93, 156.03, 124.33]
d: [3.5, 3.5, 4.04, 3.5, 3.5, 3.5, 3.5, 3.5, 3.5, 3.5, 3.5, 3.5, 3.5, 2.0]
LOSE: random_idx_1 = 2, random_idx_2 = 4
LOSE: random_idx_1 = 2, random_idx_2 = 5

iteration: 65
best: [5.97, 7.6, 10.05, 12.99, 16.34, 19.48, 28.98, 31.7, 33.69, 35.46, 39.12, 42.17, 44.89, 45.97]
time: [5.96, 7.62, 10.07, 13.15, 16.42, 19.6, 29.34, 32.27, 34.61, 41.25, 1000, 1000, 1000, 1000]
current_hyper_parameter
v: [21.08, 24.57, 33.77, 19.16, 12.0, 31.55, 23.28, 31.15, 12.0, 32.15, 16.54, 32.49, 12.0, 17.47]
a: [82.85, 82.09, 122.04, 50.0, 151.12, 109.06, 146.18, 92.01, 136.5, 87.03, 50.0, 150.93, 156.03, 124.33]
d: [3.5, 3.5, 4.04, 3.5, 3.5, 3.5, 3.5, 3.5, 3.5, 3.5, 3.5, 3.5, 3.5, 2.0]
BEST_hyper_parameter
v: [21.08, 24.57, 33.77, 19.16, 12.0, 31.55, 23.28, 31.15, 12.0, 32.15, 16.54, 32.49, 12.0, 17.47]
a: [82.85, 82.09, 122.04, 50.0, 151.12, 109.06, 146.18, 92.01, 136.5, 87.03, 50.0, 150.93, 156.03, 124.33]
d: [3.5, 3.5, 4.04, 3.5, 3.5, 3.5, 3.5, 3.5, 3.5, 3.5, 3.5, 3.5, 3.5, 2.0]
LOSE: random_idx_1 = 1, random_idx_2 = 5
LOSE: random_idx_1 = 1, random_idx_2 = 9

iteration: 66
best: [5.97, 7.6, 10.05, 12.99, 16.34, 19.48, 28.98, 31.7, 33.69, 35.46, 39.12, 42.17, 44.89, 45.97]
time: [5.98, 7.62, 10.09, 13.17, 19.55, 23.3, 34.14, 37.45, 39.64, 41.87, 1000, 1000, 1000, 1000]
current_hyper_parameter
v: [21.08, 24.57, 33.77, 19.16, 12.0, 31.55, 23.28, 31.15, 12.0, 32.15, 16.54, 32.49, 12.0, 17.47]
a: [82.85, 82.09, 122.04, 50.0, 151.12, 62.16, 146.18, 92.01, 136.5, 72.65, 50.0, 150.93, 156.03, 124.33]
d: [3.5, 3.5, 4.04, 3.5, 3.5, 3.5, 3.5, 3.5, 3.5, 3.5, 3.5, 3.5, 3.5, 2.0]
BEST_hyper_parameter
v: [21.08, 24.57, 33.77, 19.16, 12.0, 31.55, 23.28, 31.15, 12.0, 32.15, 16.54, 32.49, 12.0, 17.47]
a: [82.85, 82.09, 122.04, 50.0, 151.12, 109.06, 146.18, 92.01, 136.5, 87.03, 50.0, 150.93, 156.03, 124.33]
d: [3.5, 3.5, 4.04, 3.5, 3.5, 3.5, 3.5, 3.5, 3.5, 3.5, 3.5, 3.5, 3.5, 2.0]
LOSE: random_idx_1 = 2, random_idx_2 = 7
LOSE: random_idx_1 = 0, random_idx_2 = 8

iteration: 67
best: [5.97, 7.6, 10.05, 12.99, 16.34, 19.48, 28.98, 31.7, 33.69, 35.46, 39.12, 42.17, 44.89, 45.97]
time: [5.97, 7.6, 10.05, 13.05, 16.35, 19.52, 29.2, 32.23, 33.92, 35.86, 1000, 1000, 1000, 1000]
current_hyper_parameter
v: [21.08, 24.57, 33.77, 19.16, 12.0, 31.55, 23.28, 31.15, 15.88, 32.15, 16.54, 32.49, 12.0, 17.47]
a: [82.85, 82.09, 122.04, 50.0, 151.12, 109.06, 146.18, 92.01, 136.5, 87.03, 50.0, 150.93, 156.03, 124.33]
d: [3.5, 3.5, 4.04, 3.5, 3.5, 3.5, 3.5, 3.5, 3.5, 3.5, 3.5, 3.5, 3.5, 2.0]
BEST_hyper_parameter
v: [21.08, 24.57, 33.77, 19.16, 12.0, 31.55, 23.28, 31.15, 12.0, 32.15, 16.54, 32.49, 12.0, 17.47]
a: [82.85, 82.09, 122.04, 50.0, 151.12, 109.06, 146.18, 92.01, 136.5, 87.03, 50.0, 150.93, 156.03, 124.33]
d: [3.5, 3.5, 4.04, 3.5, 3.5, 3.5, 3.5, 3.5, 3.5, 3.5, 3.5, 3.5, 3.5, 2.0]
LOSE: random_idx_1 = 0, random_idx_2 = 11
LOSE: random_idx_1 = 1, random_idx_2 = 4

iteration: 68
best: [5.97, 7.6, 10.05, 12.99, 16.34, 19.48, 28.98, 31.7, 33.69, 35.46, 39.12, 42.17, 44.89, 45.97]
time: [5.92, 7.58, 10.08, 13.11, 1000, 1000, 1000, 1000, 1000, 1000, 1000, 1000, 1000, 1000]
current_hyper_parameter
v: [21.08, 24.57, 33.77, 19.16, 12.0, 31.55, 23.28, 31.15, 12.0, 32.15, 16.54, 18.39, 12.0, 17.47]
a: [82.85, 82.09, 122.04, 50.0, 152.13, 109.06, 146.18, 92.01, 136.5, 87.03, 50.0, 150.93, 156.03, 124.33]
d: [3.5, 3.5, 4.04, 3.5, 3.5, 3.5, 3.5, 3.5, 3.5, 3.5, 3.5, 3.5, 3.5, 2.0]
BEST_hyper_parameter
v: [21.08, 24.57, 33.77, 19.16, 12.0, 31.55, 23.28, 31.15, 12.0, 32.15, 16.54, 32.49, 12.0, 17.47]
a: [82.85, 82.09, 122.04, 50.0, 151.12, 109.06, 146.18, 92.01, 136.5, 87.03, 50.0, 150.93, 156.03, 124.33]
d: [3.5, 3.5, 4.04, 3.5, 3.5, 3.5, 3.5, 3.5, 3.5, 3.5, 3.5, 3.5, 3.5, 2.0]
LOSE: random_idx_1 = 0, random_idx_2 = 2
LOSE: random_idx_1 = 2, random_idx_2 = 11

iteration: 69
best: [5.97, 7.6, 10.05, 12.99, 16.34, 19.48, 28.98, 31.7, 33.69, 35.46, 39.12, 42.17, 44.89, 45.97]
time: [5.98, 7.61, 10.12, 13.05, 19.51, 22.7, 32.99, 35.63, 1000, 1000, 1000, 1000, 1000, 1000]
current_hyper_parameter
v: [21.08, 24.57, 28.83, 19.16, 12.0, 31.55, 23.28, 31.15, 12.0, 32.15, 16.54, 32.49, 12.0, 17.47]
a: [82.85, 82.09, 122.04, 50.0, 151.12, 109.06, 146.18, 92.01, 136.5, 87.03, 50.0, 150.93, 156.03, 124.33]
d: [3.5, 3.5, 4.04, 3.5, 3.5, 3.5, 3.5, 3.5, 3.5, 3.5, 3.5, 3.5, 3.5, 2.0]
BEST_hyper_parameter
v: [21.08, 24.57, 33.77, 19.16, 12.0, 31.55, 23.28, 31.15, 12.0, 32.15, 16.54, 32.49, 12.0, 17.47]
a: [82.85, 82.09, 122.04, 50.0, 151.12, 109.06, 146.18, 92.01, 136.5, 87.03, 50.0, 150.93, 156.03, 124.33]
d: [3.5, 3.5, 4.04, 3.5, 3.5, 3.5, 3.5, 3.5, 3.5, 3.5, 3.5, 3.5, 3.5, 2.0]
LOSE: random_idx_1 = 2, random_idx_2 = 10
LOSE: random_idx_1 = 1, random_idx_2 = 0

iteration: 70
best: [5.97, 7.6, 10.05, 12.99, 16.34, 19.48, 28.98, 31.7, 33.69, 35.46, 39.12, 42.17, 44.89, 45.97]
time: [5.8, 7.38, 10.03, 13.27, 19.54, 22.84, 33.64, 36.26, 1000, 1000, 1000, 1000, 1000, 1000]
current_hyper_parameter
v: [21.08, 24.57, 33.77, 19.16, 12.0, 31.55, 23.28, 31.15, 12.0, 32.15, 16.54, 32.49, 12.0, 17.47]
a: [125.91, 82.09, 122.04, 50.0, 151.12, 109.06, 146.18, 92.01, 136.5, 87.03, 50.0, 150.93, 156.03, 124.33]
d: [3.5, 3.5, 4.04, 3.5, 3.5, 3.5, 3.5, 3.5, 3.5, 3.5, 3.5, 3.5, 3.5, 2.0]
BEST_hyper_parameter
v: [21.08, 24.57, 33.77, 19.16, 12.0, 31.55, 23.28, 31.15, 12.0, 32.15, 16.54, 32.49, 12.0, 17.47]
a: [82.85, 82.09, 122.04, 50.0, 151.12, 109.06, 146.18, 92.01, 136.5, 87.03, 50.0, 150.93, 156.03, 124.33]
d: [3.5, 3.5, 4.04, 3.5, 3.5, 3.5, 3.5, 3.5, 3.5, 3.5, 3.5, 3.5, 3.5, 2.0]
LOSE: random_idx_1 = 1, random_idx_2 = 12
LOSE: random_idx_1 = 0, random_idx_2 = 4

iteration: 71
best: [5.97, 7.6, 10.05, 12.99, 16.34, 19.48, 28.98, 31.7, 33.69, 35.46, 39.12, 42.17, 44.89, 45.97]
time: [5.97, 7.61, 10.08, 13.02, 18.53, 22.18, 32.94, 35.94, 41.79, 44.05, 1000, 1000, 1000, 1000]
current_hyper_parameter
v: [21.08, 24.57, 33.77, 19.16, 25.88, 31.55, 23.28, 31.15, 12.0, 32.15, 16.54, 32.49, 12.0, 17.47]
a: [82.85, 82.09, 122.04, 50.0, 151.12, 109.06, 146.18, 92.01, 136.5, 87.03, 50.0, 150.93, 32.75, 124.33]
d: [3.5, 3.5, 4.04, 3.5, 3.5, 3.5, 3.5, 3.5, 3.5, 3.5, 3.5, 3.5, 3.5, 2.0]
BEST_hyper_parameter
v: [21.08, 24.57, 33.77, 19.16, 12.0, 31.55, 23.28, 31.15, 12.0, 32.15, 16.54, 32.49, 12.0, 17.47]
a: [82.85, 82.09, 122.04, 50.0, 151.12, 109.06, 146.18, 92.01, 136.5, 87.03, 50.0, 150.93, 156.03, 124.33]
d: [3.5, 3.5, 4.04, 3.5, 3.5, 3.5, 3.5, 3.5, 3.5, 3.5, 3.5, 3.5, 3.5, 2.0]
LOSE: random_idx_1 = 0, random_idx_2 = 4
LOSE: random_idx_1 = 1, random_idx_2 = 7

iteration: 72
best: [5.97, 7.6, 10.05, 12.99, 16.34, 19.48, 28.98, 31.7, 33.69, 35.46, 39.12, 42.17, 44.89, 45.97]
time: [5.97, 7.6, 10.09, 13.08, 18.75, 22.0, 31.79, 1000, 1000, 1000, 1000, 1000, 1000, 1000]
current_hyper_parameter
v: [21.08, 24.57, 33.77, 19.16, 33.25, 31.55, 23.28, 31.15, 12.0, 32.15, 16.54, 32.49, 12.0, 17.47]
a: [82.85, 82.09, 122.04, 50.0, 151.12, 109.06, 146.18, 43.06, 136.5, 87.03, 50.0, 150.93, 156.03, 124.33]
d: [3.5, 3.5, 4.04, 3.5, 3.5, 3.5, 3.5, 3.5, 3.5, 3.5, 3.5, 3.5, 3.5, 2.0]
BEST_hyper_parameter
v: [21.08, 24.57, 33.77, 19.16, 12.0, 31.55, 23.28, 31.15, 12.0, 32.15, 16.54, 32.49, 12.0, 17.47]
a: [82.85, 82.09, 122.04, 50.0, 151.12, 109.06, 146.18, 92.01, 136.5, 87.03, 50.0, 150.93, 156.03, 124.33]
d: [3.5, 3.5, 4.04, 3.5, 3.5, 3.5, 3.5, 3.5, 3.5, 3.5, 3.5, 3.5, 3.5, 2.0]
LOSE: random_idx_1 = 1, random_idx_2 = 13
LOSE: random_idx_1 = 2, random_idx_2 = 8

iteration: 73
best: [5.97, 7.6, 10.05, 12.99, 16.34, 19.48, 28.98, 31.7, 33.69, 35.46, 39.12, 42.17, 44.89, 45.97]
time: [5.97, 7.6, 10.05, 13.1, 16.36, 22.82, 33.45, 36.29, 37.91, 39.6, 1000, 1000, 1000, 1000]
current_hyper_parameter
v: [21.08, 24.57, 33.77, 19.16, 12.0, 31.55, 23.28, 31.15, 12.0, 32.15, 16.54, 32.49, 12.0, 17.47]
a: [82.85, 82.09, 122.04, 50.0, 151.12, 109.06, 146.18, 92.01, 136.5, 87.03, 50.0, 150.93, 156.03, 36.32]
d: [3.5, 3.5, 4.04, 3.5, 3.5, 3.5, 3.5, 3.5, 3.5, 3.5, 3.5, 3.5, 3.5, 2.0]
BEST_hyper_parameter
v: [21.08, 24.57, 33.77, 19.16, 12.0, 31.55, 23.28, 31.15, 12.0, 32.15, 16.54, 32.49, 12.0, 17.47]
a: [82.85, 82.09, 122.04, 50.0, 151.12, 109.06, 146.18, 92.01, 136.5, 87.03, 50.0, 150.93, 156.03, 124.33]
d: [3.5, 3.5, 4.04, 3.5, 3.5, 3.5, 3.5, 3.5, 3.5, 3.5, 3.5, 3.5, 3.5, 2.0]
LOSE: random_idx_1 = 1, random_idx_2 = 7
LOSE: random_idx_1 = 1, random_idx_2 = 5

iteration: 74
best: [5.97, 7.6, 10.05, 12.99, 16.34, 19.48, 28.98, 31.7, 33.69, 35.46, 39.12, 42.17, 44.89, 45.97]
time: [5.98, 7.61, 10.07, 13.12, 19.53, 41.93, 1000, 1000, 1000, 1000, 1000, 1000, 1000, 1000]
current_hyper_parameter
v: [21.08, 24.57, 33.77, 19.16, 12.0, 31.55, 23.28, 31.15, 12.0, 32.15, 16.54, 32.49, 12.0, 17.47]
a: [82.85, 82.09, 122.04, 50.0, 151.12, 100.51, 146.18, 112.63, 136.5, 87.03, 50.0, 150.93, 156.03, 124.33]
d: [3.5, 3.5, 4.04, 3.5, 3.5, 3.5, 3.5, 3.5, 3.5, 3.5, 3.5, 3.5, 3.5, 2.0]
BEST_hyper_parameter
v: [21.08, 24.57, 33.77, 19.16, 12.0, 31.55, 23.28, 31.15, 12.0, 32.15, 16.54, 32.49, 12.0, 17.47]
a: [82.85, 82.09, 122.04, 50.0, 151.12, 109.06, 146.18, 92.01, 136.5, 87.03, 50.0, 150.93, 156.03, 124.33]
d: [3.5, 3.5, 4.04, 3.5, 3.5, 3.5, 3.5, 3.5, 3.5, 3.5, 3.5, 3.5, 3.5, 2.0]
LOSE: random_idx_1 = 2, random_idx_2 = 1
LOSE: random_idx_1 = 2, random_idx_2 = 6

iteration: 75
best: [5.97, 7.6, 10.05, 12.99, 16.34, 19.48, 28.98, 31.7, 33.69, 35.46, 39.12, 42.17, 44.89, 45.97]
time: [5.97, 7.62, 10.05, 13.08, 16.35, 19.59, 30.56, 33.84, 35.83, 37.56, 1000, 1000, 1000, 1000]
current_hyper_parameter
v: [21.08, 24.57, 33.77, 19.16, 12.0, 31.55, 23.28, 31.15, 12.0, 32.15, 16.54, 32.49, 12.0, 17.47]
a: [82.85, 82.09, 122.04, 50.0, 151.12, 109.06, 146.18, 92.01, 136.5, 87.03, 50.0, 150.93, 156.03, 124.33]
d: [3.5, 3.5, 4.04, 3.5, 3.5, 3.5, 3.5, 3.5, 3.5, 3.5, 3.5, 3.5, 3.5, 2.0]
BEST_hyper_parameter
v: [21.08, 24.57, 33.77, 19.16, 12.0, 31.55, 23.28, 31.15, 12.0, 32.15, 16.54, 32.49, 12.0, 17.47]
a: [82.85, 82.09, 122.04, 50.0, 151.12, 109.06, 146.18, 92.01, 136.5, 87.03, 50.0, 150.93, 156.03, 124.33]
d: [3.5, 3.5, 4.04, 3.5, 3.5, 3.5, 3.5, 3.5, 3.5, 3.5, 3.5, 3.5, 3.5, 2.0]
LOSE: random_idx_1 = 0, random_idx_2 = 3
LOSE: random_idx_1 = 1, random_idx_2 = 10

iteration: 76
best: [5.97, 7.6, 10.05, 12.99, 16.34, 19.48, 28.98, 31.7, 33.69, 35.46, 39.12, 42.17, 44.89, 45.97]
time: [5.91, 7.57, 10.03, 13.11, 16.36, 19.62, 30.83, 33.92, 35.72, 37.73, 39.66, 41.89, 45.28, 49.46]
current_hyper_parameter
v: [21.08, 24.57, 33.77, 18.54, 12.0, 31.55, 23.28, 31.15, 12.0, 32.15, 16.54, 32.49, 12.0, 17.47]
a: [82.85, 82.09, 122.04, 50.0, 151.12, 109.06, 146.18, 92.01, 136.5, 87.03, 130.51, 150.93, 156.03, 124.33]
d: [3.5, 3.5, 4.04, 3.5, 3.5, 3.5, 3.5, 3.5, 3.5, 3.5, 3.5, 3.5, 3.5, 2.0]
BEST_hyper_parameter
v: [21.08, 24.57, 33.77, 19.16, 12.0, 31.55, 23.28, 31.15, 12.0, 32.15, 16.54, 32.49, 12.0, 17.47]
a: [82.85, 82.09, 122.04, 50.0, 151.12, 109.06, 146.18, 92.01, 136.5, 87.03, 50.0, 150.93, 156.03, 124.33]
d: [3.5, 3.5, 4.04, 3.5, 3.5, 3.5, 3.5, 3.5, 3.5, 3.5, 3.5, 3.5, 3.5, 2.0]
LOSE: random_idx_1 = 0, random_idx_2 = 5
LOSE: random_idx_1 = 1, random_idx_2 = 6

iteration: 77
best: [5.97, 7.6, 10.05, 12.99, 16.34, 19.48, 28.98, 31.7, 33.69, 35.46, 39.12, 42.17, 44.89, 45.97]
time: [6.01, 7.65, 10.16, 13.12, 20.27, 39.33, 1000, 1000, 1000, 1000, 1000, 1000, 1000, 1000]
current_hyper_parameter
v: [21.08, 24.57, 33.77, 19.16, 12.0, 24.92, 23.28, 31.15, 12.0, 32.15, 16.54, 32.49, 12.0, 17.47]
a: [82.85, 82.09, 122.04, 50.0, 151.12, 109.06, 40.74, 92.01, 136.5, 87.03, 50.0, 150.93, 156.03, 124.33]
d: [3.5, 3.5, 4.04, 3.5, 3.5, 3.5, 3.5, 3.5, 3.5, 3.5, 3.5, 3.5, 3.5, 2.0]
BEST_hyper_parameter
v: [21.08, 24.57, 33.77, 19.16, 12.0, 31.55, 23.28, 31.15, 12.0, 32.15, 16.54, 32.49, 12.0, 17.47]
a: [82.85, 82.09, 122.04, 50.0, 151.12, 109.06, 146.18, 92.01, 136.5, 87.03, 50.0, 150.93, 156.03, 124.33]
d: [3.5, 3.5, 4.04, 3.5, 3.5, 3.5, 3.5, 3.5, 3.5, 3.5, 3.5, 3.5, 3.5, 2.0]
LOSE: random_idx_1 = 0, random_idx_2 = 3
LOSE: random_idx_1 = 0, random_idx_2 = 3

iteration: 78
best: [5.97, 7.6, 10.05, 12.99, 16.34, 19.48, 28.98, 31.7, 33.69, 35.46, 39.12, 42.17, 44.89, 45.97]
time: [5.97, 7.63, 10.09, 13.38, 16.76, 20.05, 29.76, 32.84, 34.74, 36.55, 1000, 1000, 1000, 1000]
current_hyper_parameter
v: [21.08, 24.57, 33.77, 9.84, 12.0, 31.55, 23.28, 31.15, 12.0, 32.15, 16.54, 32.49, 12.0, 17.47]
a: [82.85, 82.09, 122.04, 50.0, 151.12, 109.06, 146.18, 92.01, 136.5, 87.03, 50.0, 150.93, 156.03, 124.33]
d: [3.5, 3.5, 4.04, 3.5, 3.5, 3.5, 3.5, 3.5, 3.5, 3.5, 3.5, 3.5, 3.5, 2.0]
BEST_hyper_parameter
v: [21.08, 24.57, 33.77, 19.16, 12.0, 31.55, 23.28, 31.15, 12.0, 32.15, 16.54, 32.49, 12.0, 17.47]
a: [82.85, 82.09, 122.04, 50.0, 151.12, 109.06, 146.18, 92.01, 136.5, 87.03, 50.0, 150.93, 156.03, 124.33]
d: [3.5, 3.5, 4.04, 3.5, 3.5, 3.5, 3.5, 3.5, 3.5, 3.5, 3.5, 3.5, 3.5, 2.0]
LOSE: random_idx_1 = 2, random_idx_2 = 10
LOSE: random_idx_1 = 0, random_idx_2 = 8

iteration: 79
best: [5.97, 7.6, 10.05, 12.99, 16.34, 19.48, 28.98, 31.7, 33.69, 35.46, 39.12, 42.17, 44.89, 45.97]
time: [5.97, 7.61, 10.06, 13.05, 19.42, 22.71, 33.17, 36.27, 37.62, 39.42, 44.01, 1000, 1000, 1000]
current_hyper_parameter
v: [21.08, 24.57, 33.77, 19.16, 12.0, 31.55, 23.28, 31.15, 16.23, 32.15, 16.54, 32.49, 12.0, 17.47]
a: [82.85, 82.09, 122.04, 50.0, 151.12, 109.06, 146.18, 92.01, 136.5, 87.03, 50.0, 150.93, 156.03, 124.33]
d: [3.5, 3.5, 4.04, 3.5, 3.5, 3.5, 3.5, 3.5, 3.5, 3.5, 3.5, 3.5, 3.5, 2.0]
BEST_hyper_parameter
v: [21.08, 24.57, 33.77, 19.16, 12.0, 31.55, 23.28, 31.15, 12.0, 32.15, 16.54, 32.49, 12.0, 17.47]
a: [82.85, 82.09, 122.04, 50.0, 151.12, 109.06, 146.18, 92.01, 136.5, 87.03, 50.0, 150.93, 156.03, 124.33]
d: [3.5, 3.5, 4.04, 3.5, 3.5, 3.5, 3.5, 3.5, 3.5, 3.5, 3.5, 3.5, 3.5, 2.0]
LOSE: random_idx_1 = 0, random_idx_2 = 5
LOSE: random_idx_1 = 2, random_idx_2 = 9

iteration: 80
best: [5.97, 7.6, 10.05, 12.99, 16.34, 19.48, 28.98, 31.7, 33.69, 35.46, 39.12, 42.17, 44.89, 45.97]
time: [5.98, 7.62, 10.13, 13.19, 16.44, 19.9, 30.49, 33.3, 1000, 1000, 1000, 1000, 1000, 1000]
current_hyper_parameter
v: [21.08, 24.57, 33.77, 19.16, 12.0, 20.33, 23.28, 31.15, 12.0, 32.15, 16.54, 32.49, 12.0, 17.47]
a: [82.85, 82.09, 122.04, 50.0, 151.12, 109.06, 146.18, 92.01, 136.5, 87.03, 50.0, 150.93, 156.03, 124.33]
d: [3.5, 3.5, 4.04, 3.5, 3.5, 3.5, 3.5, 3.5, 3.5, 3.5, 3.5, 3.5, 3.5, 2.0]
BEST_hyper_parameter
v: [21.08, 24.57, 33.77, 19.16, 12.0, 31.55, 23.28, 31.15, 12.0, 32.15, 16.54, 32.49, 12.0, 17.47]
a: [82.85, 82.09, 122.04, 50.0, 151.12, 109.06, 146.18, 92.01, 136.5, 87.03, 50.0, 150.93, 156.03, 124.33]
d: [3.5, 3.5, 4.04, 3.5, 3.5, 3.5, 3.5, 3.5, 3.5, 3.5, 3.5, 3.5, 3.5, 2.0]
LOSE: random_idx_1 = 0, random_idx_2 = 12
LOSE: random_idx_1 = 1, random_idx_2 = 11

iteration: 81
best: [5.97, 7.6, 10.05, 12.99, 16.34, 19.48, 28.98, 31.7, 33.69, 35.46, 39.12, 42.17, 44.89, 45.97]
time: [5.96, 7.6, 10.06, 12.99, 16.34, 19.59, 30.55, 33.89, 35.59, 37.41, 48.11, 1000, 1000, 1000]
current_hyper_parameter
v: [21.08, 24.57, 33.77, 19.16, 12.0, 31.55, 23.28, 31.15, 12.0, 32.15, 16.54, 32.49, 33.92, 17.47]
a: [82.85, 82.09, 122.04, 50.0, 151.12, 109.06, 146.18, 92.01, 136.5, 87.03, 50.0, 70.91, 156.03, 124.33]
d: [3.5, 3.5, 4.04, 3.5, 3.5, 3.5, 3.5, 3.5, 3.5, 3.5, 3.5, 3.5, 3.5, 2.0]
BEST_hyper_parameter
v: [21.08, 24.57, 33.77, 19.16, 12.0, 31.55, 23.28, 31.15, 12.0, 32.15, 16.54, 32.49, 12.0, 17.47]
a: [82.85, 82.09, 122.04, 50.0, 151.12, 109.06, 146.18, 92.01, 136.5, 87.03, 50.0, 150.93, 156.03, 124.33]
d: [3.5, 3.5, 4.04, 3.5, 3.5, 3.5, 3.5, 3.5, 3.5, 3.5, 3.5, 3.5, 3.5, 2.0]
LOSE: random_idx_1 = 1, random_idx_2 = 9
LOSE: random_idx_1 = 0, random_idx_2 = 10

iteration: 82
best: [5.97, 7.6, 10.05, 12.99, 16.34, 19.48, 28.98, 31.7, 33.69, 35.46, 39.12, 42.17, 44.89, 45.97]
time: [5.9, 7.56, 10.07, 13.12, 24.15, 1000, 1000, 1000, 1000, 1000, 1000, 1000, 1000, 1000]
current_hyper_parameter
v: [21.08, 24.57, 33.77, 19.16, 12.0, 31.55, 23.28, 31.15, 12.0, 32.15, 17.15, 32.49, 12.0, 17.47]
a: [82.85, 82.09, 122.04, 50.0, 151.12, 109.06, 146.18, 92.01, 136.5, 69.27, 50.0, 150.93, 156.03, 124.33]
d: [3.5, 3.5, 4.04, 3.5, 3.5, 3.5, 3.5, 3.5, 3.5, 3.5, 3.5, 3.5, 3.5, 2.0]
BEST_hyper_parameter
v: [21.08, 24.57, 33.77, 19.16, 12.0, 31.55, 23.28, 31.15, 12.0, 32.15, 16.54, 32.49, 12.0, 17.47]
a: [82.85, 82.09, 122.04, 50.0, 151.12, 109.06, 146.18, 92.01, 136.5, 87.03, 50.0, 150.93, 156.03, 124.33]
d: [3.5, 3.5, 4.04, 3.5, 3.5, 3.5, 3.5, 3.5, 3.5, 3.5, 3.5, 3.5, 3.5, 2.0]
LOSE: random_idx_1 = 2, random_idx_2 = 5
LOSE: random_idx_1 = 2, random_idx_2 = 3

iteration: 83
best: [5.97, 7.6, 10.05, 12.99, 16.34, 19.48, 28.98, 31.7, 33.69, 35.46, 39.12, 42.17, 44.89, 45.97]
time: [5.96, 7.6, 10.06, 13.08, 16.38, 19.55, 29.22, 32.29, 34.61, 36.55, 1000, 1000, 1000, 1000]
current_hyper_parameter
v: [21.08, 24.57, 33.77, 19.16, 12.0, 31.55, 23.28, 31.15, 12.0, 32.15, 16.54, 32.49, 12.0, 17.47]
a: [82.85, 82.09, 122.04, 50.0, 151.12, 109.06, 146.18, 92.01, 136.5, 87.03, 50.0, 150.93, 156.03, 124.33]
d: [3.5, 3.5, 4.04, 3.5, 3.5, 3.5, 3.5, 3.5, 3.5, 3.5, 3.5, 3.5, 3.5, 2.0]
BEST_hyper_parameter
v: [21.08, 24.57, 33.77, 19.16, 12.0, 31.55, 23.28, 31.15, 12.0, 32.15, 16.54, 32.49, 12.0, 17.47]
a: [82.85, 82.09, 122.04, 50.0, 151.12, 109.06, 146.18, 92.01, 136.5, 87.03, 50.0, 150.93, 156.03, 124.33]
d: [3.5, 3.5, 4.04, 3.5, 3.5, 3.5, 3.5, 3.5, 3.5, 3.5, 3.5, 3.5, 3.5, 2.0]
LOSE: random_idx_1 = 0, random_idx_2 = 7
LOSE: random_idx_1 = 2, random_idx_2 = 5
