
iteration: 1
best: [1000.0, 1000.0, 1000.0, 1000.0, 1000.0, 1000.0, 1000.0, 1000.0, 1000.0, 1000.0, 1000.0, 1000.0, 1000.0, 1000.0]
time: [6.51, 8.96, 13.38, 17.25, 24.32, 28.19, 48.21, 52.2, 54.39, 57.06, 59.18, 62.15, 64.97, 69.7]
current_hyper_parameter
v: [12.0, 12.0, 12.0, 12.0, 12.0, 12.0, 12.0, 12.0, 12.0, 12.0, 12.0, 12.0, 12.0, 12.0]
a: [50.0, 50.0, 50.0, 50.0, 50.0, 50.0, 50.0, 50.0, 50.0, 50.0, 50.0, 50.0, 50.0, 50.0]
d: [3.5, 3.5, 3.5, 3.5, 3.5, 3.5, 3.5, 3.5, 3.5, 3.5, 3.5, 3.5, 3.5, 2.0]
BEST_hyper_parameter
v: [12.0, 12.0, 12.0, 12.0, 12.0, 12.0, 12.0, 12.0, 12.0, 12.0, 12.0, 12.0, 12.0, 12.0]
a: [50.0, 50.0, 50.0, 50.0, 50.0, 50.0, 50.0, 50.0, 50.0, 50.0, 50.0, 50.0, 50.0, 50.0]
d: [3.5, 3.5, 3.5, 3.5, 3.5, 3.5, 3.5, 3.5, 3.5, 3.5, 3.5, 3.5, 3.5, 2.0]
WIN: random_idx_1 = 1, random_idx_2 = 13
WIN: random_idx_1 = 0, random_idx_2 = 5

iteration: 2
best: [6.51, 8.96, 13.38, 17.25, 24.32, 28.19, 48.21, 52.2, 54.39, 57.06, 59.18, 62.15, 64.97, 69.7]
time: [6.65, 9.11, 13.66, 17.55, 24.56, 28.55, 48.66, 52.74, 54.97, 57.59, 59.64, 62.81, 1000, 1000]
current_hyper_parameter
v: [12.0, 12.0, 12.0, 12.0, 12.0, 11.47, 12.0, 12.0, 12.0, 12.0, 12.0, 12.0, 12.0, 12.0]
a: [50.0, 50.0, 50.0, 50.0, 50.0, 50.0, 50.0, 50.0, 50.0, 50.0, 50.0, 50.0, 50.0, 73.38]
d: [3.5, 3.5, 3.5, 3.5, 3.5, 3.5, 3.5, 3.5, 3.5, 3.5, 3.5, 3.5, 3.5, 2.0]
BEST_hyper_parameter
v: [12.0, 12.0, 12.0, 12.0, 12.0, 12.0, 12.0, 12.0, 12.0, 12.0, 12.0, 12.0, 12.0, 12.0]
a: [50.0, 50.0, 50.0, 50.0, 50.0, 50.0, 50.0, 50.0, 50.0, 50.0, 50.0, 50.0, 50.0, 50.0]
d: [3.5, 3.5, 3.5, 3.5, 3.5, 3.5, 3.5, 3.5, 3.5, 3.5, 3.5, 3.5, 3.5, 2.0]
LOSE: random_idx_1 = 1, random_idx_2 = 1
LOSE: random_idx_1 = 2, random_idx_2 = 11

iteration: 3
best: [6.51, 8.96, 13.38, 17.25, 24.32, 28.19, 48.21, 52.2, 54.39, 57.06, 59.18, 62.15, 64.97, 69.7]
time: [6.62, 8.89, 13.03, 16.91, 24.13, 28.14, 48.13, 52.15, 54.37, 57.05, 59.04, 61.82, 64.39, 66.18]
current_hyper_parameter
v: [12.0, 12.0, 12.0, 12.0, 12.0, 12.0, 12.0, 12.0, 12.0, 12.0, 12.0, 12.0, 12.0, 12.0]
a: [50.0, 74.64, 50.0, 50.0, 50.0, 50.0, 50.0, 50.0, 50.0, 50.0, 50.0, 50.0, 50.0, 50.0]
d: [3.5, 3.5, 3.5, 3.5, 3.5, 3.5, 3.5, 3.5, 3.5, 3.5, 3.5, 3.5, 3.5, 2.0]
BEST_hyper_parameter
v: [12.0, 12.0, 12.0, 12.0, 12.0, 12.0, 12.0, 12.0, 12.0, 12.0, 12.0, 12.0, 12.0, 12.0]
a: [50.0, 50.0, 50.0, 50.0, 50.0, 50.0, 50.0, 50.0, 50.0, 50.0, 50.0, 50.0, 50.0, 50.0]
d: [3.5, 3.5, 3.5, 3.5, 3.5, 3.5, 3.5, 3.5, 3.5, 3.5, 3.5, 3.5, 3.5, 2.0]
WIN: random_idx_1 = 1, random_idx_2 = 12
WIN: random_idx_1 = 1, random_idx_2 = 12

iteration: 4
best: [6.62, 8.89, 13.03, 16.91, 24.13, 28.14, 48.13, 52.15, 54.37, 57.05, 59.04, 61.82, 64.39, 66.18]
time: [6.63, 8.94, 13.13, 17.02, 23.99, 28.01, 47.95, 51.99, 54.2, 56.91, 58.9, 62.17, 64.16, 66.0]
current_hyper_parameter
v: [12.0, 12.0, 12.0, 12.0, 12.0, 12.0, 12.0, 12.0, 12.0, 12.0, 12.0, 12.0, 12.0, 12.0]
a: [50.0, 74.64, 50.0, 50.0, 50.0, 50.0, 50.0, 50.0, 50.0, 50.0, 50.0, 50.0, 150.11, 50.0]
d: [3.5, 3.5, 3.5, 3.5, 3.5, 3.5, 3.5, 3.5, 3.5, 3.5, 3.5, 3.5, 3.5, 2.0]
BEST_hyper_parameter
v: [12.0, 12.0, 12.0, 12.0, 12.0, 12.0, 12.0, 12.0, 12.0, 12.0, 12.0, 12.0, 12.0, 12.0]
a: [50.0, 74.64, 50.0, 50.0, 50.0, 50.0, 50.0, 50.0, 50.0, 50.0, 50.0, 50.0, 50.0, 50.0]
d: [3.5, 3.5, 3.5, 3.5, 3.5, 3.5, 3.5, 3.5, 3.5, 3.5, 3.5, 3.5, 3.5, 2.0]
WIN: random_idx_1 = 1, random_idx_2 = 6
WIN: random_idx_1 = 2, random_idx_2 = 4

iteration: 5
best: [6.63, 8.94, 13.13, 17.02, 23.99, 28.01, 47.95, 51.99, 54.2, 56.91, 58.9, 62.17, 64.16, 66.0]
time: [6.65, 8.97, 13.17, 17.06, 21.12, 25.17, 44.61, 48.41, 50.63, 53.55, 59.43, 1000, 1000, 1000]
current_hyper_parameter
v: [12.0, 12.0, 12.0, 12.0, 12.0, 12.0, 12.0, 12.0, 12.0, 12.0, 12.0, 12.0, 12.0, 12.0]
a: [50.0, 74.64, 50.0, 50.0, 50.0, 50.0, 122.32, 50.0, 50.0, 50.0, 50.0, 50.0, 150.11, 50.0]
d: [3.5, 3.5, 3.5, 3.5, 3.5, 3.5, 3.5, 3.5, 3.5, 3.5, 3.5, 3.5, 3.5, 2.0]
BEST_hyper_parameter
v: [12.0, 12.0, 12.0, 12.0, 12.0, 12.0, 12.0, 12.0, 12.0, 12.0, 12.0, 12.0, 12.0, 12.0]
a: [50.0, 74.64, 50.0, 50.0, 50.0, 50.0, 50.0, 50.0, 50.0, 50.0, 50.0, 50.0, 150.11, 50.0]
d: [3.5, 3.5, 3.5, 3.5, 3.5, 3.5, 3.5, 3.5, 3.5, 3.5, 3.5, 3.5, 3.5, 2.0]
LOSE: random_idx_1 = 2, random_idx_2 = 10
LOSE: random_idx_1 = 0, random_idx_2 = 9

iteration: 6
best: [6.65, 8.97, 13.17, 17.06, 21.12, 25.17, 44.61, 48.41, 50.63, 53.55, 58.9, 62.17, 64.16, 66.0]
time: [6.65, 8.97, 13.14, 17.03, 24.06, 28.02, 47.5, 51.3, 53.41, 56.07, 58.1, 61.28, 63.26, 65.09]
current_hyper_parameter
v: [12.0, 12.0, 12.0, 12.0, 12.0, 12.0, 12.0, 12.0, 12.0, 10.43, 12.0, 12.0, 12.0, 12.0]
a: [50.0, 74.64, 50.0, 50.0, 50.0, 50.0, 122.32, 50.0, 50.0, 50.0, 50.0, 50.0, 150.11, 50.0]
d: [3.5, 3.5, 3.5, 3.5, 3.5, 3.5, 3.5, 3.5, 3.5, 3.5, 3.5, 3.5, 3.5, 2.0]
BEST_hyper_parameter
v: [12.0, 12.0, 12.0, 12.0, 12.0, 12.0, 12.0, 12.0, 12.0, 12.0, 12.0, 12.0, 12.0, 12.0]
a: [50.0, 74.64, 50.0, 50.0, 50.0, 50.0, 122.32, 50.0, 50.0, 50.0, 50.0, 50.0, 150.11, 50.0]
d: [3.5, 3.5, 3.5, 3.5, 3.5, 3.5, 3.5, 3.5, 3.5, 3.5, 3.5, 3.5, 3.5, 2.0]
WIN: random_idx_1 = 1, random_idx_2 = 7
WIN: random_idx_1 = 2, random_idx_2 = 1

iteration: 7
best: [6.65, 8.97, 13.14, 17.03, 24.06, 28.02, 47.5, 51.3, 53.41, 56.07, 58.1, 61.28, 63.26, 65.09]
time: [6.54, 8.81, 12.92, 16.64, 23.54, 27.49, 47.09, 51.35, 53.43, 56.58, 58.38, 61.59, 63.39, 65.72]
current_hyper_parameter
v: [12.0, 12.0, 12.0, 12.0, 12.0, 12.0, 12.0, 12.0, 12.0, 10.43, 12.0, 12.0, 12.0, 12.0]
a: [50.0, 74.64, 50.0, 50.0, 50.0, 50.0, 122.32, 135.35, 50.0, 50.0, 50.0, 50.0, 150.11, 50.0]
d: [3.5, 3.5, 3.5, 3.5, 3.5, 3.5, 3.5, 3.5, 3.5, 3.5, 3.5, 3.5, 3.5, 2.0]
BEST_hyper_parameter
v: [12.0, 12.0, 12.0, 12.0, 12.0, 12.0, 12.0, 12.0, 12.0, 10.43, 12.0, 12.0, 12.0, 12.0]
a: [50.0, 74.64, 50.0, 50.0, 50.0, 50.0, 122.32, 50.0, 50.0, 50.0, 50.0, 50.0, 150.11, 50.0]
d: [3.5, 3.5, 3.5, 3.5, 3.5, 3.5, 3.5, 3.5, 3.5, 3.5, 3.5, 3.5, 3.5, 2.0]
LOSE: random_idx_1 = 1, random_idx_2 = 13
LOSE: random_idx_1 = 0, random_idx_2 = 7

iteration: 8
best: [6.54, 8.81, 12.92, 16.64, 23.54, 27.49, 47.5, 51.3, 53.41, 56.07, 58.1, 61.28, 63.26, 65.09]
time: [6.64, 8.95, 13.07, 16.84, 20.84, 25.08, 44.36, 47.98, 50.17, 53.52, 55.64, 58.56, 65.38, 1000]
current_hyper_parameter
v: [12.0, 12.0, 12.0, 12.0, 12.0, 12.0, 12.0, 23.46, 12.0, 10.43, 12.0, 12.0, 12.0, 12.0]
a: [50.0, 74.64, 50.0, 50.0, 50.0, 50.0, 122.32, 50.0, 50.0, 50.0, 50.0, 50.0, 150.11, 73.7]
d: [3.5, 3.5, 3.5, 3.5, 3.5, 3.5, 3.5, 3.5, 3.5, 3.5, 3.5, 3.5, 3.5, 2.0]
BEST_hyper_parameter
v: [12.0, 12.0, 12.0, 12.0, 12.0, 12.0, 12.0, 12.0, 12.0, 10.43, 12.0, 12.0, 12.0, 12.0]
a: [50.0, 74.64, 50.0, 50.0, 50.0, 50.0, 122.32, 50.0, 50.0, 50.0, 50.0, 50.0, 150.11, 50.0]
d: [3.5, 3.5, 3.5, 3.5, 3.5, 3.5, 3.5, 3.5, 3.5, 3.5, 3.5, 3.5, 3.5, 2.0]
LOSE: random_idx_1 = 2, random_idx_2 = 13
LOSE: random_idx_1 = 2, random_idx_2 = 11

iteration: 9
best: [6.64, 8.95, 13.07, 16.84, 20.84, 25.08, 44.36, 47.98, 50.17, 53.52, 55.64, 58.56, 63.26, 65.09]
time: [6.58, 8.87, 13.01, 16.67, 23.59, 27.45, 47.44, 51.01, 53.13, 56.19, 57.94, 61.01, 63.21, 65.03]
current_hyper_parameter
v: [12.0, 12.0, 12.0, 12.0, 12.0, 12.0, 12.0, 23.46, 12.0, 10.43, 12.0, 12.0, 12.0, 12.0]
a: [50.0, 74.64, 50.0, 50.0, 50.0, 50.0, 122.32, 50.0, 50.0, 50.0, 50.0, 50.0, 150.11, 50.0]
d: [3.5, 3.5, 3.5, 3.5, 3.5, 3.5, 3.5, 3.5, 3.5, 3.5, 3.5, 3.5, 3.5, 2.0]
BEST_hyper_parameter
v: [12.0, 12.0, 12.0, 12.0, 12.0, 12.0, 12.0, 23.46, 12.0, 10.43, 12.0, 12.0, 12.0, 12.0]
a: [50.0, 74.64, 50.0, 50.0, 50.0, 50.0, 122.32, 50.0, 50.0, 50.0, 50.0, 50.0, 150.11, 50.0]
d: [3.5, 3.5, 3.5, 3.5, 3.5, 3.5, 3.5, 3.5, 3.5, 3.5, 3.5, 3.5, 3.5, 2.0]
WIN: random_idx_1 = 0, random_idx_2 = 3
WIN: random_idx_1 = 1, random_idx_2 = 13

iteration: 10
best: [6.58, 8.87, 13.01, 16.67, 23.59, 27.45, 47.44, 51.01, 53.13, 56.19, 57.94, 61.01, 63.21, 65.03]
time: [6.61, 8.88, 13.0, 16.38, 20.54, 24.63, 44.01, 47.6, 49.74, 52.76, 54.57, 57.57, 59.79, 61.19]
current_hyper_parameter
v: [12.0, 12.0, 12.0, 27.04, 12.0, 12.0, 12.0, 23.46, 12.0, 10.43, 12.0, 12.0, 12.0, 12.0]
a: [50.0, 74.64, 50.0, 50.0, 50.0, 50.0, 122.32, 50.0, 50.0, 50.0, 50.0, 50.0, 150.11, 133.13]
d: [3.5, 3.5, 3.5, 3.5, 3.5, 3.5, 3.5, 3.5, 3.5, 3.5, 3.5, 3.5, 3.5, 2.0]
BEST_hyper_parameter
v: [12.0, 12.0, 12.0, 12.0, 12.0, 12.0, 12.0, 23.46, 12.0, 10.43, 12.0, 12.0, 12.0, 12.0]
a: [50.0, 74.64, 50.0, 50.0, 50.0, 50.0, 122.32, 50.0, 50.0, 50.0, 50.0, 50.0, 150.11, 50.0]
d: [3.5, 3.5, 3.5, 3.5, 3.5, 3.5, 3.5, 3.5, 3.5, 3.5, 3.5, 3.5, 3.5, 2.0]
WIN: random_idx_1 = 2, random_idx_2 = 6
WIN: random_idx_1 = 0, random_idx_2 = 1

iteration: 11
best: [6.61, 8.88, 13.0, 16.38, 20.54, 24.63, 44.01, 47.6, 49.74, 52.76, 54.57, 57.57, 59.79, 61.19]
time: [6.62, 8.53, 12.23, 18.84, 22.96, 26.99, 46.69, 51.19, 53.34, 56.15, 58.22, 61.31, 1000, 1000]
current_hyper_parameter
v: [12.0, 32.66, 12.0, 27.04, 12.0, 12.0, 12.0, 23.46, 12.0, 10.43, 12.0, 12.0, 12.0, 12.0]
a: [50.0, 74.64, 50.0, 50.0, 50.0, 50.0, 122.32, 50.0, 50.0, 50.0, 50.0, 50.0, 150.11, 133.13]
d: [3.5, 3.5, 3.5, 3.5, 3.5, 3.5, 3.5, 3.5, 3.5, 3.5, 3.5, 3.5, 3.5, 2.0]
BEST_hyper_parameter
v: [12.0, 12.0, 12.0, 27.04, 12.0, 12.0, 12.0, 23.46, 12.0, 10.43, 12.0, 12.0, 12.0, 12.0]
a: [50.0, 74.64, 50.0, 50.0, 50.0, 50.0, 122.32, 50.0, 50.0, 50.0, 50.0, 50.0, 150.11, 133.13]
d: [3.5, 3.5, 3.5, 3.5, 3.5, 3.5, 3.5, 3.5, 3.5, 3.5, 3.5, 3.5, 3.5, 2.0]
LOSE: random_idx_1 = 0, random_idx_2 = 6
LOSE: random_idx_1 = 1, random_idx_2 = 7

iteration: 12
best: [6.62, 8.53, 12.23, 16.38, 20.54, 24.63, 44.01, 47.6, 49.74, 52.76, 54.57, 57.57, 59.79, 61.19]
time: [6.65, 8.52, 12.19, 1000, 1000, 1000, 1000, 1000, 1000, 1000, 1000, 1000, 1000, 1000]
current_hyper_parameter
v: [12.0, 32.66, 12.0, 27.04, 12.0, 12.0, 17.22, 23.46, 12.0, 10.43, 12.0, 12.0, 12.0, 12.0]
a: [50.0, 74.64, 50.0, 50.0, 50.0, 50.0, 122.32, 131.69, 50.0, 50.0, 50.0, 50.0, 150.11, 133.13]
d: [3.5, 3.5, 3.5, 3.5, 3.5, 3.5, 3.5, 3.5, 3.5, 3.5, 3.5, 3.5, 3.5, 2.0]
BEST_hyper_parameter
v: [12.0, 32.66, 12.0, 27.04, 12.0, 12.0, 12.0, 23.46, 12.0, 10.43, 12.0, 12.0, 12.0, 12.0]
a: [50.0, 74.64, 50.0, 50.0, 50.0, 50.0, 122.32, 50.0, 50.0, 50.0, 50.0, 50.0, 150.11, 133.13]
d: [3.5, 3.5, 3.5, 3.5, 3.5, 3.5, 3.5, 3.5, 3.5, 3.5, 3.5, 3.5, 3.5, 2.0]
LOSE: random_idx_1 = 1, random_idx_2 = 2
LOSE: random_idx_1 = 1, random_idx_2 = 4

iteration: 13
best: [6.62, 8.53, 12.23, 16.38, 20.54, 24.63, 44.01, 47.6, 49.74, 52.76, 54.57, 57.57, 59.79, 61.19]
time: [6.49, 8.26, 11.85, 15.19, 1000, 1000, 1000, 1000, 1000, 1000, 1000, 1000, 1000, 1000]
current_hyper_parameter
v: [12.0, 32.66, 12.0, 27.04, 12.0, 12.0, 12.0, 23.46, 12.0, 10.43, 12.0, 12.0, 12.0, 12.0]
a: [50.0, 74.64, 138.57, 50.0, 156.06, 50.0, 122.32, 50.0, 50.0, 50.0, 50.0, 50.0, 150.11, 133.13]
d: [3.5, 3.5, 3.5, 3.5, 3.5, 3.5, 3.5, 3.5, 3.5, 3.5, 3.5, 3.5, 3.5, 2.0]
BEST_hyper_parameter
v: [12.0, 32.66, 12.0, 27.04, 12.0, 12.0, 12.0, 23.46, 12.0, 10.43, 12.0, 12.0, 12.0, 12.0]
a: [50.0, 74.64, 50.0, 50.0, 50.0, 50.0, 122.32, 50.0, 50.0, 50.0, 50.0, 50.0, 150.11, 133.13]
d: [3.5, 3.5, 3.5, 3.5, 3.5, 3.5, 3.5, 3.5, 3.5, 3.5, 3.5, 3.5, 3.5, 2.0]
LOSE: random_idx_1 = 0, random_idx_2 = 13
LOSE: random_idx_1 = 0, random_idx_2 = 9

iteration: 14
best: [6.62, 8.53, 12.23, 16.38, 20.54, 24.63, 44.01, 47.6, 49.74, 52.76, 54.57, 57.57, 59.79, 61.19]
time: [6.56, 8.48, 12.19, 18.72, 25.8, 29.8, 49.66, 54.19, 56.32, 58.65, 61.11, 1000, 1000, 1000]
current_hyper_parameter
v: [12.0, 32.66, 12.0, 27.04, 12.0, 12.0, 12.0, 23.46, 12.0, 23.82, 12.0, 12.0, 12.0, 26.69]
a: [50.0, 74.64, 50.0, 50.0, 50.0, 50.0, 122.32, 50.0, 50.0, 50.0, 50.0, 50.0, 150.11, 133.13]
d: [3.5, 3.5, 3.5, 3.5, 3.5, 3.5, 3.5, 3.5, 3.5, 3.5, 3.5, 3.5, 3.5, 2.0]
BEST_hyper_parameter
v: [12.0, 32.66, 12.0, 27.04, 12.0, 12.0, 12.0, 23.46, 12.0, 10.43, 12.0, 12.0, 12.0, 12.0]
a: [50.0, 74.64, 50.0, 50.0, 50.0, 50.0, 122.32, 50.0, 50.0, 50.0, 50.0, 50.0, 150.11, 133.13]
d: [3.5, 3.5, 3.5, 3.5, 3.5, 3.5, 3.5, 3.5, 3.5, 3.5, 3.5, 3.5, 3.5, 2.0]
LOSE: random_idx_1 = 1, random_idx_2 = 8
LOSE: random_idx_1 = 1, random_idx_2 = 6

iteration: 15
best: [6.62, 8.53, 12.23, 16.38, 20.54, 24.63, 44.01, 47.6, 49.74, 52.76, 54.57, 57.57, 59.79, 61.19]
time: [6.54, 8.48, 12.19, 18.75, 25.86, 29.9, 49.62, 53.49, 55.53, 58.29, 60.54, 1000, 1000, 1000]
current_hyper_parameter
v: [12.0, 32.66, 12.0, 27.04, 12.0, 12.0, 12.0, 23.46, 12.0, 10.43, 12.0, 12.0, 12.0, 12.0]
a: [50.0, 74.64, 50.0, 50.0, 50.0, 50.0, 116.41, 50.0, 70.58, 50.0, 50.0, 50.0, 150.11, 133.13]
d: [3.5, 3.5, 3.5, 3.5, 3.5, 3.5, 3.5, 3.5, 3.5, 3.5, 3.5, 3.5, 3.5, 2.0]
BEST_hyper_parameter
v: [12.0, 32.66, 12.0, 27.04, 12.0, 12.0, 12.0, 23.46, 12.0, 10.43, 12.0, 12.0, 12.0, 12.0]
a: [50.0, 74.64, 50.0, 50.0, 50.0, 50.0, 122.32, 50.0, 50.0, 50.0, 50.0, 50.0, 150.11, 133.13]
d: [3.5, 3.5, 3.5, 3.5, 3.5, 3.5, 3.5, 3.5, 3.5, 3.5, 3.5, 3.5, 3.5, 2.0]
LOSE: random_idx_1 = 1, random_idx_2 = 11
LOSE: random_idx_1 = 0, random_idx_2 = 12

iteration: 16
best: [6.62, 8.53, 12.23, 16.38, 20.54, 24.63, 44.01, 47.6, 49.74, 52.76, 54.57, 57.57, 59.79, 61.19]
time: [6.49, 8.29, 11.86, 18.23, 22.4, 26.35, 46.12, 50.71, 52.9, 55.66, 57.52, 60.22, 1000, 1000]
current_hyper_parameter
v: [12.0, 32.66, 12.0, 27.04, 12.0, 12.0, 12.0, 23.46, 12.0, 10.43, 12.0, 12.0, 22.74, 12.0]
a: [50.0, 74.64, 50.0, 50.0, 50.0, 50.0, 122.32, 50.0, 50.0, 50.0, 50.0, 95.23, 150.11, 133.13]
d: [3.5, 3.5, 3.5, 3.5, 3.5, 3.5, 3.5, 3.5, 3.5, 3.5, 3.5, 3.5, 3.5, 2.0]
BEST_hyper_parameter
v: [12.0, 32.66, 12.0, 27.04, 12.0, 12.0, 12.0, 23.46, 12.0, 10.43, 12.0, 12.0, 12.0, 12.0]
a: [50.0, 74.64, 50.0, 50.0, 50.0, 50.0, 122.32, 50.0, 50.0, 50.0, 50.0, 50.0, 150.11, 133.13]
d: [3.5, 3.5, 3.5, 3.5, 3.5, 3.5, 3.5, 3.5, 3.5, 3.5, 3.5, 3.5, 3.5, 2.0]
LOSE: random_idx_1 = 1, random_idx_2 = 3
LOSE: random_idx_1 = 0, random_idx_2 = 2

iteration: 17
best: [6.62, 8.53, 12.23, 16.38, 20.54, 24.63, 44.01, 47.6, 49.74, 52.76, 54.57, 57.57, 59.79, 61.19]
time: [6.66, 8.53, 12.16, 15.34, 19.01, 23.37, 42.86, 47.47, 49.62, 52.39, 54.34, 57.41, 59.36, 61.01]
current_hyper_parameter
v: [12.0, 32.66, 13.18, 27.04, 12.0, 12.0, 12.0, 23.46, 12.0, 10.43, 12.0, 12.0, 12.0, 12.0]
a: [50.0, 74.64, 50.0, 60.8, 50.0, 50.0, 122.32, 50.0, 50.0, 50.0, 50.0, 50.0, 150.11, 133.13]
d: [3.5, 3.5, 3.5, 3.5, 3.5, 3.5, 3.5, 3.5, 3.5, 3.5, 3.5, 3.5, 3.5, 2.0]
BEST_hyper_parameter
v: [12.0, 32.66, 12.0, 27.04, 12.0, 12.0, 12.0, 23.46, 12.0, 10.43, 12.0, 12.0, 12.0, 12.0]
a: [50.0, 74.64, 50.0, 50.0, 50.0, 50.0, 122.32, 50.0, 50.0, 50.0, 50.0, 50.0, 150.11, 133.13]
d: [3.5, 3.5, 3.5, 3.5, 3.5, 3.5, 3.5, 3.5, 3.5, 3.5, 3.5, 3.5, 3.5, 2.0]
WIN: random_idx_1 = 0, random_idx_2 = 13
WIN: random_idx_1 = 1, random_idx_2 = 8

iteration: 18
best: [6.66, 8.53, 12.16, 15.34, 19.01, 23.37, 42.86, 47.47, 49.62, 52.39, 54.34, 57.41, 59.36, 61.01]
time: [6.63, 8.56, 12.2, 15.35, 19.02, 23.38, 42.9, 46.51, 48.38, 50.79, 52.82, 55.82, 58.12, 59.59]
current_hyper_parameter
v: [12.0, 32.66, 13.18, 27.04, 12.0, 12.0, 12.0, 23.46, 12.0, 10.43, 12.0, 12.0, 12.0, 14.69]
a: [50.0, 74.64, 50.0, 60.8, 50.0, 50.0, 122.32, 50.0, 148.05, 50.0, 50.0, 50.0, 150.11, 133.13]
d: [3.5, 3.5, 3.5, 3.5, 3.5, 3.5, 3.5, 3.5, 3.5, 3.5, 3.5, 3.5, 3.5, 2.0]
BEST_hyper_parameter
v: [12.0, 32.66, 13.18, 27.04, 12.0, 12.0, 12.0, 23.46, 12.0, 10.43, 12.0, 12.0, 12.0, 12.0]
a: [50.0, 74.64, 50.0, 60.8, 50.0, 50.0, 122.32, 50.0, 50.0, 50.0, 50.0, 50.0, 150.11, 133.13]
d: [3.5, 3.5, 3.5, 3.5, 3.5, 3.5, 3.5, 3.5, 3.5, 3.5, 3.5, 3.5, 3.5, 2.0]
WIN: random_idx_1 = 1, random_idx_2 = 12
WIN: random_idx_1 = 2, random_idx_2 = 13

iteration: 19
best: [6.63, 8.56, 12.2, 15.35, 19.02, 23.38, 42.9, 46.51, 48.38, 50.79, 52.82, 55.82, 58.12, 59.59]
time: [6.65, 8.55, 12.21, 15.4, 19.07, 23.42, 42.92, 46.53, 48.45, 53.84, 55.97, 58.63, 1000, 1000]
current_hyper_parameter
v: [12.0, 32.66, 13.18, 27.04, 12.0, 12.0, 12.0, 23.46, 12.0, 10.43, 12.0, 12.0, 12.0, 14.69]
a: [50.0, 74.64, 50.0, 60.8, 50.0, 50.0, 122.32, 50.0, 148.05, 50.0, 50.0, 50.0, 85.98, 133.13]
d: [3.5, 3.5, 3.5, 3.5, 3.5, 3.5, 3.5, 3.5, 3.5, 3.5, 3.5, 3.5, 3.5, 2.0]
BEST_hyper_parameter
v: [12.0, 32.66, 13.18, 27.04, 12.0, 12.0, 12.0, 23.46, 12.0, 10.43, 12.0, 12.0, 12.0, 14.69]
a: [50.0, 74.64, 50.0, 60.8, 50.0, 50.0, 122.32, 50.0, 148.05, 50.0, 50.0, 50.0, 150.11, 133.13]
d: [3.5, 3.5, 3.5, 3.5, 3.5, 3.5, 3.5, 3.5, 3.5, 3.5, 3.5, 3.5, 3.5, 2.0]
LOSE: random_idx_1 = 1, random_idx_2 = 2
LOSE: random_idx_1 = 2, random_idx_2 = 0

iteration: 20
best: [6.63, 8.56, 12.2, 15.35, 19.02, 23.38, 42.9, 46.51, 48.38, 50.79, 52.82, 55.82, 58.12, 59.59]
time: [6.56, 8.35, 12.21, 18.48, 25.71, 29.84, 49.5, 53.11, 55.0, 60.46, 62.0, 1000, 1000, 1000]
current_hyper_parameter
v: [12.0, 32.66, 13.18, 27.04, 12.0, 12.0, 12.0, 23.46, 12.0, 10.43, 12.0, 12.0, 12.0, 14.69]
a: [50.0, 74.64, 46.36, 60.8, 50.0, 50.0, 122.32, 50.0, 148.05, 50.0, 50.0, 50.0, 150.11, 133.13]
d: [3.5, 3.5, 3.5, 3.5, 3.5, 3.5, 3.5, 3.5, 3.5, 3.5, 3.5, 3.5, 3.5, 2.0]
BEST_hyper_parameter
v: [12.0, 32.66, 13.18, 27.04, 12.0, 12.0, 12.0, 23.46, 12.0, 10.43, 12.0, 12.0, 12.0, 14.69]
a: [50.0, 74.64, 50.0, 60.8, 50.0, 50.0, 122.32, 50.0, 148.05, 50.0, 50.0, 50.0, 150.11, 133.13]
d: [3.5, 3.5, 3.5, 3.5, 3.5, 3.5, 3.5, 3.5, 3.5, 3.5, 3.5, 3.5, 3.5, 2.0]
LOSE: random_idx_1 = 2, random_idx_2 = 9
LOSE: random_idx_1 = 2, random_idx_2 = 8

iteration: 21
best: [6.63, 8.56, 12.2, 15.35, 19.02, 23.38, 42.9, 46.51, 48.38, 50.79, 52.82, 55.82, 58.12, 59.59]
time: [6.61, 8.53, 12.18, 15.34, 19.06, 23.42, 42.91, 46.53, 48.41, 50.83, 52.47, 55.31, 57.32, 58.48]
current_hyper_parameter
v: [12.0, 32.66, 13.18, 27.04, 12.0, 12.0, 12.0, 23.46, 12.0, 10.43, 12.0, 12.0, 12.0, 14.69]
a: [50.0, 74.64, 50.0, 60.8, 50.0, 50.0, 122.32, 50.0, 148.05, 50.0, 50.0, 50.0, 150.11, 133.13]
d: [3.5, 3.5, 3.5, 3.5, 3.5, 3.5, 3.5, 3.5, 3.5, 3.5, 3.5, 3.5, 3.5, 2.0]
BEST_hyper_parameter
v: [12.0, 32.66, 13.18, 27.04, 12.0, 12.0, 12.0, 23.46, 12.0, 10.43, 12.0, 12.0, 12.0, 14.69]
a: [50.0, 74.64, 50.0, 60.8, 50.0, 50.0, 122.32, 50.0, 148.05, 50.0, 50.0, 50.0, 150.11, 133.13]
d: [3.5, 3.5, 3.5, 3.5, 3.5, 3.5, 3.5, 3.5, 3.5, 3.5, 3.5, 3.5, 3.5, 2.0]
WIN: random_idx_1 = 1, random_idx_2 = 4
WIN: random_idx_1 = 2, random_idx_2 = 4

iteration: 22
best: [6.61, 8.53, 12.18, 15.34, 19.06, 23.42, 42.91, 46.53, 48.41, 50.83, 52.47, 55.31, 57.32, 58.48]
time: [6.5, 8.29, 11.84, 14.87, 17.98, 22.47, 41.65, 45.33, 47.24, 49.95, 52.36, 55.46, 57.67, 59.12]
current_hyper_parameter
v: [12.0, 32.66, 13.18, 27.04, 12.0, 12.0, 12.0, 23.46, 12.0, 10.43, 12.0, 12.0, 12.0, 14.69]
a: [50.0, 74.64, 50.0, 60.8, 135.18, 50.0, 122.32, 50.0, 148.05, 50.0, 50.0, 50.0, 150.11, 133.13]
d: [3.5, 3.5, 3.5, 3.5, 3.5, 3.5, 3.5, 3.5, 3.5, 3.5, 3.5, 3.5, 3.5, 2.0]
BEST_hyper_parameter
v: [12.0, 32.66, 13.18, 27.04, 12.0, 12.0, 12.0, 23.46, 12.0, 10.43, 12.0, 12.0, 12.0, 14.69]
a: [50.0, 74.64, 50.0, 60.8, 50.0, 50.0, 122.32, 50.0, 148.05, 50.0, 50.0, 50.0, 150.11, 133.13]
d: [3.5, 3.5, 3.5, 3.5, 3.5, 3.5, 3.5, 3.5, 3.5, 3.5, 3.5, 3.5, 3.5, 2.0]
LOSE: random_idx_1 = 1, random_idx_2 = 11
LOSE: random_idx_1 = 0, random_idx_2 = 11

iteration: 23
best: [6.5, 8.29, 11.84, 14.87, 17.98, 22.47, 41.65, 45.33, 47.24, 49.95, 52.47, 55.31, 57.32, 58.48]
time: [6.54, 8.33, 12.18, 15.42, 21.66, 38.48, 58.53, 1000, 1000, 1000, 1000, 1000, 1000, 1000]
current_hyper_parameter
v: [12.0, 32.66, 13.18, 27.04, 12.0, 12.0, 12.0, 23.46, 12.0, 10.43, 12.0, 25.72, 12.0, 14.69]
a: [50.0, 74.64, 50.0, 60.8, 135.18, 50.0, 122.32, 50.0, 148.05, 50.0, 50.0, 90.71, 150.11, 133.13]
d: [3.5, 3.5, 3.5, 3.5, 3.5, 3.5, 3.5, 3.5, 3.5, 3.5, 3.5, 3.5, 3.5, 2.0]
BEST_hyper_parameter
v: [12.0, 32.66, 13.18, 27.04, 12.0, 12.0, 12.0, 23.46, 12.0, 10.43, 12.0, 12.0, 12.0, 14.69]
a: [50.0, 74.64, 50.0, 60.8, 135.18, 50.0, 122.32, 50.0, 148.05, 50.0, 50.0, 50.0, 150.11, 133.13]
d: [3.5, 3.5, 3.5, 3.5, 3.5, 3.5, 3.5, 3.5, 3.5, 3.5, 3.5, 3.5, 3.5, 2.0]
LOSE: random_idx_1 = 0, random_idx_2 = 13
LOSE: random_idx_1 = 2, random_idx_2 = 3

iteration: 24
best: [6.5, 8.29, 11.84, 14.87, 17.98, 22.47, 41.65, 45.33, 47.24, 49.95, 52.47, 55.31, 57.32, 58.48]
time: [6.66, 8.58, 12.23, 15.32, 18.41, 22.91, 42.17, 45.77, 47.65, 51.0, 53.21, 56.48, 58.38, 59.63]
current_hyper_parameter
v: [12.0, 32.66, 13.18, 27.04, 12.0, 12.0, 12.0, 23.46, 12.0, 10.43, 12.0, 12.0, 12.0, 25.05]
a: [50.0, 74.64, 50.0, 60.8, 135.18, 50.0, 122.32, 50.0, 148.05, 50.0, 50.0, 50.0, 150.11, 133.13]
d: [3.5, 3.5, 3.5, 3.5, 3.5, 3.5, 3.5, 3.5, 3.5, 3.5, 3.5, 3.5, 3.5, 2.0]
BEST_hyper_parameter
v: [12.0, 32.66, 13.18, 27.04, 12.0, 12.0, 12.0, 23.46, 12.0, 10.43, 12.0, 12.0, 12.0, 14.69]
a: [50.0, 74.64, 50.0, 60.8, 135.18, 50.0, 122.32, 50.0, 148.05, 50.0, 50.0, 50.0, 150.11, 133.13]
d: [3.5, 3.5, 3.5, 3.5, 3.5, 3.5, 3.5, 3.5, 3.5, 3.5, 3.5, 3.5, 3.5, 2.0]
LOSE: random_idx_1 = 0, random_idx_2 = 9
LOSE: random_idx_1 = 0, random_idx_2 = 1

iteration: 25
best: [6.5, 8.29, 11.84, 14.87, 17.98, 22.47, 41.65, 45.33, 47.24, 49.95, 52.47, 55.31, 57.32, 58.48]
time: [6.51, 8.39, 12.24, 15.38, 21.61, 41.03, 1000, 1000, 1000, 1000, 1000, 1000, 1000, 1000]
current_hyper_parameter
v: [12.0, 21.48, 13.18, 27.04, 12.0, 12.0, 12.0, 23.46, 12.0, 11.69, 12.0, 12.0, 12.0, 14.69]
a: [50.0, 74.64, 50.0, 60.8, 135.18, 50.0, 122.32, 50.0, 148.05, 50.0, 50.0, 50.0, 150.11, 133.13]
d: [3.5, 3.5, 3.5, 3.5, 3.5, 3.5, 3.5, 3.5, 3.5, 3.5, 3.5, 3.5, 3.5, 2.0]
BEST_hyper_parameter
v: [12.0, 32.66, 13.18, 27.04, 12.0, 12.0, 12.0, 23.46, 12.0, 10.43, 12.0, 12.0, 12.0, 14.69]
a: [50.0, 74.64, 50.0, 60.8, 135.18, 50.0, 122.32, 50.0, 148.05, 50.0, 50.0, 50.0, 150.11, 133.13]
d: [3.5, 3.5, 3.5, 3.5, 3.5, 3.5, 3.5, 3.5, 3.5, 3.5, 3.5, 3.5, 3.5, 2.0]
LOSE: random_idx_1 = 1, random_idx_2 = 2
LOSE: random_idx_1 = 2, random_idx_2 = 8

iteration: 26
best: [6.5, 8.29, 11.84, 14.87, 17.98, 22.47, 41.65, 45.33, 47.24, 49.95, 52.47, 55.31, 57.32, 58.48]
time: [6.58, 8.38, 11.96, 18.6, 25.47, 1000, 1000, 1000, 1000, 1000, 1000, 1000, 1000, 1000]
current_hyper_parameter
v: [12.0, 32.66, 13.18, 27.04, 12.0, 12.0, 12.0, 23.46, 12.0, 10.43, 12.0, 12.0, 12.0, 14.69]
a: [50.0, 74.64, 89.48, 60.8, 135.18, 50.0, 122.32, 50.0, 148.05, 50.0, 50.0, 50.0, 150.11, 133.13]
d: [3.5, 3.5, 3.5, 3.5, 3.5, 3.5, 3.5, 3.5, 3.5, 3.5, 3.5, 3.5, 3.5, 2.0]
BEST_hyper_parameter
v: [12.0, 32.66, 13.18, 27.04, 12.0, 12.0, 12.0, 23.46, 12.0, 10.43, 12.0, 12.0, 12.0, 14.69]
a: [50.0, 74.64, 50.0, 60.8, 135.18, 50.0, 122.32, 50.0, 148.05, 50.0, 50.0, 50.0, 150.11, 133.13]
d: [3.5, 3.5, 3.5, 3.5, 3.5, 3.5, 3.5, 3.5, 3.5, 3.5, 3.5, 3.5, 3.5, 2.0]
LOSE: random_idx_1 = 0, random_idx_2 = 5
LOSE: random_idx_1 = 2, random_idx_2 = 0

iteration: 27
best: [6.5, 8.29, 11.84, 14.87, 17.98, 22.47, 41.65, 45.33, 47.24, 49.95, 52.47, 55.31, 57.32, 58.48]
time: [6.62, 8.53, 12.15, 15.33, 21.69, 1000, 1000, 1000, 1000, 1000, 1000, 1000, 1000, 1000]
current_hyper_parameter
v: [12.0, 32.66, 13.18, 27.04, 12.0, 31.86, 12.0, 23.46, 12.0, 10.43, 12.0, 12.0, 12.0, 14.69]
a: [50.0, 74.64, 50.0, 60.8, 135.18, 50.0, 122.32, 50.0, 148.05, 50.0, 50.0, 50.0, 150.11, 133.13]
d: [3.5, 3.5, 3.5, 3.5, 3.5, 3.5, 3.5, 3.5, 3.5, 3.5, 3.5, 3.5, 3.5, 2.0]
BEST_hyper_parameter
v: [12.0, 32.66, 13.18, 27.04, 12.0, 12.0, 12.0, 23.46, 12.0, 10.43, 12.0, 12.0, 12.0, 14.69]
a: [50.0, 74.64, 50.0, 60.8, 135.18, 50.0, 122.32, 50.0, 148.05, 50.0, 50.0, 50.0, 150.11, 133.13]
d: [3.5, 3.5, 3.5, 3.5, 3.5, 3.5, 3.5, 3.5, 3.5, 3.5, 3.5, 3.5, 3.5, 2.0]
LOSE: random_idx_1 = 1, random_idx_2 = 12
LOSE: random_idx_1 = 2, random_idx_2 = 10

iteration: 28
best: [6.5, 8.29, 11.84, 14.87, 17.98, 22.47, 41.65, 45.33, 47.24, 49.95, 52.47, 55.31, 57.32, 58.48]
time: [6.66, 8.56, 12.23, 15.34, 21.53, 36.55, 56.42, 1000, 1000, 1000, 1000, 1000, 1000, 1000]
current_hyper_parameter
v: [12.0, 32.66, 13.18, 27.04, 12.0, 12.0, 12.0, 23.46, 12.0, 10.43, 12.0, 12.0, 12.0, 14.69]
a: [50.0, 74.64, 50.0, 60.8, 135.18, 50.0, 122.32, 50.0, 148.05, 50.0, 50.0, 50.0, 57.67, 133.13]
d: [3.5, 3.5, 3.5, 3.5, 3.5, 3.5, 3.5, 3.5, 3.5, 3.5, 3.5, 3.5, 3.5, 2.0]
BEST_hyper_parameter
v: [12.0, 32.66, 13.18, 27.04, 12.0, 12.0, 12.0, 23.46, 12.0, 10.43, 12.0, 12.0, 12.0, 14.69]
a: [50.0, 74.64, 50.0, 60.8, 135.18, 50.0, 122.32, 50.0, 148.05, 50.0, 50.0, 50.0, 150.11, 133.13]
d: [3.5, 3.5, 3.5, 3.5, 3.5, 3.5, 3.5, 3.5, 3.5, 3.5, 3.5, 3.5, 3.5, 2.0]
LOSE: random_idx_1 = 1, random_idx_2 = 5
LOSE: random_idx_1 = 0, random_idx_2 = 7

iteration: 29
best: [6.5, 8.29, 11.84, 14.87, 17.98, 22.47, 41.65, 45.33, 47.24, 49.95, 52.47, 55.31, 57.32, 58.48]
time: [6.57, 8.47, 12.12, 15.3, 21.74, 35.38, 53.28, 56.99, 58.92, 1000, 1000, 1000, 1000, 1000]
current_hyper_parameter
v: [12.0, 32.66, 13.18, 27.04, 12.0, 12.0, 12.0, 15.1, 12.0, 10.43, 12.0, 12.0, 12.0, 14.69]
a: [50.0, 74.64, 50.0, 60.8, 135.18, 106.65, 122.32, 50.0, 148.05, 50.0, 50.0, 50.0, 150.11, 133.13]
d: [3.5, 3.5, 3.5, 3.5, 3.5, 3.5, 3.5, 3.5, 3.5, 3.5, 3.5, 3.5, 3.5, 2.0]
BEST_hyper_parameter
v: [12.0, 32.66, 13.18, 27.04, 12.0, 12.0, 12.0, 23.46, 12.0, 10.43, 12.0, 12.0, 12.0, 14.69]
a: [50.0, 74.64, 50.0, 60.8, 135.18, 50.0, 122.32, 50.0, 148.05, 50.0, 50.0, 50.0, 150.11, 133.13]
d: [3.5, 3.5, 3.5, 3.5, 3.5, 3.5, 3.5, 3.5, 3.5, 3.5, 3.5, 3.5, 3.5, 2.0]
LOSE: random_idx_1 = 2, random_idx_2 = 10
LOSE: random_idx_1 = 1, random_idx_2 = 0

iteration: 30
best: [6.5, 8.29, 11.84, 14.87, 17.98, 22.47, 41.65, 45.33, 47.24, 49.95, 52.47, 55.31, 57.32, 58.48]
time: [6.12, 7.8, 11.51, 17.64, 20.95, 25.39, 44.82, 48.48, 50.37, 1000, 1000, 1000, 1000, 1000]
current_hyper_parameter
v: [12.0, 32.66, 13.18, 27.04, 12.0, 12.0, 12.0, 23.46, 12.0, 10.43, 12.0, 12.0, 12.0, 14.69]
a: [149.22, 74.64, 50.0, 60.8, 135.18, 50.0, 122.32, 50.0, 148.05, 50.0, 50.0, 50.0, 150.11, 133.13]
d: [3.5, 3.5, 3.5, 3.5, 3.5, 3.5, 3.5, 3.5, 3.5, 3.5, 3.5, 3.5, 3.5, 2.0]
BEST_hyper_parameter
v: [12.0, 32.66, 13.18, 27.04, 12.0, 12.0, 12.0, 23.46, 12.0, 10.43, 12.0, 12.0, 12.0, 14.69]
a: [50.0, 74.64, 50.0, 60.8, 135.18, 50.0, 122.32, 50.0, 148.05, 50.0, 50.0, 50.0, 150.11, 133.13]
d: [3.5, 3.5, 3.5, 3.5, 3.5, 3.5, 3.5, 3.5, 3.5, 3.5, 3.5, 3.5, 3.5, 2.0]
LOSE: random_idx_1 = 0, random_idx_2 = 1
LOSE: random_idx_1 = 2, random_idx_2 = 9

iteration: 31
best: [6.5, 8.29, 11.84, 14.87, 17.98, 22.47, 41.65, 45.33, 47.24, 49.95, 52.47, 55.31, 57.32, 58.48]
time: [6.54, 8.47, 12.18, 15.35, 21.58, 1000, 1000, 1000, 1000, 1000, 1000, 1000, 1000, 1000]
current_hyper_parameter
v: [12.0, 29.92, 13.18, 27.04, 12.0, 12.0, 12.0, 23.46, 12.0, 10.43, 12.0, 12.0, 12.0, 14.69]
a: [50.0, 74.64, 50.0, 60.8, 135.18, 50.0, 122.32, 50.0, 148.05, 50.0, 50.0, 50.0, 150.11, 133.13]
d: [3.5, 3.5, 3.5, 3.5, 3.5, 3.5, 3.5, 3.5, 3.5, 3.5, 3.5, 3.5, 3.5, 2.0]
BEST_hyper_parameter
v: [12.0, 32.66, 13.18, 27.04, 12.0, 12.0, 12.0, 23.46, 12.0, 10.43, 12.0, 12.0, 12.0, 14.69]
a: [50.0, 74.64, 50.0, 60.8, 135.18, 50.0, 122.32, 50.0, 148.05, 50.0, 50.0, 50.0, 150.11, 133.13]
d: [3.5, 3.5, 3.5, 3.5, 3.5, 3.5, 3.5, 3.5, 3.5, 3.5, 3.5, 3.5, 3.5, 2.0]
LOSE: random_idx_1 = 1, random_idx_2 = 9
LOSE: random_idx_1 = 0, random_idx_2 = 5

iteration: 32
best: [6.5, 8.29, 11.84, 14.87, 17.98, 22.47, 41.65, 45.33, 47.24, 49.95, 52.47, 55.31, 57.32, 58.48]
time: [6.64, 8.53, 12.16, 18.42, 21.91, 26.17, 45.09, 49.44, 51.42, 53.7, 55.84, 58.91, 1000, 1000]
current_hyper_parameter
v: [12.0, 32.66, 13.18, 27.04, 12.0, 24.79, 12.0, 23.46, 12.0, 10.43, 12.0, 12.0, 12.0, 14.69]
a: [50.0, 74.64, 50.0, 60.8, 135.18, 50.0, 122.32, 50.0, 148.05, 144.48, 50.0, 50.0, 150.11, 133.13]
d: [3.5, 3.5, 3.5, 3.5, 3.5, 3.5, 3.5, 3.5, 3.5, 3.5, 3.5, 3.5, 3.5, 2.0]
BEST_hyper_parameter
v: [12.0, 32.66, 13.18, 27.04, 12.0, 12.0, 12.0, 23.46, 12.0, 10.43, 12.0, 12.0, 12.0, 14.69]
a: [50.0, 74.64, 50.0, 60.8, 135.18, 50.0, 122.32, 50.0, 148.05, 50.0, 50.0, 50.0, 150.11, 133.13]
d: [3.5, 3.5, 3.5, 3.5, 3.5, 3.5, 3.5, 3.5, 3.5, 3.5, 3.5, 3.5, 3.5, 2.0]
LOSE: random_idx_1 = 2, random_idx_2 = 5
LOSE: random_idx_1 = 0, random_idx_2 = 4

iteration: 33
best: [6.5, 8.29, 11.84, 14.87, 17.98, 22.47, 41.65, 45.33, 47.24, 49.95, 52.47, 55.31, 57.32, 58.48]
time: [6.63, 8.54, 12.2, 15.34, 20.75, 25.35, 44.84, 48.46, 50.4, 56.05, 58.89, 1000, 1000, 1000]
current_hyper_parameter
v: [12.0, 32.66, 13.18, 27.04, 34.75, 12.0, 12.0, 23.46, 12.0, 10.43, 12.0, 12.0, 12.0, 14.69]
a: [50.0, 74.64, 50.0, 60.8, 135.18, 50.0, 122.32, 50.0, 148.05, 50.0, 50.0, 50.0, 150.11, 133.13]
d: [3.5, 3.5, 3.5, 3.5, 3.5, 3.5, 3.5, 3.5, 3.5, 3.5, 3.5, 3.5, 3.5, 2.0]
BEST_hyper_parameter
v: [12.0, 32.66, 13.18, 27.04, 12.0, 12.0, 12.0, 23.46, 12.0, 10.43, 12.0, 12.0, 12.0, 14.69]
a: [50.0, 74.64, 50.0, 60.8, 135.18, 50.0, 122.32, 50.0, 148.05, 50.0, 50.0, 50.0, 150.11, 133.13]
d: [3.5, 3.5, 3.5, 3.5, 3.5, 3.5, 3.5, 3.5, 3.5, 3.5, 3.5, 3.5, 3.5, 2.0]
LOSE: random_idx_1 = 2, random_idx_2 = 9
LOSE: random_idx_1 = 2, random_idx_2 = 1

iteration: 34
best: [6.5, 8.29, 11.84, 14.87, 17.98, 22.47, 41.65, 45.33, 47.24, 49.95, 52.47, 55.31, 57.32, 58.48]
time: [6.49, 8.31, 12.18, 15.37, 18.47, 23.04, 42.2, 45.82, 47.73, 51.03, 53.21, 56.43, 58.4, 1000]
current_hyper_parameter
v: [12.0, 32.66, 13.18, 27.04, 12.0, 12.0, 12.0, 23.46, 12.0, 10.43, 12.0, 12.0, 12.0, 14.69]
a: [50.0, 74.64, 50.0, 60.8, 135.18, 50.0, 122.32, 50.0, 148.05, 50.0, 50.0, 50.0, 150.11, 133.13]
d: [3.5, 3.5, 3.5, 3.5, 3.5, 3.5, 3.5, 3.5, 3.5, 3.5, 3.5, 3.5, 3.5, 2.0]
BEST_hyper_parameter
v: [12.0, 32.66, 13.18, 27.04, 12.0, 12.0, 12.0, 23.46, 12.0, 10.43, 12.0, 12.0, 12.0, 14.69]
a: [50.0, 74.64, 50.0, 60.8, 135.18, 50.0, 122.32, 50.0, 148.05, 50.0, 50.0, 50.0, 150.11, 133.13]
d: [3.5, 3.5, 3.5, 3.5, 3.5, 3.5, 3.5, 3.5, 3.5, 3.5, 3.5, 3.5, 3.5, 2.0]
LOSE: random_idx_1 = 2, random_idx_2 = 5
LOSE: random_idx_1 = 0, random_idx_2 = 2

iteration: 35
best: [6.5, 8.29, 11.84, 14.87, 17.98, 22.47, 41.65, 45.33, 47.24, 49.95, 52.47, 55.31, 57.32, 58.48]
time: [6.5, 8.27, 11.99, 1000, 1000, 1000, 1000, 1000, 1000, 1000, 1000, 1000, 1000, 1000]
current_hyper_parameter
v: [12.0, 32.66, 9.75, 27.04, 12.0, 12.0, 12.0, 23.46, 12.0, 10.43, 12.0, 12.0, 12.0, 14.69]
a: [50.0, 74.64, 50.0, 60.8, 135.18, 50.0, 122.32, 50.0, 148.05, 50.0, 50.0, 50.0, 150.11, 133.13]
d: [3.5, 3.5, 3.5, 3.5, 3.5, 3.5, 3.5, 3.5, 3.5, 3.5, 3.5, 3.5, 3.5, 2.0]
BEST_hyper_parameter
v: [12.0, 32.66, 13.18, 27.04, 12.0, 12.0, 12.0, 23.46, 12.0, 10.43, 12.0, 12.0, 12.0, 14.69]
a: [50.0, 74.64, 50.0, 60.8, 135.18, 50.0, 122.32, 50.0, 148.05, 50.0, 50.0, 50.0, 150.11, 133.13]
d: [3.5, 3.5, 3.5, 3.5, 3.5, 3.5, 3.5, 3.5, 3.5, 3.5, 3.5, 3.5, 3.5, 2.0]
LOSE: random_idx_1 = 2, random_idx_2 = 13
LOSE: random_idx_1 = 0, random_idx_2 = 11

iteration: 36
best: [6.5, 8.29, 11.84, 14.87, 17.98, 22.47, 41.65, 45.33, 47.24, 49.95, 52.47, 55.31, 57.32, 58.48]
time: [6.48, 8.28, 12.08, 15.3, 18.42, 22.9, 42.19, 45.79, 47.62, 50.22, 52.22, 54.82, 56.79, 58.16]
current_hyper_parameter
v: [12.0, 32.66, 13.18, 27.04, 12.0, 12.0, 12.0, 23.46, 12.0, 10.43, 12.0, 16.19, 12.0, 14.69]
a: [50.0, 74.64, 50.0, 60.8, 135.18, 50.0, 122.32, 50.0, 148.05, 50.0, 50.0, 50.0, 150.11, 133.13]
d: [3.5, 3.5, 3.5, 3.5, 3.5, 3.5, 3.5, 3.5, 3.5, 3.5, 3.5, 3.5, 3.5, 2.0]
BEST_hyper_parameter
v: [12.0, 32.66, 13.18, 27.04, 12.0, 12.0, 12.0, 23.46, 12.0, 10.43, 12.0, 12.0, 12.0, 14.69]
a: [50.0, 74.64, 50.0, 60.8, 135.18, 50.0, 122.32, 50.0, 148.05, 50.0, 50.0, 50.0, 150.11, 133.13]
d: [3.5, 3.5, 3.5, 3.5, 3.5, 3.5, 3.5, 3.5, 3.5, 3.5, 3.5, 3.5, 3.5, 2.0]
WIN: random_idx_1 = 1, random_idx_2 = 3
WIN: random_idx_1 = 2, random_idx_2 = 1

iteration: 37
best: [6.48, 8.28, 12.08, 15.3, 18.42, 22.9, 42.19, 45.79, 47.62, 50.22, 52.22, 54.82, 56.79, 58.16]
time: [6.64, 8.54, 12.19, 16.71, 20.13, 24.71, 44.85, 48.53, 50.39, 56.12, 59.47, 1000, 1000, 1000]
current_hyper_parameter
v: [12.0, 32.66, 13.18, 27.04, 12.0, 12.0, 12.0, 23.46, 12.0, 10.43, 12.0, 16.19, 12.0, 14.69]
a: [50.0, 74.64, 50.0, 26.18, 135.18, 50.0, 122.32, 50.0, 148.05, 50.0, 50.0, 50.0, 150.11, 133.13]
d: [3.5, 3.5, 3.5, 3.5, 3.5, 3.5, 3.5, 3.5, 3.5, 3.5, 3.5, 3.5, 3.5, 2.0]
BEST_hyper_parameter
v: [12.0, 32.66, 13.18, 27.04, 12.0, 12.0, 12.0, 23.46, 12.0, 10.43, 12.0, 16.19, 12.0, 14.69]
a: [50.0, 74.64, 50.0, 60.8, 135.18, 50.0, 122.32, 50.0, 148.05, 50.0, 50.0, 50.0, 150.11, 133.13]
d: [3.5, 3.5, 3.5, 3.5, 3.5, 3.5, 3.5, 3.5, 3.5, 3.5, 3.5, 3.5, 3.5, 2.0]
LOSE: random_idx_1 = 1, random_idx_2 = 0
LOSE: random_idx_1 = 0, random_idx_2 = 7

iteration: 38
best: [6.48, 8.28, 12.08, 15.3, 18.42, 22.9, 42.19, 45.79, 47.62, 50.22, 52.22, 54.82, 56.79, 58.16]
time: [6.08, 7.78, 11.48, 17.57, 25.19, 30.05, 49.8, 53.62, 55.49, 57.69, 1000, 1000, 1000, 1000]
current_hyper_parameter
v: [12.0, 32.66, 13.18, 27.04, 12.0, 12.0, 12.0, 33.36, 12.0, 10.43, 12.0, 16.19, 12.0, 14.69]
a: [121.38, 74.64, 50.0, 60.8, 135.18, 50.0, 122.32, 50.0, 148.05, 50.0, 50.0, 50.0, 150.11, 133.13]
d: [3.5, 3.5, 3.5, 3.5, 3.5, 3.5, 3.5, 3.5, 3.5, 3.5, 3.5, 3.5, 3.5, 2.0]
BEST_hyper_parameter
v: [12.0, 32.66, 13.18, 27.04, 12.0, 12.0, 12.0, 23.46, 12.0, 10.43, 12.0, 16.19, 12.0, 14.69]
a: [50.0, 74.64, 50.0, 60.8, 135.18, 50.0, 122.32, 50.0, 148.05, 50.0, 50.0, 50.0, 150.11, 133.13]
d: [3.5, 3.5, 3.5, 3.5, 3.5, 3.5, 3.5, 3.5, 3.5, 3.5, 3.5, 3.5, 3.5, 2.0]
LOSE: random_idx_1 = 1, random_idx_2 = 10
LOSE: random_idx_1 = 2, random_idx_2 = 5

iteration: 39
best: [6.08, 7.78, 11.48, 15.3, 18.42, 22.9, 42.19, 45.79, 47.62, 50.22, 52.22, 54.82, 56.79, 58.16]
time: [6.18, 7.86, 11.49, 17.59, 20.86, 25.42, 44.65, 48.86, 50.76, 53.23, 54.78, 60.38, 1000, 1000]
current_hyper_parameter
v: [12.0, 32.66, 13.18, 27.04, 12.0, 12.0, 12.0, 23.46, 12.0, 10.43, 12.0, 16.19, 12.0, 14.69]
a: [121.38, 74.64, 50.0, 60.8, 135.18, 50.0, 122.32, 50.0, 148.05, 50.0, 137.12, 50.0, 150.11, 133.13]
d: [3.5, 3.5, 3.5, 3.5, 3.5, 3.5, 3.5, 3.5, 3.5, 3.5, 3.5, 3.5, 3.5, 2.0]
BEST_hyper_parameter
v: [12.0, 32.66, 13.18, 27.04, 12.0, 12.0, 12.0, 23.46, 12.0, 10.43, 12.0, 16.19, 12.0, 14.69]
a: [121.38, 74.64, 50.0, 60.8, 135.18, 50.0, 122.32, 50.0, 148.05, 50.0, 50.0, 50.0, 150.11, 133.13]
d: [3.5, 3.5, 3.5, 3.5, 3.5, 3.5, 3.5, 3.5, 3.5, 3.5, 3.5, 3.5, 3.5, 2.0]
LOSE: random_idx_1 = 2, random_idx_2 = 8
LOSE: random_idx_1 = 1, random_idx_2 = 5

iteration: 40
best: [6.08, 7.78, 11.48, 15.3, 18.42, 22.9, 42.19, 45.79, 47.62, 50.22, 52.22, 54.82, 56.79, 58.16]
time: [6.15, 7.84, 11.52, 17.63, 20.87, 25.5, 45.3, 48.94, 50.84, 56.26, 58.35, 60.05, 1000, 1000]
current_hyper_parameter
v: [12.0, 32.66, 13.18, 27.04, 12.0, 12.0, 12.0, 23.46, 12.0, 10.43, 12.0, 16.19, 12.0, 14.69]
a: [121.38, 74.64, 50.0, 60.8, 135.18, 43.41, 122.32, 50.0, 148.05, 50.0, 50.0, 50.0, 150.11, 133.13]
d: [3.5, 3.5, 3.5, 3.5, 3.5, 3.5, 3.5, 3.5, 3.5, 3.5, 3.5, 3.5, 3.5, 2.0]
BEST_hyper_parameter
v: [12.0, 32.66, 13.18, 27.04, 12.0, 12.0, 12.0, 23.46, 12.0, 10.43, 12.0, 16.19, 12.0, 14.69]
a: [121.38, 74.64, 50.0, 60.8, 135.18, 50.0, 122.32, 50.0, 148.05, 50.0, 50.0, 50.0, 150.11, 133.13]
d: [3.5, 3.5, 3.5, 3.5, 3.5, 3.5, 3.5, 3.5, 3.5, 3.5, 3.5, 3.5, 3.5, 2.0]
LOSE: random_idx_1 = 2, random_idx_2 = 9
LOSE: random_idx_1 = 0, random_idx_2 = 10

iteration: 41
best: [6.08, 7.78, 11.48, 15.3, 18.42, 22.9, 42.19, 45.79, 47.62, 50.22, 52.22, 54.82, 56.79, 58.16]
time: [6.15, 7.86, 11.6, 17.69, 29.07, 1000, 1000, 1000, 1000, 1000, 1000, 1000, 1000, 1000]
current_hyper_parameter
v: [12.0, 32.66, 13.18, 27.04, 12.0, 12.0, 12.0, 23.46, 12.0, 10.43, 27.16, 16.19, 12.0, 14.69]
a: [121.38, 74.64, 50.0, 60.8, 135.18, 50.0, 122.32, 50.0, 148.05, 50.0, 50.0, 50.0, 150.11, 133.13]
d: [3.5, 3.5, 3.5, 3.5, 3.5, 3.5, 3.5, 3.5, 3.5, 3.5, 3.5, 3.5, 3.5, 2.0]
BEST_hyper_parameter
v: [12.0, 32.66, 13.18, 27.04, 12.0, 12.0, 12.0, 23.46, 12.0, 10.43, 12.0, 16.19, 12.0, 14.69]
a: [121.38, 74.64, 50.0, 60.8, 135.18, 50.0, 122.32, 50.0, 148.05, 50.0, 50.0, 50.0, 150.11, 133.13]
d: [3.5, 3.5, 3.5, 3.5, 3.5, 3.5, 3.5, 3.5, 3.5, 3.5, 3.5, 3.5, 3.5, 2.0]
LOSE: random_idx_1 = 1, random_idx_2 = 8
LOSE: random_idx_1 = 1, random_idx_2 = 2

iteration: 42
best: [6.08, 7.78, 11.48, 15.3, 18.42, 22.9, 42.19, 45.79, 47.62, 50.22, 52.22, 54.82, 56.79, 58.16]
time: [6.16, 7.88, 11.28, 17.23, 20.46, 25.04, 44.19, 47.94, 49.8, 52.12, 54.32, 57.02, 1000, 1000]
current_hyper_parameter
v: [12.0, 32.66, 13.18, 27.04, 12.0, 12.0, 12.0, 23.46, 12.0, 10.43, 12.0, 16.19, 12.0, 14.69]
a: [121.38, 74.64, 90.59, 60.8, 135.18, 50.0, 122.32, 50.0, 143.21, 50.0, 50.0, 50.0, 150.11, 133.13]
d: [3.5, 3.5, 3.5, 3.5, 3.5, 3.5, 3.5, 3.5, 3.5, 3.5, 3.5, 3.5, 3.5, 2.0]
BEST_hyper_parameter
v: [12.0, 32.66, 13.18, 27.04, 12.0, 12.0, 12.0, 23.46, 12.0, 10.43, 12.0, 16.19, 12.0, 14.69]
a: [121.38, 74.64, 50.0, 60.8, 135.18, 50.0, 122.32, 50.0, 148.05, 50.0, 50.0, 50.0, 150.11, 133.13]
d: [3.5, 3.5, 3.5, 3.5, 3.5, 3.5, 3.5, 3.5, 3.5, 3.5, 3.5, 3.5, 3.5, 2.0]
LOSE: random_idx_1 = 0, random_idx_2 = 3
LOSE: random_idx_1 = 1, random_idx_2 = 13

iteration: 43
best: [6.08, 7.78, 11.48, 15.3, 18.42, 22.9, 42.19, 45.79, 47.62, 50.22, 52.22, 54.82, 56.79, 58.16]
time: [6.08, 7.84, 11.78, 14.89, 18.02, 22.54, 42.34, 45.99, 47.88, 50.34, 51.95, 54.77, 56.63, 57.91]
current_hyper_parameter
v: [12.0, 32.66, 13.18, 25.47, 12.0, 12.0, 12.0, 23.46, 12.0, 10.43, 12.0, 16.19, 12.0, 14.69]
a: [121.38, 74.64, 50.0, 60.8, 135.18, 50.0, 122.32, 50.0, 148.05, 50.0, 50.0, 50.0, 150.11, 129.34]
d: [3.5, 3.5, 3.5, 3.5, 3.5, 3.5, 3.5, 3.5, 3.5, 3.5, 3.5, 3.5, 3.5, 2.0]
BEST_hyper_parameter
v: [12.0, 32.66, 13.18, 27.04, 12.0, 12.0, 12.0, 23.46, 12.0, 10.43, 12.0, 16.19, 12.0, 14.69]
a: [121.38, 74.64, 50.0, 60.8, 135.18, 50.0, 122.32, 50.0, 148.05, 50.0, 50.0, 50.0, 150.11, 133.13]
d: [3.5, 3.5, 3.5, 3.5, 3.5, 3.5, 3.5, 3.5, 3.5, 3.5, 3.5, 3.5, 3.5, 2.0]
WIN: random_idx_1 = 0, random_idx_2 = 13
WIN: random_idx_1 = 2, random_idx_2 = 8

iteration: 44
best: [6.08, 7.84, 11.78, 14.89, 18.02, 22.54, 42.34, 45.99, 47.88, 50.34, 51.95, 54.77, 56.63, 57.91]
time: [6.08, 7.79, 11.62, 14.84, 21.09, 34.25, 54.44, 58.04, 59.7, 1000, 1000, 1000, 1000, 1000]
current_hyper_parameter
v: [12.0, 32.66, 13.18, 25.47, 12.0, 12.0, 12.0, 23.46, 12.0, 10.43, 12.0, 16.19, 12.0, 26.69]
a: [121.38, 74.64, 50.0, 60.8, 135.18, 50.0, 122.32, 50.0, 148.05, 50.0, 50.0, 50.0, 150.11, 129.34]
d: [3.5, 3.5, 3.5, 3.5, 3.5, 3.5, 3.5, 3.5, 3.5, 3.5, 3.5, 3.5, 3.5, 2.0]
BEST_hyper_parameter
v: [12.0, 32.66, 13.18, 25.47, 12.0, 12.0, 12.0, 23.46, 12.0, 10.43, 12.0, 16.19, 12.0, 14.69]
a: [121.38, 74.64, 50.0, 60.8, 135.18, 50.0, 122.32, 50.0, 148.05, 50.0, 50.0, 50.0, 150.11, 129.34]
d: [3.5, 3.5, 3.5, 3.5, 3.5, 3.5, 3.5, 3.5, 3.5, 3.5, 3.5, 3.5, 3.5, 2.0]
LOSE: random_idx_1 = 1, random_idx_2 = 5
LOSE: random_idx_1 = 1, random_idx_2 = 13

iteration: 45
best: [6.08, 7.84, 11.78, 14.89, 18.02, 22.54, 42.34, 45.99, 47.88, 50.34, 51.95, 54.77, 56.63, 57.91]
time: [6.17, 7.87, 11.51, 17.63, 20.88, 24.89, 42.14, 45.69, 47.6, 50.43, 52.76, 55.72, 57.74, 1000]
current_hyper_parameter
v: [12.0, 32.66, 13.18, 25.47, 12.0, 12.0, 12.0, 23.46, 12.0, 10.43, 12.0, 16.19, 12.0, 14.69]
a: [121.38, 74.64, 50.0, 60.8, 135.18, 104.16, 122.32, 50.0, 148.05, 50.0, 50.0, 50.0, 150.11, 29.33]
d: [3.5, 3.5, 3.5, 3.5, 3.5, 3.5, 3.5, 3.5, 3.5, 3.5, 3.5, 3.5, 3.5, 2.0]
BEST_hyper_parameter
v: [12.0, 32.66, 13.18, 25.47, 12.0, 12.0, 12.0, 23.46, 12.0, 10.43, 12.0, 16.19, 12.0, 14.69]
a: [121.38, 74.64, 50.0, 60.8, 135.18, 50.0, 122.32, 50.0, 148.05, 50.0, 50.0, 50.0, 150.11, 129.34]
d: [3.5, 3.5, 3.5, 3.5, 3.5, 3.5, 3.5, 3.5, 3.5, 3.5, 3.5, 3.5, 3.5, 2.0]
LOSE: random_idx_1 = 1, random_idx_2 = 7
LOSE: random_idx_1 = 1, random_idx_2 = 11

iteration: 46
best: [6.08, 7.84, 11.78, 14.89, 18.02, 22.54, 42.34, 45.99, 47.88, 50.34, 51.95, 54.77, 56.63, 57.91]
time: [6.17, 7.86, 11.59, 14.85, 21.07, 57.22, 1000, 1000, 1000, 1000, 1000, 1000, 1000, 1000]
current_hyper_parameter
v: [12.0, 32.66, 13.18, 25.47, 12.0, 12.0, 12.0, 23.46, 12.0, 10.43, 12.0, 16.19, 12.0, 14.69]
a: [121.38, 74.64, 50.0, 60.8, 135.18, 50.0, 122.32, 105.78, 148.05, 50.0, 50.0, 71.01, 150.11, 129.34]
d: [3.5, 3.5, 3.5, 3.5, 3.5, 3.5, 3.5, 3.5, 3.5, 3.5, 3.5, 3.5, 3.5, 2.0]
BEST_hyper_parameter
v: [12.0, 32.66, 13.18, 25.47, 12.0, 12.0, 12.0, 23.46, 12.0, 10.43, 12.0, 16.19, 12.0, 14.69]
a: [121.38, 74.64, 50.0, 60.8, 135.18, 50.0, 122.32, 50.0, 148.05, 50.0, 50.0, 50.0, 150.11, 129.34]
d: [3.5, 3.5, 3.5, 3.5, 3.5, 3.5, 3.5, 3.5, 3.5, 3.5, 3.5, 3.5, 3.5, 2.0]
LOSE: random_idx_1 = 2, random_idx_2 = 11
LOSE: random_idx_1 = 2, random_idx_2 = 8

iteration: 47
best: [6.08, 7.84, 11.78, 14.89, 18.02, 22.54, 42.34, 45.99, 47.88, 50.34, 51.95, 54.77, 56.63, 57.91]
time: [6.18, 7.89, 11.73, 14.96, 21.19, 1000, 1000, 1000, 1000, 1000, 1000, 1000, 1000, 1000]
current_hyper_parameter
v: [12.0, 32.66, 13.18, 25.47, 12.0, 12.0, 12.0, 23.46, 12.0, 10.43, 12.0, 16.19, 12.0, 14.69]
a: [121.38, 74.64, 50.0, 60.8, 135.18, 50.0, 122.32, 50.0, 148.05, 50.0, 50.0, 50.0, 150.11, 129.34]
d: [3.5, 3.5, 3.5, 3.5, 3.5, 3.5, 3.5, 3.5, 3.5, 3.5, 3.5, 3.5, 3.5, 2.0]
BEST_hyper_parameter
v: [12.0, 32.66, 13.18, 25.47, 12.0, 12.0, 12.0, 23.46, 12.0, 10.43, 12.0, 16.19, 12.0, 14.69]
a: [121.38, 74.64, 50.0, 60.8, 135.18, 50.0, 122.32, 50.0, 148.05, 50.0, 50.0, 50.0, 150.11, 129.34]
d: [3.5, 3.5, 3.5, 3.5, 3.5, 3.5, 3.5, 3.5, 3.5, 3.5, 3.5, 3.5, 3.5, 2.0]
LOSE: random_idx_1 = 0, random_idx_2 = 1
LOSE: random_idx_1 = 1, random_idx_2 = 6

iteration: 48
best: [6.08, 7.84, 11.78, 14.89, 18.02, 22.54, 42.34, 45.99, 47.88, 50.34, 51.95, 54.77, 56.63, 57.91]
time: [6.17, 7.87, 11.55, 17.66, 20.99, 25.43, 45.13, 49.0, 50.96, 53.48, 55.26, 57.8, 1000, 1000]
current_hyper_parameter
v: [12.0, 28.89, 13.18, 25.47, 12.0, 12.0, 12.0, 23.46, 12.0, 10.43, 12.0, 16.19, 12.0, 14.69]
a: [121.38, 74.64, 50.0, 60.8, 135.18, 50.0, 54.59, 50.0, 148.05, 50.0, 50.0, 50.0, 150.11, 129.34]
d: [3.5, 3.5, 3.5, 3.5, 3.5, 3.5, 3.5, 3.5, 3.5, 3.5, 3.5, 3.5, 3.5, 2.0]
BEST_hyper_parameter
v: [12.0, 32.66, 13.18, 25.47, 12.0, 12.0, 12.0, 23.46, 12.0, 10.43, 12.0, 16.19, 12.0, 14.69]
a: [121.38, 74.64, 50.0, 60.8, 135.18, 50.0, 122.32, 50.0, 148.05, 50.0, 50.0, 50.0, 150.11, 129.34]
d: [3.5, 3.5, 3.5, 3.5, 3.5, 3.5, 3.5, 3.5, 3.5, 3.5, 3.5, 3.5, 3.5, 2.0]
LOSE: random_idx_1 = 1, random_idx_2 = 13
LOSE: random_idx_1 = 1, random_idx_2 = 2

iteration: 49
best: [6.08, 7.84, 11.78, 14.89, 18.02, 22.54, 42.34, 45.99, 47.88, 50.34, 51.95, 54.77, 56.63, 57.91]
time: [6.17, 7.87, 11.79, 18.09, 21.49, 25.91, 45.28, 48.98, 50.91, 53.28, 55.38, 58.32, 1000, 1000]
current_hyper_parameter
v: [12.0, 32.66, 13.18, 25.47, 12.0, 12.0, 12.0, 23.46, 12.0, 10.43, 12.0, 16.19, 12.0, 14.69]
a: [121.38, 74.64, 35.91, 60.8, 135.18, 50.0, 122.32, 50.0, 148.05, 50.0, 50.0, 50.0, 150.11, 21.41]
d: [3.5, 3.5, 3.5, 3.5, 3.5, 3.5, 3.5, 3.5, 3.5, 3.5, 3.5, 3.5, 3.5, 2.0]
BEST_hyper_parameter
v: [12.0, 32.66, 13.18, 25.47, 12.0, 12.0, 12.0, 23.46, 12.0, 10.43, 12.0, 16.19, 12.0, 14.69]
a: [121.38, 74.64, 50.0, 60.8, 135.18, 50.0, 122.32, 50.0, 148.05, 50.0, 50.0, 50.0, 150.11, 129.34]
d: [3.5, 3.5, 3.5, 3.5, 3.5, 3.5, 3.5, 3.5, 3.5, 3.5, 3.5, 3.5, 3.5, 2.0]
LOSE: random_idx_1 = 2, random_idx_2 = 5
LOSE: random_idx_1 = 1, random_idx_2 = 6

iteration: 50
best: [6.08, 7.84, 11.78, 14.89, 18.02, 22.54, 42.34, 45.99, 47.88, 50.34, 51.95, 54.77, 56.63, 57.91]
time: [6.17, 7.87, 11.54, 17.61, 20.94, 25.4, 44.67, 48.37, 50.37, 52.99, 55.88, 1000, 1000, 1000]
current_hyper_parameter
v: [12.0, 32.66, 13.18, 25.47, 12.0, 12.0, 12.0, 23.46, 12.0, 10.43, 12.0, 16.19, 12.0, 14.69]
a: [121.38, 74.64, 50.0, 60.8, 135.18, 50.0, 141.48, 50.0, 148.05, 50.0, 50.0, 50.0, 150.11, 129.34]
d: [3.5, 3.5, 3.5, 3.5, 3.5, 3.5, 3.5, 3.5, 3.5, 3.5, 3.5, 3.5, 3.5, 2.0]
BEST_hyper_parameter
v: [12.0, 32.66, 13.18, 25.47, 12.0, 12.0, 12.0, 23.46, 12.0, 10.43, 12.0, 16.19, 12.0, 14.69]
a: [121.38, 74.64, 50.0, 60.8, 135.18, 50.0, 122.32, 50.0, 148.05, 50.0, 50.0, 50.0, 150.11, 129.34]
d: [3.5, 3.5, 3.5, 3.5, 3.5, 3.5, 3.5, 3.5, 3.5, 3.5, 3.5, 3.5, 3.5, 2.0]
LOSE: random_idx_1 = 2, random_idx_2 = 11
LOSE: random_idx_1 = 1, random_idx_2 = 12

iteration: 51
best: [6.08, 7.84, 11.78, 14.89, 18.02, 22.54, 42.34, 45.99, 47.88, 50.34, 51.95, 54.77, 56.63, 57.91]
time: [6.18, 7.88, 11.45, 17.48, 21.66, 26.17, 46.19, 49.96, 51.79, 54.51, 56.22, 1000, 1000, 1000]
current_hyper_parameter
v: [12.0, 32.66, 13.18, 25.47, 12.0, 12.0, 12.0, 23.46, 12.0, 10.43, 12.0, 16.19, 12.0, 14.69]
a: [121.38, 74.64, 50.0, 60.8, 135.18, 50.0, 122.32, 50.0, 148.05, 50.0, 50.0, 50.0, 28.18, 129.34]
d: [3.5, 3.5, 3.5, 3.5, 3.5, 3.5, 3.5, 3.5, 3.5, 3.5, 3.5, 3.5, 3.5, 2.0]
BEST_hyper_parameter
v: [12.0, 32.66, 13.18, 25.47, 12.0, 12.0, 12.0, 23.46, 12.0, 10.43, 12.0, 16.19, 12.0, 14.69]
a: [121.38, 74.64, 50.0, 60.8, 135.18, 50.0, 122.32, 50.0, 148.05, 50.0, 50.0, 50.0, 150.11, 129.34]
d: [3.5, 3.5, 3.5, 3.5, 3.5, 3.5, 3.5, 3.5, 3.5, 3.5, 3.5, 3.5, 3.5, 2.0]
LOSE: random_idx_1 = 2, random_idx_2 = 13
LOSE: random_idx_1 = 2, random_idx_2 = 4

iteration: 52
best: [6.08, 7.84, 11.78, 14.89, 18.02, 22.54, 42.34, 45.99, 47.88, 50.34, 51.95, 54.77, 56.63, 57.91]
time: [6.08, 7.78, 11.54, 17.65, 20.89, 25.45, 44.61, 48.38, 50.21, 52.44, 57.25, 1000, 1000, 1000]
current_hyper_parameter
v: [12.0, 32.66, 13.18, 25.47, 12.0, 12.0, 12.0, 23.46, 12.0, 10.43, 12.0, 16.19, 12.0, 14.69]
a: [121.38, 74.64, 50.0, 60.8, 135.18, 50.0, 122.32, 50.0, 148.05, 50.0, 50.0, 50.0, 150.11, 129.34]
d: [3.5, 3.5, 3.5, 3.5, 3.5, 3.5, 3.5, 3.5, 3.5, 3.5, 3.5, 3.5, 3.5, 2.0]
BEST_hyper_parameter
v: [12.0, 32.66, 13.18, 25.47, 12.0, 12.0, 12.0, 23.46, 12.0, 10.43, 12.0, 16.19, 12.0, 14.69]
a: [121.38, 74.64, 50.0, 60.8, 135.18, 50.0, 122.32, 50.0, 148.05, 50.0, 50.0, 50.0, 150.11, 129.34]
d: [3.5, 3.5, 3.5, 3.5, 3.5, 3.5, 3.5, 3.5, 3.5, 3.5, 3.5, 3.5, 3.5, 2.0]
LOSE: random_idx_1 = 2, random_idx_2 = 12
LOSE: random_idx_1 = 1, random_idx_2 = 11

iteration: 53
best: [6.08, 7.84, 11.78, 14.89, 18.02, 22.54, 42.34, 45.99, 47.88, 50.34, 51.95, 54.77, 56.63, 57.91]
time: [6.17, 7.9, 11.69, 14.88, 17.99, 22.55, 41.71, 45.44, 47.26, 49.57, 51.83, 53.93, 56.03, 57.17]
current_hyper_parameter
v: [12.0, 32.66, 13.18, 25.47, 12.0, 12.0, 12.0, 23.46, 12.0, 10.43, 12.0, 16.19, 12.0, 14.69]
a: [121.38, 74.64, 50.0, 60.8, 135.18, 50.0, 122.32, 50.0, 148.05, 50.0, 50.0, 94.77, 150.11, 129.34]
d: [3.5, 3.5, 3.5, 3.5, 3.5, 3.5, 3.5, 3.5, 3.5, 3.5, 3.5, 3.5, 3.5, 2.0]
BEST_hyper_parameter
v: [12.0, 32.66, 13.18, 25.47, 12.0, 12.0, 12.0, 23.46, 12.0, 10.43, 12.0, 16.19, 12.0, 14.69]
a: [121.38, 74.64, 50.0, 60.8, 135.18, 50.0, 122.32, 50.0, 148.05, 50.0, 50.0, 50.0, 150.11, 129.34]
d: [3.5, 3.5, 3.5, 3.5, 3.5, 3.5, 3.5, 3.5, 3.5, 3.5, 3.5, 3.5, 3.5, 2.0]
WIN: random_idx_1 = 1, random_idx_2 = 2
WIN: random_idx_1 = 0, random_idx_2 = 9

iteration: 54
best: [6.17, 7.9, 11.69, 14.88, 17.99, 22.55, 41.71, 45.44, 47.26, 49.57, 51.83, 53.93, 56.03, 57.17]
time: [6.08, 7.79, 11.17, 14.27, 20.54, 1000, 1000, 1000, 1000, 1000, 1000, 1000, 1000, 1000]
current_hyper_parameter
v: [12.0, 32.66, 13.18, 25.47, 12.0, 12.0, 12.0, 23.46, 12.0, 15.87, 12.0, 16.19, 12.0, 14.69]
a: [121.38, 74.64, 125.23, 60.8, 135.18, 50.0, 122.32, 50.0, 148.05, 50.0, 50.0, 94.77, 150.11, 129.34]
d: [3.5, 3.5, 3.5, 3.5, 3.5, 3.5, 3.5, 3.5, 3.5, 3.5, 3.5, 3.5, 3.5, 2.0]
BEST_hyper_parameter
v: [12.0, 32.66, 13.18, 25.47, 12.0, 12.0, 12.0, 23.46, 12.0, 10.43, 12.0, 16.19, 12.0, 14.69]
a: [121.38, 74.64, 50.0, 60.8, 135.18, 50.0, 122.32, 50.0, 148.05, 50.0, 50.0, 94.77, 150.11, 129.34]
d: [3.5, 3.5, 3.5, 3.5, 3.5, 3.5, 3.5, 3.5, 3.5, 3.5, 3.5, 3.5, 3.5, 2.0]
LOSE: random_idx_1 = 2, random_idx_2 = 9
LOSE: random_idx_1 = 1, random_idx_2 = 4

iteration: 55
best: [6.08, 7.79, 11.17, 14.27, 17.99, 22.55, 41.71, 45.44, 47.26, 49.57, 51.83, 53.93, 56.03, 57.17]
time: [6.09, 7.8, 10.98, 14.01, 20.84, 25.31, 45.12, 48.77, 50.63, 52.95, 55.19, 57.33, 1000, 1000]
current_hyper_parameter
v: [12.0, 32.66, 13.18, 25.47, 12.0, 12.0, 12.0, 23.46, 12.0, 10.43, 12.0, 16.19, 12.0, 14.69]
a: [121.38, 74.64, 125.23, 60.8, 67.76, 50.0, 122.32, 50.0, 148.05, 50.0, 50.0, 94.77, 150.11, 129.34]
d: [3.5, 3.5, 3.5, 3.5, 3.5, 3.5, 3.5, 3.5, 3.5, 3.5, 3.5, 3.5, 3.5, 2.0]
BEST_hyper_parameter
v: [12.0, 32.66, 13.18, 25.47, 12.0, 12.0, 12.0, 23.46, 12.0, 10.43, 12.0, 16.19, 12.0, 14.69]
a: [121.38, 74.64, 125.23, 60.8, 135.18, 50.0, 122.32, 50.0, 148.05, 50.0, 50.0, 94.77, 150.11, 129.34]
d: [3.5, 3.5, 3.5, 3.5, 3.5, 3.5, 3.5, 3.5, 3.5, 3.5, 3.5, 3.5, 3.5, 2.0]
LOSE: random_idx_1 = 2, random_idx_2 = 3
LOSE: random_idx_1 = 1, random_idx_2 = 9

iteration: 56
best: [6.08, 7.79, 11.17, 14.27, 17.99, 22.55, 41.71, 45.44, 47.26, 49.57, 51.83, 53.93, 56.03, 57.17]
time: [6.18, 7.86, 11.22, 14.27, 1000, 1000, 1000, 1000, 1000, 1000, 1000, 1000, 1000, 1000]
current_hyper_parameter
v: [12.0, 32.66, 13.18, 25.47, 12.0, 12.0, 12.0, 23.46, 12.0, 10.43, 12.0, 16.19, 12.0, 14.69]
a: [121.38, 74.64, 125.23, 60.8, 135.18, 50.0, 122.32, 50.0, 148.05, 90.53, 50.0, 94.77, 150.11, 129.34]
d: [3.5, 3.5, 3.5, 3.5, 3.5, 3.5, 3.5, 3.5, 3.5, 3.5, 3.5, 3.5, 3.5, 2.0]
BEST_hyper_parameter
v: [12.0, 32.66, 13.18, 25.47, 12.0, 12.0, 12.0, 23.46, 12.0, 10.43, 12.0, 16.19, 12.0, 14.69]
a: [121.38, 74.64, 125.23, 60.8, 135.18, 50.0, 122.32, 50.0, 148.05, 50.0, 50.0, 94.77, 150.11, 129.34]
d: [3.5, 3.5, 3.5, 3.5, 3.5, 3.5, 3.5, 3.5, 3.5, 3.5, 3.5, 3.5, 3.5, 2.0]
LOSE: random_idx_1 = 2, random_idx_2 = 7
LOSE: random_idx_1 = 1, random_idx_2 = 1

iteration: 57
best: [6.08, 7.79, 11.17, 14.27, 17.99, 22.55, 41.71, 45.44, 47.26, 49.57, 51.83, 53.93, 56.03, 57.17]
time: [6.14, 7.54, 10.33, 13.27, 19.42, 24.43, 43.92, 48.41, 50.32, 52.79, 54.84, 56.87, 1000, 1000]
current_hyper_parameter
v: [12.0, 32.66, 13.18, 25.47, 12.0, 12.0, 12.0, 23.46, 12.0, 10.43, 12.0, 16.19, 12.0, 14.69]
a: [121.38, 143.11, 125.23, 60.8, 135.18, 50.0, 122.32, 50.0, 148.05, 50.0, 50.0, 94.77, 150.11, 129.34]
d: [3.5, 3.5, 3.5, 3.5, 3.5, 3.5, 3.5, 3.5, 3.5, 3.5, 3.5, 3.5, 3.5, 2.0]
BEST_hyper_parameter
v: [12.0, 32.66, 13.18, 25.47, 12.0, 12.0, 12.0, 23.46, 12.0, 10.43, 12.0, 16.19, 12.0, 14.69]
a: [121.38, 74.64, 125.23, 60.8, 135.18, 50.0, 122.32, 50.0, 148.05, 50.0, 50.0, 94.77, 150.11, 129.34]
d: [3.5, 3.5, 3.5, 3.5, 3.5, 3.5, 3.5, 3.5, 3.5, 3.5, 3.5, 3.5, 3.5, 2.0]
LOSE: random_idx_1 = 1, random_idx_2 = 6
LOSE: random_idx_1 = 0, random_idx_2 = 6

iteration: 58
best: [6.14, 7.54, 10.33, 13.27, 17.99, 22.55, 41.71, 45.44, 47.26, 49.57, 51.83, 53.93, 56.03, 57.17]
time: [6.14, 7.54, 10.33, 13.3, 19.51, 1000, 1000, 1000, 1000, 1000, 1000, 1000, 1000, 1000]
current_hyper_parameter
v: [12.0, 32.66, 13.18, 25.47, 12.0, 12.0, 34.81, 23.46, 12.0, 10.43, 12.0, 16.19, 12.0, 14.69]
a: [121.38, 143.11, 125.23, 60.8, 135.18, 50.0, 145.59, 50.0, 148.05, 50.0, 50.0, 94.77, 150.11, 129.34]
d: [3.5, 3.5, 3.5, 3.5, 3.5, 3.5, 3.5, 3.5, 3.5, 3.5, 3.5, 3.5, 3.5, 2.0]
BEST_hyper_parameter
v: [12.0, 32.66, 13.18, 25.47, 12.0, 12.0, 12.0, 23.46, 12.0, 10.43, 12.0, 16.19, 12.0, 14.69]
a: [121.38, 143.11, 125.23, 60.8, 135.18, 50.0, 122.32, 50.0, 148.05, 50.0, 50.0, 94.77, 150.11, 129.34]
d: [3.5, 3.5, 3.5, 3.5, 3.5, 3.5, 3.5, 3.5, 3.5, 3.5, 3.5, 3.5, 3.5, 2.0]
LOSE: random_idx_1 = 0, random_idx_2 = 12
LOSE: random_idx_1 = 2, random_idx_2 = 11

iteration: 59
best: [6.14, 7.54, 10.33, 13.27, 17.99, 22.55, 41.71, 45.44, 47.26, 49.57, 51.83, 53.93, 56.03, 57.17]
time: [6.15, 7.56, 10.33, 16.38, 23.86, 28.79, 48.47, 52.16, 54.15, 57.3, 58.82, 1000, 1000, 1000]
current_hyper_parameter
v: [12.0, 32.66, 13.18, 25.47, 12.0, 12.0, 12.0, 23.46, 12.0, 10.43, 12.0, 16.19, 31.73, 14.69]
a: [121.38, 143.11, 125.23, 60.8, 135.18, 50.0, 122.32, 50.0, 148.05, 50.0, 50.0, 94.77, 150.11, 129.34]
d: [3.5, 3.5, 3.5, 3.5, 3.5, 3.5, 3.5, 3.5, 3.5, 3.5, 3.5, 3.5, 3.5, 2.0]
BEST_hyper_parameter
v: [12.0, 32.66, 13.18, 25.47, 12.0, 12.0, 12.0, 23.46, 12.0, 10.43, 12.0, 16.19, 12.0, 14.69]
a: [121.38, 143.11, 125.23, 60.8, 135.18, 50.0, 122.32, 50.0, 148.05, 50.0, 50.0, 94.77, 150.11, 129.34]
d: [3.5, 3.5, 3.5, 3.5, 3.5, 3.5, 3.5, 3.5, 3.5, 3.5, 3.5, 3.5, 3.5, 2.0]
LOSE: random_idx_1 = 1, random_idx_2 = 11
LOSE: random_idx_1 = 0, random_idx_2 = 13

iteration: 60
best: [6.14, 7.54, 10.33, 13.27, 17.99, 22.55, 41.71, 45.44, 47.26, 49.57, 51.83, 53.93, 56.03, 57.17]
time: [6.16, 7.55, 10.32, 13.27, 16.38, 20.88, 40.12, 43.82, 45.73, 51.1, 53.16, 55.73, 57.75, 1000]
current_hyper_parameter
v: [12.0, 32.66, 13.18, 25.47, 12.0, 12.0, 12.0, 23.46, 12.0, 10.43, 12.0, 16.19, 12.0, 21.47]
a: [121.38, 143.11, 125.23, 60.8, 135.18, 50.0, 122.32, 50.0, 148.05, 50.0, 50.0, 52.86, 150.11, 129.34]
d: [3.5, 3.5, 3.5, 3.5, 3.5, 3.5, 3.5, 3.5, 3.5, 3.5, 3.5, 3.5, 3.5, 2.0]
BEST_hyper_parameter
v: [12.0, 32.66, 13.18, 25.47, 12.0, 12.0, 12.0, 23.46, 12.0, 10.43, 12.0, 16.19, 12.0, 14.69]
a: [121.38, 143.11, 125.23, 60.8, 135.18, 50.0, 122.32, 50.0, 148.05, 50.0, 50.0, 94.77, 150.11, 129.34]
d: [3.5, 3.5, 3.5, 3.5, 3.5, 3.5, 3.5, 3.5, 3.5, 3.5, 3.5, 3.5, 3.5, 2.0]
LOSE: random_idx_1 = 0, random_idx_2 = 9
LOSE: random_idx_1 = 1, random_idx_2 = 8

iteration: 61
best: [6.16, 7.55, 10.32, 13.27, 16.38, 20.88, 40.12, 43.82, 45.73, 49.57, 51.83, 53.93, 56.03, 57.17]
time: [6.16, 7.56, 10.33, 13.29, 19.52, 1000, 1000, 1000, 1000, 1000, 1000, 1000, 1000, 1000]
current_hyper_parameter
v: [12.0, 32.66, 13.18, 25.47, 12.0, 12.0, 12.0, 23.46, 12.0, 28.63, 12.0, 16.19, 12.0, 14.69]
a: [121.38, 143.11, 125.23, 60.8, 135.18, 50.0, 122.32, 50.0, 130.52, 50.0, 50.0, 94.77, 150.11, 129.34]
d: [3.5, 3.5, 3.5, 3.5, 3.5, 3.5, 3.5, 3.5, 3.5, 3.5, 3.5, 3.5, 3.5, 2.0]
BEST_hyper_parameter
v: [12.0, 32.66, 13.18, 25.47, 12.0, 12.0, 12.0, 23.46, 12.0, 10.43, 12.0, 16.19, 12.0, 14.69]
a: [121.38, 143.11, 125.23, 60.8, 135.18, 50.0, 122.32, 50.0, 148.05, 50.0, 50.0, 94.77, 150.11, 129.34]
d: [3.5, 3.5, 3.5, 3.5, 3.5, 3.5, 3.5, 3.5, 3.5, 3.5, 3.5, 3.5, 3.5, 2.0]
LOSE: random_idx_1 = 1, random_idx_2 = 4
LOSE: random_idx_1 = 2, random_idx_2 = 3

iteration: 62
best: [6.16, 7.55, 10.32, 13.27, 16.38, 20.88, 40.12, 43.82, 45.73, 49.57, 51.83, 53.93, 56.03, 57.17]
time: [6.16, 7.54, 10.32, 13.26, 19.68, 24.71, 44.6, 48.26, 50.25, 55.92, 1000, 1000, 1000, 1000]
current_hyper_parameter
v: [12.0, 32.66, 13.18, 25.47, 12.0, 12.0, 12.0, 23.46, 12.0, 10.43, 12.0, 16.19, 12.0, 14.69]
a: [121.38, 143.11, 125.23, 60.8, 108.11, 50.0, 122.32, 50.0, 148.05, 50.0, 50.0, 94.77, 150.11, 129.34]
d: [3.5, 3.5, 3.5, 3.5, 3.5, 3.5, 3.5, 3.5, 3.5, 3.5, 3.5, 3.5, 3.5, 2.0]
BEST_hyper_parameter
v: [12.0, 32.66, 13.18, 25.47, 12.0, 12.0, 12.0, 23.46, 12.0, 10.43, 12.0, 16.19, 12.0, 14.69]
a: [121.38, 143.11, 125.23, 60.8, 135.18, 50.0, 122.32, 50.0, 148.05, 50.0, 50.0, 94.77, 150.11, 129.34]
d: [3.5, 3.5, 3.5, 3.5, 3.5, 3.5, 3.5, 3.5, 3.5, 3.5, 3.5, 3.5, 3.5, 2.0]
LOSE: random_idx_1 = 1, random_idx_2 = 5
LOSE: random_idx_1 = 2, random_idx_2 = 7
