
iteration: 1
best: [6.71, 9.17, 12.36, 15.27, 17.95, 21.75, 31.08, 34.65, 36.65, 39.17, 42.27, 45.26, 47.83, 49.59]
time: [6.66, 9.13, 12.47, 15.49, 18.07, 21.88, 31.42, 34.83, 37.0, 39.46, 41.09, 44.03, 1000, 1000]
current_hyper_parameter
v: [12.0, 12.0, 16.75, 33.48, 31.69, 21.73, 27.35, 20.85, 12.0, 12.0, 12.0, 17.86, 8.91, 22.26]
a: [50.0, 50.0, 145.92, 50.0, 92.42, 107.17, 118.2, 61.89, 95.81, 50.0, 50.0, 49.33, 153.38, 50.0]
d: [3.5, 3.5, 3.5, 3.5, 3.5, 3.5, 3.5, 3.5, 3.5, 3.5, 3.5, 3.5, 3.5, 2.0]
BEST_hyper_parameter
v: [12.0, 12.0, 16.75, 33.48, 31.69, 21.73, 27.35, 20.85, 12.0, 12.0, 12.0, 17.86, 8.91, 22.26]
a: [50.0, 50.0, 145.92, 50.0, 92.42, 107.17, 118.2, 61.89, 95.81, 50.0, 50.0, 49.33, 153.38, 50.0]
d: [3.5, 3.5, 3.5, 3.5, 3.5, 3.5, 3.5, 3.5, 3.5, 3.5, 3.5, 3.5, 3.5, 2.0]
LOSE: random_idx_1 = 0, random_idx_2 = 13
LOSE: random_idx_1 = 0, random_idx_2 = 12

iteration: 2
best: [6.66, 9.13, 12.47, 15.49, 18.07, 21.88, 31.42, 34.83, 37.0, 39.46, 41.09, 45.26, 47.83, 49.59]
time: [6.66, 9.16, 12.43, 15.44, 18.06, 21.92, 32.27, 35.65, 1000, 1000, 1000, 1000, 1000, 1000]
current_hyper_parameter
v: [12.0, 12.0, 16.75, 33.48, 31.69, 21.73, 27.35, 20.85, 12.0, 12.0, 12.0, 17.86, 19.32, 28.52]
a: [50.0, 50.0, 145.92, 50.0, 92.42, 107.17, 118.2, 61.89, 95.81, 50.0, 50.0, 49.33, 153.38, 50.0]
d: [3.5, 3.5, 3.5, 3.5, 3.5, 3.5, 3.5, 3.5, 3.5, 3.5, 3.5, 3.5, 3.5, 2.0]
BEST_hyper_parameter
v: [12.0, 12.0, 16.75, 33.48, 31.69, 21.73, 27.35, 20.85, 12.0, 12.0, 12.0, 17.86, 8.91, 22.26]
a: [50.0, 50.0, 145.92, 50.0, 92.42, 107.17, 118.2, 61.89, 95.81, 50.0, 50.0, 49.33, 153.38, 50.0]
d: [3.5, 3.5, 3.5, 3.5, 3.5, 3.5, 3.5, 3.5, 3.5, 3.5, 3.5, 3.5, 3.5, 2.0]
LOSE: random_idx_1 = 1, random_idx_2 = 3
LOSE: random_idx_1 = 0, random_idx_2 = 6

iteration: 3
best: [6.66, 9.13, 12.47, 15.49, 18.07, 21.88, 31.42, 34.83, 37.0, 39.46, 41.09, 45.26, 47.83, 49.59]
time: [6.62, 9.08, 12.33, 14.8, 17.49, 21.03, 51.78, 1000, 1000, 1000, 1000, 1000, 1000, 1000]
current_hyper_parameter
v: [12.0, 12.0, 16.75, 33.48, 31.69, 21.73, 10.96, 20.85, 12.0, 12.0, 12.0, 17.86, 8.91, 22.26]
a: [50.0, 50.0, 145.92, 85.97, 92.42, 107.17, 118.2, 61.89, 95.81, 50.0, 50.0, 49.33, 153.38, 50.0]
d: [3.5, 3.5, 3.5, 3.5, 3.5, 3.5, 3.5, 3.5, 3.5, 3.5, 3.5, 3.5, 3.5, 2.0]
BEST_hyper_parameter
v: [12.0, 12.0, 16.75, 33.48, 31.69, 21.73, 27.35, 20.85, 12.0, 12.0, 12.0, 17.86, 8.91, 22.26]
a: [50.0, 50.0, 145.92, 50.0, 92.42, 107.17, 118.2, 61.89, 95.81, 50.0, 50.0, 49.33, 153.38, 50.0]
d: [3.5, 3.5, 3.5, 3.5, 3.5, 3.5, 3.5, 3.5, 3.5, 3.5, 3.5, 3.5, 3.5, 2.0]
LOSE: random_idx_1 = 2, random_idx_2 = 8
LOSE: random_idx_1 = 2, random_idx_2 = 10

iteration: 4
best: [6.62, 9.08, 12.33, 14.8, 17.49, 21.03, 31.42, 34.83, 37.0, 39.46, 41.09, 45.26, 47.83, 49.59]
time: [6.72, 9.19, 12.4, 14.8, 17.43, 21.2, 30.68, 34.07, 40.47, 47.13, 52.16, 1000, 1000, 1000]
current_hyper_parameter
v: [12.0, 12.0, 16.75, 33.48, 31.69, 21.73, 27.35, 20.85, 12.0, 12.0, 12.0, 17.86, 8.91, 22.26]
a: [50.0, 50.0, 145.92, 85.97, 92.42, 107.17, 118.2, 61.89, 95.81, 50.0, 50.0, 49.33, 153.38, 50.0]
d: [3.5, 3.5, 3.5, 3.5, 3.5, 3.5, 3.5, 3.5, 3.5, 3.5, 3.5, 3.5, 3.5, 2.0]
BEST_hyper_parameter
v: [12.0, 12.0, 16.75, 33.48, 31.69, 21.73, 27.35, 20.85, 12.0, 12.0, 12.0, 17.86, 8.91, 22.26]
a: [50.0, 50.0, 145.92, 85.97, 92.42, 107.17, 118.2, 61.89, 95.81, 50.0, 50.0, 49.33, 153.38, 50.0]
d: [3.5, 3.5, 3.5, 3.5, 3.5, 3.5, 3.5, 3.5, 3.5, 3.5, 3.5, 3.5, 3.5, 2.0]
LOSE: random_idx_1 = 2, random_idx_2 = 9
LOSE: random_idx_1 = 0, random_idx_2 = 11

iteration: 5
best: [6.72, 9.19, 12.4, 14.8, 17.43, 21.2, 30.68, 34.07, 37.0, 39.46, 41.09, 45.26, 47.83, 49.59]
time: [6.61, 9.09, 12.35, 14.81, 17.46, 21.19, 30.73, 37.07, 39.48, 42.02, 46.84, 49.56, 1000, 1000]
current_hyper_parameter
v: [12.0, 12.0, 16.75, 33.48, 31.69, 21.73, 27.35, 20.85, 12.0, 12.0, 12.0, 25.02, 8.91, 22.26]
a: [50.0, 50.0, 145.92, 85.97, 92.42, 107.17, 118.2, 61.89, 95.81, 50.0, 50.0, 49.33, 153.38, 50.0]
d: [3.5, 3.5, 3.5, 3.5, 3.5, 3.5, 3.5, 3.5, 3.5, 3.5, 3.5, 3.5, 3.5, 2.0]
BEST_hyper_parameter
v: [12.0, 12.0, 16.75, 33.48, 31.69, 21.73, 27.35, 20.85, 12.0, 12.0, 12.0, 17.86, 8.91, 22.26]
a: [50.0, 50.0, 145.92, 85.97, 92.42, 107.17, 118.2, 61.89, 95.81, 50.0, 50.0, 49.33, 153.38, 50.0]
d: [3.5, 3.5, 3.5, 3.5, 3.5, 3.5, 3.5, 3.5, 3.5, 3.5, 3.5, 3.5, 3.5, 2.0]
LOSE: random_idx_1 = 0, random_idx_2 = 0
LOSE: random_idx_1 = 2, random_idx_2 = 8

iteration: 6
best: [6.72, 9.19, 12.4, 14.8, 17.43, 21.2, 30.68, 34.07, 37.0, 39.46, 41.09, 45.26, 47.83, 49.59]
time: [7.11, 9.72, 12.92, 15.32, 17.95, 21.69, 31.18, 34.53, 36.69, 39.15, 44.16, 1000, 1000, 1000]
current_hyper_parameter
v: [8.82, 12.0, 16.75, 33.48, 31.69, 21.73, 27.35, 20.85, 12.0, 12.0, 12.0, 17.86, 8.91, 22.26]
a: [50.0, 50.0, 145.92, 85.97, 92.42, 107.17, 118.2, 61.89, 95.81, 50.0, 50.0, 49.33, 153.38, 50.0]
d: [3.5, 3.5, 3.5, 3.5, 3.5, 3.5, 3.5, 3.5, 3.5, 3.5, 3.5, 3.5, 3.5, 2.0]
BEST_hyper_parameter
v: [12.0, 12.0, 16.75, 33.48, 31.69, 21.73, 27.35, 20.85, 12.0, 12.0, 12.0, 17.86, 8.91, 22.26]
a: [50.0, 50.0, 145.92, 85.97, 92.42, 107.17, 118.2, 61.89, 95.81, 50.0, 50.0, 49.33, 153.38, 50.0]
d: [3.5, 3.5, 3.5, 3.5, 3.5, 3.5, 3.5, 3.5, 3.5, 3.5, 3.5, 3.5, 3.5, 2.0]
LOSE: random_idx_1 = 1, random_idx_2 = 9
LOSE: random_idx_1 = 2, random_idx_2 = 2

iteration: 7
best: [6.72, 9.19, 12.4, 14.8, 17.43, 21.2, 30.68, 34.07, 37.0, 39.46, 41.09, 45.26, 47.83, 49.59]
time: [6.64, 9.1, 12.4, 17.7, 29.02, 32.37, 41.91, 52.56, 1000, 1000, 1000, 1000, 1000, 1000]
current_hyper_parameter
v: [12.0, 12.0, 16.75, 33.48, 31.69, 21.73, 27.35, 20.85, 12.0, 12.0, 12.0, 17.86, 8.91, 22.26]
a: [50.0, 50.0, 145.92, 85.97, 92.42, 107.17, 118.2, 61.89, 95.81, 77.33, 50.0, 49.33, 153.38, 50.0]
d: [3.5, 3.5, 5.28, 3.5, 3.5, 3.5, 3.5, 3.5, 3.5, 3.5, 3.5, 3.5, 3.5, 2.0]
BEST_hyper_parameter
v: [12.0, 12.0, 16.75, 33.48, 31.69, 21.73, 27.35, 20.85, 12.0, 12.0, 12.0, 17.86, 8.91, 22.26]
a: [50.0, 50.0, 145.92, 85.97, 92.42, 107.17, 118.2, 61.89, 95.81, 50.0, 50.0, 49.33, 153.38, 50.0]
d: [3.5, 3.5, 3.5, 3.5, 3.5, 3.5, 3.5, 3.5, 3.5, 3.5, 3.5, 3.5, 3.5, 2.0]
LOSE: random_idx_1 = 1, random_idx_2 = 11
LOSE: random_idx_1 = 0, random_idx_2 = 2

iteration: 8
best: [6.72, 9.19, 12.4, 14.8, 17.43, 21.2, 30.68, 34.07, 37.0, 39.46, 41.09, 45.26, 47.83, 49.59]
time: [6.73, 9.21, 13.71, 16.42, 18.95, 22.73, 32.12, 35.68, 41.29, 45.52, 47.26, 49.18, 1000, 1000]
current_hyper_parameter
v: [12.0, 12.0, 8.92, 33.48, 31.69, 21.73, 27.35, 20.85, 12.0, 12.0, 12.0, 17.86, 8.91, 22.26]
a: [50.0, 50.0, 145.92, 85.97, 92.42, 107.17, 118.2, 61.89, 95.81, 50.0, 50.0, 146.25, 153.38, 50.0]
d: [3.5, 3.5, 3.5, 3.5, 3.5, 3.5, 3.5, 3.5, 3.5, 3.5, 3.5, 3.5, 3.5, 2.0]
BEST_hyper_parameter
v: [12.0, 12.0, 16.75, 33.48, 31.69, 21.73, 27.35, 20.85, 12.0, 12.0, 12.0, 17.86, 8.91, 22.26]
a: [50.0, 50.0, 145.92, 85.97, 92.42, 107.17, 118.2, 61.89, 95.81, 50.0, 50.0, 49.33, 153.38, 50.0]
d: [3.5, 3.5, 3.5, 3.5, 3.5, 3.5, 3.5, 3.5, 3.5, 3.5, 3.5, 3.5, 3.5, 2.0]
LOSE: random_idx_1 = 1, random_idx_2 = 4
LOSE: random_idx_1 = 2, random_idx_2 = 6

iteration: 9
best: [6.72, 9.19, 12.4, 14.8, 17.43, 21.2, 30.68, 34.07, 37.0, 39.46, 41.09, 45.26, 47.83, 49.59]
time: [6.71, 9.19, 12.37, 14.78, 17.31, 21.25, 31.66, 35.02, 37.4, 40.03, 41.83, 44.35, 46.74, 48.29]
current_hyper_parameter
v: [12.0, 12.0, 16.75, 33.48, 31.69, 21.73, 27.35, 20.85, 12.0, 12.0, 12.0, 17.86, 8.91, 22.26]
a: [50.0, 50.0, 145.92, 85.97, 113.58, 107.17, 118.2, 61.89, 95.81, 50.0, 50.0, 49.33, 153.38, 50.0]
d: [3.5, 3.5, 3.5, 3.5, 3.5, 3.5, 3.5, 3.5, 3.5, 3.5, 3.5, 3.5, 3.5, 2.0]
BEST_hyper_parameter
v: [12.0, 12.0, 16.75, 33.48, 31.69, 21.73, 27.35, 20.85, 12.0, 12.0, 12.0, 17.86, 8.91, 22.26]
a: [50.0, 50.0, 145.92, 85.97, 92.42, 107.17, 118.2, 61.89, 95.81, 50.0, 50.0, 49.33, 153.38, 50.0]
d: [3.5, 3.5, 3.5, 3.5, 3.5, 3.5, 3.5, 3.5, 3.5, 3.5, 3.5, 3.5, 3.5, 2.0]
WIN: random_idx_1 = 1, random_idx_2 = 4
WIN: random_idx_1 = 2, random_idx_2 = 13

iteration: 10
best: [6.71, 9.19, 12.37, 14.78, 17.31, 21.25, 31.66, 35.02, 37.4, 40.03, 41.83, 44.35, 46.74, 48.29]
time: [6.7, 9.16, 12.44, 14.85, 21.94, 33.19, 43.3, 46.82, 48.75, 1000, 1000, 1000, 1000, 1000]
current_hyper_parameter
v: [12.0, 12.0, 16.75, 33.48, 31.69, 21.73, 27.35, 20.85, 12.0, 12.0, 12.0, 17.86, 8.91, 22.26]
a: [50.0, 50.0, 145.92, 85.97, 41.79, 107.17, 118.2, 61.89, 95.81, 50.0, 50.0, 49.33, 153.38, 50.0]
d: [3.5, 3.5, 3.5, 3.5, 3.5, 3.5, 3.5, 3.5, 3.5, 3.5, 3.5, 3.5, 3.5, 2.0]
BEST_hyper_parameter
v: [12.0, 12.0, 16.75, 33.48, 31.69, 21.73, 27.35, 20.85, 12.0, 12.0, 12.0, 17.86, 8.91, 22.26]
a: [50.0, 50.0, 145.92, 85.97, 113.58, 107.17, 118.2, 61.89, 95.81, 50.0, 50.0, 49.33, 153.38, 50.0]
d: [3.5, 3.5, 3.5, 3.5, 3.5, 3.5, 3.5, 3.5, 3.5, 3.5, 3.5, 3.5, 3.5, 2.0]
LOSE: random_idx_1 = 1, random_idx_2 = 4
LOSE: random_idx_1 = 2, random_idx_2 = 2

iteration: 11
best: [6.71, 9.19, 12.37, 14.78, 17.31, 21.25, 31.66, 35.02, 37.4, 40.03, 41.83, 44.35, 46.74, 48.29]
time: [6.73, 9.17, 12.38, 17.93, 25.56, 29.09, 38.85, 42.29, 44.69, 47.58, 49.25, 1000, 1000, 1000]
current_hyper_parameter
v: [12.0, 12.0, 16.75, 33.48, 31.69, 21.73, 27.35, 20.85, 12.0, 12.0, 12.0, 17.86, 8.91, 22.26]
a: [50.0, 50.0, 145.92, 85.97, 69.39, 107.17, 118.2, 61.89, 95.81, 50.0, 50.0, 49.33, 153.38, 50.0]
d: [3.5, 3.5, 5.25, 3.5, 3.5, 3.5, 3.5, 3.5, 3.5, 3.5, 3.5, 3.5, 3.5, 2.0]
BEST_hyper_parameter
v: [12.0, 12.0, 16.75, 33.48, 31.69, 21.73, 27.35, 20.85, 12.0, 12.0, 12.0, 17.86, 8.91, 22.26]
a: [50.0, 50.0, 145.92, 85.97, 113.58, 107.17, 118.2, 61.89, 95.81, 50.0, 50.0, 49.33, 153.38, 50.0]
d: [3.5, 3.5, 3.5, 3.5, 3.5, 3.5, 3.5, 3.5, 3.5, 3.5, 3.5, 3.5, 3.5, 2.0]
LOSE: random_idx_1 = 2, random_idx_2 = 3
LOSE: random_idx_1 = 2, random_idx_2 = 4

iteration: 12
best: [6.71, 9.19, 12.37, 14.78, 17.31, 21.25, 31.66, 35.02, 37.4, 40.03, 41.83, 44.35, 46.74, 48.29]
time: [6.61, 9.07, 12.33, 14.72, 20.31, 24.15, 33.67, 37.12, 39.27, 41.73, 47.66, 1000, 1000, 1000]
current_hyper_parameter
v: [12.0, 12.0, 16.75, 33.48, 31.69, 21.73, 27.35, 20.85, 12.0, 12.0, 12.0, 17.86, 8.91, 22.26]
a: [50.0, 50.0, 145.92, 85.97, 113.58, 107.17, 118.2, 61.89, 95.81, 50.0, 50.0, 49.33, 153.38, 50.0]
d: [3.5, 3.5, 3.5, 3.5, 3.5, 3.5, 3.5, 3.5, 3.5, 3.5, 3.5, 3.5, 3.5, 2.0]
BEST_hyper_parameter
v: [12.0, 12.0, 16.75, 33.48, 31.69, 21.73, 27.35, 20.85, 12.0, 12.0, 12.0, 17.86, 8.91, 22.26]
a: [50.0, 50.0, 145.92, 85.97, 113.58, 107.17, 118.2, 61.89, 95.81, 50.0, 50.0, 49.33, 153.38, 50.0]
d: [3.5, 3.5, 3.5, 3.5, 3.5, 3.5, 3.5, 3.5, 3.5, 3.5, 3.5, 3.5, 3.5, 2.0]
LOSE: random_idx_1 = 0, random_idx_2 = 8
LOSE: random_idx_1 = 1, random_idx_2 = 4

iteration: 13
best: [6.71, 9.19, 12.37, 14.78, 17.31, 21.25, 31.66, 35.02, 37.4, 40.03, 41.83, 44.35, 46.74, 48.29]
time: [6.7, 9.17, 12.41, 14.84, 17.29, 21.21, 30.65, 34.14, 36.16, 38.54, 40.34, 43.33, 53.08, 1000]
current_hyper_parameter
v: [12.0, 12.0, 16.75, 33.48, 31.69, 21.73, 27.35, 20.85, 12.83, 12.0, 12.0, 17.86, 8.91, 22.26]
a: [50.0, 50.0, 145.92, 85.97, 144.78, 107.17, 118.2, 61.89, 95.81, 50.0, 50.0, 49.33, 153.38, 50.0]
d: [3.5, 3.5, 3.5, 3.5, 3.5, 3.5, 3.5, 3.5, 3.5, 3.5, 3.5, 3.5, 3.5, 2.0]
BEST_hyper_parameter
v: [12.0, 12.0, 16.75, 33.48, 31.69, 21.73, 27.35, 20.85, 12.0, 12.0, 12.0, 17.86, 8.91, 22.26]
a: [50.0, 50.0, 145.92, 85.97, 113.58, 107.17, 118.2, 61.89, 95.81, 50.0, 50.0, 49.33, 153.38, 50.0]
d: [3.5, 3.5, 3.5, 3.5, 3.5, 3.5, 3.5, 3.5, 3.5, 3.5, 3.5, 3.5, 3.5, 2.0]
LOSE: random_idx_1 = 2, random_idx_2 = 12
LOSE: random_idx_1 = 1, random_idx_2 = 11

iteration: 14
best: [6.7, 9.17, 12.41, 14.84, 17.29, 21.21, 30.65, 34.14, 36.16, 38.54, 40.34, 43.33, 46.74, 48.29]
time: [6.72, 9.2, 12.44, 14.92, 20.37, 24.03, 34.29, 37.72, 39.78, 42.19, 44.02, 46.13, 48.84, 1000]
current_hyper_parameter
v: [12.0, 12.0, 16.75, 33.48, 31.69, 21.73, 27.35, 20.85, 12.83, 12.0, 12.0, 17.86, 8.91, 22.26]
a: [50.0, 50.0, 145.92, 85.97, 144.78, 107.17, 118.2, 61.89, 95.81, 50.0, 50.0, 100.33, 153.38, 50.0]
d: [3.5, 3.5, 3.5, 3.5, 3.5, 3.5, 3.5, 3.5, 3.5, 3.5, 3.5, 3.5, 3.5, 2.0]
BEST_hyper_parameter
v: [12.0, 12.0, 16.75, 33.48, 31.69, 21.73, 27.35, 20.85, 12.83, 12.0, 12.0, 17.86, 8.91, 22.26]
a: [50.0, 50.0, 145.92, 85.97, 144.78, 107.17, 118.2, 61.89, 95.81, 50.0, 50.0, 49.33, 153.38, 50.0]
d: [3.5, 3.5, 3.5, 3.5, 3.5, 3.5, 3.5, 3.5, 3.5, 3.5, 3.5, 3.5, 3.5, 2.0]
LOSE: random_idx_1 = 2, random_idx_2 = 6
LOSE: random_idx_1 = 0, random_idx_2 = 2

iteration: 15
best: [6.7, 9.17, 12.41, 14.84, 17.29, 21.21, 30.65, 34.14, 36.16, 38.54, 40.34, 43.33, 46.74, 48.29]
time: [6.62, 9.09, 11.71, 13.99, 19.23, 23.02, 32.71, 39.02, 46.97, 49.23, 1000, 1000, 1000, 1000]
current_hyper_parameter
v: [12.0, 12.0, 31.02, 33.48, 31.69, 21.73, 27.35, 20.85, 12.83, 12.0, 12.0, 17.86, 8.91, 22.26]
a: [50.0, 50.0, 145.92, 85.97, 144.78, 107.17, 118.2, 61.89, 95.81, 50.0, 50.0, 49.33, 153.38, 50.0]
d: [3.5, 3.5, 3.5, 3.5, 3.5, 3.5, 3.5, 3.5, 3.5, 3.5, 3.5, 3.5, 3.5, 2.0]
BEST_hyper_parameter
v: [12.0, 12.0, 16.75, 33.48, 31.69, 21.73, 27.35, 20.85, 12.83, 12.0, 12.0, 17.86, 8.91, 22.26]
a: [50.0, 50.0, 145.92, 85.97, 144.78, 107.17, 118.2, 61.89, 95.81, 50.0, 50.0, 49.33, 153.38, 50.0]
d: [3.5, 3.5, 3.5, 3.5, 3.5, 3.5, 3.5, 3.5, 3.5, 3.5, 3.5, 3.5, 3.5, 2.0]
LOSE: random_idx_1 = 2, random_idx_2 = 11
LOSE: random_idx_1 = 0, random_idx_2 = 12

iteration: 16
best: [6.62, 9.09, 11.71, 13.99, 17.29, 21.21, 30.65, 34.14, 36.16, 38.54, 40.34, 43.33, 46.74, 48.29]
time: [6.58, 9.05, 11.69, 13.99, 19.23, 22.73, 32.27, 1000, 1000, 1000, 1000, 1000, 1000, 1000]
current_hyper_parameter
v: [12.0, 12.0, 31.02, 33.48, 31.69, 21.73, 27.35, 20.85, 12.83, 12.0, 12.0, 17.86, 23.78, 22.26]
a: [50.0, 50.0, 145.92, 85.97, 144.78, 107.17, 118.2, 61.89, 95.81, 50.0, 50.0, 49.33, 153.38, 50.0]
d: [3.5, 3.5, 3.5, 3.5, 3.5, 3.5, 3.5, 3.5, 3.5, 3.5, 3.5, 3.5, 3.5, 2.0]
BEST_hyper_parameter
v: [12.0, 12.0, 31.02, 33.48, 31.69, 21.73, 27.35, 20.85, 12.83, 12.0, 12.0, 17.86, 8.91, 22.26]
a: [50.0, 50.0, 145.92, 85.97, 144.78, 107.17, 118.2, 61.89, 95.81, 50.0, 50.0, 49.33, 153.38, 50.0]
d: [3.5, 3.5, 3.5, 3.5, 3.5, 3.5, 3.5, 3.5, 3.5, 3.5, 3.5, 3.5, 3.5, 2.0]
LOSE: random_idx_1 = 1, random_idx_2 = 8
LOSE: random_idx_1 = 2, random_idx_2 = 3

iteration: 17
best: [6.62, 9.09, 11.71, 13.99, 17.29, 21.21, 30.65, 34.14, 36.16, 38.54, 40.34, 43.33, 46.74, 48.29]
time: [6.7, 9.15, 11.74, 14.0, 19.28, 23.34, 32.87, 1000, 1000, 1000, 1000, 1000, 1000, 1000]
current_hyper_parameter
v: [12.0, 12.0, 31.02, 33.48, 31.69, 21.73, 27.35, 20.85, 12.83, 12.0, 12.0, 17.86, 8.91, 22.26]
a: [50.0, 50.0, 145.92, 85.97, 144.78, 107.17, 118.2, 61.89, 124.08, 50.0, 50.0, 49.33, 153.38, 50.0]
d: [3.5, 3.5, 3.5, 3.5, 3.5, 3.5, 3.5, 3.5, 3.5, 3.5, 3.5, 3.5, 3.5, 2.0]
BEST_hyper_parameter
v: [12.0, 12.0, 31.02, 33.48, 31.69, 21.73, 27.35, 20.85, 12.83, 12.0, 12.0, 17.86, 8.91, 22.26]
a: [50.0, 50.0, 145.92, 85.97, 144.78, 107.17, 118.2, 61.89, 95.81, 50.0, 50.0, 49.33, 153.38, 50.0]
d: [3.5, 3.5, 3.5, 3.5, 3.5, 3.5, 3.5, 3.5, 3.5, 3.5, 3.5, 3.5, 3.5, 2.0]
LOSE: random_idx_1 = 2, random_idx_2 = 1
LOSE: random_idx_1 = 1, random_idx_2 = 12

iteration: 18
best: [6.62, 9.09, 11.71, 13.99, 17.29, 21.21, 30.65, 34.14, 36.16, 38.54, 40.34, 43.33, 46.74, 48.29]
time: [6.71, 9.17, 11.75, 13.97, 19.26, 22.7, 32.26, 1000, 1000, 1000, 1000, 1000, 1000, 1000]
current_hyper_parameter
v: [12.0, 12.0, 31.02, 33.48, 31.69, 21.73, 27.35, 20.85, 12.83, 12.0, 12.0, 17.86, 8.91, 22.26]
a: [50.0, 50.0, 145.92, 85.97, 144.78, 107.17, 118.2, 61.89, 95.81, 50.0, 50.0, 49.33, 79.41, 50.0]
d: [3.5, 3.5, 3.5, 3.5, 3.5, 3.5, 3.5, 3.5, 3.5, 3.5, 3.5, 3.5, 3.5, 2.0]
BEST_hyper_parameter
v: [12.0, 12.0, 31.02, 33.48, 31.69, 21.73, 27.35, 20.85, 12.83, 12.0, 12.0, 17.86, 8.91, 22.26]
a: [50.0, 50.0, 145.92, 85.97, 144.78, 107.17, 118.2, 61.89, 95.81, 50.0, 50.0, 49.33, 153.38, 50.0]
d: [3.5, 3.5, 3.5, 3.5, 3.5, 3.5, 3.5, 3.5, 3.5, 3.5, 3.5, 3.5, 3.5, 2.0]
LOSE: random_idx_1 = 0, random_idx_2 = 11
LOSE: random_idx_1 = 1, random_idx_2 = 2

iteration: 19
best: [6.62, 9.09, 11.71, 13.99, 17.29, 21.21, 30.65, 34.14, 36.16, 38.54, 40.34, 43.33, 46.74, 48.29]
time: [6.69, 9.17, 13.27, 15.91, 21.84, 25.35, 34.85, 45.98, 48.59, 1000, 1000, 1000, 1000, 1000]
current_hyper_parameter
v: [12.0, 12.0, 31.02, 33.48, 31.69, 21.73, 27.35, 20.85, 12.83, 12.0, 12.0, 25.77, 8.91, 22.26]
a: [50.0, 50.0, 48.37, 85.97, 144.78, 107.17, 118.2, 61.89, 95.81, 50.0, 50.0, 49.33, 153.38, 50.0]
d: [3.5, 3.5, 3.5, 3.5, 3.5, 3.5, 3.5, 3.5, 3.5, 3.5, 3.5, 3.5, 3.5, 2.0]
BEST_hyper_parameter
v: [12.0, 12.0, 31.02, 33.48, 31.69, 21.73, 27.35, 20.85, 12.83, 12.0, 12.0, 17.86, 8.91, 22.26]
a: [50.0, 50.0, 145.92, 85.97, 144.78, 107.17, 118.2, 61.89, 95.81, 50.0, 50.0, 49.33, 153.38, 50.0]
d: [3.5, 3.5, 3.5, 3.5, 3.5, 3.5, 3.5, 3.5, 3.5, 3.5, 3.5, 3.5, 3.5, 2.0]
LOSE: random_idx_1 = 2, random_idx_2 = 4
LOSE: random_idx_1 = 1, random_idx_2 = 8
