
iteration: 1
best: [6.12, 7.54, 10.35, 12.63, 15.17, 18.08, 27.38, 30.41, 33.05, 35.67, 37.08, 39.74, 42.14, 43.34]
time: [5.96, 7.35, 10.57, 16.7, 20.88, 23.43, 32.9, 35.83, 37.98, 40.92, 42.81, 1000, 1000, 1000]
current_hyper_parameter
v: [31.23, 33.17, 17.32, 21.96, 19.12, 29.76, 29.31, 23.69, 23.6, 12.0, 12.0, 31.42, 25.04, 27.88]
a: [63.92, 127.08, 55.87, 151.78, 50.0, 117.15, 116.19, 84.17, 50.0, 60.05, 95.77, 50.0, 50.0, 156.74]
d: [3.5, 3.5, 4.47, 3.5, 3.5, 3.5, 3.5, 3.5, 3.5, 3.5, 3.5, 3.5, 3.5, 2.0]
BEST_hyper_parameter
v: [31.23, 33.17, 17.32, 21.96, 19.12, 29.76, 29.31, 23.69, 23.6, 12.0, 12.0, 31.42, 25.04, 27.88]
a: [63.92, 127.08, 55.87, 151.78, 50.0, 117.15, 116.19, 84.17, 50.0, 60.05, 95.77, 50.0, 50.0, 156.74]
d: [3.5, 3.5, 4.47, 3.5, 3.5, 3.5, 3.5, 3.5, 3.5, 3.5, 3.5, 3.5, 3.5, 2.0]
LOSE: random_idx_1 = 1, random_idx_2 = 4
LOSE: random_idx_1 = 0, random_idx_2 = 2

iteration: 2
best: [6.12, 7.54, 10.35, 12.63, 15.17, 18.08, 27.38, 30.41, 33.05, 35.67, 37.08, 39.74, 42.14, 43.34]
time: [6.04, 7.48, 10.25, 15.66, 18.19, 21.61, 30.85, 34.18, 1000, 1000, 1000, 1000, 1000, 1000]
current_hyper_parameter
v: [31.23, 33.17, 26.93, 21.96, 19.12, 29.76, 29.31, 23.69, 23.6, 12.0, 12.0, 31.42, 25.04, 27.88]
a: [63.92, 127.08, 55.87, 151.78, 112.07, 117.15, 116.19, 84.17, 50.0, 60.05, 95.77, 50.0, 50.0, 156.74]
d: [3.5, 3.5, 4.47, 3.5, 3.5, 3.5, 3.5, 3.5, 3.5, 3.5, 3.5, 3.5, 3.5, 2.0]
BEST_hyper_parameter
v: [31.23, 33.17, 17.32, 21.96, 19.12, 29.76, 29.31, 23.69, 23.6, 12.0, 12.0, 31.42, 25.04, 27.88]
a: [63.92, 127.08, 55.87, 151.78, 50.0, 117.15, 116.19, 84.17, 50.0, 60.05, 95.77, 50.0, 50.0, 156.74]
d: [3.5, 3.5, 4.47, 3.5, 3.5, 3.5, 3.5, 3.5, 3.5, 3.5, 3.5, 3.5, 3.5, 2.0]
LOSE: random_idx_1 = 2, random_idx_2 = 4
LOSE: random_idx_1 = 2, random_idx_2 = 8

iteration: 3
best: [6.12, 7.54, 10.35, 12.63, 15.17, 18.08, 27.38, 30.41, 33.05, 35.67, 37.08, 39.74, 42.14, 43.34]
time: [6.06, 7.52, 10.37, 16.89, 20.91, 23.78, 32.9, 35.62, 38.31, 40.84, 45.88, 1000, 1000, 1000]
current_hyper_parameter
v: [31.23, 33.17, 17.32, 21.96, 19.12, 29.76, 29.31, 23.69, 23.6, 12.0, 12.0, 31.42, 25.04, 27.88]
a: [63.92, 127.08, 55.87, 151.78, 50.0, 117.15, 116.19, 84.17, 50.0, 60.05, 95.77, 50.0, 50.0, 156.74]
d: [3.5, 3.5, 4.47, 3.5, 3.5, 3.5, 3.5, 3.5, 3.5, 3.5, 3.5, 3.5, 3.5, 2.0]
BEST_hyper_parameter
v: [31.23, 33.17, 17.32, 21.96, 19.12, 29.76, 29.31, 23.69, 23.6, 12.0, 12.0, 31.42, 25.04, 27.88]
a: [63.92, 127.08, 55.87, 151.78, 50.0, 117.15, 116.19, 84.17, 50.0, 60.05, 95.77, 50.0, 50.0, 156.74]
d: [3.5, 3.5, 4.47, 3.5, 3.5, 3.5, 3.5, 3.5, 3.5, 3.5, 3.5, 3.5, 3.5, 2.0]
LOSE: random_idx_1 = 1, random_idx_2 = 6
LOSE: random_idx_1 = 1, random_idx_2 = 0

iteration: 4
best: [6.12, 7.54, 10.35, 12.63, 15.17, 18.08, 27.38, 30.41, 33.05, 35.67, 37.08, 39.74, 42.14, 43.34]
time: [5.79, 7.15, 9.95, 15.91, 23.55, 26.41, 35.39, 38.93, 40.58, 42.93, 44.3, 1000, 1000, 1000]
current_hyper_parameter
v: [31.23, 33.17, 17.32, 21.96, 19.12, 29.76, 29.31, 23.69, 23.6, 12.0, 12.0, 31.42, 25.04, 27.88]
a: [135.39, 127.08, 55.87, 151.78, 50.0, 117.15, 106.38, 84.17, 50.0, 60.05, 95.77, 50.0, 50.0, 156.74]
d: [3.5, 3.5, 4.47, 3.5, 3.5, 3.5, 3.5, 3.5, 3.5, 3.5, 3.5, 3.5, 3.5, 2.0]
BEST_hyper_parameter
v: [31.23, 33.17, 17.32, 21.96, 19.12, 29.76, 29.31, 23.69, 23.6, 12.0, 12.0, 31.42, 25.04, 27.88]
a: [63.92, 127.08, 55.87, 151.78, 50.0, 117.15, 116.19, 84.17, 50.0, 60.05, 95.77, 50.0, 50.0, 156.74]
d: [3.5, 3.5, 4.47, 3.5, 3.5, 3.5, 3.5, 3.5, 3.5, 3.5, 3.5, 3.5, 3.5, 2.0]
LOSE: random_idx_1 = 0, random_idx_2 = 7
LOSE: random_idx_1 = 0, random_idx_2 = 10

iteration: 5
best: [6.12, 7.54, 10.35, 12.63, 15.17, 18.08, 27.38, 30.41, 33.05, 35.67, 37.08, 39.74, 42.14, 43.34]
time: [6.11, 7.54, 10.36, 16.25, 20.26, 23.26, 32.29, 35.79, 37.42, 39.99, 41.29, 1000, 1000, 1000]
current_hyper_parameter
v: [31.23, 33.17, 17.32, 21.96, 19.12, 29.76, 29.31, 30.63, 23.6, 12.0, 21.0, 31.42, 25.04, 27.88]
a: [63.92, 127.08, 55.87, 151.78, 50.0, 117.15, 116.19, 84.17, 50.0, 60.05, 95.77, 50.0, 50.0, 156.74]
d: [3.5, 3.5, 4.47, 3.5, 3.5, 3.5, 3.5, 3.5, 3.5, 3.5, 3.5, 3.5, 3.5, 2.0]
BEST_hyper_parameter
v: [31.23, 33.17, 17.32, 21.96, 19.12, 29.76, 29.31, 23.69, 23.6, 12.0, 12.0, 31.42, 25.04, 27.88]
a: [63.92, 127.08, 55.87, 151.78, 50.0, 117.15, 116.19, 84.17, 50.0, 60.05, 95.77, 50.0, 50.0, 156.74]
d: [3.5, 3.5, 4.47, 3.5, 3.5, 3.5, 3.5, 3.5, 3.5, 3.5, 3.5, 3.5, 3.5, 2.0]
LOSE: random_idx_1 = 0, random_idx_2 = 0
LOSE: random_idx_1 = 0, random_idx_2 = 13

iteration: 6
best: [6.12, 7.54, 10.35, 12.63, 15.17, 18.08, 27.38, 30.41, 33.05, 35.67, 37.08, 39.74, 42.14, 43.34]
time: [6.12, 7.53, 10.36, 16.35, 20.44, 23.39, 32.18, 35.12, 37.88, 40.77, 42.28, 1000, 1000, 1000]
current_hyper_parameter
v: [27.9, 33.17, 17.32, 21.96, 19.12, 29.76, 29.31, 23.69, 23.6, 12.0, 12.0, 31.42, 25.04, 10.6]
a: [63.92, 127.08, 55.87, 151.78, 50.0, 117.15, 116.19, 84.17, 50.0, 60.05, 95.77, 50.0, 50.0, 156.74]
d: [3.5, 3.5, 4.47, 3.5, 3.5, 3.5, 3.5, 3.5, 3.5, 3.5, 3.5, 3.5, 3.5, 2.0]
BEST_hyper_parameter
v: [31.23, 33.17, 17.32, 21.96, 19.12, 29.76, 29.31, 23.69, 23.6, 12.0, 12.0, 31.42, 25.04, 27.88]
a: [63.92, 127.08, 55.87, 151.78, 50.0, 117.15, 116.19, 84.17, 50.0, 60.05, 95.77, 50.0, 50.0, 156.74]
d: [3.5, 3.5, 4.47, 3.5, 3.5, 3.5, 3.5, 3.5, 3.5, 3.5, 3.5, 3.5, 3.5, 2.0]
LOSE: random_idx_1 = 1, random_idx_2 = 9
LOSE: random_idx_1 = 2, random_idx_2 = 8

iteration: 7
best: [6.12, 7.54, 10.35, 12.63, 15.17, 18.08, 27.38, 30.41, 33.05, 35.67, 37.08, 39.74, 42.14, 43.34]
time: [6.11, 7.53, 10.35, 19.89, 23.91, 26.87, 35.65, 38.64, 44.49, 1000, 1000, 1000, 1000, 1000]
current_hyper_parameter
v: [31.23, 33.17, 17.32, 21.96, 19.12, 29.76, 29.31, 23.69, 23.6, 12.0, 12.0, 31.42, 25.04, 27.88]
a: [63.92, 127.08, 55.87, 151.78, 50.0, 117.15, 116.19, 84.17, 50.0, 69.83, 95.77, 50.0, 50.0, 156.74]
d: [3.5, 3.5, 4.47, 3.5, 3.5, 3.5, 3.5, 3.5, 3.5, 3.5, 3.5, 3.5, 3.5, 2.0]
BEST_hyper_parameter
v: [31.23, 33.17, 17.32, 21.96, 19.12, 29.76, 29.31, 23.69, 23.6, 12.0, 12.0, 31.42, 25.04, 27.88]
a: [63.92, 127.08, 55.87, 151.78, 50.0, 117.15, 116.19, 84.17, 50.0, 60.05, 95.77, 50.0, 50.0, 156.74]
d: [3.5, 3.5, 4.47, 3.5, 3.5, 3.5, 3.5, 3.5, 3.5, 3.5, 3.5, 3.5, 3.5, 2.0]
LOSE: random_idx_1 = 1, random_idx_2 = 11
LOSE: random_idx_1 = 0, random_idx_2 = 12

iteration: 8
best: [6.12, 7.54, 10.35, 12.63, 15.17, 18.08, 27.38, 30.41, 33.05, 35.67, 37.08, 39.74, 42.14, 43.34]
time: [6.11, 7.53, 10.34, 16.21, 23.38, 1000, 1000, 1000, 1000, 1000, 1000, 1000, 1000, 1000]
current_hyper_parameter
v: [31.23, 33.17, 17.32, 21.96, 19.12, 29.76, 29.31, 23.69, 23.6, 12.0, 12.0, 31.42, 32.51, 27.88]
a: [63.92, 127.08, 55.87, 151.78, 50.0, 117.15, 116.19, 84.17, 50.0, 60.05, 95.77, 81.47, 50.0, 156.74]
d: [3.5, 3.5, 4.47, 3.5, 3.5, 3.5, 3.5, 3.5, 3.5, 3.5, 3.5, 3.5, 3.5, 2.0]
BEST_hyper_parameter
v: [31.23, 33.17, 17.32, 21.96, 19.12, 29.76, 29.31, 23.69, 23.6, 12.0, 12.0, 31.42, 25.04, 27.88]
a: [63.92, 127.08, 55.87, 151.78, 50.0, 117.15, 116.19, 84.17, 50.0, 60.05, 95.77, 50.0, 50.0, 156.74]
d: [3.5, 3.5, 4.47, 3.5, 3.5, 3.5, 3.5, 3.5, 3.5, 3.5, 3.5, 3.5, 3.5, 2.0]
LOSE: random_idx_1 = 2, random_idx_2 = 11
LOSE: random_idx_1 = 2, random_idx_2 = 3

iteration: 9
best: [6.12, 7.54, 10.35, 12.63, 15.17, 18.08, 27.38, 30.41, 33.05, 35.67, 37.08, 39.74, 42.14, 43.34]
time: [6.03, 7.5, 10.35, 12.66, 18.33, 21.21, 30.21, 32.97, 35.61, 38.18, 42.95, 1000, 1000, 1000]
current_hyper_parameter
v: [31.23, 33.17, 17.32, 21.96, 19.12, 29.76, 29.31, 23.69, 23.6, 12.0, 12.0, 31.42, 25.04, 27.88]
a: [63.92, 127.08, 55.87, 151.78, 50.0, 117.15, 116.19, 84.17, 50.0, 60.05, 95.77, 50.0, 50.0, 156.74]
d: [3.5, 3.5, 4.47, 3.5, 3.5, 3.5, 3.5, 3.5, 3.5, 3.5, 3.5, 3.5, 3.5, 2.0]
BEST_hyper_parameter
v: [31.23, 33.17, 17.32, 21.96, 19.12, 29.76, 29.31, 23.69, 23.6, 12.0, 12.0, 31.42, 25.04, 27.88]
a: [63.92, 127.08, 55.87, 151.78, 50.0, 117.15, 116.19, 84.17, 50.0, 60.05, 95.77, 50.0, 50.0, 156.74]
d: [3.5, 3.5, 4.47, 3.5, 3.5, 3.5, 3.5, 3.5, 3.5, 3.5, 3.5, 3.5, 3.5, 2.0]
LOSE: random_idx_1 = 1, random_idx_2 = 10
LOSE: random_idx_1 = 2, random_idx_2 = 0

iteration: 10
best: [6.12, 7.54, 10.35, 12.63, 15.17, 18.08, 27.38, 30.41, 33.05, 35.67, 37.08, 39.74, 42.14, 43.34]
time: [6.13, 7.52, 10.35, 15.84, 19.94, 22.74, 31.66, 34.45, 37.09, 39.66, 44.33, 1000, 1000, 1000]
current_hyper_parameter
v: [31.23, 33.17, 17.32, 21.96, 19.12, 29.76, 29.31, 23.69, 23.6, 12.0, 12.0, 31.42, 25.04, 27.88]
a: [63.92, 127.08, 55.87, 151.78, 50.0, 117.15, 116.19, 84.17, 50.0, 60.05, 140.26, 50.0, 50.0, 156.74]
d: [3.5, 3.5, 4.47, 3.5, 3.5, 3.5, 3.5, 3.5, 3.5, 3.5, 3.5, 3.5, 3.5, 2.0]
BEST_hyper_parameter
v: [31.23, 33.17, 17.32, 21.96, 19.12, 29.76, 29.31, 23.69, 23.6, 12.0, 12.0, 31.42, 25.04, 27.88]
a: [63.92, 127.08, 55.87, 151.78, 50.0, 117.15, 116.19, 84.17, 50.0, 60.05, 95.77, 50.0, 50.0, 156.74]
d: [3.5, 3.5, 4.47, 3.5, 3.5, 3.5, 3.5, 3.5, 3.5, 3.5, 3.5, 3.5, 3.5, 2.0]
LOSE: random_idx_1 = 2, random_idx_2 = 6
LOSE: random_idx_1 = 2, random_idx_2 = 13

iteration: 11
best: [6.12, 7.54, 10.35, 12.63, 15.17, 18.08, 27.38, 30.41, 33.05, 35.67, 37.08, 39.74, 42.14, 43.34]
time: [6.02, 7.47, 10.35, 16.88, 20.85, 23.76, 32.9, 36.2, 41.56, 1000, 1000, 1000, 1000, 1000]
current_hyper_parameter
v: [31.23, 33.17, 17.32, 21.96, 19.12, 29.76, 29.31, 23.69, 23.6, 12.0, 12.0, 31.42, 25.04, 27.88]
a: [63.92, 127.08, 55.87, 151.78, 50.0, 117.15, 116.19, 84.17, 50.0, 60.05, 95.77, 50.0, 50.0, 156.74]
d: [3.5, 3.5, 4.47, 3.5, 3.5, 3.5, 3.5, 3.5, 3.5, 3.5, 3.5, 3.5, 3.5, 2.0]
BEST_hyper_parameter
v: [31.23, 33.17, 17.32, 21.96, 19.12, 29.76, 29.31, 23.69, 23.6, 12.0, 12.0, 31.42, 25.04, 27.88]
a: [63.92, 127.08, 55.87, 151.78, 50.0, 117.15, 116.19, 84.17, 50.0, 60.05, 95.77, 50.0, 50.0, 156.74]
d: [3.5, 3.5, 4.47, 3.5, 3.5, 3.5, 3.5, 3.5, 3.5, 3.5, 3.5, 3.5, 3.5, 2.0]
LOSE: random_idx_1 = 1, random_idx_2 = 2
LOSE: random_idx_1 = 1, random_idx_2 = 12

iteration: 12
best: [6.12, 7.54, 10.35, 12.63, 15.17, 18.08, 27.38, 30.41, 33.05, 35.67, 37.08, 39.74, 42.14, 43.34]
time: [6.03, 7.47, 10.05, 1000, 1000, 1000, 1000, 1000, 1000, 1000, 1000, 1000, 1000, 1000]
current_hyper_parameter
v: [31.23, 33.17, 17.32, 21.96, 19.12, 29.76, 29.31, 23.69, 23.6, 12.0, 12.0, 31.42, 25.04, 27.88]
a: [63.92, 127.08, 142.06, 151.78, 50.0, 117.15, 116.19, 84.17, 50.0, 60.05, 95.77, 50.0, 72.72, 156.74]
d: [3.5, 3.5, 4.47, 3.5, 3.5, 3.5, 3.5, 3.5, 3.5, 3.5, 3.5, 3.5, 3.5, 2.0]
BEST_hyper_parameter
v: [31.23, 33.17, 17.32, 21.96, 19.12, 29.76, 29.31, 23.69, 23.6, 12.0, 12.0, 31.42, 25.04, 27.88]
a: [63.92, 127.08, 55.87, 151.78, 50.0, 117.15, 116.19, 84.17, 50.0, 60.05, 95.77, 50.0, 50.0, 156.74]
d: [3.5, 3.5, 4.47, 3.5, 3.5, 3.5, 3.5, 3.5, 3.5, 3.5, 3.5, 3.5, 3.5, 2.0]
LOSE: random_idx_1 = 2, random_idx_2 = 10
LOSE: random_idx_1 = 1, random_idx_2 = 7

iteration: 13
best: [6.12, 7.54, 10.35, 12.63, 15.17, 18.08, 27.38, 30.41, 33.05, 35.67, 37.08, 39.74, 42.14, 43.34]
time: [6.1, 7.53, 10.36, 12.64, 15.29, 18.16, 27.12, 29.8, 31.96, 34.56, 43.32, 1000, 1000, 1000]
current_hyper_parameter
v: [31.23, 33.17, 17.32, 21.96, 19.12, 29.76, 29.31, 23.69, 23.6, 12.0, 12.0, 31.42, 25.04, 27.88]
a: [63.92, 127.08, 55.87, 151.78, 50.0, 117.15, 116.19, 113.78, 50.0, 60.05, 95.77, 50.0, 50.0, 156.74]
d: [3.5, 3.5, 4.47, 3.5, 3.5, 3.5, 3.5, 3.5, 3.5, 3.5, 3.5, 3.5, 3.5, 2.0]
BEST_hyper_parameter
v: [31.23, 33.17, 17.32, 21.96, 19.12, 29.76, 29.31, 23.69, 23.6, 12.0, 12.0, 31.42, 25.04, 27.88]
a: [63.92, 127.08, 55.87, 151.78, 50.0, 117.15, 116.19, 84.17, 50.0, 60.05, 95.77, 50.0, 50.0, 156.74]
d: [3.5, 3.5, 4.47, 3.5, 3.5, 3.5, 3.5, 3.5, 3.5, 3.5, 3.5, 3.5, 3.5, 2.0]
LOSE: random_idx_1 = 1, random_idx_2 = 10
LOSE: random_idx_1 = 0, random_idx_2 = 13

iteration: 14
best: [6.1, 7.53, 10.36, 12.64, 15.29, 18.16, 27.12, 29.8, 31.96, 34.56, 37.08, 39.74, 42.14, 43.34]
time: [6.11, 7.52, 10.35, 17.04, 20.93, 23.87, 32.75, 35.45, 1000, 1000, 1000, 1000, 1000, 1000]
current_hyper_parameter
v: [31.23, 33.17, 17.32, 21.96, 19.12, 29.76, 29.31, 23.69, 23.6, 12.0, 12.0, 31.42, 25.04, 27.25]
a: [63.92, 127.08, 55.87, 151.78, 50.0, 117.15, 116.19, 113.78, 50.0, 60.05, 62.6, 50.0, 50.0, 156.74]
d: [3.5, 3.5, 4.47, 3.5, 3.5, 3.5, 3.5, 3.5, 3.5, 3.5, 3.5, 3.5, 3.5, 2.0]
BEST_hyper_parameter
v: [31.23, 33.17, 17.32, 21.96, 19.12, 29.76, 29.31, 23.69, 23.6, 12.0, 12.0, 31.42, 25.04, 27.88]
a: [63.92, 127.08, 55.87, 151.78, 50.0, 117.15, 116.19, 113.78, 50.0, 60.05, 95.77, 50.0, 50.0, 156.74]
d: [3.5, 3.5, 4.47, 3.5, 3.5, 3.5, 3.5, 3.5, 3.5, 3.5, 3.5, 3.5, 3.5, 2.0]
LOSE: random_idx_1 = 2, random_idx_2 = 13
LOSE: random_idx_1 = 2, random_idx_2 = 7

iteration: 15
best: [6.1, 7.53, 10.36, 12.64, 15.29, 18.16, 27.12, 29.8, 31.96, 34.56, 37.08, 39.74, 42.14, 43.34]
time: [6.11, 7.53, 10.33, 16.04, 20.33, 23.16, 32.4, 35.42, 1000, 1000, 1000, 1000, 1000, 1000]
current_hyper_parameter
v: [31.23, 33.17, 17.32, 21.96, 19.12, 29.76, 29.31, 23.69, 23.6, 12.0, 12.0, 31.42, 25.04, 27.88]
a: [63.92, 127.08, 55.87, 151.78, 50.0, 117.15, 116.19, 113.78, 50.0, 60.05, 95.77, 50.0, 50.0, 156.74]
d: [3.5, 3.5, 4.47, 3.5, 3.5, 3.5, 3.5, 3.5, 3.5, 3.5, 3.5, 3.5, 3.5, 2.0]
BEST_hyper_parameter
v: [31.23, 33.17, 17.32, 21.96, 19.12, 29.76, 29.31, 23.69, 23.6, 12.0, 12.0, 31.42, 25.04, 27.88]
a: [63.92, 127.08, 55.87, 151.78, 50.0, 117.15, 116.19, 113.78, 50.0, 60.05, 95.77, 50.0, 50.0, 156.74]
d: [3.5, 3.5, 4.47, 3.5, 3.5, 3.5, 3.5, 3.5, 3.5, 3.5, 3.5, 3.5, 3.5, 2.0]
LOSE: random_idx_1 = 0, random_idx_2 = 0
LOSE: random_idx_1 = 1, random_idx_2 = 11

iteration: 16
best: [6.1, 7.53, 10.36, 12.64, 15.29, 18.16, 27.12, 29.8, 31.96, 34.56, 37.08, 39.74, 42.14, 43.34]
time: [6.25, 7.67, 10.77, 13.16, 15.72, 18.6, 27.93, 30.86, 33.32, 36.33, 37.95, 1000, 1000, 1000]
current_hyper_parameter
v: [15.23, 33.17, 17.32, 21.96, 19.12, 29.76, 29.31, 23.69, 23.6, 12.0, 12.0, 31.42, 25.04, 27.88]
a: [63.92, 127.08, 55.87, 151.78, 50.0, 117.15, 116.19, 113.78, 50.0, 60.05, 95.77, 150.53, 50.0, 156.74]
d: [3.5, 3.5, 4.47, 3.5, 3.5, 3.5, 3.5, 3.5, 3.5, 3.5, 3.5, 3.5, 3.5, 2.0]
BEST_hyper_parameter
v: [31.23, 33.17, 17.32, 21.96, 19.12, 29.76, 29.31, 23.69, 23.6, 12.0, 12.0, 31.42, 25.04, 27.88]
a: [63.92, 127.08, 55.87, 151.78, 50.0, 117.15, 116.19, 113.78, 50.0, 60.05, 95.77, 50.0, 50.0, 156.74]
d: [3.5, 3.5, 4.47, 3.5, 3.5, 3.5, 3.5, 3.5, 3.5, 3.5, 3.5, 3.5, 3.5, 2.0]
LOSE: random_idx_1 = 0, random_idx_2 = 6
LOSE: random_idx_1 = 2, random_idx_2 = 5

iteration: 17
best: [6.1, 7.53, 10.36, 12.64, 15.29, 18.16, 27.12, 29.8, 31.96, 34.56, 37.08, 39.74, 42.14, 43.34]
time: [6.11, 7.53, 10.38, 16.38, 23.69, 26.19, 41.24, 51.72, 1000, 1000, 1000, 1000, 1000, 1000]
current_hyper_parameter
v: [31.23, 33.17, 17.32, 21.96, 19.12, 29.76, 13.64, 23.69, 23.6, 12.0, 12.0, 31.42, 25.04, 27.88]
a: [63.92, 127.08, 55.87, 151.78, 50.0, 117.15, 116.19, 113.78, 50.0, 60.05, 95.77, 50.0, 50.0, 156.74]
d: [3.5, 3.5, 4.47, 3.5, 3.5, 3.5, 3.5, 3.5, 3.5, 3.5, 3.5, 3.5, 3.5, 2.0]
BEST_hyper_parameter
v: [31.23, 33.17, 17.32, 21.96, 19.12, 29.76, 29.31, 23.69, 23.6, 12.0, 12.0, 31.42, 25.04, 27.88]
a: [63.92, 127.08, 55.87, 151.78, 50.0, 117.15, 116.19, 113.78, 50.0, 60.05, 95.77, 50.0, 50.0, 156.74]
d: [3.5, 3.5, 4.47, 3.5, 3.5, 3.5, 3.5, 3.5, 3.5, 3.5, 3.5, 3.5, 3.5, 2.0]
LOSE: random_idx_1 = 0, random_idx_2 = 12
LOSE: random_idx_1 = 1, random_idx_2 = 12

iteration: 18
best: [6.1, 7.53, 10.36, 12.64, 15.29, 18.16, 27.12, 29.8, 31.96, 34.56, 37.08, 39.74, 42.14, 43.34]
time: [6.1, 7.53, 10.35, 15.91, 20.16, 23.21, 32.13, 34.99, 36.63, 38.99, 40.59, 43.39, 45.2, 1000]
current_hyper_parameter
v: [31.23, 33.17, 17.32, 21.96, 19.12, 29.76, 29.31, 23.69, 23.6, 12.0, 12.0, 31.42, 34.01, 27.88]
a: [63.92, 127.08, 55.87, 151.78, 50.0, 117.15, 116.19, 113.78, 50.0, 60.05, 95.77, 50.0, 127.3, 156.74]
d: [3.5, 3.5, 4.47, 3.5, 3.5, 3.5, 3.5, 3.5, 3.5, 3.5, 3.5, 3.5, 3.5, 2.0]
BEST_hyper_parameter
v: [31.23, 33.17, 17.32, 21.96, 19.12, 29.76, 29.31, 23.69, 23.6, 12.0, 12.0, 31.42, 25.04, 27.88]
a: [63.92, 127.08, 55.87, 151.78, 50.0, 117.15, 116.19, 113.78, 50.0, 60.05, 95.77, 50.0, 50.0, 156.74]
d: [3.5, 3.5, 4.47, 3.5, 3.5, 3.5, 3.5, 3.5, 3.5, 3.5, 3.5, 3.5, 3.5, 2.0]
LOSE: random_idx_1 = 0, random_idx_2 = 5
LOSE: random_idx_1 = 2, random_idx_2 = 4

iteration: 19
best: [6.1, 7.53, 10.36, 12.64, 15.29, 18.16, 27.12, 29.8, 31.96, 34.56, 37.08, 39.74, 42.14, 43.34]
time: [6.12, 7.55, 10.41, 16.52, 20.59, 23.41, 32.26, 34.93, 1000, 1000, 1000, 1000, 1000, 1000]
current_hyper_parameter
v: [31.23, 33.17, 17.32, 21.96, 19.12, 30.38, 29.31, 23.69, 23.6, 12.0, 12.0, 31.42, 25.04, 27.88]
a: [63.92, 127.08, 55.87, 151.78, 50.0, 117.15, 116.19, 113.78, 50.0, 60.05, 95.77, 50.0, 50.0, 156.74]
d: [3.5, 3.5, 4.47, 3.5, 3.5, 3.5, 3.5, 3.5, 3.5, 3.5, 3.5, 3.5, 3.5, 2.0]
BEST_hyper_parameter
v: [31.23, 33.17, 17.32, 21.96, 19.12, 29.76, 29.31, 23.69, 23.6, 12.0, 12.0, 31.42, 25.04, 27.88]
a: [63.92, 127.08, 55.87, 151.78, 50.0, 117.15, 116.19, 113.78, 50.0, 60.05, 95.77, 50.0, 50.0, 156.74]
d: [3.5, 3.5, 4.47, 3.5, 3.5, 3.5, 3.5, 3.5, 3.5, 3.5, 3.5, 3.5, 3.5, 2.0]
LOSE: random_idx_1 = 1, random_idx_2 = 10
LOSE: random_idx_1 = 1, random_idx_2 = 7

iteration: 20
best: [6.1, 7.53, 10.36, 12.64, 15.29, 18.16, 27.12, 29.8, 31.96, 34.56, 37.08, 39.74, 42.14, 43.34]
time: [6.12, 7.54, 10.36, 16.08, 20.34, 23.26, 32.27, 36.29, 38.31, 41.06, 42.89, 1000, 1000, 1000]
current_hyper_parameter
v: [31.23, 33.17, 17.32, 21.96, 19.12, 29.76, 29.31, 23.69, 23.6, 12.0, 12.0, 31.42, 25.04, 27.88]
a: [63.92, 127.08, 55.87, 151.78, 50.0, 117.15, 116.19, 56.05, 50.0, 60.05, 119.6, 50.0, 50.0, 156.74]
d: [3.5, 3.5, 4.47, 3.5, 3.5, 3.5, 3.5, 3.5, 3.5, 3.5, 3.5, 3.5, 3.5, 2.0]
BEST_hyper_parameter
v: [31.23, 33.17, 17.32, 21.96, 19.12, 29.76, 29.31, 23.69, 23.6, 12.0, 12.0, 31.42, 25.04, 27.88]
a: [63.92, 127.08, 55.87, 151.78, 50.0, 117.15, 116.19, 113.78, 50.0, 60.05, 95.77, 50.0, 50.0, 156.74]
d: [3.5, 3.5, 4.47, 3.5, 3.5, 3.5, 3.5, 3.5, 3.5, 3.5, 3.5, 3.5, 3.5, 2.0]
LOSE: random_idx_1 = 0, random_idx_2 = 12
LOSE: random_idx_1 = 2, random_idx_2 = 0
