
iteration: 1
best: [5.73, 7.07, 9.35, 11.76, 14.64, 19.12, 37.79, 42.15, 44.0, 46.53, 48.55, 50.64, 52.72, 53.85]
time: [5.69, 6.98, 9.62, 12.38, 1000, 1000, 1000, 1000, 1000, 1000, 1000, 1000, 1000, 1000]
current_hyper_parameter
v: [32.71, 32.66, 25.52, 34.96, 12.0, 17.86, 12.0, 23.46, 12.0, 10.43, 12.0, 16.19, 12.0, 14.69]
a: [121.38, 143.11, 125.23, 82.08, 135.18, 50.0, 122.32, 50.0, 148.05, 50.0, 50.0, 94.77, 150.11, 129.34]
d: [3.5, 3.5, 3.5, 3.5, 3.5, 3.5, 3.5, 3.5, 3.5, 3.5, 3.5, 3.5, 3.5, 2.0]
BEST_hyper_parameter
v: [32.71, 32.66, 25.52, 34.96, 12.0, 17.86, 12.0, 23.46, 12.0, 10.43, 12.0, 16.19, 12.0, 14.69]
a: [121.38, 143.11, 125.23, 82.08, 135.18, 50.0, 122.32, 50.0, 148.05, 50.0, 50.0, 94.77, 150.11, 129.34]
d: [3.5, 3.5, 3.5, 3.5, 3.5, 3.5, 3.5, 3.5, 3.5, 3.5, 3.5, 3.5, 3.5, 2.0]
LOSE: random_idx_1 = 2, random_idx_2 = 2
LOSE: random_idx_1 = 1, random_idx_2 = 8

iteration: 2
best: [5.73, 7.07, 9.35, 11.76, 14.64, 19.12, 37.79, 42.15, 44.0, 46.53, 48.55, 50.64, 52.72, 53.85]
time: [5.73, 6.98, 9.36, 11.74, 18.31, 1000, 1000, 1000, 1000, 1000, 1000, 1000, 1000, 1000]
current_hyper_parameter
v: [32.71, 32.66, 25.52, 34.96, 12.0, 17.86, 12.0, 23.46, 12.0, 10.43, 12.0, 16.19, 12.0, 14.69]
a: [121.38, 143.11, 125.23, 82.08, 135.18, 50.0, 122.32, 50.0, 114.38, 50.0, 50.0, 94.77, 150.11, 129.34]
d: [3.5, 3.5, 6.39, 3.5, 3.5, 3.5, 3.5, 3.5, 3.5, 3.5, 3.5, 3.5, 3.5, 2.0]
BEST_hyper_parameter
v: [32.71, 32.66, 25.52, 34.96, 12.0, 17.86, 12.0, 23.46, 12.0, 10.43, 12.0, 16.19, 12.0, 14.69]
a: [121.38, 143.11, 125.23, 82.08, 135.18, 50.0, 122.32, 50.0, 148.05, 50.0, 50.0, 94.77, 150.11, 129.34]
d: [3.5, 3.5, 3.5, 3.5, 3.5, 3.5, 3.5, 3.5, 3.5, 3.5, 3.5, 3.5, 3.5, 2.0]
LOSE: random_idx_1 = 1, random_idx_2 = 9
LOSE: random_idx_1 = 2, random_idx_2 = 11

iteration: 3
best: [5.73, 7.07, 9.35, 11.76, 14.64, 19.12, 37.79, 42.15, 44.0, 46.53, 48.55, 50.64, 52.72, 53.85]
time: [5.68, 7.07, 9.38, 12.06, 23.41, 29.18, 48.54, 52.23, 54.06, 1000, 1000, 1000, 1000, 1000]
current_hyper_parameter
v: [32.71, 32.66, 25.52, 34.96, 12.0, 17.86, 12.0, 23.46, 12.0, 10.43, 12.0, 16.19, 12.0, 14.69]
a: [121.38, 143.11, 125.23, 82.08, 135.18, 50.0, 122.32, 50.0, 148.05, 73.29, 50.0, 94.77, 150.11, 129.34]
d: [3.5, 3.5, 3.5, 3.5, 3.5, 3.5, 3.5, 3.5, 3.5, 3.5, 3.5, 3.5, 3.5, 2.0]
BEST_hyper_parameter
v: [32.71, 32.66, 25.52, 34.96, 12.0, 17.86, 12.0, 23.46, 12.0, 10.43, 12.0, 16.19, 12.0, 14.69]
a: [121.38, 143.11, 125.23, 82.08, 135.18, 50.0, 122.32, 50.0, 148.05, 50.0, 50.0, 94.77, 150.11, 129.34]
d: [3.5, 3.5, 3.5, 3.5, 3.5, 3.5, 3.5, 3.5, 3.5, 3.5, 3.5, 3.5, 3.5, 2.0]
LOSE: random_idx_1 = 2, random_idx_2 = 10
LOSE: random_idx_1 = 0, random_idx_2 = 8

iteration: 4
best: [5.73, 7.07, 9.35, 11.76, 14.64, 19.12, 37.79, 42.15, 44.0, 46.53, 48.55, 50.64, 52.72, 53.85]
time: [5.72, 7.09, 9.41, 12.06, 22.8, 35.0, 54.2, 1000, 1000, 1000, 1000, 1000, 1000, 1000]
current_hyper_parameter
v: [32.71, 32.66, 25.52, 34.96, 12.0, 17.86, 12.0, 23.46, 15.58, 10.43, 12.0, 16.19, 12.0, 14.69]
a: [121.38, 143.11, 125.23, 82.08, 135.18, 50.0, 122.32, 50.0, 148.05, 50.0, 50.0, 94.77, 150.11, 129.34]
d: [3.5, 3.5, 3.5, 3.5, 3.5, 3.5, 3.5, 3.5, 3.5, 3.5, 3.5, 3.5, 3.5, 2.0]
BEST_hyper_parameter
v: [32.71, 32.66, 25.52, 34.96, 12.0, 17.86, 12.0, 23.46, 12.0, 10.43, 12.0, 16.19, 12.0, 14.69]
a: [121.38, 143.11, 125.23, 82.08, 135.18, 50.0, 122.32, 50.0, 148.05, 50.0, 50.0, 94.77, 150.11, 129.34]
d: [3.5, 3.5, 3.5, 3.5, 3.5, 3.5, 3.5, 3.5, 3.5, 3.5, 3.5, 3.5, 3.5, 2.0]
LOSE: random_idx_1 = 0, random_idx_2 = 2
LOSE: random_idx_1 = 2, random_idx_2 = 0

iteration: 5
best: [5.73, 7.07, 9.35, 11.76, 14.64, 19.12, 37.79, 42.15, 44.0, 46.53, 48.55, 50.64, 52.72, 53.85]
time: [5.75, 7.11, 9.88, 1000, 1000, 1000, 1000, 1000, 1000, 1000, 1000, 1000, 1000, 1000]
current_hyper_parameter
v: [32.71, 32.66, 12.56, 34.96, 12.0, 17.86, 12.0, 23.46, 12.0, 10.43, 12.0, 16.19, 12.0, 14.69]
a: [121.38, 143.11, 125.23, 82.08, 135.18, 50.0, 122.32, 50.0, 148.05, 50.0, 50.0, 94.77, 150.11, 129.34]
d: [3.5, 3.5, 3.5, 3.5, 3.5, 3.5, 3.5, 3.5, 3.5, 3.5, 3.5, 3.5, 3.5, 2.0]
BEST_hyper_parameter
v: [32.71, 32.66, 25.52, 34.96, 12.0, 17.86, 12.0, 23.46, 12.0, 10.43, 12.0, 16.19, 12.0, 14.69]
a: [121.38, 143.11, 125.23, 82.08, 135.18, 50.0, 122.32, 50.0, 148.05, 50.0, 50.0, 94.77, 150.11, 129.34]
d: [3.5, 3.5, 3.5, 3.5, 3.5, 3.5, 3.5, 3.5, 3.5, 3.5, 3.5, 3.5, 3.5, 2.0]
LOSE: random_idx_1 = 1, random_idx_2 = 7
LOSE: random_idx_1 = 0, random_idx_2 = 6

iteration: 6
best: [5.73, 7.07, 9.35, 11.76, 14.64, 19.12, 37.79, 42.15, 44.0, 46.53, 48.55, 50.64, 52.72, 53.85]
time: [5.7, 6.93, 9.28, 14.89, 23.11, 27.26, 37.78, 40.54, 41.91, 45.4, 47.09, 49.03, 51.53, 53.14]
current_hyper_parameter
v: [32.71, 32.66, 25.52, 34.96, 12.0, 17.86, 26.83, 23.46, 12.0, 10.43, 12.0, 16.19, 12.0, 14.69]
a: [121.38, 143.11, 125.23, 82.08, 135.18, 50.0, 122.32, 135.52, 148.05, 50.0, 50.0, 94.77, 150.11, 129.34]
d: [3.5, 3.5, 3.5, 3.5, 3.5, 3.5, 3.5, 3.5, 3.5, 3.5, 3.5, 3.5, 3.5, 2.0]
BEST_hyper_parameter
v: [32.71, 32.66, 25.52, 34.96, 12.0, 17.86, 12.0, 23.46, 12.0, 10.43, 12.0, 16.19, 12.0, 14.69]
a: [121.38, 143.11, 125.23, 82.08, 135.18, 50.0, 122.32, 50.0, 148.05, 50.0, 50.0, 94.77, 150.11, 129.34]
d: [3.5, 3.5, 3.5, 3.5, 3.5, 3.5, 3.5, 3.5, 3.5, 3.5, 3.5, 3.5, 3.5, 2.0]
WIN: random_idx_1 = 2, random_idx_2 = 11
WIN: random_idx_1 = 2, random_idx_2 = 8

iteration: 7
best: [5.7, 6.93, 9.28, 14.89, 23.11, 27.26, 37.78, 40.54, 41.91, 45.4, 47.09, 49.03, 51.53, 53.14]
time: [5.77, 7.02, 9.37, 15.18, 25.83, 30.16, 40.5, 43.6, 47.97, 53.95, 55.44, 1000, 1000, 1000]
current_hyper_parameter
v: [32.71, 32.66, 25.52, 34.96, 12.0, 17.86, 26.83, 23.46, 12.0, 10.43, 12.0, 16.19, 12.0, 14.69]
a: [121.38, 143.11, 125.23, 82.08, 135.18, 50.0, 122.32, 135.52, 148.05, 50.0, 50.0, 94.77, 150.11, 129.34]
d: [3.5, 3.5, 3.5, 3.5, 3.5, 3.5, 3.5, 3.5, 3.5, 3.5, 3.5, 3.5, 3.5, 2.0]
BEST_hyper_parameter
v: [32.71, 32.66, 25.52, 34.96, 12.0, 17.86, 26.83, 23.46, 12.0, 10.43, 12.0, 16.19, 12.0, 14.69]
a: [121.38, 143.11, 125.23, 82.08, 135.18, 50.0, 122.32, 135.52, 148.05, 50.0, 50.0, 94.77, 150.11, 129.34]
d: [3.5, 3.5, 3.5, 3.5, 3.5, 3.5, 3.5, 3.5, 3.5, 3.5, 3.5, 3.5, 3.5, 2.0]
LOSE: random_idx_1 = 0, random_idx_2 = 10
LOSE: random_idx_1 = 1, random_idx_2 = 6

iteration: 8
best: [5.7, 6.93, 9.28, 14.89, 23.11, 27.26, 37.78, 40.54, 41.91, 45.4, 47.09, 49.03, 51.53, 53.14]
time: [5.75, 7.1, 9.38, 11.8, 30.53, 47.16, 1000, 1000, 1000, 1000, 1000, 1000, 1000, 1000]
current_hyper_parameter
v: [32.71, 32.66, 25.52, 34.96, 12.0, 17.86, 26.83, 23.46, 12.0, 10.43, 19.63, 16.19, 12.0, 14.69]
a: [121.38, 143.11, 125.23, 82.08, 135.18, 50.0, 21.95, 135.52, 148.05, 50.0, 50.0, 94.77, 150.11, 129.34]
d: [3.5, 3.5, 3.5, 3.5, 3.5, 3.5, 3.5, 3.5, 3.5, 3.5, 3.5, 3.5, 3.5, 2.0]
BEST_hyper_parameter
v: [32.71, 32.66, 25.52, 34.96, 12.0, 17.86, 26.83, 23.46, 12.0, 10.43, 12.0, 16.19, 12.0, 14.69]
a: [121.38, 143.11, 125.23, 82.08, 135.18, 50.0, 122.32, 135.52, 148.05, 50.0, 50.0, 94.77, 150.11, 129.34]
d: [3.5, 3.5, 3.5, 3.5, 3.5, 3.5, 3.5, 3.5, 3.5, 3.5, 3.5, 3.5, 3.5, 2.0]
LOSE: random_idx_1 = 0, random_idx_2 = 4
LOSE: random_idx_1 = 0, random_idx_2 = 9

iteration: 9
best: [5.75, 7.1, 9.38, 11.8, 23.11, 27.26, 37.78, 40.54, 41.91, 45.4, 47.09, 49.03, 51.53, 53.14]
time: [5.73, 7.09, 9.37, 11.76, 14.06, 19.06, 29.76, 32.86, 35.26, 38.67, 40.44, 42.64, 44.73, 45.95]
current_hyper_parameter
v: [32.71, 32.66, 25.52, 34.96, 23.64, 17.86, 26.83, 23.46, 12.0, 9.16, 12.0, 16.19, 12.0, 14.69]
a: [121.38, 143.11, 125.23, 82.08, 135.18, 50.0, 122.32, 135.52, 148.05, 50.0, 50.0, 94.77, 150.11, 129.34]
d: [3.5, 3.5, 3.5, 3.5, 3.5, 3.5, 3.5, 3.5, 3.5, 3.5, 3.5, 3.5, 3.5, 2.0]
BEST_hyper_parameter
v: [32.71, 32.66, 25.52, 34.96, 12.0, 17.86, 26.83, 23.46, 12.0, 10.43, 12.0, 16.19, 12.0, 14.69]
a: [121.38, 143.11, 125.23, 82.08, 135.18, 50.0, 122.32, 135.52, 148.05, 50.0, 50.0, 94.77, 150.11, 129.34]
d: [3.5, 3.5, 3.5, 3.5, 3.5, 3.5, 3.5, 3.5, 3.5, 3.5, 3.5, 3.5, 3.5, 2.0]
WIN: random_idx_1 = 2, random_idx_2 = 2
WIN: random_idx_1 = 0, random_idx_2 = 0

iteration: 10
best: [5.73, 7.09, 9.37, 11.76, 14.06, 19.06, 29.76, 32.86, 35.26, 38.67, 40.44, 42.64, 44.73, 45.95]
time: [5.84, 7.26, 9.92, 12.28, 17.66, 22.54, 32.95, 36.02, 1000, 1000, 1000, 1000, 1000, 1000]
current_hyper_parameter
v: [19.29, 32.66, 25.52, 34.96, 23.64, 17.86, 26.83, 23.46, 12.0, 9.16, 12.0, 16.19, 12.0, 14.69]
a: [121.38, 143.11, 125.23, 82.08, 135.18, 50.0, 122.32, 135.52, 148.05, 50.0, 50.0, 94.77, 150.11, 129.34]
d: [3.5, 3.5, 6.47, 3.5, 3.5, 3.5, 3.5, 3.5, 3.5, 3.5, 3.5, 3.5, 3.5, 2.0]
BEST_hyper_parameter
v: [32.71, 32.66, 25.52, 34.96, 23.64, 17.86, 26.83, 23.46, 12.0, 9.16, 12.0, 16.19, 12.0, 14.69]
a: [121.38, 143.11, 125.23, 82.08, 135.18, 50.0, 122.32, 135.52, 148.05, 50.0, 50.0, 94.77, 150.11, 129.34]
d: [3.5, 3.5, 3.5, 3.5, 3.5, 3.5, 3.5, 3.5, 3.5, 3.5, 3.5, 3.5, 3.5, 2.0]
LOSE: random_idx_1 = 2, random_idx_2 = 5
LOSE: random_idx_1 = 0, random_idx_2 = 10

iteration: 11
best: [5.73, 7.09, 9.37, 11.76, 14.06, 19.06, 29.76, 32.86, 35.26, 38.67, 40.44, 42.64, 44.73, 45.95]
time: [5.7, 7.08, 9.37, 19.3, 25.45, 29.83, 40.25, 42.95, 44.3, 1000, 1000, 1000, 1000, 1000]
current_hyper_parameter
v: [32.71, 32.66, 25.52, 34.96, 23.64, 17.86, 26.83, 23.46, 12.0, 9.16, 21.07, 16.19, 12.0, 14.69]
a: [121.38, 143.11, 125.23, 82.08, 135.18, 50.0, 122.32, 135.52, 148.05, 50.0, 50.0, 94.77, 150.11, 129.34]
d: [3.5, 3.5, 3.5, 3.5, 3.5, 3.5, 3.5, 3.5, 3.5, 3.5, 3.5, 3.5, 3.5, 2.0]
BEST_hyper_parameter
v: [32.71, 32.66, 25.52, 34.96, 23.64, 17.86, 26.83, 23.46, 12.0, 9.16, 12.0, 16.19, 12.0, 14.69]
a: [121.38, 143.11, 125.23, 82.08, 135.18, 50.0, 122.32, 135.52, 148.05, 50.0, 50.0, 94.77, 150.11, 129.34]
d: [3.5, 3.5, 3.5, 3.5, 3.5, 3.5, 3.5, 3.5, 3.5, 3.5, 3.5, 3.5, 3.5, 2.0]
LOSE: random_idx_1 = 1, random_idx_2 = 8
LOSE: random_idx_1 = 2, random_idx_2 = 11

iteration: 12
best: [5.73, 7.09, 9.37, 11.76, 14.06, 19.06, 29.76, 32.86, 35.26, 38.67, 40.44, 42.64, 44.73, 45.95]
time: [5.72, 7.09, 9.41, 12.09, 17.63, 22.4, 32.67, 35.48, 36.84, 40.94, 45.83, 47.52, 1000, 1000]
current_hyper_parameter
v: [32.71, 32.66, 25.52, 34.96, 23.64, 17.86, 26.83, 23.46, 12.0, 9.16, 12.0, 16.19, 12.0, 14.69]
a: [121.38, 143.11, 125.23, 82.08, 135.18, 50.0, 122.32, 135.52, 147.95, 50.0, 50.0, 94.77, 150.11, 129.34]
d: [3.5, 3.5, 3.5, 3.5, 3.5, 3.5, 3.5, 3.5, 3.5, 3.5, 3.5, 3.5, 3.5, 2.0]
BEST_hyper_parameter
v: [32.71, 32.66, 25.52, 34.96, 23.64, 17.86, 26.83, 23.46, 12.0, 9.16, 12.0, 16.19, 12.0, 14.69]
a: [121.38, 143.11, 125.23, 82.08, 135.18, 50.0, 122.32, 135.52, 148.05, 50.0, 50.0, 94.77, 150.11, 129.34]
d: [3.5, 3.5, 3.5, 3.5, 3.5, 3.5, 3.5, 3.5, 3.5, 3.5, 3.5, 3.5, 3.5, 2.0]
LOSE: random_idx_1 = 0, random_idx_2 = 1
LOSE: random_idx_1 = 2, random_idx_2 = 12

iteration: 13
best: [5.73, 7.09, 9.37, 11.76, 14.06, 19.06, 29.76, 32.86, 35.26, 38.67, 40.44, 42.64, 44.73, 45.95]
time: [5.74, 7.41, 10.19, 12.62, 18.09, 22.98, 33.2, 35.99, 37.54, 40.07, 41.76, 44.31, 46.2, 47.4]
current_hyper_parameter
v: [32.71, 8.83, 25.52, 34.96, 23.64, 17.86, 26.83, 23.46, 12.0, 9.16, 12.0, 16.19, 12.0, 14.69]
a: [121.38, 143.11, 125.23, 82.08, 135.18, 50.0, 122.32, 135.52, 148.05, 50.0, 50.0, 94.77, 150.11, 129.34]
d: [3.5, 3.5, 3.5, 3.5, 3.5, 3.5, 3.5, 3.5, 3.5, 3.5, 3.5, 3.5, 3.5, 2.0]
BEST_hyper_parameter
v: [32.71, 32.66, 25.52, 34.96, 23.64, 17.86, 26.83, 23.46, 12.0, 9.16, 12.0, 16.19, 12.0, 14.69]
a: [121.38, 143.11, 125.23, 82.08, 135.18, 50.0, 122.32, 135.52, 148.05, 50.0, 50.0, 94.77, 150.11, 129.34]
d: [3.5, 3.5, 3.5, 3.5, 3.5, 3.5, 3.5, 3.5, 3.5, 3.5, 3.5, 3.5, 3.5, 2.0]
LOSE: random_idx_1 = 2, random_idx_2 = 6
LOSE: random_idx_1 = 2, random_idx_2 = 4

iteration: 14
best: [5.73, 7.09, 9.37, 11.76, 14.06, 19.06, 29.76, 32.86, 35.26, 38.67, 40.44, 42.64, 44.73, 45.95]
time: [5.76, 7.12, 9.42, 15.32, 21.6, 27.12, 37.64, 40.62, 1000, 1000, 1000, 1000, 1000, 1000]
current_hyper_parameter
v: [32.71, 32.66, 25.52, 34.96, 23.64, 17.86, 26.83, 23.46, 12.0, 9.16, 12.0, 16.19, 12.0, 14.69]
a: [121.38, 143.11, 125.23, 82.08, 135.18, 50.0, 122.32, 135.52, 148.05, 50.0, 50.0, 94.77, 150.11, 129.34]
d: [3.5, 3.5, 3.5, 3.5, 3.5, 3.5, 3.5, 3.5, 3.5, 3.5, 3.5, 3.5, 3.5, 2.0]
BEST_hyper_parameter
v: [32.71, 32.66, 25.52, 34.96, 23.64, 17.86, 26.83, 23.46, 12.0, 9.16, 12.0, 16.19, 12.0, 14.69]
a: [121.38, 143.11, 125.23, 82.08, 135.18, 50.0, 122.32, 135.52, 148.05, 50.0, 50.0, 94.77, 150.11, 129.34]
d: [3.5, 3.5, 3.5, 3.5, 3.5, 3.5, 3.5, 3.5, 3.5, 3.5, 3.5, 3.5, 3.5, 2.0]
LOSE: random_idx_1 = 2, random_idx_2 = 9
LOSE: random_idx_1 = 0, random_idx_2 = 9

iteration: 15
best: [5.73, 7.09, 9.37, 11.76, 14.06, 19.06, 29.76, 32.86, 35.26, 38.67, 40.44, 42.64, 44.73, 45.95]
time: [5.72, 7.1, 9.39, 12.07, 17.61, 22.4, 32.81, 35.54, 36.89, 39.2, 40.81, 43.28, 45.08, 46.52]
current_hyper_parameter
v: [32.71, 32.66, 25.52, 34.96, 23.64, 17.86, 26.83, 23.46, 12.0, 30.13, 12.0, 16.19, 12.0, 14.69]
a: [121.38, 143.11, 125.23, 82.08, 135.18, 50.0, 122.32, 135.52, 148.05, 50.0, 50.0, 94.77, 150.11, 129.34]
d: [3.5, 3.5, 3.5, 3.5, 3.5, 3.5, 3.5, 3.5, 3.5, 3.5, 3.5, 3.5, 3.5, 2.0]
BEST_hyper_parameter
v: [32.71, 32.66, 25.52, 34.96, 23.64, 17.86, 26.83, 23.46, 12.0, 9.16, 12.0, 16.19, 12.0, 14.69]
a: [121.38, 143.11, 125.23, 82.08, 135.18, 50.0, 122.32, 135.52, 148.05, 50.0, 50.0, 94.77, 150.11, 129.34]
d: [3.5, 3.5, 3.5, 3.5, 3.5, 3.5, 3.5, 3.5, 3.5, 3.5, 3.5, 3.5, 3.5, 2.0]
LOSE: random_idx_1 = 0, random_idx_2 = 1
LOSE: random_idx_1 = 0, random_idx_2 = 11

iteration: 16
best: [5.73, 7.09, 9.37, 11.76, 14.06, 19.06, 29.76, 32.86, 35.26, 38.67, 40.44, 42.64, 44.73, 45.95]
time: [5.75, 7.15, 9.46, 11.86, 17.16, 22.11, 32.68, 35.57, 37.03, 39.62, 41.2, 43.83, 45.93, 1000]
current_hyper_parameter
v: [32.71, 33.37, 25.52, 34.96, 23.64, 17.86, 26.83, 23.46, 12.0, 9.16, 12.0, 12.96, 12.0, 14.69]
a: [121.38, 143.11, 125.23, 82.08, 135.18, 50.0, 122.32, 135.52, 148.05, 50.0, 50.0, 94.77, 150.11, 129.34]
d: [3.5, 3.5, 3.5, 3.5, 3.5, 3.5, 3.5, 3.5, 3.5, 3.5, 3.5, 3.5, 3.5, 2.0]
BEST_hyper_parameter
v: [32.71, 32.66, 25.52, 34.96, 23.64, 17.86, 26.83, 23.46, 12.0, 9.16, 12.0, 16.19, 12.0, 14.69]
a: [121.38, 143.11, 125.23, 82.08, 135.18, 50.0, 122.32, 135.52, 148.05, 50.0, 50.0, 94.77, 150.11, 129.34]
d: [3.5, 3.5, 3.5, 3.5, 3.5, 3.5, 3.5, 3.5, 3.5, 3.5, 3.5, 3.5, 3.5, 2.0]
LOSE: random_idx_1 = 2, random_idx_2 = 7
LOSE: random_idx_1 = 1, random_idx_2 = 10

iteration: 17
best: [5.73, 7.09, 9.37, 11.76, 14.06, 19.06, 29.76, 32.86, 35.26, 38.67, 40.44, 42.64, 44.73, 45.95]
time: [5.7, 7.09, 9.41, 12.08, 17.71, 23.05, 33.61, 36.34, 37.69, 41.35, 42.95, 44.8, 1000, 1000]
current_hyper_parameter
v: [32.71, 32.66, 25.52, 34.96, 23.64, 17.86, 26.83, 23.46, 12.0, 9.16, 12.0, 16.19, 12.0, 14.69]
a: [121.38, 143.11, 125.23, 82.08, 135.18, 50.0, 122.32, 135.52, 148.05, 50.0, 57.26, 94.77, 150.11, 129.34]
d: [3.5, 3.5, 3.5, 3.5, 3.5, 3.5, 3.5, 3.5, 3.5, 3.5, 3.5, 3.5, 3.5, 2.0]
BEST_hyper_parameter
v: [32.71, 32.66, 25.52, 34.96, 23.64, 17.86, 26.83, 23.46, 12.0, 9.16, 12.0, 16.19, 12.0, 14.69]
a: [121.38, 143.11, 125.23, 82.08, 135.18, 50.0, 122.32, 135.52, 148.05, 50.0, 50.0, 94.77, 150.11, 129.34]
d: [3.5, 3.5, 3.5, 3.5, 3.5, 3.5, 3.5, 3.5, 3.5, 3.5, 3.5, 3.5, 3.5, 2.0]
LOSE: random_idx_1 = 2, random_idx_2 = 9
LOSE: random_idx_1 = 2, random_idx_2 = 9

iteration: 18
best: [5.73, 7.09, 9.37, 11.76, 14.06, 19.06, 29.76, 32.86, 35.26, 38.67, 40.44, 42.64, 44.73, 45.95]
time: [5.71, 6.94, 9.28, 11.78, 14.03, 18.98, 29.31, 32.5, 35.29, 41.89, 43.77, 46.09, 48.01, 1000]
current_hyper_parameter
v: [32.71, 32.66, 25.52, 34.96, 23.64, 17.86, 26.83, 23.46, 12.0, 9.16, 12.0, 16.19, 12.0, 14.69]
a: [121.38, 143.11, 125.23, 82.08, 135.18, 50.0, 122.32, 135.52, 148.05, 50.0, 50.0, 94.77, 150.11, 129.34]
d: [3.5, 3.5, 3.5, 3.5, 3.5, 3.5, 3.5, 3.5, 3.5, 3.5, 3.5, 3.5, 3.5, 2.0]
BEST_hyper_parameter
v: [32.71, 32.66, 25.52, 34.96, 23.64, 17.86, 26.83, 23.46, 12.0, 9.16, 12.0, 16.19, 12.0, 14.69]
a: [121.38, 143.11, 125.23, 82.08, 135.18, 50.0, 122.32, 135.52, 148.05, 50.0, 50.0, 94.77, 150.11, 129.34]
d: [3.5, 3.5, 3.5, 3.5, 3.5, 3.5, 3.5, 3.5, 3.5, 3.5, 3.5, 3.5, 3.5, 2.0]
LOSE: random_idx_1 = 2, random_idx_2 = 4
LOSE: random_idx_1 = 1, random_idx_2 = 6

iteration: 19
best: [5.73, 7.09, 9.37, 11.76, 14.06, 19.06, 29.76, 32.86, 35.26, 38.67, 40.44, 42.64, 44.73, 45.95]
time: [5.74, 7.11, 9.4, 19.2, 22.27, 27.32, 37.47, 40.56, 42.94, 45.52, 47.06, 1000, 1000, 1000]
current_hyper_parameter
v: [32.71, 32.66, 25.52, 34.96, 23.64, 17.86, 26.83, 23.46, 12.0, 9.16, 12.0, 16.19, 12.0, 14.69]
a: [121.38, 143.11, 125.23, 82.08, 135.18, 50.0, 158.55, 135.52, 148.05, 50.0, 50.0, 94.77, 150.11, 129.34]
d: [3.5, 3.5, 3.5, 3.5, 3.5, 3.5, 3.5, 3.5, 3.5, 3.5, 3.5, 3.5, 3.5, 2.0]
BEST_hyper_parameter
v: [32.71, 32.66, 25.52, 34.96, 23.64, 17.86, 26.83, 23.46, 12.0, 9.16, 12.0, 16.19, 12.0, 14.69]
a: [121.38, 143.11, 125.23, 82.08, 135.18, 50.0, 122.32, 135.52, 148.05, 50.0, 50.0, 94.77, 150.11, 129.34]
d: [3.5, 3.5, 3.5, 3.5, 3.5, 3.5, 3.5, 3.5, 3.5, 3.5, 3.5, 3.5, 3.5, 2.0]
LOSE: random_idx_1 = 0, random_idx_2 = 0
LOSE: random_idx_1 = 2, random_idx_2 = 8

iteration: 20
best: [5.73, 7.09, 9.37, 11.76, 14.06, 19.06, 29.76, 32.86, 35.26, 38.67, 40.44, 42.64, 44.73, 45.95]
time: [5.79, 7.16, 9.72, 12.06, 17.56, 22.35, 32.83, 35.84, 38.02, 1000, 1000, 1000, 1000, 1000]
current_hyper_parameter
v: [23.2, 32.66, 25.52, 34.96, 23.64, 17.86, 26.83, 23.46, 12.0, 9.16, 12.0, 16.19, 12.0, 14.69]
a: [121.38, 143.11, 125.23, 82.08, 135.18, 50.0, 122.32, 135.52, 148.05, 50.0, 50.0, 94.77, 150.11, 129.34]
d: [3.5, 3.5, 3.5, 3.5, 3.5, 3.5, 3.5, 3.5, 3.5, 3.5, 3.5, 3.5, 3.5, 2.0]
BEST_hyper_parameter
v: [32.71, 32.66, 25.52, 34.96, 23.64, 17.86, 26.83, 23.46, 12.0, 9.16, 12.0, 16.19, 12.0, 14.69]
a: [121.38, 143.11, 125.23, 82.08, 135.18, 50.0, 122.32, 135.52, 148.05, 50.0, 50.0, 94.77, 150.11, 129.34]
d: [3.5, 3.5, 3.5, 3.5, 3.5, 3.5, 3.5, 3.5, 3.5, 3.5, 3.5, 3.5, 3.5, 2.0]
LOSE: random_idx_1 = 0, random_idx_2 = 6
LOSE: random_idx_1 = 2, random_idx_2 = 8

iteration: 21
best: [5.73, 7.09, 9.37, 11.76, 14.06, 19.06, 29.76, 32.86, 35.26, 38.67, 40.44, 42.64, 44.73, 45.95]
time: [5.74, 6.99, 9.34, 15.23, 18.35, 23.01, 33.32, 35.99, 37.34, 41.54, 43.44, 45.45, 1000, 1000]
current_hyper_parameter
v: [32.71, 32.66, 25.52, 34.96, 23.64, 17.86, 26.25, 23.46, 12.0, 9.16, 12.0, 16.19, 12.0, 14.69]
a: [121.38, 143.11, 125.23, 82.08, 135.18, 50.0, 122.32, 135.52, 148.05, 50.0, 50.0, 94.77, 150.11, 129.34]
d: [3.5, 3.5, 3.5, 3.5, 3.5, 3.5, 3.5, 3.5, 3.5, 3.5, 3.5, 3.5, 3.5, 2.0]
BEST_hyper_parameter
v: [32.71, 32.66, 25.52, 34.96, 23.64, 17.86, 26.83, 23.46, 12.0, 9.16, 12.0, 16.19, 12.0, 14.69]
a: [121.38, 143.11, 125.23, 82.08, 135.18, 50.0, 122.32, 135.52, 148.05, 50.0, 50.0, 94.77, 150.11, 129.34]
d: [3.5, 3.5, 3.5, 3.5, 3.5, 3.5, 3.5, 3.5, 3.5, 3.5, 3.5, 3.5, 3.5, 2.0]
LOSE: random_idx_1 = 2, random_idx_2 = 10
LOSE: random_idx_1 = 0, random_idx_2 = 9

iteration: 22
best: [5.73, 7.09, 9.37, 11.76, 14.06, 19.06, 29.76, 32.86, 35.26, 38.67, 40.44, 42.64, 44.73, 45.95]
time: [5.7, 6.93, 9.3, 15.06, 1000, 1000, 1000, 1000, 1000, 1000, 1000, 1000, 1000, 1000]
current_hyper_parameter
v: [32.71, 32.66, 25.52, 34.96, 23.64, 17.86, 26.83, 23.46, 12.0, 18.8, 12.0, 16.19, 12.0, 14.69]
a: [121.38, 143.11, 125.23, 82.08, 135.18, 50.0, 122.32, 135.52, 148.05, 50.0, 50.0, 94.77, 150.11, 129.34]
d: [3.5, 3.5, 3.5, 3.5, 3.5, 3.5, 3.5, 3.5, 3.5, 3.5, 3.5, 3.5, 3.5, 2.0]
BEST_hyper_parameter
v: [32.71, 32.66, 25.52, 34.96, 23.64, 17.86, 26.83, 23.46, 12.0, 9.16, 12.0, 16.19, 12.0, 14.69]
a: [121.38, 143.11, 125.23, 82.08, 135.18, 50.0, 122.32, 135.52, 148.05, 50.0, 50.0, 94.77, 150.11, 129.34]
d: [3.5, 3.5, 3.5, 3.5, 3.5, 3.5, 3.5, 3.5, 3.5, 3.5, 3.5, 3.5, 3.5, 2.0]
LOSE: random_idx_1 = 2, random_idx_2 = 12
LOSE: random_idx_1 = 2, random_idx_2 = 9

iteration: 23
best: [5.73, 7.09, 9.37, 11.76, 14.06, 19.06, 29.76, 32.86, 35.26, 38.67, 40.44, 42.64, 44.73, 45.95]
time: [5.72, 7.08, 9.37, 11.77, 14.07, 19.03, 29.65, 32.31, 34.17, 36.88, 38.75, 40.77, 42.9, 44.03]
current_hyper_parameter
v: [32.71, 32.66, 25.52, 34.96, 23.64, 17.86, 26.83, 23.46, 12.0, 9.16, 12.0, 16.19, 12.0, 14.69]
a: [121.38, 143.11, 125.23, 82.08, 135.18, 50.0, 122.32, 135.52, 148.05, 50.0, 50.0, 94.77, 150.11, 129.34]
d: [3.5, 3.5, 3.5, 3.5, 3.5, 3.5, 3.5, 3.5, 3.5, 3.5, 3.5, 3.5, 3.5, 2.0]
BEST_hyper_parameter
v: [32.71, 32.66, 25.52, 34.96, 23.64, 17.86, 26.83, 23.46, 12.0, 9.16, 12.0, 16.19, 12.0, 14.69]
a: [121.38, 143.11, 125.23, 82.08, 135.18, 50.0, 122.32, 135.52, 148.05, 50.0, 50.0, 94.77, 150.11, 129.34]
d: [3.5, 3.5, 3.5, 3.5, 3.5, 3.5, 3.5, 3.5, 3.5, 3.5, 3.5, 3.5, 3.5, 2.0]
WIN: random_idx_1 = 1, random_idx_2 = 4
WIN: random_idx_1 = 2, random_idx_2 = 4

iteration: 24
best: [5.72, 7.08, 9.37, 11.77, 14.07, 19.03, 29.65, 32.31, 34.17, 36.88, 38.75, 40.77, 42.9, 44.03]
time: [5.74, 7.09, 9.4, 14.87, 22.95, 26.79, 37.26, 40.23, 44.63, 1000, 1000, 1000, 1000, 1000]
current_hyper_parameter
v: [32.71, 32.66, 25.52, 34.96, 23.64, 17.86, 26.83, 23.46, 12.0, 9.16, 12.0, 16.19, 12.0, 14.69]
a: [121.38, 143.11, 125.23, 82.08, 26.69, 50.0, 122.32, 135.52, 148.05, 50.0, 50.0, 94.77, 150.11, 129.34]
d: [3.5, 3.5, 3.5, 3.5, 3.5, 3.5, 3.5, 3.5, 3.5, 3.5, 3.5, 3.5, 3.5, 2.0]
BEST_hyper_parameter
v: [32.71, 32.66, 25.52, 34.96, 23.64, 17.86, 26.83, 23.46, 12.0, 9.16, 12.0, 16.19, 12.0, 14.69]
a: [121.38, 143.11, 125.23, 82.08, 135.18, 50.0, 122.32, 135.52, 148.05, 50.0, 50.0, 94.77, 150.11, 129.34]
d: [3.5, 3.5, 3.5, 3.5, 3.5, 3.5, 3.5, 3.5, 3.5, 3.5, 3.5, 3.5, 3.5, 2.0]
LOSE: random_idx_1 = 2, random_idx_2 = 10
LOSE: random_idx_1 = 2, random_idx_2 = 2

iteration: 25
best: [5.72, 7.08, 9.37, 11.77, 14.07, 19.03, 29.65, 32.31, 34.17, 36.88, 38.75, 40.77, 42.9, 44.03]
time: [5.72, 7.09, 9.38, 11.78, 17.07, 22.0, 32.49, 35.3, 36.83, 39.38, 41.28, 43.3, 1000, 1000]
current_hyper_parameter
v: [32.71, 32.66, 25.52, 34.96, 23.64, 17.86, 26.83, 23.46, 12.0, 9.16, 12.0, 16.19, 12.0, 14.69]
a: [121.38, 143.11, 125.23, 82.08, 135.18, 50.0, 122.32, 135.52, 148.05, 50.0, 50.0, 94.77, 150.11, 129.34]
d: [3.5, 3.5, 4.31, 3.5, 3.5, 3.5, 3.5, 3.5, 3.5, 3.5, 3.5, 3.5, 3.5, 2.0]
BEST_hyper_parameter
v: [32.71, 32.66, 25.52, 34.96, 23.64, 17.86, 26.83, 23.46, 12.0, 9.16, 12.0, 16.19, 12.0, 14.69]
a: [121.38, 143.11, 125.23, 82.08, 135.18, 50.0, 122.32, 135.52, 148.05, 50.0, 50.0, 94.77, 150.11, 129.34]
d: [3.5, 3.5, 3.5, 3.5, 3.5, 3.5, 3.5, 3.5, 3.5, 3.5, 3.5, 3.5, 3.5, 2.0]
LOSE: random_idx_1 = 1, random_idx_2 = 11
LOSE: random_idx_1 = 0, random_idx_2 = 11

iteration: 26
best: [5.72, 7.08, 9.37, 11.77, 14.07, 19.03, 29.65, 32.31, 34.17, 36.88, 38.75, 40.77, 42.9, 44.03]
time: [5.74, 7.08, 9.38, 11.8, 14.1, 19.0, 29.67, 32.47, 37.15, 40.58, 42.3, 1000, 1000, 1000]
current_hyper_parameter
v: [32.71, 32.66, 25.52, 34.96, 23.64, 17.86, 26.83, 23.46, 12.0, 9.16, 12.0, 12.17, 12.0, 14.69]
a: [121.38, 143.11, 125.23, 82.08, 135.18, 50.0, 122.32, 135.52, 148.05, 50.0, 50.0, 123.49, 150.11, 129.34]
d: [3.5, 3.5, 3.5, 3.5, 3.5, 3.5, 3.5, 3.5, 3.5, 3.5, 3.5, 3.5, 3.5, 2.0]
BEST_hyper_parameter
v: [32.71, 32.66, 25.52, 34.96, 23.64, 17.86, 26.83, 23.46, 12.0, 9.16, 12.0, 16.19, 12.0, 14.69]
a: [121.38, 143.11, 125.23, 82.08, 135.18, 50.0, 122.32, 135.52, 148.05, 50.0, 50.0, 94.77, 150.11, 129.34]
d: [3.5, 3.5, 3.5, 3.5, 3.5, 3.5, 3.5, 3.5, 3.5, 3.5, 3.5, 3.5, 3.5, 2.0]
LOSE: random_idx_1 = 0, random_idx_2 = 9
LOSE: random_idx_1 = 0, random_idx_2 = 7

iteration: 27
best: [5.72, 7.08, 9.37, 11.77, 14.07, 19.03, 29.65, 32.31, 34.17, 36.88, 38.75, 40.77, 42.9, 44.03]
time: [5.7, 7.06, 9.35, 11.72, 14.02, 18.9, 29.2, 31.66, 44.29, 1000, 1000, 1000, 1000, 1000]
current_hyper_parameter
v: [32.71, 32.66, 25.52, 34.96, 23.64, 17.86, 26.83, 30.87, 12.0, 14.87, 12.0, 16.19, 12.0, 14.69]
a: [121.38, 143.11, 125.23, 82.08, 135.18, 50.0, 122.32, 135.52, 148.05, 50.0, 50.0, 94.77, 150.11, 129.34]
d: [3.5, 3.5, 3.5, 3.5, 3.5, 3.5, 3.5, 3.5, 3.5, 3.5, 3.5, 3.5, 3.5, 2.0]
BEST_hyper_parameter
v: [32.71, 32.66, 25.52, 34.96, 23.64, 17.86, 26.83, 23.46, 12.0, 9.16, 12.0, 16.19, 12.0, 14.69]
a: [121.38, 143.11, 125.23, 82.08, 135.18, 50.0, 122.32, 135.52, 148.05, 50.0, 50.0, 94.77, 150.11, 129.34]
d: [3.5, 3.5, 3.5, 3.5, 3.5, 3.5, 3.5, 3.5, 3.5, 3.5, 3.5, 3.5, 3.5, 2.0]
LOSE: random_idx_1 = 0, random_idx_2 = 7
LOSE: random_idx_1 = 0, random_idx_2 = 12

iteration: 28
best: [5.7, 7.06, 9.35, 11.72, 14.02, 18.9, 29.2, 31.66, 34.17, 36.88, 38.75, 40.77, 42.9, 44.03]
time: [5.72, 7.09, 9.41, 12.09, 17.59, 22.4, 32.63, 38.81, 40.85, 44.62, 1000, 1000, 1000, 1000]
current_hyper_parameter
v: [32.71, 32.66, 25.52, 34.96, 23.64, 17.86, 26.83, 13.3, 12.0, 9.16, 12.0, 16.19, 32.66, 14.69]
a: [121.38, 143.11, 125.23, 82.08, 135.18, 50.0, 122.32, 135.52, 148.05, 50.0, 50.0, 94.77, 150.11, 129.34]
d: [3.5, 3.5, 3.5, 3.5, 3.5, 3.5, 3.5, 3.5, 3.5, 3.5, 3.5, 3.5, 3.5, 2.0]
BEST_hyper_parameter
v: [32.71, 32.66, 25.52, 34.96, 23.64, 17.86, 26.83, 30.87, 12.0, 9.16, 12.0, 16.19, 12.0, 14.69]
a: [121.38, 143.11, 125.23, 82.08, 135.18, 50.0, 122.32, 135.52, 148.05, 50.0, 50.0, 94.77, 150.11, 129.34]
d: [3.5, 3.5, 3.5, 3.5, 3.5, 3.5, 3.5, 3.5, 3.5, 3.5, 3.5, 3.5, 3.5, 2.0]
LOSE: random_idx_1 = 1, random_idx_2 = 12
LOSE: random_idx_1 = 2, random_idx_2 = 12

iteration: 29
best: [5.7, 7.06, 9.35, 11.72, 14.02, 18.9, 29.2, 31.66, 34.17, 36.88, 38.75, 40.77, 42.9, 44.03]
time: [5.69, 7.08, 9.37, 15.72, 18.85, 23.3, 33.56, 36.27, 40.76, 45.17, 1000, 1000, 1000, 1000]
current_hyper_parameter
v: [32.71, 32.66, 25.52, 34.96, 23.64, 17.86, 26.83, 30.87, 12.0, 9.16, 12.0, 16.19, 12.0, 14.69]
a: [121.38, 143.11, 125.23, 82.08, 135.18, 50.0, 122.32, 135.52, 148.05, 50.0, 50.0, 94.77, 53.93, 129.34]
d: [3.5, 3.5, 3.5, 3.5, 3.5, 3.5, 3.5, 3.5, 3.5, 3.5, 3.5, 3.5, 3.5, 2.0]
BEST_hyper_parameter
v: [32.71, 32.66, 25.52, 34.96, 23.64, 17.86, 26.83, 30.87, 12.0, 9.16, 12.0, 16.19, 12.0, 14.69]
a: [121.38, 143.11, 125.23, 82.08, 135.18, 50.0, 122.32, 135.52, 148.05, 50.0, 50.0, 94.77, 150.11, 129.34]
d: [3.5, 3.5, 3.5, 3.5, 3.5, 3.5, 3.5, 3.5, 3.5, 3.5, 3.5, 3.5, 3.5, 2.0]
LOSE: random_idx_1 = 2, random_idx_2 = 0
LOSE: random_idx_1 = 1, random_idx_2 = 10

iteration: 30
best: [5.7, 7.06, 9.35, 11.72, 14.02, 18.9, 29.2, 31.66, 34.17, 36.88, 38.75, 40.77, 42.9, 44.03]
time: [5.69, 7.06, 9.36, 11.79, 17.08, 22.03, 32.72, 35.22, 1000, 1000, 1000, 1000, 1000, 1000]
current_hyper_parameter
v: [32.71, 32.66, 25.52, 34.96, 23.64, 17.86, 26.83, 30.87, 12.0, 9.16, 12.0, 16.19, 12.0, 14.69]
a: [121.38, 143.11, 125.23, 82.08, 135.18, 50.0, 122.32, 135.52, 148.05, 50.0, 49.24, 94.77, 150.11, 129.34]
d: [3.5, 3.5, 3.5, 3.5, 3.5, 3.5, 3.5, 3.5, 3.5, 3.5, 3.5, 3.5, 3.5, 2.0]
BEST_hyper_parameter
v: [32.71, 32.66, 25.52, 34.96, 23.64, 17.86, 26.83, 30.87, 12.0, 9.16, 12.0, 16.19, 12.0, 14.69]
a: [121.38, 143.11, 125.23, 82.08, 135.18, 50.0, 122.32, 135.52, 148.05, 50.0, 50.0, 94.77, 150.11, 129.34]
d: [3.5, 3.5, 3.5, 3.5, 3.5, 3.5, 3.5, 3.5, 3.5, 3.5, 3.5, 3.5, 3.5, 2.0]
LOSE: random_idx_1 = 0, random_idx_2 = 7
LOSE: random_idx_1 = 2, random_idx_2 = 3

iteration: 31
best: [5.7, 7.06, 9.35, 11.72, 14.02, 18.9, 29.2, 31.66, 34.17, 36.88, 38.75, 40.77, 42.9, 44.03]
time: [5.7, 6.94, 9.29, 15.13, 18.89, 23.42, 33.9, 37.39, 39.08, 41.65, 43.55, 45.2, 1000, 1000]
current_hyper_parameter
v: [32.71, 32.66, 25.52, 34.96, 23.64, 17.86, 26.83, 14.52, 12.0, 9.16, 12.0, 16.19, 12.0, 14.69]
a: [121.38, 143.11, 125.23, 82.08, 135.18, 50.0, 122.32, 135.52, 148.05, 50.0, 50.0, 94.77, 150.11, 129.34]
d: [3.5, 3.5, 3.5, 3.5, 3.5, 3.5, 3.5, 3.5, 3.5, 3.5, 3.5, 3.5, 3.5, 2.0]
BEST_hyper_parameter
v: [32.71, 32.66, 25.52, 34.96, 23.64, 17.86, 26.83, 30.87, 12.0, 9.16, 12.0, 16.19, 12.0, 14.69]
a: [121.38, 143.11, 125.23, 82.08, 135.18, 50.0, 122.32, 135.52, 148.05, 50.0, 50.0, 94.77, 150.11, 129.34]
d: [3.5, 3.5, 3.5, 3.5, 3.5, 3.5, 3.5, 3.5, 3.5, 3.5, 3.5, 3.5, 3.5, 2.0]
LOSE: random_idx_1 = 0, random_idx_2 = 1
LOSE: random_idx_1 = 2, random_idx_2 = 7

iteration: 32
best: [5.7, 7.06, 9.35, 11.72, 14.02, 18.9, 29.2, 31.66, 34.17, 36.88, 38.75, 40.77, 42.9, 44.03]
time: [5.71, 7.11, 9.47, 12.08, 17.59, 22.5, 32.71, 35.34, 39.73, 43.33, 45.11, 1000, 1000, 1000]
current_hyper_parameter
v: [32.71, 25.55, 25.52, 34.96, 23.64, 17.86, 26.83, 30.87, 12.0, 9.16, 12.0, 16.19, 12.0, 14.69]
a: [121.38, 143.11, 125.23, 82.08, 135.18, 50.0, 122.32, 135.52, 148.05, 50.0, 50.0, 94.77, 150.11, 129.34]
d: [3.5, 3.5, 3.5, 3.5, 3.5, 3.5, 3.5, 3.5, 3.5, 3.5, 3.5, 3.5, 3.5, 2.0]
BEST_hyper_parameter
v: [32.71, 32.66, 25.52, 34.96, 23.64, 17.86, 26.83, 30.87, 12.0, 9.16, 12.0, 16.19, 12.0, 14.69]
a: [121.38, 143.11, 125.23, 82.08, 135.18, 50.0, 122.32, 135.52, 148.05, 50.0, 50.0, 94.77, 150.11, 129.34]
d: [3.5, 3.5, 3.5, 3.5, 3.5, 3.5, 3.5, 3.5, 3.5, 3.5, 3.5, 3.5, 3.5, 2.0]
LOSE: random_idx_1 = 1, random_idx_2 = 9
LOSE: random_idx_1 = 0, random_idx_2 = 4

iteration: 33
best: [5.7, 7.06, 9.35, 11.72, 14.02, 18.9, 29.2, 31.66, 34.17, 36.88, 38.75, 40.77, 42.9, 44.03]
time: [5.71, 6.95, 9.33, 11.83, 14.14, 19.1, 29.81, 32.88, 38.66, 1000, 1000, 1000, 1000, 1000]
current_hyper_parameter
v: [32.71, 32.66, 25.52, 34.96, 23.35, 17.86, 26.83, 30.87, 12.0, 9.16, 12.0, 16.19, 12.0, 14.69]
a: [121.38, 143.11, 125.23, 82.08, 135.18, 50.0, 122.32, 135.52, 148.05, 81.51, 50.0, 94.77, 150.11, 129.34]
d: [3.5, 3.5, 3.5, 3.5, 3.5, 3.5, 3.5, 3.5, 3.5, 3.5, 3.5, 3.5, 3.5, 2.0]
BEST_hyper_parameter
v: [32.71, 32.66, 25.52, 34.96, 23.64, 17.86, 26.83, 30.87, 12.0, 9.16, 12.0, 16.19, 12.0, 14.69]
a: [121.38, 143.11, 125.23, 82.08, 135.18, 50.0, 122.32, 135.52, 148.05, 50.0, 50.0, 94.77, 150.11, 129.34]
d: [3.5, 3.5, 3.5, 3.5, 3.5, 3.5, 3.5, 3.5, 3.5, 3.5, 3.5, 3.5, 3.5, 2.0]
LOSE: random_idx_1 = 2, random_idx_2 = 1
LOSE: random_idx_1 = 2, random_idx_2 = 6

iteration: 34
best: [5.7, 7.06, 9.35, 11.72, 14.02, 18.9, 29.2, 31.66, 34.17, 36.88, 38.75, 40.77, 42.9, 44.03]
time: [5.73, 7.07, 9.36, 11.82, 14.12, 19.04, 29.67, 32.17, 1000, 1000, 1000, 1000, 1000, 1000]
current_hyper_parameter
v: [32.71, 32.66, 25.52, 34.96, 23.64, 17.86, 26.83, 30.87, 12.0, 9.16, 12.0, 16.19, 12.0, 14.69]
a: [121.38, 143.11, 125.23, 82.08, 135.18, 50.0, 122.32, 135.52, 148.05, 50.0, 50.0, 94.77, 150.11, 129.34]
d: [3.5, 3.5, 3.5, 3.5, 3.5, 3.5, 3.5, 3.5, 3.5, 3.5, 3.5, 3.5, 3.5, 2.0]
BEST_hyper_parameter
v: [32.71, 32.66, 25.52, 34.96, 23.64, 17.86, 26.83, 30.87, 12.0, 9.16, 12.0, 16.19, 12.0, 14.69]
a: [121.38, 143.11, 125.23, 82.08, 135.18, 50.0, 122.32, 135.52, 148.05, 50.0, 50.0, 94.77, 150.11, 129.34]
d: [3.5, 3.5, 3.5, 3.5, 3.5, 3.5, 3.5, 3.5, 3.5, 3.5, 3.5, 3.5, 3.5, 2.0]
LOSE: random_idx_1 = 0, random_idx_2 = 2
LOSE: random_idx_1 = 2, random_idx_2 = 4

iteration: 35
best: [5.7, 7.06, 9.35, 11.72, 14.02, 18.9, 29.2, 31.66, 34.17, 36.88, 38.75, 40.77, 42.9, 44.03]
time: [5.72, 7.07, 9.66, 19.28, 22.37, 27.49, 37.94, 40.76, 1000, 1000, 1000, 1000, 1000, 1000]
current_hyper_parameter
v: [32.71, 32.66, 16.65, 34.96, 23.64, 17.86, 26.83, 30.87, 12.0, 9.16, 12.0, 16.19, 12.0, 14.69]
a: [121.38, 143.11, 125.23, 82.08, 135.18, 50.0, 122.32, 135.52, 148.05, 50.0, 50.0, 94.77, 150.11, 129.34]
d: [3.5, 3.5, 3.5, 3.5, 3.5, 3.5, 3.5, 3.5, 3.5, 3.5, 3.5, 3.5, 3.5, 2.0]
BEST_hyper_parameter
v: [32.71, 32.66, 25.52, 34.96, 23.64, 17.86, 26.83, 30.87, 12.0, 9.16, 12.0, 16.19, 12.0, 14.69]
a: [121.38, 143.11, 125.23, 82.08, 135.18, 50.0, 122.32, 135.52, 148.05, 50.0, 50.0, 94.77, 150.11, 129.34]
d: [3.5, 3.5, 3.5, 3.5, 3.5, 3.5, 3.5, 3.5, 3.5, 3.5, 3.5, 3.5, 3.5, 2.0]
LOSE: random_idx_1 = 0, random_idx_2 = 10
LOSE: random_idx_1 = 2, random_idx_2 = 6

iteration: 36
best: [5.7, 7.06, 9.35, 11.72, 14.02, 18.9, 29.2, 31.66, 34.17, 36.88, 38.75, 40.77, 42.9, 44.03]
time: [5.73, 7.07, 9.39, 12.03, 17.51, 22.36, 32.6, 35.3, 39.54, 42.9, 44.44, 45.87, 1000, 1000]
current_hyper_parameter
v: [32.71, 32.66, 25.52, 34.96, 23.64, 17.86, 26.83, 30.87, 12.0, 9.16, 21.7, 16.19, 12.0, 14.69]
a: [121.38, 143.11, 125.23, 82.08, 135.18, 50.0, 122.32, 135.52, 148.05, 50.0, 50.0, 94.77, 150.11, 129.34]
d: [3.5, 3.5, 3.5, 3.5, 3.5, 3.5, 3.5, 3.5, 3.5, 3.5, 3.5, 3.5, 3.5, 2.0]
BEST_hyper_parameter
v: [32.71, 32.66, 25.52, 34.96, 23.64, 17.86, 26.83, 30.87, 12.0, 9.16, 12.0, 16.19, 12.0, 14.69]
a: [121.38, 143.11, 125.23, 82.08, 135.18, 50.0, 122.32, 135.52, 148.05, 50.0, 50.0, 94.77, 150.11, 129.34]
d: [3.5, 3.5, 3.5, 3.5, 3.5, 3.5, 3.5, 3.5, 3.5, 3.5, 3.5, 3.5, 3.5, 2.0]
LOSE: random_idx_1 = 0, random_idx_2 = 8
LOSE: random_idx_1 = 1, random_idx_2 = 4

iteration: 37
best: [5.7, 7.06, 9.35, 11.72, 14.02, 18.9, 29.2, 31.66, 34.17, 36.88, 38.75, 40.77, 42.9, 44.03]
time: [5.74, 7.1, 9.4, 11.76, 14.05, 18.95, 29.64, 41.45, 1000, 1000, 1000, 1000, 1000, 1000]
current_hyper_parameter
v: [32.71, 32.66, 25.52, 34.96, 23.64, 17.86, 26.83, 30.87, 15.37, 9.16, 12.0, 16.19, 12.0, 14.69]
a: [121.38, 143.11, 125.23, 82.08, 135.26, 50.0, 122.32, 135.52, 148.05, 50.0, 50.0, 94.77, 150.11, 129.34]
d: [3.5, 3.5, 3.5, 3.5, 3.5, 3.5, 3.5, 3.5, 3.5, 3.5, 3.5, 3.5, 3.5, 2.0]
BEST_hyper_parameter
v: [32.71, 32.66, 25.52, 34.96, 23.64, 17.86, 26.83, 30.87, 12.0, 9.16, 12.0, 16.19, 12.0, 14.69]
a: [121.38, 143.11, 125.23, 82.08, 135.18, 50.0, 122.32, 135.52, 148.05, 50.0, 50.0, 94.77, 150.11, 129.34]
d: [3.5, 3.5, 3.5, 3.5, 3.5, 3.5, 3.5, 3.5, 3.5, 3.5, 3.5, 3.5, 3.5, 2.0]
LOSE: random_idx_1 = 0, random_idx_2 = 5
LOSE: random_idx_1 = 0, random_idx_2 = 4

iteration: 38
best: [5.7, 7.06, 9.35, 11.72, 14.02, 18.9, 29.2, 31.66, 34.17, 36.88, 38.75, 40.77, 42.9, 44.03]
time: [5.69, 7.07, 9.36, 14.87, 26.74, 30.49, 40.78, 43.25, 1000, 1000, 1000, 1000, 1000, 1000]
current_hyper_parameter
v: [32.71, 32.66, 25.52, 34.96, 9.86, 26.18, 26.83, 30.87, 12.0, 9.16, 12.0, 16.19, 12.0, 14.69]
a: [121.38, 143.11, 125.23, 82.08, 135.18, 50.0, 122.32, 135.52, 148.05, 50.0, 50.0, 94.77, 150.11, 129.34]
d: [3.5, 3.5, 3.5, 3.5, 3.5, 3.5, 3.5, 3.5, 3.5, 3.5, 3.5, 3.5, 3.5, 2.0]
BEST_hyper_parameter
v: [32.71, 32.66, 25.52, 34.96, 23.64, 17.86, 26.83, 30.87, 12.0, 9.16, 12.0, 16.19, 12.0, 14.69]
a: [121.38, 143.11, 125.23, 82.08, 135.18, 50.0, 122.32, 135.52, 148.05, 50.0, 50.0, 94.77, 150.11, 129.34]
d: [3.5, 3.5, 3.5, 3.5, 3.5, 3.5, 3.5, 3.5, 3.5, 3.5, 3.5, 3.5, 3.5, 2.0]
LOSE: random_idx_1 = 1, random_idx_2 = 1
LOSE: random_idx_1 = 0, random_idx_2 = 11

iteration: 39
best: [5.7, 7.06, 9.35, 11.72, 14.02, 18.9, 29.2, 31.66, 34.17, 36.88, 38.75, 40.77, 42.9, 44.03]
time: [5.72, 7.12, 9.45, 12.07, 17.57, 22.23, 32.53, 35.2, 40.13, 44.11, 45.65, 1000, 1000, 1000]
current_hyper_parameter
v: [32.71, 32.66, 25.52, 34.96, 23.64, 17.86, 26.83, 30.87, 12.0, 9.16, 12.0, 19.07, 12.0, 14.69]
a: [121.38, 121.59, 125.23, 82.08, 135.18, 50.0, 122.32, 135.52, 148.05, 50.0, 50.0, 94.77, 150.11, 129.34]
d: [3.5, 3.5, 3.5, 3.5, 3.5, 3.5, 3.5, 3.5, 3.5, 3.5, 3.5, 3.5, 3.5, 2.0]
BEST_hyper_parameter
v: [32.71, 32.66, 25.52, 34.96, 23.64, 17.86, 26.83, 30.87, 12.0, 9.16, 12.0, 16.19, 12.0, 14.69]
a: [121.38, 143.11, 125.23, 82.08, 135.18, 50.0, 122.32, 135.52, 148.05, 50.0, 50.0, 94.77, 150.11, 129.34]
d: [3.5, 3.5, 3.5, 3.5, 3.5, 3.5, 3.5, 3.5, 3.5, 3.5, 3.5, 3.5, 3.5, 2.0]
LOSE: random_idx_1 = 1, random_idx_2 = 1
LOSE: random_idx_1 = 1, random_idx_2 = 1

iteration: 40
best: [5.7, 7.06, 9.35, 11.72, 14.02, 18.9, 29.2, 31.66, 34.17, 36.88, 38.75, 40.77, 42.9, 44.03]
time: [5.74, 7.31, 10.09, 12.6, 21.49, 33.64, 44.05, 1000, 1000, 1000, 1000, 1000, 1000, 1000]
current_hyper_parameter
v: [32.71, 32.66, 25.52, 34.96, 23.64, 17.86, 26.83, 30.87, 12.0, 9.16, 12.0, 16.19, 12.0, 14.69]
a: [121.38, 82.09, 125.23, 82.08, 135.18, 50.0, 122.32, 135.52, 148.05, 50.0, 50.0, 94.77, 150.11, 129.34]
d: [3.5, 3.5, 3.5, 3.5, 3.5, 3.5, 3.5, 3.5, 3.5, 3.5, 3.5, 3.5, 3.5, 2.0]
BEST_hyper_parameter
v: [32.71, 32.66, 25.52, 34.96, 23.64, 17.86, 26.83, 30.87, 12.0, 9.16, 12.0, 16.19, 12.0, 14.69]
a: [121.38, 143.11, 125.23, 82.08, 135.18, 50.0, 122.32, 135.52, 148.05, 50.0, 50.0, 94.77, 150.11, 129.34]
d: [3.5, 3.5, 3.5, 3.5, 3.5, 3.5, 3.5, 3.5, 3.5, 3.5, 3.5, 3.5, 3.5, 2.0]
LOSE: random_idx_1 = 1, random_idx_2 = 6
LOSE: random_idx_1 = 2, random_idx_2 = 10

iteration: 41
best: [5.7, 7.06, 9.35, 11.72, 14.02, 18.9, 29.2, 31.66, 34.17, 36.88, 38.75, 40.77, 42.9, 44.03]
time: [5.71, 6.96, 9.34, 11.85, 14.11, 19.08, 29.91, 35.77, 1000, 1000, 1000, 1000, 1000, 1000]
current_hyper_parameter
v: [32.71, 32.66, 25.52, 34.96, 23.64, 17.86, 26.83, 30.87, 12.0, 9.16, 12.0, 16.19, 12.0, 14.69]
a: [121.38, 143.11, 125.23, 82.08, 135.18, 50.0, 107.25, 135.52, 148.05, 50.0, 50.0, 94.77, 150.11, 129.34]
d: [3.5, 3.5, 3.5, 3.5, 3.5, 3.5, 3.5, 3.5, 3.5, 3.5, 3.5, 3.5, 3.5, 2.0]
BEST_hyper_parameter
v: [32.71, 32.66, 25.52, 34.96, 23.64, 17.86, 26.83, 30.87, 12.0, 9.16, 12.0, 16.19, 12.0, 14.69]
a: [121.38, 143.11, 125.23, 82.08, 135.18, 50.0, 122.32, 135.52, 148.05, 50.0, 50.0, 94.77, 150.11, 129.34]
d: [3.5, 3.5, 3.5, 3.5, 3.5, 3.5, 3.5, 3.5, 3.5, 3.5, 3.5, 3.5, 3.5, 2.0]
LOSE: random_idx_1 = 1, random_idx_2 = 8
LOSE: random_idx_1 = 0, random_idx_2 = 0

iteration: 42
best: [5.7, 7.06, 9.35, 11.72, 14.02, 18.9, 29.2, 31.66, 34.17, 36.88, 38.75, 40.77, 42.9, 44.03]
time: [5.85, 7.25, 9.76, 12.14, 14.81, 19.23, 29.63, 32.08, 1000, 1000, 1000, 1000, 1000, 1000]
current_hyper_parameter
v: [19.92, 32.66, 25.52, 34.96, 23.64, 17.86, 26.83, 30.87, 12.0, 9.16, 12.0, 16.19, 12.0, 14.69]
a: [121.38, 143.11, 125.23, 82.08, 135.18, 50.0, 122.32, 135.52, 37.45, 50.0, 50.0, 94.77, 150.11, 129.34]
d: [3.5, 3.5, 3.5, 3.5, 3.5, 3.5, 3.5, 3.5, 3.5, 3.5, 3.5, 3.5, 3.5, 2.0]
BEST_hyper_parameter
v: [32.71, 32.66, 25.52, 34.96, 23.64, 17.86, 26.83, 30.87, 12.0, 9.16, 12.0, 16.19, 12.0, 14.69]
a: [121.38, 143.11, 125.23, 82.08, 135.18, 50.0, 122.32, 135.52, 148.05, 50.0, 50.0, 94.77, 150.11, 129.34]
d: [3.5, 3.5, 3.5, 3.5, 3.5, 3.5, 3.5, 3.5, 3.5, 3.5, 3.5, 3.5, 3.5, 2.0]
LOSE: random_idx_1 = 2, random_idx_2 = 4
LOSE: random_idx_1 = 1, random_idx_2 = 12

iteration: 43
best: [5.7, 7.06, 9.35, 11.72, 14.02, 18.9, 29.2, 31.66, 34.17, 36.88, 38.75, 40.77, 42.9, 44.03]
time: [5.74, 7.12, 9.4, 12.08, 17.56, 22.42, 32.68, 35.26, 36.51, 39.8, 41.44, 43.68, 1000, 1000]
current_hyper_parameter
v: [32.71, 32.66, 25.52, 34.96, 23.64, 17.86, 26.83, 30.87, 12.0, 9.16, 12.0, 16.19, 12.0, 14.69]
a: [121.38, 143.11, 125.23, 82.08, 135.18, 50.0, 122.32, 135.52, 148.05, 50.0, 50.0, 94.77, 131.7, 129.34]
d: [3.5, 3.5, 3.5, 3.5, 3.5, 3.5, 3.5, 3.5, 3.5, 3.5, 3.5, 3.5, 3.5, 2.0]
BEST_hyper_parameter
v: [32.71, 32.66, 25.52, 34.96, 23.64, 17.86, 26.83, 30.87, 12.0, 9.16, 12.0, 16.19, 12.0, 14.69]
a: [121.38, 143.11, 125.23, 82.08, 135.18, 50.0, 122.32, 135.52, 148.05, 50.0, 50.0, 94.77, 150.11, 129.34]
d: [3.5, 3.5, 3.5, 3.5, 3.5, 3.5, 3.5, 3.5, 3.5, 3.5, 3.5, 3.5, 3.5, 2.0]
LOSE: random_idx_1 = 2, random_idx_2 = 8
LOSE: random_idx_1 = 0, random_idx_2 = 6

iteration: 44
best: [5.7, 7.06, 9.35, 11.72, 14.02, 18.9, 29.2, 31.66, 34.17, 36.88, 38.75, 40.77, 42.9, 44.03]
time: [5.75, 7.0, 9.34, 14.92, 1000, 1000, 1000, 1000, 1000, 1000, 1000, 1000, 1000, 1000]
current_hyper_parameter
v: [32.71, 32.66, 25.52, 34.96, 23.64, 17.86, 10.8, 30.87, 12.0, 9.16, 12.0, 16.19, 12.0, 14.69]
a: [121.38, 143.11, 125.23, 82.08, 135.18, 50.0, 122.32, 135.52, 148.05, 50.0, 50.0, 94.77, 150.11, 129.34]
d: [3.5, 3.5, 3.5, 3.5, 3.5, 3.5, 3.5, 3.5, 3.5, 3.5, 3.5, 3.5, 3.5, 2.0]
BEST_hyper_parameter
v: [32.71, 32.66, 25.52, 34.96, 23.64, 17.86, 26.83, 30.87, 12.0, 9.16, 12.0, 16.19, 12.0, 14.69]
a: [121.38, 143.11, 125.23, 82.08, 135.18, 50.0, 122.32, 135.52, 148.05, 50.0, 50.0, 94.77, 150.11, 129.34]
d: [3.5, 3.5, 3.5, 3.5, 3.5, 3.5, 3.5, 3.5, 3.5, 3.5, 3.5, 3.5, 3.5, 2.0]
LOSE: random_idx_1 = 1, random_idx_2 = 4
LOSE: random_idx_1 = 1, random_idx_2 = 6

iteration: 45
best: [5.7, 7.06, 9.35, 11.72, 14.02, 18.9, 29.2, 31.66, 34.17, 36.88, 38.75, 40.77, 42.9, 44.03]
time: [5.72, 7.09, 9.37, 15.4, 21.56, 33.47, 44.01, 1000, 1000, 1000, 1000, 1000, 1000, 1000]
current_hyper_parameter
v: [32.71, 32.66, 25.52, 34.96, 23.64, 17.86, 26.83, 30.87, 12.0, 9.16, 12.0, 16.19, 12.0, 14.69]
a: [121.38, 143.11, 125.23, 82.08, 117.26, 50.0, 110.26, 135.52, 148.05, 50.0, 50.0, 94.77, 150.11, 129.34]
d: [3.5, 3.5, 3.5, 3.5, 3.5, 3.5, 3.5, 3.5, 3.5, 3.5, 3.5, 3.5, 3.5, 2.0]
BEST_hyper_parameter
v: [32.71, 32.66, 25.52, 34.96, 23.64, 17.86, 26.83, 30.87, 12.0, 9.16, 12.0, 16.19, 12.0, 14.69]
a: [121.38, 143.11, 125.23, 82.08, 135.18, 50.0, 122.32, 135.52, 148.05, 50.0, 50.0, 94.77, 150.11, 129.34]
d: [3.5, 3.5, 3.5, 3.5, 3.5, 3.5, 3.5, 3.5, 3.5, 3.5, 3.5, 3.5, 3.5, 2.0]
LOSE: random_idx_1 = 1, random_idx_2 = 7
LOSE: random_idx_1 = 1, random_idx_2 = 10

iteration: 46
best: [5.7, 7.06, 9.35, 11.72, 14.02, 18.9, 29.2, 31.66, 34.17, 36.88, 38.75, 40.77, 42.9, 44.03]
time: [5.75, 7.08, 9.38, 12.03, 17.57, 22.39, 32.59, 35.29, 40.13, 43.98, 45.33, 1000, 1000, 1000]
current_hyper_parameter
v: [32.71, 32.66, 25.52, 34.96, 23.64, 17.86, 26.83, 30.87, 12.0, 9.16, 12.0, 16.19, 12.0, 14.69]
a: [121.38, 143.11, 125.23, 82.08, 135.18, 50.0, 122.32, 130.65, 148.05, 50.0, 158.78, 94.77, 150.11, 129.34]
d: [3.5, 3.5, 3.5, 3.5, 3.5, 3.5, 3.5, 3.5, 3.5, 3.5, 3.5, 3.5, 3.5, 2.0]
BEST_hyper_parameter
v: [32.71, 32.66, 25.52, 34.96, 23.64, 17.86, 26.83, 30.87, 12.0, 9.16, 12.0, 16.19, 12.0, 14.69]
a: [121.38, 143.11, 125.23, 82.08, 135.18, 50.0, 122.32, 135.52, 148.05, 50.0, 50.0, 94.77, 150.11, 129.34]
d: [3.5, 3.5, 3.5, 3.5, 3.5, 3.5, 3.5, 3.5, 3.5, 3.5, 3.5, 3.5, 3.5, 2.0]
LOSE: random_idx_1 = 0, random_idx_2 = 9
LOSE: random_idx_1 = 0, random_idx_2 = 1

iteration: 47
best: [5.7, 7.06, 9.35, 11.72, 14.02, 18.9, 29.2, 31.66, 34.17, 36.88, 38.75, 40.77, 42.9, 44.03]
time: [5.7, 6.97, 9.32, 1000, 1000, 1000, 1000, 1000, 1000, 1000, 1000, 1000, 1000, 1000]
current_hyper_parameter
v: [32.71, 27.76, 25.52, 34.96, 23.64, 17.86, 26.83, 30.87, 12.0, 12.49, 12.0, 16.19, 12.0, 14.69]
a: [121.38, 143.11, 125.23, 82.08, 135.18, 50.0, 122.32, 135.52, 148.05, 50.0, 50.0, 94.77, 150.11, 129.34]
d: [3.5, 3.5, 3.5, 3.5, 3.5, 3.5, 3.5, 3.5, 3.5, 3.5, 3.5, 3.5, 3.5, 2.0]
BEST_hyper_parameter
v: [32.71, 32.66, 25.52, 34.96, 23.64, 17.86, 26.83, 30.87, 12.0, 9.16, 12.0, 16.19, 12.0, 14.69]
a: [121.38, 143.11, 125.23, 82.08, 135.18, 50.0, 122.32, 135.52, 148.05, 50.0, 50.0, 94.77, 150.11, 129.34]
d: [3.5, 3.5, 3.5, 3.5, 3.5, 3.5, 3.5, 3.5, 3.5, 3.5, 3.5, 3.5, 3.5, 2.0]
LOSE: random_idx_1 = 2, random_idx_2 = 1
LOSE: random_idx_1 = 2, random_idx_2 = 0

iteration: 48
best: [5.7, 7.06, 9.35, 11.72, 14.02, 18.9, 29.2, 31.66, 34.17, 36.88, 38.75, 40.77, 42.9, 44.03]
time: [5.7, 7.06, 9.36, 12.01, 17.54, 22.38, 32.83, 35.7, 46.69, 1000, 1000, 1000, 1000, 1000]
current_hyper_parameter
v: [32.71, 32.66, 25.52, 34.96, 23.64, 17.86, 26.83, 30.87, 12.0, 9.16, 12.0, 16.19, 12.0, 14.69]
a: [121.38, 143.11, 125.23, 82.08, 135.18, 50.0, 122.32, 135.52, 148.05, 50.0, 50.0, 94.77, 150.11, 129.34]
d: [3.5, 3.5, 3.5, 3.5, 3.5, 3.5, 3.5, 3.5, 3.5, 3.5, 3.5, 3.5, 3.5, 2.0]
BEST_hyper_parameter
v: [32.71, 32.66, 25.52, 34.96, 23.64, 17.86, 26.83, 30.87, 12.0, 9.16, 12.0, 16.19, 12.0, 14.69]
a: [121.38, 143.11, 125.23, 82.08, 135.18, 50.0, 122.32, 135.52, 148.05, 50.0, 50.0, 94.77, 150.11, 129.34]
d: [3.5, 3.5, 3.5, 3.5, 3.5, 3.5, 3.5, 3.5, 3.5, 3.5, 3.5, 3.5, 3.5, 2.0]
LOSE: random_idx_1 = 2, random_idx_2 = 1
LOSE: random_idx_1 = 0, random_idx_2 = 3

iteration: 49
best: [5.7, 7.06, 9.35, 11.72, 14.02, 18.9, 29.2, 31.66, 34.17, 36.88, 38.75, 40.77, 42.9, 44.03]
time: [5.72, 7.06, 9.36, 12.39, 1000, 1000, 1000, 1000, 1000, 1000, 1000, 1000, 1000, 1000]
current_hyper_parameter
v: [32.71, 32.66, 25.52, 15.69, 23.64, 17.86, 26.83, 30.87, 12.0, 9.16, 12.0, 16.19, 12.0, 14.69]
a: [121.38, 143.11, 125.23, 82.08, 135.18, 50.0, 122.32, 135.52, 148.05, 50.0, 50.0, 94.77, 150.11, 129.34]
d: [3.5, 3.5, 3.5, 3.5, 3.5, 3.5, 3.5, 3.5, 3.5, 3.5, 3.5, 3.5, 3.5, 2.0]
BEST_hyper_parameter
v: [32.71, 32.66, 25.52, 34.96, 23.64, 17.86, 26.83, 30.87, 12.0, 9.16, 12.0, 16.19, 12.0, 14.69]
a: [121.38, 143.11, 125.23, 82.08, 135.18, 50.0, 122.32, 135.52, 148.05, 50.0, 50.0, 94.77, 150.11, 129.34]
d: [3.5, 3.5, 3.5, 3.5, 3.5, 3.5, 3.5, 3.5, 3.5, 3.5, 3.5, 3.5, 3.5, 2.0]
LOSE: random_idx_1 = 0, random_idx_2 = 10
LOSE: random_idx_1 = 0, random_idx_2 = 9

iteration: 50
best: [5.7, 7.06, 9.35, 11.72, 14.02, 18.9, 29.2, 31.66, 34.17, 36.88, 38.75, 40.77, 42.9, 44.03]
time: [5.73, 7.08, 9.37, 12.0, 17.51, 22.36, 32.81, 35.63, 44.21, 1000, 1000, 1000, 1000, 1000]
current_hyper_parameter
v: [32.71, 32.66, 25.52, 34.96, 23.64, 17.86, 26.83, 30.87, 12.0, 20.67, 31.79, 16.19, 12.0, 14.69]
a: [121.38, 143.11, 125.23, 82.08, 135.18, 50.0, 122.32, 135.52, 148.05, 50.0, 50.0, 94.77, 150.11, 129.34]
d: [3.5, 3.5, 3.5, 3.5, 3.5, 3.5, 3.5, 3.5, 3.5, 3.5, 3.5, 3.5, 3.5, 2.0]
BEST_hyper_parameter
v: [32.71, 32.66, 25.52, 34.96, 23.64, 17.86, 26.83, 30.87, 12.0, 9.16, 12.0, 16.19, 12.0, 14.69]
a: [121.38, 143.11, 125.23, 82.08, 135.18, 50.0, 122.32, 135.52, 148.05, 50.0, 50.0, 94.77, 150.11, 129.34]
d: [3.5, 3.5, 3.5, 3.5, 3.5, 3.5, 3.5, 3.5, 3.5, 3.5, 3.5, 3.5, 3.5, 2.0]
LOSE: random_idx_1 = 1, random_idx_2 = 7
LOSE: random_idx_1 = 1, random_idx_2 = 12

iteration: 51
best: [5.7, 7.06, 9.35, 11.72, 14.02, 18.9, 29.2, 31.66, 34.17, 36.88, 38.75, 40.77, 42.9, 44.03]
time: [5.73, 7.1, 9.38, 12.05, 17.6, 22.23, 32.56, 42.17, 44.28, 1000, 1000, 1000, 1000, 1000]
current_hyper_parameter
v: [32.71, 32.66, 25.52, 34.96, 23.64, 17.86, 26.83, 30.87, 12.0, 9.16, 12.0, 16.19, 12.0, 14.69]
a: [121.38, 143.11, 125.23, 82.08, 135.18, 50.0, 122.32, 43.86, 148.05, 50.0, 50.0, 94.77, 55.5, 129.34]
d: [3.5, 3.5, 3.5, 3.5, 3.5, 3.5, 3.5, 3.5, 3.5, 3.5, 3.5, 3.5, 3.5, 2.0]
BEST_hyper_parameter
v: [32.71, 32.66, 25.52, 34.96, 23.64, 17.86, 26.83, 30.87, 12.0, 9.16, 12.0, 16.19, 12.0, 14.69]
a: [121.38, 143.11, 125.23, 82.08, 135.18, 50.0, 122.32, 135.52, 148.05, 50.0, 50.0, 94.77, 150.11, 129.34]
d: [3.5, 3.5, 3.5, 3.5, 3.5, 3.5, 3.5, 3.5, 3.5, 3.5, 3.5, 3.5, 3.5, 2.0]
LOSE: random_idx_1 = 0, random_idx_2 = 12
LOSE: random_idx_1 = 0, random_idx_2 = 8

iteration: 52
best: [5.7, 7.06, 9.35, 11.72, 14.02, 18.9, 29.2, 31.66, 34.17, 36.88, 38.75, 40.77, 42.9, 44.03]
time: [5.72, 7.06, 9.37, 14.76, 18.55, 23.29, 33.55, 43.79, 1000, 1000, 1000, 1000, 1000, 1000]
current_hyper_parameter
v: [32.71, 32.66, 25.52, 34.96, 23.64, 17.86, 26.83, 30.87, 32.48, 9.16, 12.0, 16.19, 16.96, 14.69]
a: [121.38, 143.11, 125.23, 82.08, 135.18, 50.0, 122.32, 135.52, 148.05, 50.0, 50.0, 94.77, 150.11, 129.34]
d: [3.5, 3.5, 3.5, 3.5, 3.5, 3.5, 3.5, 3.5, 3.5, 3.5, 3.5, 3.5, 3.5, 2.0]
BEST_hyper_parameter
v: [32.71, 32.66, 25.52, 34.96, 23.64, 17.86, 26.83, 30.87, 12.0, 9.16, 12.0, 16.19, 12.0, 14.69]
a: [121.38, 143.11, 125.23, 82.08, 135.18, 50.0, 122.32, 135.52, 148.05, 50.0, 50.0, 94.77, 150.11, 129.34]
d: [3.5, 3.5, 3.5, 3.5, 3.5, 3.5, 3.5, 3.5, 3.5, 3.5, 3.5, 3.5, 3.5, 2.0]
LOSE: random_idx_1 = 0, random_idx_2 = 4
LOSE: random_idx_1 = 1, random_idx_2 = 5

iteration: 53
best: [5.7, 7.06, 9.35, 11.72, 14.02, 18.9, 29.2, 31.66, 34.17, 36.88, 38.75, 40.77, 42.9, 44.03]
time: [5.74, 7.07, 9.36, 12.04, 1000, 1000, 1000, 1000, 1000, 1000, 1000, 1000, 1000, 1000]
current_hyper_parameter
v: [32.71, 32.66, 25.52, 34.96, 30.69, 17.86, 26.83, 30.87, 12.0, 9.16, 12.0, 16.19, 12.0, 14.69]
a: [121.38, 143.11, 125.23, 82.08, 135.18, 72.57, 122.32, 135.52, 148.05, 50.0, 50.0, 94.77, 150.11, 129.34]
d: [3.5, 3.5, 3.5, 3.5, 3.5, 3.5, 3.5, 3.5, 3.5, 3.5, 3.5, 3.5, 3.5, 2.0]
BEST_hyper_parameter
v: [32.71, 32.66, 25.52, 34.96, 23.64, 17.86, 26.83, 30.87, 12.0, 9.16, 12.0, 16.19, 12.0, 14.69]
a: [121.38, 143.11, 125.23, 82.08, 135.18, 50.0, 122.32, 135.52, 148.05, 50.0, 50.0, 94.77, 150.11, 129.34]
d: [3.5, 3.5, 3.5, 3.5, 3.5, 3.5, 3.5, 3.5, 3.5, 3.5, 3.5, 3.5, 3.5, 2.0]
LOSE: random_idx_1 = 0, random_idx_2 = 4
LOSE: random_idx_1 = 1, random_idx_2 = 0

iteration: 54
best: [5.7, 7.06, 9.35, 11.72, 14.02, 18.9, 29.2, 31.66, 34.17, 36.88, 38.75, 40.77, 42.9, 44.03]
time: [6.08, 7.49, 9.9, 15.43, 35.03, 1000, 1000, 1000, 1000, 1000, 1000, 1000, 1000, 1000]
current_hyper_parameter
v: [32.71, 32.66, 25.52, 34.96, 33.66, 17.86, 26.83, 30.87, 12.0, 9.16, 12.0, 16.19, 12.0, 14.69]
a: [66.32, 143.11, 125.23, 82.08, 135.18, 50.0, 122.32, 135.52, 148.05, 50.0, 50.0, 94.77, 150.11, 129.34]
d: [3.5, 3.5, 3.5, 3.5, 3.5, 3.5, 3.5, 3.5, 3.5, 3.5, 3.5, 3.5, 3.5, 2.0]
BEST_hyper_parameter
v: [32.71, 32.66, 25.52, 34.96, 23.64, 17.86, 26.83, 30.87, 12.0, 9.16, 12.0, 16.19, 12.0, 14.69]
a: [121.38, 143.11, 125.23, 82.08, 135.18, 50.0, 122.32, 135.52, 148.05, 50.0, 50.0, 94.77, 150.11, 129.34]
d: [3.5, 3.5, 3.5, 3.5, 3.5, 3.5, 3.5, 3.5, 3.5, 3.5, 3.5, 3.5, 3.5, 2.0]
LOSE: random_idx_1 = 1, random_idx_2 = 13
LOSE: random_idx_1 = 2, random_idx_2 = 11

iteration: 55
best: [5.7, 7.06, 9.35, 11.72, 14.02, 18.9, 29.2, 31.66, 34.17, 36.88, 38.75, 40.77, 42.9, 44.03]
time: [5.75, 6.99, 9.37, 14.96, 1000, 1000, 1000, 1000, 1000, 1000, 1000, 1000, 1000, 1000]
current_hyper_parameter
v: [32.71, 32.66, 25.52, 34.96, 23.64, 17.86, 26.83, 30.87, 12.0, 9.16, 12.0, 16.19, 12.0, 14.69]
a: [121.38, 143.11, 125.23, 82.08, 135.18, 50.0, 122.32, 135.52, 148.05, 50.0, 50.0, 94.77, 150.11, 157.21]
d: [3.5, 3.5, 3.5, 3.5, 3.5, 3.5, 3.5, 3.5, 3.5, 3.5, 3.5, 3.5, 3.5, 2.0]
BEST_hyper_parameter
v: [32.71, 32.66, 25.52, 34.96, 23.64, 17.86, 26.83, 30.87, 12.0, 9.16, 12.0, 16.19, 12.0, 14.69]
a: [121.38, 143.11, 125.23, 82.08, 135.18, 50.0, 122.32, 135.52, 148.05, 50.0, 50.0, 94.77, 150.11, 129.34]
d: [3.5, 3.5, 3.5, 3.5, 3.5, 3.5, 3.5, 3.5, 3.5, 3.5, 3.5, 3.5, 3.5, 2.0]
LOSE: random_idx_1 = 0, random_idx_2 = 4
LOSE: random_idx_1 = 0, random_idx_2 = 8

iteration: 56
best: [5.7, 7.06, 9.35, 11.72, 14.02, 18.9, 29.2, 31.66, 34.17, 36.88, 38.75, 40.77, 42.9, 44.03]
time: [5.71, 7.07, 9.35, 11.72, 1000, 1000, 1000, 1000, 1000, 1000, 1000, 1000, 1000, 1000]
current_hyper_parameter
v: [32.71, 32.66, 25.52, 34.96, 16.26, 17.86, 26.83, 30.87, 13.46, 9.16, 12.0, 16.19, 12.0, 14.69]
a: [121.38, 143.11, 125.23, 82.08, 135.18, 50.0, 122.32, 135.52, 148.05, 50.0, 50.0, 94.77, 150.11, 129.34]
d: [3.5, 3.5, 3.5, 3.5, 3.5, 3.5, 3.5, 3.5, 3.5, 3.5, 3.5, 3.5, 3.5, 2.0]
BEST_hyper_parameter
v: [32.71, 32.66, 25.52, 34.96, 23.64, 17.86, 26.83, 30.87, 12.0, 9.16, 12.0, 16.19, 12.0, 14.69]
a: [121.38, 143.11, 125.23, 82.08, 135.18, 50.0, 122.32, 135.52, 148.05, 50.0, 50.0, 94.77, 150.11, 129.34]
d: [3.5, 3.5, 3.5, 3.5, 3.5, 3.5, 3.5, 3.5, 3.5, 3.5, 3.5, 3.5, 3.5, 2.0]
LOSE: random_idx_1 = 0, random_idx_2 = 11
LOSE: random_idx_1 = 2, random_idx_2 = 7

iteration: 57
best: [5.7, 7.06, 9.35, 11.72, 14.02, 18.9, 29.2, 31.66, 34.17, 36.88, 38.75, 40.77, 42.9, 44.03]
time: [5.75, 7.08, 9.38, 15.27, 21.59, 26.34, 36.65, 39.31, 1000, 1000, 1000, 1000, 1000, 1000]
current_hyper_parameter
v: [32.71, 32.66, 25.52, 34.96, 23.64, 17.86, 26.83, 30.87, 12.0, 9.16, 12.0, 20.0, 12.0, 14.69]
a: [121.38, 143.11, 125.23, 82.08, 135.18, 50.0, 122.32, 135.52, 148.05, 50.0, 50.0, 94.77, 150.11, 129.34]
d: [3.5, 3.5, 3.5, 3.5, 3.5, 3.5, 3.5, 3.5, 3.5, 3.5, 3.5, 3.5, 3.5, 2.0]
BEST_hyper_parameter
v: [32.71, 32.66, 25.52, 34.96, 23.64, 17.86, 26.83, 30.87, 12.0, 9.16, 12.0, 16.19, 12.0, 14.69]
a: [121.38, 143.11, 125.23, 82.08, 135.18, 50.0, 122.32, 135.52, 148.05, 50.0, 50.0, 94.77, 150.11, 129.34]
d: [3.5, 3.5, 3.5, 3.5, 3.5, 3.5, 3.5, 3.5, 3.5, 3.5, 3.5, 3.5, 3.5, 2.0]
LOSE: random_idx_1 = 0, random_idx_2 = 12
LOSE: random_idx_1 = 0, random_idx_2 = 6

iteration: 58
best: [5.7, 7.06, 9.35, 11.72, 14.02, 18.9, 29.2, 31.66, 34.17, 36.88, 38.75, 40.77, 42.9, 44.03]
time: [5.73, 7.09, 9.39, 11.77, 14.07, 18.98, 37.91, 40.62, 1000, 1000, 1000, 1000, 1000, 1000]
current_hyper_parameter
v: [32.71, 32.66, 25.52, 34.96, 23.64, 17.86, 12.55, 30.87, 12.0, 9.16, 12.0, 16.19, 34.62, 14.69]
a: [121.38, 143.11, 125.23, 82.08, 135.18, 50.0, 122.32, 135.52, 148.05, 50.0, 50.0, 94.77, 150.11, 129.34]
d: [3.5, 3.5, 3.5, 3.5, 3.5, 3.5, 3.5, 3.5, 3.5, 3.5, 3.5, 3.5, 3.5, 2.0]
BEST_hyper_parameter
v: [32.71, 32.66, 25.52, 34.96, 23.64, 17.86, 26.83, 30.87, 12.0, 9.16, 12.0, 16.19, 12.0, 14.69]
a: [121.38, 143.11, 125.23, 82.08, 135.18, 50.0, 122.32, 135.52, 148.05, 50.0, 50.0, 94.77, 150.11, 129.34]
d: [3.5, 3.5, 3.5, 3.5, 3.5, 3.5, 3.5, 3.5, 3.5, 3.5, 3.5, 3.5, 3.5, 2.0]
LOSE: random_idx_1 = 2, random_idx_2 = 6
LOSE: random_idx_1 = 0, random_idx_2 = 13

iteration: 59
best: [5.7, 7.06, 9.35, 11.72, 14.02, 18.9, 29.2, 31.66, 34.17, 36.88, 38.75, 40.77, 42.9, 44.03]
time: [5.71, 7.07, 9.38, 19.12, 22.18, 27.15, 37.71, 40.4, 1000, 1000, 1000, 1000, 1000, 1000]
current_hyper_parameter
v: [32.71, 32.66, 25.52, 34.96, 23.64, 17.86, 26.83, 30.87, 12.0, 9.16, 12.0, 16.19, 12.0, 10.18]
a: [121.38, 143.11, 125.23, 82.08, 135.18, 50.0, 122.32, 135.52, 148.05, 50.0, 50.0, 94.77, 150.11, 129.34]
d: [3.5, 3.5, 3.5, 3.5, 3.5, 3.5, 3.5, 3.5, 3.5, 3.5, 3.5, 3.5, 3.5, 2.0]
BEST_hyper_parameter
v: [32.71, 32.66, 25.52, 34.96, 23.64, 17.86, 26.83, 30.87, 12.0, 9.16, 12.0, 16.19, 12.0, 14.69]
a: [121.38, 143.11, 125.23, 82.08, 135.18, 50.0, 122.32, 135.52, 148.05, 50.0, 50.0, 94.77, 150.11, 129.34]
d: [3.5, 3.5, 3.5, 3.5, 3.5, 3.5, 3.5, 3.5, 3.5, 3.5, 3.5, 3.5, 3.5, 2.0]
LOSE: random_idx_1 = 0, random_idx_2 = 3
LOSE: random_idx_1 = 1, random_idx_2 = 10

iteration: 60
best: [5.7, 7.06, 9.35, 11.72, 14.02, 18.9, 29.2, 31.66, 34.17, 36.88, 38.75, 40.77, 42.9, 44.03]
time: [5.73, 7.08, 9.36, 11.78, 14.1, 18.97, 29.62, 32.26, 33.52, 36.78, 38.7, 40.7, 43.28, 44.84]
current_hyper_parameter
v: [32.71, 32.66, 25.52, 27.94, 23.64, 17.86, 26.83, 30.87, 12.0, 9.16, 12.0, 16.19, 12.0, 14.69]
a: [121.38, 143.11, 125.23, 82.08, 135.18, 50.0, 122.32, 135.52, 148.05, 50.0, 36.8, 94.77, 150.11, 129.34]
d: [3.5, 3.5, 3.5, 3.5, 3.5, 3.5, 3.5, 3.5, 3.5, 3.5, 3.5, 3.5, 3.5, 2.0]
BEST_hyper_parameter
v: [32.71, 32.66, 25.52, 34.96, 23.64, 17.86, 26.83, 30.87, 12.0, 9.16, 12.0, 16.19, 12.0, 14.69]
a: [121.38, 143.11, 125.23, 82.08, 135.18, 50.0, 122.32, 135.52, 148.05, 50.0, 50.0, 94.77, 150.11, 129.34]
d: [3.5, 3.5, 3.5, 3.5, 3.5, 3.5, 3.5, 3.5, 3.5, 3.5, 3.5, 3.5, 3.5, 2.0]
LOSE: random_idx_1 = 2, random_idx_2 = 11
LOSE: random_idx_1 = 2, random_idx_2 = 12

iteration: 61
best: [5.73, 7.08, 9.36, 11.78, 14.1, 18.97, 29.62, 32.26, 33.52, 36.88, 38.75, 40.77, 42.9, 44.03]
time: [5.76, 7.18, 9.83, 12.41, 14.69, 19.39, 29.7, 32.26, 38.16, 41.95, 43.76, 1000, 1000, 1000]
current_hyper_parameter
v: [32.71, 32.66, 25.52, 27.94, 23.64, 17.86, 26.83, 30.87, 12.0, 9.16, 12.0, 16.19, 12.0, 14.69]
a: [121.38, 143.11, 125.23, 82.08, 135.18, 50.0, 122.32, 135.52, 148.05, 50.0, 50.0, 94.77, 150.11, 129.34]
d: [3.5, 3.5, 3.5, 3.5, 3.5, 3.5, 3.5, 3.5, 3.5, 3.5, 3.5, 3.5, 3.5, 2.0]
BEST_hyper_parameter
v: [32.71, 32.66, 25.52, 27.94, 23.64, 17.86, 26.83, 30.87, 12.0, 9.16, 12.0, 16.19, 12.0, 14.69]
a: [121.38, 143.11, 125.23, 82.08, 135.18, 50.0, 122.32, 135.52, 148.05, 50.0, 50.0, 94.77, 150.11, 129.34]
d: [3.5, 3.5, 3.5, 3.5, 3.5, 3.5, 3.5, 3.5, 3.5, 3.5, 3.5, 3.5, 3.5, 2.0]
LOSE: random_idx_1 = 1, random_idx_2 = 6
LOSE: random_idx_1 = 2, random_idx_2 = 12

iteration: 62
best: [5.73, 7.08, 9.36, 11.78, 14.1, 18.97, 29.62, 32.26, 33.52, 36.88, 38.75, 40.77, 42.9, 44.03]
time: [5.72, 7.08, 9.35, 12.08, 17.55, 22.41, 32.42, 1000, 1000, 1000, 1000, 1000, 1000, 1000]
current_hyper_parameter
v: [32.71, 32.66, 25.52, 27.94, 23.64, 17.86, 26.83, 30.87, 12.0, 9.16, 12.0, 16.19, 12.0, 14.69]
a: [121.38, 143.11, 125.23, 82.08, 135.18, 50.0, 146.52, 135.52, 148.05, 50.0, 50.0, 94.77, 150.11, 129.34]
d: [3.5, 3.5, 3.5, 3.5, 3.5, 3.5, 3.5, 3.5, 3.5, 3.5, 3.5, 3.5, 3.5, 2.0]
BEST_hyper_parameter
v: [32.71, 32.66, 25.52, 27.94, 23.64, 17.86, 26.83, 30.87, 12.0, 9.16, 12.0, 16.19, 12.0, 14.69]
a: [121.38, 143.11, 125.23, 82.08, 135.18, 50.0, 122.32, 135.52, 148.05, 50.0, 50.0, 94.77, 150.11, 129.34]
d: [3.5, 3.5, 3.5, 3.5, 3.5, 3.5, 3.5, 3.5, 3.5, 3.5, 3.5, 3.5, 3.5, 2.0]
LOSE: random_idx_1 = 1, random_idx_2 = 11
LOSE: random_idx_1 = 2, random_idx_2 = 13

iteration: 63
best: [5.73, 7.08, 9.36, 11.78, 14.1, 18.97, 29.62, 32.26, 33.52, 36.88, 38.75, 40.77, 42.9, 44.03]
time: [5.76, 7.16, 9.75, 12.14, 14.61, 19.5, 29.95, 1000, 1000, 1000, 1000, 1000, 1000, 1000]
current_hyper_parameter
v: [32.71, 32.66, 25.52, 27.94, 23.64, 17.86, 26.83, 30.87, 12.0, 9.16, 12.0, 16.19, 12.0, 14.69]
a: [121.38, 143.11, 125.23, 82.08, 135.18, 50.0, 122.32, 135.52, 148.05, 50.0, 50.0, 24.65, 150.11, 129.34]
d: [3.5, 3.5, 3.5, 3.5, 3.5, 3.5, 3.5, 3.5, 3.5, 3.5, 3.5, 3.5, 3.5, 2.0]
BEST_hyper_parameter
v: [32.71, 32.66, 25.52, 27.94, 23.64, 17.86, 26.83, 30.87, 12.0, 9.16, 12.0, 16.19, 12.0, 14.69]
a: [121.38, 143.11, 125.23, 82.08, 135.18, 50.0, 122.32, 135.52, 148.05, 50.0, 50.0, 94.77, 150.11, 129.34]
d: [3.5, 3.5, 3.5, 3.5, 3.5, 3.5, 3.5, 3.5, 3.5, 3.5, 3.5, 3.5, 3.5, 2.0]
LOSE: random_idx_1 = 1, random_idx_2 = 8
LOSE: random_idx_1 = 0, random_idx_2 = 8

iteration: 64
best: [5.73, 7.08, 9.36, 11.78, 14.1, 18.97, 29.62, 32.26, 33.52, 36.88, 38.75, 40.77, 42.9, 44.03]
time: [5.74, 7.05, 9.33, 1000, 1000, 1000, 1000, 1000, 1000, 1000, 1000, 1000, 1000, 1000]
current_hyper_parameter
v: [32.71, 32.66, 25.52, 27.94, 23.64, 17.86, 26.83, 30.87, 19.87, 9.16, 12.0, 16.19, 12.0, 14.69]
a: [121.38, 143.11, 125.23, 82.08, 135.18, 50.0, 122.32, 135.52, 118.93, 50.0, 50.0, 94.77, 150.11, 129.34]
d: [3.5, 3.5, 3.5, 3.5, 3.5, 3.5, 3.5, 3.5, 3.5, 3.5, 3.5, 3.5, 3.5, 2.0]
BEST_hyper_parameter
v: [32.71, 32.66, 25.52, 27.94, 23.64, 17.86, 26.83, 30.87, 12.0, 9.16, 12.0, 16.19, 12.0, 14.69]
a: [121.38, 143.11, 125.23, 82.08, 135.18, 50.0, 122.32, 135.52, 148.05, 50.0, 50.0, 94.77, 150.11, 129.34]
d: [3.5, 3.5, 3.5, 3.5, 3.5, 3.5, 3.5, 3.5, 3.5, 3.5, 3.5, 3.5, 3.5, 2.0]
LOSE: random_idx_1 = 2, random_idx_2 = 1
LOSE: random_idx_1 = 1, random_idx_2 = 0

iteration: 65
best: [5.73, 7.08, 9.36, 11.78, 14.1, 18.97, 29.62, 32.26, 33.52, 36.88, 38.75, 40.77, 42.9, 44.03]
time: [8.2, 9.77, 12.47, 15.12, 20.59, 25.45, 35.8, 38.42, 46.86, 1000, 1000, 1000, 1000, 1000]
current_hyper_parameter
v: [32.71, 32.66, 25.52, 27.94, 23.64, 17.86, 26.83, 30.87, 12.0, 9.16, 12.0, 16.19, 12.0, 14.69]
a: [22.15, 143.11, 125.23, 82.08, 135.18, 50.0, 122.32, 135.52, 148.05, 50.0, 50.0, 94.77, 150.11, 129.34]
d: [3.5, 3.5, 3.5, 3.5, 3.5, 3.5, 3.5, 3.5, 3.5, 3.5, 3.5, 3.5, 3.5, 2.0]
BEST_hyper_parameter
v: [32.71, 32.66, 25.52, 27.94, 23.64, 17.86, 26.83, 30.87, 12.0, 9.16, 12.0, 16.19, 12.0, 14.69]
a: [121.38, 143.11, 125.23, 82.08, 135.18, 50.0, 122.32, 135.52, 148.05, 50.0, 50.0, 94.77, 150.11, 129.34]
d: [3.5, 3.5, 3.5, 3.5, 3.5, 3.5, 3.5, 3.5, 3.5, 3.5, 3.5, 3.5, 3.5, 2.0]
LOSE: random_idx_1 = 0, random_idx_2 = 5
LOSE: random_idx_1 = 1, random_idx_2 = 12
