
iteration: 1
best: [5.7, 7.02, 9.19, 11.45, 13.99, 17.63, 26.13, 30.27, 32.02, 33.86, 35.84, 38.39, 40.23, 41.48]
time: [5.68, 7.01, 9.36, 12.12, 17.88, 21.3, 33.18, 37.29, 39.19, 40.98, 1000, 1000, 1000, 1000]
current_hyper_parameter
v: [34.77, 24.94, 31.02, 14.61, 18.5, 21.73, 33.81, 14.71, 19.96, 25.54, 12.0, 17.86, 14.92, 22.26]
a: [127.15, 155.42, 145.92, 85.97, 118.2, 108.81, 118.2, 61.89, 95.81, 58.91, 152.52, 49.33, 153.38, 50.0]
d: [3.5, 3.5, 3.5, 3.5, 3.5, 3.5, 3.5, 3.5, 3.5, 3.5, 3.5, 3.5, 3.5, 2.0]
BEST_hyper_parameter
v: [34.77, 24.94, 31.02, 14.61, 18.5, 21.73, 33.81, 14.71, 19.96, 25.54, 12.0, 17.86, 14.92, 22.26]
a: [127.15, 155.42, 145.92, 85.97, 118.2, 108.81, 118.2, 61.89, 95.81, 58.91, 152.52, 49.33, 153.38, 50.0]
d: [3.5, 3.5, 3.5, 3.5, 3.5, 3.5, 3.5, 3.5, 3.5, 3.5, 3.5, 3.5, 3.5, 2.0]
LOSE: random_idx_1 = 1, random_idx_2 = 12
LOSE: random_idx_1 = 0, random_idx_2 = 7

iteration: 2
best: [5.7, 7.02, 9.19, 11.45, 13.99, 17.63, 26.13, 30.27, 32.02, 33.86, 35.84, 38.39, 40.23, 41.48]
time: [5.69, 7.06, 9.24, 15.22, 18.12, 21.48, 29.96, 38.21, 40.2, 42.17, 1000, 1000, 1000, 1000]
current_hyper_parameter
v: [34.77, 24.94, 31.02, 14.61, 18.5, 21.73, 33.81, 9.49, 19.96, 25.54, 12.0, 17.86, 14.92, 22.26]
a: [127.15, 155.42, 145.92, 85.97, 118.2, 108.81, 118.2, 61.89, 95.81, 58.91, 152.52, 49.33, 128.69, 50.0]
d: [3.5, 3.5, 3.5, 3.5, 3.5, 3.5, 3.5, 3.5, 3.5, 3.5, 3.5, 3.5, 3.5, 2.0]
BEST_hyper_parameter
v: [34.77, 24.94, 31.02, 14.61, 18.5, 21.73, 33.81, 14.71, 19.96, 25.54, 12.0, 17.86, 14.92, 22.26]
a: [127.15, 155.42, 145.92, 85.97, 118.2, 108.81, 118.2, 61.89, 95.81, 58.91, 152.52, 49.33, 153.38, 50.0]
d: [3.5, 3.5, 3.5, 3.5, 3.5, 3.5, 3.5, 3.5, 3.5, 3.5, 3.5, 3.5, 3.5, 2.0]
LOSE: random_idx_1 = 0, random_idx_2 = 2
LOSE: random_idx_1 = 1, random_idx_2 = 13

iteration: 3
best: [5.7, 7.02, 9.19, 11.45, 13.99, 17.63, 26.13, 30.27, 32.02, 33.86, 35.84, 38.39, 40.23, 41.48]
time: [5.68, 7.03, 9.32, 12.15, 17.85, 21.29, 29.86, 34.01, 35.86, 37.62, 39.38, 1000, 1000, 1000]
current_hyper_parameter
v: [34.77, 24.94, 24.96, 14.61, 18.5, 21.73, 33.81, 14.71, 19.96, 25.54, 12.0, 17.86, 14.92, 22.26]
a: [127.15, 155.42, 145.92, 85.97, 118.2, 108.81, 118.2, 61.89, 95.81, 58.91, 152.52, 49.33, 153.38, 113.19]
d: [3.5, 3.5, 3.5, 3.5, 3.5, 3.5, 3.5, 3.5, 3.5, 3.5, 3.5, 3.5, 3.5, 2.0]
BEST_hyper_parameter
v: [34.77, 24.94, 31.02, 14.61, 18.5, 21.73, 33.81, 14.71, 19.96, 25.54, 12.0, 17.86, 14.92, 22.26]
a: [127.15, 155.42, 145.92, 85.97, 118.2, 108.81, 118.2, 61.89, 95.81, 58.91, 152.52, 49.33, 153.38, 50.0]
d: [3.5, 3.5, 3.5, 3.5, 3.5, 3.5, 3.5, 3.5, 3.5, 3.5, 3.5, 3.5, 3.5, 2.0]
LOSE: random_idx_1 = 1, random_idx_2 = 3
LOSE: random_idx_1 = 0, random_idx_2 = 8

iteration: 4
best: [5.7, 7.02, 9.19, 11.45, 13.99, 17.63, 26.13, 30.27, 32.02, 33.86, 35.84, 38.39, 40.23, 41.48]
time: [5.7, 7.0, 9.19, 15.04, 30.12, 1000, 1000, 1000, 1000, 1000, 1000, 1000, 1000, 1000]
current_hyper_parameter
v: [34.77, 24.94, 31.02, 14.61, 18.5, 21.73, 33.81, 14.71, 20.13, 25.54, 12.0, 17.86, 14.92, 22.26]
a: [127.15, 155.42, 145.92, 126.49, 118.2, 108.81, 118.2, 61.89, 95.81, 58.91, 152.52, 49.33, 153.38, 50.0]
d: [3.5, 3.5, 3.5, 3.5, 3.5, 3.5, 3.5, 3.5, 3.5, 3.5, 3.5, 3.5, 3.5, 2.0]
BEST_hyper_parameter
v: [34.77, 24.94, 31.02, 14.61, 18.5, 21.73, 33.81, 14.71, 19.96, 25.54, 12.0, 17.86, 14.92, 22.26]
a: [127.15, 155.42, 145.92, 85.97, 118.2, 108.81, 118.2, 61.89, 95.81, 58.91, 152.52, 49.33, 153.38, 50.0]
d: [3.5, 3.5, 3.5, 3.5, 3.5, 3.5, 3.5, 3.5, 3.5, 3.5, 3.5, 3.5, 3.5, 2.0]
LOSE: random_idx_1 = 2, random_idx_2 = 13
LOSE: random_idx_1 = 2, random_idx_2 = 13

iteration: 5
best: [5.7, 7.02, 9.19, 11.45, 13.99, 17.63, 26.13, 30.27, 32.02, 33.86, 35.84, 38.39, 40.23, 41.48]
time: [5.7, 7.05, 9.23, 14.79, 17.59, 21.02, 32.95, 37.11, 38.95, 40.72, 1000, 1000, 1000, 1000]
current_hyper_parameter
v: [34.77, 24.94, 31.02, 14.61, 18.5, 21.73, 33.81, 14.71, 19.96, 25.54, 12.0, 17.86, 14.92, 22.26]
a: [127.15, 155.42, 145.92, 85.97, 118.2, 108.81, 118.2, 61.89, 95.81, 58.91, 152.52, 49.33, 153.38, 50.0]
d: [3.5, 3.5, 3.5, 3.5, 3.5, 3.5, 3.5, 3.5, 3.5, 3.5, 3.5, 3.5, 3.5, 2.0]
BEST_hyper_parameter
v: [34.77, 24.94, 31.02, 14.61, 18.5, 21.73, 33.81, 14.71, 19.96, 25.54, 12.0, 17.86, 14.92, 22.26]
a: [127.15, 155.42, 145.92, 85.97, 118.2, 108.81, 118.2, 61.89, 95.81, 58.91, 152.52, 49.33, 153.38, 50.0]
d: [3.5, 3.5, 3.5, 3.5, 3.5, 3.5, 3.5, 3.5, 3.5, 3.5, 3.5, 3.5, 3.5, 2.0]
LOSE: random_idx_1 = 1, random_idx_2 = 10
LOSE: random_idx_1 = 1, random_idx_2 = 12

iteration: 6
best: [5.7, 7.02, 9.19, 11.45, 13.99, 17.63, 26.13, 30.27, 32.02, 33.86, 35.84, 38.39, 40.23, 41.48]
time: [5.7, 7.06, 9.22, 14.79, 17.59, 20.91, 29.26, 33.57, 35.42, 37.16, 42.77, 1000, 1000, 1000]
current_hyper_parameter
v: [34.77, 24.94, 31.02, 14.61, 18.5, 21.73, 33.81, 14.71, 19.96, 25.54, 12.0, 17.86, 14.92, 22.26]
a: [127.15, 155.42, 145.92, 85.97, 118.2, 108.81, 118.2, 61.89, 95.81, 58.91, 130.75, 49.33, 61.28, 50.0]
d: [3.5, 3.5, 3.5, 3.5, 3.5, 3.5, 3.5, 3.5, 3.5, 3.5, 3.5, 3.5, 3.5, 2.0]
BEST_hyper_parameter
v: [34.77, 24.94, 31.02, 14.61, 18.5, 21.73, 33.81, 14.71, 19.96, 25.54, 12.0, 17.86, 14.92, 22.26]
a: [127.15, 155.42, 145.92, 85.97, 118.2, 108.81, 118.2, 61.89, 95.81, 58.91, 152.52, 49.33, 153.38, 50.0]
d: [3.5, 3.5, 3.5, 3.5, 3.5, 3.5, 3.5, 3.5, 3.5, 3.5, 3.5, 3.5, 3.5, 2.0]
LOSE: random_idx_1 = 1, random_idx_2 = 4
LOSE: random_idx_1 = 1, random_idx_2 = 7

iteration: 7
best: [5.7, 7.02, 9.19, 11.45, 13.99, 17.63, 26.13, 30.27, 32.02, 33.86, 35.84, 38.39, 40.23, 41.48]
time: [5.71, 7.07, 9.25, 14.82, 20.86, 24.31, 32.92, 36.29, 37.9, 39.9, 41.29, 1000, 1000, 1000]
current_hyper_parameter
v: [34.77, 24.94, 31.02, 14.61, 18.5, 21.73, 33.81, 14.71, 19.96, 25.54, 12.0, 17.86, 14.92, 22.26]
a: [127.15, 155.42, 145.92, 85.97, 80.7, 108.81, 118.2, 106.53, 95.81, 58.91, 152.52, 49.33, 153.38, 50.0]
d: [3.5, 3.5, 3.5, 3.5, 3.5, 3.5, 3.5, 3.5, 3.5, 3.5, 3.5, 3.5, 3.5, 2.0]
BEST_hyper_parameter
v: [34.77, 24.94, 31.02, 14.61, 18.5, 21.73, 33.81, 14.71, 19.96, 25.54, 12.0, 17.86, 14.92, 22.26]
a: [127.15, 155.42, 145.92, 85.97, 118.2, 108.81, 118.2, 61.89, 95.81, 58.91, 152.52, 49.33, 153.38, 50.0]
d: [3.5, 3.5, 3.5, 3.5, 3.5, 3.5, 3.5, 3.5, 3.5, 3.5, 3.5, 3.5, 3.5, 2.0]
LOSE: random_idx_1 = 1, random_idx_2 = 1
LOSE: random_idx_1 = 1, random_idx_2 = 5

iteration: 8
best: [5.7, 7.02, 9.19, 11.45, 13.99, 17.63, 26.13, 30.27, 32.02, 33.86, 35.84, 38.39, 40.23, 41.48]
time: [5.71, 7.05, 9.21, 14.79, 17.58, 21.19, 29.94, 34.1, 35.97, 37.76, 39.54, 42.13, 1000, 1000]
current_hyper_parameter
v: [34.77, 24.94, 31.02, 14.61, 18.5, 21.73, 33.81, 14.71, 19.96, 25.54, 12.0, 17.86, 14.92, 22.26]
a: [127.15, 153.48, 145.92, 85.97, 118.2, 89.02, 118.2, 61.89, 95.81, 58.91, 152.52, 49.33, 153.38, 50.0]
d: [3.5, 3.5, 3.5, 3.5, 3.5, 3.5, 3.5, 3.5, 3.5, 3.5, 3.5, 3.5, 3.5, 2.0]
BEST_hyper_parameter
v: [34.77, 24.94, 31.02, 14.61, 18.5, 21.73, 33.81, 14.71, 19.96, 25.54, 12.0, 17.86, 14.92, 22.26]
a: [127.15, 155.42, 145.92, 85.97, 118.2, 108.81, 118.2, 61.89, 95.81, 58.91, 152.52, 49.33, 153.38, 50.0]
d: [3.5, 3.5, 3.5, 3.5, 3.5, 3.5, 3.5, 3.5, 3.5, 3.5, 3.5, 3.5, 3.5, 2.0]
LOSE: random_idx_1 = 1, random_idx_2 = 6
LOSE: random_idx_1 = 2, random_idx_2 = 12

iteration: 9
best: [5.7, 7.02, 9.19, 11.45, 13.99, 17.63, 26.13, 30.27, 32.02, 33.86, 35.84, 38.39, 40.23, 41.48]
time: [5.72, 7.08, 9.23, 14.82, 17.57, 21.24, 29.37, 33.68, 35.46, 37.31, 39.32, 41.92, 43.85, 1000]
current_hyper_parameter
v: [34.77, 24.94, 31.02, 14.61, 18.5, 21.73, 33.81, 14.71, 19.96, 25.54, 12.0, 17.86, 14.92, 22.26]
a: [127.15, 155.42, 145.92, 85.97, 118.2, 108.81, 149.98, 61.89, 95.81, 58.91, 152.52, 49.33, 153.38, 50.0]
d: [3.5, 3.5, 3.5, 3.5, 3.5, 3.5, 3.5, 3.5, 3.5, 3.5, 3.5, 3.5, 3.5, 2.0]
BEST_hyper_parameter
v: [34.77, 24.94, 31.02, 14.61, 18.5, 21.73, 33.81, 14.71, 19.96, 25.54, 12.0, 17.86, 14.92, 22.26]
a: [127.15, 155.42, 145.92, 85.97, 118.2, 108.81, 118.2, 61.89, 95.81, 58.91, 152.52, 49.33, 153.38, 50.0]
d: [3.5, 3.5, 3.5, 3.5, 3.5, 3.5, 3.5, 3.5, 3.5, 3.5, 3.5, 3.5, 3.5, 2.0]
LOSE: random_idx_1 = 0, random_idx_2 = 11
LOSE: random_idx_1 = 1, random_idx_2 = 10

iteration: 10
best: [5.7, 7.02, 9.19, 11.45, 13.99, 17.63, 26.13, 30.27, 32.02, 33.86, 35.84, 38.39, 40.23, 41.48]
time: [5.71, 7.09, 9.26, 11.83, 14.6, 18.25, 26.83, 31.03, 32.93, 34.7, 37.4, 40.17, 41.95, 1000]
current_hyper_parameter
v: [34.77, 24.94, 31.02, 14.61, 18.5, 21.73, 33.81, 14.71, 19.96, 25.54, 12.0, 16.43, 14.92, 22.26]
a: [127.15, 155.42, 145.92, 85.97, 118.2, 108.81, 118.2, 61.89, 95.81, 58.91, 38.21, 49.33, 153.38, 50.0]
d: [3.5, 3.5, 3.5, 3.5, 3.5, 3.5, 3.5, 3.5, 3.5, 3.5, 3.5, 3.5, 3.5, 2.0]
BEST_hyper_parameter
v: [34.77, 24.94, 31.02, 14.61, 18.5, 21.73, 33.81, 14.71, 19.96, 25.54, 12.0, 17.86, 14.92, 22.26]
a: [127.15, 155.42, 145.92, 85.97, 118.2, 108.81, 118.2, 61.89, 95.81, 58.91, 152.52, 49.33, 153.38, 50.0]
d: [3.5, 3.5, 3.5, 3.5, 3.5, 3.5, 3.5, 3.5, 3.5, 3.5, 3.5, 3.5, 3.5, 2.0]
LOSE: random_idx_1 = 1, random_idx_2 = 8
LOSE: random_idx_1 = 1, random_idx_2 = 3

iteration: 11
best: [5.7, 7.02, 9.19, 11.45, 13.99, 17.63, 26.13, 30.27, 32.02, 33.86, 35.84, 38.39, 40.23, 41.48]
time: [5.71, 7.05, 9.21, 15.15, 18.0, 21.7, 30.24, 34.13, 37.39, 39.65, 41.54, 1000, 1000, 1000]
current_hyper_parameter
v: [34.77, 24.94, 31.02, 14.61, 18.5, 21.73, 33.81, 14.71, 19.96, 25.54, 12.0, 17.86, 14.92, 22.26]
a: [127.15, 155.42, 145.92, 85.96, 118.2, 108.81, 118.2, 61.89, 26.68, 58.91, 152.52, 49.33, 153.38, 50.0]
d: [3.5, 3.5, 3.5, 3.5, 3.5, 3.5, 3.5, 3.5, 3.5, 3.5, 3.5, 3.5, 3.5, 2.0]
BEST_hyper_parameter
v: [34.77, 24.94, 31.02, 14.61, 18.5, 21.73, 33.81, 14.71, 19.96, 25.54, 12.0, 17.86, 14.92, 22.26]
a: [127.15, 155.42, 145.92, 85.97, 118.2, 108.81, 118.2, 61.89, 95.81, 58.91, 152.52, 49.33, 153.38, 50.0]
d: [3.5, 3.5, 3.5, 3.5, 3.5, 3.5, 3.5, 3.5, 3.5, 3.5, 3.5, 3.5, 3.5, 2.0]
LOSE: random_idx_1 = 0, random_idx_2 = 13
LOSE: random_idx_1 = 1, random_idx_2 = 11

iteration: 12
best: [5.7, 7.02, 9.19, 11.45, 13.99, 17.63, 26.13, 30.27, 32.02, 33.86, 35.84, 38.39, 40.23, 41.48]
time: [5.71, 7.05, 9.23, 11.79, 14.61, 21.08, 29.93, 34.01, 35.96, 37.71, 39.85, 1000, 1000, 1000]
current_hyper_parameter
v: [34.77, 24.94, 31.02, 14.61, 18.5, 21.73, 33.81, 14.71, 19.96, 25.54, 12.0, 17.86, 14.92, 29.08]
a: [127.15, 155.42, 145.92, 85.97, 118.2, 108.81, 118.2, 61.89, 95.81, 58.91, 152.52, 55.87, 153.38, 50.0]
d: [3.5, 3.5, 3.5, 3.5, 3.5, 3.5, 3.5, 3.5, 3.5, 3.5, 3.5, 3.5, 3.5, 2.0]
BEST_hyper_parameter
v: [34.77, 24.94, 31.02, 14.61, 18.5, 21.73, 33.81, 14.71, 19.96, 25.54, 12.0, 17.86, 14.92, 22.26]
a: [127.15, 155.42, 145.92, 85.97, 118.2, 108.81, 118.2, 61.89, 95.81, 58.91, 152.52, 49.33, 153.38, 50.0]
d: [3.5, 3.5, 3.5, 3.5, 3.5, 3.5, 3.5, 3.5, 3.5, 3.5, 3.5, 3.5, 3.5, 2.0]
LOSE: random_idx_1 = 2, random_idx_2 = 3
LOSE: random_idx_1 = 0, random_idx_2 = 6

iteration: 13
best: [5.7, 7.02, 9.19, 11.45, 13.99, 17.63, 26.13, 30.27, 32.02, 33.86, 35.84, 38.39, 40.23, 41.48]
time: [5.7, 7.06, 9.24, 11.81, 14.57, 18.24, 28.54, 40.57, 42.65, 1000, 1000, 1000, 1000, 1000]
current_hyper_parameter
v: [34.77, 24.94, 31.02, 14.61, 18.5, 21.73, 23.49, 14.71, 19.96, 25.54, 12.0, 17.86, 14.92, 22.26]
a: [127.15, 155.42, 145.92, 85.97, 118.2, 108.81, 118.2, 61.89, 95.81, 58.91, 152.52, 49.33, 153.38, 50.0]
d: [3.5, 3.5, 3.5, 3.5, 3.5, 3.5, 3.5, 3.5, 3.5, 3.5, 3.5, 3.5, 3.5, 2.0]
BEST_hyper_parameter
v: [34.77, 24.94, 31.02, 14.61, 18.5, 21.73, 33.81, 14.71, 19.96, 25.54, 12.0, 17.86, 14.92, 22.26]
a: [127.15, 155.42, 145.92, 85.97, 118.2, 108.81, 118.2, 61.89, 95.81, 58.91, 152.52, 49.33, 153.38, 50.0]
d: [3.5, 3.5, 3.5, 3.5, 3.5, 3.5, 3.5, 3.5, 3.5, 3.5, 3.5, 3.5, 3.5, 2.0]
LOSE: random_idx_1 = 2, random_idx_2 = 4
LOSE: random_idx_1 = 1, random_idx_2 = 9

iteration: 14
best: [5.7, 7.02, 9.19, 11.45, 13.99, 17.63, 26.13, 30.27, 32.02, 33.86, 35.84, 38.39, 40.23, 41.48]
time: [5.71, 7.07, 9.23, 12.11, 17.91, 21.35, 29.86, 34.04, 36.0, 37.75, 39.56, 42.07, 1000, 1000]
current_hyper_parameter
v: [34.77, 24.94, 31.02, 14.61, 18.5, 21.73, 33.81, 14.71, 19.96, 25.54, 12.0, 17.86, 14.92, 22.26]
a: [127.15, 155.42, 145.92, 85.97, 118.2, 108.81, 118.2, 61.89, 95.81, 64.79, 152.52, 49.33, 153.38, 50.0]
d: [3.5, 3.5, 3.5, 3.5, 3.5, 3.5, 3.5, 3.5, 3.5, 3.5, 3.5, 3.5, 3.5, 2.0]
BEST_hyper_parameter
v: [34.77, 24.94, 31.02, 14.61, 18.5, 21.73, 33.81, 14.71, 19.96, 25.54, 12.0, 17.86, 14.92, 22.26]
a: [127.15, 155.42, 145.92, 85.97, 118.2, 108.81, 118.2, 61.89, 95.81, 58.91, 152.52, 49.33, 153.38, 50.0]
d: [3.5, 3.5, 3.5, 3.5, 3.5, 3.5, 3.5, 3.5, 3.5, 3.5, 3.5, 3.5, 3.5, 2.0]
LOSE: random_idx_1 = 0, random_idx_2 = 3
LOSE: random_idx_1 = 0, random_idx_2 = 2

iteration: 15
best: [5.7, 7.02, 9.19, 11.45, 13.99, 17.63, 26.13, 30.27, 32.02, 33.86, 35.84, 38.39, 40.23, 41.48]
time: [5.75, 7.15, 9.91, 12.91, 15.56, 19.29, 27.89, 32.11, 33.95, 35.76, 37.47, 40.05, 41.95, 1000]
current_hyper_parameter
v: [34.77, 24.94, 18.66, 9.38, 18.5, 21.73, 33.81, 14.71, 19.96, 25.54, 12.0, 17.86, 14.92, 22.26]
a: [127.15, 155.42, 145.92, 85.97, 118.2, 108.81, 118.2, 61.89, 95.81, 58.91, 152.52, 49.33, 153.38, 50.0]
d: [3.5, 3.5, 3.5, 3.5, 3.5, 3.5, 3.5, 3.5, 3.5, 3.5, 3.5, 3.5, 3.5, 2.0]
BEST_hyper_parameter
v: [34.77, 24.94, 31.02, 14.61, 18.5, 21.73, 33.81, 14.71, 19.96, 25.54, 12.0, 17.86, 14.92, 22.26]
a: [127.15, 155.42, 145.92, 85.97, 118.2, 108.81, 118.2, 61.89, 95.81, 58.91, 152.52, 49.33, 153.38, 50.0]
d: [3.5, 3.5, 3.5, 3.5, 3.5, 3.5, 3.5, 3.5, 3.5, 3.5, 3.5, 3.5, 3.5, 2.0]
LOSE: random_idx_1 = 0, random_idx_2 = 12
LOSE: random_idx_1 = 1, random_idx_2 = 11

iteration: 16
best: [5.7, 7.02, 9.19, 11.45, 13.99, 17.63, 26.13, 30.27, 32.02, 33.86, 35.84, 38.39, 40.23, 41.48]
time: [5.71, 7.07, 9.25, 11.85, 14.59, 18.28, 26.8, 31.1, 32.94, 34.69, 36.6, 41.94, 1000, 1000]
current_hyper_parameter
v: [34.77, 24.94, 31.02, 14.61, 18.5, 21.73, 33.81, 14.71, 19.96, 25.54, 12.0, 17.86, 11.89, 22.26]
a: [127.15, 155.42, 145.92, 85.97, 118.2, 108.81, 118.2, 61.89, 95.81, 58.91, 152.52, 98.29, 153.38, 50.0]
d: [3.5, 3.5, 3.5, 3.5, 3.5, 3.5, 3.5, 3.5, 3.5, 3.5, 3.5, 3.5, 3.5, 2.0]
BEST_hyper_parameter
v: [34.77, 24.94, 31.02, 14.61, 18.5, 21.73, 33.81, 14.71, 19.96, 25.54, 12.0, 17.86, 14.92, 22.26]
a: [127.15, 155.42, 145.92, 85.97, 118.2, 108.81, 118.2, 61.89, 95.81, 58.91, 152.52, 49.33, 153.38, 50.0]
d: [3.5, 3.5, 3.5, 3.5, 3.5, 3.5, 3.5, 3.5, 3.5, 3.5, 3.5, 3.5, 3.5, 2.0]
LOSE: random_idx_1 = 2, random_idx_2 = 1
LOSE: random_idx_1 = 0, random_idx_2 = 2

iteration: 17
best: [5.7, 7.02, 9.19, 11.45, 13.99, 17.63, 26.13, 30.27, 32.02, 33.86, 35.84, 38.39, 40.23, 41.48]
time: [5.73, 7.08, 9.23, 11.69, 17.48, 20.86, 29.39, 33.53, 35.47, 37.27, 39.28, 41.82, 43.75, 1000]
current_hyper_parameter
v: [34.77, 24.94, 33.52, 14.61, 18.5, 21.73, 33.81, 14.71, 19.96, 25.54, 12.0, 17.86, 14.92, 22.26]
a: [127.15, 155.42, 145.92, 85.97, 118.2, 108.81, 118.2, 61.89, 95.81, 58.91, 152.52, 49.33, 153.38, 50.0]
d: [3.5, 3.5, 3.5, 3.5, 3.5, 3.5, 3.5, 3.5, 3.5, 3.5, 3.5, 3.5, 3.5, 2.0]
BEST_hyper_parameter
v: [34.77, 24.94, 31.02, 14.61, 18.5, 21.73, 33.81, 14.71, 19.96, 25.54, 12.0, 17.86, 14.92, 22.26]
a: [127.15, 155.42, 145.92, 85.97, 118.2, 108.81, 118.2, 61.89, 95.81, 58.91, 152.52, 49.33, 153.38, 50.0]
d: [3.5, 3.5, 3.5, 3.5, 3.5, 3.5, 3.5, 3.5, 3.5, 3.5, 3.5, 3.5, 3.5, 2.0]
LOSE: random_idx_1 = 1, random_idx_2 = 0
LOSE: random_idx_1 = 2, random_idx_2 = 0

iteration: 18
best: [5.7, 7.02, 9.19, 11.45, 13.99, 17.63, 26.13, 30.27, 32.02, 33.86, 35.84, 38.39, 40.23, 41.48]
time: [5.7, 6.98, 9.18, 14.83, 17.59, 21.23, 29.85, 33.78, 35.67, 37.67, 42.35, 1000, 1000, 1000]
current_hyper_parameter
v: [34.77, 24.94, 31.02, 14.61, 18.5, 21.73, 33.81, 14.71, 19.96, 25.54, 12.0, 17.86, 14.92, 22.26]
a: [134.39, 155.42, 145.92, 85.97, 118.2, 108.81, 118.2, 61.89, 95.81, 58.91, 152.52, 49.33, 153.38, 50.0]
d: [3.5, 3.5, 3.5, 3.5, 3.5, 3.5, 3.5, 3.5, 3.5, 3.5, 3.5, 3.5, 3.5, 2.0]
BEST_hyper_parameter
v: [34.77, 24.94, 31.02, 14.61, 18.5, 21.73, 33.81, 14.71, 19.96, 25.54, 12.0, 17.86, 14.92, 22.26]
a: [127.15, 155.42, 145.92, 85.97, 118.2, 108.81, 118.2, 61.89, 95.81, 58.91, 152.52, 49.33, 153.38, 50.0]
d: [3.5, 3.5, 3.5, 3.5, 3.5, 3.5, 3.5, 3.5, 3.5, 3.5, 3.5, 3.5, 3.5, 2.0]
LOSE: random_idx_1 = 1, random_idx_2 = 5
LOSE: random_idx_1 = 0, random_idx_2 = 13

iteration: 19
best: [5.7, 7.02, 9.19, 11.45, 13.99, 17.63, 26.13, 30.27, 32.02, 33.86, 35.84, 38.39, 40.23, 41.48]
time: [5.71, 7.05, 9.21, 11.67, 17.34, 20.88, 29.43, 33.46, 35.5, 37.32, 39.22, 41.85, 43.5, 1000]
current_hyper_parameter
v: [34.77, 24.94, 31.02, 14.61, 18.5, 21.73, 33.81, 14.71, 19.96, 25.54, 12.0, 17.86, 14.92, 15.38]
a: [127.15, 155.42, 145.92, 85.97, 118.2, 100.02, 118.2, 61.89, 95.81, 58.91, 152.52, 49.33, 153.38, 50.0]
d: [3.5, 3.5, 3.5, 3.5, 3.5, 3.5, 3.5, 3.5, 3.5, 3.5, 3.5, 3.5, 3.5, 2.0]
BEST_hyper_parameter
v: [34.77, 24.94, 31.02, 14.61, 18.5, 21.73, 33.81, 14.71, 19.96, 25.54, 12.0, 17.86, 14.92, 22.26]
a: [127.15, 155.42, 145.92, 85.97, 118.2, 108.81, 118.2, 61.89, 95.81, 58.91, 152.52, 49.33, 153.38, 50.0]
d: [3.5, 3.5, 3.5, 3.5, 3.5, 3.5, 3.5, 3.5, 3.5, 3.5, 3.5, 3.5, 3.5, 2.0]
LOSE: random_idx_1 = 1, random_idx_2 = 6
LOSE: random_idx_1 = 0, random_idx_2 = 3

iteration: 20
best: [5.7, 7.02, 9.19, 11.45, 13.99, 17.63, 26.13, 30.27, 32.02, 33.86, 35.84, 38.39, 40.23, 41.48]
time: [5.72, 6.99, 9.2, 12.18, 14.99, 18.72, 27.34, 31.24, 33.14, 35.27, 36.62, 39.4, 41.21, 42.6]
current_hyper_parameter
v: [34.77, 24.94, 31.02, 9.37, 18.5, 21.73, 33.81, 14.71, 19.96, 25.54, 12.0, 17.86, 14.92, 22.26]
a: [127.15, 155.42, 145.92, 85.97, 118.2, 108.81, 119.43, 61.89, 95.81, 58.91, 152.52, 49.33, 153.38, 50.0]
d: [3.5, 3.5, 3.5, 3.5, 3.5, 3.5, 3.5, 3.5, 3.5, 3.5, 3.5, 3.5, 3.5, 2.0]
BEST_hyper_parameter
v: [34.77, 24.94, 31.02, 14.61, 18.5, 21.73, 33.81, 14.71, 19.96, 25.54, 12.0, 17.86, 14.92, 22.26]
a: [127.15, 155.42, 145.92, 85.97, 118.2, 108.81, 118.2, 61.89, 95.81, 58.91, 152.52, 49.33, 153.38, 50.0]
d: [3.5, 3.5, 3.5, 3.5, 3.5, 3.5, 3.5, 3.5, 3.5, 3.5, 3.5, 3.5, 3.5, 2.0]
LOSE: random_idx_1 = 1, random_idx_2 = 3
LOSE: random_idx_1 = 0, random_idx_2 = 8

iteration: 21
best: [5.7, 7.02, 9.19, 11.45, 13.99, 17.63, 26.13, 30.27, 32.02, 33.86, 35.84, 38.39, 40.23, 41.48]
time: [5.7, 7.05, 9.21, 12.08, 17.87, 21.47, 29.91, 34.15, 36.85, 38.98, 40.94, 1000, 1000, 1000]
current_hyper_parameter
v: [34.77, 24.94, 31.02, 14.61, 18.5, 21.73, 33.81, 14.71, 9.02, 25.54, 12.0, 17.86, 14.92, 22.26]
a: [127.15, 155.42, 145.92, 94.31, 118.2, 108.81, 118.2, 61.89, 95.81, 58.91, 152.52, 49.33, 153.38, 50.0]
d: [3.5, 3.5, 3.5, 3.5, 3.5, 3.5, 3.5, 3.5, 3.5, 3.5, 3.5, 3.5, 3.5, 2.0]
BEST_hyper_parameter
v: [34.77, 24.94, 31.02, 14.61, 18.5, 21.73, 33.81, 14.71, 19.96, 25.54, 12.0, 17.86, 14.92, 22.26]
a: [127.15, 155.42, 145.92, 85.97, 118.2, 108.81, 118.2, 61.89, 95.81, 58.91, 152.52, 49.33, 153.38, 50.0]
d: [3.5, 3.5, 3.5, 3.5, 3.5, 3.5, 3.5, 3.5, 3.5, 3.5, 3.5, 3.5, 3.5, 2.0]
LOSE: random_idx_1 = 2, random_idx_2 = 6
LOSE: random_idx_1 = 0, random_idx_2 = 3

iteration: 22
best: [5.7, 7.02, 9.19, 11.45, 13.99, 17.63, 26.13, 30.27, 32.02, 33.86, 35.84, 38.39, 40.23, 41.48]
time: [5.72, 7.06, 9.22, 14.86, 17.69, 20.99, 29.48, 33.51, 35.45, 37.24, 39.04, 41.58, 1000, 1000]
current_hyper_parameter
v: [34.77, 24.94, 31.02, 13.36, 18.5, 21.73, 33.81, 14.71, 19.96, 25.54, 12.0, 17.86, 14.92, 22.26]
a: [127.15, 155.42, 145.92, 85.97, 118.2, 108.81, 118.2, 61.89, 95.81, 58.91, 152.52, 49.33, 153.38, 50.0]
d: [3.5, 3.5, 3.5, 3.5, 3.5, 3.5, 3.5, 3.5, 3.5, 3.5, 3.5, 3.5, 3.5, 2.0]
BEST_hyper_parameter
v: [34.77, 24.94, 31.02, 14.61, 18.5, 21.73, 33.81, 14.71, 19.96, 25.54, 12.0, 17.86, 14.92, 22.26]
a: [127.15, 155.42, 145.92, 85.97, 118.2, 108.81, 118.2, 61.89, 95.81, 58.91, 152.52, 49.33, 153.38, 50.0]
d: [3.5, 3.5, 3.5, 3.5, 3.5, 3.5, 3.5, 3.5, 3.5, 3.5, 3.5, 3.5, 3.5, 2.0]
LOSE: random_idx_1 = 2, random_idx_2 = 7
LOSE: random_idx_1 = 0, random_idx_2 = 0

iteration: 23
best: [5.7, 7.02, 9.19, 11.45, 13.99, 17.63, 26.13, 30.27, 32.02, 33.86, 35.84, 38.39, 40.23, 41.48]
time: [5.76, 7.2, 9.72, 12.36, 15.18, 18.66, 27.46, 31.61, 33.46, 35.2, 37.17, 39.87, 41.7, 42.92]
current_hyper_parameter
v: [25.64, 24.94, 31.02, 14.61, 18.5, 21.73, 33.81, 14.71, 19.96, 25.54, 12.0, 17.86, 14.92, 22.26]
a: [127.15, 155.42, 145.92, 85.97, 118.2, 108.81, 118.2, 61.89, 95.81, 58.91, 152.52, 49.33, 153.38, 50.0]
d: [3.5, 3.5, 3.5, 3.5, 3.5, 3.5, 3.5, 3.5, 3.5, 3.5, 3.5, 3.5, 3.5, 2.0]
BEST_hyper_parameter
v: [34.77, 24.94, 31.02, 14.61, 18.5, 21.73, 33.81, 14.71, 19.96, 25.54, 12.0, 17.86, 14.92, 22.26]
a: [127.15, 155.42, 145.92, 85.97, 118.2, 108.81, 118.2, 61.89, 95.81, 58.91, 152.52, 49.33, 153.38, 50.0]
d: [3.5, 3.5, 3.5, 3.5, 3.5, 3.5, 3.5, 3.5, 3.5, 3.5, 3.5, 3.5, 3.5, 2.0]
LOSE: random_idx_1 = 2, random_idx_2 = 5
LOSE: random_idx_1 = 0, random_idx_2 = 4

iteration: 24
best: [5.7, 7.02, 9.19, 11.45, 13.99, 17.63, 26.13, 30.27, 32.02, 33.86, 35.84, 38.39, 40.23, 41.48]
time: [5.68, 7.05, 9.24, 11.79, 14.43, 18.29, 26.76, 31.01, 32.86, 34.66, 36.41, 1000, 1000, 1000]
current_hyper_parameter
v: [34.77, 24.94, 31.02, 14.61, 22.14, 21.73, 33.81, 14.71, 19.96, 25.54, 12.0, 17.86, 14.92, 22.26]
a: [127.15, 155.42, 145.92, 85.97, 118.2, 108.81, 118.2, 61.89, 95.81, 58.91, 152.52, 49.33, 153.38, 50.0]
d: [3.5, 3.5, 3.5, 3.5, 3.5, 3.5, 3.5, 3.5, 3.5, 3.5, 3.5, 3.5, 3.5, 2.0]
BEST_hyper_parameter
v: [34.77, 24.94, 31.02, 14.61, 18.5, 21.73, 33.81, 14.71, 19.96, 25.54, 12.0, 17.86, 14.92, 22.26]
a: [127.15, 155.42, 145.92, 85.97, 118.2, 108.81, 118.2, 61.89, 95.81, 58.91, 152.52, 49.33, 153.38, 50.0]
d: [3.5, 3.5, 3.5, 3.5, 3.5, 3.5, 3.5, 3.5, 3.5, 3.5, 3.5, 3.5, 3.5, 2.0]
LOSE: random_idx_1 = 1, random_idx_2 = 13
LOSE: random_idx_1 = 2, random_idx_2 = 8

iteration: 25
best: [5.7, 7.02, 9.19, 11.45, 13.99, 17.63, 26.13, 30.27, 32.02, 33.86, 35.84, 38.39, 40.23, 41.48]
time: [5.67, 7.05, 9.21, 14.8, 17.62, 21.14, 29.93, 34.11, 35.93, 37.71, 42.33, 1000, 1000, 1000]
current_hyper_parameter
v: [34.77, 24.94, 31.02, 14.61, 18.5, 21.73, 33.81, 14.71, 19.96, 25.54, 12.0, 17.86, 14.92, 22.26]
a: [127.15, 155.42, 145.92, 85.97, 118.2, 108.81, 118.2, 61.89, 95.81, 58.91, 152.52, 49.33, 153.38, 146.96]
d: [3.5, 3.5, 3.5, 3.5, 3.5, 3.5, 3.5, 3.5, 3.5, 3.5, 3.5, 3.5, 3.5, 2.0]
BEST_hyper_parameter
v: [34.77, 24.94, 31.02, 14.61, 18.5, 21.73, 33.81, 14.71, 19.96, 25.54, 12.0, 17.86, 14.92, 22.26]
a: [127.15, 155.42, 145.92, 85.97, 118.2, 108.81, 118.2, 61.89, 95.81, 58.91, 152.52, 49.33, 153.38, 50.0]
d: [3.5, 3.5, 3.5, 3.5, 3.5, 3.5, 3.5, 3.5, 3.5, 3.5, 3.5, 3.5, 3.5, 2.0]
LOSE: random_idx_1 = 1, random_idx_2 = 2
LOSE: random_idx_1 = 2, random_idx_2 = 7

iteration: 26
best: [5.7, 7.02, 9.19, 11.45, 13.99, 17.63, 26.13, 30.27, 32.02, 33.86, 35.84, 38.39, 40.23, 41.48]
time: [5.68, 7.06, 9.43, 12.08, 17.8, 21.3, 29.95, 34.1, 36.05, 37.87, 39.85, 42.4, 1000, 1000]
current_hyper_parameter
v: [34.77, 24.94, 31.02, 14.61, 18.5, 21.73, 33.81, 14.71, 19.96, 25.54, 12.0, 17.86, 14.92, 22.26]
a: [127.15, 155.42, 95.14, 85.97, 118.2, 108.81, 118.2, 61.89, 95.81, 58.91, 152.52, 49.33, 153.38, 50.0]
d: [3.5, 3.5, 3.5, 3.5, 3.5, 3.5, 3.5, 3.5, 3.5, 3.5, 3.5, 3.5, 3.5, 2.0]
BEST_hyper_parameter
v: [34.77, 24.94, 31.02, 14.61, 18.5, 21.73, 33.81, 14.71, 19.96, 25.54, 12.0, 17.86, 14.92, 22.26]
a: [127.15, 155.42, 145.92, 85.97, 118.2, 108.81, 118.2, 61.89, 95.81, 58.91, 152.52, 49.33, 153.38, 50.0]
d: [3.5, 3.5, 3.5, 3.5, 3.5, 3.5, 3.5, 3.5, 3.5, 3.5, 3.5, 3.5, 3.5, 2.0]
LOSE: random_idx_1 = 2, random_idx_2 = 1
LOSE: random_idx_1 = 2, random_idx_2 = 10

iteration: 27
best: [5.7, 7.02, 9.19, 11.45, 13.99, 17.63, 26.13, 30.27, 32.02, 33.86, 35.84, 38.39, 40.23, 41.48]
time: [5.72, 7.07, 9.24, 14.83, 17.62, 21.26, 29.86, 34.17, 36.1, 37.89, 39.86, 42.54, 1000, 1000]
current_hyper_parameter
v: [34.77, 24.94, 31.02, 14.61, 18.5, 21.73, 33.81, 14.71, 19.96, 25.54, 12.0, 17.86, 14.92, 22.26]
a: [127.15, 155.42, 145.92, 85.97, 118.2, 108.81, 118.2, 61.89, 95.81, 58.91, 152.52, 49.33, 153.38, 50.0]
d: [3.5, 3.5, 3.5, 3.5, 3.5, 3.5, 3.5, 3.5, 3.5, 3.5, 3.5, 3.5, 3.5, 2.0]
BEST_hyper_parameter
v: [34.77, 24.94, 31.02, 14.61, 18.5, 21.73, 33.81, 14.71, 19.96, 25.54, 12.0, 17.86, 14.92, 22.26]
a: [127.15, 155.42, 145.92, 85.97, 118.2, 108.81, 118.2, 61.89, 95.81, 58.91, 152.52, 49.33, 153.38, 50.0]
d: [3.5, 3.5, 3.5, 3.5, 3.5, 3.5, 3.5, 3.5, 3.5, 3.5, 3.5, 3.5, 3.5, 2.0]
LOSE: random_idx_1 = 2, random_idx_2 = 4
LOSE: random_idx_1 = 2, random_idx_2 = 0

iteration: 28
best: [5.7, 7.02, 9.19, 11.45, 13.99, 17.63, 26.13, 30.27, 32.02, 33.86, 35.84, 38.39, 40.23, 41.48]
time: [5.69, 7.04, 9.2, 11.69, 17.37, 20.81, 29.39, 33.48, 35.5, 37.31, 39.26, 41.86, 43.79, 1000]
current_hyper_parameter
v: [34.77, 24.94, 31.02, 14.61, 18.5, 21.73, 33.81, 14.71, 19.96, 25.54, 12.0, 17.86, 14.92, 22.26]
a: [127.15, 155.42, 145.92, 85.97, 118.2, 108.81, 118.2, 61.89, 95.81, 58.91, 152.52, 49.33, 153.38, 50.0]
d: [3.5, 3.5, 3.5, 3.5, 3.5, 3.5, 3.5, 3.5, 3.5, 3.5, 3.5, 3.5, 3.5, 2.0]
BEST_hyper_parameter
v: [34.77, 24.94, 31.02, 14.61, 18.5, 21.73, 33.81, 14.71, 19.96, 25.54, 12.0, 17.86, 14.92, 22.26]
a: [127.15, 155.42, 145.92, 85.97, 118.2, 108.81, 118.2, 61.89, 95.81, 58.91, 152.52, 49.33, 153.38, 50.0]
d: [3.5, 3.5, 3.5, 3.5, 3.5, 3.5, 3.5, 3.5, 3.5, 3.5, 3.5, 3.5, 3.5, 2.0]
LOSE: random_idx_1 = 1, random_idx_2 = 7
LOSE: random_idx_1 = 0, random_idx_2 = 11

iteration: 29
best: [5.7, 7.02, 9.19, 11.45, 13.99, 17.63, 26.13, 30.27, 32.02, 33.86, 35.84, 38.39, 40.23, 41.48]
time: [5.69, 7.04, 9.24, 12.09, 17.99, 21.37, 29.88, 36.1, 38.4, 41.05, 42.35, 1000, 1000, 1000]
current_hyper_parameter
v: [34.77, 24.94, 31.02, 14.61, 18.5, 21.73, 33.81, 14.71, 19.96, 25.54, 12.0, 15.81, 14.92, 22.26]
a: [127.15, 155.42, 145.92, 85.97, 118.2, 108.81, 118.2, 139.19, 95.81, 58.91, 152.52, 49.33, 153.38, 50.0]
d: [3.5, 3.5, 3.5, 3.5, 3.5, 3.5, 3.5, 3.5, 3.5, 3.5, 3.5, 3.5, 3.5, 2.0]
BEST_hyper_parameter
v: [34.77, 24.94, 31.02, 14.61, 18.5, 21.73, 33.81, 14.71, 19.96, 25.54, 12.0, 17.86, 14.92, 22.26]
a: [127.15, 155.42, 145.92, 85.97, 118.2, 108.81, 118.2, 61.89, 95.81, 58.91, 152.52, 49.33, 153.38, 50.0]
d: [3.5, 3.5, 3.5, 3.5, 3.5, 3.5, 3.5, 3.5, 3.5, 3.5, 3.5, 3.5, 3.5, 2.0]
LOSE: random_idx_1 = 0, random_idx_2 = 8
LOSE: random_idx_1 = 0, random_idx_2 = 1

iteration: 30
best: [5.7, 7.02, 9.19, 11.45, 13.99, 17.63, 26.13, 30.27, 32.02, 33.86, 35.84, 38.39, 40.23, 41.48]
time: [5.7, 7.23, 9.81, 15.75, 18.58, 22.27, 30.83, 34.77, 36.59, 38.37, 40.11, 1000, 1000, 1000]
current_hyper_parameter
v: [34.77, 12.46, 31.02, 14.61, 18.5, 21.73, 33.81, 14.71, 23.12, 25.54, 12.0, 17.86, 14.92, 22.26]
a: [127.15, 155.42, 145.92, 85.97, 118.2, 108.81, 118.2, 61.89, 95.81, 58.91, 152.52, 49.33, 153.38, 50.0]
d: [3.5, 3.5, 3.5, 3.5, 3.5, 3.5, 3.5, 3.5, 3.5, 3.5, 3.5, 3.5, 3.5, 2.0]
BEST_hyper_parameter
v: [34.77, 24.94, 31.02, 14.61, 18.5, 21.73, 33.81, 14.71, 19.96, 25.54, 12.0, 17.86, 14.92, 22.26]
a: [127.15, 155.42, 145.92, 85.97, 118.2, 108.81, 118.2, 61.89, 95.81, 58.91, 152.52, 49.33, 153.38, 50.0]
d: [3.5, 3.5, 3.5, 3.5, 3.5, 3.5, 3.5, 3.5, 3.5, 3.5, 3.5, 3.5, 3.5, 2.0]
LOSE: random_idx_1 = 0, random_idx_2 = 7
LOSE: random_idx_1 = 2, random_idx_2 = 4

iteration: 31
best: [5.7, 7.02, 9.19, 11.45, 13.99, 17.63, 26.13, 30.27, 32.02, 33.86, 35.84, 38.39, 40.23, 41.48]
time: [5.67, 7.04, 9.21, 14.81, 17.58, 21.23, 29.89, 33.54, 35.07, 37.13, 38.48, 41.34, 1000, 1000]
current_hyper_parameter
v: [34.77, 24.94, 31.02, 14.61, 18.5, 21.73, 33.81, 24.85, 19.96, 25.54, 12.0, 17.86, 14.92, 22.26]
a: [127.15, 155.42, 145.92, 85.97, 118.2, 108.81, 118.2, 61.89, 95.81, 58.91, 152.52, 49.33, 153.38, 50.0]
d: [3.5, 3.5, 3.5, 3.5, 3.5, 3.5, 3.5, 3.5, 3.5, 3.5, 3.5, 3.5, 3.5, 2.0]
BEST_hyper_parameter
v: [34.77, 24.94, 31.02, 14.61, 18.5, 21.73, 33.81, 14.71, 19.96, 25.54, 12.0, 17.86, 14.92, 22.26]
a: [127.15, 155.42, 145.92, 85.97, 118.2, 108.81, 118.2, 61.89, 95.81, 58.91, 152.52, 49.33, 153.38, 50.0]
d: [3.5, 3.5, 3.5, 3.5, 3.5, 3.5, 3.5, 3.5, 3.5, 3.5, 3.5, 3.5, 3.5, 2.0]
LOSE: random_idx_1 = 2, random_idx_2 = 11
LOSE: random_idx_1 = 2, random_idx_2 = 13

iteration: 32
best: [5.7, 7.02, 9.19, 11.45, 13.99, 17.63, 26.13, 30.27, 32.02, 33.86, 35.84, 38.39, 40.23, 41.48]
time: [5.7, 7.07, 9.24, 12.14, 14.78, 21.33, 29.93, 34.06, 36.06, 37.76, 39.58, 1000, 1000, 1000]
current_hyper_parameter
v: [34.77, 24.94, 31.02, 14.61, 18.5, 21.73, 33.81, 14.71, 19.96, 25.54, 12.0, 17.86, 14.92, 22.26]
a: [127.15, 155.42, 145.92, 85.97, 118.2, 108.81, 118.2, 61.89, 95.81, 58.91, 152.52, 49.33, 153.38, 50.0]
d: [3.5, 3.5, 3.5, 3.5, 3.5, 3.5, 3.5, 3.5, 3.5, 3.5, 3.5, 3.5, 3.5, 2.0]
BEST_hyper_parameter
v: [34.77, 24.94, 31.02, 14.61, 18.5, 21.73, 33.81, 14.71, 19.96, 25.54, 12.0, 17.86, 14.92, 22.26]
a: [127.15, 155.42, 145.92, 85.97, 118.2, 108.81, 118.2, 61.89, 95.81, 58.91, 152.52, 49.33, 153.38, 50.0]
d: [3.5, 3.5, 3.5, 3.5, 3.5, 3.5, 3.5, 3.5, 3.5, 3.5, 3.5, 3.5, 3.5, 2.0]
LOSE: random_idx_1 = 0, random_idx_2 = 5
LOSE: random_idx_1 = 0, random_idx_2 = 2

iteration: 33
best: [5.7, 7.02, 9.19, 11.45, 13.99, 17.63, 26.13, 30.27, 32.02, 33.86, 35.84, 38.39, 40.23, 41.48]
time: [5.67, 7.04, 9.33, 12.33, 15.14, 19.76, 28.62, 35.77, 1000, 1000, 1000, 1000, 1000, 1000]
current_hyper_parameter
v: [34.77, 24.94, 25.35, 14.61, 18.5, 8.83, 33.81, 14.71, 19.96, 25.54, 12.0, 17.86, 14.92, 22.26]
a: [127.15, 155.42, 145.92, 85.97, 118.2, 108.81, 118.2, 61.89, 95.81, 58.91, 152.52, 49.33, 153.38, 50.0]
d: [3.5, 3.5, 3.5, 3.5, 3.5, 3.5, 3.5, 3.5, 3.5, 3.5, 3.5, 3.5, 3.5, 2.0]
BEST_hyper_parameter
v: [34.77, 24.94, 31.02, 14.61, 18.5, 21.73, 33.81, 14.71, 19.96, 25.54, 12.0, 17.86, 14.92, 22.26]
a: [127.15, 155.42, 145.92, 85.97, 118.2, 108.81, 118.2, 61.89, 95.81, 58.91, 152.52, 49.33, 153.38, 50.0]
d: [3.5, 3.5, 3.5, 3.5, 3.5, 3.5, 3.5, 3.5, 3.5, 3.5, 3.5, 3.5, 3.5, 2.0]
LOSE: random_idx_1 = 2, random_idx_2 = 9
LOSE: random_idx_1 = 0, random_idx_2 = 9

iteration: 34
best: [5.7, 7.02, 9.19, 11.45, 13.99, 17.63, 26.13, 30.27, 32.02, 33.86, 35.84, 38.39, 40.23, 41.48]
time: [5.69, 7.03, 9.21, 12.08, 17.88, 21.31, 29.86, 34.01, 35.93, 37.84, 39.55, 42.08, 1000, 1000]
current_hyper_parameter
v: [34.77, 24.94, 31.02, 14.61, 18.5, 21.73, 33.81, 14.71, 19.96, 11.92, 12.0, 17.86, 14.92, 22.26]
a: [127.15, 155.42, 145.92, 85.97, 118.2, 108.81, 118.2, 61.89, 95.81, 58.91, 152.52, 49.33, 153.38, 50.0]
d: [3.5, 3.5, 3.5, 3.5, 3.5, 3.5, 3.5, 3.5, 3.5, 3.5, 3.5, 3.5, 3.5, 2.0]
BEST_hyper_parameter
v: [34.77, 24.94, 31.02, 14.61, 18.5, 21.73, 33.81, 14.71, 19.96, 25.54, 12.0, 17.86, 14.92, 22.26]
a: [127.15, 155.42, 145.92, 85.97, 118.2, 108.81, 118.2, 61.89, 95.81, 58.91, 152.52, 49.33, 153.38, 50.0]
d: [3.5, 3.5, 3.5, 3.5, 3.5, 3.5, 3.5, 3.5, 3.5, 3.5, 3.5, 3.5, 3.5, 2.0]
LOSE: random_idx_1 = 1, random_idx_2 = 12
LOSE: random_idx_1 = 1, random_idx_2 = 6

iteration: 35
best: [5.7, 7.02, 9.19, 11.45, 13.99, 17.63, 26.13, 30.27, 32.02, 33.86, 35.84, 38.39, 40.23, 41.48]
time: [5.68, 7.05, 9.23, 14.8, 17.67, 21.1, 33.85, 37.63, 39.23, 41.53, 1000, 1000, 1000, 1000]
current_hyper_parameter
v: [34.77, 24.94, 31.02, 14.61, 18.5, 21.73, 33.81, 14.71, 19.96, 25.54, 12.0, 17.86, 14.92, 22.26]
a: [127.15, 155.42, 145.92, 85.97, 118.2, 108.81, 37.63, 61.89, 95.81, 58.91, 152.52, 49.33, 143.33, 50.0]
d: [3.5, 3.5, 3.5, 3.5, 3.5, 3.5, 3.5, 3.5, 3.5, 3.5, 3.5, 3.5, 3.5, 2.0]
BEST_hyper_parameter
v: [34.77, 24.94, 31.02, 14.61, 18.5, 21.73, 33.81, 14.71, 19.96, 25.54, 12.0, 17.86, 14.92, 22.26]
a: [127.15, 155.42, 145.92, 85.97, 118.2, 108.81, 118.2, 61.89, 95.81, 58.91, 152.52, 49.33, 153.38, 50.0]
d: [3.5, 3.5, 3.5, 3.5, 3.5, 3.5, 3.5, 3.5, 3.5, 3.5, 3.5, 3.5, 3.5, 2.0]
LOSE: random_idx_1 = 2, random_idx_2 = 6
LOSE: random_idx_1 = 2, random_idx_2 = 0

iteration: 36
best: [5.7, 7.02, 9.19, 11.45, 13.99, 17.63, 26.13, 30.27, 32.02, 33.86, 35.84, 38.39, 40.23, 41.48]
time: [5.71, 7.07, 9.24, 14.82, 17.57, 21.21, 29.79, 33.84, 35.55, 37.32, 39.34, 41.93, 43.96, 1000]
current_hyper_parameter
v: [34.77, 24.94, 31.02, 14.61, 18.5, 21.73, 33.81, 14.71, 19.96, 25.54, 12.0, 17.86, 14.92, 22.26]
a: [127.15, 155.42, 145.92, 85.97, 118.2, 108.81, 118.2, 61.89, 95.81, 58.91, 152.52, 49.33, 153.38, 50.0]
d: [3.5, 3.5, 3.5, 3.5, 3.5, 3.5, 3.5, 3.5, 3.5, 3.5, 3.5, 3.5, 3.5, 2.0]
BEST_hyper_parameter
v: [34.77, 24.94, 31.02, 14.61, 18.5, 21.73, 33.81, 14.71, 19.96, 25.54, 12.0, 17.86, 14.92, 22.26]
a: [127.15, 155.42, 145.92, 85.97, 118.2, 108.81, 118.2, 61.89, 95.81, 58.91, 152.52, 49.33, 153.38, 50.0]
d: [3.5, 3.5, 3.5, 3.5, 3.5, 3.5, 3.5, 3.5, 3.5, 3.5, 3.5, 3.5, 3.5, 2.0]
LOSE: random_idx_1 = 1, random_idx_2 = 11
LOSE: random_idx_1 = 2, random_idx_2 = 6

iteration: 37
best: [5.7, 7.02, 9.19, 11.45, 13.99, 17.63, 26.13, 30.27, 32.02, 33.86, 35.84, 38.39, 40.23, 41.48]
time: [5.73, 7.08, 9.24, 14.81, 17.58, 21.27, 29.82, 34.08, 35.91, 37.67, 39.66, 1000, 1000, 1000]
current_hyper_parameter
v: [34.77, 24.94, 31.02, 14.61, 18.5, 21.73, 33.81, 14.71, 19.96, 25.54, 12.0, 17.86, 14.92, 22.26]
a: [127.15, 155.42, 145.92, 85.97, 118.2, 108.81, 118.2, 61.89, 95.81, 58.91, 152.52, 133.33, 153.38, 50.0]
d: [3.5, 3.5, 3.5, 3.5, 3.5, 3.5, 3.5, 3.5, 3.5, 3.5, 3.5, 3.5, 3.5, 2.0]
BEST_hyper_parameter
v: [34.77, 24.94, 31.02, 14.61, 18.5, 21.73, 33.81, 14.71, 19.96, 25.54, 12.0, 17.86, 14.92, 22.26]
a: [127.15, 155.42, 145.92, 85.97, 118.2, 108.81, 118.2, 61.89, 95.81, 58.91, 152.52, 49.33, 153.38, 50.0]
d: [3.5, 3.5, 3.5, 3.5, 3.5, 3.5, 3.5, 3.5, 3.5, 3.5, 3.5, 3.5, 3.5, 2.0]
LOSE: random_idx_1 = 0, random_idx_2 = 4
LOSE: random_idx_1 = 1, random_idx_2 = 7

iteration: 38
best: [5.7, 7.02, 9.19, 11.45, 13.99, 17.63, 26.13, 30.27, 32.02, 33.86, 35.84, 38.39, 40.23, 41.48]
time: [5.7, 7.06, 9.23, 12.11, 14.64, 18.15, 26.83, 30.26, 1000, 1000, 1000, 1000, 1000, 1000]
current_hyper_parameter
v: [34.77, 24.94, 31.02, 14.61, 23.01, 21.73, 33.81, 14.71, 19.96, 25.54, 12.0, 17.86, 14.92, 22.26]
a: [127.15, 155.42, 145.92, 85.97, 118.2, 108.81, 118.2, 123.59, 95.81, 58.91, 152.52, 49.33, 153.38, 50.0]
d: [3.5, 3.5, 3.5, 3.5, 3.5, 3.5, 3.5, 3.5, 3.5, 3.5, 3.5, 3.5, 3.5, 2.0]
BEST_hyper_parameter
v: [34.77, 24.94, 31.02, 14.61, 18.5, 21.73, 33.81, 14.71, 19.96, 25.54, 12.0, 17.86, 14.92, 22.26]
a: [127.15, 155.42, 145.92, 85.97, 118.2, 108.81, 118.2, 61.89, 95.81, 58.91, 152.52, 49.33, 153.38, 50.0]
d: [3.5, 3.5, 3.5, 3.5, 3.5, 3.5, 3.5, 3.5, 3.5, 3.5, 3.5, 3.5, 3.5, 2.0]
LOSE: random_idx_1 = 0, random_idx_2 = 0
LOSE: random_idx_1 = 1, random_idx_2 = 8

iteration: 39
best: [5.7, 7.02, 9.19, 11.45, 13.99, 17.63, 26.13, 30.27, 32.02, 33.86, 35.84, 38.39, 40.23, 41.48]
time: [5.71, 7.07, 9.24, 14.85, 17.67, 21.08, 32.98, 37.15, 38.98, 40.73, 45.6, 1000, 1000, 1000]
current_hyper_parameter
v: [34.21, 24.94, 31.02, 14.61, 18.5, 21.73, 33.81, 14.71, 19.96, 25.54, 12.0, 17.86, 14.92, 22.26]
a: [127.15, 155.42, 145.92, 85.97, 118.2, 108.81, 118.2, 61.89, 100.78, 58.91, 152.52, 49.33, 153.38, 50.0]
d: [3.5, 3.5, 3.5, 3.5, 3.5, 3.5, 3.5, 3.5, 3.5, 3.5, 3.5, 3.5, 3.5, 2.0]
BEST_hyper_parameter
v: [34.77, 24.94, 31.02, 14.61, 18.5, 21.73, 33.81, 14.71, 19.96, 25.54, 12.0, 17.86, 14.92, 22.26]
a: [127.15, 155.42, 145.92, 85.97, 118.2, 108.81, 118.2, 61.89, 95.81, 58.91, 152.52, 49.33, 153.38, 50.0]
d: [3.5, 3.5, 3.5, 3.5, 3.5, 3.5, 3.5, 3.5, 3.5, 3.5, 3.5, 3.5, 3.5, 2.0]
LOSE: random_idx_1 = 0, random_idx_2 = 13
LOSE: random_idx_1 = 0, random_idx_2 = 5

iteration: 40
best: [5.7, 7.02, 9.19, 11.45, 13.99, 17.63, 26.13, 30.27, 32.02, 33.86, 35.84, 38.39, 40.23, 41.48]
time: [5.71, 7.06, 9.22, 14.79, 17.6, 21.58, 30.51, 34.48, 36.46, 38.27, 40.08, 1000, 1000, 1000]
current_hyper_parameter
v: [34.77, 24.94, 31.02, 14.61, 18.5, 12.04, 33.81, 14.71, 19.96, 25.54, 12.0, 17.86, 14.92, 17.0]
a: [127.15, 155.42, 145.92, 85.97, 118.2, 108.81, 118.2, 61.89, 95.81, 58.91, 152.52, 49.33, 153.38, 50.0]
d: [3.5, 3.5, 3.5, 3.5, 3.5, 3.5, 3.5, 3.5, 3.5, 3.5, 3.5, 3.5, 3.5, 2.0]
BEST_hyper_parameter
v: [34.77, 24.94, 31.02, 14.61, 18.5, 21.73, 33.81, 14.71, 19.96, 25.54, 12.0, 17.86, 14.92, 22.26]
a: [127.15, 155.42, 145.92, 85.97, 118.2, 108.81, 118.2, 61.89, 95.81, 58.91, 152.52, 49.33, 153.38, 50.0]
d: [3.5, 3.5, 3.5, 3.5, 3.5, 3.5, 3.5, 3.5, 3.5, 3.5, 3.5, 3.5, 3.5, 2.0]
LOSE: random_idx_1 = 1, random_idx_2 = 6
LOSE: random_idx_1 = 0, random_idx_2 = 7

iteration: 41
best: [5.7, 7.02, 9.19, 11.45, 13.99, 17.63, 26.13, 30.27, 32.02, 33.86, 35.84, 38.39, 40.23, 41.48]
time: [5.7, 7.05, 9.23, 11.85, 14.59, 18.19, 30.17, 34.46, 36.07, 37.95, 39.99, 1000, 1000, 1000]
current_hyper_parameter
v: [34.77, 24.94, 31.02, 14.61, 18.5, 21.73, 33.81, 26.79, 19.96, 25.54, 12.0, 17.86, 14.92, 22.26]
a: [127.15, 155.42, 145.92, 85.97, 118.2, 108.81, 38.84, 61.89, 95.81, 58.91, 152.52, 49.33, 153.38, 50.0]
d: [3.5, 3.5, 3.5, 3.5, 3.5, 3.5, 3.5, 3.5, 3.5, 3.5, 3.5, 3.5, 3.5, 2.0]
BEST_hyper_parameter
v: [34.77, 24.94, 31.02, 14.61, 18.5, 21.73, 33.81, 14.71, 19.96, 25.54, 12.0, 17.86, 14.92, 22.26]
a: [127.15, 155.42, 145.92, 85.97, 118.2, 108.81, 118.2, 61.89, 95.81, 58.91, 152.52, 49.33, 153.38, 50.0]
d: [3.5, 3.5, 3.5, 3.5, 3.5, 3.5, 3.5, 3.5, 3.5, 3.5, 3.5, 3.5, 3.5, 2.0]
LOSE: random_idx_1 = 2, random_idx_2 = 8
LOSE: random_idx_1 = 2, random_idx_2 = 6

iteration: 42
best: [5.7, 7.02, 9.19, 11.45, 13.99, 17.63, 26.13, 30.27, 32.02, 33.86, 35.84, 38.39, 40.23, 41.48]
time: [5.7, 7.06, 9.25, 11.82, 14.57, 18.2, 26.89, 31.14, 32.98, 34.77, 36.49, 39.11, 40.94, 42.96]
current_hyper_parameter
v: [34.77, 24.94, 31.02, 14.61, 18.5, 21.73, 33.81, 14.71, 19.96, 25.54, 12.0, 17.86, 14.92, 22.26]
a: [127.15, 155.42, 145.92, 85.97, 118.2, 108.81, 118.2, 61.89, 95.81, 58.91, 152.52, 49.33, 153.38, 50.0]
d: [3.5, 3.5, 3.5, 3.5, 3.5, 3.5, 3.5, 3.5, 3.5, 3.5, 3.5, 3.5, 3.5, 2.0]
BEST_hyper_parameter
v: [34.77, 24.94, 31.02, 14.61, 18.5, 21.73, 33.81, 14.71, 19.96, 25.54, 12.0, 17.86, 14.92, 22.26]
a: [127.15, 155.42, 145.92, 85.97, 118.2, 108.81, 118.2, 61.89, 95.81, 58.91, 152.52, 49.33, 153.38, 50.0]
d: [3.5, 3.5, 3.5, 3.5, 3.5, 3.5, 3.5, 3.5, 3.5, 3.5, 3.5, 3.5, 3.5, 2.0]
LOSE: random_idx_1 = 1, random_idx_2 = 2
LOSE: random_idx_1 = 1, random_idx_2 = 12

iteration: 43
best: [5.7, 7.02, 9.19, 11.45, 13.99, 17.63, 26.13, 30.27, 32.02, 33.86, 35.84, 38.39, 40.23, 41.48]
time: [5.71, 7.05, 9.24, 12.11, 17.75, 36.74, 1000, 1000, 1000, 1000, 1000, 1000, 1000, 1000]
current_hyper_parameter
v: [34.77, 24.94, 31.02, 14.61, 18.5, 21.73, 33.81, 14.71, 19.96, 25.54, 12.0, 17.86, 14.92, 22.26]
a: [127.15, 155.42, 140.88, 85.97, 118.2, 108.81, 118.2, 61.89, 95.81, 58.91, 152.52, 49.33, 99.95, 50.0]
d: [3.5, 3.5, 3.5, 3.5, 3.5, 3.5, 3.5, 3.5, 3.5, 3.5, 3.5, 3.5, 3.5, 2.0]
BEST_hyper_parameter
v: [34.77, 24.94, 31.02, 14.61, 18.5, 21.73, 33.81, 14.71, 19.96, 25.54, 12.0, 17.86, 14.92, 22.26]
a: [127.15, 155.42, 145.92, 85.97, 118.2, 108.81, 118.2, 61.89, 95.81, 58.91, 152.52, 49.33, 153.38, 50.0]
d: [3.5, 3.5, 3.5, 3.5, 3.5, 3.5, 3.5, 3.5, 3.5, 3.5, 3.5, 3.5, 3.5, 2.0]
LOSE: random_idx_1 = 0, random_idx_2 = 12
LOSE: random_idx_1 = 1, random_idx_2 = 9

iteration: 44
best: [5.7, 7.02, 9.19, 11.45, 13.99, 17.63, 26.13, 30.27, 32.02, 33.86, 35.84, 38.39, 40.23, 41.48]
time: [5.71, 7.0, 9.23, 11.94, 17.7, 24.12, 33.11, 1000, 1000, 1000, 1000, 1000, 1000, 1000]
current_hyper_parameter
v: [34.77, 24.94, 31.02, 14.61, 18.5, 21.73, 33.81, 14.71, 19.96, 25.54, 12.0, 17.86, 16.21, 22.26]
a: [127.15, 155.42, 145.92, 85.97, 118.2, 108.81, 118.2, 61.89, 95.81, 129.56, 152.52, 49.33, 153.38, 50.0]
d: [3.5, 3.5, 3.5, 3.5, 3.5, 3.5, 3.5, 3.5, 3.5, 3.5, 3.5, 3.5, 3.5, 2.0]
BEST_hyper_parameter
v: [34.77, 24.94, 31.02, 14.61, 18.5, 21.73, 33.81, 14.71, 19.96, 25.54, 12.0, 17.86, 14.92, 22.26]
a: [127.15, 155.42, 145.92, 85.97, 118.2, 108.81, 118.2, 61.89, 95.81, 58.91, 152.52, 49.33, 153.38, 50.0]
d: [3.5, 3.5, 3.5, 3.5, 3.5, 3.5, 3.5, 3.5, 3.5, 3.5, 3.5, 3.5, 3.5, 2.0]
LOSE: random_idx_1 = 0, random_idx_2 = 13
LOSE: random_idx_1 = 1, random_idx_2 = 7

iteration: 45
best: [5.7, 7.02, 9.19, 11.45, 13.99, 17.63, 26.13, 30.27, 32.02, 33.86, 35.84, 38.39, 40.23, 41.48]
time: [5.71, 6.99, 9.2, 14.85, 17.6, 21.2, 29.71, 36.41, 40.12, 41.99, 1000, 1000, 1000, 1000]
current_hyper_parameter
v: [34.77, 24.94, 31.02, 14.61, 18.5, 21.73, 33.81, 14.71, 19.96, 25.54, 12.0, 17.86, 14.92, 30.35]
a: [127.15, 155.42, 145.92, 85.97, 118.2, 108.81, 118.2, 70.19, 95.81, 58.91, 152.52, 49.33, 153.38, 50.0]
d: [3.5, 3.5, 3.5, 3.5, 3.5, 3.5, 3.5, 3.5, 3.5, 3.5, 3.5, 3.5, 3.5, 2.0]
BEST_hyper_parameter
v: [34.77, 24.94, 31.02, 14.61, 18.5, 21.73, 33.81, 14.71, 19.96, 25.54, 12.0, 17.86, 14.92, 22.26]
a: [127.15, 155.42, 145.92, 85.97, 118.2, 108.81, 118.2, 61.89, 95.81, 58.91, 152.52, 49.33, 153.38, 50.0]
d: [3.5, 3.5, 3.5, 3.5, 3.5, 3.5, 3.5, 3.5, 3.5, 3.5, 3.5, 3.5, 3.5, 2.0]
LOSE: random_idx_1 = 1, random_idx_2 = 0
LOSE: random_idx_1 = 0, random_idx_2 = 3

iteration: 46
best: [5.7, 7.02, 9.19, 11.45, 13.99, 17.63, 26.13, 30.27, 32.02, 33.86, 35.84, 38.39, 40.23, 41.48]
time: [5.69, 7.03, 9.22, 11.55, 17.13, 20.49, 29.34, 33.56, 35.39, 37.26, 39.26, 41.83, 43.84, 1000]
current_hyper_parameter
v: [34.77, 24.94, 31.02, 22.31, 18.5, 21.73, 33.81, 14.71, 19.96, 25.54, 12.0, 17.86, 14.92, 22.26]
a: [132.16, 155.42, 145.92, 85.97, 118.2, 108.81, 118.2, 61.89, 95.81, 58.91, 152.52, 49.33, 153.38, 50.0]
d: [3.5, 3.5, 3.5, 3.5, 3.5, 3.5, 3.5, 3.5, 3.5, 3.5, 3.5, 3.5, 3.5, 2.0]
BEST_hyper_parameter
v: [34.77, 24.94, 31.02, 14.61, 18.5, 21.73, 33.81, 14.71, 19.96, 25.54, 12.0, 17.86, 14.92, 22.26]
a: [127.15, 155.42, 145.92, 85.97, 118.2, 108.81, 118.2, 61.89, 95.81, 58.91, 152.52, 49.33, 153.38, 50.0]
d: [3.5, 3.5, 3.5, 3.5, 3.5, 3.5, 3.5, 3.5, 3.5, 3.5, 3.5, 3.5, 3.5, 2.0]
LOSE: random_idx_1 = 1, random_idx_2 = 6
LOSE: random_idx_1 = 1, random_idx_2 = 13

iteration: 47
best: [5.7, 7.02, 9.19, 11.45, 13.99, 17.63, 26.13, 30.27, 32.02, 33.86, 35.84, 38.39, 40.23, 41.48]
time: [5.73, 7.08, 9.27, 12.16, 18.07, 21.33, 30.9, 34.46, 36.04, 38.36, 40.29, 1000, 1000, 1000]
current_hyper_parameter
v: [34.77, 24.94, 31.02, 14.61, 18.5, 21.73, 33.81, 14.71, 19.96, 25.54, 12.0, 17.86, 14.92, 22.26]
a: [127.15, 155.42, 145.92, 85.97, 118.2, 108.81, 76.46, 61.89, 95.81, 58.91, 152.52, 49.33, 153.38, 101.98]
d: [3.5, 3.5, 3.5, 3.5, 3.5, 3.5, 3.5, 3.5, 3.5, 3.5, 3.5, 3.5, 3.5, 2.0]
BEST_hyper_parameter
v: [34.77, 24.94, 31.02, 14.61, 18.5, 21.73, 33.81, 14.71, 19.96, 25.54, 12.0, 17.86, 14.92, 22.26]
a: [127.15, 155.42, 145.92, 85.97, 118.2, 108.81, 118.2, 61.89, 95.81, 58.91, 152.52, 49.33, 153.38, 50.0]
d: [3.5, 3.5, 3.5, 3.5, 3.5, 3.5, 3.5, 3.5, 3.5, 3.5, 3.5, 3.5, 3.5, 2.0]
LOSE: random_idx_1 = 2, random_idx_2 = 8
LOSE: random_idx_1 = 1, random_idx_2 = 10

iteration: 48
best: [5.7, 7.02, 9.19, 11.45, 13.99, 17.63, 26.13, 30.27, 32.02, 33.86, 35.84, 38.39, 40.23, 41.48]
time: [5.71, 7.07, 9.23, 11.73, 17.45, 20.89, 29.44, 33.62, 35.47, 37.31, 39.66, 42.23, 1000, 1000]
current_hyper_parameter
v: [34.77, 24.94, 31.02, 14.61, 18.5, 21.73, 33.81, 14.71, 19.96, 25.54, 12.0, 17.86, 14.92, 22.26]
a: [127.15, 155.42, 145.92, 85.97, 118.2, 108.81, 118.2, 61.89, 95.81, 58.91, 45.18, 49.33, 153.38, 50.0]
d: [3.5, 3.5, 3.5, 3.5, 3.5, 3.5, 3.5, 3.5, 3.5, 3.5, 3.5, 3.5, 3.5, 2.0]
BEST_hyper_parameter
v: [34.77, 24.94, 31.02, 14.61, 18.5, 21.73, 33.81, 14.71, 19.96, 25.54, 12.0, 17.86, 14.92, 22.26]
a: [127.15, 155.42, 145.92, 85.97, 118.2, 108.81, 118.2, 61.89, 95.81, 58.91, 152.52, 49.33, 153.38, 50.0]
d: [3.5, 3.5, 3.5, 3.5, 3.5, 3.5, 3.5, 3.5, 3.5, 3.5, 3.5, 3.5, 3.5, 2.0]
LOSE: random_idx_1 = 2, random_idx_2 = 13
LOSE: random_idx_1 = 2, random_idx_2 = 12

iteration: 49
best: [5.7, 7.02, 9.19, 11.45, 13.99, 17.63, 26.13, 30.27, 32.02, 33.86, 35.84, 38.39, 40.23, 41.48]
time: [5.71, 6.96, 9.18, 11.95, 14.64, 18.29, 26.82, 31.11, 33.0, 34.78, 36.73, 39.53, 41.48, 1000]
current_hyper_parameter
v: [34.77, 24.94, 31.02, 14.61, 18.5, 21.73, 33.81, 14.71, 19.96, 25.54, 12.0, 17.86, 14.92, 22.26]
a: [127.15, 155.42, 145.92, 85.97, 118.2, 108.81, 118.2, 61.89, 95.81, 58.91, 152.52, 49.33, 153.38, 50.0]
d: [3.5, 3.5, 3.5, 3.5, 3.5, 3.5, 3.5, 3.5, 3.5, 3.5, 3.5, 3.5, 3.5, 2.0]
BEST_hyper_parameter
v: [34.77, 24.94, 31.02, 14.61, 18.5, 21.73, 33.81, 14.71, 19.96, 25.54, 12.0, 17.86, 14.92, 22.26]
a: [127.15, 155.42, 145.92, 85.97, 118.2, 108.81, 118.2, 61.89, 95.81, 58.91, 152.52, 49.33, 153.38, 50.0]
d: [3.5, 3.5, 3.5, 3.5, 3.5, 3.5, 3.5, 3.5, 3.5, 3.5, 3.5, 3.5, 3.5, 2.0]
LOSE: random_idx_1 = 0, random_idx_2 = 4
LOSE: random_idx_1 = 1, random_idx_2 = 12

iteration: 50
best: [5.7, 7.02, 9.19, 11.45, 13.99, 17.63, 26.13, 30.27, 32.02, 33.86, 35.84, 38.39, 40.23, 41.48]
time: [5.69, 6.96, 9.17, 11.85, 17.43, 20.89, 29.37, 33.51, 35.44, 37.27, 39.04, 41.62, 1000, 1000]
current_hyper_parameter
v: [34.77, 24.94, 31.02, 14.61, 29.92, 21.73, 33.81, 14.71, 19.96, 25.54, 12.0, 17.86, 14.92, 22.26]
a: [127.15, 155.42, 145.92, 85.97, 118.2, 108.81, 118.2, 61.89, 95.81, 58.91, 152.52, 49.33, 67.98, 50.0]
d: [3.5, 3.5, 3.5, 3.5, 3.5, 3.5, 3.5, 3.5, 3.5, 3.5, 3.5, 3.5, 3.5, 2.0]
BEST_hyper_parameter
v: [34.77, 24.94, 31.02, 14.61, 18.5, 21.73, 33.81, 14.71, 19.96, 25.54, 12.0, 17.86, 14.92, 22.26]
a: [127.15, 155.42, 145.92, 85.97, 118.2, 108.81, 118.2, 61.89, 95.81, 58.91, 152.52, 49.33, 153.38, 50.0]
d: [3.5, 3.5, 3.5, 3.5, 3.5, 3.5, 3.5, 3.5, 3.5, 3.5, 3.5, 3.5, 3.5, 2.0]
LOSE: random_idx_1 = 0, random_idx_2 = 8
LOSE: random_idx_1 = 2, random_idx_2 = 7

iteration: 51
best: [5.7, 7.02, 9.19, 11.45, 13.99, 17.63, 26.13, 30.27, 32.02, 33.86, 35.84, 38.39, 40.23, 41.48]
time: [5.71, 7.06, 9.23, 14.78, 17.59, 21.02, 32.88, 37.06, 38.89, 40.62, 45.07, 1000, 1000, 1000]
current_hyper_parameter
v: [34.77, 24.94, 31.02, 14.61, 18.5, 21.73, 33.81, 14.71, 32.97, 25.54, 12.0, 17.86, 14.92, 22.26]
a: [127.15, 155.42, 145.92, 85.97, 118.2, 108.81, 118.2, 61.89, 95.81, 58.91, 152.52, 49.33, 153.38, 50.0]
d: [3.5, 3.5, 3.5, 3.5, 3.5, 3.5, 3.5, 3.5, 3.5, 3.5, 3.5, 3.5, 3.5, 2.0]
BEST_hyper_parameter
v: [34.77, 24.94, 31.02, 14.61, 18.5, 21.73, 33.81, 14.71, 19.96, 25.54, 12.0, 17.86, 14.92, 22.26]
a: [127.15, 155.42, 145.92, 85.97, 118.2, 108.81, 118.2, 61.89, 95.81, 58.91, 152.52, 49.33, 153.38, 50.0]
d: [3.5, 3.5, 3.5, 3.5, 3.5, 3.5, 3.5, 3.5, 3.5, 3.5, 3.5, 3.5, 3.5, 2.0]
LOSE: random_idx_1 = 0, random_idx_2 = 4
LOSE: random_idx_1 = 0, random_idx_2 = 4

iteration: 52
best: [5.7, 7.02, 9.19, 11.45, 13.99, 17.63, 26.13, 30.27, 32.02, 33.86, 35.84, 38.39, 40.23, 41.48]
time: [5.72, 7.08, 9.26, 12.12, 14.6, 18.14, 26.91, 31.06, 32.87, 34.76, 36.74, 39.29, 41.23, 42.45]
current_hyper_parameter
v: [34.77, 24.94, 31.02, 14.61, 28.37, 21.73, 33.81, 14.71, 19.96, 25.54, 12.0, 17.86, 14.92, 22.26]
a: [127.15, 155.42, 145.92, 85.97, 118.2, 108.81, 118.2, 61.89, 95.81, 58.91, 152.52, 49.33, 153.38, 50.0]
d: [3.5, 3.5, 3.5, 3.5, 3.5, 3.5, 3.5, 3.5, 3.5, 3.5, 3.5, 3.5, 3.5, 2.0]
BEST_hyper_parameter
v: [34.77, 24.94, 31.02, 14.61, 18.5, 21.73, 33.81, 14.71, 19.96, 25.54, 12.0, 17.86, 14.92, 22.26]
a: [127.15, 155.42, 145.92, 85.97, 118.2, 108.81, 118.2, 61.89, 95.81, 58.91, 152.52, 49.33, 153.38, 50.0]
d: [3.5, 3.5, 3.5, 3.5, 3.5, 3.5, 3.5, 3.5, 3.5, 3.5, 3.5, 3.5, 3.5, 2.0]
LOSE: random_idx_1 = 1, random_idx_2 = 3
LOSE: random_idx_1 = 0, random_idx_2 = 5

iteration: 53
best: [5.7, 7.02, 9.19, 11.45, 13.99, 17.63, 26.13, 30.27, 32.02, 33.86, 35.84, 38.39, 40.23, 41.48]
time: [5.71, 7.05, 9.22, 14.94, 20.81, 24.09, 32.77, 36.69, 38.42, 40.29, 42.01, 1000, 1000, 1000]
current_hyper_parameter
v: [34.77, 24.94, 31.02, 14.61, 18.5, 34.83, 33.81, 14.71, 19.96, 25.54, 12.0, 17.86, 14.92, 22.26]
a: [127.15, 155.42, 145.92, 50.41, 118.2, 108.81, 118.2, 61.89, 95.81, 58.91, 152.52, 49.33, 153.38, 50.0]
d: [3.5, 3.5, 3.5, 3.5, 3.5, 3.5, 3.5, 3.5, 3.5, 3.5, 3.5, 3.5, 3.5, 2.0]
BEST_hyper_parameter
v: [34.77, 24.94, 31.02, 14.61, 18.5, 21.73, 33.81, 14.71, 19.96, 25.54, 12.0, 17.86, 14.92, 22.26]
a: [127.15, 155.42, 145.92, 85.97, 118.2, 108.81, 118.2, 61.89, 95.81, 58.91, 152.52, 49.33, 153.38, 50.0]
d: [3.5, 3.5, 3.5, 3.5, 3.5, 3.5, 3.5, 3.5, 3.5, 3.5, 3.5, 3.5, 3.5, 2.0]
LOSE: random_idx_1 = 0, random_idx_2 = 8
LOSE: random_idx_1 = 0, random_idx_2 = 1

iteration: 54
best: [5.7, 7.02, 9.19, 11.45, 13.99, 17.63, 26.13, 30.27, 32.02, 33.86, 35.84, 38.39, 40.23, 41.48]
time: [5.7, 7.04, 9.19, 11.77, 14.54, 18.21, 26.81, 31.18, 33.33, 35.47, 1000, 1000, 1000, 1000]
current_hyper_parameter
v: [34.77, 26.56, 31.02, 14.61, 18.5, 21.73, 33.81, 14.71, 12.66, 25.54, 12.0, 17.86, 14.92, 22.26]
a: [127.15, 155.42, 145.92, 85.97, 118.2, 108.81, 118.2, 61.89, 95.81, 58.91, 152.52, 49.33, 153.38, 50.0]
d: [3.5, 3.5, 3.5, 3.5, 3.5, 3.5, 3.5, 3.5, 3.5, 3.5, 3.5, 3.5, 3.5, 2.0]
BEST_hyper_parameter
v: [34.77, 24.94, 31.02, 14.61, 18.5, 21.73, 33.81, 14.71, 19.96, 25.54, 12.0, 17.86, 14.92, 22.26]
a: [127.15, 155.42, 145.92, 85.97, 118.2, 108.81, 118.2, 61.89, 95.81, 58.91, 152.52, 49.33, 153.38, 50.0]
d: [3.5, 3.5, 3.5, 3.5, 3.5, 3.5, 3.5, 3.5, 3.5, 3.5, 3.5, 3.5, 3.5, 2.0]
LOSE: random_idx_1 = 2, random_idx_2 = 2
LOSE: random_idx_1 = 1, random_idx_2 = 1

iteration: 55
best: [5.7, 7.02, 9.19, 11.45, 13.99, 17.63, 26.13, 30.27, 32.02, 33.86, 35.84, 38.39, 40.23, 41.48]
time: [5.71, 7.18, 9.78, 12.78, 15.62, 19.04, 28.0, 32.05, 33.95, 35.76, 37.79, 40.34, 42.07, 1000]
current_hyper_parameter
v: [34.77, 24.94, 31.02, 14.61, 18.5, 21.73, 33.81, 14.71, 19.96, 25.54, 12.0, 17.86, 14.92, 22.26]
a: [127.15, 87.64, 145.92, 85.97, 118.2, 108.81, 118.2, 61.89, 95.81, 58.91, 152.52, 49.33, 153.38, 50.0]
d: [3.5, 3.5, 3.54, 3.5, 3.5, 3.5, 3.5, 3.5, 3.5, 3.5, 3.5, 3.5, 3.5, 2.0]
BEST_hyper_parameter
v: [34.77, 24.94, 31.02, 14.61, 18.5, 21.73, 33.81, 14.71, 19.96, 25.54, 12.0, 17.86, 14.92, 22.26]
a: [127.15, 155.42, 145.92, 85.97, 118.2, 108.81, 118.2, 61.89, 95.81, 58.91, 152.52, 49.33, 153.38, 50.0]
d: [3.5, 3.5, 3.5, 3.5, 3.5, 3.5, 3.5, 3.5, 3.5, 3.5, 3.5, 3.5, 3.5, 2.0]
LOSE: random_idx_1 = 1, random_idx_2 = 1
LOSE: random_idx_1 = 1, random_idx_2 = 9

iteration: 56
best: [5.7, 7.02, 9.19, 11.45, 13.99, 17.63, 26.13, 30.27, 32.02, 33.86, 35.84, 38.39, 40.23, 41.48]
time: [5.71, 7.31, 9.92, 12.76, 18.47, 21.94, 30.45, 34.56, 36.55, 38.05, 1000, 1000, 1000, 1000]
current_hyper_parameter
v: [34.77, 24.94, 31.02, 14.61, 18.5, 21.73, 33.81, 14.71, 19.96, 25.54, 12.0, 17.86, 14.92, 22.26]
a: [127.15, 63.39, 145.92, 85.97, 118.2, 108.81, 118.2, 61.89, 95.81, 128.15, 152.52, 49.33, 153.38, 50.0]
d: [3.5, 3.5, 3.5, 3.5, 3.5, 3.5, 3.5, 3.5, 3.5, 3.5, 3.5, 3.5, 3.5, 2.0]
BEST_hyper_parameter
v: [34.77, 24.94, 31.02, 14.61, 18.5, 21.73, 33.81, 14.71, 19.96, 25.54, 12.0, 17.86, 14.92, 22.26]
a: [127.15, 155.42, 145.92, 85.97, 118.2, 108.81, 118.2, 61.89, 95.81, 58.91, 152.52, 49.33, 153.38, 50.0]
d: [3.5, 3.5, 3.5, 3.5, 3.5, 3.5, 3.5, 3.5, 3.5, 3.5, 3.5, 3.5, 3.5, 2.0]
LOSE: random_idx_1 = 2, random_idx_2 = 5
LOSE: random_idx_1 = 0, random_idx_2 = 12

iteration: 57
best: [5.7, 7.02, 9.19, 11.45, 13.99, 17.63, 26.13, 30.27, 32.02, 33.86, 35.84, 38.39, 40.23, 41.48]
time: [5.69, 7.05, 9.21, 14.85, 17.59, 21.34, 29.76, 33.65, 35.99, 37.87, 39.3, 42.22, 1000, 1000]
current_hyper_parameter
v: [34.77, 24.94, 31.02, 14.61, 18.5, 21.73, 33.81, 14.71, 19.96, 25.54, 12.0, 17.86, 14.85, 22.26]
a: [127.15, 155.42, 145.92, 85.97, 118.2, 108.81, 118.2, 61.89, 95.81, 58.91, 152.52, 49.33, 153.38, 50.0]
d: [3.5, 3.5, 3.5, 3.5, 3.5, 3.5, 3.5, 3.5, 3.5, 3.5, 3.5, 3.5, 3.5, 2.0]
BEST_hyper_parameter
v: [34.77, 24.94, 31.02, 14.61, 18.5, 21.73, 33.81, 14.71, 19.96, 25.54, 12.0, 17.86, 14.92, 22.26]
a: [127.15, 155.42, 145.92, 85.97, 118.2, 108.81, 118.2, 61.89, 95.81, 58.91, 152.52, 49.33, 153.38, 50.0]
d: [3.5, 3.5, 3.5, 3.5, 3.5, 3.5, 3.5, 3.5, 3.5, 3.5, 3.5, 3.5, 3.5, 2.0]
LOSE: random_idx_1 = 2, random_idx_2 = 3
LOSE: random_idx_1 = 0, random_idx_2 = 8

iteration: 58
best: [5.7, 7.02, 9.19, 11.45, 13.99, 17.63, 26.13, 30.27, 32.02, 33.86, 35.84, 38.39, 40.23, 41.48]
time: [5.68, 7.03, 9.23, 12.13, 17.91, 21.43, 29.93, 34.06, 36.02, 37.76, 39.61, 42.16, 1000, 1000]
current_hyper_parameter
v: [34.77, 24.94, 31.02, 14.61, 18.5, 21.73, 33.81, 14.71, 23.68, 25.54, 12.0, 17.86, 14.92, 22.26]
a: [127.15, 155.42, 145.92, 85.97, 118.2, 108.81, 118.2, 61.89, 95.81, 58.91, 152.52, 49.33, 153.38, 50.0]
d: [3.5, 3.5, 3.5, 3.5, 3.5, 3.5, 3.5, 3.5, 3.5, 3.5, 3.5, 3.5, 3.5, 2.0]
BEST_hyper_parameter
v: [34.77, 24.94, 31.02, 14.61, 18.5, 21.73, 33.81, 14.71, 19.96, 25.54, 12.0, 17.86, 14.92, 22.26]
a: [127.15, 155.42, 145.92, 85.97, 118.2, 108.81, 118.2, 61.89, 95.81, 58.91, 152.52, 49.33, 153.38, 50.0]
d: [3.5, 3.5, 3.5, 3.5, 3.5, 3.5, 3.5, 3.5, 3.5, 3.5, 3.5, 3.5, 3.5, 2.0]
LOSE: random_idx_1 = 2, random_idx_2 = 1
LOSE: random_idx_1 = 0, random_idx_2 = 9

iteration: 59
best: [5.7, 7.02, 9.19, 11.45, 13.99, 17.63, 26.13, 30.27, 32.02, 33.86, 35.84, 38.39, 40.23, 41.48]
time: [5.68, 7.08, 9.26, 11.89, 14.68, 18.32, 26.89, 30.79, 32.66, 34.69, 1000, 1000, 1000, 1000]
current_hyper_parameter
v: [34.77, 24.94, 31.02, 14.61, 18.5, 21.73, 33.81, 14.71, 19.96, 19.01, 12.0, 17.86, 14.92, 22.26]
a: [127.15, 155.42, 145.92, 85.97, 118.2, 108.81, 118.2, 61.89, 95.81, 58.91, 152.52, 49.33, 153.38, 50.0]
d: [3.5, 3.5, 3.5, 3.5, 3.5, 3.5, 3.5, 3.5, 3.5, 3.5, 3.5, 3.5, 3.5, 2.0]
BEST_hyper_parameter
v: [34.77, 24.94, 31.02, 14.61, 18.5, 21.73, 33.81, 14.71, 19.96, 25.54, 12.0, 17.86, 14.92, 22.26]
a: [127.15, 155.42, 145.92, 85.97, 118.2, 108.81, 118.2, 61.89, 95.81, 58.91, 152.52, 49.33, 153.38, 50.0]
d: [3.5, 3.5, 3.5, 3.5, 3.5, 3.5, 3.5, 3.5, 3.5, 3.5, 3.5, 3.5, 3.5, 2.0]
LOSE: random_idx_1 = 2, random_idx_2 = 12
LOSE: random_idx_1 = 2, random_idx_2 = 8

iteration: 60
best: [5.7, 7.02, 9.19, 11.45, 13.99, 17.63, 26.13, 30.27, 32.02, 33.86, 35.84, 38.39, 40.23, 41.48]
time: [5.7, 7.07, 9.24, 14.83, 17.61, 21.3, 29.8, 34.12, 36.03, 37.75, 39.55, 41.94, 43.73, 1000]
current_hyper_parameter
v: [34.77, 24.94, 31.02, 14.61, 18.5, 21.73, 33.81, 14.71, 19.96, 25.54, 12.0, 17.86, 14.92, 22.26]
a: [127.15, 155.42, 145.92, 85.97, 118.2, 108.81, 118.2, 61.89, 95.81, 58.91, 152.52, 49.33, 153.38, 50.0]
d: [3.5, 3.5, 3.5, 3.5, 3.5, 3.5, 3.5, 3.5, 3.5, 3.5, 3.5, 3.5, 3.5, 2.0]
BEST_hyper_parameter
v: [34.77, 24.94, 31.02, 14.61, 18.5, 21.73, 33.81, 14.71, 19.96, 25.54, 12.0, 17.86, 14.92, 22.26]
a: [127.15, 155.42, 145.92, 85.97, 118.2, 108.81, 118.2, 61.89, 95.81, 58.91, 152.52, 49.33, 153.38, 50.0]
d: [3.5, 3.5, 3.5, 3.5, 3.5, 3.5, 3.5, 3.5, 3.5, 3.5, 3.5, 3.5, 3.5, 2.0]
LOSE: random_idx_1 = 0, random_idx_2 = 12
LOSE: random_idx_1 = 0, random_idx_2 = 2

iteration: 61
best: [5.7, 7.02, 9.19, 11.45, 13.99, 17.63, 26.13, 30.27, 32.02, 33.86, 35.84, 38.39, 40.23, 41.48]
time: [5.7, 7.05, 9.54, 12.41, 18.49, 33.82, 42.51, 1000, 1000, 1000, 1000, 1000, 1000, 1000]
current_hyper_parameter
v: [34.77, 24.94, 18.44, 14.61, 18.5, 21.73, 33.81, 14.71, 19.96, 25.54, 12.0, 17.86, 21.88, 22.26]
a: [127.15, 155.42, 145.92, 85.97, 118.2, 108.81, 118.2, 61.89, 95.81, 58.91, 152.52, 49.33, 153.38, 50.0]
d: [3.5, 3.5, 3.5, 3.5, 3.5, 3.5, 3.5, 3.5, 3.5, 3.5, 3.5, 3.5, 3.5, 2.0]
BEST_hyper_parameter
v: [34.77, 24.94, 31.02, 14.61, 18.5, 21.73, 33.81, 14.71, 19.96, 25.54, 12.0, 17.86, 14.92, 22.26]
a: [127.15, 155.42, 145.92, 85.97, 118.2, 108.81, 118.2, 61.89, 95.81, 58.91, 152.52, 49.33, 153.38, 50.0]
d: [3.5, 3.5, 3.5, 3.5, 3.5, 3.5, 3.5, 3.5, 3.5, 3.5, 3.5, 3.5, 3.5, 2.0]
LOSE: random_idx_1 = 1, random_idx_2 = 9
LOSE: random_idx_1 = 1, random_idx_2 = 12

iteration: 62
best: [5.7, 7.02, 9.19, 11.45, 13.99, 17.63, 26.13, 30.27, 32.02, 33.86, 35.84, 38.39, 40.23, 41.48]
time: [5.67, 7.06, 9.22, 14.78, 17.53, 21.21, 29.84, 33.77, 35.53, 37.12, 1000, 1000, 1000, 1000]
current_hyper_parameter
v: [34.77, 24.94, 31.02, 14.61, 18.5, 21.73, 33.81, 14.71, 19.96, 25.54, 12.0, 17.86, 14.92, 22.26]
a: [127.15, 155.42, 145.92, 85.97, 118.2, 108.81, 118.2, 61.89, 95.81, 84.09, 152.52, 49.33, 117.77, 50.0]
d: [3.5, 3.5, 3.5, 3.5, 3.5, 3.5, 3.5, 3.5, 3.5, 3.5, 3.5, 3.5, 3.5, 2.0]
BEST_hyper_parameter
v: [34.77, 24.94, 31.02, 14.61, 18.5, 21.73, 33.81, 14.71, 19.96, 25.54, 12.0, 17.86, 14.92, 22.26]
a: [127.15, 155.42, 145.92, 85.97, 118.2, 108.81, 118.2, 61.89, 95.81, 58.91, 152.52, 49.33, 153.38, 50.0]
d: [3.5, 3.5, 3.5, 3.5, 3.5, 3.5, 3.5, 3.5, 3.5, 3.5, 3.5, 3.5, 3.5, 2.0]
LOSE: random_idx_1 = 1, random_idx_2 = 7
LOSE: random_idx_1 = 1, random_idx_2 = 2

iteration: 63
best: [5.7, 7.02, 9.19, 11.45, 13.99, 17.63, 26.13, 30.27, 32.02, 33.86, 35.84, 38.39, 40.23, 41.48]
time: [5.7, 7.06, 9.28, 12.17, 17.89, 21.35, 29.95, 1000, 1000, 1000, 1000, 1000, 1000, 1000]
current_hyper_parameter
v: [34.77, 24.94, 31.02, 14.61, 18.5, 21.73, 33.81, 14.71, 19.96, 25.54, 12.0, 17.86, 14.92, 22.26]
a: [127.15, 155.42, 129.34, 85.97, 118.2, 108.81, 118.2, 33.31, 95.81, 58.91, 152.52, 49.33, 153.38, 50.0]
d: [3.5, 3.5, 3.5, 3.5, 3.5, 3.5, 3.5, 3.5, 3.5, 3.5, 3.5, 3.5, 3.5, 2.0]
BEST_hyper_parameter
v: [34.77, 24.94, 31.02, 14.61, 18.5, 21.73, 33.81, 14.71, 19.96, 25.54, 12.0, 17.86, 14.92, 22.26]
a: [127.15, 155.42, 145.92, 85.97, 118.2, 108.81, 118.2, 61.89, 95.81, 58.91, 152.52, 49.33, 153.38, 50.0]
d: [3.5, 3.5, 3.5, 3.5, 3.5, 3.5, 3.5, 3.5, 3.5, 3.5, 3.5, 3.5, 3.5, 2.0]
LOSE: random_idx_1 = 0, random_idx_2 = 5
LOSE: random_idx_1 = 2, random_idx_2 = 3

iteration: 64
best: [5.7, 7.02, 9.19, 11.45, 13.99, 17.63, 26.13, 30.27, 32.02, 33.86, 35.84, 38.39, 40.23, 41.48]
time: [5.7, 7.07, 9.23, 14.8, 17.57, 21.89, 30.86, 34.71, 36.97, 1000, 1000, 1000, 1000, 1000]
current_hyper_parameter
v: [34.77, 24.94, 31.02, 14.61, 18.5, 11.58, 33.81, 14.71, 19.96, 25.54, 12.0, 17.86, 14.92, 22.26]
a: [127.15, 155.42, 145.92, 85.97, 118.2, 108.81, 118.2, 61.89, 95.81, 58.91, 152.52, 49.33, 153.38, 50.0]
d: [3.5, 3.5, 3.5, 3.5, 3.5, 3.5, 3.5, 3.5, 3.5, 3.5, 3.5, 3.5, 3.5, 2.0]
BEST_hyper_parameter
v: [34.77, 24.94, 31.02, 14.61, 18.5, 21.73, 33.81, 14.71, 19.96, 25.54, 12.0, 17.86, 14.92, 22.26]
a: [127.15, 155.42, 145.92, 85.97, 118.2, 108.81, 118.2, 61.89, 95.81, 58.91, 152.52, 49.33, 153.38, 50.0]
d: [3.5, 3.5, 3.5, 3.5, 3.5, 3.5, 3.5, 3.5, 3.5, 3.5, 3.5, 3.5, 3.5, 2.0]
LOSE: random_idx_1 = 2, random_idx_2 = 4
LOSE: random_idx_1 = 2, random_idx_2 = 9

iteration: 65
best: [5.7, 7.02, 9.19, 11.45, 13.99, 17.63, 26.13, 30.27, 32.02, 33.86, 35.84, 38.39, 40.23, 41.48]
time: [5.7, 7.07, 9.24, 11.84, 14.61, 18.25, 26.85, 31.18, 33.05, 34.87, 36.52, 39.09, 41.05, 1000]
current_hyper_parameter
v: [34.77, 24.94, 31.02, 14.61, 18.5, 21.73, 33.81, 14.71, 19.96, 25.54, 12.0, 17.86, 14.92, 22.26]
a: [127.15, 155.42, 145.92, 85.97, 118.2, 108.81, 118.2, 61.89, 95.81, 58.91, 152.52, 49.33, 153.38, 50.0]
d: [3.5, 3.5, 3.5, 3.5, 3.5, 3.5, 3.5, 3.5, 3.5, 3.5, 3.5, 3.5, 3.5, 2.0]
BEST_hyper_parameter
v: [34.77, 24.94, 31.02, 14.61, 18.5, 21.73, 33.81, 14.71, 19.96, 25.54, 12.0, 17.86, 14.92, 22.26]
a: [127.15, 155.42, 145.92, 85.97, 118.2, 108.81, 118.2, 61.89, 95.81, 58.91, 152.52, 49.33, 153.38, 50.0]
d: [3.5, 3.5, 3.5, 3.5, 3.5, 3.5, 3.5, 3.5, 3.5, 3.5, 3.5, 3.5, 3.5, 2.0]
LOSE: random_idx_1 = 1, random_idx_2 = 3
LOSE: random_idx_1 = 2, random_idx_2 = 0

iteration: 66
best: [5.7, 7.02, 9.19, 11.45, 13.99, 17.63, 26.13, 30.27, 32.02, 33.86, 35.84, 38.39, 40.23, 41.48]
time: [5.69, 7.06, 9.25, 12.11, 15.01, 18.71, 27.42, 31.62, 33.4, 35.19, 36.9, 39.58, 41.5, 1000]
current_hyper_parameter
v: [34.77, 24.94, 31.02, 14.61, 18.5, 21.73, 33.81, 14.71, 19.96, 25.54, 12.0, 17.86, 14.92, 22.26]
a: [127.15, 155.42, 145.92, 102.46, 118.2, 108.81, 118.2, 61.89, 95.81, 58.91, 152.52, 49.33, 153.38, 50.0]
d: [3.5, 3.5, 3.5, 3.5, 3.5, 3.5, 3.5, 3.5, 3.5, 3.5, 3.5, 3.5, 3.5, 2.0]
BEST_hyper_parameter
v: [34.77, 24.94, 31.02, 14.61, 18.5, 21.73, 33.81, 14.71, 19.96, 25.54, 12.0, 17.86, 14.92, 22.26]
a: [127.15, 155.42, 145.92, 85.97, 118.2, 108.81, 118.2, 61.89, 95.81, 58.91, 152.52, 49.33, 153.38, 50.0]
d: [3.5, 3.5, 3.5, 3.5, 3.5, 3.5, 3.5, 3.5, 3.5, 3.5, 3.5, 3.5, 3.5, 2.0]
LOSE: random_idx_1 = 2, random_idx_2 = 7
LOSE: random_idx_1 = 2, random_idx_2 = 2

iteration: 67
best: [5.7, 7.02, 9.19, 11.45, 13.99, 17.63, 26.13, 30.27, 32.02, 33.86, 35.84, 38.39, 40.23, 41.48]
time: [5.74, 7.1, 12.27, 14.68, 20.68, 23.8, 32.49, 36.63, 38.6, 40.34, 1000, 1000, 1000, 1000]
current_hyper_parameter
v: [34.77, 24.94, 31.02, 14.61, 18.5, 21.73, 33.81, 14.71, 19.96, 25.54, 12.0, 17.86, 14.92, 22.26]
a: [127.15, 155.42, 145.92, 85.97, 118.2, 108.81, 118.2, 61.89, 95.81, 58.91, 152.52, 49.33, 153.38, 50.0]
d: [3.5, 3.5, 6.5, 3.5, 3.5, 3.5, 3.5, 3.5, 3.5, 3.5, 3.5, 3.5, 3.5, 2.0]
BEST_hyper_parameter
v: [34.77, 24.94, 31.02, 14.61, 18.5, 21.73, 33.81, 14.71, 19.96, 25.54, 12.0, 17.86, 14.92, 22.26]
a: [127.15, 155.42, 145.92, 85.97, 118.2, 108.81, 118.2, 61.89, 95.81, 58.91, 152.52, 49.33, 153.38, 50.0]
d: [3.5, 3.5, 3.5, 3.5, 3.5, 3.5, 3.5, 3.5, 3.5, 3.5, 3.5, 3.5, 3.5, 2.0]
LOSE: random_idx_1 = 2, random_idx_2 = 13
LOSE: random_idx_1 = 2, random_idx_2 = 11

iteration: 68
best: [5.7, 7.02, 9.19, 11.45, 13.99, 17.63, 26.13, 30.27, 32.02, 33.86, 35.84, 38.39, 40.23, 41.48]
time: [5.72, 7.05, 9.23, 12.14, 17.91, 21.3, 29.91, 34.04, 35.94, 37.69, 39.69, 1000, 1000, 1000]
current_hyper_parameter
v: [34.77, 24.94, 31.02, 14.61, 18.5, 21.73, 33.81, 14.71, 19.96, 25.54, 12.0, 17.86, 14.92, 22.26]
a: [127.15, 155.42, 145.92, 85.97, 118.2, 108.81, 118.2, 61.89, 95.81, 58.91, 152.52, 49.33, 153.38, 50.0]
d: [3.5, 3.5, 3.5, 3.5, 3.5, 3.5, 3.5, 3.5, 3.5, 3.5, 3.5, 3.5, 3.5, 2.0]
BEST_hyper_parameter
v: [34.77, 24.94, 31.02, 14.61, 18.5, 21.73, 33.81, 14.71, 19.96, 25.54, 12.0, 17.86, 14.92, 22.26]
a: [127.15, 155.42, 145.92, 85.97, 118.2, 108.81, 118.2, 61.89, 95.81, 58.91, 152.52, 49.33, 153.38, 50.0]
d: [3.5, 3.5, 3.5, 3.5, 3.5, 3.5, 3.5, 3.5, 3.5, 3.5, 3.5, 3.5, 3.5, 2.0]
LOSE: random_idx_1 = 0, random_idx_2 = 3
LOSE: random_idx_1 = 1, random_idx_2 = 0

iteration: 69
best: [5.7, 7.02, 9.19, 11.45, 13.99, 17.63, 26.13, 30.27, 32.02, 33.86, 35.84, 38.39, 40.23, 41.48]
time: [5.8, 7.17, 9.64, 12.21, 17.95, 21.29, 29.8, 33.66, 35.63, 37.71, 39.13, 41.92, 43.73, 1000]
current_hyper_parameter
v: [34.77, 24.94, 31.02, 13.96, 18.5, 21.73, 33.81, 14.71, 19.96, 25.54, 12.0, 17.86, 14.92, 22.26]
a: [95.18, 155.42, 145.92, 85.97, 118.2, 108.81, 118.2, 61.89, 95.81, 58.91, 152.52, 49.33, 153.38, 50.0]
d: [3.5, 3.5, 3.5, 3.5, 3.5, 3.5, 3.5, 3.5, 3.5, 3.5, 3.5, 3.5, 3.5, 2.0]
BEST_hyper_parameter
v: [34.77, 24.94, 31.02, 14.61, 18.5, 21.73, 33.81, 14.71, 19.96, 25.54, 12.0, 17.86, 14.92, 22.26]
a: [127.15, 155.42, 145.92, 85.97, 118.2, 108.81, 118.2, 61.89, 95.81, 58.91, 152.52, 49.33, 153.38, 50.0]
d: [3.5, 3.5, 3.5, 3.5, 3.5, 3.5, 3.5, 3.5, 3.5, 3.5, 3.5, 3.5, 3.5, 2.0]
LOSE: random_idx_1 = 0, random_idx_2 = 2
LOSE: random_idx_1 = 0, random_idx_2 = 0
