
iteration: 1
best: [1000.0, 1000.0, 1000.0, 1000.0, 1000.0, 1000.0, 1000.0, 1000.0, 1000.0, 1000.0, 1000.0, 1000.0, 1000.0, 1000.0]
time: [6.58, 9.03, 13.36, 17.2, 24.28, 28.26, 48.49, 52.63, 54.85, 57.53, 59.5, 62.51, 70.57, 72.71]
current_hyper_parameter
v: [12.0, 12.0, 12.0, 12.0, 12.0, 12.0, 12.0, 12.0, 12.0, 12.0, 12.0, 12.0, 12.0, 12.0]
a: [50.0, 50.0, 50.0, 50.0, 50.0, 50.0, 50.0, 50.0, 50.0, 50.0, 50.0, 50.0, 50.0, 50.0]
d: [3.5, 3.5, 3.5, 3.5, 3.5, 3.5, 3.5, 3.5, 3.5, 3.5, 3.5, 3.5, 3.5, 2.0]
BEST_hyper_parameter
v: [12.0, 12.0, 12.0, 12.0, 12.0, 12.0, 12.0, 12.0, 12.0, 12.0, 12.0, 12.0, 12.0, 12.0]
a: [50.0, 50.0, 50.0, 50.0, 50.0, 50.0, 50.0, 50.0, 50.0, 50.0, 50.0, 50.0, 50.0, 50.0]
d: [3.5, 3.5, 3.5, 3.5, 3.5, 3.5, 3.5, 3.5, 3.5, 3.5, 3.5, 3.5, 3.5, 2.0]
WIN: random_idx_1 = 2, random_idx_2 = 6
WIN: random_idx_1 = 0, random_idx_2 = 12

iteration: 2
best: [6.58, 9.03, 13.36, 17.2, 24.28, 28.26, 48.49, 52.63, 54.85, 57.53, 59.5, 62.51, 70.57, 72.71]
time: [6.7, 9.15, 13.59, 17.39, 21.3, 25.53, 45.87, 49.98, 52.2, 54.75, 56.54, 59.66, 62.72, 64.62]
current_hyper_parameter
v: [12.0, 12.0, 12.0, 12.0, 12.0, 12.0, 12.0, 12.0, 12.0, 12.0, 12.0, 12.0, 8.91, 12.0]
a: [50.0, 50.0, 50.0, 50.0, 50.0, 50.0, 50.0, 50.0, 50.0, 50.0, 50.0, 50.0, 50.0, 50.0]
d: [3.5, 3.5, 3.5, 3.5, 3.5, 3.5, 3.5, 3.5, 3.5, 3.5, 3.5, 3.5, 3.5, 2.0]
BEST_hyper_parameter
v: [12.0, 12.0, 12.0, 12.0, 12.0, 12.0, 12.0, 12.0, 12.0, 12.0, 12.0, 12.0, 12.0, 12.0]
a: [50.0, 50.0, 50.0, 50.0, 50.0, 50.0, 50.0, 50.0, 50.0, 50.0, 50.0, 50.0, 50.0, 50.0]
d: [3.5, 3.5, 3.5, 3.5, 3.5, 3.5, 3.5, 3.5, 3.5, 3.5, 3.5, 3.5, 3.5, 2.0]
WIN: random_idx_1 = 2, random_idx_2 = 0
WIN: random_idx_1 = 0, random_idx_2 = 3

iteration: 3
best: [6.7, 9.15, 13.59, 17.39, 21.3, 25.53, 45.87, 49.98, 52.2, 54.75, 56.54, 59.66, 62.72, 64.62]
time: [6.69, 9.17, 13.58, 17.12, 21.06, 25.0, 45.42, 49.49, 51.64, 54.23, 59.09, 62.19, 65.25, 1000]
current_hyper_parameter
v: [12.0, 12.0, 12.0, 33.48, 12.0, 12.0, 12.0, 12.0, 12.0, 12.0, 12.0, 12.0, 8.91, 12.0]
a: [50.0, 50.0, 50.0, 50.0, 50.0, 50.0, 50.0, 50.0, 50.0, 50.0, 50.0, 50.0, 50.0, 50.0]
d: [3.5, 3.5, 3.5, 3.5, 3.5, 3.5, 3.5, 3.5, 3.5, 3.5, 3.5, 3.5, 3.5, 2.0]
BEST_hyper_parameter
v: [12.0, 12.0, 12.0, 12.0, 12.0, 12.0, 12.0, 12.0, 12.0, 12.0, 12.0, 12.0, 8.91, 12.0]
a: [50.0, 50.0, 50.0, 50.0, 50.0, 50.0, 50.0, 50.0, 50.0, 50.0, 50.0, 50.0, 50.0, 50.0]
d: [3.5, 3.5, 3.5, 3.5, 3.5, 3.5, 3.5, 3.5, 3.5, 3.5, 3.5, 3.5, 3.5, 2.0]
LOSE: random_idx_1 = 2, random_idx_2 = 9
LOSE: random_idx_1 = 2, random_idx_2 = 13

iteration: 4
best: [6.69, 9.17, 13.58, 17.12, 21.06, 25.0, 45.42, 49.49, 51.64, 54.23, 56.54, 59.66, 62.72, 64.62]
time: [6.72, 9.18, 13.55, 17.07, 20.99, 24.93, 45.49, 50.41, 52.66, 55.27, 57.4, 60.55, 63.81, 65.72]
current_hyper_parameter
v: [12.0, 12.0, 12.0, 33.48, 12.0, 12.0, 12.0, 12.0, 12.0, 12.0, 12.0, 12.0, 8.91, 12.0]
a: [50.0, 50.0, 50.0, 50.0, 50.0, 50.0, 50.0, 50.0, 50.0, 50.0, 50.0, 50.0, 50.0, 50.0]
d: [3.5, 3.5, 3.5, 3.5, 3.5, 3.5, 3.5, 3.5, 3.5, 3.5, 3.5, 3.5, 3.5, 2.0]
BEST_hyper_parameter
v: [12.0, 12.0, 12.0, 33.48, 12.0, 12.0, 12.0, 12.0, 12.0, 12.0, 12.0, 12.0, 8.91, 12.0]
a: [50.0, 50.0, 50.0, 50.0, 50.0, 50.0, 50.0, 50.0, 50.0, 50.0, 50.0, 50.0, 50.0, 50.0]
d: [3.5, 3.5, 3.5, 3.5, 3.5, 3.5, 3.5, 3.5, 3.5, 3.5, 3.5, 3.5, 3.5, 2.0]
LOSE: random_idx_1 = 1, random_idx_2 = 12
LOSE: random_idx_1 = 0, random_idx_2 = 5

iteration: 5
best: [6.69, 9.17, 13.58, 17.12, 21.06, 25.0, 45.42, 49.49, 51.64, 54.23, 56.54, 59.66, 62.72, 64.62]
time: [6.53, 8.98, 13.51, 17.07, 21.01, 24.71, 44.44, 48.45, 50.6, 53.17, 54.95, 57.98, 63.67, 65.42]
current_hyper_parameter
v: [12.0, 12.0, 12.0, 33.48, 12.0, 21.73, 12.0, 12.0, 12.0, 12.0, 12.0, 12.0, 8.91, 12.0]
a: [50.0, 50.0, 50.0, 50.0, 50.0, 50.0, 50.0, 50.0, 50.0, 50.0, 50.0, 50.0, 93.37, 50.0]
d: [3.5, 3.5, 3.5, 3.5, 3.5, 3.5, 3.5, 3.5, 3.5, 3.5, 3.5, 3.5, 3.5, 2.0]
BEST_hyper_parameter
v: [12.0, 12.0, 12.0, 33.48, 12.0, 12.0, 12.0, 12.0, 12.0, 12.0, 12.0, 12.0, 8.91, 12.0]
a: [50.0, 50.0, 50.0, 50.0, 50.0, 50.0, 50.0, 50.0, 50.0, 50.0, 50.0, 50.0, 50.0, 50.0]
d: [3.5, 3.5, 3.5, 3.5, 3.5, 3.5, 3.5, 3.5, 3.5, 3.5, 3.5, 3.5, 3.5, 2.0]
LOSE: random_idx_1 = 0, random_idx_2 = 11
LOSE: random_idx_1 = 0, random_idx_2 = 11

iteration: 6
best: [6.53, 8.98, 13.51, 17.07, 21.01, 24.71, 44.44, 48.45, 50.6, 53.17, 54.95, 57.98, 62.72, 64.62]
time: [6.73, 9.17, 13.57, 17.07, 21.01, 24.79, 44.45, 48.48, 50.69, 53.56, 55.35, 58.34, 64.93, 1000]
current_hyper_parameter
v: [12.0, 12.0, 12.0, 33.48, 12.0, 21.73, 12.0, 12.0, 12.0, 12.0, 12.0, 18.03, 8.91, 12.0]
a: [50.0, 50.0, 50.0, 50.0, 50.0, 50.0, 50.0, 50.0, 50.0, 50.0, 50.0, 50.0, 50.0, 50.0]
d: [3.5, 3.5, 3.5, 3.5, 3.5, 3.5, 3.5, 3.5, 3.5, 3.5, 3.5, 3.5, 3.5, 2.0]
BEST_hyper_parameter
v: [12.0, 12.0, 12.0, 33.48, 12.0, 21.73, 12.0, 12.0, 12.0, 12.0, 12.0, 12.0, 8.91, 12.0]
a: [50.0, 50.0, 50.0, 50.0, 50.0, 50.0, 50.0, 50.0, 50.0, 50.0, 50.0, 50.0, 50.0, 50.0]
d: [3.5, 3.5, 3.5, 3.5, 3.5, 3.5, 3.5, 3.5, 3.5, 3.5, 3.5, 3.5, 3.5, 2.0]
LOSE: random_idx_1 = 2, random_idx_2 = 10
LOSE: random_idx_1 = 0, random_idx_2 = 8

iteration: 7
best: [6.53, 8.98, 13.51, 17.07, 21.01, 24.71, 44.44, 48.45, 50.6, 53.17, 54.95, 57.98, 62.72, 64.62]
time: [6.69, 9.14, 13.6, 17.12, 21.07, 24.84, 44.56, 48.57, 50.66, 53.11, 55.1, 58.33, 1000, 1000]
current_hyper_parameter
v: [12.0, 12.0, 12.0, 33.48, 12.0, 21.73, 12.0, 12.0, 23.31, 12.0, 12.0, 12.0, 8.91, 12.0]
a: [50.0, 50.0, 50.0, 50.0, 50.0, 50.0, 50.0, 50.0, 50.0, 50.0, 50.0, 50.0, 50.0, 50.0]
d: [3.5, 3.5, 3.5, 3.5, 3.5, 3.5, 3.5, 3.5, 3.5, 3.5, 3.5, 3.5, 3.5, 2.0]
BEST_hyper_parameter
v: [12.0, 12.0, 12.0, 33.48, 12.0, 21.73, 12.0, 12.0, 12.0, 12.0, 12.0, 12.0, 8.91, 12.0]
a: [50.0, 50.0, 50.0, 50.0, 50.0, 50.0, 50.0, 50.0, 50.0, 50.0, 50.0, 50.0, 50.0, 50.0]
d: [3.5, 3.5, 3.5, 3.5, 3.5, 3.5, 3.5, 3.5, 3.5, 3.5, 3.5, 3.5, 3.5, 2.0]
LOSE: random_idx_1 = 2, random_idx_2 = 1
LOSE: random_idx_1 = 1, random_idx_2 = 6

iteration: 8
best: [6.53, 8.98, 13.51, 17.07, 21.01, 24.71, 44.44, 48.45, 50.6, 53.17, 54.95, 57.98, 62.72, 64.62]
time: [6.71, 9.16, 13.56, 17.07, 20.84, 24.76, 43.8, 47.6, 50.08, 52.73, 54.59, 57.2, 60.24, 61.97]
current_hyper_parameter
v: [12.0, 12.0, 12.0, 33.48, 12.0, 21.73, 12.0, 12.0, 12.0, 12.0, 12.0, 12.0, 8.91, 12.0]
a: [50.0, 50.0, 50.0, 50.0, 50.0, 50.0, 118.2, 50.0, 50.0, 50.0, 50.0, 50.0, 50.0, 50.0]
d: [3.5, 3.5, 3.5, 3.5, 3.5, 3.5, 3.5, 3.5, 3.5, 3.5, 3.5, 3.5, 3.5, 2.0]
BEST_hyper_parameter
v: [12.0, 12.0, 12.0, 33.48, 12.0, 21.73, 12.0, 12.0, 12.0, 12.0, 12.0, 12.0, 8.91, 12.0]
a: [50.0, 50.0, 50.0, 50.0, 50.0, 50.0, 50.0, 50.0, 50.0, 50.0, 50.0, 50.0, 50.0, 50.0]
d: [3.5, 3.5, 3.5, 3.5, 3.5, 3.5, 3.5, 3.5, 3.5, 3.5, 3.5, 3.5, 3.5, 2.0]
WIN: random_idx_1 = 2, random_idx_2 = 5
WIN: random_idx_1 = 1, random_idx_2 = 8

iteration: 9
best: [6.71, 9.16, 13.56, 17.07, 20.84, 24.76, 43.8, 47.6, 50.08, 52.73, 54.59, 57.2, 60.24, 61.97]
time: [6.53, 9.0, 13.51, 17.09, 21.05, 24.74, 44.13, 48.04, 49.9, 52.16, 53.82, 57.47, 60.35, 62.1]
current_hyper_parameter
v: [12.0, 12.0, 12.0, 33.48, 12.0, 21.73, 12.0, 12.0, 12.0, 12.0, 12.0, 12.0, 8.91, 12.0]
a: [50.0, 50.0, 50.0, 50.0, 50.0, 50.0, 118.2, 50.0, 147.11, 50.0, 50.0, 50.0, 50.0, 50.0]
d: [3.5, 3.5, 3.5, 3.5, 3.5, 3.5, 3.5, 3.5, 3.5, 3.5, 3.5, 3.5, 3.5, 2.0]
BEST_hyper_parameter
v: [12.0, 12.0, 12.0, 33.48, 12.0, 21.73, 12.0, 12.0, 12.0, 12.0, 12.0, 12.0, 8.91, 12.0]
a: [50.0, 50.0, 50.0, 50.0, 50.0, 50.0, 118.2, 50.0, 50.0, 50.0, 50.0, 50.0, 50.0, 50.0]
d: [3.5, 3.5, 3.5, 3.5, 3.5, 3.5, 3.5, 3.5, 3.5, 3.5, 3.5, 3.5, 3.5, 2.0]
LOSE: random_idx_1 = 2, random_idx_2 = 11
LOSE: random_idx_1 = 2, random_idx_2 = 13

iteration: 10
best: [6.53, 9.0, 13.51, 17.09, 21.05, 24.74, 44.13, 48.04, 49.9, 52.16, 53.82, 57.2, 60.24, 61.97]
time: [6.59, 9.05, 13.52, 17.05, 20.97, 24.74, 43.96, 47.95, 49.85, 52.09, 53.82, 57.34, 60.57, 62.58]
current_hyper_parameter
v: [12.0, 12.0, 12.0, 33.48, 12.0, 21.73, 12.0, 12.0, 12.0, 12.0, 12.0, 12.0, 8.91, 12.0]
a: [50.0, 50.0, 50.0, 50.0, 50.0, 50.0, 118.2, 50.0, 147.11, 50.0, 50.0, 50.0, 50.0, 50.0]
d: [3.5, 3.5, 3.5, 3.5, 3.5, 3.5, 3.5, 3.5, 3.5, 3.5, 3.5, 3.5, 3.5, 2.0]
BEST_hyper_parameter
v: [12.0, 12.0, 12.0, 33.48, 12.0, 21.73, 12.0, 12.0, 12.0, 12.0, 12.0, 12.0, 8.91, 12.0]
a: [50.0, 50.0, 50.0, 50.0, 50.0, 50.0, 118.2, 50.0, 147.11, 50.0, 50.0, 50.0, 50.0, 50.0]
d: [3.5, 3.5, 3.5, 3.5, 3.5, 3.5, 3.5, 3.5, 3.5, 3.5, 3.5, 3.5, 3.5, 2.0]
LOSE: random_idx_1 = 2, random_idx_2 = 2
LOSE: random_idx_1 = 2, random_idx_2 = 6

iteration: 11
best: [6.53, 9.0, 13.51, 17.09, 21.05, 24.74, 44.13, 48.04, 49.9, 52.16, 53.82, 57.2, 60.24, 61.97]
time: [6.71, 9.19, 13.54, 16.87, 20.92, 24.74, 44.07, 47.82, 49.69, 52.01, 54.0, 56.98, 60.16, 62.15]
current_hyper_parameter
v: [12.0, 12.0, 12.0, 33.48, 12.0, 21.73, 12.0, 12.0, 12.0, 12.0, 12.0, 12.0, 8.91, 12.0]
a: [50.0, 50.0, 50.0, 50.0, 50.0, 50.0, 118.2, 50.0, 147.11, 50.0, 50.0, 50.0, 50.0, 50.0]
d: [3.5, 3.5, 4.34, 3.5, 3.5, 3.5, 3.5, 3.5, 3.5, 3.5, 3.5, 3.5, 3.5, 2.0]
BEST_hyper_parameter
v: [12.0, 12.0, 12.0, 33.48, 12.0, 21.73, 12.0, 12.0, 12.0, 12.0, 12.0, 12.0, 8.91, 12.0]
a: [50.0, 50.0, 50.0, 50.0, 50.0, 50.0, 118.2, 50.0, 147.11, 50.0, 50.0, 50.0, 50.0, 50.0]
d: [3.5, 3.5, 3.5, 3.5, 3.5, 3.5, 3.5, 3.5, 3.5, 3.5, 3.5, 3.5, 3.5, 2.0]
LOSE: random_idx_1 = 0, random_idx_2 = 10
LOSE: random_idx_1 = 2, random_idx_2 = 6

iteration: 12
best: [6.53, 9.0, 13.51, 17.09, 21.05, 24.74, 44.13, 48.04, 49.9, 52.16, 53.82, 57.2, 60.24, 61.97]
time: [6.61, 9.07, 13.53, 17.08, 20.9, 24.86, 43.82, 47.64, 49.83, 52.08, 54.05, 57.41, 63.27, 1000]
current_hyper_parameter
v: [12.0, 12.0, 12.0, 33.48, 12.0, 21.73, 12.0, 12.0, 12.0, 12.0, 15.3, 12.0, 8.91, 12.0]
a: [50.0, 50.0, 50.0, 50.0, 50.0, 50.0, 118.2, 50.0, 147.11, 50.0, 50.0, 50.0, 50.0, 50.0]
d: [3.5, 3.5, 3.5, 3.5, 3.5, 3.5, 3.5, 3.5, 3.5, 3.5, 3.5, 3.5, 3.5, 2.0]
BEST_hyper_parameter
v: [12.0, 12.0, 12.0, 33.48, 12.0, 21.73, 12.0, 12.0, 12.0, 12.0, 12.0, 12.0, 8.91, 12.0]
a: [50.0, 50.0, 50.0, 50.0, 50.0, 50.0, 118.2, 50.0, 147.11, 50.0, 50.0, 50.0, 50.0, 50.0]
d: [3.5, 3.5, 3.5, 3.5, 3.5, 3.5, 3.5, 3.5, 3.5, 3.5, 3.5, 3.5, 3.5, 2.0]
LOSE: random_idx_1 = 1, random_idx_2 = 1
LOSE: random_idx_1 = 2, random_idx_2 = 0

iteration: 13
best: [6.53, 9.0, 13.51, 17.09, 21.05, 24.74, 44.13, 48.04, 49.9, 52.16, 53.82, 57.2, 60.24, 61.97]
time: [6.6, 9.12, 13.59, 17.08, 21.01, 24.72, 44.25, 48.05, 49.9, 52.11, 53.82, 57.05, 60.19, 62.03]
current_hyper_parameter
v: [12.0, 12.0, 12.0, 33.48, 12.0, 21.73, 12.0, 12.0, 12.0, 12.0, 12.0, 12.0, 8.91, 12.0]
a: [50.0, 44.55, 50.0, 50.0, 50.0, 50.0, 118.2, 50.0, 147.11, 50.0, 50.0, 50.0, 50.0, 50.0]
d: [3.5, 3.5, 3.5, 3.5, 3.5, 3.5, 3.5, 3.5, 3.5, 3.5, 3.5, 3.5, 3.5, 2.0]
BEST_hyper_parameter
v: [12.0, 12.0, 12.0, 33.48, 12.0, 21.73, 12.0, 12.0, 12.0, 12.0, 12.0, 12.0, 8.91, 12.0]
a: [50.0, 50.0, 50.0, 50.0, 50.0, 50.0, 118.2, 50.0, 147.11, 50.0, 50.0, 50.0, 50.0, 50.0]
d: [3.5, 3.5, 3.5, 3.5, 3.5, 3.5, 3.5, 3.5, 3.5, 3.5, 3.5, 3.5, 3.5, 2.0]
LOSE: random_idx_1 = 0, random_idx_2 = 1
LOSE: random_idx_1 = 0, random_idx_2 = 12

iteration: 14
best: [6.53, 9.0, 13.51, 17.09, 21.05, 24.74, 44.13, 48.04, 49.9, 52.16, 53.82, 57.2, 60.24, 61.97]
time: [6.71, 9.13, 13.51, 17.07, 20.85, 24.82, 43.72, 47.54, 49.82, 51.99, 62.09, 1000, 1000, 1000]
current_hyper_parameter
v: [12.0, 13.02, 12.0, 33.48, 12.0, 21.73, 12.0, 12.0, 12.0, 12.0, 12.0, 12.0, 30.07, 12.0]
a: [50.0, 50.0, 50.0, 50.0, 50.0, 50.0, 118.2, 50.0, 147.11, 50.0, 50.0, 50.0, 50.0, 50.0]
d: [3.5, 3.5, 3.5, 3.5, 3.5, 3.5, 3.5, 3.5, 3.5, 3.5, 3.5, 3.5, 3.5, 2.0]
BEST_hyper_parameter
v: [12.0, 12.0, 12.0, 33.48, 12.0, 21.73, 12.0, 12.0, 12.0, 12.0, 12.0, 12.0, 8.91, 12.0]
a: [50.0, 50.0, 50.0, 50.0, 50.0, 50.0, 118.2, 50.0, 147.11, 50.0, 50.0, 50.0, 50.0, 50.0]
d: [3.5, 3.5, 3.5, 3.5, 3.5, 3.5, 3.5, 3.5, 3.5, 3.5, 3.5, 3.5, 3.5, 2.0]
LOSE: random_idx_1 = 1, random_idx_2 = 4
LOSE: random_idx_1 = 2, random_idx_2 = 1

iteration: 15
best: [6.53, 9.0, 13.51, 17.09, 21.05, 24.74, 44.13, 48.04, 49.9, 52.16, 53.82, 57.2, 60.24, 61.97]
time: [6.72, 9.18, 13.57, 17.06, 23.43, 27.22, 46.32, 50.1, 52.32, 54.61, 56.61, 59.76, 1000, 1000]
current_hyper_parameter
v: [12.0, 12.0, 12.0, 33.48, 12.0, 21.73, 12.0, 12.0, 12.0, 12.0, 12.0, 12.0, 8.91, 12.0]
a: [50.0, 50.0, 50.0, 50.0, 108.93, 50.0, 118.2, 50.0, 147.11, 50.0, 50.0, 50.0, 50.0, 50.0]
d: [3.5, 3.5, 3.5, 3.5, 3.5, 3.5, 3.5, 3.5, 3.5, 3.5, 3.5, 3.5, 3.5, 2.0]
BEST_hyper_parameter
v: [12.0, 12.0, 12.0, 33.48, 12.0, 21.73, 12.0, 12.0, 12.0, 12.0, 12.0, 12.0, 8.91, 12.0]
a: [50.0, 50.0, 50.0, 50.0, 50.0, 50.0, 118.2, 50.0, 147.11, 50.0, 50.0, 50.0, 50.0, 50.0]
d: [3.5, 3.5, 3.5, 3.5, 3.5, 3.5, 3.5, 3.5, 3.5, 3.5, 3.5, 3.5, 3.5, 2.0]
LOSE: random_idx_1 = 1, random_idx_2 = 13
LOSE: random_idx_1 = 1, random_idx_2 = 9

iteration: 16
best: [6.53, 9.0, 13.51, 17.09, 21.05, 24.74, 44.13, 48.04, 49.9, 52.16, 53.82, 57.2, 60.24, 61.97]
time: [6.7, 9.16, 13.59, 17.1, 21.05, 24.77, 44.41, 48.18, 50.19, 52.33, 55.18, 61.1, 1000, 1000]
current_hyper_parameter
v: [12.0, 12.0, 12.0, 33.48, 12.0, 21.73, 12.0, 12.0, 12.0, 12.0, 12.0, 12.0, 8.91, 12.0]
a: [50.0, 50.0, 50.0, 50.0, 50.0, 50.0, 118.2, 50.0, 147.11, 134.81, 50.0, 50.0, 50.0, 107.02]
d: [3.5, 3.5, 3.5, 3.5, 3.5, 3.5, 3.5, 3.5, 3.5, 3.5, 3.5, 3.5, 3.5, 2.0]
BEST_hyper_parameter
v: [12.0, 12.0, 12.0, 33.48, 12.0, 21.73, 12.0, 12.0, 12.0, 12.0, 12.0, 12.0, 8.91, 12.0]
a: [50.0, 50.0, 50.0, 50.0, 50.0, 50.0, 118.2, 50.0, 147.11, 50.0, 50.0, 50.0, 50.0, 50.0]
d: [3.5, 3.5, 3.5, 3.5, 3.5, 3.5, 3.5, 3.5, 3.5, 3.5, 3.5, 3.5, 3.5, 2.0]
LOSE: random_idx_1 = 1, random_idx_2 = 1
LOSE: random_idx_1 = 1, random_idx_2 = 3

iteration: 17
best: [6.53, 9.0, 13.51, 17.09, 21.05, 24.74, 44.13, 48.04, 49.9, 52.16, 53.82, 57.2, 60.24, 61.97]
time: [6.6, 8.89, 13.15, 19.49, 23.46, 27.22, 46.78, 50.52, 52.44, 54.78, 56.78, 59.92, 1000, 1000]
current_hyper_parameter
v: [12.0, 12.0, 12.0, 33.48, 12.0, 21.73, 12.0, 12.0, 12.0, 12.0, 12.0, 12.0, 8.91, 12.0]
a: [50.0, 80.21, 50.0, 55.48, 50.0, 50.0, 118.2, 50.0, 147.11, 50.0, 50.0, 50.0, 50.0, 50.0]
d: [3.5, 3.5, 3.5, 3.5, 3.5, 3.5, 3.5, 3.5, 3.5, 3.5, 3.5, 3.5, 3.5, 2.0]
BEST_hyper_parameter
v: [12.0, 12.0, 12.0, 33.48, 12.0, 21.73, 12.0, 12.0, 12.0, 12.0, 12.0, 12.0, 8.91, 12.0]
a: [50.0, 50.0, 50.0, 50.0, 50.0, 50.0, 118.2, 50.0, 147.11, 50.0, 50.0, 50.0, 50.0, 50.0]
d: [3.5, 3.5, 3.5, 3.5, 3.5, 3.5, 3.5, 3.5, 3.5, 3.5, 3.5, 3.5, 3.5, 2.0]
LOSE: random_idx_1 = 1, random_idx_2 = 10
LOSE: random_idx_1 = 1, random_idx_2 = 13

iteration: 18
best: [6.53, 9.0, 13.51, 17.09, 21.05, 24.74, 44.13, 48.04, 49.9, 52.16, 53.82, 57.2, 60.24, 61.97]
time: [6.69, 9.15, 13.56, 17.08, 21.01, 24.78, 43.95, 48.84, 50.89, 53.14, 54.8, 57.99, 61.13, 62.43]
current_hyper_parameter
v: [12.0, 12.0, 12.0, 33.48, 12.0, 21.73, 12.0, 12.0, 12.0, 12.0, 12.0, 12.0, 8.91, 12.0]
a: [50.0, 50.0, 50.0, 50.0, 50.0, 50.0, 118.2, 50.0, 147.11, 50.0, 135.17, 50.0, 50.0, 131.4]
d: [3.5, 3.5, 3.5, 3.5, 3.5, 3.5, 3.5, 3.5, 3.5, 3.5, 3.5, 3.5, 3.5, 2.0]
BEST_hyper_parameter
v: [12.0, 12.0, 12.0, 33.48, 12.0, 21.73, 12.0, 12.0, 12.0, 12.0, 12.0, 12.0, 8.91, 12.0]
a: [50.0, 50.0, 50.0, 50.0, 50.0, 50.0, 118.2, 50.0, 147.11, 50.0, 50.0, 50.0, 50.0, 50.0]
d: [3.5, 3.5, 3.5, 3.5, 3.5, 3.5, 3.5, 3.5, 3.5, 3.5, 3.5, 3.5, 3.5, 2.0]
LOSE: random_idx_1 = 1, random_idx_2 = 5
LOSE: random_idx_1 = 1, random_idx_2 = 6

iteration: 19
best: [6.53, 9.0, 13.51, 17.09, 21.05, 24.74, 44.13, 48.04, 49.9, 52.16, 53.82, 57.2, 60.24, 61.97]
time: [6.7, 9.16, 13.55, 17.05, 20.83, 24.95, 44.66, 48.62, 50.75, 53.05, 55.05, 58.2, 1000, 1000]
current_hyper_parameter
v: [12.0, 12.0, 12.0, 33.48, 12.0, 21.73, 12.0, 12.0, 12.0, 12.0, 12.0, 12.0, 8.91, 12.0]
a: [50.0, 50.0, 50.0, 50.0, 50.0, 45.07, 90.05, 50.0, 147.11, 50.0, 50.0, 50.0, 50.0, 50.0]
d: [3.5, 3.5, 3.5, 3.5, 3.5, 3.5, 3.5, 3.5, 3.5, 3.5, 3.5, 3.5, 3.5, 2.0]
BEST_hyper_parameter
v: [12.0, 12.0, 12.0, 33.48, 12.0, 21.73, 12.0, 12.0, 12.0, 12.0, 12.0, 12.0, 8.91, 12.0]
a: [50.0, 50.0, 50.0, 50.0, 50.0, 50.0, 118.2, 50.0, 147.11, 50.0, 50.0, 50.0, 50.0, 50.0]
d: [3.5, 3.5, 3.5, 3.5, 3.5, 3.5, 3.5, 3.5, 3.5, 3.5, 3.5, 3.5, 3.5, 2.0]
LOSE: random_idx_1 = 0, random_idx_2 = 6
LOSE: random_idx_1 = 1, random_idx_2 = 9

iteration: 20
best: [6.53, 9.0, 13.51, 17.09, 21.05, 24.74, 44.13, 48.04, 49.9, 52.16, 53.82, 57.2, 60.24, 61.97]
time: [6.71, 9.15, 13.6, 17.11, 21.06, 24.76, 39.44, 1000, 1000, 1000, 1000, 1000, 1000, 1000]
current_hyper_parameter
v: [12.0, 12.0, 12.0, 33.48, 12.0, 21.73, 17.66, 12.0, 12.0, 12.0, 12.0, 12.0, 8.91, 12.0]
a: [50.0, 50.0, 50.0, 50.0, 50.0, 50.0, 118.2, 50.0, 147.11, 68.13, 50.0, 50.0, 50.0, 50.0]
d: [3.5, 3.5, 3.5, 3.5, 3.5, 3.5, 3.5, 3.5, 3.5, 3.5, 3.5, 3.5, 3.5, 2.0]
BEST_hyper_parameter
v: [12.0, 12.0, 12.0, 33.48, 12.0, 21.73, 12.0, 12.0, 12.0, 12.0, 12.0, 12.0, 8.91, 12.0]
a: [50.0, 50.0, 50.0, 50.0, 50.0, 50.0, 118.2, 50.0, 147.11, 50.0, 50.0, 50.0, 50.0, 50.0]
d: [3.5, 3.5, 3.5, 3.5, 3.5, 3.5, 3.5, 3.5, 3.5, 3.5, 3.5, 3.5, 3.5, 2.0]
LOSE: random_idx_1 = 1, random_idx_2 = 13
LOSE: random_idx_1 = 0, random_idx_2 = 4

iteration: 21
best: [6.53, 9.0, 13.51, 17.09, 21.05, 24.74, 44.13, 48.04, 49.9, 52.16, 53.82, 57.2, 60.24, 61.97]
time: [6.72, 9.15, 13.57, 17.05, 28.59, 1000, 1000, 1000, 1000, 1000, 1000, 1000, 1000, 1000]
current_hyper_parameter
v: [12.0, 12.0, 12.0, 33.48, 31.66, 21.73, 12.0, 12.0, 12.0, 12.0, 12.0, 12.0, 8.91, 12.0]
a: [50.0, 50.0, 50.0, 50.0, 50.0, 50.0, 118.2, 50.0, 147.11, 50.0, 50.0, 50.0, 50.0, 99.14]
d: [3.5, 3.5, 3.5, 3.5, 3.5, 3.5, 3.5, 3.5, 3.5, 3.5, 3.5, 3.5, 3.5, 2.0]
BEST_hyper_parameter
v: [12.0, 12.0, 12.0, 33.48, 12.0, 21.73, 12.0, 12.0, 12.0, 12.0, 12.0, 12.0, 8.91, 12.0]
a: [50.0, 50.0, 50.0, 50.0, 50.0, 50.0, 118.2, 50.0, 147.11, 50.0, 50.0, 50.0, 50.0, 50.0]
d: [3.5, 3.5, 3.5, 3.5, 3.5, 3.5, 3.5, 3.5, 3.5, 3.5, 3.5, 3.5, 3.5, 2.0]
LOSE: random_idx_1 = 2, random_idx_2 = 13
LOSE: random_idx_1 = 0, random_idx_2 = 13

iteration: 22
best: [6.53, 9.0, 13.51, 17.09, 21.05, 24.74, 44.13, 48.04, 49.9, 52.16, 53.82, 57.2, 60.24, 61.97]
time: [6.71, 9.18, 13.55, 17.05, 20.99, 24.73, 44.07, 47.87, 49.71, 52.12, 53.73, 56.66, 59.69, 61.58]
current_hyper_parameter
v: [12.0, 12.0, 12.0, 33.48, 12.0, 21.73, 12.0, 12.0, 12.0, 12.0, 12.0, 12.0, 8.91, 14.39]
a: [50.0, 50.0, 50.0, 50.0, 50.0, 50.0, 118.2, 50.0, 147.11, 50.0, 50.0, 50.0, 50.0, 50.0]
d: [3.5, 3.5, 3.5, 3.5, 3.5, 3.5, 3.5, 3.5, 3.5, 3.5, 3.5, 3.5, 3.5, 2.0]
BEST_hyper_parameter
v: [12.0, 12.0, 12.0, 33.48, 12.0, 21.73, 12.0, 12.0, 12.0, 12.0, 12.0, 12.0, 8.91, 12.0]
a: [50.0, 50.0, 50.0, 50.0, 50.0, 50.0, 118.2, 50.0, 147.11, 50.0, 50.0, 50.0, 50.0, 50.0]
d: [3.5, 3.5, 3.5, 3.5, 3.5, 3.5, 3.5, 3.5, 3.5, 3.5, 3.5, 3.5, 3.5, 2.0]
WIN: random_idx_1 = 1, random_idx_2 = 6
WIN: random_idx_1 = 2, random_idx_2 = 8

iteration: 23
best: [6.71, 9.18, 13.55, 17.05, 20.99, 24.73, 44.07, 47.87, 49.71, 52.12, 53.73, 56.66, 59.69, 61.58]
time: [6.69, 9.15, 13.59, 17.13, 24.14, 27.74, 47.01, 50.73, 52.73, 55.14, 56.74, 59.76, 1000, 1000]
current_hyper_parameter
v: [12.0, 12.0, 12.0, 33.48, 12.0, 21.73, 12.0, 12.0, 12.0, 12.0, 12.0, 12.0, 8.91, 14.39]
a: [50.0, 50.0, 50.0, 50.0, 50.0, 50.0, 146.95, 50.0, 147.11, 50.0, 50.0, 50.0, 50.0, 50.0]
d: [3.5, 3.5, 3.5, 3.5, 3.5, 3.5, 3.5, 3.5, 3.5, 3.5, 3.5, 3.5, 3.5, 2.0]
BEST_hyper_parameter
v: [12.0, 12.0, 12.0, 33.48, 12.0, 21.73, 12.0, 12.0, 12.0, 12.0, 12.0, 12.0, 8.91, 14.39]
a: [50.0, 50.0, 50.0, 50.0, 50.0, 50.0, 118.2, 50.0, 147.11, 50.0, 50.0, 50.0, 50.0, 50.0]
d: [3.5, 3.5, 3.5, 3.5, 3.5, 3.5, 3.5, 3.5, 3.5, 3.5, 3.5, 3.5, 3.5, 2.0]
LOSE: random_idx_1 = 2, random_idx_2 = 4
LOSE: random_idx_1 = 0, random_idx_2 = 7

iteration: 24
best: [6.71, 9.18, 13.55, 17.05, 20.99, 24.73, 44.07, 47.87, 49.71, 52.12, 53.73, 56.66, 59.69, 61.58]
time: [6.61, 9.06, 13.5, 17.04, 21.0, 24.71, 44.02, 48.74, 50.85, 56.08, 58.44, 63.59, 1000, 1000]
current_hyper_parameter
v: [12.0, 12.0, 12.0, 33.48, 12.0, 21.73, 12.0, 12.51, 12.0, 12.0, 12.0, 12.0, 8.91, 14.39]
a: [50.0, 50.0, 50.0, 50.0, 50.0, 50.0, 118.2, 50.0, 147.11, 50.0, 50.0, 50.0, 50.0, 50.0]
d: [3.5, 3.5, 3.5, 3.5, 3.5, 3.5, 3.5, 3.5, 3.5, 3.5, 3.5, 3.5, 3.5, 2.0]
BEST_hyper_parameter
v: [12.0, 12.0, 12.0, 33.48, 12.0, 21.73, 12.0, 12.0, 12.0, 12.0, 12.0, 12.0, 8.91, 14.39]
a: [50.0, 50.0, 50.0, 50.0, 50.0, 50.0, 118.2, 50.0, 147.11, 50.0, 50.0, 50.0, 50.0, 50.0]
d: [3.5, 3.5, 3.5, 3.5, 3.5, 3.5, 3.5, 3.5, 3.5, 3.5, 3.5, 3.5, 3.5, 2.0]
LOSE: random_idx_1 = 0, random_idx_2 = 6
LOSE: random_idx_1 = 2, random_idx_2 = 10

iteration: 25
best: [6.71, 9.18, 13.55, 17.05, 20.99, 24.73, 44.07, 47.87, 49.71, 52.12, 53.73, 56.66, 59.69, 61.58]
time: [6.71, 9.17, 13.57, 17.1, 21.02, 24.74, 35.32, 47.47, 49.81, 51.95, 56.74, 59.94, 1000, 1000]
current_hyper_parameter
v: [12.0, 12.0, 12.0, 33.48, 12.0, 21.73, 27.35, 12.0, 12.0, 12.0, 12.0, 12.0, 8.91, 14.39]
a: [50.0, 50.0, 50.0, 50.0, 50.0, 50.0, 118.2, 50.0, 147.11, 50.0, 50.0, 50.0, 50.0, 50.0]
d: [3.5, 3.5, 3.5, 3.5, 3.5, 3.5, 3.5, 3.5, 3.5, 3.5, 3.5, 3.5, 3.5, 2.0]
BEST_hyper_parameter
v: [12.0, 12.0, 12.0, 33.48, 12.0, 21.73, 12.0, 12.0, 12.0, 12.0, 12.0, 12.0, 8.91, 14.39]
a: [50.0, 50.0, 50.0, 50.0, 50.0, 50.0, 118.2, 50.0, 147.11, 50.0, 50.0, 50.0, 50.0, 50.0]
d: [3.5, 3.5, 3.5, 3.5, 3.5, 3.5, 3.5, 3.5, 3.5, 3.5, 3.5, 3.5, 3.5, 2.0]
LOSE: random_idx_1 = 0, random_idx_2 = 13
LOSE: random_idx_1 = 1, random_idx_2 = 12

iteration: 26
best: [6.71, 9.17, 13.57, 17.1, 21.02, 24.74, 35.32, 47.87, 49.71, 52.12, 53.73, 56.66, 59.69, 61.58]
time: [6.69, 9.17, 13.57, 17.09, 21.01, 24.75, 35.31, 43.14, 45.73, 47.95, 49.51, 52.35, 54.75, 56.46]
current_hyper_parameter
v: [12.0, 12.0, 12.0, 33.48, 12.0, 21.73, 27.35, 12.0, 12.0, 12.0, 12.0, 12.0, 8.91, 22.26]
a: [50.0, 50.0, 50.0, 50.0, 50.0, 50.0, 118.2, 50.0, 147.11, 50.0, 50.0, 50.0, 153.38, 50.0]
d: [3.5, 3.5, 3.5, 3.5, 3.5, 3.5, 3.5, 3.5, 3.5, 3.5, 3.5, 3.5, 3.5, 2.0]
BEST_hyper_parameter
v: [12.0, 12.0, 12.0, 33.48, 12.0, 21.73, 27.35, 12.0, 12.0, 12.0, 12.0, 12.0, 8.91, 14.39]
a: [50.0, 50.0, 50.0, 50.0, 50.0, 50.0, 118.2, 50.0, 147.11, 50.0, 50.0, 50.0, 50.0, 50.0]
d: [3.5, 3.5, 3.5, 3.5, 3.5, 3.5, 3.5, 3.5, 3.5, 3.5, 3.5, 3.5, 3.5, 2.0]
WIN: random_idx_1 = 1, random_idx_2 = 7
WIN: random_idx_1 = 1, random_idx_2 = 11

iteration: 27
best: [6.69, 9.17, 13.57, 17.09, 21.01, 24.75, 35.31, 43.14, 45.73, 47.95, 49.51, 52.35, 54.75, 56.46]
time: [6.62, 9.09, 13.55, 17.1, 21.05, 24.8, 35.34, 42.47, 44.4, 46.92, 48.56, 51.45, 53.86, 55.52]
current_hyper_parameter
v: [12.0, 12.0, 12.0, 33.48, 12.0, 21.73, 27.35, 12.0, 12.0, 12.0, 12.0, 12.0, 8.91, 22.26]
a: [50.0, 50.0, 50.0, 50.0, 50.0, 50.0, 118.2, 61.89, 147.11, 50.0, 50.0, 49.33, 153.38, 50.0]
d: [3.5, 3.5, 3.5, 3.5, 3.5, 3.5, 3.5, 3.5, 3.5, 3.5, 3.5, 3.5, 3.5, 2.0]
BEST_hyper_parameter
v: [12.0, 12.0, 12.0, 33.48, 12.0, 21.73, 27.35, 12.0, 12.0, 12.0, 12.0, 12.0, 8.91, 22.26]
a: [50.0, 50.0, 50.0, 50.0, 50.0, 50.0, 118.2, 50.0, 147.11, 50.0, 50.0, 50.0, 153.38, 50.0]
d: [3.5, 3.5, 3.5, 3.5, 3.5, 3.5, 3.5, 3.5, 3.5, 3.5, 3.5, 3.5, 3.5, 2.0]
WIN: random_idx_1 = 0, random_idx_2 = 4
WIN: random_idx_1 = 0, random_idx_2 = 7

iteration: 28
best: [6.62, 9.09, 13.55, 17.1, 21.05, 24.8, 35.34, 42.47, 44.4, 46.92, 48.56, 51.45, 53.86, 55.52]
time: [6.68, 9.16, 13.58, 17.11, 20.67, 24.97, 35.44, 41.56, 45.17, 47.35, 53.36, 1000, 1000, 1000]
current_hyper_parameter
v: [12.0, 12.0, 12.0, 33.48, 20.3, 21.73, 27.35, 20.85, 12.0, 12.0, 12.0, 12.0, 8.91, 22.26]
a: [50.0, 50.0, 50.0, 50.0, 50.0, 50.0, 118.2, 61.89, 147.11, 50.0, 50.0, 49.33, 153.38, 50.0]
d: [3.5, 3.5, 3.5, 3.5, 3.5, 3.5, 3.5, 3.5, 3.5, 3.5, 3.5, 3.5, 3.5, 2.0]
BEST_hyper_parameter
v: [12.0, 12.0, 12.0, 33.48, 12.0, 21.73, 27.35, 12.0, 12.0, 12.0, 12.0, 12.0, 8.91, 22.26]
a: [50.0, 50.0, 50.0, 50.0, 50.0, 50.0, 118.2, 61.89, 147.11, 50.0, 50.0, 49.33, 153.38, 50.0]
d: [3.5, 3.5, 3.5, 3.5, 3.5, 3.5, 3.5, 3.5, 3.5, 3.5, 3.5, 3.5, 3.5, 2.0]
LOSE: random_idx_1 = 0, random_idx_2 = 11
LOSE: random_idx_1 = 1, random_idx_2 = 7

iteration: 29
best: [6.68, 9.16, 13.58, 17.11, 20.67, 24.97, 35.44, 41.56, 44.4, 46.92, 48.56, 51.45, 53.86, 55.52]
time: [6.71, 9.18, 13.56, 17.07, 20.63, 24.86, 35.27, 1000, 1000, 1000, 1000, 1000, 1000, 1000]
current_hyper_parameter
v: [12.0, 12.0, 12.0, 33.48, 20.3, 21.73, 27.35, 20.85, 12.0, 12.0, 12.0, 22.99, 8.91, 22.26]
a: [50.0, 50.0, 50.0, 50.0, 50.0, 50.0, 118.2, 40.27, 147.11, 50.0, 50.0, 49.33, 153.38, 50.0]
d: [3.5, 3.5, 3.5, 3.5, 3.5, 3.5, 3.5, 3.5, 3.5, 3.5, 3.5, 3.5, 3.5, 2.0]
BEST_hyper_parameter
v: [12.0, 12.0, 12.0, 33.48, 20.3, 21.73, 27.35, 20.85, 12.0, 12.0, 12.0, 12.0, 8.91, 22.26]
a: [50.0, 50.0, 50.0, 50.0, 50.0, 50.0, 118.2, 61.89, 147.11, 50.0, 50.0, 49.33, 153.38, 50.0]
d: [3.5, 3.5, 3.5, 3.5, 3.5, 3.5, 3.5, 3.5, 3.5, 3.5, 3.5, 3.5, 3.5, 2.0]
LOSE: random_idx_1 = 2, random_idx_2 = 4
LOSE: random_idx_1 = 0, random_idx_2 = 4

iteration: 30
best: [6.68, 9.16, 13.58, 17.11, 20.67, 24.97, 35.44, 41.56, 44.4, 46.92, 48.56, 51.45, 53.86, 55.52]
time: [6.71, 9.15, 13.55, 17.07, 20.62, 24.92, 35.41, 41.62, 52.9, 55.09, 1000, 1000, 1000, 1000]
current_hyper_parameter
v: [12.0, 12.0, 12.0, 33.48, 22.88, 21.73, 27.35, 20.85, 12.0, 12.0, 12.0, 12.0, 8.91, 22.26]
a: [50.0, 50.0, 50.0, 50.0, 50.0, 50.0, 118.2, 61.89, 147.11, 50.0, 50.0, 49.33, 153.38, 50.0]
d: [3.5, 3.5, 3.5, 3.5, 3.5, 3.5, 3.5, 3.5, 3.5, 3.5, 3.5, 3.5, 3.5, 2.0]
BEST_hyper_parameter
v: [12.0, 12.0, 12.0, 33.48, 20.3, 21.73, 27.35, 20.85, 12.0, 12.0, 12.0, 12.0, 8.91, 22.26]
a: [50.0, 50.0, 50.0, 50.0, 50.0, 50.0, 118.2, 61.89, 147.11, 50.0, 50.0, 49.33, 153.38, 50.0]
d: [3.5, 3.5, 3.5, 3.5, 3.5, 3.5, 3.5, 3.5, 3.5, 3.5, 3.5, 3.5, 3.5, 2.0]
LOSE: random_idx_1 = 2, random_idx_2 = 4
LOSE: random_idx_1 = 1, random_idx_2 = 13

iteration: 31
best: [6.68, 9.16, 13.58, 17.11, 20.67, 24.97, 35.44, 41.56, 44.4, 46.92, 48.56, 51.45, 53.86, 55.52]
time: [6.56, 9.02, 13.5, 17.07, 20.68, 24.91, 35.33, 42.8, 48.8, 50.93, 52.71, 55.99, 1000, 1000]
current_hyper_parameter
v: [12.0, 12.0, 12.0, 33.48, 20.3, 21.73, 27.35, 20.85, 12.0, 12.0, 12.0, 12.0, 8.91, 22.26]
a: [50.0, 50.0, 50.0, 50.0, 50.0, 50.0, 118.2, 61.89, 147.11, 50.0, 50.0, 49.33, 153.38, 150.82]
d: [3.5, 3.5, 3.5, 3.5, 3.5, 3.5, 3.5, 3.5, 3.5, 3.5, 3.5, 3.5, 3.5, 2.0]
BEST_hyper_parameter
v: [12.0, 12.0, 12.0, 33.48, 20.3, 21.73, 27.35, 20.85, 12.0, 12.0, 12.0, 12.0, 8.91, 22.26]
a: [50.0, 50.0, 50.0, 50.0, 50.0, 50.0, 118.2, 61.89, 147.11, 50.0, 50.0, 49.33, 153.38, 50.0]
d: [3.5, 3.5, 3.5, 3.5, 3.5, 3.5, 3.5, 3.5, 3.5, 3.5, 3.5, 3.5, 3.5, 2.0]
LOSE: random_idx_1 = 0, random_idx_2 = 4
LOSE: random_idx_1 = 0, random_idx_2 = 11

iteration: 32
best: [6.68, 9.16, 13.58, 17.11, 20.67, 24.97, 35.44, 41.56, 44.4, 46.92, 48.56, 51.45, 53.86, 55.52]
time: [6.61, 9.08, 13.5, 17.06, 23.76, 27.72, 38.23, 41.64, 43.72, 46.04, 48.04, 50.52, 52.89, 54.5]
current_hyper_parameter
v: [12.0, 12.0, 12.0, 33.48, 31.69, 21.73, 27.35, 20.85, 12.0, 12.0, 12.0, 17.86, 8.91, 22.26]
a: [50.0, 50.0, 50.0, 50.0, 50.0, 50.0, 118.2, 61.89, 147.11, 50.0, 50.0, 49.33, 153.38, 50.0]
d: [3.5, 3.5, 3.5, 3.5, 3.5, 3.5, 3.5, 3.5, 3.5, 3.5, 3.5, 3.5, 3.5, 2.0]
BEST_hyper_parameter
v: [12.0, 12.0, 12.0, 33.48, 20.3, 21.73, 27.35, 20.85, 12.0, 12.0, 12.0, 12.0, 8.91, 22.26]
a: [50.0, 50.0, 50.0, 50.0, 50.0, 50.0, 118.2, 61.89, 147.11, 50.0, 50.0, 49.33, 153.38, 50.0]
d: [3.5, 3.5, 3.5, 3.5, 3.5, 3.5, 3.5, 3.5, 3.5, 3.5, 3.5, 3.5, 3.5, 2.0]
WIN: random_idx_1 = 1, random_idx_2 = 4
WIN: random_idx_1 = 2, random_idx_2 = 0

iteration: 33
best: [6.61, 9.08, 13.5, 17.06, 23.76, 27.72, 38.23, 41.64, 43.72, 46.04, 48.04, 50.52, 52.89, 54.5]
time: [6.68, 9.13, 13.54, 17.06, 22.78, 30.62, 41.25, 44.67, 46.71, 49.04, 51.01, 53.43, 1000, 1000]
current_hyper_parameter
v: [12.0, 12.0, 12.0, 33.48, 31.69, 21.73, 27.35, 20.85, 12.0, 12.0, 12.0, 17.86, 8.91, 22.26]
a: [50.0, 50.0, 50.0, 50.0, 92.42, 50.0, 118.2, 61.89, 147.11, 50.0, 50.0, 49.33, 153.38, 50.0]
d: [3.5, 3.5, 3.5, 3.5, 3.5, 3.5, 3.5, 3.5, 3.5, 3.5, 3.5, 3.5, 3.5, 2.0]
BEST_hyper_parameter
v: [12.0, 12.0, 12.0, 33.48, 31.69, 21.73, 27.35, 20.85, 12.0, 12.0, 12.0, 17.86, 8.91, 22.26]
a: [50.0, 50.0, 50.0, 50.0, 50.0, 50.0, 118.2, 61.89, 147.11, 50.0, 50.0, 49.33, 153.38, 50.0]
d: [3.5, 3.5, 3.5, 3.5, 3.5, 3.5, 3.5, 3.5, 3.5, 3.5, 3.5, 3.5, 3.5, 2.0]
LOSE: random_idx_1 = 0, random_idx_2 = 7
LOSE: random_idx_1 = 0, random_idx_2 = 11

iteration: 34
best: [6.68, 9.13, 13.54, 17.06, 22.78, 27.72, 38.23, 41.64, 43.72, 46.04, 48.04, 50.52, 52.89, 54.5]
time: [6.59, 9.04, 13.52, 17.07, 22.87, 27.64, 38.0, 44.77, 47.98, 50.18, 52.38, 54.99, 1000, 1000]
current_hyper_parameter
v: [12.0, 12.0, 12.0, 33.48, 31.69, 21.73, 27.35, 24.06, 12.0, 12.0, 12.0, 34.79, 8.91, 22.26]
a: [50.0, 50.0, 50.0, 50.0, 92.42, 50.0, 118.2, 61.89, 147.11, 50.0, 50.0, 49.33, 153.38, 50.0]
d: [3.5, 3.5, 3.5, 3.5, 3.5, 3.5, 3.5, 3.5, 3.5, 3.5, 3.5, 3.5, 3.5, 2.0]
BEST_hyper_parameter
v: [12.0, 12.0, 12.0, 33.48, 31.69, 21.73, 27.35, 20.85, 12.0, 12.0, 12.0, 17.86, 8.91, 22.26]
a: [50.0, 50.0, 50.0, 50.0, 92.42, 50.0, 118.2, 61.89, 147.11, 50.0, 50.0, 49.33, 153.38, 50.0]
d: [3.5, 3.5, 3.5, 3.5, 3.5, 3.5, 3.5, 3.5, 3.5, 3.5, 3.5, 3.5, 3.5, 2.0]
LOSE: random_idx_1 = 2, random_idx_2 = 9
LOSE: random_idx_1 = 0, random_idx_2 = 3

iteration: 35
best: [6.68, 9.13, 13.54, 17.06, 22.78, 27.72, 38.23, 41.64, 43.72, 46.04, 48.04, 50.52, 52.89, 54.5]
time: [6.62, 9.07, 13.52, 17.04, 22.91, 27.56, 38.17, 41.66, 43.88, 46.81, 48.43, 51.47, 54.03, 55.59]
current_hyper_parameter
v: [12.0, 12.0, 12.0, 19.46, 31.69, 21.73, 27.35, 20.85, 12.0, 12.0, 12.0, 17.86, 8.91, 22.26]
a: [50.0, 50.0, 50.0, 50.0, 92.42, 50.0, 118.2, 61.89, 147.11, 50.0, 50.0, 49.33, 153.38, 50.0]
d: [3.5, 3.5, 3.5, 3.5, 3.5, 3.5, 3.5, 3.5, 3.5, 3.5, 3.5, 3.5, 3.5, 2.0]
BEST_hyper_parameter
v: [12.0, 12.0, 12.0, 33.48, 31.69, 21.73, 27.35, 20.85, 12.0, 12.0, 12.0, 17.86, 8.91, 22.26]
a: [50.0, 50.0, 50.0, 50.0, 92.42, 50.0, 118.2, 61.89, 147.11, 50.0, 50.0, 49.33, 153.38, 50.0]
d: [3.5, 3.5, 3.5, 3.5, 3.5, 3.5, 3.5, 3.5, 3.5, 3.5, 3.5, 3.5, 3.5, 2.0]
LOSE: random_idx_1 = 0, random_idx_2 = 4
LOSE: random_idx_1 = 2, random_idx_2 = 9

iteration: 36
best: [6.68, 9.13, 13.54, 17.06, 22.78, 27.72, 38.23, 41.64, 43.72, 46.04, 48.04, 50.52, 52.89, 54.5]
time: [6.58, 9.06, 13.51, 17.07, 1000, 1000, 1000, 1000, 1000, 1000, 1000, 1000, 1000, 1000]
current_hyper_parameter
v: [12.0, 12.0, 12.0, 33.48, 15.33, 21.73, 27.35, 20.85, 12.0, 12.0, 12.0, 17.86, 8.91, 22.26]
a: [50.0, 50.0, 50.0, 50.0, 92.42, 50.0, 118.2, 61.89, 147.11, 50.0, 50.0, 49.33, 153.38, 50.0]
d: [3.5, 3.5, 3.5, 3.5, 3.5, 3.5, 3.5, 3.5, 3.5, 3.5, 3.5, 3.5, 3.5, 2.0]
BEST_hyper_parameter
v: [12.0, 12.0, 12.0, 33.48, 31.69, 21.73, 27.35, 20.85, 12.0, 12.0, 12.0, 17.86, 8.91, 22.26]
a: [50.0, 50.0, 50.0, 50.0, 92.42, 50.0, 118.2, 61.89, 147.11, 50.0, 50.0, 49.33, 153.38, 50.0]
d: [3.5, 3.5, 3.5, 3.5, 3.5, 3.5, 3.5, 3.5, 3.5, 3.5, 3.5, 3.5, 3.5, 2.0]
LOSE: random_idx_1 = 0, random_idx_2 = 2
LOSE: random_idx_1 = 2, random_idx_2 = 9

iteration: 37
best: [6.68, 9.13, 13.54, 17.06, 22.78, 27.72, 38.23, 41.64, 43.72, 46.04, 48.04, 50.52, 52.89, 54.5]
time: [6.7, 9.17, 13.29, 16.73, 19.37, 24.07, 34.42, 38.2, 40.5, 42.66, 44.41, 47.16, 49.73, 51.51]
current_hyper_parameter
v: [12.0, 12.0, 16.75, 33.48, 31.69, 21.73, 27.35, 20.85, 12.0, 12.0, 12.0, 17.86, 8.91, 22.26]
a: [50.0, 50.0, 50.0, 50.0, 92.42, 50.0, 118.2, 61.89, 147.11, 50.0, 50.0, 49.33, 153.38, 50.0]
d: [3.5, 3.5, 3.5, 3.5, 3.5, 3.5, 3.5, 3.5, 3.5, 3.5, 3.5, 3.5, 3.5, 2.0]
BEST_hyper_parameter
v: [12.0, 12.0, 12.0, 33.48, 31.69, 21.73, 27.35, 20.85, 12.0, 12.0, 12.0, 17.86, 8.91, 22.26]
a: [50.0, 50.0, 50.0, 50.0, 92.42, 50.0, 118.2, 61.89, 147.11, 50.0, 50.0, 49.33, 153.38, 50.0]
d: [3.5, 3.5, 3.5, 3.5, 3.5, 3.5, 3.5, 3.5, 3.5, 3.5, 3.5, 3.5, 3.5, 2.0]
WIN: random_idx_1 = 0, random_idx_2 = 5
WIN: random_idx_1 = 2, random_idx_2 = 13

iteration: 38
best: [6.7, 9.17, 13.29, 16.73, 19.37, 24.07, 34.42, 38.2, 40.5, 42.66, 44.41, 47.16, 49.73, 51.51]
time: [6.71, 9.16, 13.24, 16.54, 22.36, 31.05, 41.52, 48.25, 51.73, 1000, 1000, 1000, 1000, 1000]
current_hyper_parameter
v: [12.0, 12.0, 16.75, 33.48, 31.69, 12.93, 27.35, 20.85, 12.0, 12.0, 12.0, 17.86, 8.91, 22.26]
a: [50.0, 50.0, 50.0, 50.0, 92.42, 50.0, 118.2, 61.89, 147.11, 50.0, 50.0, 49.33, 153.38, 50.0]
d: [3.5, 3.5, 3.5, 3.5, 3.5, 3.5, 3.5, 3.5, 3.5, 3.5, 3.5, 3.5, 3.5, 2.0]
BEST_hyper_parameter
v: [12.0, 12.0, 16.75, 33.48, 31.69, 21.73, 27.35, 20.85, 12.0, 12.0, 12.0, 17.86, 8.91, 22.26]
a: [50.0, 50.0, 50.0, 50.0, 92.42, 50.0, 118.2, 61.89, 147.11, 50.0, 50.0, 49.33, 153.38, 50.0]
d: [3.5, 3.5, 3.5, 3.5, 3.5, 3.5, 3.5, 3.5, 3.5, 3.5, 3.5, 3.5, 3.5, 2.0]
LOSE: random_idx_1 = 1, random_idx_2 = 8
LOSE: random_idx_1 = 1, random_idx_2 = 9

iteration: 39
best: [6.7, 9.17, 13.29, 16.73, 19.37, 24.07, 34.42, 38.2, 40.5, 42.66, 44.41, 47.16, 49.73, 51.51]
time: [6.71, 9.16, 13.21, 16.49, 22.39, 42.62, 1000, 1000, 1000, 1000, 1000, 1000, 1000, 1000]
current_hyper_parameter
v: [12.0, 12.0, 16.75, 33.48, 31.69, 21.73, 27.35, 20.85, 12.0, 12.0, 12.0, 17.86, 8.91, 22.26]
a: [50.0, 50.0, 50.0, 50.0, 92.42, 50.0, 118.2, 61.89, 26.64, 81.17, 50.0, 49.33, 153.38, 50.0]
d: [3.5, 3.5, 3.5, 3.5, 3.5, 3.5, 3.5, 3.5, 3.5, 3.5, 3.5, 3.5, 3.5, 2.0]
BEST_hyper_parameter
v: [12.0, 12.0, 16.75, 33.48, 31.69, 21.73, 27.35, 20.85, 12.0, 12.0, 12.0, 17.86, 8.91, 22.26]
a: [50.0, 50.0, 50.0, 50.0, 92.42, 50.0, 118.2, 61.89, 147.11, 50.0, 50.0, 49.33, 153.38, 50.0]
d: [3.5, 3.5, 3.5, 3.5, 3.5, 3.5, 3.5, 3.5, 3.5, 3.5, 3.5, 3.5, 3.5, 2.0]
LOSE: random_idx_1 = 1, random_idx_2 = 4
LOSE: random_idx_1 = 2, random_idx_2 = 8

iteration: 40
best: [6.7, 9.17, 13.29, 16.73, 19.37, 24.07, 34.42, 38.2, 40.5, 42.66, 44.41, 47.16, 49.73, 51.51]
time: [6.69, 9.15, 13.3, 16.84, 23.66, 27.32, 37.86, 44.12, 46.57, 49.18, 50.91, 1000, 1000, 1000]
current_hyper_parameter
v: [12.0, 12.0, 16.75, 33.48, 31.69, 21.73, 27.35, 20.85, 12.0, 12.0, 12.0, 17.86, 8.91, 22.26]
a: [50.0, 50.0, 50.0, 50.0, 46.76, 50.0, 118.2, 61.89, 147.11, 50.0, 50.0, 49.33, 153.38, 50.0]
d: [3.5, 3.5, 3.5, 3.5, 3.5, 3.5, 3.5, 3.5, 3.5, 3.5, 3.5, 3.5, 3.5, 2.0]
BEST_hyper_parameter
v: [12.0, 12.0, 16.75, 33.48, 31.69, 21.73, 27.35, 20.85, 12.0, 12.0, 12.0, 17.86, 8.91, 22.26]
a: [50.0, 50.0, 50.0, 50.0, 92.42, 50.0, 118.2, 61.89, 147.11, 50.0, 50.0, 49.33, 153.38, 50.0]
d: [3.5, 3.5, 3.5, 3.5, 3.5, 3.5, 3.5, 3.5, 3.5, 3.5, 3.5, 3.5, 3.5, 2.0]
LOSE: random_idx_1 = 1, random_idx_2 = 8
LOSE: random_idx_1 = 1, random_idx_2 = 5

iteration: 41
best: [6.7, 9.17, 13.29, 16.73, 19.37, 24.07, 34.42, 38.2, 40.5, 42.66, 44.41, 47.16, 49.73, 51.51]
time: [6.71, 9.17, 13.28, 16.78, 19.54, 23.14, 32.74, 36.15, 38.34, 40.8, 46.38, 1000, 1000, 1000]
current_hyper_parameter
v: [12.0, 12.0, 16.75, 33.48, 31.69, 21.73, 27.35, 20.85, 12.0, 12.0, 12.0, 17.86, 8.91, 22.26]
a: [50.0, 50.0, 50.0, 50.0, 92.42, 107.17, 118.2, 61.89, 95.81, 50.0, 50.0, 49.33, 153.38, 50.0]
d: [3.5, 3.5, 3.5, 3.5, 3.5, 3.5, 3.5, 3.5, 3.5, 3.5, 3.5, 3.5, 3.5, 2.0]
BEST_hyper_parameter
v: [12.0, 12.0, 16.75, 33.48, 31.69, 21.73, 27.35, 20.85, 12.0, 12.0, 12.0, 17.86, 8.91, 22.26]
a: [50.0, 50.0, 50.0, 50.0, 92.42, 50.0, 118.2, 61.89, 147.11, 50.0, 50.0, 49.33, 153.38, 50.0]
d: [3.5, 3.5, 3.5, 3.5, 3.5, 3.5, 3.5, 3.5, 3.5, 3.5, 3.5, 3.5, 3.5, 2.0]
LOSE: random_idx_1 = 0, random_idx_2 = 10
LOSE: random_idx_1 = 2, random_idx_2 = 13

iteration: 42
best: [6.71, 9.17, 13.28, 16.78, 19.54, 23.14, 32.74, 36.15, 38.34, 40.8, 44.41, 47.16, 49.73, 51.51]
time: [6.68, 9.15, 13.3, 16.76, 22.49, 25.73, 35.37, 1000, 1000, 1000, 1000, 1000, 1000, 1000]
current_hyper_parameter
v: [12.0, 12.0, 16.75, 33.48, 31.69, 21.73, 27.35, 20.85, 12.0, 12.0, 20.72, 17.86, 8.91, 22.26]
a: [50.0, 50.0, 50.0, 50.0, 92.42, 107.17, 118.2, 61.89, 95.81, 50.0, 50.0, 49.33, 153.38, 50.0]
d: [3.5, 3.5, 3.5, 3.5, 3.5, 3.5, 3.5, 3.5, 3.5, 3.5, 3.5, 3.5, 3.5, 2.0]
BEST_hyper_parameter
v: [12.0, 12.0, 16.75, 33.48, 31.69, 21.73, 27.35, 20.85, 12.0, 12.0, 12.0, 17.86, 8.91, 22.26]
a: [50.0, 50.0, 50.0, 50.0, 92.42, 107.17, 118.2, 61.89, 95.81, 50.0, 50.0, 49.33, 153.38, 50.0]
d: [3.5, 3.5, 3.5, 3.5, 3.5, 3.5, 3.5, 3.5, 3.5, 3.5, 3.5, 3.5, 3.5, 2.0]
LOSE: random_idx_1 = 0, random_idx_2 = 1
LOSE: random_idx_1 = 0, random_idx_2 = 2

iteration: 43
best: [6.71, 9.17, 13.28, 16.78, 19.54, 23.14, 32.74, 36.15, 38.34, 40.8, 44.41, 47.16, 49.73, 51.51]
time: [6.59, 8.93, 12.91, 16.39, 19.04, 22.53, 32.22, 35.5, 37.54, 40.03, 44.96, 1000, 1000, 1000]
current_hyper_parameter
v: [12.0, 32.08, 18.23, 33.48, 31.69, 21.73, 27.35, 20.85, 12.0, 12.0, 12.0, 17.86, 8.91, 22.26]
a: [50.0, 50.0, 50.0, 50.0, 92.42, 107.17, 118.2, 61.89, 95.81, 50.0, 50.0, 49.33, 153.38, 50.0]
d: [3.5, 3.5, 3.5, 3.5, 3.5, 3.5, 3.5, 3.5, 3.5, 3.5, 3.5, 3.5, 3.5, 2.0]
BEST_hyper_parameter
v: [12.0, 12.0, 16.75, 33.48, 31.69, 21.73, 27.35, 20.85, 12.0, 12.0, 12.0, 17.86, 8.91, 22.26]
a: [50.0, 50.0, 50.0, 50.0, 92.42, 107.17, 118.2, 61.89, 95.81, 50.0, 50.0, 49.33, 153.38, 50.0]
d: [3.5, 3.5, 3.5, 3.5, 3.5, 3.5, 3.5, 3.5, 3.5, 3.5, 3.5, 3.5, 3.5, 2.0]
LOSE: random_idx_1 = 2, random_idx_2 = 12
LOSE: random_idx_1 = 0, random_idx_2 = 9
