
iteration: 1
best: [6.16, 7.55, 10.32, 13.27, 16.38, 20.88, 40.12, 43.82, 45.73, 49.57, 51.83, 53.93, 56.03, 57.17]
time: [6.01, 7.36, 10.39, 1000, 1000, 1000, 1000, 1000, 1000, 1000, 1000, 1000, 1000, 1000]
current_hyper_parameter
v: [12.0, 32.66, 13.18, 25.47, 12.0, 12.0, 12.0, 23.46, 12.0, 10.43, 12.0, 16.19, 12.0, 14.69]
a: [121.38, 143.11, 125.23, 60.8, 135.18, 50.0, 122.32, 50.0, 148.05, 50.0, 50.0, 94.77, 150.11, 129.34]
d: [3.5, 3.5, 3.5, 3.5, 3.5, 3.5, 3.5, 3.5, 3.5, 3.5, 3.5, 3.5, 3.5, 2.0]
BEST_hyper_parameter
v: [12.0, 32.66, 13.18, 25.47, 12.0, 12.0, 12.0, 23.46, 12.0, 10.43, 12.0, 16.19, 12.0, 14.69]
a: [121.38, 143.11, 125.23, 60.8, 135.18, 50.0, 122.32, 50.0, 148.05, 50.0, 50.0, 94.77, 150.11, 129.34]
d: [3.5, 3.5, 3.5, 3.5, 3.5, 3.5, 3.5, 3.5, 3.5, 3.5, 3.5, 3.5, 3.5, 2.0]
LOSE: random_idx_1 = 2, random_idx_2 = 11
LOSE: random_idx_1 = 1, random_idx_2 = 12

iteration: 2
best: [6.16, 7.55, 10.32, 13.27, 16.38, 20.88, 40.12, 43.82, 45.73, 49.57, 51.83, 53.93, 56.03, 57.17]
time: [6.06, 7.47, 10.24, 16.1, 19.35, 23.97, 43.06, 46.83, 48.73, 51.05, 53.11, 55.11, 57.44, 1000]
current_hyper_parameter
v: [12.0, 32.66, 13.18, 25.47, 12.0, 12.0, 12.0, 23.46, 12.0, 10.43, 12.0, 16.19, 12.0, 14.69]
a: [121.38, 143.11, 125.23, 60.8, 135.18, 50.0, 122.32, 50.0, 148.05, 50.0, 50.0, 94.77, 115.82, 129.34]
d: [3.5, 3.5, 3.5, 3.5, 3.5, 3.5, 3.5, 3.5, 3.5, 3.5, 3.5, 3.5, 3.5, 2.0]
BEST_hyper_parameter
v: [12.0, 32.66, 13.18, 25.47, 12.0, 12.0, 12.0, 23.46, 12.0, 10.43, 12.0, 16.19, 12.0, 14.69]
a: [121.38, 143.11, 125.23, 60.8, 135.18, 50.0, 122.32, 50.0, 148.05, 50.0, 50.0, 94.77, 150.11, 129.34]
d: [3.5, 3.5, 3.5, 3.5, 3.5, 3.5, 3.5, 3.5, 3.5, 3.5, 3.5, 3.5, 3.5, 2.0]
LOSE: random_idx_1 = 1, random_idx_2 = 12
LOSE: random_idx_1 = 0, random_idx_2 = 3

iteration: 3
best: [6.16, 7.55, 10.32, 13.27, 16.38, 20.88, 40.12, 43.82, 45.73, 49.57, 51.83, 53.93, 56.03, 57.17]
time: [6.17, 7.56, 10.34, 16.92, 20.77, 25.38, 44.53, 49.04, 50.99, 53.35, 55.38, 57.43, 1000, 1000]
current_hyper_parameter
v: [12.0, 32.66, 13.18, 23.43, 12.0, 12.0, 12.0, 23.46, 12.0, 10.43, 12.0, 16.19, 12.0, 14.69]
a: [121.38, 143.11, 125.23, 60.8, 135.18, 50.0, 122.32, 50.0, 148.05, 50.0, 50.0, 94.77, 30.59, 129.34]
d: [3.5, 3.5, 3.5, 3.5, 3.5, 3.5, 3.5, 3.5, 3.5, 3.5, 3.5, 3.5, 3.5, 2.0]
BEST_hyper_parameter
v: [12.0, 32.66, 13.18, 25.47, 12.0, 12.0, 12.0, 23.46, 12.0, 10.43, 12.0, 16.19, 12.0, 14.69]
a: [121.38, 143.11, 125.23, 60.8, 135.18, 50.0, 122.32, 50.0, 148.05, 50.0, 50.0, 94.77, 150.11, 129.34]
d: [3.5, 3.5, 3.5, 3.5, 3.5, 3.5, 3.5, 3.5, 3.5, 3.5, 3.5, 3.5, 3.5, 2.0]
LOSE: random_idx_1 = 0, random_idx_2 = 0
LOSE: random_idx_1 = 0, random_idx_2 = 9

iteration: 4
best: [6.16, 7.55, 10.32, 13.27, 16.38, 20.88, 40.12, 43.82, 45.73, 49.57, 51.83, 53.93, 56.03, 57.17]
time: [5.81, 7.17, 10.38, 13.38, 19.59, 24.31, 44.13, 48.63, 50.57, 52.84, 54.98, 57.04, 1000, 1000]
current_hyper_parameter
v: [22.97, 32.66, 13.18, 25.47, 12.0, 12.0, 12.0, 23.46, 12.0, 33.52, 12.0, 16.19, 12.0, 14.69]
a: [121.38, 143.11, 125.23, 60.8, 135.18, 50.0, 122.32, 50.0, 148.05, 50.0, 50.0, 94.77, 150.11, 129.34]
d: [3.5, 3.5, 3.5, 3.5, 3.5, 3.5, 3.5, 3.5, 3.5, 3.5, 3.5, 3.5, 3.5, 2.0]
BEST_hyper_parameter
v: [12.0, 32.66, 13.18, 25.47, 12.0, 12.0, 12.0, 23.46, 12.0, 10.43, 12.0, 16.19, 12.0, 14.69]
a: [121.38, 143.11, 125.23, 60.8, 135.18, 50.0, 122.32, 50.0, 148.05, 50.0, 50.0, 94.77, 150.11, 129.34]
d: [3.5, 3.5, 3.5, 3.5, 3.5, 3.5, 3.5, 3.5, 3.5, 3.5, 3.5, 3.5, 3.5, 2.0]
LOSE: random_idx_1 = 0, random_idx_2 = 3
LOSE: random_idx_1 = 2, random_idx_2 = 8

iteration: 5
best: [6.16, 7.55, 10.32, 13.27, 16.38, 20.88, 40.12, 43.82, 45.73, 49.57, 51.83, 53.93, 56.03, 57.17]
time: [6.08, 7.48, 10.3, 13.24, 16.31, 20.83, 40.0, 43.78, 45.74, 48.05, 50.19, 52.24, 54.6, 55.81]
current_hyper_parameter
v: [12.0, 32.66, 13.18, 34.96, 12.0, 12.0, 12.0, 23.46, 12.0, 10.43, 12.0, 16.19, 12.0, 14.69]
a: [121.38, 143.11, 125.23, 60.8, 135.18, 50.0, 122.32, 50.0, 148.05, 50.0, 50.0, 94.77, 150.11, 129.34]
d: [3.5, 3.5, 3.5, 3.5, 3.5, 3.5, 3.5, 3.5, 3.5, 3.5, 3.5, 3.5, 3.5, 2.0]
BEST_hyper_parameter
v: [12.0, 32.66, 13.18, 25.47, 12.0, 12.0, 12.0, 23.46, 12.0, 10.43, 12.0, 16.19, 12.0, 14.69]
a: [121.38, 143.11, 125.23, 60.8, 135.18, 50.0, 122.32, 50.0, 148.05, 50.0, 50.0, 94.77, 150.11, 129.34]
d: [3.5, 3.5, 3.5, 3.5, 3.5, 3.5, 3.5, 3.5, 3.5, 3.5, 3.5, 3.5, 3.5, 2.0]
WIN: random_idx_1 = 0, random_idx_2 = 5
WIN: random_idx_1 = 2, random_idx_2 = 13

iteration: 6
best: [6.08, 7.48, 10.3, 13.24, 16.31, 20.83, 40.0, 43.78, 45.74, 48.05, 50.19, 52.24, 54.6, 55.81]
time: [6.16, 7.56, 10.33, 13.26, 1000, 1000, 1000, 1000, 1000, 1000, 1000, 1000, 1000, 1000]
current_hyper_parameter
v: [12.0, 32.66, 13.18, 34.96, 12.0, 30.83, 12.0, 23.46, 12.0, 10.43, 12.0, 16.19, 12.0, 14.69]
a: [121.38, 143.11, 125.23, 60.8, 135.18, 50.0, 122.32, 50.0, 148.05, 50.0, 50.0, 94.77, 150.11, 129.34]
d: [3.5, 3.5, 3.5, 3.5, 3.5, 3.5, 3.5, 3.5, 3.5, 3.5, 3.5, 3.5, 3.5, 2.0]
BEST_hyper_parameter
v: [12.0, 32.66, 13.18, 34.96, 12.0, 12.0, 12.0, 23.46, 12.0, 10.43, 12.0, 16.19, 12.0, 14.69]
a: [121.38, 143.11, 125.23, 60.8, 135.18, 50.0, 122.32, 50.0, 148.05, 50.0, 50.0, 94.77, 150.11, 129.34]
d: [3.5, 3.5, 3.5, 3.5, 3.5, 3.5, 3.5, 3.5, 3.5, 3.5, 3.5, 3.5, 3.5, 2.0]
LOSE: random_idx_1 = 1, random_idx_2 = 8
LOSE: random_idx_1 = 1, random_idx_2 = 0

iteration: 7
best: [6.08, 7.48, 10.3, 13.24, 16.31, 20.83, 40.0, 43.78, 45.74, 48.05, 50.19, 52.24, 54.6, 55.81]
time: [6.43, 7.91, 10.89, 16.93, 24.1, 45.93, 1000, 1000, 1000, 1000, 1000, 1000, 1000, 1000]
current_hyper_parameter
v: [12.0, 32.66, 13.18, 34.96, 12.0, 12.0, 12.0, 23.46, 12.0, 10.43, 12.0, 16.19, 12.0, 14.69]
a: [49.21, 143.11, 125.23, 60.8, 135.18, 50.0, 122.32, 50.0, 53.68, 50.0, 50.0, 94.77, 150.11, 129.34]
d: [3.5, 3.5, 3.5, 3.5, 3.5, 3.5, 3.5, 3.5, 3.5, 3.5, 3.5, 3.5, 3.5, 2.0]
BEST_hyper_parameter
v: [12.0, 32.66, 13.18, 34.96, 12.0, 12.0, 12.0, 23.46, 12.0, 10.43, 12.0, 16.19, 12.0, 14.69]
a: [121.38, 143.11, 125.23, 60.8, 135.18, 50.0, 122.32, 50.0, 148.05, 50.0, 50.0, 94.77, 150.11, 129.34]
d: [3.5, 3.5, 3.5, 3.5, 3.5, 3.5, 3.5, 3.5, 3.5, 3.5, 3.5, 3.5, 3.5, 2.0]
LOSE: random_idx_1 = 2, random_idx_2 = 9
LOSE: random_idx_1 = 2, random_idx_2 = 12

iteration: 8
best: [6.08, 7.48, 10.3, 13.24, 16.31, 20.83, 40.0, 43.78, 45.74, 48.05, 50.19, 52.24, 54.6, 55.81]
time: [6.14, 7.55, 10.35, 13.28, 1000, 1000, 1000, 1000, 1000, 1000, 1000, 1000, 1000, 1000]
current_hyper_parameter
v: [12.0, 32.66, 13.18, 34.96, 12.0, 12.0, 12.0, 23.46, 12.0, 10.43, 12.0, 16.19, 12.0, 14.69]
a: [121.38, 143.11, 125.23, 60.8, 135.18, 50.0, 122.32, 50.0, 148.05, 50.0, 50.0, 94.77, 150.11, 129.34]
d: [3.5, 3.5, 3.5, 3.5, 3.5, 3.5, 3.5, 3.5, 3.5, 3.5, 3.5, 3.5, 3.5, 2.0]
BEST_hyper_parameter
v: [12.0, 32.66, 13.18, 34.96, 12.0, 12.0, 12.0, 23.46, 12.0, 10.43, 12.0, 16.19, 12.0, 14.69]
a: [121.38, 143.11, 125.23, 60.8, 135.18, 50.0, 122.32, 50.0, 148.05, 50.0, 50.0, 94.77, 150.11, 129.34]
d: [3.5, 3.5, 3.5, 3.5, 3.5, 3.5, 3.5, 3.5, 3.5, 3.5, 3.5, 3.5, 3.5, 2.0]
LOSE: random_idx_1 = 2, random_idx_2 = 4
LOSE: random_idx_1 = 0, random_idx_2 = 11

iteration: 9
best: [6.08, 7.48, 10.3, 13.24, 16.31, 20.83, 40.0, 43.78, 45.74, 48.05, 50.19, 52.24, 54.6, 55.81]
time: [6.15, 7.55, 10.35, 13.29, 16.38, 20.88, 40.08, 44.28, 46.3, 49.47, 51.53, 53.38, 55.65, 56.81]
current_hyper_parameter
v: [12.0, 32.66, 13.18, 34.96, 12.0, 12.0, 12.0, 23.46, 12.0, 10.43, 12.0, 24.04, 12.0, 14.69]
a: [121.38, 143.11, 125.23, 60.8, 135.18, 50.0, 122.32, 50.0, 148.05, 50.0, 50.0, 94.77, 150.11, 129.34]
d: [3.5, 3.5, 3.5, 3.5, 3.5, 3.5, 3.5, 3.5, 3.5, 3.5, 3.5, 3.5, 3.5, 2.0]
BEST_hyper_parameter
v: [12.0, 32.66, 13.18, 34.96, 12.0, 12.0, 12.0, 23.46, 12.0, 10.43, 12.0, 16.19, 12.0, 14.69]
a: [121.38, 143.11, 125.23, 60.8, 135.18, 50.0, 122.32, 50.0, 148.05, 50.0, 50.0, 94.77, 150.11, 129.34]
d: [3.5, 3.5, 3.5, 3.5, 3.5, 3.5, 3.5, 3.5, 3.5, 3.5, 3.5, 3.5, 3.5, 2.0]
LOSE: random_idx_1 = 0, random_idx_2 = 2
LOSE: random_idx_1 = 1, random_idx_2 = 3

iteration: 10
best: [6.08, 7.48, 10.3, 13.24, 16.31, 20.83, 40.0, 43.78, 45.74, 48.05, 50.19, 52.24, 54.6, 55.81]
time: [6.06, 7.5, 9.93, 15.94, 22.66, 35.08, 55.12, 1000, 1000, 1000, 1000, 1000, 1000, 1000]
current_hyper_parameter
v: [12.0, 32.66, 22.13, 34.96, 12.0, 12.0, 12.0, 23.46, 12.0, 10.43, 12.0, 16.19, 12.0, 14.69]
a: [121.38, 143.11, 125.23, 98.04, 135.18, 50.0, 122.32, 50.0, 148.05, 50.0, 50.0, 94.77, 150.11, 129.34]
d: [3.5, 3.5, 3.5, 3.5, 3.5, 3.5, 3.5, 3.5, 3.5, 3.5, 3.5, 3.5, 3.5, 2.0]
BEST_hyper_parameter
v: [12.0, 32.66, 13.18, 34.96, 12.0, 12.0, 12.0, 23.46, 12.0, 10.43, 12.0, 16.19, 12.0, 14.69]
a: [121.38, 143.11, 125.23, 60.8, 135.18, 50.0, 122.32, 50.0, 148.05, 50.0, 50.0, 94.77, 150.11, 129.34]
d: [3.5, 3.5, 3.5, 3.5, 3.5, 3.5, 3.5, 3.5, 3.5, 3.5, 3.5, 3.5, 3.5, 2.0]
LOSE: random_idx_1 = 0, random_idx_2 = 12
LOSE: random_idx_1 = 2, random_idx_2 = 3

iteration: 11
best: [6.08, 7.48, 10.3, 13.24, 16.31, 20.83, 40.0, 43.78, 45.74, 48.05, 50.19, 52.24, 54.6, 55.81]
time: [6.15, 7.55, 10.32, 13.28, 19.4, 1000, 1000, 1000, 1000, 1000, 1000, 1000, 1000, 1000]
current_hyper_parameter
v: [12.0, 32.66, 13.18, 34.96, 12.0, 12.0, 12.0, 23.46, 12.0, 10.43, 12.0, 16.19, 18.15, 14.69]
a: [121.38, 143.11, 125.23, 60.8, 135.18, 50.0, 122.32, 50.0, 148.05, 50.0, 50.0, 94.77, 150.11, 129.34]
d: [3.5, 3.5, 3.5, 3.5, 3.5, 3.5, 3.5, 3.5, 3.5, 3.5, 3.5, 3.5, 3.5, 2.0]
BEST_hyper_parameter
v: [12.0, 32.66, 13.18, 34.96, 12.0, 12.0, 12.0, 23.46, 12.0, 10.43, 12.0, 16.19, 12.0, 14.69]
a: [121.38, 143.11, 125.23, 60.8, 135.18, 50.0, 122.32, 50.0, 148.05, 50.0, 50.0, 94.77, 150.11, 129.34]
d: [3.5, 3.5, 3.5, 3.5, 3.5, 3.5, 3.5, 3.5, 3.5, 3.5, 3.5, 3.5, 3.5, 2.0]
LOSE: random_idx_1 = 2, random_idx_2 = 0
LOSE: random_idx_1 = 2, random_idx_2 = 2

iteration: 12
best: [6.08, 7.48, 10.3, 13.24, 16.31, 20.83, 40.0, 43.78, 45.74, 48.05, 50.19, 52.24, 54.6, 55.81]
time: [6.15, 7.55, 10.32, 13.3, 19.53, 1000, 1000, 1000, 1000, 1000, 1000, 1000, 1000, 1000]
current_hyper_parameter
v: [12.0, 32.66, 13.18, 34.96, 12.0, 12.0, 12.0, 23.46, 12.0, 10.43, 12.0, 16.19, 12.0, 14.69]
a: [121.38, 143.11, 125.23, 60.8, 135.18, 50.0, 122.32, 50.0, 148.05, 50.0, 50.0, 94.77, 150.11, 129.34]
d: [3.5, 3.5, 4.99, 3.5, 3.5, 3.5, 3.5, 3.5, 3.5, 3.5, 3.5, 3.5, 3.5, 2.0]
BEST_hyper_parameter
v: [12.0, 32.66, 13.18, 34.96, 12.0, 12.0, 12.0, 23.46, 12.0, 10.43, 12.0, 16.19, 12.0, 14.69]
a: [121.38, 143.11, 125.23, 60.8, 135.18, 50.0, 122.32, 50.0, 148.05, 50.0, 50.0, 94.77, 150.11, 129.34]
d: [3.5, 3.5, 3.5, 3.5, 3.5, 3.5, 3.5, 3.5, 3.5, 3.5, 3.5, 3.5, 3.5, 2.0]
LOSE: random_idx_1 = 2, random_idx_2 = 5
LOSE: random_idx_1 = 0, random_idx_2 = 2

iteration: 13
best: [6.08, 7.48, 10.3, 13.24, 16.31, 20.83, 40.0, 43.78, 45.74, 48.05, 50.19, 52.24, 54.6, 55.81]
time: [6.07, 7.49, 9.83, 12.59, 19.25, 24.82, 44.45, 48.97, 50.9, 1000, 1000, 1000, 1000, 1000]
current_hyper_parameter
v: [12.0, 32.66, 25.52, 34.96, 12.0, 12.0, 12.0, 23.46, 12.0, 10.43, 12.0, 16.19, 12.0, 14.69]
a: [121.38, 143.11, 125.23, 60.8, 135.18, 50.0, 122.32, 50.0, 148.05, 50.0, 50.0, 94.77, 150.11, 129.34]
d: [3.5, 3.5, 3.5, 3.5, 3.5, 3.5, 3.5, 3.5, 3.5, 3.5, 3.5, 3.5, 3.5, 2.0]
BEST_hyper_parameter
v: [12.0, 32.66, 13.18, 34.96, 12.0, 12.0, 12.0, 23.46, 12.0, 10.43, 12.0, 16.19, 12.0, 14.69]
a: [121.38, 143.11, 125.23, 60.8, 135.18, 50.0, 122.32, 50.0, 148.05, 50.0, 50.0, 94.77, 150.11, 129.34]
d: [3.5, 3.5, 3.5, 3.5, 3.5, 3.5, 3.5, 3.5, 3.5, 3.5, 3.5, 3.5, 3.5, 2.0]
LOSE: random_idx_1 = 2, random_idx_2 = 7
LOSE: random_idx_1 = 0, random_idx_2 = 10

iteration: 14
best: [6.07, 7.49, 9.83, 12.59, 16.31, 20.83, 40.0, 43.78, 45.74, 48.05, 50.19, 52.24, 54.6, 55.81]
time: [6.17, 7.55, 9.9, 12.62, 15.89, 20.42, 39.57, 44.06, 45.98, 1000, 1000, 1000, 1000, 1000]
current_hyper_parameter
v: [12.0, 32.66, 25.52, 34.96, 12.0, 12.0, 12.0, 23.46, 12.0, 10.43, 8.51, 16.19, 12.0, 14.69]
a: [121.38, 143.11, 125.23, 60.8, 135.18, 50.0, 122.32, 50.0, 148.05, 50.0, 50.0, 94.77, 150.11, 129.34]
d: [3.5, 3.5, 3.5, 3.5, 3.5, 3.5, 3.5, 3.5, 3.5, 3.5, 3.5, 3.5, 3.5, 2.0]
BEST_hyper_parameter
v: [12.0, 32.66, 25.52, 34.96, 12.0, 12.0, 12.0, 23.46, 12.0, 10.43, 12.0, 16.19, 12.0, 14.69]
a: [121.38, 143.11, 125.23, 60.8, 135.18, 50.0, 122.32, 50.0, 148.05, 50.0, 50.0, 94.77, 150.11, 129.34]
d: [3.5, 3.5, 3.5, 3.5, 3.5, 3.5, 3.5, 3.5, 3.5, 3.5, 3.5, 3.5, 3.5, 2.0]
LOSE: random_idx_1 = 0, random_idx_2 = 12
LOSE: random_idx_1 = 1, random_idx_2 = 4

iteration: 15
best: [6.07, 7.49, 9.83, 12.59, 16.31, 20.83, 40.0, 43.78, 45.74, 48.05, 50.19, 52.24, 54.6, 55.81]
time: [6.16, 7.53, 9.86, 16.61, 20.32, 24.98, 44.16, 47.88, 49.84, 1000, 1000, 1000, 1000, 1000]
current_hyper_parameter
v: [12.0, 32.66, 25.52, 34.96, 12.0, 12.0, 12.0, 23.46, 12.0, 10.43, 12.0, 16.19, 20.98, 14.69]
a: [121.38, 143.11, 125.23, 60.8, 128.5, 50.0, 122.32, 50.0, 148.05, 50.0, 50.0, 94.77, 150.11, 129.34]
d: [3.5, 3.5, 3.5, 3.5, 3.5, 3.5, 3.5, 3.5, 3.5, 3.5, 3.5, 3.5, 3.5, 2.0]
BEST_hyper_parameter
v: [12.0, 32.66, 25.52, 34.96, 12.0, 12.0, 12.0, 23.46, 12.0, 10.43, 12.0, 16.19, 12.0, 14.69]
a: [121.38, 143.11, 125.23, 60.8, 135.18, 50.0, 122.32, 50.0, 148.05, 50.0, 50.0, 94.77, 150.11, 129.34]
d: [3.5, 3.5, 3.5, 3.5, 3.5, 3.5, 3.5, 3.5, 3.5, 3.5, 3.5, 3.5, 3.5, 2.0]
LOSE: random_idx_1 = 2, random_idx_2 = 5
LOSE: random_idx_1 = 1, random_idx_2 = 12

iteration: 16
best: [6.07, 7.49, 9.83, 12.59, 16.31, 20.83, 40.0, 43.78, 45.74, 48.05, 50.19, 52.24, 54.6, 55.81]
time: [6.16, 7.54, 9.85, 12.59, 15.81, 20.38, 39.48, 43.93, 45.82, 48.2, 49.98, 52.27, 54.9, 56.24]
current_hyper_parameter
v: [12.0, 32.66, 25.52, 34.96, 12.0, 12.0, 12.0, 23.46, 12.0, 10.43, 12.0, 16.19, 12.0, 14.69]
a: [121.38, 143.11, 125.23, 60.8, 135.18, 50.0, 122.32, 50.0, 148.05, 50.0, 50.0, 94.77, 55.34, 129.34]
d: [3.5, 3.5, 3.5, 3.5, 3.5, 3.5, 3.5, 3.5, 3.5, 3.5, 3.5, 3.5, 3.5, 2.0]
BEST_hyper_parameter
v: [12.0, 32.66, 25.52, 34.96, 12.0, 12.0, 12.0, 23.46, 12.0, 10.43, 12.0, 16.19, 12.0, 14.69]
a: [121.38, 143.11, 125.23, 60.8, 135.18, 50.0, 122.32, 50.0, 148.05, 50.0, 50.0, 94.77, 150.11, 129.34]
d: [3.5, 3.5, 3.5, 3.5, 3.5, 3.5, 3.5, 3.5, 3.5, 3.5, 3.5, 3.5, 3.5, 2.0]
LOSE: random_idx_1 = 2, random_idx_2 = 12
LOSE: random_idx_1 = 2, random_idx_2 = 10

iteration: 17
best: [6.16, 7.54, 9.85, 12.59, 15.81, 20.38, 39.48, 43.78, 45.74, 48.05, 50.19, 52.24, 54.6, 55.81]
time: [6.17, 7.58, 9.9, 16.03, 22.6, 1000, 1000, 1000, 1000, 1000, 1000, 1000, 1000, 1000]
current_hyper_parameter
v: [12.0, 32.66, 25.52, 34.96, 12.0, 12.0, 12.0, 23.46, 12.0, 10.43, 12.0, 16.19, 12.0, 14.69]
a: [121.38, 143.11, 125.23, 60.8, 135.18, 50.0, 122.32, 50.0, 148.05, 50.0, 50.0, 94.77, 150.11, 129.34]
d: [3.5, 3.5, 3.5, 3.5, 3.5, 3.5, 3.5, 3.5, 3.5, 3.5, 3.5, 3.5, 3.5, 2.0]
BEST_hyper_parameter
v: [12.0, 32.66, 25.52, 34.96, 12.0, 12.0, 12.0, 23.46, 12.0, 10.43, 12.0, 16.19, 12.0, 14.69]
a: [121.38, 143.11, 125.23, 60.8, 135.18, 50.0, 122.32, 50.0, 148.05, 50.0, 50.0, 94.77, 150.11, 129.34]
d: [3.5, 3.5, 3.5, 3.5, 3.5, 3.5, 3.5, 3.5, 3.5, 3.5, 3.5, 3.5, 3.5, 2.0]
LOSE: random_idx_1 = 0, random_idx_2 = 1
LOSE: random_idx_1 = 1, random_idx_2 = 9

iteration: 18
best: [6.16, 7.54, 9.85, 12.59, 15.81, 20.38, 39.48, 43.78, 45.74, 48.05, 50.19, 52.24, 54.6, 55.81]
time: [6.16, 7.53, 9.83, 12.58, 18.96, 30.14, 50.11, 53.79, 55.7, 1000, 1000, 1000, 1000, 1000]
current_hyper_parameter
v: [12.0, 34.71, 25.52, 34.96, 12.0, 12.0, 12.0, 23.46, 12.0, 10.43, 12.0, 16.19, 12.0, 14.69]
a: [121.38, 143.11, 125.23, 60.8, 135.18, 50.0, 122.32, 50.0, 148.05, 28.5, 50.0, 94.77, 150.11, 129.34]
d: [3.5, 3.5, 3.5, 3.5, 3.5, 3.5, 3.5, 3.5, 3.5, 3.5, 3.5, 3.5, 3.5, 2.0]
BEST_hyper_parameter
v: [12.0, 32.66, 25.52, 34.96, 12.0, 12.0, 12.0, 23.46, 12.0, 10.43, 12.0, 16.19, 12.0, 14.69]
a: [121.38, 143.11, 125.23, 60.8, 135.18, 50.0, 122.32, 50.0, 148.05, 50.0, 50.0, 94.77, 150.11, 129.34]
d: [3.5, 3.5, 3.5, 3.5, 3.5, 3.5, 3.5, 3.5, 3.5, 3.5, 3.5, 3.5, 3.5, 2.0]
LOSE: random_idx_1 = 2, random_idx_2 = 7
LOSE: random_idx_1 = 2, random_idx_2 = 8

iteration: 19
best: [6.16, 7.54, 9.85, 12.59, 15.81, 20.38, 39.48, 43.78, 45.74, 48.05, 50.19, 52.24, 54.6, 55.81]
time: [6.14, 7.53, 9.86, 16.04, 19.32, 23.93, 43.04, 47.45, 49.42, 51.81, 53.94, 55.98, 1000, 1000]
current_hyper_parameter
v: [12.0, 32.66, 25.52, 34.96, 12.0, 12.0, 12.0, 23.46, 12.0, 10.43, 12.0, 16.19, 12.0, 14.69]
a: [121.38, 143.11, 125.23, 60.8, 135.18, 50.0, 122.32, 50.0, 148.05, 50.0, 50.0, 94.77, 150.11, 129.34]
d: [3.5, 3.5, 3.5, 3.5, 3.5, 3.5, 3.5, 3.5, 3.5, 3.5, 3.5, 3.5, 3.5, 2.0]
BEST_hyper_parameter
v: [12.0, 32.66, 25.52, 34.96, 12.0, 12.0, 12.0, 23.46, 12.0, 10.43, 12.0, 16.19, 12.0, 14.69]
a: [121.38, 143.11, 125.23, 60.8, 135.18, 50.0, 122.32, 50.0, 148.05, 50.0, 50.0, 94.77, 150.11, 129.34]
d: [3.5, 3.5, 3.5, 3.5, 3.5, 3.5, 3.5, 3.5, 3.5, 3.5, 3.5, 3.5, 3.5, 2.0]
LOSE: random_idx_1 = 0, random_idx_2 = 8
LOSE: random_idx_1 = 0, random_idx_2 = 3

iteration: 20
best: [6.16, 7.54, 9.85, 12.59, 15.81, 20.38, 39.48, 43.78, 45.74, 48.05, 50.19, 52.24, 54.6, 55.81]
time: [6.14, 7.54, 9.87, 12.69, 19.0, 26.53, 46.15, 49.74, 51.12, 1000, 1000, 1000, 1000, 1000]
current_hyper_parameter
v: [12.0, 32.66, 25.52, 19.07, 12.0, 12.0, 12.0, 23.46, 33.11, 10.43, 12.0, 16.19, 12.0, 14.69]
a: [121.38, 143.11, 125.23, 60.8, 135.18, 50.0, 122.32, 50.0, 148.05, 50.0, 50.0, 94.77, 150.11, 129.34]
d: [3.5, 3.5, 3.5, 3.5, 3.5, 3.5, 3.5, 3.5, 3.5, 3.5, 3.5, 3.5, 3.5, 2.0]
BEST_hyper_parameter
v: [12.0, 32.66, 25.52, 34.96, 12.0, 12.0, 12.0, 23.46, 12.0, 10.43, 12.0, 16.19, 12.0, 14.69]
a: [121.38, 143.11, 125.23, 60.8, 135.18, 50.0, 122.32, 50.0, 148.05, 50.0, 50.0, 94.77, 150.11, 129.34]
d: [3.5, 3.5, 3.5, 3.5, 3.5, 3.5, 3.5, 3.5, 3.5, 3.5, 3.5, 3.5, 3.5, 2.0]
LOSE: random_idx_1 = 0, random_idx_2 = 7
LOSE: random_idx_1 = 0, random_idx_2 = 6

iteration: 21
best: [6.16, 7.54, 9.85, 12.59, 15.81, 20.38, 39.48, 43.78, 45.74, 48.05, 50.19, 52.24, 54.6, 55.81]
time: [6.16, 7.54, 9.86, 1000, 1000, 1000, 1000, 1000, 1000, 1000, 1000, 1000, 1000, 1000]
current_hyper_parameter
v: [12.0, 32.66, 25.52, 34.96, 12.0, 12.0, 13.27, 28.69, 12.0, 10.43, 12.0, 16.19, 12.0, 14.69]
a: [121.38, 143.11, 125.23, 60.8, 135.18, 50.0, 122.32, 50.0, 148.05, 50.0, 50.0, 94.77, 150.11, 129.34]
d: [3.5, 3.5, 3.5, 3.5, 3.5, 3.5, 3.5, 3.5, 3.5, 3.5, 3.5, 3.5, 3.5, 2.0]
BEST_hyper_parameter
v: [12.0, 32.66, 25.52, 34.96, 12.0, 12.0, 12.0, 23.46, 12.0, 10.43, 12.0, 16.19, 12.0, 14.69]
a: [121.38, 143.11, 125.23, 60.8, 135.18, 50.0, 122.32, 50.0, 148.05, 50.0, 50.0, 94.77, 150.11, 129.34]
d: [3.5, 3.5, 3.5, 3.5, 3.5, 3.5, 3.5, 3.5, 3.5, 3.5, 3.5, 3.5, 3.5, 2.0]
LOSE: random_idx_1 = 1, random_idx_2 = 2
LOSE: random_idx_1 = 0, random_idx_2 = 12

iteration: 22
best: [6.16, 7.54, 9.85, 12.59, 15.81, 20.38, 39.48, 43.78, 45.74, 48.05, 50.19, 52.24, 54.6, 55.81]
time: [6.06, 7.48, 10.35, 16.55, 19.81, 24.5, 43.67, 47.37, 49.31, 56.3, 1000, 1000, 1000, 1000]
current_hyper_parameter
v: [12.0, 32.66, 25.52, 34.96, 12.0, 12.0, 12.0, 23.46, 12.0, 10.43, 12.0, 16.19, 8.7, 14.69]
a: [121.38, 143.11, 43.92, 60.8, 135.18, 50.0, 122.32, 50.0, 148.05, 50.0, 50.0, 94.77, 150.11, 129.34]
d: [3.5, 3.5, 3.5, 3.5, 3.5, 3.5, 3.5, 3.5, 3.5, 3.5, 3.5, 3.5, 3.5, 2.0]
BEST_hyper_parameter
v: [12.0, 32.66, 25.52, 34.96, 12.0, 12.0, 12.0, 23.46, 12.0, 10.43, 12.0, 16.19, 12.0, 14.69]
a: [121.38, 143.11, 125.23, 60.8, 135.18, 50.0, 122.32, 50.0, 148.05, 50.0, 50.0, 94.77, 150.11, 129.34]
d: [3.5, 3.5, 3.5, 3.5, 3.5, 3.5, 3.5, 3.5, 3.5, 3.5, 3.5, 3.5, 3.5, 2.0]
LOSE: random_idx_1 = 0, random_idx_2 = 13
LOSE: random_idx_1 = 2, random_idx_2 = 8

iteration: 23
best: [6.16, 7.54, 9.85, 12.59, 15.81, 20.38, 39.48, 43.78, 45.74, 48.05, 50.19, 52.24, 54.6, 55.81]
time: [6.17, 7.56, 9.87, 12.59, 18.97, 52.73, 1000, 1000, 1000, 1000, 1000, 1000, 1000, 1000]
current_hyper_parameter
v: [12.0, 32.66, 25.52, 34.96, 12.0, 12.0, 12.0, 23.46, 12.0, 10.43, 12.0, 16.19, 12.0, 17.01]
a: [121.38, 143.11, 125.23, 60.8, 135.18, 50.0, 122.32, 50.0, 148.05, 50.0, 50.0, 94.77, 150.11, 129.34]
d: [3.5, 3.5, 3.5, 3.5, 3.5, 3.5, 3.5, 3.5, 3.5, 3.5, 3.5, 3.5, 3.5, 2.0]
BEST_hyper_parameter
v: [12.0, 32.66, 25.52, 34.96, 12.0, 12.0, 12.0, 23.46, 12.0, 10.43, 12.0, 16.19, 12.0, 14.69]
a: [121.38, 143.11, 125.23, 60.8, 135.18, 50.0, 122.32, 50.0, 148.05, 50.0, 50.0, 94.77, 150.11, 129.34]
d: [3.5, 3.5, 3.5, 3.5, 3.5, 3.5, 3.5, 3.5, 3.5, 3.5, 3.5, 3.5, 3.5, 2.0]
LOSE: random_idx_1 = 2, random_idx_2 = 3
LOSE: random_idx_1 = 0, random_idx_2 = 7

iteration: 24
best: [6.16, 7.54, 9.85, 12.59, 15.81, 20.38, 39.48, 43.78, 45.74, 48.05, 50.19, 52.24, 54.6, 55.81]
time: [6.16, 7.55, 9.85, 12.58, 18.99, 40.21, 1000, 1000, 1000, 1000, 1000, 1000, 1000, 1000]
current_hyper_parameter
v: [12.0, 32.66, 25.52, 34.96, 12.0, 12.0, 12.0, 15.93, 12.0, 10.43, 12.0, 16.19, 12.0, 14.69]
a: [121.38, 143.11, 125.23, 60.8, 135.18, 50.0, 122.32, 50.0, 148.05, 50.0, 50.0, 94.77, 150.11, 129.34]
d: [3.5, 3.5, 3.5, 3.5, 3.5, 3.5, 3.5, 3.5, 3.5, 3.5, 3.5, 3.5, 3.5, 2.0]
BEST_hyper_parameter
v: [12.0, 32.66, 25.52, 34.96, 12.0, 12.0, 12.0, 23.46, 12.0, 10.43, 12.0, 16.19, 12.0, 14.69]
a: [121.38, 143.11, 125.23, 60.8, 135.18, 50.0, 122.32, 50.0, 148.05, 50.0, 50.0, 94.77, 150.11, 129.34]
d: [3.5, 3.5, 3.5, 3.5, 3.5, 3.5, 3.5, 3.5, 3.5, 3.5, 3.5, 3.5, 3.5, 2.0]
LOSE: random_idx_1 = 1, random_idx_2 = 9
LOSE: random_idx_1 = 1, random_idx_2 = 7

iteration: 25
best: [6.16, 7.54, 9.85, 12.59, 15.81, 20.38, 39.48, 43.78, 45.74, 48.05, 50.19, 52.24, 54.6, 55.81]
time: [6.16, 7.58, 9.91, 12.66, 22.67, 32.95, 53.52, 1000, 1000, 1000, 1000, 1000, 1000, 1000]
current_hyper_parameter
v: [12.0, 32.66, 25.52, 34.96, 12.0, 12.0, 12.0, 23.46, 12.0, 10.43, 12.0, 16.19, 12.0, 14.69]
a: [121.38, 143.11, 125.23, 60.8, 135.18, 50.0, 122.32, 67.23, 148.05, 37.71, 50.0, 94.77, 150.11, 129.34]
d: [3.5, 3.5, 3.5, 3.5, 3.5, 3.5, 3.5, 3.5, 3.5, 3.5, 3.5, 3.5, 3.5, 2.0]
BEST_hyper_parameter
v: [12.0, 32.66, 25.52, 34.96, 12.0, 12.0, 12.0, 23.46, 12.0, 10.43, 12.0, 16.19, 12.0, 14.69]
a: [121.38, 143.11, 125.23, 60.8, 135.18, 50.0, 122.32, 50.0, 148.05, 50.0, 50.0, 94.77, 150.11, 129.34]
d: [3.5, 3.5, 3.5, 3.5, 3.5, 3.5, 3.5, 3.5, 3.5, 3.5, 3.5, 3.5, 3.5, 2.0]
LOSE: random_idx_1 = 2, random_idx_2 = 12
LOSE: random_idx_1 = 1, random_idx_2 = 8

iteration: 26
best: [6.16, 7.54, 9.85, 12.59, 15.81, 20.38, 39.48, 43.78, 45.74, 48.05, 50.19, 52.24, 54.6, 55.81]
time: [6.13, 7.56, 9.87, 16.37, 1000, 1000, 1000, 1000, 1000, 1000, 1000, 1000, 1000, 1000]
current_hyper_parameter
v: [12.0, 32.66, 25.52, 34.96, 12.0, 12.0, 12.0, 23.46, 12.0, 10.43, 12.0, 16.19, 12.0, 14.69]
a: [121.38, 143.11, 125.23, 60.8, 135.18, 50.0, 122.32, 50.0, 100.95, 50.0, 50.0, 94.77, 150.11, 129.34]
d: [3.5, 3.5, 3.5, 3.5, 3.5, 3.5, 3.5, 3.5, 3.5, 3.5, 3.5, 3.5, 3.5, 2.0]
BEST_hyper_parameter
v: [12.0, 32.66, 25.52, 34.96, 12.0, 12.0, 12.0, 23.46, 12.0, 10.43, 12.0, 16.19, 12.0, 14.69]
a: [121.38, 143.11, 125.23, 60.8, 135.18, 50.0, 122.32, 50.0, 148.05, 50.0, 50.0, 94.77, 150.11, 129.34]
d: [3.5, 3.5, 3.5, 3.5, 3.5, 3.5, 3.5, 3.5, 3.5, 3.5, 3.5, 3.5, 3.5, 2.0]
LOSE: random_idx_1 = 2, random_idx_2 = 6
LOSE: random_idx_1 = 0, random_idx_2 = 5

iteration: 27
best: [6.16, 7.54, 9.85, 12.59, 15.81, 20.38, 39.48, 43.78, 45.74, 48.05, 50.19, 52.24, 54.6, 55.81]
time: [6.08, 7.51, 9.87, 12.63, 15.88, 20.23, 38.7, 42.37, 44.23, 46.63, 48.26, 50.51, 52.57, 53.89]
current_hyper_parameter
v: [12.0, 32.66, 25.52, 34.96, 12.0, 17.86, 12.0, 23.46, 12.0, 10.43, 12.0, 16.19, 12.0, 14.69]
a: [121.38, 143.11, 125.23, 60.8, 135.18, 50.0, 122.32, 50.0, 148.05, 50.0, 50.0, 94.77, 150.11, 129.34]
d: [3.5, 3.5, 3.5, 3.5, 3.5, 3.5, 3.5, 3.5, 3.5, 3.5, 3.5, 3.5, 3.5, 2.0]
BEST_hyper_parameter
v: [12.0, 32.66, 25.52, 34.96, 12.0, 12.0, 12.0, 23.46, 12.0, 10.43, 12.0, 16.19, 12.0, 14.69]
a: [121.38, 143.11, 125.23, 60.8, 135.18, 50.0, 122.32, 50.0, 148.05, 50.0, 50.0, 94.77, 150.11, 129.34]
d: [3.5, 3.5, 3.5, 3.5, 3.5, 3.5, 3.5, 3.5, 3.5, 3.5, 3.5, 3.5, 3.5, 2.0]
WIN: random_idx_1 = 1, random_idx_2 = 2
WIN: random_idx_1 = 0, random_idx_2 = 12

iteration: 28
best: [6.08, 7.51, 9.87, 12.63, 15.88, 20.23, 38.7, 42.37, 44.23, 46.63, 48.26, 50.51, 52.57, 53.89]
time: [6.08, 7.48, 9.88, 12.64, 19.0, 24.14, 43.36, 46.91, 48.84, 54.59, 1000, 1000, 1000, 1000]
current_hyper_parameter
v: [12.0, 32.66, 25.52, 34.96, 12.0, 17.86, 12.0, 23.46, 12.0, 10.43, 12.0, 16.19, 18.89, 14.69]
a: [121.38, 143.11, 115.6, 60.8, 135.18, 50.0, 122.32, 50.0, 148.05, 50.0, 50.0, 94.77, 150.11, 129.34]
d: [3.5, 3.5, 3.5, 3.5, 3.5, 3.5, 3.5, 3.5, 3.5, 3.5, 3.5, 3.5, 3.5, 2.0]
BEST_hyper_parameter
v: [12.0, 32.66, 25.52, 34.96, 12.0, 17.86, 12.0, 23.46, 12.0, 10.43, 12.0, 16.19, 12.0, 14.69]
a: [121.38, 143.11, 125.23, 60.8, 135.18, 50.0, 122.32, 50.0, 148.05, 50.0, 50.0, 94.77, 150.11, 129.34]
d: [3.5, 3.5, 3.5, 3.5, 3.5, 3.5, 3.5, 3.5, 3.5, 3.5, 3.5, 3.5, 3.5, 2.0]
LOSE: random_idx_1 = 1, random_idx_2 = 13
LOSE: random_idx_1 = 0, random_idx_2 = 11

iteration: 29
best: [6.08, 7.51, 9.87, 12.63, 15.88, 20.23, 38.7, 42.37, 44.23, 46.63, 48.26, 50.51, 52.57, 53.89]
time: [6.16, 7.55, 9.88, 12.62, 19.09, 23.77, 42.75, 46.33, 48.24, 50.58, 52.73, 1000, 1000, 1000]
current_hyper_parameter
v: [12.0, 32.66, 25.52, 34.96, 12.0, 17.86, 12.0, 23.46, 12.0, 10.43, 12.0, 13.75, 12.0, 14.69]
a: [121.38, 143.11, 125.23, 60.8, 135.18, 50.0, 122.32, 50.0, 148.05, 50.0, 50.0, 94.77, 150.11, 85.87]
d: [3.5, 3.5, 3.5, 3.5, 3.5, 3.5, 3.5, 3.5, 3.5, 3.5, 3.5, 3.5, 3.5, 2.0]
BEST_hyper_parameter
v: [12.0, 32.66, 25.52, 34.96, 12.0, 17.86, 12.0, 23.46, 12.0, 10.43, 12.0, 16.19, 12.0, 14.69]
a: [121.38, 143.11, 125.23, 60.8, 135.18, 50.0, 122.32, 50.0, 148.05, 50.0, 50.0, 94.77, 150.11, 129.34]
d: [3.5, 3.5, 3.5, 3.5, 3.5, 3.5, 3.5, 3.5, 3.5, 3.5, 3.5, 3.5, 3.5, 2.0]
LOSE: random_idx_1 = 0, random_idx_2 = 7
LOSE: random_idx_1 = 2, random_idx_2 = 7

iteration: 30
best: [6.08, 7.51, 9.87, 12.63, 15.88, 20.23, 38.7, 42.37, 44.23, 46.63, 48.26, 50.51, 52.57, 53.89]
time: [6.04, 7.48, 9.85, 12.63, 19.08, 23.8, 42.73, 46.39, 48.35, 50.77, 52.86, 1000, 1000, 1000]
current_hyper_parameter
v: [12.0, 32.66, 25.52, 34.96, 12.0, 17.86, 12.0, 23.23, 12.0, 10.43, 12.0, 16.19, 12.0, 14.69]
a: [121.38, 143.11, 125.23, 60.8, 135.18, 50.0, 122.32, 50.0, 148.05, 50.0, 50.0, 94.77, 150.11, 129.34]
d: [3.5, 3.5, 3.5, 3.5, 3.5, 3.5, 3.5, 3.5, 3.5, 3.5, 3.5, 3.5, 3.5, 2.0]
BEST_hyper_parameter
v: [12.0, 32.66, 25.52, 34.96, 12.0, 17.86, 12.0, 23.46, 12.0, 10.43, 12.0, 16.19, 12.0, 14.69]
a: [121.38, 143.11, 125.23, 60.8, 135.18, 50.0, 122.32, 50.0, 148.05, 50.0, 50.0, 94.77, 150.11, 129.34]
d: [3.5, 3.5, 3.5, 3.5, 3.5, 3.5, 3.5, 3.5, 3.5, 3.5, 3.5, 3.5, 3.5, 2.0]
LOSE: random_idx_1 = 2, random_idx_2 = 6
LOSE: random_idx_1 = 0, random_idx_2 = 7

iteration: 31
best: [6.08, 7.51, 9.87, 12.63, 15.88, 20.23, 38.7, 42.37, 44.23, 46.63, 48.26, 50.51, 52.57, 53.89]
time: [6.15, 7.55, 9.85, 12.6, 19.03, 23.87, 42.71, 46.33, 48.26, 63.81, 1000, 1000, 1000, 1000]
current_hyper_parameter
v: [12.0, 32.66, 25.52, 34.96, 12.0, 17.86, 12.0, 18.12, 12.0, 10.43, 12.0, 16.19, 12.0, 14.69]
a: [121.38, 143.11, 125.23, 60.8, 135.18, 50.0, 122.32, 50.0, 148.05, 50.0, 50.0, 94.77, 150.11, 129.34]
d: [3.5, 3.5, 3.5, 3.5, 3.5, 3.5, 3.5, 3.5, 3.5, 3.5, 3.5, 3.5, 3.5, 2.0]
BEST_hyper_parameter
v: [12.0, 32.66, 25.52, 34.96, 12.0, 17.86, 12.0, 23.46, 12.0, 10.43, 12.0, 16.19, 12.0, 14.69]
a: [121.38, 143.11, 125.23, 60.8, 135.18, 50.0, 122.32, 50.0, 148.05, 50.0, 50.0, 94.77, 150.11, 129.34]
d: [3.5, 3.5, 3.5, 3.5, 3.5, 3.5, 3.5, 3.5, 3.5, 3.5, 3.5, 3.5, 3.5, 2.0]
LOSE: random_idx_1 = 0, random_idx_2 = 2
LOSE: random_idx_1 = 1, random_idx_2 = 10

iteration: 32
best: [6.08, 7.51, 9.87, 12.63, 15.88, 20.23, 38.7, 42.37, 44.23, 46.63, 48.26, 50.51, 52.57, 53.89]
time: [6.17, 7.54, 9.82, 12.45, 1000, 1000, 1000, 1000, 1000, 1000, 1000, 1000, 1000, 1000]
current_hyper_parameter
v: [12.0, 32.66, 27.67, 34.96, 12.0, 17.86, 12.0, 23.46, 12.0, 10.43, 12.0, 16.19, 12.0, 14.69]
a: [121.38, 143.11, 125.23, 60.8, 135.18, 50.0, 122.32, 50.0, 148.05, 50.0, 143.14, 94.77, 150.11, 129.34]
d: [3.5, 3.5, 3.5, 3.5, 3.5, 3.5, 3.5, 3.5, 3.5, 3.5, 3.5, 3.5, 3.5, 2.0]
BEST_hyper_parameter
v: [12.0, 32.66, 25.52, 34.96, 12.0, 17.86, 12.0, 23.46, 12.0, 10.43, 12.0, 16.19, 12.0, 14.69]
a: [121.38, 143.11, 125.23, 60.8, 135.18, 50.0, 122.32, 50.0, 148.05, 50.0, 50.0, 94.77, 150.11, 129.34]
d: [3.5, 3.5, 3.5, 3.5, 3.5, 3.5, 3.5, 3.5, 3.5, 3.5, 3.5, 3.5, 3.5, 2.0]
LOSE: random_idx_1 = 0, random_idx_2 = 0
LOSE: random_idx_1 = 1, random_idx_2 = 0

iteration: 33
best: [6.08, 7.51, 9.87, 12.63, 15.88, 20.23, 38.7, 42.37, 44.23, 46.63, 48.26, 50.51, 52.57, 53.89]
time: [5.77, 7.12, 9.8, 12.65, 1000, 1000, 1000, 1000, 1000, 1000, 1000, 1000, 1000, 1000]
current_hyper_parameter
v: [33.37, 32.66, 25.52, 34.96, 12.0, 17.86, 12.0, 23.46, 12.0, 10.43, 12.0, 16.19, 12.0, 14.69]
a: [104.99, 143.11, 125.23, 60.8, 135.18, 50.0, 122.32, 50.0, 148.05, 50.0, 50.0, 94.77, 150.11, 129.34]
d: [3.5, 3.5, 3.5, 3.5, 3.5, 3.5, 3.5, 3.5, 3.5, 3.5, 3.5, 3.5, 3.5, 2.0]
BEST_hyper_parameter
v: [12.0, 32.66, 25.52, 34.96, 12.0, 17.86, 12.0, 23.46, 12.0, 10.43, 12.0, 16.19, 12.0, 14.69]
a: [121.38, 143.11, 125.23, 60.8, 135.18, 50.0, 122.32, 50.0, 148.05, 50.0, 50.0, 94.77, 150.11, 129.34]
d: [3.5, 3.5, 3.5, 3.5, 3.5, 3.5, 3.5, 3.5, 3.5, 3.5, 3.5, 3.5, 3.5, 2.0]
LOSE: random_idx_1 = 2, random_idx_2 = 0
LOSE: random_idx_1 = 1, random_idx_2 = 1

iteration: 34
best: [6.08, 7.51, 9.87, 12.63, 15.88, 20.23, 38.7, 42.37, 44.23, 46.63, 48.26, 50.51, 52.57, 53.89]
time: [6.17, 7.88, 10.63, 16.62, 19.92, 24.31, 43.06, 46.79, 48.67, 50.96, 53.02, 1000, 1000, 1000]
current_hyper_parameter
v: [12.0, 32.66, 25.52, 34.96, 12.0, 17.86, 12.0, 23.46, 12.0, 10.43, 12.0, 16.19, 12.0, 14.69]
a: [121.38, 72.22, 125.23, 60.8, 135.18, 50.0, 122.32, 50.0, 148.05, 50.0, 50.0, 94.77, 150.11, 129.34]
d: [3.5, 3.5, 3.5, 3.5, 3.5, 3.5, 3.5, 3.5, 3.5, 3.5, 3.5, 3.5, 3.5, 2.0]
BEST_hyper_parameter
v: [12.0, 32.66, 25.52, 34.96, 12.0, 17.86, 12.0, 23.46, 12.0, 10.43, 12.0, 16.19, 12.0, 14.69]
a: [121.38, 143.11, 125.23, 60.8, 135.18, 50.0, 122.32, 50.0, 148.05, 50.0, 50.0, 94.77, 150.11, 129.34]
d: [3.5, 3.5, 3.5, 3.5, 3.5, 3.5, 3.5, 3.5, 3.5, 3.5, 3.5, 3.5, 3.5, 2.0]
LOSE: random_idx_1 = 0, random_idx_2 = 13
LOSE: random_idx_1 = 1, random_idx_2 = 13

iteration: 35
best: [6.08, 7.51, 9.87, 12.63, 15.88, 20.23, 38.7, 42.37, 44.23, 46.63, 48.26, 50.51, 52.57, 53.89]
time: [6.08, 7.48, 9.83, 12.57, 19.05, 26.76, 46.48, 50.03, 51.89, 54.2, 1000, 1000, 1000, 1000]
current_hyper_parameter
v: [12.0, 32.66, 25.52, 34.96, 12.0, 17.86, 12.0, 23.46, 12.0, 10.43, 12.0, 16.19, 12.0, 18.61]
a: [121.38, 143.11, 125.23, 60.8, 135.18, 50.0, 122.32, 50.0, 148.05, 50.0, 50.0, 94.77, 150.11, 128.08]
d: [3.5, 3.5, 3.5, 3.5, 3.5, 3.5, 3.5, 3.5, 3.5, 3.5, 3.5, 3.5, 3.5, 2.0]
BEST_hyper_parameter
v: [12.0, 32.66, 25.52, 34.96, 12.0, 17.86, 12.0, 23.46, 12.0, 10.43, 12.0, 16.19, 12.0, 14.69]
a: [121.38, 143.11, 125.23, 60.8, 135.18, 50.0, 122.32, 50.0, 148.05, 50.0, 50.0, 94.77, 150.11, 129.34]
d: [3.5, 3.5, 3.5, 3.5, 3.5, 3.5, 3.5, 3.5, 3.5, 3.5, 3.5, 3.5, 3.5, 2.0]
LOSE: random_idx_1 = 2, random_idx_2 = 0
LOSE: random_idx_1 = 1, random_idx_2 = 8

iteration: 36
best: [6.08, 7.51, 9.87, 12.63, 15.88, 20.23, 38.7, 42.37, 44.23, 46.63, 48.26, 50.51, 52.57, 53.89]
time: [6.14, 7.55, 9.87, 16.27, 19.91, 24.22, 42.83, 46.46, 48.5, 51.16, 53.41, 1000, 1000, 1000]
current_hyper_parameter
v: [12.0, 32.66, 25.52, 34.96, 12.0, 17.86, 12.0, 23.46, 12.0, 10.43, 12.0, 16.19, 12.0, 14.69]
a: [121.38, 143.11, 125.23, 60.8, 135.18, 50.0, 122.32, 50.0, 71.11, 50.0, 50.0, 94.77, 150.11, 129.34]
d: [3.5, 3.5, 3.5, 3.5, 3.5, 3.5, 3.5, 3.5, 3.5, 3.5, 3.5, 3.5, 3.5, 2.0]
BEST_hyper_parameter
v: [12.0, 32.66, 25.52, 34.96, 12.0, 17.86, 12.0, 23.46, 12.0, 10.43, 12.0, 16.19, 12.0, 14.69]
a: [121.38, 143.11, 125.23, 60.8, 135.18, 50.0, 122.32, 50.0, 148.05, 50.0, 50.0, 94.77, 150.11, 129.34]
d: [3.5, 3.5, 3.5, 3.5, 3.5, 3.5, 3.5, 3.5, 3.5, 3.5, 3.5, 3.5, 3.5, 2.0]
LOSE: random_idx_1 = 1, random_idx_2 = 7
LOSE: random_idx_1 = 1, random_idx_2 = 11

iteration: 37
best: [6.08, 7.51, 9.87, 12.63, 15.88, 20.23, 38.7, 42.37, 44.23, 46.63, 48.26, 50.51, 52.57, 53.89]
time: [6.16, 7.56, 9.89, 1000, 1000, 1000, 1000, 1000, 1000, 1000, 1000, 1000, 1000, 1000]
current_hyper_parameter
v: [12.0, 32.66, 25.52, 34.96, 12.0, 17.86, 12.0, 23.46, 12.0, 10.43, 12.0, 16.19, 12.0, 14.69]
a: [121.38, 143.11, 125.23, 60.8, 135.18, 50.0, 122.32, 21.18, 148.05, 50.0, 50.0, 134.23, 150.11, 129.34]
d: [3.5, 3.5, 3.5, 3.5, 3.5, 3.5, 3.5, 3.5, 3.5, 3.5, 3.5, 3.5, 3.5, 2.0]
BEST_hyper_parameter
v: [12.0, 32.66, 25.52, 34.96, 12.0, 17.86, 12.0, 23.46, 12.0, 10.43, 12.0, 16.19, 12.0, 14.69]
a: [121.38, 143.11, 125.23, 60.8, 135.18, 50.0, 122.32, 50.0, 148.05, 50.0, 50.0, 94.77, 150.11, 129.34]
d: [3.5, 3.5, 3.5, 3.5, 3.5, 3.5, 3.5, 3.5, 3.5, 3.5, 3.5, 3.5, 3.5, 2.0]
LOSE: random_idx_1 = 2, random_idx_2 = 12
LOSE: random_idx_1 = 1, random_idx_2 = 0

iteration: 38
best: [6.08, 7.51, 9.87, 12.63, 15.88, 20.23, 38.7, 42.37, 44.23, 46.63, 48.26, 50.51, 52.57, 53.89]
time: [6.35, 7.78, 10.31, 15.95, 21.86, 26.3, 44.98, 48.55, 50.41, 53.11, 1000, 1000, 1000, 1000]
current_hyper_parameter
v: [12.0, 32.66, 25.52, 34.96, 12.0, 17.86, 12.0, 23.46, 12.0, 10.43, 12.0, 16.19, 12.0, 14.69]
a: [57.01, 143.11, 125.23, 60.8, 135.18, 50.0, 122.32, 50.0, 148.05, 50.0, 50.0, 94.77, 150.11, 129.34]
d: [3.5, 3.5, 3.5, 3.5, 3.5, 3.5, 3.5, 3.5, 3.5, 3.5, 3.5, 3.5, 3.5, 2.0]
BEST_hyper_parameter
v: [12.0, 32.66, 25.52, 34.96, 12.0, 17.86, 12.0, 23.46, 12.0, 10.43, 12.0, 16.19, 12.0, 14.69]
a: [121.38, 143.11, 125.23, 60.8, 135.18, 50.0, 122.32, 50.0, 148.05, 50.0, 50.0, 94.77, 150.11, 129.34]
d: [3.5, 3.5, 3.5, 3.5, 3.5, 3.5, 3.5, 3.5, 3.5, 3.5, 3.5, 3.5, 3.5, 2.0]
LOSE: random_idx_1 = 1, random_idx_2 = 10
LOSE: random_idx_1 = 0, random_idx_2 = 3

iteration: 39
best: [6.08, 7.51, 9.87, 12.63, 15.88, 20.23, 38.7, 42.37, 44.23, 46.63, 48.26, 50.51, 52.57, 53.89]
time: [6.06, 7.49, 9.85, 12.74, 19.18, 1000, 1000, 1000, 1000, 1000, 1000, 1000, 1000, 1000]
current_hyper_parameter
v: [12.0, 32.66, 25.52, 14.78, 12.0, 17.86, 12.0, 23.46, 12.0, 10.43, 12.0, 16.19, 12.0, 14.69]
a: [121.38, 143.11, 125.23, 60.8, 135.18, 50.0, 122.32, 50.0, 148.05, 50.0, 47.69, 94.77, 150.11, 129.34]
d: [3.5, 3.5, 3.5, 3.5, 3.5, 3.5, 3.5, 3.5, 3.5, 3.5, 3.5, 3.5, 3.5, 2.0]
BEST_hyper_parameter
v: [12.0, 32.66, 25.52, 34.96, 12.0, 17.86, 12.0, 23.46, 12.0, 10.43, 12.0, 16.19, 12.0, 14.69]
a: [121.38, 143.11, 125.23, 60.8, 135.18, 50.0, 122.32, 50.0, 148.05, 50.0, 50.0, 94.77, 150.11, 129.34]
d: [3.5, 3.5, 3.5, 3.5, 3.5, 3.5, 3.5, 3.5, 3.5, 3.5, 3.5, 3.5, 3.5, 2.0]
LOSE: random_idx_1 = 0, random_idx_2 = 4
LOSE: random_idx_1 = 0, random_idx_2 = 0

iteration: 40
best: [6.08, 7.51, 9.87, 12.63, 15.88, 20.23, 38.7, 42.37, 44.23, 46.63, 48.26, 50.51, 52.57, 53.89]
time: [6.27, 7.67, 10.24, 12.89, 1000, 1000, 1000, 1000, 1000, 1000, 1000, 1000, 1000, 1000]
current_hyper_parameter
v: [10.73, 32.66, 25.52, 34.96, 34.93, 17.86, 12.0, 23.46, 12.0, 10.43, 12.0, 16.19, 12.0, 14.69]
a: [121.38, 143.11, 125.23, 60.8, 135.18, 50.0, 122.32, 50.0, 148.05, 50.0, 50.0, 94.77, 150.11, 129.34]
d: [3.5, 3.5, 3.5, 3.5, 3.5, 3.5, 3.5, 3.5, 3.5, 3.5, 3.5, 3.5, 3.5, 2.0]
BEST_hyper_parameter
v: [12.0, 32.66, 25.52, 34.96, 12.0, 17.86, 12.0, 23.46, 12.0, 10.43, 12.0, 16.19, 12.0, 14.69]
a: [121.38, 143.11, 125.23, 60.8, 135.18, 50.0, 122.32, 50.0, 148.05, 50.0, 50.0, 94.77, 150.11, 129.34]
d: [3.5, 3.5, 3.5, 3.5, 3.5, 3.5, 3.5, 3.5, 3.5, 3.5, 3.5, 3.5, 3.5, 2.0]
LOSE: random_idx_1 = 1, random_idx_2 = 10
LOSE: random_idx_1 = 1, random_idx_2 = 7

iteration: 41
best: [6.08, 7.51, 9.87, 12.63, 15.88, 20.23, 38.7, 42.37, 44.23, 46.63, 48.26, 50.51, 52.57, 53.89]
time: [6.05, 7.5, 9.87, 1000, 1000, 1000, 1000, 1000, 1000, 1000, 1000, 1000, 1000, 1000]
current_hyper_parameter
v: [12.0, 32.66, 25.52, 34.96, 12.0, 17.86, 12.0, 23.46, 12.0, 10.43, 12.0, 16.19, 12.0, 14.69]
a: [121.38, 143.11, 125.23, 60.8, 135.18, 50.0, 122.32, 143.39, 148.05, 50.0, 105.91, 94.77, 150.11, 129.34]
d: [3.5, 3.5, 3.5, 3.5, 3.5, 3.5, 3.5, 3.5, 3.5, 3.5, 3.5, 3.5, 3.5, 2.0]
BEST_hyper_parameter
v: [12.0, 32.66, 25.52, 34.96, 12.0, 17.86, 12.0, 23.46, 12.0, 10.43, 12.0, 16.19, 12.0, 14.69]
a: [121.38, 143.11, 125.23, 60.8, 135.18, 50.0, 122.32, 50.0, 148.05, 50.0, 50.0, 94.77, 150.11, 129.34]
d: [3.5, 3.5, 3.5, 3.5, 3.5, 3.5, 3.5, 3.5, 3.5, 3.5, 3.5, 3.5, 3.5, 2.0]
LOSE: random_idx_1 = 2, random_idx_2 = 0
LOSE: random_idx_1 = 1, random_idx_2 = 1

iteration: 42
best: [6.08, 7.51, 9.87, 12.63, 15.88, 20.23, 38.7, 42.37, 44.23, 46.63, 48.26, 50.51, 52.57, 53.89]
time: [6.15, 7.57, 9.88, 16.24, 24.1, 28.53, 47.68, 52.09, 54.05, 1000, 1000, 1000, 1000, 1000]
current_hyper_parameter
v: [12.0, 32.66, 25.52, 34.96, 12.0, 17.86, 12.0, 23.46, 12.0, 10.43, 12.0, 16.19, 12.0, 14.69]
a: [121.38, 136.62, 125.23, 60.8, 135.18, 50.0, 122.32, 50.0, 148.05, 50.0, 50.0, 94.77, 150.11, 129.34]
d: [3.5, 3.5, 3.5, 3.5, 3.5, 3.5, 3.5, 3.5, 3.5, 3.5, 3.5, 3.5, 3.5, 2.0]
BEST_hyper_parameter
v: [12.0, 32.66, 25.52, 34.96, 12.0, 17.86, 12.0, 23.46, 12.0, 10.43, 12.0, 16.19, 12.0, 14.69]
a: [121.38, 143.11, 125.23, 60.8, 135.18, 50.0, 122.32, 50.0, 148.05, 50.0, 50.0, 94.77, 150.11, 129.34]
d: [3.5, 3.5, 3.5, 3.5, 3.5, 3.5, 3.5, 3.5, 3.5, 3.5, 3.5, 3.5, 3.5, 2.0]
LOSE: random_idx_1 = 2, random_idx_2 = 12
LOSE: random_idx_1 = 1, random_idx_2 = 7

iteration: 43
best: [6.08, 7.51, 9.87, 12.63, 15.88, 20.23, 38.7, 42.37, 44.23, 46.63, 48.26, 50.51, 52.57, 53.89]
time: [6.13, 7.56, 9.93, 12.7, 15.96, 20.44, 47.75, 1000, 1000, 1000, 1000, 1000, 1000, 1000]
current_hyper_parameter
v: [12.0, 32.66, 25.52, 34.96, 12.0, 17.86, 12.0, 23.46, 12.0, 10.43, 12.0, 16.19, 12.0, 14.69]
a: [121.38, 143.11, 125.23, 60.8, 135.18, 50.0, 122.32, 89.93, 148.05, 50.0, 50.0, 94.77, 150.11, 129.34]
d: [3.5, 3.5, 3.5, 3.5, 3.5, 3.5, 3.5, 3.5, 3.5, 3.5, 3.5, 3.5, 3.5, 2.0]
BEST_hyper_parameter
v: [12.0, 32.66, 25.52, 34.96, 12.0, 17.86, 12.0, 23.46, 12.0, 10.43, 12.0, 16.19, 12.0, 14.69]
a: [121.38, 143.11, 125.23, 60.8, 135.18, 50.0, 122.32, 50.0, 148.05, 50.0, 50.0, 94.77, 150.11, 129.34]
d: [3.5, 3.5, 3.5, 3.5, 3.5, 3.5, 3.5, 3.5, 3.5, 3.5, 3.5, 3.5, 3.5, 2.0]
LOSE: random_idx_1 = 0, random_idx_2 = 1
LOSE: random_idx_1 = 2, random_idx_2 = 11

iteration: 44
best: [6.08, 7.51, 9.87, 12.63, 15.88, 20.23, 38.7, 42.37, 44.23, 46.63, 48.26, 50.51, 52.57, 53.89]
time: [6.13, 7.53, 9.86, 12.65, 15.88, 20.23, 38.76, 43.41, 45.28, 47.6, 49.28, 51.47, 53.57, 1000]
current_hyper_parameter
v: [12.0, 34.14, 25.52, 34.96, 12.0, 17.86, 12.0, 23.46, 12.0, 10.43, 12.0, 16.19, 12.0, 14.69]
a: [121.38, 143.11, 125.23, 60.8, 135.18, 50.0, 122.32, 50.0, 148.05, 50.0, 50.0, 94.77, 150.11, 129.34]
d: [3.5, 3.5, 3.5, 3.5, 3.5, 3.5, 3.5, 3.5, 3.5, 3.5, 3.5, 3.5, 3.5, 2.0]
BEST_hyper_parameter
v: [12.0, 32.66, 25.52, 34.96, 12.0, 17.86, 12.0, 23.46, 12.0, 10.43, 12.0, 16.19, 12.0, 14.69]
a: [121.38, 143.11, 125.23, 60.8, 135.18, 50.0, 122.32, 50.0, 148.05, 50.0, 50.0, 94.77, 150.11, 129.34]
d: [3.5, 3.5, 3.5, 3.5, 3.5, 3.5, 3.5, 3.5, 3.5, 3.5, 3.5, 3.5, 3.5, 2.0]
LOSE: random_idx_1 = 0, random_idx_2 = 7
LOSE: random_idx_1 = 1, random_idx_2 = 10

iteration: 45
best: [6.08, 7.51, 9.87, 12.63, 15.88, 20.23, 38.7, 42.37, 44.23, 46.63, 48.26, 50.51, 52.57, 53.89]
time: [6.15, 7.57, 9.91, 1000, 1000, 1000, 1000, 1000, 1000, 1000, 1000, 1000, 1000, 1000]
current_hyper_parameter
v: [12.0, 32.66, 25.52, 34.96, 12.0, 17.86, 12.0, 31.4, 12.0, 10.43, 12.0, 16.19, 12.0, 14.69]
a: [121.38, 143.11, 125.23, 60.8, 135.18, 50.0, 122.32, 50.0, 148.05, 50.0, 110.85, 94.77, 150.11, 129.34]
d: [3.5, 3.5, 3.5, 3.5, 3.5, 3.5, 3.5, 3.5, 3.5, 3.5, 3.5, 3.5, 3.5, 2.0]
BEST_hyper_parameter
v: [12.0, 32.66, 25.52, 34.96, 12.0, 17.86, 12.0, 23.46, 12.0, 10.43, 12.0, 16.19, 12.0, 14.69]
a: [121.38, 143.11, 125.23, 60.8, 135.18, 50.0, 122.32, 50.0, 148.05, 50.0, 50.0, 94.77, 150.11, 129.34]
d: [3.5, 3.5, 3.5, 3.5, 3.5, 3.5, 3.5, 3.5, 3.5, 3.5, 3.5, 3.5, 3.5, 2.0]
LOSE: random_idx_1 = 0, random_idx_2 = 2
LOSE: random_idx_1 = 0, random_idx_2 = 7

iteration: 46
best: [6.08, 7.51, 9.87, 12.63, 15.88, 20.23, 38.7, 42.37, 44.23, 46.63, 48.26, 50.51, 52.57, 53.89]
time: [6.06, 7.5, 10.23, 13.19, 27.68, 1000, 1000, 1000, 1000, 1000, 1000, 1000, 1000, 1000]
current_hyper_parameter
v: [12.0, 32.66, 15.0, 34.96, 12.0, 17.86, 12.0, 27.11, 12.0, 10.43, 12.0, 16.19, 12.0, 14.69]
a: [121.38, 143.11, 125.23, 60.8, 135.18, 50.0, 122.32, 50.0, 148.05, 50.0, 50.0, 94.77, 150.11, 129.34]
d: [3.5, 3.5, 3.5, 3.5, 3.5, 3.5, 3.5, 3.5, 3.5, 3.5, 3.5, 3.5, 3.5, 2.0]
BEST_hyper_parameter
v: [12.0, 32.66, 25.52, 34.96, 12.0, 17.86, 12.0, 23.46, 12.0, 10.43, 12.0, 16.19, 12.0, 14.69]
a: [121.38, 143.11, 125.23, 60.8, 135.18, 50.0, 122.32, 50.0, 148.05, 50.0, 50.0, 94.77, 150.11, 129.34]
d: [3.5, 3.5, 3.5, 3.5, 3.5, 3.5, 3.5, 3.5, 3.5, 3.5, 3.5, 3.5, 3.5, 2.0]
LOSE: random_idx_1 = 0, random_idx_2 = 10
LOSE: random_idx_1 = 1, random_idx_2 = 8

iteration: 47
best: [6.08, 7.51, 9.87, 12.63, 15.88, 20.23, 38.7, 42.37, 44.23, 46.63, 48.26, 50.51, 52.57, 53.89]
time: [6.14, 7.54, 9.9, 16.29, 19.92, 24.3, 42.95, 46.55, 48.49, 51.25, 53.5, 1000, 1000, 1000]
current_hyper_parameter
v: [12.0, 32.66, 25.52, 34.96, 12.0, 17.86, 12.0, 23.46, 12.0, 10.43, 13.21, 16.19, 12.0, 14.69]
a: [121.38, 143.11, 125.23, 60.8, 135.18, 50.0, 122.32, 50.0, 100.38, 50.0, 50.0, 94.77, 150.11, 129.34]
d: [3.5, 3.5, 3.5, 3.5, 3.5, 3.5, 3.5, 3.5, 3.5, 3.5, 3.5, 3.5, 3.5, 2.0]
BEST_hyper_parameter
v: [12.0, 32.66, 25.52, 34.96, 12.0, 17.86, 12.0, 23.46, 12.0, 10.43, 12.0, 16.19, 12.0, 14.69]
a: [121.38, 143.11, 125.23, 60.8, 135.18, 50.0, 122.32, 50.0, 148.05, 50.0, 50.0, 94.77, 150.11, 129.34]
d: [3.5, 3.5, 3.5, 3.5, 3.5, 3.5, 3.5, 3.5, 3.5, 3.5, 3.5, 3.5, 3.5, 2.0]
LOSE: random_idx_1 = 0, random_idx_2 = 0
LOSE: random_idx_1 = 1, random_idx_2 = 3

iteration: 48
best: [6.08, 7.51, 9.87, 12.63, 15.88, 20.23, 38.7, 42.37, 44.23, 46.63, 48.26, 50.51, 52.57, 53.89]
time: [5.85, 7.19, 9.8, 12.36, 15.19, 19.68, 38.34, 42.17, 44.12, 1000, 1000, 1000, 1000, 1000]
current_hyper_parameter
v: [18.8, 32.66, 25.52, 34.96, 12.0, 17.86, 12.0, 23.46, 12.0, 10.43, 12.0, 16.19, 12.0, 14.69]
a: [121.38, 143.11, 125.23, 82.08, 135.18, 50.0, 122.32, 50.0, 148.05, 50.0, 50.0, 94.77, 150.11, 129.34]
d: [3.5, 3.5, 3.5, 3.5, 3.5, 3.5, 3.5, 3.5, 3.5, 3.5, 3.5, 3.5, 3.5, 2.0]
BEST_hyper_parameter
v: [12.0, 32.66, 25.52, 34.96, 12.0, 17.86, 12.0, 23.46, 12.0, 10.43, 12.0, 16.19, 12.0, 14.69]
a: [121.38, 143.11, 125.23, 60.8, 135.18, 50.0, 122.32, 50.0, 148.05, 50.0, 50.0, 94.77, 150.11, 129.34]
d: [3.5, 3.5, 3.5, 3.5, 3.5, 3.5, 3.5, 3.5, 3.5, 3.5, 3.5, 3.5, 3.5, 2.0]
LOSE: random_idx_1 = 0, random_idx_2 = 7
LOSE: random_idx_1 = 0, random_idx_2 = 7

iteration: 49
best: [5.85, 7.19, 9.8, 12.36, 15.19, 19.68, 38.7, 42.37, 44.23, 46.63, 48.26, 50.51, 52.57, 53.89]
time: [5.87, 7.22, 9.79, 15.15, 21.62, 26.3, 45.28, 48.79, 50.7, 54.16, 56.17, 1000, 1000, 1000]
current_hyper_parameter
v: [18.8, 32.66, 25.52, 34.96, 12.0, 17.86, 12.0, 27.21, 12.0, 10.43, 12.0, 16.19, 12.0, 14.69]
a: [121.38, 143.11, 125.23, 82.08, 135.18, 50.0, 122.32, 50.0, 148.05, 50.0, 50.0, 94.77, 150.11, 129.34]
d: [3.5, 3.5, 3.5, 3.5, 3.5, 3.5, 3.5, 3.5, 3.5, 3.5, 3.5, 3.5, 3.5, 2.0]
BEST_hyper_parameter
v: [18.8, 32.66, 25.52, 34.96, 12.0, 17.86, 12.0, 23.46, 12.0, 10.43, 12.0, 16.19, 12.0, 14.69]
a: [121.38, 143.11, 125.23, 82.08, 135.18, 50.0, 122.32, 50.0, 148.05, 50.0, 50.0, 94.77, 150.11, 129.34]
d: [3.5, 3.5, 3.5, 3.5, 3.5, 3.5, 3.5, 3.5, 3.5, 3.5, 3.5, 3.5, 3.5, 2.0]
LOSE: random_idx_1 = 0, random_idx_2 = 6
LOSE: random_idx_1 = 1, random_idx_2 = 1

iteration: 50
best: [5.85, 7.19, 9.8, 12.36, 15.19, 19.68, 38.7, 42.37, 44.23, 46.63, 48.26, 50.51, 52.57, 53.89]
time: [5.86, 7.57, 10.28, 12.66, 16.07, 20.17, 41.32, 45.07, 47.03, 49.47, 52.06, 54.02, 55.89, 1000]
current_hyper_parameter
v: [18.8, 32.66, 25.52, 34.96, 12.0, 17.86, 10.52, 23.46, 12.0, 10.43, 12.0, 16.19, 12.0, 14.69]
a: [121.38, 56.57, 125.23, 82.08, 135.18, 50.0, 122.32, 50.0, 148.05, 50.0, 50.0, 94.77, 150.11, 129.34]
d: [3.5, 3.5, 3.5, 3.5, 3.5, 3.5, 3.5, 3.5, 3.5, 3.5, 3.5, 3.5, 3.5, 2.0]
BEST_hyper_parameter
v: [18.8, 32.66, 25.52, 34.96, 12.0, 17.86, 12.0, 23.46, 12.0, 10.43, 12.0, 16.19, 12.0, 14.69]
a: [121.38, 143.11, 125.23, 82.08, 135.18, 50.0, 122.32, 50.0, 148.05, 50.0, 50.0, 94.77, 150.11, 129.34]
d: [3.5, 3.5, 3.5, 3.5, 3.5, 3.5, 3.5, 3.5, 3.5, 3.5, 3.5, 3.5, 3.5, 2.0]
LOSE: random_idx_1 = 1, random_idx_2 = 8
LOSE: random_idx_1 = 0, random_idx_2 = 7

iteration: 51
best: [5.85, 7.19, 9.8, 12.36, 15.19, 19.68, 38.7, 42.37, 44.23, 46.63, 48.26, 50.51, 52.57, 53.89]
time: [5.84, 7.26, 9.92, 15.49, 23.02, 27.99, 47.28, 50.92, 52.76, 55.07, 1000, 1000, 1000, 1000]
current_hyper_parameter
v: [18.8, 32.66, 25.52, 34.96, 12.0, 17.86, 12.0, 32.0, 12.0, 10.43, 12.0, 16.19, 12.0, 14.69]
a: [121.38, 143.11, 125.23, 82.08, 135.18, 50.0, 122.32, 50.0, 159.02, 50.0, 50.0, 94.77, 150.11, 129.34]
d: [3.5, 3.5, 3.5, 3.5, 3.5, 3.5, 3.5, 3.5, 3.5, 3.5, 3.5, 3.5, 3.5, 2.0]
BEST_hyper_parameter
v: [18.8, 32.66, 25.52, 34.96, 12.0, 17.86, 12.0, 23.46, 12.0, 10.43, 12.0, 16.19, 12.0, 14.69]
a: [121.38, 143.11, 125.23, 82.08, 135.18, 50.0, 122.32, 50.0, 148.05, 50.0, 50.0, 94.77, 150.11, 129.34]
d: [3.5, 3.5, 3.5, 3.5, 3.5, 3.5, 3.5, 3.5, 3.5, 3.5, 3.5, 3.5, 3.5, 2.0]
LOSE: random_idx_1 = 0, random_idx_2 = 8
LOSE: random_idx_1 = 0, random_idx_2 = 12

iteration: 52
best: [5.85, 7.19, 9.8, 12.36, 15.19, 19.68, 38.7, 42.37, 44.23, 46.63, 48.26, 50.51, 52.57, 53.89]
time: [5.87, 7.22, 9.74, 12.08, 21.33, 28.61, 48.15, 51.67, 53.5, 1000, 1000, 1000, 1000, 1000]
current_hyper_parameter
v: [18.8, 32.66, 25.52, 34.96, 12.0, 17.86, 12.0, 23.46, 12.92, 10.43, 12.0, 16.19, 34.33, 14.69]
a: [121.38, 143.11, 125.23, 82.08, 135.18, 50.0, 122.32, 50.0, 148.05, 50.0, 50.0, 94.77, 150.11, 129.34]
d: [3.5, 3.5, 3.5, 3.5, 3.5, 3.5, 3.5, 3.5, 3.5, 3.5, 3.5, 3.5, 3.5, 2.0]
BEST_hyper_parameter
v: [18.8, 32.66, 25.52, 34.96, 12.0, 17.86, 12.0, 23.46, 12.0, 10.43, 12.0, 16.19, 12.0, 14.69]
a: [121.38, 143.11, 125.23, 82.08, 135.18, 50.0, 122.32, 50.0, 148.05, 50.0, 50.0, 94.77, 150.11, 129.34]
d: [3.5, 3.5, 3.5, 3.5, 3.5, 3.5, 3.5, 3.5, 3.5, 3.5, 3.5, 3.5, 3.5, 2.0]
LOSE: random_idx_1 = 0, random_idx_2 = 12
LOSE: random_idx_1 = 0, random_idx_2 = 0

iteration: 53
best: [5.85, 7.19, 9.8, 12.36, 15.19, 19.68, 38.7, 42.37, 44.23, 46.63, 48.26, 50.51, 52.57, 53.89]
time: [5.72, 6.96, 9.31, 11.83, 42.05, 46.42, 1000, 1000, 1000, 1000, 1000, 1000, 1000, 1000]
current_hyper_parameter
v: [32.71, 32.66, 25.52, 34.96, 12.0, 17.86, 12.0, 23.46, 12.0, 10.43, 12.0, 16.19, 22.08, 14.69]
a: [121.38, 143.11, 125.23, 82.08, 135.18, 50.0, 122.32, 50.0, 148.05, 50.0, 50.0, 94.77, 150.11, 129.34]
d: [3.5, 3.5, 3.5, 3.5, 3.5, 3.5, 3.5, 3.5, 3.5, 3.5, 3.5, 3.5, 3.5, 2.0]
BEST_hyper_parameter
v: [18.8, 32.66, 25.52, 34.96, 12.0, 17.86, 12.0, 23.46, 12.0, 10.43, 12.0, 16.19, 12.0, 14.69]
a: [121.38, 143.11, 125.23, 82.08, 135.18, 50.0, 122.32, 50.0, 148.05, 50.0, 50.0, 94.77, 150.11, 129.34]
d: [3.5, 3.5, 3.5, 3.5, 3.5, 3.5, 3.5, 3.5, 3.5, 3.5, 3.5, 3.5, 3.5, 2.0]
LOSE: random_idx_1 = 1, random_idx_2 = 6
LOSE: random_idx_1 = 1, random_idx_2 = 9

iteration: 54
best: [5.72, 6.96, 9.31, 11.83, 15.19, 19.68, 38.7, 42.37, 44.23, 46.63, 48.26, 50.51, 52.57, 53.89]
time: [5.77, 7.0, 9.39, 11.89, 1000, 1000, 1000, 1000, 1000, 1000, 1000, 1000, 1000, 1000]
current_hyper_parameter
v: [32.71, 32.66, 25.52, 34.96, 12.0, 17.86, 12.0, 23.46, 12.0, 10.43, 12.0, 16.19, 12.0, 14.69]
a: [121.38, 143.11, 125.23, 82.08, 135.18, 50.0, 83.94, 50.0, 148.05, 100.17, 50.0, 94.77, 150.11, 129.34]
d: [3.5, 3.5, 3.5, 3.5, 3.5, 3.5, 3.5, 3.5, 3.5, 3.5, 3.5, 3.5, 3.5, 2.0]
BEST_hyper_parameter
v: [32.71, 32.66, 25.52, 34.96, 12.0, 17.86, 12.0, 23.46, 12.0, 10.43, 12.0, 16.19, 12.0, 14.69]
a: [121.38, 143.11, 125.23, 82.08, 135.18, 50.0, 122.32, 50.0, 148.05, 50.0, 50.0, 94.77, 150.11, 129.34]
d: [3.5, 3.5, 3.5, 3.5, 3.5, 3.5, 3.5, 3.5, 3.5, 3.5, 3.5, 3.5, 3.5, 2.0]
LOSE: random_idx_1 = 1, random_idx_2 = 2
LOSE: random_idx_1 = 2, random_idx_2 = 4

iteration: 55
best: [5.72, 6.96, 9.31, 11.83, 15.19, 19.68, 38.7, 42.37, 44.23, 46.63, 48.26, 50.51, 52.57, 53.89]
time: [5.72, 7.07, 9.42, 12.06, 15.21, 19.73, 38.42, 42.27, 44.22, 46.85, 48.85, 50.88, 53.02, 54.19]
current_hyper_parameter
v: [32.71, 32.66, 25.52, 34.96, 12.0, 17.86, 12.0, 23.46, 12.0, 10.43, 12.0, 16.19, 12.0, 14.69]
a: [121.38, 143.11, 105.0, 82.08, 135.18, 50.0, 122.32, 50.0, 148.05, 50.0, 50.0, 94.77, 150.11, 129.34]
d: [3.5, 3.5, 3.5, 3.5, 3.5, 3.5, 3.5, 3.5, 3.5, 3.5, 3.5, 3.5, 3.5, 2.0]
BEST_hyper_parameter
v: [32.71, 32.66, 25.52, 34.96, 12.0, 17.86, 12.0, 23.46, 12.0, 10.43, 12.0, 16.19, 12.0, 14.69]
a: [121.38, 143.11, 125.23, 82.08, 135.18, 50.0, 122.32, 50.0, 148.05, 50.0, 50.0, 94.77, 150.11, 129.34]
d: [3.5, 3.5, 3.5, 3.5, 3.5, 3.5, 3.5, 3.5, 3.5, 3.5, 3.5, 3.5, 3.5, 2.0]
LOSE: random_idx_1 = 0, random_idx_2 = 12
LOSE: random_idx_1 = 1, random_idx_2 = 7

iteration: 56
best: [5.72, 6.96, 9.31, 11.83, 15.19, 19.68, 38.7, 42.37, 44.23, 46.63, 48.26, 50.51, 52.57, 53.89]
time: [5.79, 7.13, 9.44, 15.18, 20.49, 24.85, 43.58, 49.31, 1000, 1000, 1000, 1000, 1000, 1000]
current_hyper_parameter
v: [32.71, 32.66, 25.52, 34.96, 12.0, 17.86, 12.0, 23.46, 12.0, 10.43, 12.0, 16.19, 21.45, 14.69]
a: [121.38, 143.11, 125.23, 82.08, 135.18, 50.0, 122.32, 149.62, 148.05, 50.0, 50.0, 94.77, 150.11, 129.34]
d: [3.5, 3.5, 3.5, 3.5, 3.5, 3.5, 3.5, 3.5, 3.5, 3.5, 3.5, 3.5, 3.5, 2.0]
BEST_hyper_parameter
v: [32.71, 32.66, 25.52, 34.96, 12.0, 17.86, 12.0, 23.46, 12.0, 10.43, 12.0, 16.19, 12.0, 14.69]
a: [121.38, 143.11, 125.23, 82.08, 135.18, 50.0, 122.32, 50.0, 148.05, 50.0, 50.0, 94.77, 150.11, 129.34]
d: [3.5, 3.5, 3.5, 3.5, 3.5, 3.5, 3.5, 3.5, 3.5, 3.5, 3.5, 3.5, 3.5, 2.0]
LOSE: random_idx_1 = 1, random_idx_2 = 10
LOSE: random_idx_1 = 1, random_idx_2 = 9

iteration: 57
best: [5.72, 6.96, 9.31, 11.83, 15.19, 19.68, 38.7, 42.37, 44.23, 46.63, 48.26, 50.51, 52.57, 53.89]
time: [5.73, 7.08, 9.39, 12.02, 24.9, 32.36, 52.24, 1000, 1000, 1000, 1000, 1000, 1000, 1000]
current_hyper_parameter
v: [32.71, 32.66, 25.52, 34.96, 12.0, 17.86, 12.0, 23.46, 12.0, 10.43, 12.0, 16.19, 12.0, 14.69]
a: [121.38, 143.11, 125.23, 82.08, 135.18, 50.0, 122.32, 50.0, 148.05, 88.16, 86.03, 94.77, 150.11, 129.34]
d: [3.5, 3.5, 3.5, 3.5, 3.5, 3.5, 3.5, 3.5, 3.5, 3.5, 3.5, 3.5, 3.5, 2.0]
BEST_hyper_parameter
v: [32.71, 32.66, 25.52, 34.96, 12.0, 17.86, 12.0, 23.46, 12.0, 10.43, 12.0, 16.19, 12.0, 14.69]
a: [121.38, 143.11, 125.23, 82.08, 135.18, 50.0, 122.32, 50.0, 148.05, 50.0, 50.0, 94.77, 150.11, 129.34]
d: [3.5, 3.5, 3.5, 3.5, 3.5, 3.5, 3.5, 3.5, 3.5, 3.5, 3.5, 3.5, 3.5, 2.0]
LOSE: random_idx_1 = 2, random_idx_2 = 8
LOSE: random_idx_1 = 0, random_idx_2 = 2

iteration: 58
best: [5.72, 6.96, 9.31, 11.83, 15.19, 19.68, 38.7, 42.37, 44.23, 46.63, 48.26, 50.51, 52.57, 53.89]
time: [5.72, 7.11, 9.5, 12.13, 18.27, 22.46, 41.34, 44.93, 46.85, 52.26, 54.35, 55.92, 1000, 1000]
current_hyper_parameter
v: [32.71, 32.66, 21.08, 34.96, 12.0, 17.86, 12.0, 23.46, 12.0, 10.43, 12.0, 16.19, 12.0, 14.69]
a: [121.38, 143.11, 125.23, 82.08, 135.18, 50.0, 122.32, 50.0, 148.05, 50.0, 50.0, 94.77, 150.11, 129.34]
d: [3.5, 3.5, 3.5, 3.5, 3.5, 3.5, 3.5, 3.5, 3.5, 3.5, 3.5, 3.5, 3.5, 2.0]
BEST_hyper_parameter
v: [32.71, 32.66, 25.52, 34.96, 12.0, 17.86, 12.0, 23.46, 12.0, 10.43, 12.0, 16.19, 12.0, 14.69]
a: [121.38, 143.11, 125.23, 82.08, 135.18, 50.0, 122.32, 50.0, 148.05, 50.0, 50.0, 94.77, 150.11, 129.34]
d: [3.5, 3.5, 3.5, 3.5, 3.5, 3.5, 3.5, 3.5, 3.5, 3.5, 3.5, 3.5, 3.5, 2.0]
LOSE: random_idx_1 = 0, random_idx_2 = 7
LOSE: random_idx_1 = 0, random_idx_2 = 0

iteration: 59
best: [5.72, 6.96, 9.31, 11.83, 15.19, 19.68, 38.7, 42.37, 44.23, 46.63, 48.26, 50.51, 52.57, 53.89]
time: [5.94, 7.37, 9.84, 15.51, 26.92, 31.48, 50.68, 1000, 1000, 1000, 1000, 1000, 1000, 1000]
current_hyper_parameter
v: [14.06, 32.66, 25.52, 34.96, 12.0, 17.86, 12.0, 16.06, 12.0, 10.43, 12.0, 16.19, 12.0, 14.69]
a: [121.38, 143.11, 125.23, 82.08, 135.18, 50.0, 122.32, 50.0, 148.05, 50.0, 50.0, 94.77, 150.11, 129.34]
d: [3.5, 3.5, 3.5, 3.5, 3.5, 3.5, 3.5, 3.5, 3.5, 3.5, 3.5, 3.5, 3.5, 2.0]
BEST_hyper_parameter
v: [32.71, 32.66, 25.52, 34.96, 12.0, 17.86, 12.0, 23.46, 12.0, 10.43, 12.0, 16.19, 12.0, 14.69]
a: [121.38, 143.11, 125.23, 82.08, 135.18, 50.0, 122.32, 50.0, 148.05, 50.0, 50.0, 94.77, 150.11, 129.34]
d: [3.5, 3.5, 3.5, 3.5, 3.5, 3.5, 3.5, 3.5, 3.5, 3.5, 3.5, 3.5, 3.5, 2.0]
LOSE: random_idx_1 = 2, random_idx_2 = 4
LOSE: random_idx_1 = 1, random_idx_2 = 9

iteration: 60
best: [5.72, 6.96, 9.31, 11.83, 15.19, 19.68, 38.7, 42.37, 44.23, 46.63, 48.26, 50.51, 52.57, 53.89]
time: [5.73, 7.08, 9.37, 11.77, 14.68, 19.15, 37.82, 42.36, 44.27, 46.49, 53.01, 1000, 1000, 1000]
current_hyper_parameter
v: [32.71, 32.66, 25.52, 34.96, 12.0, 17.86, 12.0, 23.46, 12.0, 10.43, 12.0, 16.19, 12.0, 14.69]
a: [121.38, 143.11, 125.23, 82.08, 135.18, 50.0, 122.32, 50.0, 148.05, 101.62, 50.0, 94.77, 150.11, 129.34]
d: [3.5, 3.5, 3.5, 3.5, 3.5, 3.5, 3.5, 3.5, 3.5, 3.5, 3.5, 3.5, 3.5, 2.0]
BEST_hyper_parameter
v: [32.71, 32.66, 25.52, 34.96, 12.0, 17.86, 12.0, 23.46, 12.0, 10.43, 12.0, 16.19, 12.0, 14.69]
a: [121.38, 143.11, 125.23, 82.08, 135.18, 50.0, 122.32, 50.0, 148.05, 50.0, 50.0, 94.77, 150.11, 129.34]
d: [3.5, 3.5, 3.5, 3.5, 3.5, 3.5, 3.5, 3.5, 3.5, 3.5, 3.5, 3.5, 3.5, 2.0]
LOSE: random_idx_1 = 2, random_idx_2 = 7
LOSE: random_idx_1 = 0, random_idx_2 = 6

iteration: 61
best: [5.73, 7.08, 9.37, 11.77, 14.68, 19.15, 37.82, 42.37, 44.23, 46.63, 48.26, 50.51, 52.57, 53.89]
time: [5.74, 7.13, 9.79, 12.32, 30.91, 41.36, 50.47, 1000, 1000, 1000, 1000, 1000, 1000, 1000]
current_hyper_parameter
v: [32.71, 32.66, 25.52, 34.96, 12.0, 17.86, 34.87, 23.46, 12.0, 10.43, 12.0, 16.19, 12.0, 14.69]
a: [121.38, 143.11, 125.23, 82.08, 135.18, 50.0, 122.32, 50.0, 148.05, 50.0, 50.0, 94.77, 150.11, 129.34]
d: [3.5, 3.5, 3.5, 3.5, 3.5, 3.5, 3.5, 3.5, 3.5, 3.5, 3.5, 3.5, 3.5, 2.0]
BEST_hyper_parameter
v: [32.71, 32.66, 25.52, 34.96, 12.0, 17.86, 12.0, 23.46, 12.0, 10.43, 12.0, 16.19, 12.0, 14.69]
a: [121.38, 143.11, 125.23, 82.08, 135.18, 50.0, 122.32, 50.0, 148.05, 50.0, 50.0, 94.77, 150.11, 129.34]
d: [3.5, 3.5, 3.5, 3.5, 3.5, 3.5, 3.5, 3.5, 3.5, 3.5, 3.5, 3.5, 3.5, 2.0]
LOSE: random_idx_1 = 0, random_idx_2 = 1
LOSE: random_idx_1 = 2, random_idx_2 = 5

iteration: 62
best: [5.73, 7.08, 9.37, 11.77, 14.68, 19.15, 37.82, 42.37, 44.23, 46.63, 48.26, 50.51, 52.57, 53.89]
time: [5.73, 7.21, 9.98, 12.63, 18.72, 29.17, 48.64, 52.3, 54.23, 1000, 1000, 1000, 1000, 1000]
current_hyper_parameter
v: [32.71, 17.37, 25.52, 34.96, 12.0, 17.86, 12.0, 23.46, 12.0, 10.43, 12.0, 16.19, 12.0, 14.69]
a: [121.38, 143.11, 125.23, 82.08, 135.18, 50.0, 122.32, 50.0, 148.05, 50.0, 50.0, 94.77, 150.11, 129.34]
d: [3.5, 3.5, 3.5, 3.5, 3.5, 3.5, 3.5, 3.5, 3.5, 3.5, 3.5, 3.5, 3.5, 2.0]
BEST_hyper_parameter
v: [32.71, 32.66, 25.52, 34.96, 12.0, 17.86, 12.0, 23.46, 12.0, 10.43, 12.0, 16.19, 12.0, 14.69]
a: [121.38, 143.11, 125.23, 82.08, 135.18, 50.0, 122.32, 50.0, 148.05, 50.0, 50.0, 94.77, 150.11, 129.34]
d: [3.5, 3.5, 3.5, 3.5, 3.5, 3.5, 3.5, 3.5, 3.5, 3.5, 3.5, 3.5, 3.5, 2.0]
LOSE: random_idx_1 = 2, random_idx_2 = 8
LOSE: random_idx_1 = 2, random_idx_2 = 10

iteration: 63
best: [5.73, 7.08, 9.37, 11.77, 14.68, 19.15, 37.82, 42.37, 44.23, 46.63, 48.26, 50.51, 52.57, 53.89]
time: [5.72, 7.08, 9.38, 12.03, 15.18, 19.62, 38.49, 42.15, 44.0, 46.53, 48.55, 50.64, 52.72, 53.85]
current_hyper_parameter
v: [32.71, 32.66, 25.52, 34.96, 12.0, 17.86, 12.0, 23.46, 12.0, 10.43, 12.0, 16.19, 12.0, 14.69]
a: [121.38, 143.11, 125.23, 82.08, 135.18, 50.0, 122.32, 50.0, 148.05, 50.0, 50.0, 94.77, 150.11, 129.34]
d: [3.5, 3.5, 3.5, 3.5, 3.5, 3.5, 3.5, 3.5, 3.5, 3.5, 3.5, 3.5, 3.5, 2.0]
BEST_hyper_parameter
v: [32.71, 32.66, 25.52, 34.96, 12.0, 17.86, 12.0, 23.46, 12.0, 10.43, 12.0, 16.19, 12.0, 14.69]
a: [121.38, 143.11, 125.23, 82.08, 135.18, 50.0, 122.32, 50.0, 148.05, 50.0, 50.0, 94.77, 150.11, 129.34]
d: [3.5, 3.5, 3.5, 3.5, 3.5, 3.5, 3.5, 3.5, 3.5, 3.5, 3.5, 3.5, 3.5, 2.0]
WIN: random_idx_1 = 2, random_idx_2 = 8
WIN: random_idx_1 = 2, random_idx_2 = 8

iteration: 64
best: [5.72, 7.08, 9.38, 12.03, 15.18, 19.62, 38.49, 42.15, 44.0, 46.53, 48.55, 50.64, 52.72, 53.85]
time: [5.7, 6.94, 9.31, 14.99, 22.7, 26.83, 46.32, 50.01, 52.04, 1000, 1000, 1000, 1000, 1000]
current_hyper_parameter
v: [32.71, 32.66, 25.52, 34.96, 12.0, 17.86, 12.0, 23.46, 12.0, 10.43, 12.0, 16.19, 12.0, 14.69]
a: [121.38, 143.11, 125.23, 82.08, 135.18, 50.0, 122.32, 50.0, 148.05, 50.0, 50.0, 94.77, 150.11, 129.34]
d: [3.5, 3.5, 3.5, 3.5, 3.5, 3.5, 3.5, 3.5, 3.5, 3.5, 3.5, 3.5, 3.5, 2.0]
BEST_hyper_parameter
v: [32.71, 32.66, 25.52, 34.96, 12.0, 17.86, 12.0, 23.46, 12.0, 10.43, 12.0, 16.19, 12.0, 14.69]
a: [121.38, 143.11, 125.23, 82.08, 135.18, 50.0, 122.32, 50.0, 148.05, 50.0, 50.0, 94.77, 150.11, 129.34]
d: [3.5, 3.5, 3.5, 3.5, 3.5, 3.5, 3.5, 3.5, 3.5, 3.5, 3.5, 3.5, 3.5, 2.0]
LOSE: random_idx_1 = 1, random_idx_2 = 5
LOSE: random_idx_1 = 0, random_idx_2 = 10

iteration: 65
best: [5.72, 7.08, 9.38, 12.03, 15.18, 19.62, 38.49, 42.15, 44.0, 46.53, 48.55, 50.64, 52.72, 53.85]
time: [5.72, 7.08, 9.36, 15.0, 24.3, 27.54, 45.03, 48.79, 50.87, 53.43, 1000, 1000, 1000, 1000]
current_hyper_parameter
v: [32.71, 32.66, 25.52, 34.96, 12.0, 17.86, 12.0, 23.46, 12.0, 10.43, 21.51, 16.19, 12.0, 14.69]
a: [121.38, 143.11, 125.23, 82.08, 135.18, 108.82, 122.32, 50.0, 148.05, 50.0, 50.0, 94.77, 150.11, 129.34]
d: [3.5, 3.5, 3.5, 3.5, 3.5, 3.5, 3.5, 3.5, 3.5, 3.5, 3.5, 3.5, 3.5, 2.0]
BEST_hyper_parameter
v: [32.71, 32.66, 25.52, 34.96, 12.0, 17.86, 12.0, 23.46, 12.0, 10.43, 12.0, 16.19, 12.0, 14.69]
a: [121.38, 143.11, 125.23, 82.08, 135.18, 50.0, 122.32, 50.0, 148.05, 50.0, 50.0, 94.77, 150.11, 129.34]
d: [3.5, 3.5, 3.5, 3.5, 3.5, 3.5, 3.5, 3.5, 3.5, 3.5, 3.5, 3.5, 3.5, 2.0]
LOSE: random_idx_1 = 2, random_idx_2 = 3
LOSE: random_idx_1 = 2, random_idx_2 = 13

iteration: 66
best: [5.72, 7.08, 9.38, 12.03, 15.18, 19.62, 38.49, 42.15, 44.0, 46.53, 48.55, 50.64, 52.72, 53.85]
time: [5.71, 7.09, 9.38, 14.96, 20.92, 25.33, 43.94, 47.53, 49.43, 51.76, 54.1, 55.68, 1000, 1000]
current_hyper_parameter
v: [32.71, 32.66, 25.52, 34.96, 12.0, 17.86, 12.0, 23.46, 12.0, 10.43, 12.0, 16.19, 12.0, 14.69]
a: [121.38, 143.11, 125.23, 82.08, 135.18, 50.0, 122.32, 50.0, 148.05, 50.0, 50.0, 94.77, 150.11, 129.34]
d: [3.5, 3.5, 3.5, 3.5, 3.5, 3.5, 3.5, 3.5, 3.5, 3.5, 3.5, 3.5, 3.5, 2.0]
BEST_hyper_parameter
v: [32.71, 32.66, 25.52, 34.96, 12.0, 17.86, 12.0, 23.46, 12.0, 10.43, 12.0, 16.19, 12.0, 14.69]
a: [121.38, 143.11, 125.23, 82.08, 135.18, 50.0, 122.32, 50.0, 148.05, 50.0, 50.0, 94.77, 150.11, 129.34]
d: [3.5, 3.5, 3.5, 3.5, 3.5, 3.5, 3.5, 3.5, 3.5, 3.5, 3.5, 3.5, 3.5, 2.0]
LOSE: random_idx_1 = 0, random_idx_2 = 9
LOSE: random_idx_1 = 0, random_idx_2 = 9

iteration: 67
best: [5.72, 7.08, 9.38, 12.03, 15.18, 19.62, 38.49, 42.15, 44.0, 46.53, 48.55, 50.64, 52.72, 53.85]
time: [5.71, 7.09, 9.39, 11.78, 20.66, 24.7, 43.85, 47.44, 49.32, 51.47, 53.51, 1000, 1000, 1000]
current_hyper_parameter
v: [32.71, 32.66, 25.52, 34.96, 12.0, 17.86, 12.0, 23.46, 12.0, 16.64, 12.0, 16.19, 12.0, 14.69]
a: [121.38, 143.11, 125.23, 82.08, 135.18, 50.0, 122.32, 50.0, 148.05, 50.0, 50.0, 94.77, 150.11, 129.34]
d: [3.5, 3.5, 3.5, 3.5, 3.5, 3.5, 3.5, 3.5, 3.5, 3.5, 3.5, 3.5, 3.5, 2.0]
BEST_hyper_parameter
v: [32.71, 32.66, 25.52, 34.96, 12.0, 17.86, 12.0, 23.46, 12.0, 10.43, 12.0, 16.19, 12.0, 14.69]
a: [121.38, 143.11, 125.23, 82.08, 135.18, 50.0, 122.32, 50.0, 148.05, 50.0, 50.0, 94.77, 150.11, 129.34]
d: [3.5, 3.5, 3.5, 3.5, 3.5, 3.5, 3.5, 3.5, 3.5, 3.5, 3.5, 3.5, 3.5, 2.0]
LOSE: random_idx_1 = 2, random_idx_2 = 13
LOSE: random_idx_1 = 1, random_idx_2 = 12

iteration: 68
best: [5.72, 7.08, 9.38, 12.03, 15.18, 19.62, 38.49, 42.15, 44.0, 46.53, 48.55, 50.64, 52.72, 53.85]
time: [5.7, 7.1, 9.42, 12.15, 18.89, 32.24, 51.65, 1000, 1000, 1000, 1000, 1000, 1000, 1000]
current_hyper_parameter
v: [32.71, 32.66, 25.52, 34.96, 12.0, 17.86, 12.0, 23.46, 12.0, 10.43, 12.0, 16.19, 12.0, 14.69]
a: [121.38, 143.11, 125.23, 82.08, 135.18, 50.0, 122.32, 50.0, 148.05, 50.0, 50.0, 94.77, 117.04, 129.34]
d: [3.5, 3.5, 3.5, 3.5, 3.5, 3.5, 3.5, 3.5, 3.5, 3.5, 3.5, 3.5, 3.5, 2.0]
BEST_hyper_parameter
v: [32.71, 32.66, 25.52, 34.96, 12.0, 17.86, 12.0, 23.46, 12.0, 10.43, 12.0, 16.19, 12.0, 14.69]
a: [121.38, 143.11, 125.23, 82.08, 135.18, 50.0, 122.32, 50.0, 148.05, 50.0, 50.0, 94.77, 150.11, 129.34]
d: [3.5, 3.5, 3.5, 3.5, 3.5, 3.5, 3.5, 3.5, 3.5, 3.5, 3.5, 3.5, 3.5, 2.0]
LOSE: random_idx_1 = 2, random_idx_2 = 1
LOSE: random_idx_1 = 2, random_idx_2 = 2

iteration: 69
best: [5.72, 7.08, 9.38, 12.03, 15.18, 19.62, 38.49, 42.15, 44.0, 46.53, 48.55, 50.64, 52.72, 53.85]
time: [5.74, 7.08, 9.38, 12.06, 15.33, 19.49, 38.6, 43.1, 45.09, 1000, 1000, 1000, 1000, 1000]
current_hyper_parameter
v: [32.71, 32.66, 25.52, 34.96, 12.0, 17.86, 12.0, 23.46, 12.0, 10.43, 12.0, 16.19, 12.0, 14.69]
a: [121.38, 143.11, 125.23, 82.08, 135.18, 50.0, 122.32, 50.0, 148.05, 50.0, 50.0, 94.77, 150.11, 129.34]
d: [3.5, 3.5, 3.73, 3.5, 3.5, 3.5, 3.5, 3.5, 3.5, 3.5, 3.5, 3.5, 3.5, 2.0]
BEST_hyper_parameter
v: [32.71, 32.66, 25.52, 34.96, 12.0, 17.86, 12.0, 23.46, 12.0, 10.43, 12.0, 16.19, 12.0, 14.69]
a: [121.38, 143.11, 125.23, 82.08, 135.18, 50.0, 122.32, 50.0, 148.05, 50.0, 50.0, 94.77, 150.11, 129.34]
d: [3.5, 3.5, 3.5, 3.5, 3.5, 3.5, 3.5, 3.5, 3.5, 3.5, 3.5, 3.5, 3.5, 2.0]
LOSE: random_idx_1 = 2, random_idx_2 = 11
LOSE: random_idx_1 = 1, random_idx_2 = 9

iteration: 70
best: [5.72, 7.08, 9.38, 12.03, 15.18, 19.62, 38.49, 42.15, 44.0, 46.53, 48.55, 50.64, 52.72, 53.85]
time: [5.75, 7.1, 9.43, 12.06, 24.02, 28.69, 48.35, 51.86, 53.79, 1000, 1000, 1000, 1000, 1000]
current_hyper_parameter
v: [32.71, 32.66, 25.52, 34.96, 12.0, 17.86, 12.0, 23.46, 12.0, 10.43, 12.0, 16.19, 12.0, 14.69]
a: [121.38, 143.11, 125.23, 82.08, 135.18, 50.0, 122.32, 50.0, 148.05, 159.27, 50.0, 94.77, 150.11, 129.34]
d: [3.5, 3.5, 3.5, 3.5, 3.5, 3.5, 3.5, 3.5, 3.5, 3.5, 3.5, 3.5, 3.5, 2.0]
BEST_hyper_parameter
v: [32.71, 32.66, 25.52, 34.96, 12.0, 17.86, 12.0, 23.46, 12.0, 10.43, 12.0, 16.19, 12.0, 14.69]
a: [121.38, 143.11, 125.23, 82.08, 135.18, 50.0, 122.32, 50.0, 148.05, 50.0, 50.0, 94.77, 150.11, 129.34]
d: [3.5, 3.5, 3.5, 3.5, 3.5, 3.5, 3.5, 3.5, 3.5, 3.5, 3.5, 3.5, 3.5, 2.0]
LOSE: random_idx_1 = 1, random_idx_2 = 10
LOSE: random_idx_1 = 2, random_idx_2 = 1

iteration: 71
best: [5.72, 7.08, 9.38, 12.03, 15.18, 19.62, 38.49, 42.15, 44.0, 46.53, 48.55, 50.64, 52.72, 53.85]
time: [5.73, 7.08, 9.4, 18.85, 25.91, 30.48, 49.61, 54.11, 55.78, 1000, 1000, 1000, 1000, 1000]
current_hyper_parameter
v: [32.71, 32.66, 25.52, 34.96, 12.0, 17.86, 12.0, 23.46, 12.0, 10.43, 12.0, 16.19, 12.0, 14.69]
a: [121.38, 143.11, 125.23, 82.08, 135.18, 50.0, 122.32, 50.0, 148.05, 50.0, 128.06, 94.77, 150.11, 129.34]
d: [3.5, 3.5, 3.5, 3.5, 3.5, 3.5, 3.5, 3.5, 3.5, 3.5, 3.5, 3.5, 3.5, 2.0]
BEST_hyper_parameter
v: [32.71, 32.66, 25.52, 34.96, 12.0, 17.86, 12.0, 23.46, 12.0, 10.43, 12.0, 16.19, 12.0, 14.69]
a: [121.38, 143.11, 125.23, 82.08, 135.18, 50.0, 122.32, 50.0, 148.05, 50.0, 50.0, 94.77, 150.11, 129.34]
d: [3.5, 3.5, 3.5, 3.5, 3.5, 3.5, 3.5, 3.5, 3.5, 3.5, 3.5, 3.5, 3.5, 2.0]
LOSE: random_idx_1 = 1, random_idx_2 = 6
LOSE: random_idx_1 = 2, random_idx_2 = 12

iteration: 72
best: [5.72, 7.08, 9.38, 12.03, 15.18, 19.62, 38.49, 42.15, 44.0, 46.53, 48.55, 50.64, 52.72, 53.85]
time: [5.75, 7.14, 9.8, 1000, 1000, 1000, 1000, 1000, 1000, 1000, 1000, 1000, 1000, 1000]
current_hyper_parameter
v: [32.71, 32.66, 25.52, 34.96, 12.0, 17.86, 12.0, 23.46, 12.0, 10.43, 12.0, 16.19, 12.0, 14.69]
a: [121.38, 143.11, 125.23, 82.08, 135.18, 50.0, 104.37, 50.0, 148.05, 50.0, 50.0, 94.77, 150.11, 129.34]
d: [3.5, 3.5, 3.5, 3.5, 3.5, 3.5, 3.5, 3.5, 3.5, 3.5, 3.5, 3.5, 3.5, 2.0]
BEST_hyper_parameter
v: [32.71, 32.66, 25.52, 34.96, 12.0, 17.86, 12.0, 23.46, 12.0, 10.43, 12.0, 16.19, 12.0, 14.69]
a: [121.38, 143.11, 125.23, 82.08, 135.18, 50.0, 122.32, 50.0, 148.05, 50.0, 50.0, 94.77, 150.11, 129.34]
d: [3.5, 3.5, 3.5, 3.5, 3.5, 3.5, 3.5, 3.5, 3.5, 3.5, 3.5, 3.5, 3.5, 2.0]
LOSE: random_idx_1 = 0, random_idx_2 = 1
LOSE: random_idx_1 = 2, random_idx_2 = 7

iteration: 73
best: [5.72, 7.08, 9.38, 12.03, 15.18, 19.62, 38.49, 42.15, 44.0, 46.53, 48.55, 50.64, 52.72, 53.85]
time: [5.73, 7.05, 9.38, 12.07, 1000, 1000, 1000, 1000, 1000, 1000, 1000, 1000, 1000, 1000]
current_hyper_parameter
v: [32.71, 34.14, 25.52, 34.96, 12.0, 17.86, 12.0, 23.46, 12.0, 10.43, 12.0, 16.19, 12.0, 14.69]
a: [121.38, 143.11, 125.23, 82.08, 135.18, 50.0, 122.32, 50.0, 148.05, 50.0, 50.0, 94.77, 150.11, 129.34]
d: [3.5, 3.5, 3.5, 3.5, 3.5, 3.5, 3.5, 3.5, 3.5, 3.5, 3.5, 3.5, 3.5, 2.0]
BEST_hyper_parameter
v: [32.71, 32.66, 25.52, 34.96, 12.0, 17.86, 12.0, 23.46, 12.0, 10.43, 12.0, 16.19, 12.0, 14.69]
a: [121.38, 143.11, 125.23, 82.08, 135.18, 50.0, 122.32, 50.0, 148.05, 50.0, 50.0, 94.77, 150.11, 129.34]
d: [3.5, 3.5, 3.5, 3.5, 3.5, 3.5, 3.5, 3.5, 3.5, 3.5, 3.5, 3.5, 3.5, 2.0]
LOSE: random_idx_1 = 0, random_idx_2 = 7
LOSE: random_idx_1 = 1, random_idx_2 = 12

iteration: 74
best: [5.72, 7.08, 9.38, 12.03, 15.18, 19.62, 38.49, 42.15, 44.0, 46.53, 48.55, 50.64, 52.72, 53.85]
time: [5.72, 6.98, 9.33, 12.09, 15.23, 19.74, 38.43, 42.96, 44.89, 47.27, 49.31, 51.35, 53.69, 54.9]
current_hyper_parameter
v: [32.71, 32.66, 25.52, 34.96, 12.0, 17.86, 12.0, 32.75, 12.0, 10.43, 12.0, 16.19, 12.0, 14.69]
a: [121.38, 143.11, 125.23, 82.08, 135.18, 50.0, 122.32, 50.0, 148.05, 50.0, 50.0, 94.77, 157.75, 129.34]
d: [3.5, 3.5, 3.5, 3.5, 3.5, 3.5, 3.5, 3.5, 3.5, 3.5, 3.5, 3.5, 3.5, 2.0]
BEST_hyper_parameter
v: [32.71, 32.66, 25.52, 34.96, 12.0, 17.86, 12.0, 23.46, 12.0, 10.43, 12.0, 16.19, 12.0, 14.69]
a: [121.38, 143.11, 125.23, 82.08, 135.18, 50.0, 122.32, 50.0, 148.05, 50.0, 50.0, 94.77, 150.11, 129.34]
d: [3.5, 3.5, 3.5, 3.5, 3.5, 3.5, 3.5, 3.5, 3.5, 3.5, 3.5, 3.5, 3.5, 2.0]
LOSE: random_idx_1 = 2, random_idx_2 = 7
LOSE: random_idx_1 = 1, random_idx_2 = 8

iteration: 75
best: [5.72, 7.08, 9.38, 12.03, 15.18, 19.62, 38.49, 42.15, 44.0, 46.53, 48.55, 50.64, 52.72, 53.85]
time: [5.72, 7.13, 9.68, 12.11, 18.77, 29.71, 49.15, 52.8, 54.71, 1000, 1000, 1000, 1000, 1000]
current_hyper_parameter
v: [32.71, 32.66, 25.52, 34.96, 12.0, 17.86, 12.0, 23.46, 12.0, 10.43, 12.0, 16.19, 12.0, 14.69]
a: [121.38, 143.11, 125.23, 82.08, 135.18, 50.0, 122.32, 50.0, 142.16, 50.0, 50.0, 94.77, 150.11, 129.34]
d: [3.5, 3.5, 3.5, 3.5, 3.5, 3.5, 3.5, 3.5, 3.5, 3.5, 3.5, 3.5, 3.5, 2.0]
BEST_hyper_parameter
v: [32.71, 32.66, 25.52, 34.96, 12.0, 17.86, 12.0, 23.46, 12.0, 10.43, 12.0, 16.19, 12.0, 14.69]
a: [121.38, 143.11, 125.23, 82.08, 135.18, 50.0, 122.32, 50.0, 148.05, 50.0, 50.0, 94.77, 150.11, 129.34]
d: [3.5, 3.5, 3.5, 3.5, 3.5, 3.5, 3.5, 3.5, 3.5, 3.5, 3.5, 3.5, 3.5, 2.0]
LOSE: random_idx_1 = 0, random_idx_2 = 0
LOSE: random_idx_1 = 0, random_idx_2 = 12

iteration: 76
best: [5.72, 7.08, 9.38, 12.03, 15.18, 19.62, 38.49, 42.15, 44.0, 46.53, 48.55, 50.64, 52.72, 53.85]
time: [5.83, 7.18, 9.79, 1000, 1000, 1000, 1000, 1000, 1000, 1000, 1000, 1000, 1000, 1000]
current_hyper_parameter
v: [20.13, 32.66, 25.52, 34.96, 12.0, 17.86, 12.0, 23.46, 12.0, 10.43, 12.0, 16.19, 23.12, 14.69]
a: [121.38, 143.11, 125.23, 82.08, 135.18, 50.0, 122.32, 50.0, 148.05, 50.0, 50.0, 94.77, 150.11, 129.34]
d: [3.5, 3.5, 3.5, 3.5, 3.5, 3.5, 3.5, 3.5, 3.5, 3.5, 3.5, 3.5, 3.5, 2.0]
BEST_hyper_parameter
v: [32.71, 32.66, 25.52, 34.96, 12.0, 17.86, 12.0, 23.46, 12.0, 10.43, 12.0, 16.19, 12.0, 14.69]
a: [121.38, 143.11, 125.23, 82.08, 135.18, 50.0, 122.32, 50.0, 148.05, 50.0, 50.0, 94.77, 150.11, 129.34]
d: [3.5, 3.5, 3.5, 3.5, 3.5, 3.5, 3.5, 3.5, 3.5, 3.5, 3.5, 3.5, 3.5, 2.0]
LOSE: random_idx_1 = 0, random_idx_2 = 5
LOSE: random_idx_1 = 0, random_idx_2 = 0

iteration: 77
best: [5.72, 7.08, 9.38, 12.03, 15.18, 19.62, 38.49, 42.15, 44.0, 46.53, 48.55, 50.64, 52.72, 53.85]
time: [5.89, 7.34, 9.89, 12.63, 18.77, 22.9, 41.71, 45.33, 47.29, 50.09, 52.59, 54.6, 1000, 1000]
current_hyper_parameter
v: [15.34, 32.66, 25.52, 34.96, 12.0, 30.35, 12.0, 23.46, 12.0, 10.43, 12.0, 16.19, 12.0, 14.69]
a: [121.38, 143.11, 125.23, 82.08, 135.18, 50.0, 122.32, 50.0, 148.05, 50.0, 50.0, 94.77, 150.11, 129.34]
d: [3.5, 3.5, 3.5, 3.5, 3.5, 3.5, 3.5, 3.5, 3.5, 3.5, 3.5, 3.5, 3.5, 2.0]
BEST_hyper_parameter
v: [32.71, 32.66, 25.52, 34.96, 12.0, 17.86, 12.0, 23.46, 12.0, 10.43, 12.0, 16.19, 12.0, 14.69]
a: [121.38, 143.11, 125.23, 82.08, 135.18, 50.0, 122.32, 50.0, 148.05, 50.0, 50.0, 94.77, 150.11, 129.34]
d: [3.5, 3.5, 3.5, 3.5, 3.5, 3.5, 3.5, 3.5, 3.5, 3.5, 3.5, 3.5, 3.5, 2.0]
LOSE: random_idx_1 = 0, random_idx_2 = 12
LOSE: random_idx_1 = 0, random_idx_2 = 13

iteration: 78
best: [5.72, 7.08, 9.38, 12.03, 15.18, 19.62, 38.49, 42.15, 44.0, 46.53, 48.55, 50.64, 52.72, 53.85]
time: [5.73, 7.07, 9.35, 11.76, 14.64, 19.12, 37.79, 42.37, 44.31, 49.65, 52.31, 54.3, 1000, 1000]
current_hyper_parameter
v: [32.71, 32.66, 25.52, 34.96, 12.0, 17.86, 12.0, 23.46, 12.0, 10.43, 12.0, 16.19, 15.96, 32.2]
a: [121.38, 143.11, 125.23, 82.08, 135.18, 50.0, 122.32, 50.0, 148.05, 50.0, 50.0, 94.77, 150.11, 129.34]
d: [3.5, 3.5, 3.5, 3.5, 3.5, 3.5, 3.5, 3.5, 3.5, 3.5, 3.5, 3.5, 3.5, 2.0]
BEST_hyper_parameter
v: [32.71, 32.66, 25.52, 34.96, 12.0, 17.86, 12.0, 23.46, 12.0, 10.43, 12.0, 16.19, 12.0, 14.69]
a: [121.38, 143.11, 125.23, 82.08, 135.18, 50.0, 122.32, 50.0, 148.05, 50.0, 50.0, 94.77, 150.11, 129.34]
d: [3.5, 3.5, 3.5, 3.5, 3.5, 3.5, 3.5, 3.5, 3.5, 3.5, 3.5, 3.5, 3.5, 2.0]
LOSE: random_idx_1 = 0, random_idx_2 = 12
LOSE: random_idx_1 = 0, random_idx_2 = 6

iteration: 79
best: [5.73, 7.07, 9.35, 11.76, 14.64, 19.12, 37.79, 42.15, 44.0, 46.53, 48.55, 50.64, 52.72, 53.85]
time: [5.73, 7.08, 9.36, 12.06, 21.48, 30.68, 42.33, 1000, 1000, 1000, 1000, 1000, 1000, 1000]
current_hyper_parameter
v: [32.71, 32.66, 25.52, 34.96, 12.0, 17.86, 22.94, 23.46, 12.0, 10.43, 12.0, 16.19, 28.78, 14.69]
a: [121.38, 143.11, 125.23, 82.08, 135.18, 50.0, 122.32, 50.0, 148.05, 50.0, 50.0, 94.77, 150.11, 129.34]
d: [3.5, 3.5, 3.5, 3.5, 3.5, 3.5, 3.5, 3.5, 3.5, 3.5, 3.5, 3.5, 3.5, 2.0]
BEST_hyper_parameter
v: [32.71, 32.66, 25.52, 34.96, 12.0, 17.86, 12.0, 23.46, 12.0, 10.43, 12.0, 16.19, 12.0, 14.69]
a: [121.38, 143.11, 125.23, 82.08, 135.18, 50.0, 122.32, 50.0, 148.05, 50.0, 50.0, 94.77, 150.11, 129.34]
d: [3.5, 3.5, 3.5, 3.5, 3.5, 3.5, 3.5, 3.5, 3.5, 3.5, 3.5, 3.5, 3.5, 2.0]
LOSE: random_idx_1 = 1, random_idx_2 = 1
LOSE: random_idx_1 = 1, random_idx_2 = 2

iteration: 80
best: [5.73, 7.07, 9.35, 11.76, 14.64, 19.12, 37.79, 42.15, 44.0, 46.53, 48.55, 50.64, 52.72, 53.85]
time: [5.69, 7.08, 9.75, 1000, 1000, 1000, 1000, 1000, 1000, 1000, 1000, 1000, 1000, 1000]
current_hyper_parameter
v: [32.71, 32.66, 25.52, 34.96, 12.0, 17.86, 12.0, 23.46, 12.0, 10.43, 12.0, 16.19, 12.0, 14.69]
a: [121.38, 146.21, 59.11, 82.08, 135.18, 50.0, 122.32, 50.0, 148.05, 50.0, 50.0, 94.77, 150.11, 129.34]
d: [3.5, 3.5, 3.5, 3.5, 3.5, 3.5, 3.5, 3.5, 3.5, 3.5, 3.5, 3.5, 3.5, 2.0]
BEST_hyper_parameter
v: [32.71, 32.66, 25.52, 34.96, 12.0, 17.86, 12.0, 23.46, 12.0, 10.43, 12.0, 16.19, 12.0, 14.69]
a: [121.38, 143.11, 125.23, 82.08, 135.18, 50.0, 122.32, 50.0, 148.05, 50.0, 50.0, 94.77, 150.11, 129.34]
d: [3.5, 3.5, 3.5, 3.5, 3.5, 3.5, 3.5, 3.5, 3.5, 3.5, 3.5, 3.5, 3.5, 2.0]
LOSE: random_idx_1 = 0, random_idx_2 = 12
LOSE: random_idx_1 = 1, random_idx_2 = 1
