
iteration: 1
best: [6.71, 9.17, 13.28, 16.78, 19.54, 23.14, 32.74, 36.15, 38.34, 40.8, 44.41, 47.16, 49.73, 51.51]
time: [6.55, 9.0, 13.02, 16.46, 19.2, 22.67, 32.5, 36.05, 38.1, 40.48, 42.27, 45.26, 47.83, 49.59]
current_hyper_parameter
v: [12.0, 12.0, 16.75, 33.48, 31.69, 21.73, 27.35, 20.85, 12.0, 12.0, 12.0, 17.86, 8.91, 22.26]
a: [50.0, 50.0, 50.0, 50.0, 92.42, 107.17, 118.2, 61.89, 95.81, 50.0, 50.0, 49.33, 153.38, 50.0]
d: [3.5, 3.5, 3.5, 3.5, 3.5, 3.5, 3.5, 3.5, 3.5, 3.5, 3.5, 3.5, 3.5, 2.0]
BEST_hyper_parameter
v: [12.0, 12.0, 16.75, 33.48, 31.69, 21.73, 27.35, 20.85, 12.0, 12.0, 12.0, 17.86, 8.91, 22.26]
a: [50.0, 50.0, 50.0, 50.0, 92.42, 107.17, 118.2, 61.89, 95.81, 50.0, 50.0, 49.33, 153.38, 50.0]
d: [3.5, 3.5, 3.5, 3.5, 3.5, 3.5, 3.5, 3.5, 3.5, 3.5, 3.5, 3.5, 3.5, 2.0]
WIN: random_idx_1 = 1, random_idx_2 = 2
WIN: random_idx_1 = 0, random_idx_2 = 13

iteration: 2
best: [6.55, 9.0, 13.02, 16.46, 19.2, 22.67, 32.5, 36.05, 38.1, 40.48, 42.27, 45.26, 47.83, 49.59]
time: [6.59, 9.07, 12.32, 15.25, 17.99, 21.53, 31.16, 42.19, 48.39, 50.7, 1000, 1000, 1000, 1000]
current_hyper_parameter
v: [12.0, 12.0, 16.75, 33.48, 31.69, 21.73, 27.35, 20.85, 12.0, 12.0, 12.0, 17.86, 8.91, 22.57]
a: [50.0, 50.0, 145.92, 50.0, 92.42, 107.17, 118.2, 61.89, 95.81, 50.0, 50.0, 49.33, 153.38, 50.0]
d: [3.5, 3.5, 3.5, 3.5, 3.5, 3.5, 3.5, 3.5, 3.5, 3.5, 3.5, 3.5, 3.5, 2.0]
BEST_hyper_parameter
v: [12.0, 12.0, 16.75, 33.48, 31.69, 21.73, 27.35, 20.85, 12.0, 12.0, 12.0, 17.86, 8.91, 22.26]
a: [50.0, 50.0, 50.0, 50.0, 92.42, 107.17, 118.2, 61.89, 95.81, 50.0, 50.0, 49.33, 153.38, 50.0]
d: [3.5, 3.5, 3.5, 3.5, 3.5, 3.5, 3.5, 3.5, 3.5, 3.5, 3.5, 3.5, 3.5, 2.0]
LOSE: random_idx_1 = 2, random_idx_2 = 9
LOSE: random_idx_1 = 1, random_idx_2 = 13

iteration: 3
best: [6.59, 9.07, 12.32, 15.25, 17.99, 21.53, 31.16, 36.05, 38.1, 40.48, 42.27, 45.26, 47.83, 49.59]
time: [6.7, 9.17, 12.36, 15.27, 18.01, 21.51, 31.22, 38.21, 40.76, 43.03, 1000, 1000, 1000, 1000]
current_hyper_parameter
v: [12.0, 12.0, 16.75, 33.48, 31.69, 21.73, 27.35, 20.85, 12.0, 12.0, 12.0, 17.86, 8.91, 22.26]
a: [50.0, 50.0, 145.92, 50.0, 92.42, 107.17, 118.2, 61.89, 95.81, 50.0, 50.0, 49.33, 153.38, 78.69]
d: [3.5, 3.5, 3.5, 3.5, 3.5, 3.5, 3.5, 3.5, 3.5, 3.5, 3.5, 3.5, 3.5, 2.0]
BEST_hyper_parameter
v: [12.0, 12.0, 16.75, 33.48, 31.69, 21.73, 27.35, 20.85, 12.0, 12.0, 12.0, 17.86, 8.91, 22.26]
a: [50.0, 50.0, 145.92, 50.0, 92.42, 107.17, 118.2, 61.89, 95.81, 50.0, 50.0, 49.33, 153.38, 50.0]
d: [3.5, 3.5, 3.5, 3.5, 3.5, 3.5, 3.5, 3.5, 3.5, 3.5, 3.5, 3.5, 3.5, 2.0]
LOSE: random_idx_1 = 0, random_idx_2 = 8
LOSE: random_idx_1 = 2, random_idx_2 = 3

iteration: 4
best: [6.59, 9.07, 12.32, 15.25, 17.99, 21.53, 31.16, 36.05, 38.1, 40.48, 42.27, 45.26, 47.83, 49.59]
time: [6.59, 9.05, 12.31, 15.32, 18.02, 21.53, 31.4, 1000, 1000, 1000, 1000, 1000, 1000, 1000]
current_hyper_parameter
v: [12.0, 12.0, 16.75, 33.48, 31.69, 21.73, 27.35, 20.85, 8.85, 12.0, 12.0, 17.86, 8.91, 22.26]
a: [50.0, 50.0, 145.92, 50.0, 92.42, 107.17, 118.2, 61.89, 95.81, 50.0, 50.0, 49.33, 153.38, 50.0]
d: [3.5, 3.5, 3.5, 3.5, 3.5, 3.5, 3.5, 3.5, 3.5, 3.5, 3.5, 3.5, 3.5, 2.0]
BEST_hyper_parameter
v: [12.0, 12.0, 16.75, 33.48, 31.69, 21.73, 27.35, 20.85, 12.0, 12.0, 12.0, 17.86, 8.91, 22.26]
a: [50.0, 50.0, 145.92, 50.0, 92.42, 107.17, 118.2, 61.89, 95.81, 50.0, 50.0, 49.33, 153.38, 50.0]
d: [3.5, 3.5, 3.5, 3.5, 3.5, 3.5, 3.5, 3.5, 3.5, 3.5, 3.5, 3.5, 3.5, 2.0]
LOSE: random_idx_1 = 0, random_idx_2 = 13
LOSE: random_idx_1 = 0, random_idx_2 = 10

iteration: 5
best: [6.59, 9.07, 12.32, 15.25, 17.99, 21.53, 31.16, 36.05, 38.1, 40.48, 42.27, 45.26, 47.83, 49.59]
time: [6.71, 9.17, 12.36, 15.27, 17.95, 21.75, 31.08, 34.65, 36.65, 39.17, 43.78, 46.6, 52.26, 1000]
current_hyper_parameter
v: [12.0, 12.0, 16.75, 33.48, 31.69, 21.73, 27.35, 20.85, 12.0, 12.0, 31.31, 17.86, 8.91, 14.18]
a: [50.0, 50.0, 145.92, 50.0, 92.42, 107.17, 118.2, 61.89, 95.81, 50.0, 50.0, 49.33, 153.38, 50.0]
d: [3.5, 3.5, 3.5, 3.5, 3.5, 3.5, 3.5, 3.5, 3.5, 3.5, 3.5, 3.5, 3.5, 2.0]
BEST_hyper_parameter
v: [12.0, 12.0, 16.75, 33.48, 31.69, 21.73, 27.35, 20.85, 12.0, 12.0, 12.0, 17.86, 8.91, 22.26]
a: [50.0, 50.0, 145.92, 50.0, 92.42, 107.17, 118.2, 61.89, 95.81, 50.0, 50.0, 49.33, 153.38, 50.0]
d: [3.5, 3.5, 3.5, 3.5, 3.5, 3.5, 3.5, 3.5, 3.5, 3.5, 3.5, 3.5, 3.5, 2.0]
LOSE: random_idx_1 = 1, random_idx_2 = 13
LOSE: random_idx_1 = 1, random_idx_2 = 13

iteration: 6
best: [6.71, 9.17, 12.36, 15.27, 17.95, 21.75, 31.08, 34.65, 36.65, 39.17, 42.27, 45.26, 47.83, 49.59]
time: [6.68, 9.16, 12.38, 15.33, 18.05, 21.55, 31.38, 1000, 1000, 1000, 1000, 1000, 1000, 1000]
current_hyper_parameter
v: [12.0, 12.0, 16.75, 33.48, 31.69, 21.73, 27.35, 20.85, 12.0, 12.0, 12.0, 17.86, 8.91, 22.26]
a: [50.0, 50.0, 145.92, 50.0, 92.42, 107.17, 118.2, 61.89, 95.81, 50.0, 50.0, 49.33, 153.38, 112.64]
d: [3.5, 3.5, 3.5, 3.5, 3.5, 3.5, 3.5, 3.5, 3.5, 3.5, 3.5, 3.5, 3.5, 2.0]
BEST_hyper_parameter
v: [12.0, 12.0, 16.75, 33.48, 31.69, 21.73, 27.35, 20.85, 12.0, 12.0, 12.0, 17.86, 8.91, 22.26]
a: [50.0, 50.0, 145.92, 50.0, 92.42, 107.17, 118.2, 61.89, 95.81, 50.0, 50.0, 49.33, 153.38, 50.0]
d: [3.5, 3.5, 3.5, 3.5, 3.5, 3.5, 3.5, 3.5, 3.5, 3.5, 3.5, 3.5, 3.5, 2.0]
LOSE: random_idx_1 = 1, random_idx_2 = 4
LOSE: random_idx_1 = 0, random_idx_2 = 9
