
iteration: 1
best: [5.87, 7.62, 9.59, 12.87, 15.19, 19.15, 29.89, 34.26, 35.88, 37.48, 40.75, 47.87, 51.5, 52.75]
time: [5.77, 7.54, 10.4, 13.11, 15.46, 19.09, 29.34, 32.45, 34.2, 35.78, 1000, 1000, 1000, 1000]
current_hyper_parameter
v: [19.89, 28.32, 21.38, 13.19, 31.52, 28.37, 27.75, 13.95, 26.5, 33.05, 12.43, 16.56, 9.86, 28.28]
a: [118.28, 47.84, 159.48, 55.44, 138.61, 138.36, 64.73, 152.42, 52.71, 115.09, 98.31, 93.75, 50.0, 75.78]
d: [3.5, 4.01, 3.5, 6.04, 3.5, 3.57, 5.84, 4.53, 4.89, 5.37, 4.3, 4.21, 4.0, 2.0]
BEST_hyper_parameter
v: [19.89, 28.32, 21.38, 13.19, 31.52, 28.37, 27.75, 13.95, 26.5, 33.05, 12.43, 16.56, 9.86, 28.28]
a: [118.28, 47.84, 159.48, 55.44, 138.61, 138.36, 64.73, 152.42, 52.71, 115.09, 98.31, 93.75, 50.0, 75.78]
d: [3.5, 4.01, 3.5, 6.04, 3.5, 3.57, 5.84, 4.53, 4.89, 5.37, 4.3, 4.21, 4.0, 2.0]

iteration: 2
best: [5.87, 7.62, 9.59, 12.87, 15.19, 19.15, 29.89, 34.26, 35.88, 37.48, 40.75, 47.87, 51.5, 52.75]
time: [5.8, 7.54, 10.24, 12.92, 1000, 1000, 1000, 1000, 1000, 1000, 1000, 1000, 1000, 1000]
current_hyper_parameter
v: [19.89, 28.32, 21.38, 12.31, 21.28, 25.62, 20.58, 32.05, 13.52, 20.39, 9.84, 26.05, 27.27, 24.03]
a: [118.28, 47.84, 159.48, 50.63, 34.02, 70.27, 25.76, 152.42, 144.8, 142.29, 148.53, 93.75, 128.41, 75.78]
d: [3.5, 4.01, 3.5, 6.04, 5.73, 3.57, 5.22, 4.53, 4.89, 3.6, 4.3, 4.21, 4.0, 2.0]
BEST_hyper_parameter
v: [19.89, 28.32, 21.38, 13.19, 31.52, 28.37, 27.75, 13.95, 26.5, 33.05, 12.43, 16.56, 9.86, 28.28]
a: [118.28, 47.84, 159.48, 55.44, 138.61, 138.36, 64.73, 152.42, 52.71, 115.09, 98.31, 93.75, 50.0, 75.78]
d: [3.5, 4.01, 3.5, 6.04, 3.5, 3.57, 5.84, 4.53, 4.89, 5.37, 4.3, 4.21, 4.0, 2.0]

iteration: 3
best: [5.87, 7.62, 9.59, 12.87, 15.19, 19.15, 29.89, 34.26, 35.88, 37.48, 40.75, 47.87, 51.5, 52.75]
time: [5.86, 7.57, 10.26, 12.82, 15.2, 30.95, 48.97, 52.15, 1000, 1000, 1000, 1000, 1000, 1000]
current_hyper_parameter
v: [19.89, 28.32, 21.38, 29.38, 31.52, 26.13, 21.04, 12.91, 26.5, 11.12, 34.27, 16.56, 12.6, 28.28]
a: [118.28, 47.84, 159.48, 42.51, 138.61, 138.36, 64.73, 121.37, 52.71, 158.32, 119.7, 93.75, 50.66, 75.78]
d: [3.5, 4.01, 3.5, 4.87, 3.5, 4.65, 5.84, 3.81, 4.89, 5.26, 6.04, 4.21, 6.02, 2.0]
BEST_hyper_parameter
v: [19.89, 28.32, 21.38, 13.19, 31.52, 28.37, 27.75, 13.95, 26.5, 33.05, 12.43, 16.56, 9.86, 28.28]
a: [118.28, 47.84, 159.48, 55.44, 138.61, 138.36, 64.73, 152.42, 52.71, 115.09, 98.31, 93.75, 50.0, 75.78]
d: [3.5, 4.01, 3.5, 6.04, 3.5, 3.57, 5.84, 4.53, 4.89, 5.37, 4.3, 4.21, 4.0, 2.0]

iteration: 4
best: [5.87, 7.62, 9.59, 12.87, 15.19, 19.15, 29.89, 34.26, 35.88, 37.48, 40.75, 47.87, 51.5, 52.75]
time: [5.86, 7.58, 11.18, 1000, 1000, 1000, 1000, 1000, 1000, 1000, 1000, 1000, 1000, 1000]
current_hyper_parameter
v: [19.89, 28.32, 25.09, 21.91, 21.11, 30.34, 27.75, 10.72, 18.29, 28.0, 31.03, 9.53, 12.8, 34.09]
a: [118.28, 47.84, 48.48, 128.94, 64.15, 117.14, 64.73, 152.42, 52.71, 130.95, 98.71, 98.45, 50.0, 116.38]
d: [3.5, 4.01, 3.5, 3.92, 4.01, 6.28, 5.84, 6.15, 4.06, 5.37, 4.3, 4.21, 4.0, 2.0]
BEST_hyper_parameter
v: [19.89, 28.32, 21.38, 13.19, 31.52, 28.37, 27.75, 13.95, 26.5, 33.05, 12.43, 16.56, 9.86, 28.28]
a: [118.28, 47.84, 159.48, 55.44, 138.61, 138.36, 64.73, 152.42, 52.71, 115.09, 98.31, 93.75, 50.0, 75.78]
d: [3.5, 4.01, 3.5, 6.04, 3.5, 3.57, 5.84, 4.53, 4.89, 5.37, 4.3, 4.21, 4.0, 2.0]

iteration: 5
best: [5.87, 7.62, 9.59, 12.87, 15.19, 19.15, 29.89, 34.26, 35.88, 37.48, 40.75, 47.87, 51.5, 52.75]
time: [5.88, 7.6, 11.51, 14.98, 20.48, 23.91, 34.54, 37.66, 40.31, 45.0, 1000, 1000, 1000, 1000]
current_hyper_parameter
v: [19.89, 28.32, 9.12, 13.19, 21.25, 18.79, 27.75, 13.95, 10.98, 33.05, 12.43, 12.57, 24.56, 8.54]
a: [118.28, 47.84, 136.88, 55.44, 138.61, 127.71, 64.73, 152.42, 52.71, 115.09, 98.31, 109.73, 104.15, 156.2]
d: [3.5, 4.01, 4.39, 6.04, 3.5, 4.2, 5.84, 4.53, 5.13, 5.37, 4.3, 4.89, 4.49, 2.0]
BEST_hyper_parameter
v: [19.89, 28.32, 21.38, 13.19, 31.52, 28.37, 27.75, 13.95, 26.5, 33.05, 12.43, 16.56, 9.86, 28.28]
a: [118.28, 47.84, 159.48, 55.44, 138.61, 138.36, 64.73, 152.42, 52.71, 115.09, 98.31, 93.75, 50.0, 75.78]
d: [3.5, 4.01, 3.5, 6.04, 3.5, 3.57, 5.84, 4.53, 4.89, 5.37, 4.3, 4.21, 4.0, 2.0]

iteration: 6
best: [5.87, 7.62, 9.59, 12.87, 15.19, 19.15, 29.89, 34.26, 35.88, 37.48, 40.75, 47.87, 51.5, 52.75]
time: [5.91, 7.71, 10.41, 12.9, 18.38, 22.34, 32.9, 36.0, 37.37, 38.72, 1000, 1000, 1000, 1000]
current_hyper_parameter
v: [19.89, 28.32, 21.38, 18.42, 31.52, 21.94, 33.39, 13.95, 30.69, 31.69, 31.57, 16.56, 34.54, 9.82]
a: [118.28, 47.84, 159.48, 156.73, 138.61, 72.01, 70.15, 152.42, 153.13, 91.48, 98.31, 93.75, 83.17, 35.07]
d: [3.5, 4.01, 3.5, 4.72, 3.5, 6.46, 6.31, 4.53, 4.89, 5.37, 6.21, 4.21, 4.0, 2.0]
BEST_hyper_parameter
v: [19.89, 28.32, 21.38, 13.19, 31.52, 28.37, 27.75, 13.95, 26.5, 33.05, 12.43, 16.56, 9.86, 28.28]
a: [118.28, 47.84, 159.48, 55.44, 138.61, 138.36, 64.73, 152.42, 52.71, 115.09, 98.31, 93.75, 50.0, 75.78]
d: [3.5, 4.01, 3.5, 6.04, 3.5, 3.57, 5.84, 4.53, 4.89, 5.37, 4.3, 4.21, 4.0, 2.0]
mutation at idx = 0

iteration: 7
best: [5.87, 7.62, 9.59, 12.87, 15.19, 19.15, 29.89, 34.26, 35.88, 37.48, 40.75, 47.87, 51.5, 52.75]
time: [6.05, 7.98, 12.28, 17.76, 29.22, 42.7, 1000, 1000, 1000, 1000, 1000, 1000, 1000, 1000]
current_hyper_parameter
v: [13.18, 28.32, 24.85, 34.84, 16.91, 28.37, 30.29, 13.95, 26.5, 25.74, 12.43, 26.58, 9.86, 28.28]
a: [149.96, 47.84, 33.53, 121.4, 87.98, 138.36, 23.36, 152.42, 52.71, 125.66, 98.31, 157.05, 50.0, 75.78]
d: [4.27, 4.01, 3.5, 6.04, 6.48, 3.57, 5.84, 4.53, 4.89, 5.37, 4.3, 4.21, 4.0, 2.0]
BEST_hyper_parameter
v: [19.89, 28.32, 21.38, 13.19, 31.52, 28.37, 27.75, 13.95, 26.5, 33.05, 12.43, 16.56, 9.86, 28.28]
a: [118.28, 47.84, 159.48, 55.44, 138.61, 138.36, 64.73, 152.42, 52.71, 115.09, 98.31, 93.75, 50.0, 75.78]
d: [3.5, 4.01, 3.5, 6.04, 3.5, 3.57, 5.84, 4.53, 4.89, 5.37, 4.3, 4.21, 4.0, 2.0]

iteration: 8
best: [5.87, 7.62, 9.59, 12.87, 15.19, 19.15, 29.89, 34.26, 35.88, 37.48, 40.75, 47.87, 51.5, 52.75]
time: [5.86, 7.57, 10.17, 12.84, 1000, 1000, 1000, 1000, 1000, 1000, 1000, 1000, 1000, 1000]
current_hyper_parameter
v: [19.89, 28.32, 25.72, 29.93, 31.14, 20.55, 24.12, 23.06, 17.9, 33.05, 12.43, 22.53, 20.92, 28.75]
a: [118.28, 47.84, 135.0, 51.09, 121.14, 74.2, 63.56, 152.42, 151.0, 115.09, 98.31, 93.75, 34.2, 133.48]
d: [3.5, 4.01, 4.34, 4.63, 5.9, 3.57, 4.7, 5.0, 4.89, 5.37, 4.3, 5.93, 4.0, 2.0]
BEST_hyper_parameter
v: [19.89, 28.32, 21.38, 13.19, 31.52, 28.37, 27.75, 13.95, 26.5, 33.05, 12.43, 16.56, 9.86, 28.28]
a: [118.28, 47.84, 159.48, 55.44, 138.61, 138.36, 64.73, 152.42, 52.71, 115.09, 98.31, 93.75, 50.0, 75.78]
d: [3.5, 4.01, 3.5, 6.04, 3.5, 3.57, 5.84, 4.53, 4.89, 5.37, 4.3, 4.21, 4.0, 2.0]

iteration: 9
best: [5.87, 7.62, 9.59, 12.87, 15.19, 19.15, 29.89, 34.26, 35.88, 37.48, 40.75, 47.87, 51.5, 52.75]
time: [5.86, 7.57, 10.24, 20.31, 37.06, 39.73, 50.31, 52.75, 57.05, 1000, 1000, 1000, 1000, 1000]
current_hyper_parameter
v: [19.89, 28.32, 22.71, 13.19, 8.84, 33.27, 27.75, 27.9, 27.9, 27.03, 13.52, 22.13, 9.86, 28.28]
a: [118.28, 47.84, 143.81, 55.44, 28.33, 138.36, 64.73, 152.42, 148.56, 151.81, 91.07, 93.75, 50.0, 75.78]
d: [3.5, 4.01, 3.5, 6.04, 3.5, 3.57, 5.84, 4.77, 4.89, 5.37, 6.26, 4.21, 4.0, 2.0]
BEST_hyper_parameter
v: [19.89, 28.32, 21.38, 13.19, 31.52, 28.37, 27.75, 13.95, 26.5, 33.05, 12.43, 16.56, 9.86, 28.28]
a: [118.28, 47.84, 159.48, 55.44, 138.61, 138.36, 64.73, 152.42, 52.71, 115.09, 98.31, 93.75, 50.0, 75.78]
d: [3.5, 4.01, 3.5, 6.04, 3.5, 3.57, 5.84, 4.53, 4.89, 5.37, 4.3, 4.21, 4.0, 2.0]

iteration: 10
best: [5.87, 7.62, 9.59, 12.87, 15.19, 19.15, 29.89, 34.26, 35.88, 37.48, 40.75, 47.87, 51.5, 52.75]
time: [5.86, 7.58, 10.69, 13.46, 18.88, 22.18, 32.63, 38.65, 1000, 1000, 1000, 1000, 1000, 1000]
current_hyper_parameter
v: [19.89, 28.32, 15.56, 29.22, 31.52, 28.36, 27.75, 27.85, 26.5, 20.34, 12.43, 33.86, 14.57, 26.91]
a: [118.28, 47.84, 159.48, 55.44, 138.61, 151.99, 64.73, 105.33, 52.71, 115.09, 98.31, 44.1, 137.77, 75.78]
d: [3.5, 4.01, 6.14, 3.61, 3.5, 5.84, 5.84, 4.53, 4.89, 5.37, 4.3, 3.81, 4.0, 2.0]
BEST_hyper_parameter
v: [19.89, 28.32, 21.38, 13.19, 31.52, 28.37, 27.75, 13.95, 26.5, 33.05, 12.43, 16.56, 9.86, 28.28]
a: [118.28, 47.84, 159.48, 55.44, 138.61, 138.36, 64.73, 152.42, 52.71, 115.09, 98.31, 93.75, 50.0, 75.78]
d: [3.5, 4.01, 3.5, 6.04, 3.5, 3.57, 5.84, 4.53, 4.89, 5.37, 4.3, 4.21, 4.0, 2.0]
mutation at idx = 1

iteration: 11
best: [5.87, 7.62, 9.59, 12.87, 15.19, 19.15, 29.89, 34.26, 35.88, 37.48, 40.75, 47.87, 51.5, 52.75]
time: [5.86, 7.33, 9.83, 12.85, 23.01, 25.95, 36.15, 1000, 1000, 1000, 1000, 1000, 1000, 1000]
current_hyper_parameter
v: [19.89, 25.15, 21.38, 17.76, 9.72, 34.0, 26.45, 33.92, 26.5, 10.88, 12.43, 10.41, 24.57, 28.28]
a: [118.28, 104.24, 159.48, 55.44, 55.86, 74.44, 121.95, 40.54, 52.71, 115.54, 98.31, 140.65, 49.94, 75.78]
d: [3.5, 6.31, 3.5, 6.04, 4.02, 3.57, 5.04, 4.53, 4.89, 5.37, 4.3, 3.72, 5.29, 2.0]
BEST_hyper_parameter
v: [19.89, 28.32, 21.38, 13.19, 31.52, 28.37, 27.75, 13.95, 26.5, 33.05, 12.43, 16.56, 9.86, 28.28]
a: [118.28, 47.84, 159.48, 55.44, 138.61, 138.36, 64.73, 152.42, 52.71, 115.09, 98.31, 93.75, 50.0, 75.78]
d: [3.5, 4.01, 3.5, 6.04, 3.5, 3.57, 5.84, 4.53, 4.89, 5.37, 4.3, 4.21, 4.0, 2.0]

iteration: 12
best: [5.87, 7.62, 9.59, 12.87, 15.19, 19.15, 29.89, 34.26, 35.88, 37.48, 40.75, 47.87, 51.5, 52.75]
time: [5.85, 7.58, 10.28, 16.51, 1000, 1000, 1000, 1000, 1000, 1000, 1000, 1000, 1000, 1000]
current_hyper_parameter
v: [19.89, 28.32, 21.38, 13.19, 8.67, 31.77, 18.99, 11.96, 26.27, 33.05, 20.42, 16.56, 13.69, 33.28]
a: [118.28, 47.84, 159.48, 55.44, 22.49, 138.36, 64.73, 81.91, 24.25, 115.09, 98.31, 93.75, 66.73, 58.96]
d: [3.5, 4.01, 3.5, 6.04, 3.5, 3.57, 5.35, 4.73, 3.73, 5.37, 5.26, 4.21, 4.33, 2.0]
BEST_hyper_parameter
v: [19.89, 28.32, 21.38, 13.19, 31.52, 28.37, 27.75, 13.95, 26.5, 33.05, 12.43, 16.56, 9.86, 28.28]
a: [118.28, 47.84, 159.48, 55.44, 138.61, 138.36, 64.73, 152.42, 52.71, 115.09, 98.31, 93.75, 50.0, 75.78]
d: [3.5, 4.01, 3.5, 6.04, 3.5, 3.57, 5.84, 4.53, 4.89, 5.37, 4.3, 4.21, 4.0, 2.0]

iteration: 13
best: [5.87, 7.62, 9.59, 12.87, 15.19, 19.15, 29.89, 34.26, 35.88, 37.48, 40.75, 47.87, 51.5, 52.75]
time: [5.85, 7.58, 10.84, 13.98, 21.41, 23.8, 34.44, 45.31, 48.56, 50.25, 1000, 1000, 1000, 1000]
current_hyper_parameter
v: [19.89, 28.32, 13.74, 12.25, 9.14, 25.23, 27.75, 9.47, 18.14, 33.05, 14.16, 12.91, 9.86, 13.39]
a: [118.28, 47.84, 159.48, 55.44, 73.26, 156.25, 64.73, 152.42, 47.77, 115.09, 51.42, 104.71, 50.0, 93.12]
d: [3.5, 4.01, 4.0, 6.23, 3.89, 3.57, 5.84, 4.53, 4.89, 5.37, 4.06, 4.21, 4.0, 2.0]
BEST_hyper_parameter
v: [19.89, 28.32, 21.38, 13.19, 31.52, 28.37, 27.75, 13.95, 26.5, 33.05, 12.43, 16.56, 9.86, 28.28]
a: [118.28, 47.84, 159.48, 55.44, 138.61, 138.36, 64.73, 152.42, 52.71, 115.09, 98.31, 93.75, 50.0, 75.78]
d: [3.5, 4.01, 3.5, 6.04, 3.5, 3.57, 5.84, 4.53, 4.89, 5.37, 4.3, 4.21, 4.0, 2.0]

iteration: 14
best: [5.87, 7.62, 9.59, 12.87, 15.19, 19.15, 29.89, 34.26, 35.88, 37.48, 40.75, 47.87, 51.5, 52.75]
time: [5.86, 7.59, 10.24, 12.93, 18.5, 21.68, 30.02, 41.18, 44.03, 45.67, 1000, 1000, 1000, 1000]
current_hyper_parameter
v: [19.89, 28.32, 34.93, 18.25, 28.77, 31.41, 28.56, 13.95, 32.12, 33.05, 32.36, 8.57, 9.86, 26.21]
a: [118.28, 47.84, 101.42, 55.44, 111.45, 138.36, 145.02, 152.42, 47.13, 115.09, 98.31, 128.93, 50.0, 150.33]
d: [3.5, 4.01, 3.55, 4.23, 6.16, 4.47, 5.84, 4.53, 4.89, 5.37, 4.3, 4.21, 4.0, 2.0]
BEST_hyper_parameter
v: [19.89, 28.32, 21.38, 13.19, 31.52, 28.37, 27.75, 13.95, 26.5, 33.05, 12.43, 16.56, 9.86, 28.28]
a: [118.28, 47.84, 159.48, 55.44, 138.61, 138.36, 64.73, 152.42, 52.71, 115.09, 98.31, 93.75, 50.0, 75.78]
d: [3.5, 4.01, 3.5, 6.04, 3.5, 3.57, 5.84, 4.53, 4.89, 5.37, 4.3, 4.21, 4.0, 2.0]

iteration: 15
best: [5.87, 7.62, 9.59, 12.87, 15.19, 19.15, 29.89, 34.26, 35.88, 37.48, 40.75, 47.87, 51.5, 52.75]
time: [5.86, 7.6, 10.93, 14.21, 19.93, 44.28, 1000, 1000, 1000, 1000, 1000, 1000, 1000, 1000]
current_hyper_parameter
v: [19.89, 28.32, 20.51, 9.59, 20.41, 28.37, 21.58, 13.95, 32.93, 10.78, 12.43, 16.56, 9.86, 14.15]
a: [118.28, 47.84, 66.57, 55.44, 121.26, 138.36, 75.17, 152.42, 62.75, 59.48, 98.31, 93.75, 50.0, 126.7]
d: [3.5, 4.01, 5.12, 5.96, 4.31, 3.57, 4.07, 4.53, 3.53, 5.37, 4.3, 4.21, 4.0, 2.0]
BEST_hyper_parameter
v: [19.89, 28.32, 21.38, 13.19, 31.52, 28.37, 27.75, 13.95, 26.5, 33.05, 12.43, 16.56, 9.86, 28.28]
a: [118.28, 47.84, 159.48, 55.44, 138.61, 138.36, 64.73, 152.42, 52.71, 115.09, 98.31, 93.75, 50.0, 75.78]
d: [3.5, 4.01, 3.5, 6.04, 3.5, 3.57, 5.84, 4.53, 4.89, 5.37, 4.3, 4.21, 4.0, 2.0]

iteration: 16
best: [5.87, 7.62, 9.59, 12.87, 15.19, 19.15, 29.89, 34.26, 35.88, 37.48, 40.75, 47.87, 51.5, 52.75]
time: [5.81, 7.55, 10.24, 13.39, 15.72, 20.32, 36.24, 39.87, 45.12, 47.35, 1000, 1000, 1000, 1000]
current_hyper_parameter
v: [19.89, 28.32, 21.38, 13.19, 31.52, 22.69, 15.41, 11.81, 12.48, 15.16, 27.5, 25.06, 31.67, 26.0]
a: [118.28, 47.84, 159.48, 55.44, 138.61, 57.22, 64.73, 90.39, 52.71, 115.09, 112.34, 56.48, 59.99, 75.78]
d: [3.5, 4.01, 3.5, 6.04, 3.5, 5.06, 5.2, 4.53, 4.89, 5.37, 5.91, 3.89, 4.0, 2.0]
BEST_hyper_parameter
v: [19.89, 28.32, 21.38, 13.19, 31.52, 28.37, 27.75, 13.95, 26.5, 33.05, 12.43, 16.56, 9.86, 28.28]
a: [118.28, 47.84, 159.48, 55.44, 138.61, 138.36, 64.73, 152.42, 52.71, 115.09, 98.31, 93.75, 50.0, 75.78]
d: [3.5, 4.01, 3.5, 6.04, 3.5, 3.57, 5.84, 4.53, 4.89, 5.37, 4.3, 4.21, 4.0, 2.0]

iteration: 17
best: [5.87, 7.62, 9.59, 12.87, 15.19, 19.15, 29.89, 34.26, 35.88, 37.48, 40.75, 47.87, 51.5, 52.75]
time: [5.85, 7.57, 10.29, 12.97, 16.67, 19.43, 27.98, 1000, 1000, 1000, 1000, 1000, 1000, 1000]
current_hyper_parameter
v: [19.89, 28.32, 28.9, 22.63, 9.8, 24.67, 31.5, 18.84, 26.5, 33.05, 12.43, 34.2, 9.58, 29.67]
a: [118.28, 47.84, 102.62, 44.56, 138.61, 138.36, 119.88, 152.42, 52.71, 115.09, 98.31, 133.65, 75.33, 75.78]
d: [3.5, 4.01, 5.97, 6.04, 3.5, 3.57, 5.84, 4.53, 4.89, 5.37, 4.3, 4.21, 4.26, 2.0]
BEST_hyper_parameter
v: [19.89, 28.32, 21.38, 13.19, 31.52, 28.37, 27.75, 13.95, 26.5, 33.05, 12.43, 16.56, 9.86, 28.28]
a: [118.28, 47.84, 159.48, 55.44, 138.61, 138.36, 64.73, 152.42, 52.71, 115.09, 98.31, 93.75, 50.0, 75.78]
d: [3.5, 4.01, 3.5, 6.04, 3.5, 3.57, 5.84, 4.53, 4.89, 5.37, 4.3, 4.21, 4.0, 2.0]

iteration: 18
best: [5.87, 7.62, 9.59, 12.87, 15.19, 19.15, 29.89, 34.26, 35.88, 37.48, 40.75, 47.87, 51.5, 52.75]
time: [5.85, 7.57, 10.49, 13.36, 1000, 1000, 1000, 1000, 1000, 1000, 1000, 1000, 1000, 1000]
current_hyper_parameter
v: [19.89, 28.32, 19.28, 18.29, 31.1, 28.37, 33.26, 9.23, 26.5, 33.05, 14.74, 16.56, 31.5, 34.74]
a: [118.28, 47.84, 128.67, 55.44, 138.61, 138.36, 111.65, 35.19, 52.71, 115.09, 98.31, 93.75, 35.84, 75.78]
d: [3.5, 4.01, 5.9, 4.75, 6.1, 3.57, 4.38, 6.48, 4.89, 5.37, 4.3, 4.21, 4.0, 2.0]
BEST_hyper_parameter
v: [19.89, 28.32, 21.38, 13.19, 31.52, 28.37, 27.75, 13.95, 26.5, 33.05, 12.43, 16.56, 9.86, 28.28]
a: [118.28, 47.84, 159.48, 55.44, 138.61, 138.36, 64.73, 152.42, 52.71, 115.09, 98.31, 93.75, 50.0, 75.78]
d: [3.5, 4.01, 3.5, 6.04, 3.5, 3.57, 5.84, 4.53, 4.89, 5.37, 4.3, 4.21, 4.0, 2.0]

iteration: 19
best: [5.87, 7.62, 9.59, 12.87, 15.19, 19.15, 29.89, 34.26, 35.88, 37.48, 40.75, 47.87, 51.5, 52.75]
time: [5.87, 7.59, 14.81, 18.11, 26.58, 34.02, 45.48, 48.45, 50.2, 51.92, 1000, 1000, 1000, 1000]
current_hyper_parameter
v: [19.89, 28.32, 25.2, 23.65, 31.52, 15.05, 27.75, 13.95, 26.5, 23.57, 16.98, 16.56, 30.71, 13.55]
a: [118.28, 47.84, 23.16, 130.8, 138.61, 82.73, 64.73, 152.42, 52.71, 89.34, 98.31, 93.75, 76.73, 147.63]
d: [3.5, 4.01, 4.23, 6.04, 3.5, 3.57, 5.84, 4.53, 4.89, 5.37, 4.3, 4.21, 4.47, 2.0]
BEST_hyper_parameter
v: [19.89, 28.32, 21.38, 13.19, 31.52, 28.37, 27.75, 13.95, 26.5, 33.05, 12.43, 16.56, 9.86, 28.28]
a: [118.28, 47.84, 159.48, 55.44, 138.61, 138.36, 64.73, 152.42, 52.71, 115.09, 98.31, 93.75, 50.0, 75.78]
d: [3.5, 4.01, 3.5, 6.04, 3.5, 3.57, 5.84, 4.53, 4.89, 5.37, 4.3, 4.21, 4.0, 2.0]

iteration: 20
best: [5.87, 7.62, 9.59, 12.87, 15.19, 19.15, 29.89, 34.26, 35.88, 37.48, 40.75, 47.87, 51.5, 52.75]
time: [5.87, 7.59, 10.38, 16.19, 1000, 1000, 1000, 1000, 1000, 1000, 1000, 1000, 1000, 1000]
current_hyper_parameter
v: [19.89, 28.32, 31.74, 21.9, 34.79, 24.29, 27.75, 28.0, 26.5, 33.05, 34.72, 33.34, 14.58, 27.97]
a: [118.28, 47.84, 92.87, 84.14, 28.36, 138.36, 64.73, 34.66, 52.71, 115.09, 103.81, 76.03, 54.0, 59.0]
d: [3.5, 4.01, 3.5, 4.18, 3.5, 4.63, 5.84, 4.53, 4.89, 5.37, 4.3, 4.34, 4.0, 2.0]
BEST_hyper_parameter
v: [19.89, 28.32, 21.38, 13.19, 31.52, 28.37, 27.75, 13.95, 26.5, 33.05, 12.43, 16.56, 9.86, 28.28]
a: [118.28, 47.84, 159.48, 55.44, 138.61, 138.36, 64.73, 152.42, 52.71, 115.09, 98.31, 93.75, 50.0, 75.78]
d: [3.5, 4.01, 3.5, 6.04, 3.5, 3.57, 5.84, 4.53, 4.89, 5.37, 4.3, 4.21, 4.0, 2.0]

iteration: 21
best: [5.87, 7.62, 9.59, 12.87, 15.19, 19.15, 29.89, 34.26, 35.88, 37.48, 40.75, 47.87, 51.5, 52.75]
time: [5.82, 7.54, 10.71, 13.86, 1000, 1000, 1000, 1000, 1000, 1000, 1000, 1000, 1000, 1000]
current_hyper_parameter
v: [19.89, 28.32, 16.66, 13.19, 20.57, 10.12, 34.53, 15.65, 15.59, 33.05, 30.04, 16.56, 32.0, 14.65]
a: [118.28, 47.84, 108.17, 55.44, 138.61, 138.36, 152.65, 152.42, 90.04, 115.09, 98.31, 93.75, 97.9, 51.44]
d: [3.5, 4.01, 3.5, 6.04, 6.15, 4.98, 6.0, 4.53, 4.52, 5.37, 6.21, 4.21, 4.0, 2.0]
BEST_hyper_parameter
v: [19.89, 28.32, 21.38, 13.19, 31.52, 28.37, 27.75, 13.95, 26.5, 33.05, 12.43, 16.56, 9.86, 28.28]
a: [118.28, 47.84, 159.48, 55.44, 138.61, 138.36, 64.73, 152.42, 52.71, 115.09, 98.31, 93.75, 50.0, 75.78]
d: [3.5, 4.01, 3.5, 6.04, 3.5, 3.57, 5.84, 4.53, 4.89, 5.37, 4.3, 4.21, 4.0, 2.0]

iteration: 22
best: [5.87, 7.62, 9.59, 12.87, 15.19, 19.15, 29.89, 34.26, 35.88, 37.48, 40.75, 47.87, 51.5, 52.75]
time: [5.87, 7.6, 10.09, 12.75, 15.21, 18.99, 29.15, 34.85, 41.69, 48.97, 1000, 1000, 1000, 1000]
current_hyper_parameter
v: [19.89, 28.32, 26.92, 13.19, 31.52, 31.58, 27.75, 32.01, 32.34, 33.05, 19.64, 16.56, 26.92, 28.28]
a: [118.28, 47.84, 159.48, 55.44, 138.61, 105.3, 64.73, 152.42, 50.66, 115.09, 21.72, 93.75, 50.0, 75.78]
d: [3.5, 4.01, 4.76, 6.04, 3.5, 4.52, 5.84, 4.53, 4.89, 5.37, 3.72, 4.21, 4.0, 2.0]
BEST_hyper_parameter
v: [19.89, 28.32, 21.38, 13.19, 31.52, 28.37, 27.75, 13.95, 26.5, 33.05, 12.43, 16.56, 9.86, 28.28]
a: [118.28, 47.84, 159.48, 55.44, 138.61, 138.36, 64.73, 152.42, 52.71, 115.09, 98.31, 93.75, 50.0, 75.78]
d: [3.5, 4.01, 3.5, 6.04, 3.5, 3.57, 5.84, 4.53, 4.89, 5.37, 4.3, 4.21, 4.0, 2.0]
mutation at idx = 3

iteration: 23
best: [5.87, 7.62, 9.59, 12.87, 15.19, 19.15, 29.15, 34.26, 35.88, 37.48, 40.75, 47.87, 51.5, 52.75]
time: [5.85, 7.57, 10.28, 12.68, 1000, 1000, 1000, 1000, 1000, 1000, 1000, 1000, 1000, 1000]
current_hyper_parameter
v: [19.89, 28.32, 21.38, 21.37, 31.52, 28.37, 27.75, 13.95, 26.5, 20.58, 24.45, 16.56, 34.06, 13.06]
a: [118.28, 47.84, 159.48, 147.97, 138.61, 138.36, 64.73, 152.42, 52.71, 115.09, 156.44, 93.75, 140.59, 96.56]
d: [3.5, 4.01, 3.5, 6.04, 3.5, 3.57, 5.84, 4.53, 4.89, 5.37, 4.3, 4.21, 5.82, 2.0]
BEST_hyper_parameter
v: [19.89, 28.32, 21.38, 13.19, 31.52, 28.37, 27.75, 13.95, 26.5, 33.05, 12.43, 16.56, 9.86, 28.28]
a: [118.28, 47.84, 159.48, 55.44, 138.61, 138.36, 64.73, 152.42, 52.71, 115.09, 98.31, 93.75, 50.0, 75.78]
d: [3.5, 4.01, 3.5, 6.04, 3.5, 3.57, 5.84, 4.53, 4.89, 5.37, 4.3, 4.21, 4.0, 2.0]

iteration: 24
best: [5.87, 7.62, 9.59, 12.87, 15.19, 19.15, 29.15, 34.26, 35.88, 37.48, 40.75, 47.87, 51.5, 52.75]
time: [5.86, 7.58, 9.94, 24.46, 43.16, 49.45, 1000, 1000, 1000, 1000, 1000, 1000, 1000, 1000]
current_hyper_parameter
v: [19.89, 28.32, 33.13, 13.19, 33.99, 13.58, 25.92, 13.95, 26.5, 12.07, 26.25, 16.56, 14.69, 24.31]
a: [118.28, 47.84, 159.48, 55.44, 23.4, 115.85, 61.75, 152.42, 52.71, 60.54, 66.72, 93.75, 36.43, 79.34]
d: [3.5, 4.01, 3.5, 6.04, 3.5, 3.57, 4.44, 4.53, 4.89, 5.37, 4.3, 4.21, 4.1, 2.0]
BEST_hyper_parameter
v: [19.89, 28.32, 21.38, 13.19, 31.52, 28.37, 27.75, 13.95, 26.5, 33.05, 12.43, 16.56, 9.86, 28.28]
a: [118.28, 47.84, 159.48, 55.44, 138.61, 138.36, 64.73, 152.42, 52.71, 115.09, 98.31, 93.75, 50.0, 75.78]
d: [3.5, 4.01, 3.5, 6.04, 3.5, 3.57, 5.84, 4.53, 4.89, 5.37, 4.3, 4.21, 4.0, 2.0]
mutation at idx = 0
mutation at idx = 1

iteration: 25
best: [5.87, 7.62, 9.59, 12.87, 15.19, 19.15, 29.15, 34.26, 35.88, 37.48, 40.75, 47.87, 51.5, 52.75]
time: [5.74, 7.43, 10.15, 12.9, 15.23, 30.85, 1000, 1000, 1000, 1000, 1000, 1000, 1000, 1000]
current_hyper_parameter
v: [25.04, 34.47, 21.38, 13.19, 28.49, 12.81, 15.1, 28.41, 31.73, 14.42, 23.98, 16.56, 34.21, 28.28]
a: [118.28, 48.09, 159.48, 55.44, 158.11, 140.94, 127.83, 91.16, 153.96, 115.09, 98.31, 93.75, 102.37, 75.78]
d: [3.5, 4.01, 3.5, 6.04, 3.5, 3.57, 5.84, 4.53, 4.89, 5.43, 5.04, 4.21, 6.09, 2.0]
BEST_hyper_parameter
v: [19.89, 28.32, 21.38, 13.19, 31.52, 28.37, 27.75, 13.95, 26.5, 33.05, 12.43, 16.56, 9.86, 28.28]
a: [118.28, 47.84, 159.48, 55.44, 138.61, 138.36, 64.73, 152.42, 52.71, 115.09, 98.31, 93.75, 50.0, 75.78]
d: [3.5, 4.01, 3.5, 6.04, 3.5, 3.57, 5.84, 4.53, 4.89, 5.37, 4.3, 4.21, 4.0, 2.0]

iteration: 26
best: [5.87, 7.62, 9.59, 12.87, 15.19, 19.15, 29.15, 34.26, 35.88, 37.48, 40.75, 47.87, 51.5, 52.75]
time: [5.89, 7.64, 11.62, 17.08, 1000, 1000, 1000, 1000, 1000, 1000, 1000, 1000, 1000, 1000]
current_hyper_parameter
v: [19.89, 28.32, 9.96, 24.24, 31.52, 17.8, 21.75, 11.37, 12.65, 33.05, 12.43, 34.9, 9.86, 33.12]
a: [118.28, 47.84, 65.35, 149.24, 138.61, 138.36, 64.73, 23.91, 52.71, 115.09, 98.31, 111.03, 50.0, 75.78]
d: [3.5, 4.01, 3.5, 3.93, 3.5, 3.57, 5.84, 4.53, 4.76, 5.37, 4.3, 4.21, 4.0, 2.0]
BEST_hyper_parameter
v: [19.89, 28.32, 21.38, 13.19, 31.52, 28.37, 27.75, 13.95, 26.5, 33.05, 12.43, 16.56, 9.86, 28.28]
a: [118.28, 47.84, 159.48, 55.44, 138.61, 138.36, 64.73, 152.42, 52.71, 115.09, 98.31, 93.75, 50.0, 75.78]
d: [3.5, 4.01, 3.5, 6.04, 3.5, 3.57, 5.84, 4.53, 4.89, 5.37, 4.3, 4.21, 4.0, 2.0]

iteration: 27
best: [5.87, 7.62, 9.59, 12.87, 15.19, 19.15, 29.15, 34.26, 35.88, 37.48, 40.75, 47.87, 51.5, 52.75]
time: [5.85, 7.58, 11.1, 14.25, 16.73, 23.74, 1000, 1000, 1000, 1000, 1000, 1000, 1000, 1000]
current_hyper_parameter
v: [19.89, 28.32, 12.38, 20.59, 30.11, 19.17, 9.64, 13.95, 26.5, 33.05, 21.97, 9.03, 9.86, 28.28]
a: [118.28, 47.84, 127.74, 55.44, 116.22, 118.48, 152.29, 152.42, 52.71, 115.09, 86.28, 155.66, 50.0, 75.78]
d: [3.5, 4.01, 3.5, 6.04, 3.5, 6.25, 5.58, 4.53, 4.89, 5.37, 5.95, 4.21, 4.0, 2.0]
BEST_hyper_parameter
v: [19.89, 28.32, 21.38, 13.19, 31.52, 28.37, 27.75, 13.95, 26.5, 33.05, 12.43, 16.56, 9.86, 28.28]
a: [118.28, 47.84, 159.48, 55.44, 138.61, 138.36, 64.73, 152.42, 52.71, 115.09, 98.31, 93.75, 50.0, 75.78]
d: [3.5, 4.01, 3.5, 6.04, 3.5, 3.57, 5.84, 4.53, 4.89, 5.37, 4.3, 4.21, 4.0, 2.0]
mutation at idx = 0

iteration: 28
best: [5.87, 7.62, 9.59, 12.87, 15.19, 19.15, 29.15, 34.26, 35.88, 37.48, 40.75, 47.87, 51.5, 52.75]
time: [6.24, 8.31, 11.79, 14.74, 17.14, 20.95, 1000, 1000, 1000, 1000, 1000, 1000, 1000, 1000]
current_hyper_parameter
v: [14.3, 28.32, 23.75, 25.57, 31.52, 28.37, 8.8, 13.95, 33.5, 30.49, 10.96, 16.56, 19.12, 25.11]
a: [77.56, 47.84, 57.26, 55.44, 138.61, 138.36, 94.87, 152.42, 29.78, 58.12, 98.31, 93.75, 130.97, 107.97]
d: [3.5, 4.01, 3.83, 5.99, 3.5, 3.57, 5.25, 4.53, 4.89, 5.26, 4.3, 4.21, 4.0, 2.0]
BEST_hyper_parameter
v: [19.89, 28.32, 21.38, 13.19, 31.52, 28.37, 27.75, 13.95, 26.5, 33.05, 12.43, 16.56, 9.86, 28.28]
a: [118.28, 47.84, 159.48, 55.44, 138.61, 138.36, 64.73, 152.42, 52.71, 115.09, 98.31, 93.75, 50.0, 75.78]
d: [3.5, 4.01, 3.5, 6.04, 3.5, 3.57, 5.84, 4.53, 4.89, 5.37, 4.3, 4.21, 4.0, 2.0]

iteration: 29
best: [5.87, 7.62, 9.59, 12.87, 15.19, 19.15, 29.15, 34.26, 35.88, 37.48, 40.75, 47.87, 51.5, 52.75]
time: [5.87, 7.58, 10.79, 13.49, 19.44, 22.62, 33.65, 36.68, 37.97, 1000, 1000, 1000, 1000, 1000]
current_hyper_parameter
v: [19.89, 28.32, 16.17, 16.22, 28.63, 28.37, 27.75, 13.95, 27.72, 12.39, 9.0, 14.33, 21.31, 8.61]
a: [118.28, 47.84, 106.38, 94.3, 66.76, 138.36, 64.73, 152.42, 155.0, 121.7, 44.96, 93.75, 32.56, 75.78]
d: [3.5, 4.01, 3.5, 6.04, 4.3, 3.57, 5.84, 4.53, 5.03, 5.37, 4.44, 4.21, 4.0, 2.0]
BEST_hyper_parameter
v: [19.89, 28.32, 21.38, 13.19, 31.52, 28.37, 27.75, 13.95, 26.5, 33.05, 12.43, 16.56, 9.86, 28.28]
a: [118.28, 47.84, 159.48, 55.44, 138.61, 138.36, 64.73, 152.42, 52.71, 115.09, 98.31, 93.75, 50.0, 75.78]
d: [3.5, 4.01, 3.5, 6.04, 3.5, 3.57, 5.84, 4.53, 4.89, 5.37, 4.3, 4.21, 4.0, 2.0]

iteration: 30
best: [5.87, 7.62, 9.59, 12.87, 15.19, 19.15, 29.15, 34.26, 35.88, 37.48, 40.75, 47.87, 51.5, 52.75]
time: [5.86, 7.58, 10.76, 13.41, 1000, 1000, 1000, 1000, 1000, 1000, 1000, 1000, 1000, 1000]
current_hyper_parameter
v: [19.89, 28.32, 15.0, 33.63, 27.3, 32.23, 26.45, 13.95, 10.43, 21.44, 12.43, 26.69, 11.28, 28.28]
a: [118.28, 47.84, 159.48, 55.47, 138.61, 145.88, 155.21, 152.42, 52.71, 73.61, 98.31, 105.16, 124.46, 75.78]
d: [3.5, 4.01, 4.42, 6.04, 5.56, 5.29, 4.02, 4.53, 4.89, 5.37, 4.3, 4.21, 4.0, 2.0]
BEST_hyper_parameter
v: [19.89, 28.32, 21.38, 13.19, 31.52, 28.37, 27.75, 13.95, 26.5, 33.05, 12.43, 16.56, 9.86, 28.28]
a: [118.28, 47.84, 159.48, 55.44, 138.61, 138.36, 64.73, 152.42, 52.71, 115.09, 98.31, 93.75, 50.0, 75.78]
d: [3.5, 4.01, 3.5, 6.04, 3.5, 3.57, 5.84, 4.53, 4.89, 5.37, 4.3, 4.21, 4.0, 2.0]

iteration: 31
best: [5.87, 7.62, 9.59, 12.87, 15.19, 19.15, 29.15, 34.26, 35.88, 37.48, 40.75, 47.87, 51.5, 52.75]
time: [5.84, 7.57, 10.27, 16.42, 23.54, 26.37, 37.39, 40.31, 41.59, 1000, 1000, 1000, 1000, 1000]
current_hyper_parameter
v: [19.89, 28.32, 21.38, 16.64, 9.43, 19.38, 27.75, 17.15, 32.23, 17.06, 31.47, 30.1, 22.04, 34.42]
a: [118.28, 47.84, 159.48, 55.44, 118.39, 138.36, 64.73, 97.92, 119.24, 115.09, 65.9, 127.49, 50.0, 84.25]
d: [3.5, 4.01, 3.5, 4.01, 3.5, 4.84, 5.84, 4.53, 4.89, 5.37, 4.72, 4.21, 4.0, 2.0]
BEST_hyper_parameter
v: [19.89, 28.32, 21.38, 13.19, 31.52, 28.37, 27.75, 13.95, 26.5, 33.05, 12.43, 16.56, 9.86, 28.28]
a: [118.28, 47.84, 159.48, 55.44, 138.61, 138.36, 64.73, 152.42, 52.71, 115.09, 98.31, 93.75, 50.0, 75.78]
d: [3.5, 4.01, 3.5, 6.04, 3.5, 3.57, 5.84, 4.53, 4.89, 5.37, 4.3, 4.21, 4.0, 2.0]

iteration: 32
best: [5.87, 7.62, 9.59, 12.87, 15.19, 19.15, 29.15, 34.26, 35.88, 37.48, 40.75, 47.87, 51.5, 52.75]
time: [5.84, 7.58, 10.52, 13.47, 19.62, 22.36, 32.48, 35.42, 36.73, 38.12, 1000, 1000, 1000, 1000]
current_hyper_parameter
v: [19.89, 28.32, 19.45, 17.45, 17.55, 28.37, 27.75, 13.95, 28.39, 33.05, 31.1, 24.51, 32.5, 28.28]
a: [118.28, 47.84, 120.61, 55.44, 67.08, 138.36, 64.73, 152.42, 111.25, 115.09, 138.14, 137.19, 50.0, 75.78]
d: [3.5, 4.01, 3.5, 5.07, 3.5, 3.57, 5.84, 4.53, 3.82, 5.37, 5.35, 4.21, 5.91, 2.0]
BEST_hyper_parameter
v: [19.89, 28.32, 21.38, 13.19, 31.52, 28.37, 27.75, 13.95, 26.5, 33.05, 12.43, 16.56, 9.86, 28.28]
a: [118.28, 47.84, 159.48, 55.44, 138.61, 138.36, 64.73, 152.42, 52.71, 115.09, 98.31, 93.75, 50.0, 75.78]
d: [3.5, 4.01, 3.5, 6.04, 3.5, 3.57, 5.84, 4.53, 4.89, 5.37, 4.3, 4.21, 4.0, 2.0]

iteration: 33
best: [5.87, 7.62, 9.59, 12.87, 15.19, 19.15, 29.15, 34.26, 35.88, 37.48, 40.75, 47.87, 51.5, 52.75]
time: [5.87, 7.64, 10.32, 13.56, 15.87, 27.73, 43.25, 45.85, 51.6, 1000, 1000, 1000, 1000, 1000]
current_hyper_parameter
v: [19.89, 28.32, 21.38, 10.08, 31.52, 11.53, 27.78, 28.48, 19.82, 18.98, 17.71, 31.16, 9.86, 21.59]
a: [118.28, 47.84, 159.48, 62.77, 138.61, 83.9, 115.8, 134.71, 109.11, 115.09, 121.14, 93.75, 50.0, 75.78]
d: [3.5, 4.01, 3.5, 6.01, 3.5, 6.33, 6.32, 6.46, 4.68, 5.37, 4.3, 4.34, 4.0, 2.0]
BEST_hyper_parameter
v: [19.89, 28.32, 21.38, 13.19, 31.52, 28.37, 27.75, 13.95, 26.5, 33.05, 12.43, 16.56, 9.86, 28.28]
a: [118.28, 47.84, 159.48, 55.44, 138.61, 138.36, 64.73, 152.42, 52.71, 115.09, 98.31, 93.75, 50.0, 75.78]
d: [3.5, 4.01, 3.5, 6.04, 3.5, 3.57, 5.84, 4.53, 4.89, 5.37, 4.3, 4.21, 4.0, 2.0]

iteration: 34
best: [5.87, 7.62, 9.59, 12.87, 15.19, 19.15, 29.15, 34.26, 35.88, 37.48, 40.75, 47.87, 51.5, 52.75]
time: [5.8, 7.52, 10.22, 12.8, 15.13, 19.82, 33.28, 36.22, 1000, 1000, 1000, 1000, 1000, 1000]
current_hyper_parameter
v: [19.89, 28.32, 21.38, 30.97, 31.52, 17.32, 18.19, 13.95, 14.6, 20.97, 17.34, 18.48, 26.55, 21.18]
a: [118.28, 47.84, 159.48, 55.44, 138.61, 60.84, 157.64, 152.42, 20.42, 117.57, 117.42, 93.75, 50.0, 127.71]
d: [3.5, 4.01, 3.5, 5.64, 3.5, 3.57, 5.95, 4.53, 4.89, 5.37, 4.25, 4.21, 4.0, 2.0]
BEST_hyper_parameter
v: [19.89, 28.32, 21.38, 13.19, 31.52, 28.37, 27.75, 13.95, 26.5, 33.05, 12.43, 16.56, 9.86, 28.28]
a: [118.28, 47.84, 159.48, 55.44, 138.61, 138.36, 64.73, 152.42, 52.71, 115.09, 98.31, 93.75, 50.0, 75.78]
d: [3.5, 4.01, 3.5, 6.04, 3.5, 3.57, 5.84, 4.53, 4.89, 5.37, 4.3, 4.21, 4.0, 2.0]
