
iteration: 1
best: [5.76, 7.24, 9.8, 13.11, 16.81, 19.99, 29.25, 37.11, 41.81, 43.52, 50.76, 53.82, 56.64, 58.76]
time: [5.75, 7.15, 9.63, 12.68, 16.76, 19.57, 29.59, 1000, 1000, 1000, 1000, 1000, 1000, 1000]
current_hyper_parameter
v: [27.54, 33.54, 22.86, 11.08, 9.62, 16.3, 27.1, 13.21, 9.28, 20.92, 11.04, 12.0, 28.91, 33.95]
a: [103.35, 96.0, 143.51, 61.87, 146.27, 141.85, 157.19, 99.47, 124.74, 121.7, 118.39, 50.0, 50.0, 50.0]
d: [3.54, 3.51, 3.5, 4.69, 4.74, 5.06, 6.26, 6.04, 6.49, 5.12, 3.5, 3.5, 3.63, 2.0]
BEST_hyper_parameter
v: [27.54, 33.54, 22.86, 11.08, 9.62, 16.3, 27.1, 13.21, 9.28, 20.92, 11.04, 12.0, 28.91, 33.95]
a: [103.35, 96.0, 143.51, 61.87, 146.27, 141.85, 157.19, 99.47, 124.74, 121.7, 118.39, 50.0, 50.0, 50.0]
d: [3.54, 3.51, 3.5, 4.69, 4.74, 5.06, 6.26, 6.04, 6.49, 5.12, 3.5, 3.5, 3.63, 2.0]
mutation at idx = 0
mutation at idx = 2

iteration: 2
best: [5.76, 7.24, 9.8, 13.11, 16.81, 19.99, 29.25, 37.11, 41.81, 43.52, 50.76, 53.82, 56.64, 58.76]
time: [5.92, 7.39, 10.2, 13.47, 17.46, 20.26, 29.48, 1000, 1000, 1000, 1000, 1000, 1000, 1000]
current_hyper_parameter
v: [17.93, 33.54, 16.05, 11.08, 9.62, 16.3, 27.1, 34.2, 30.77, 29.91, 11.04, 8.98, 10.51, 33.6]
a: [114.1, 96.0, 156.78, 61.87, 146.27, 141.85, 157.19, 68.52, 49.21, 91.93, 118.39, 115.32, 28.59, 50.0]
d: [4.21, 3.51, 3.5, 4.69, 4.74, 5.06, 6.26, 6.04, 6.49, 5.12, 3.5, 3.5, 3.63, 2.0]
BEST_hyper_parameter
v: [27.54, 33.54, 22.86, 11.08, 9.62, 16.3, 27.1, 13.21, 9.28, 20.92, 11.04, 12.0, 28.91, 33.95]
a: [103.35, 96.0, 143.51, 61.87, 146.27, 141.85, 157.19, 99.47, 124.74, 121.7, 118.39, 50.0, 50.0, 50.0]
d: [3.54, 3.51, 3.5, 4.69, 4.74, 5.06, 6.26, 6.04, 6.49, 5.12, 3.5, 3.5, 3.63, 2.0]

iteration: 3
best: [5.76, 7.24, 9.8, 13.11, 16.81, 19.99, 29.25, 37.11, 41.81, 43.52, 50.76, 53.82, 56.64, 58.76]
time: [5.77, 7.26, 9.86, 12.93, 15.37, 19.36, 28.91, 1000, 1000, 1000, 1000, 1000, 1000, 1000]
current_hyper_parameter
v: [27.54, 33.54, 22.86, 11.08, 28.13, 13.69, 27.1, 24.83, 23.99, 12.66, 15.43, 18.71, 34.37, 33.95]
a: [103.35, 96.0, 143.51, 61.87, 133.5, 141.85, 157.19, 33.15, 152.52, 52.83, 118.39, 50.0, 50.0, 50.0]
d: [3.54, 3.51, 3.5, 4.69, 4.74, 5.12, 6.26, 6.04, 4.06, 5.12, 3.5, 3.5, 3.63, 2.0]
BEST_hyper_parameter
v: [27.54, 33.54, 22.86, 11.08, 9.62, 16.3, 27.1, 13.21, 9.28, 20.92, 11.04, 12.0, 28.91, 33.95]
a: [103.35, 96.0, 143.51, 61.87, 146.27, 141.85, 157.19, 99.47, 124.74, 121.7, 118.39, 50.0, 50.0, 50.0]
d: [3.54, 3.51, 3.5, 4.69, 4.74, 5.06, 6.26, 6.04, 6.49, 5.12, 3.5, 3.5, 3.63, 2.0]

iteration: 4
best: [5.76, 7.24, 9.8, 13.11, 15.37, 19.36, 29.25, 37.11, 41.81, 43.52, 50.76, 53.82, 56.64, 58.76]
time: [5.81, 7.28, 9.86, 12.95, 15.39, 19.27, 28.87, 1000, 1000, 1000, 1000, 1000, 1000, 1000]
current_hyper_parameter
v: [27.54, 33.54, 22.86, 11.08, 28.13, 13.69, 27.1, 25.52, 28.96, 29.33, 14.9, 12.0, 24.88, 17.04]
a: [103.35, 96.0, 143.51, 61.87, 133.5, 141.85, 157.19, 99.47, 124.74, 71.93, 99.62, 50.0, 154.16, 159.99]
d: [3.54, 3.51, 3.5, 4.69, 4.74, 5.12, 6.26, 4.02, 6.49, 6.14, 5.58, 3.5, 3.63, 2.0]
BEST_hyper_parameter
v: [27.54, 33.54, 22.86, 11.08, 28.13, 13.69, 27.1, 13.21, 9.28, 20.92, 11.04, 12.0, 28.91, 33.95]
a: [103.35, 96.0, 143.51, 61.87, 133.5, 141.85, 157.19, 99.47, 124.74, 121.7, 118.39, 50.0, 50.0, 50.0]
d: [3.54, 3.51, 3.5, 4.69, 4.74, 5.12, 6.26, 6.04, 6.49, 5.12, 3.5, 3.5, 3.63, 2.0]

iteration: 5
best: [5.76, 7.24, 9.8, 13.11, 15.37, 19.36, 29.25, 37.11, 41.81, 43.52, 50.76, 53.82, 56.64, 58.76]
time: [5.79, 7.25, 9.86, 12.94, 15.37, 19.36, 28.96, 34.91, 42.71, 1000, 1000, 1000, 1000, 1000]
current_hyper_parameter
v: [27.54, 33.54, 22.86, 11.08, 28.13, 13.69, 27.1, 25.0, 28.34, 9.67, 29.78, 12.0, 27.66, 33.95]
a: [103.35, 96.0, 143.51, 61.87, 133.5, 141.85, 157.19, 93.41, 32.31, 121.7, 118.39, 50.0, 142.07, 50.0]
d: [3.54, 3.51, 3.5, 4.69, 4.74, 5.12, 6.26, 3.74, 4.6, 4.15, 5.32, 3.5, 5.13, 2.0]
BEST_hyper_parameter
v: [27.54, 33.54, 22.86, 11.08, 28.13, 13.69, 27.1, 13.21, 9.28, 20.92, 11.04, 12.0, 28.91, 33.95]
a: [103.35, 96.0, 143.51, 61.87, 133.5, 141.85, 157.19, 99.47, 124.74, 121.7, 118.39, 50.0, 50.0, 50.0]
d: [3.54, 3.51, 3.5, 4.69, 4.74, 5.12, 6.26, 6.04, 6.49, 5.12, 3.5, 3.5, 3.63, 2.0]

iteration: 6
best: [5.76, 7.24, 9.8, 13.11, 15.37, 19.36, 29.25, 34.91, 41.81, 43.52, 50.76, 53.82, 56.64, 58.76]
time: [5.76, 7.25, 9.86, 12.98, 15.37, 19.32, 28.87, 1000, 1000, 1000, 1000, 1000, 1000, 1000]
current_hyper_parameter
v: [27.54, 33.54, 22.86, 11.08, 28.13, 13.69, 27.1, 25.0, 18.44, 19.26, 22.53, 13.24, 32.17, 17.19]
a: [103.35, 96.0, 143.51, 61.87, 133.5, 141.85, 157.19, 93.41, 124.74, 81.06, 71.88, 50.0, 50.0, 40.36]
d: [3.54, 3.51, 3.5, 4.69, 4.74, 5.12, 6.26, 3.74, 5.26, 6.41, 4.18, 4.28, 3.63, 2.0]
BEST_hyper_parameter
v: [27.54, 33.54, 22.86, 11.08, 28.13, 13.69, 27.1, 25.0, 9.28, 20.92, 11.04, 12.0, 28.91, 33.95]
a: [103.35, 96.0, 143.51, 61.87, 133.5, 141.85, 157.19, 93.41, 124.74, 121.7, 118.39, 50.0, 50.0, 50.0]
d: [3.54, 3.51, 3.5, 4.69, 4.74, 5.12, 6.26, 3.74, 6.49, 5.12, 3.5, 3.5, 3.63, 2.0]
mutation at idx = 1

iteration: 7
best: [5.76, 7.24, 9.8, 13.11, 15.37, 19.36, 29.25, 34.91, 41.81, 43.52, 50.76, 53.82, 56.64, 58.76]
time: [5.77, 7.38, 10.07, 12.92, 15.32, 19.26, 28.66, 31.69, 33.49, 1000, 1000, 1000, 1000, 1000]
current_hyper_parameter
v: [27.54, 34.32, 22.86, 11.08, 28.13, 13.69, 27.1, 25.0, 12.99, 30.48, 17.01, 15.18, 25.27, 33.95]
a: [103.35, 65.63, 143.51, 61.87, 133.5, 141.85, 157.19, 93.41, 124.74, 23.5, 97.4, 90.86, 50.0, 50.0]
d: [3.54, 3.51, 3.5, 4.69, 4.74, 5.12, 6.26, 3.74, 4.69, 4.33, 3.5, 3.5, 3.63, 2.0]
BEST_hyper_parameter
v: [27.54, 33.54, 22.86, 11.08, 28.13, 13.69, 27.1, 25.0, 9.28, 20.92, 11.04, 12.0, 28.91, 33.95]
a: [103.35, 96.0, 143.51, 61.87, 133.5, 141.85, 157.19, 93.41, 124.74, 121.7, 118.39, 50.0, 50.0, 50.0]
d: [3.54, 3.51, 3.5, 4.69, 4.74, 5.12, 6.26, 3.74, 6.49, 5.12, 3.5, 3.5, 3.63, 2.0]

iteration: 8
best: [5.76, 7.24, 9.8, 13.11, 15.37, 19.36, 28.66, 31.69, 33.49, 43.52, 50.76, 53.82, 56.64, 58.76]
time: [5.83, 7.29, 9.87, 12.95, 15.36, 31.86, 47.5, 1000, 1000, 1000, 1000, 1000, 1000, 1000]
current_hyper_parameter
v: [27.54, 33.54, 22.86, 11.08, 28.13, 13.69, 27.1, 25.0, 12.99, 24.39, 14.96, 10.45, 14.43, 11.01]
a: [103.35, 96.0, 143.51, 61.87, 133.5, 141.85, 157.19, 93.41, 124.74, 121.7, 147.27, 50.0, 50.0, 149.0]
d: [3.54, 3.51, 3.5, 4.69, 4.74, 5.12, 6.26, 3.74, 4.69, 5.12, 4.92, 5.1, 4.42, 2.0]
BEST_hyper_parameter
v: [27.54, 33.54, 22.86, 11.08, 28.13, 13.69, 27.1, 25.0, 12.99, 20.92, 11.04, 12.0, 28.91, 33.95]
a: [103.35, 96.0, 143.51, 61.87, 133.5, 141.85, 157.19, 93.41, 124.74, 121.7, 118.39, 50.0, 50.0, 50.0]
d: [3.54, 3.51, 3.5, 4.69, 4.74, 5.12, 6.26, 3.74, 4.69, 5.12, 3.5, 3.5, 3.63, 2.0]

iteration: 9
best: [5.76, 7.24, 9.8, 13.11, 15.37, 19.36, 28.66, 31.69, 33.49, 43.52, 50.76, 53.82, 56.64, 58.76]
time: [5.82, 7.28, 9.87, 12.97, 15.36, 19.97, 29.33, 32.17, 33.62, 35.34, 1000, 1000, 1000, 1000]
current_hyper_parameter
v: [27.54, 33.54, 22.86, 11.08, 28.13, 18.0, 34.28, 22.5, 19.4, 20.92, 12.44, 24.15, 34.26, 13.56]
a: [103.35, 96.0, 143.51, 61.87, 133.5, 55.29, 92.55, 93.41, 157.8, 121.7, 118.39, 45.48, 53.88, 47.19]
d: [3.54, 3.51, 3.5, 4.69, 4.74, 4.24, 4.13, 3.74, 4.1, 5.12, 3.5, 3.5, 5.62, 2.0]
BEST_hyper_parameter
v: [27.54, 33.54, 22.86, 11.08, 28.13, 13.69, 27.1, 25.0, 12.99, 20.92, 11.04, 12.0, 28.91, 33.95]
a: [103.35, 96.0, 143.51, 61.87, 133.5, 141.85, 157.19, 93.41, 124.74, 121.7, 118.39, 50.0, 50.0, 50.0]
d: [3.54, 3.51, 3.5, 4.69, 4.74, 5.12, 6.26, 3.74, 4.69, 5.12, 3.5, 3.5, 3.63, 2.0]

iteration: 10
best: [5.76, 7.24, 9.8, 13.11, 15.37, 19.36, 28.66, 31.69, 33.49, 43.52, 50.76, 53.82, 56.64, 58.76]
time: [5.81, 7.29, 9.88, 12.95, 15.37, 19.03, 29.61, 32.18, 37.87, 40.32, 49.97, 53.38, 55.44, 1000]
current_hyper_parameter
v: [27.54, 33.54, 22.86, 11.08, 28.13, 18.41, 28.88, 29.36, 12.99, 20.11, 11.04, 14.86, 23.97, 32.77]
a: [103.35, 96.0, 143.51, 61.87, 133.5, 141.85, 56.4, 106.92, 124.74, 105.88, 118.39, 117.01, 146.21, 50.0]
d: [3.54, 3.51, 3.5, 4.69, 4.74, 5.1, 6.26, 3.74, 4.69, 5.12, 3.5, 3.5, 3.63, 2.0]
BEST_hyper_parameter
v: [27.54, 33.54, 22.86, 11.08, 28.13, 13.69, 27.1, 25.0, 12.99, 20.92, 11.04, 12.0, 28.91, 33.95]
a: [103.35, 96.0, 143.51, 61.87, 133.5, 141.85, 157.19, 93.41, 124.74, 121.7, 118.39, 50.0, 50.0, 50.0]
d: [3.54, 3.51, 3.5, 4.69, 4.74, 5.12, 6.26, 3.74, 4.69, 5.12, 3.5, 3.5, 3.63, 2.0]
mutation at idx = 2
mutation at idx = 5

iteration: 11
best: [5.76, 7.24, 9.8, 13.11, 15.37, 19.36, 28.66, 31.69, 33.49, 43.52, 50.76, 53.82, 56.64, 58.76]
time: [5.84, 7.3, 1000, 1000, 1000, 1000, 1000, 1000, 1000, 1000, 1000, 1000, 1000, 1000]
current_hyper_parameter
v: [27.54, 33.54, 9.98, 11.08, 28.13, 12.46, 27.1, 27.19, 9.85, 13.69, 33.23, 12.0, 8.75, 19.96]
a: [103.35, 96.0, 23.3, 61.87, 133.5, 141.85, 157.19, 111.03, 107.37, 60.51, 54.95, 50.0, 133.91, 69.5]
d: [3.54, 3.51, 5.12, 4.69, 4.74, 5.9, 6.26, 4.6, 4.69, 5.12, 5.46, 3.5, 5.84, 2.0]
BEST_hyper_parameter
v: [27.54, 33.54, 22.86, 11.08, 28.13, 13.69, 27.1, 25.0, 12.99, 20.92, 11.04, 12.0, 28.91, 33.95]
a: [103.35, 96.0, 143.51, 61.87, 133.5, 141.85, 157.19, 93.41, 124.74, 121.7, 118.39, 50.0, 50.0, 50.0]
d: [3.54, 3.51, 3.5, 4.69, 4.74, 5.12, 6.26, 3.74, 4.69, 5.12, 3.5, 3.5, 3.63, 2.0]

iteration: 12
best: [5.76, 7.24, 9.8, 13.11, 15.37, 19.36, 28.66, 31.69, 33.49, 43.52, 50.76, 53.82, 56.64, 58.76]
time: [5.81, 7.28, 10.72, 17.61, 24.53, 27.22, 42.3, 45.69, 47.49, 49.51, 60.1, 1000, 1000, 1000]
current_hyper_parameter
v: [27.54, 33.54, 10.37, 11.08, 9.31, 16.11, 13.33, 22.04, 15.5, 18.11, 11.04, 14.09, 17.59, 23.65]
a: [103.35, 96.0, 64.82, 61.87, 107.7, 129.11, 157.19, 42.56, 83.8, 84.18, 118.39, 144.12, 103.51, 24.06]
d: [3.54, 3.51, 3.5, 4.69, 4.74, 5.12, 6.26, 3.74, 4.91, 5.12, 3.5, 3.5, 3.63, 2.0]
BEST_hyper_parameter
v: [27.54, 33.54, 22.86, 11.08, 28.13, 13.69, 27.1, 25.0, 12.99, 20.92, 11.04, 12.0, 28.91, 33.95]
a: [103.35, 96.0, 143.51, 61.87, 133.5, 141.85, 157.19, 93.41, 124.74, 121.7, 118.39, 50.0, 50.0, 50.0]
d: [3.54, 3.51, 3.5, 4.69, 4.74, 5.12, 6.26, 3.74, 4.69, 5.12, 3.5, 3.5, 3.63, 2.0]

iteration: 13
best: [5.76, 7.24, 9.8, 13.11, 15.37, 19.36, 28.66, 31.69, 33.49, 43.52, 50.76, 53.82, 56.64, 58.76]
time: [5.81, 7.27, 10.32, 13.8, 16.41, 21.51, 40.65, 44.33, 45.88, 47.75, 49.57, 52.34, 58.2, 1000]
current_hyper_parameter
v: [27.54, 33.54, 32.81, 12.13, 19.56, 9.93, 12.73, 14.83, 19.76, 18.21, 11.04, 12.0, 28.91, 31.73]
a: [103.35, 96.0, 57.0, 61.87, 153.21, 79.36, 124.58, 46.84, 124.74, 59.61, 118.39, 50.0, 50.0, 50.0]
d: [3.54, 3.51, 3.5, 3.73, 4.81, 5.12, 6.26, 4.44, 5.61, 5.81, 3.5, 3.5, 3.63, 2.0]
BEST_hyper_parameter
v: [27.54, 33.54, 22.86, 11.08, 28.13, 13.69, 27.1, 25.0, 12.99, 20.92, 11.04, 12.0, 28.91, 33.95]
a: [103.35, 96.0, 143.51, 61.87, 133.5, 141.85, 157.19, 93.41, 124.74, 121.7, 118.39, 50.0, 50.0, 50.0]
d: [3.54, 3.51, 3.5, 4.69, 4.74, 5.12, 6.26, 3.74, 4.69, 5.12, 3.5, 3.5, 3.63, 2.0]

iteration: 14
best: [5.76, 7.24, 9.8, 13.11, 15.37, 19.36, 28.66, 31.69, 33.49, 43.52, 50.76, 53.82, 56.64, 58.76]
time: [5.8, 7.29, 10.52, 13.89, 20.9, 52.01, 1000, 1000, 1000, 1000, 1000, 1000, 1000, 1000]
current_hyper_parameter
v: [27.54, 33.54, 26.66, 23.2, 11.37, 31.55, 27.1, 23.35, 13.87, 20.92, 14.61, 32.63, 28.91, 31.21]
a: [103.35, 96.0, 53.31, 45.16, 94.83, 39.41, 157.19, 35.65, 100.92, 121.7, 89.63, 117.71, 50.0, 131.9]
d: [3.54, 3.51, 3.5, 4.69, 4.39, 4.39, 6.26, 3.74, 4.69, 5.12, 5.69, 3.5, 3.63, 2.0]
BEST_hyper_parameter
v: [27.54, 33.54, 22.86, 11.08, 28.13, 13.69, 27.1, 25.0, 12.99, 20.92, 11.04, 12.0, 28.91, 33.95]
a: [103.35, 96.0, 143.51, 61.87, 133.5, 141.85, 157.19, 93.41, 124.74, 121.7, 118.39, 50.0, 50.0, 50.0]
d: [3.54, 3.51, 3.5, 4.69, 4.74, 5.12, 6.26, 3.74, 4.69, 5.12, 3.5, 3.5, 3.63, 2.0]
mutation at idx = 1

iteration: 15
best: [5.76, 7.24, 9.8, 13.11, 15.37, 19.36, 28.66, 31.69, 33.49, 43.52, 50.76, 53.82, 56.64, 58.76]
time: [5.73, 7.41, 10.39, 16.35, 21.2, 24.65, 43.51, 46.98, 48.81, 50.65, 1000, 1000, 1000, 1000]
current_hyper_parameter
v: [27.54, 26.3, 24.56, 28.55, 9.55, 13.69, 14.48, 17.8, 25.33, 18.46, 9.01, 23.1, 28.91, 15.35]
a: [103.35, 58.76, 91.37, 69.34, 133.5, 141.85, 113.47, 42.46, 57.38, 121.7, 118.39, 29.68, 50.0, 138.66]
d: [3.54, 3.51, 3.5, 4.69, 4.4, 5.12, 3.61, 4.6, 5.21, 3.76, 3.73, 6.29, 3.63, 2.0]
BEST_hyper_parameter
v: [27.54, 33.54, 22.86, 11.08, 28.13, 13.69, 27.1, 25.0, 12.99, 20.92, 11.04, 12.0, 28.91, 33.95]
a: [103.35, 96.0, 143.51, 61.87, 133.5, 141.85, 157.19, 93.41, 124.74, 121.7, 118.39, 50.0, 50.0, 50.0]
d: [3.54, 3.51, 3.5, 4.69, 4.74, 5.12, 6.26, 3.74, 4.69, 5.12, 3.5, 3.5, 3.63, 2.0]
mutation at idx = 0

iteration: 16
best: [5.76, 7.24, 9.8, 13.11, 15.37, 19.36, 28.66, 31.69, 33.49, 43.52, 50.76, 53.82, 56.64, 58.76]
time: [5.95, 7.44, 9.79, 15.3, 25.05, 27.57, 37.41, 40.13, 41.72, 46.36, 1000, 1000, 1000, 1000]
current_hyper_parameter
v: [18.06, 33.54, 31.88, 25.63, 28.48, 24.81, 23.65, 25.0, 31.13, 16.34, 13.07, 12.0, 28.91, 8.68]
a: [103.35, 96.0, 137.07, 111.87, 61.24, 141.85, 122.56, 93.41, 124.74, 70.05, 100.31, 50.0, 50.0, 69.99]
d: [3.54, 3.51, 3.57, 5.4, 5.18, 5.12, 4.18, 3.74, 6.38, 6.27, 3.5, 3.5, 3.63, 2.0]
BEST_hyper_parameter
v: [27.54, 33.54, 22.86, 11.08, 28.13, 13.69, 27.1, 25.0, 12.99, 20.92, 11.04, 12.0, 28.91, 33.95]
a: [103.35, 96.0, 143.51, 61.87, 133.5, 141.85, 157.19, 93.41, 124.74, 121.7, 118.39, 50.0, 50.0, 50.0]
d: [3.54, 3.51, 3.5, 4.69, 4.74, 5.12, 6.26, 3.74, 4.69, 5.12, 3.5, 3.5, 3.63, 2.0]

iteration: 17
best: [5.76, 7.24, 9.8, 13.11, 15.37, 19.36, 28.66, 31.69, 33.49, 43.52, 50.76, 53.82, 56.64, 58.76]
time: [5.81, 7.28, 9.85, 12.92, 18.99, 22.03, 32.39, 39.44, 1000, 1000, 1000, 1000, 1000, 1000]
current_hyper_parameter
v: [27.54, 33.54, 22.86, 11.08, 32.98, 23.25, 22.78, 20.6, 30.55, 20.92, 8.51, 23.52, 28.91, 20.68]
a: [103.35, 96.0, 143.51, 61.87, 91.64, 108.97, 153.58, 93.41, 30.48, 121.7, 42.01, 135.39, 50.0, 150.3]
d: [3.54, 3.51, 3.5, 4.69, 4.74, 5.65, 4.47, 3.74, 4.69, 5.12, 6.38, 4.48, 3.63, 2.0]
BEST_hyper_parameter
v: [27.54, 33.54, 22.86, 11.08, 28.13, 13.69, 27.1, 25.0, 12.99, 20.92, 11.04, 12.0, 28.91, 33.95]
a: [103.35, 96.0, 143.51, 61.87, 133.5, 141.85, 157.19, 93.41, 124.74, 121.7, 118.39, 50.0, 50.0, 50.0]
d: [3.54, 3.51, 3.5, 4.69, 4.74, 5.12, 6.26, 3.74, 4.69, 5.12, 3.5, 3.5, 3.63, 2.0]

iteration: 18
best: [5.76, 7.24, 9.8, 13.11, 15.37, 19.36, 28.66, 31.69, 33.49, 43.52, 50.76, 53.82, 56.64, 58.76]
time: [5.81, 7.28, 9.8, 13.12, 1000, 1000, 1000, 1000, 1000, 1000, 1000, 1000, 1000, 1000]
current_hyper_parameter
v: [27.54, 33.54, 22.86, 11.08, 33.98, 23.17, 31.47, 11.67, 12.99, 21.05, 29.96, 12.0, 18.32, 11.82]
a: [103.35, 96.0, 143.51, 61.87, 133.5, 141.85, 157.19, 35.86, 124.74, 52.01, 126.58, 50.0, 50.0, 113.68]
d: [3.54, 3.51, 3.5, 4.69, 4.74, 6.32, 6.26, 3.74, 4.69, 5.12, 3.58, 3.5, 5.26, 2.0]
BEST_hyper_parameter
v: [27.54, 33.54, 22.86, 11.08, 28.13, 13.69, 27.1, 25.0, 12.99, 20.92, 11.04, 12.0, 28.91, 33.95]
a: [103.35, 96.0, 143.51, 61.87, 133.5, 141.85, 157.19, 93.41, 124.74, 121.7, 118.39, 50.0, 50.0, 50.0]
d: [3.54, 3.51, 3.5, 4.69, 4.74, 5.12, 6.26, 3.74, 4.69, 5.12, 3.5, 3.5, 3.63, 2.0]
mutation at idx = 3

iteration: 19
best: [5.76, 7.24, 9.8, 13.11, 15.37, 19.36, 28.66, 31.69, 33.49, 43.52, 50.76, 53.82, 56.64, 58.76]
time: [5.82, 7.28, 9.84, 12.86, 26.4, 43.26, 52.21, 54.61, 1000, 1000, 1000, 1000, 1000, 1000]
current_hyper_parameter
v: [27.54, 33.54, 22.86, 10.88, 22.92, 30.35, 27.1, 26.64, 16.23, 30.04, 19.73, 28.05, 25.88, 12.51]
a: [103.35, 96.0, 143.51, 159.33, 133.5, 126.41, 157.19, 133.75, 66.69, 28.54, 30.32, 39.35, 145.71, 48.66]
d: [3.54, 3.51, 3.5, 4.69, 4.74, 3.51, 6.26, 3.74, 4.44, 5.12, 3.5, 3.5, 5.42, 2.0]
BEST_hyper_parameter
v: [27.54, 33.54, 22.86, 11.08, 28.13, 13.69, 27.1, 25.0, 12.99, 20.92, 11.04, 12.0, 28.91, 33.95]
a: [103.35, 96.0, 143.51, 61.87, 133.5, 141.85, 157.19, 93.41, 124.74, 121.7, 118.39, 50.0, 50.0, 50.0]
d: [3.54, 3.51, 3.5, 4.69, 4.74, 5.12, 6.26, 3.74, 4.69, 5.12, 3.5, 3.5, 3.63, 2.0]

iteration: 20
best: [5.76, 7.24, 9.8, 13.11, 15.37, 19.36, 28.66, 31.69, 33.49, 43.52, 50.76, 53.82, 56.64, 58.76]
time: [5.81, 7.28, 9.86, 12.99, 15.38, 18.72, 29.83, 32.63, 1000, 1000, 1000, 1000, 1000, 1000]
current_hyper_parameter
v: [27.54, 33.54, 22.86, 11.08, 27.77, 30.26, 21.61, 25.0, 25.52, 26.4, 9.9, 12.0, 28.91, 17.58]
a: [103.35, 96.0, 143.51, 61.87, 133.5, 141.85, 35.55, 93.41, 128.3, 50.2, 118.39, 50.0, 50.0, 132.55]
d: [3.54, 3.51, 3.5, 4.69, 4.9, 5.12, 6.26, 3.74, 4.69, 5.12, 5.83, 3.5, 3.63, 2.0]
BEST_hyper_parameter
v: [27.54, 33.54, 22.86, 11.08, 28.13, 13.69, 27.1, 25.0, 12.99, 20.92, 11.04, 12.0, 28.91, 33.95]
a: [103.35, 96.0, 143.51, 61.87, 133.5, 141.85, 157.19, 93.41, 124.74, 121.7, 118.39, 50.0, 50.0, 50.0]
d: [3.54, 3.51, 3.5, 4.69, 4.74, 5.12, 6.26, 3.74, 4.69, 5.12, 3.5, 3.5, 3.63, 2.0]
mutation at idx = 0
mutation at idx = 2
mutation at idx = 3

iteration: 21
best: [5.76, 7.24, 9.8, 13.11, 15.37, 18.72, 28.66, 31.69, 33.49, 43.52, 50.76, 53.82, 56.64, 58.76]
time: [5.72, 7.14, 10.62, 13.99, 16.35, 19.73, 31.53, 1000, 1000, 1000, 1000, 1000, 1000, 1000]
current_hyper_parameter
v: [28.26, 33.54, 30.31, 9.66, 28.13, 30.26, 30.04, 25.0, 13.59, 19.73, 11.04, 12.0, 28.91, 29.63]
a: [135.79, 96.0, 49.82, 114.25, 133.5, 141.85, 157.19, 93.41, 50.13, 81.42, 118.39, 50.0, 50.0, 50.0]
d: [5.3, 3.51, 4.31, 5.08, 4.74, 5.12, 6.29, 3.74, 4.69, 3.91, 3.5, 3.5, 3.63, 2.0]
BEST_hyper_parameter
v: [27.54, 33.54, 22.86, 11.08, 28.13, 30.26, 27.1, 25.0, 12.99, 20.92, 11.04, 12.0, 28.91, 33.95]
a: [103.35, 96.0, 143.51, 61.87, 133.5, 141.85, 157.19, 93.41, 124.74, 121.7, 118.39, 50.0, 50.0, 50.0]
d: [3.54, 3.51, 3.5, 4.69, 4.74, 5.12, 6.26, 3.74, 4.69, 5.12, 3.5, 3.5, 3.63, 2.0]

iteration: 22
best: [5.76, 7.24, 9.8, 13.11, 15.37, 18.72, 28.66, 31.69, 33.49, 43.52, 50.76, 53.82, 56.64, 58.76]
time: [5.81, 7.28, 10.32, 13.51, 1000, 1000, 1000, 1000, 1000, 1000, 1000, 1000, 1000, 1000]
current_hyper_parameter
v: [27.54, 33.54, 21.52, 12.38, 10.82, 10.27, 13.95, 25.0, 22.66, 9.2, 31.96, 25.9, 30.49, 30.32]
a: [103.35, 96.0, 58.4, 110.3, 133.5, 101.71, 71.71, 93.41, 124.74, 121.7, 119.69, 105.21, 101.6, 53.41]
d: [3.54, 3.51, 3.5, 5.95, 4.74, 4.84, 6.26, 3.74, 4.69, 5.1, 5.91, 6.5, 5.62, 2.0]
BEST_hyper_parameter
v: [27.54, 33.54, 22.86, 11.08, 28.13, 30.26, 27.1, 25.0, 12.99, 20.92, 11.04, 12.0, 28.91, 33.95]
a: [103.35, 96.0, 143.51, 61.87, 133.5, 141.85, 157.19, 93.41, 124.74, 121.7, 118.39, 50.0, 50.0, 50.0]
d: [3.54, 3.51, 3.5, 4.69, 4.74, 5.12, 6.26, 3.74, 4.69, 5.12, 3.5, 3.5, 3.63, 2.0]

iteration: 23
best: [5.76, 7.24, 9.8, 13.11, 15.37, 18.72, 28.66, 31.69, 33.49, 43.52, 50.76, 53.82, 56.64, 58.76]
time: [5.78, 7.25, 10.49, 13.44, 15.87, 19.3, 28.54, 1000, 1000, 1000, 1000, 1000, 1000, 1000]
current_hyper_parameter
v: [27.54, 33.54, 10.58, 13.06, 28.13, 30.26, 27.1, 28.51, 12.99, 20.92, 19.54, 32.68, 15.72, 27.92]
a: [103.35, 96.0, 143.51, 130.08, 133.5, 141.85, 157.19, 93.41, 124.74, 121.7, 32.45, 92.53, 50.0, 123.8]
d: [3.54, 3.51, 4.89, 3.69, 4.74, 5.12, 6.26, 3.74, 4.69, 5.12, 5.31, 3.5, 5.7, 2.0]
BEST_hyper_parameter
v: [27.54, 33.54, 22.86, 11.08, 28.13, 30.26, 27.1, 25.0, 12.99, 20.92, 11.04, 12.0, 28.91, 33.95]
a: [103.35, 96.0, 143.51, 61.87, 133.5, 141.85, 157.19, 93.41, 124.74, 121.7, 118.39, 50.0, 50.0, 50.0]
d: [3.54, 3.51, 3.5, 4.69, 4.74, 5.12, 6.26, 3.74, 4.69, 5.12, 3.5, 3.5, 3.63, 2.0]

iteration: 24
best: [5.76, 7.24, 9.8, 13.11, 15.37, 18.72, 28.66, 31.69, 33.49, 43.52, 50.76, 53.82, 56.64, 58.76]
time: [5.78, 7.24, 9.81, 12.72, 19.37, 26.76, 42.06, 44.92, 49.7, 51.62, 56.53, 1000, 1000, 1000]
current_hyper_parameter
v: [27.54, 33.54, 22.86, 27.33, 13.5, 25.97, 17.19, 30.89, 9.89, 30.72, 15.97, 12.0, 34.42, 30.79]
a: [103.35, 96.0, 143.51, 61.87, 90.26, 141.85, 65.78, 87.27, 118.0, 69.8, 82.67, 50.0, 77.61, 127.71]
d: [3.54, 3.51, 3.5, 4.17, 4.74, 4.52, 6.26, 4.07, 6.26, 4.35, 3.5, 3.5, 4.52, 2.0]
BEST_hyper_parameter
v: [27.54, 33.54, 22.86, 11.08, 28.13, 30.26, 27.1, 25.0, 12.99, 20.92, 11.04, 12.0, 28.91, 33.95]
a: [103.35, 96.0, 143.51, 61.87, 133.5, 141.85, 157.19, 93.41, 124.74, 121.7, 118.39, 50.0, 50.0, 50.0]
d: [3.54, 3.51, 3.5, 4.69, 4.74, 5.12, 6.26, 3.74, 4.69, 5.12, 3.5, 3.5, 3.63, 2.0]
mutation at idx = 2

iteration: 25
best: [5.76, 7.24, 9.8, 13.11, 15.37, 18.72, 28.66, 31.69, 33.49, 43.52, 50.76, 53.82, 56.64, 58.76]
time: [5.83, 7.3, 10.04, 13.12, 15.83, 52.66, 1000, 1000, 1000, 1000, 1000, 1000, 1000, 1000]
current_hyper_parameter
v: [27.54, 33.54, 19.75, 11.08, 32.45, 17.79, 17.08, 24.12, 24.7, 19.18, 32.95, 27.51, 31.98, 30.97]
a: [103.35, 96.0, 146.62, 61.87, 85.78, 141.85, 73.42, 89.84, 124.74, 144.45, 38.56, 50.0, 50.0, 120.79]
d: [3.54, 3.51, 3.86, 4.69, 5.65, 5.12, 6.26, 3.74, 4.29, 4.73, 4.07, 5.91, 4.4, 2.0]
BEST_hyper_parameter
v: [27.54, 33.54, 22.86, 11.08, 28.13, 30.26, 27.1, 25.0, 12.99, 20.92, 11.04, 12.0, 28.91, 33.95]
a: [103.35, 96.0, 143.51, 61.87, 133.5, 141.85, 157.19, 93.41, 124.74, 121.7, 118.39, 50.0, 50.0, 50.0]
d: [3.54, 3.51, 3.5, 4.69, 4.74, 5.12, 6.26, 3.74, 4.69, 5.12, 3.5, 3.5, 3.63, 2.0]

iteration: 26
best: [5.76, 7.24, 9.8, 13.11, 15.37, 18.72, 28.66, 31.69, 33.49, 43.52, 50.76, 53.82, 56.64, 58.76]
time: [5.88, 7.39, 9.98, 13.01, 15.45, 22.78, 32.71, 45.81, 52.36, 54.43, 1000, 1000, 1000, 1000]
current_hyper_parameter
v: [27.54, 33.54, 22.86, 11.08, 28.13, 32.61, 27.1, 30.94, 12.99, 10.95, 25.48, 12.0, 25.2, 8.79]
a: [103.35, 96.0, 143.51, 61.87, 133.5, 61.81, 157.19, 40.89, 124.74, 146.92, 50.99, 50.0, 50.0, 63.43]
d: [3.54, 3.51, 3.5, 4.69, 4.74, 5.12, 6.26, 3.74, 4.69, 4.43, 4.9, 3.5, 5.36, 2.0]
BEST_hyper_parameter
v: [27.54, 33.54, 22.86, 11.08, 28.13, 30.26, 27.1, 25.0, 12.99, 20.92, 11.04, 12.0, 28.91, 33.95]
a: [103.35, 96.0, 143.51, 61.87, 133.5, 141.85, 157.19, 93.41, 124.74, 121.7, 118.39, 50.0, 50.0, 50.0]
d: [3.54, 3.51, 3.5, 4.69, 4.74, 5.12, 6.26, 3.74, 4.69, 5.12, 3.5, 3.5, 3.63, 2.0]
mutation at idx = 1

iteration: 27
best: [5.76, 7.24, 9.8, 13.11, 15.37, 18.72, 28.66, 31.69, 33.49, 43.52, 50.76, 53.82, 56.64, 58.76]
time: [5.82, 7.31, 9.83, 13.0, 15.39, 19.8, 31.8, 34.63, 36.34, 43.11, 52.38, 1000, 1000, 1000]
current_hyper_parameter
v: [27.54, 24.1, 22.86, 11.08, 28.13, 18.81, 30.09, 25.0, 17.33, 20.11, 11.04, 23.65, 20.51, 28.11]
a: [103.35, 96.0, 143.51, 61.87, 133.5, 61.45, 49.93, 93.41, 93.3, 121.81, 118.39, 151.22, 88.58, 50.0]
d: [3.54, 5.25, 3.5, 4.69, 4.74, 5.12, 6.26, 3.74, 4.69, 5.12, 3.5, 3.94, 3.63, 2.0]
BEST_hyper_parameter
v: [27.54, 33.54, 22.86, 11.08, 28.13, 30.26, 27.1, 25.0, 12.99, 20.92, 11.04, 12.0, 28.91, 33.95]
a: [103.35, 96.0, 143.51, 61.87, 133.5, 141.85, 157.19, 93.41, 124.74, 121.7, 118.39, 50.0, 50.0, 50.0]
d: [3.54, 3.51, 3.5, 4.69, 4.74, 5.12, 6.26, 3.74, 4.69, 5.12, 3.5, 3.5, 3.63, 2.0]

iteration: 28
best: [5.76, 7.24, 9.8, 13.11, 15.37, 18.72, 28.66, 31.69, 33.49, 43.52, 50.76, 53.82, 56.64, 58.76]
time: [5.83, 7.28, 9.87, 12.99, 15.38, 18.82, 26.88, 1000, 1000, 1000, 1000, 1000, 1000, 1000]
current_hyper_parameter
v: [27.54, 33.54, 22.86, 11.08, 28.13, 29.78, 33.19, 33.98, 27.01, 17.55, 9.71, 20.09, 16.03, 28.11]
a: [103.35, 96.0, 143.51, 61.87, 133.5, 141.85, 157.19, 93.41, 96.75, 155.89, 72.93, 138.27, 109.52, 50.0]
d: [3.54, 3.51, 3.5, 4.69, 4.74, 5.12, 6.26, 6.15, 4.69, 3.98, 3.5, 4.51, 6.12, 2.0]
BEST_hyper_parameter
v: [27.54, 33.54, 22.86, 11.08, 28.13, 30.26, 27.1, 25.0, 12.99, 20.92, 11.04, 12.0, 28.91, 33.95]
a: [103.35, 96.0, 143.51, 61.87, 133.5, 141.85, 157.19, 93.41, 124.74, 121.7, 118.39, 50.0, 50.0, 50.0]
d: [3.54, 3.51, 3.5, 4.69, 4.74, 5.12, 6.26, 3.74, 4.69, 5.12, 3.5, 3.5, 3.63, 2.0]
mutation at idx = 0

iteration: 29
best: [5.76, 7.24, 9.8, 13.11, 15.37, 18.72, 26.88, 31.69, 33.49, 43.52, 50.76, 53.82, 56.64, 58.76]
time: [7.51, 9.21, 11.84, 15.18, 20.81, 23.91, 32.05, 1000, 1000, 1000, 1000, 1000, 1000, 1000]
current_hyper_parameter
v: [11.45, 33.54, 22.86, 11.08, 28.13, 30.26, 33.19, 31.48, 12.99, 33.44, 20.96, 32.32, 26.68, 31.46]
a: [24.59, 96.0, 143.51, 61.87, 133.5, 141.85, 157.19, 34.06, 124.74, 121.7, 118.39, 56.97, 50.0, 67.6]
d: [3.54, 3.51, 3.5, 4.69, 4.74, 5.12, 6.26, 3.57, 4.69, 5.12, 4.97, 4.46, 6.25, 2.0]
BEST_hyper_parameter
v: [27.54, 33.54, 22.86, 11.08, 28.13, 30.26, 33.19, 25.0, 12.99, 20.92, 11.04, 12.0, 28.91, 33.95]
a: [103.35, 96.0, 143.51, 61.87, 133.5, 141.85, 157.19, 93.41, 124.74, 121.7, 118.39, 50.0, 50.0, 50.0]
d: [3.54, 3.51, 3.5, 4.69, 4.74, 5.12, 6.26, 3.74, 4.69, 5.12, 3.5, 3.5, 3.63, 2.0]

iteration: 30
best: [5.76, 7.24, 9.8, 13.11, 15.37, 18.72, 26.88, 31.69, 33.49, 43.52, 50.76, 53.82, 56.64, 58.76]
time: [5.96, 7.49, 10.79, 14.9, 17.35, 22.5, 31.22, 33.97, 35.36, 1000, 1000, 1000, 1000, 1000]
current_hyper_parameter
v: [15.13, 33.54, 9.46, 9.81, 27.33, 21.99, 33.19, 25.0, 16.15, 14.51, 20.68, 12.0, 30.55, 33.95]
a: [103.35, 96.0, 143.51, 40.06, 156.68, 46.59, 157.19, 93.41, 124.74, 22.37, 118.39, 50.0, 108.9, 50.0]
d: [3.54, 3.51, 3.77, 5.02, 4.53, 4.96, 6.26, 3.74, 3.93, 4.21, 3.5, 3.5, 5.08, 2.0]
BEST_hyper_parameter
v: [27.54, 33.54, 22.86, 11.08, 28.13, 30.26, 33.19, 25.0, 12.99, 20.92, 11.04, 12.0, 28.91, 33.95]
a: [103.35, 96.0, 143.51, 61.87, 133.5, 141.85, 157.19, 93.41, 124.74, 121.7, 118.39, 50.0, 50.0, 50.0]
d: [3.54, 3.51, 3.5, 4.69, 4.74, 5.12, 6.26, 3.74, 4.69, 5.12, 3.5, 3.5, 3.63, 2.0]

iteration: 31
best: [5.76, 7.24, 9.8, 13.11, 15.37, 18.72, 26.88, 31.69, 33.49, 43.52, 50.76, 53.82, 56.64, 58.76]
time: [5.82, 7.28, 9.83, 12.79, 19.31, 23.21, 39.07, 41.87, 47.47, 49.71, 1000, 1000, 1000, 1000]
current_hyper_parameter
v: [27.54, 33.54, 22.86, 20.02, 29.21, 11.71, 24.64, 24.21, 12.99, 29.54, 31.65, 13.3, 11.74, 31.73]
a: [103.35, 96.0, 143.51, 61.87, 49.22, 73.34, 23.73, 104.26, 124.74, 121.7, 118.39, 72.88, 75.64, 121.68]
d: [3.54, 3.51, 3.5, 4.69, 4.74, 4.76, 6.09, 5.65, 4.69, 5.59, 3.5, 3.5, 4.52, 2.0]
BEST_hyper_parameter
v: [27.54, 33.54, 22.86, 11.08, 28.13, 30.26, 33.19, 25.0, 12.99, 20.92, 11.04, 12.0, 28.91, 33.95]
a: [103.35, 96.0, 143.51, 61.87, 133.5, 141.85, 157.19, 93.41, 124.74, 121.7, 118.39, 50.0, 50.0, 50.0]
d: [3.54, 3.51, 3.5, 4.69, 4.74, 5.12, 6.26, 3.74, 4.69, 5.12, 3.5, 3.5, 3.63, 2.0]

iteration: 32
best: [5.76, 7.24, 9.8, 13.11, 15.37, 18.72, 26.88, 31.69, 33.49, 43.52, 50.76, 53.82, 56.64, 58.76]
time: [5.82, 7.26, 9.86, 12.95, 15.28, 20.32, 39.61, 50.46, 53.68, 56.6, 58.45, 1000, 1000, 1000]
current_hyper_parameter
v: [27.54, 33.54, 22.86, 11.08, 28.13, 9.84, 11.13, 25.0, 16.22, 16.52, 8.53, 12.0, 33.18, 9.62]
a: [103.35, 96.0, 143.51, 61.87, 133.5, 141.85, 65.96, 93.41, 34.33, 33.97, 118.39, 50.0, 50.0, 98.42]
d: [3.54, 3.51, 3.5, 4.69, 4.74, 5.27, 4.74, 3.74, 4.52, 5.12, 3.5, 3.5, 3.63, 2.0]
BEST_hyper_parameter
v: [27.54, 33.54, 22.86, 11.08, 28.13, 30.26, 33.19, 25.0, 12.99, 20.92, 11.04, 12.0, 28.91, 33.95]
a: [103.35, 96.0, 143.51, 61.87, 133.5, 141.85, 157.19, 93.41, 124.74, 121.7, 118.39, 50.0, 50.0, 50.0]
d: [3.54, 3.51, 3.5, 4.69, 4.74, 5.12, 6.26, 3.74, 4.69, 5.12, 3.5, 3.5, 3.63, 2.0]

iteration: 33
best: [5.76, 7.24, 9.8, 13.11, 15.37, 18.72, 26.88, 31.69, 33.49, 43.52, 50.76, 53.82, 56.64, 58.76]
time: [5.82, 7.26, 9.85, 12.97, 15.36, 20.64, 29.81, 1000, 1000, 1000, 1000, 1000, 1000, 1000]
current_hyper_parameter
v: [27.54, 33.54, 22.86, 11.08, 28.13, 32.05, 33.19, 34.02, 12.99, 9.03, 18.24, 9.83, 28.91, 33.75]
a: [103.35, 96.0, 143.51, 61.87, 133.5, 38.07, 157.19, 109.32, 124.74, 31.24, 118.39, 90.08, 50.0, 108.23]
d: [3.54, 3.51, 3.5, 4.69, 4.74, 3.56, 6.26, 3.74, 4.69, 4.46, 4.4, 5.4, 3.63, 2.0]
BEST_hyper_parameter
v: [27.54, 33.54, 22.86, 11.08, 28.13, 30.26, 33.19, 25.0, 12.99, 20.92, 11.04, 12.0, 28.91, 33.95]
a: [103.35, 96.0, 143.51, 61.87, 133.5, 141.85, 157.19, 93.41, 124.74, 121.7, 118.39, 50.0, 50.0, 50.0]
d: [3.54, 3.51, 3.5, 4.69, 4.74, 5.12, 6.26, 3.74, 4.69, 5.12, 3.5, 3.5, 3.63, 2.0]

iteration: 34
best: [5.76, 7.24, 9.8, 13.11, 15.37, 18.72, 26.88, 31.69, 33.49, 43.52, 50.76, 53.82, 56.64, 58.76]
time: [5.81, 7.27, 9.86, 12.99, 15.37, 21.8, 1000, 1000, 1000, 1000, 1000, 1000, 1000, 1000]
current_hyper_parameter
v: [27.54, 33.54, 22.86, 11.08, 28.13, 30.26, 10.11, 25.65, 28.49, 19.75, 11.04, 12.0, 11.25, 33.95]
a: [103.35, 96.0, 143.51, 61.87, 133.5, 141.85, 24.96, 67.78, 124.74, 65.69, 118.39, 50.0, 50.0, 50.0]
d: [3.54, 3.51, 3.5, 4.69, 4.74, 5.12, 5.71, 3.74, 4.18, 5.12, 3.5, 3.5, 3.63, 2.0]
BEST_hyper_parameter
v: [27.54, 33.54, 22.86, 11.08, 28.13, 30.26, 33.19, 25.0, 12.99, 20.92, 11.04, 12.0, 28.91, 33.95]
a: [103.35, 96.0, 143.51, 61.87, 133.5, 141.85, 157.19, 93.41, 124.74, 121.7, 118.39, 50.0, 50.0, 50.0]
d: [3.54, 3.51, 3.5, 4.69, 4.74, 5.12, 6.26, 3.74, 4.69, 5.12, 3.5, 3.5, 3.63, 2.0]

iteration: 35
best: [5.76, 7.24, 9.8, 13.11, 15.37, 18.72, 26.88, 31.69, 33.49, 43.52, 50.76, 53.82, 56.64, 58.76]
time: [5.83, 7.28, 9.86, 12.99, 15.37, 19.29, 27.7, 1000, 1000, 1000, 1000, 1000, 1000, 1000]
current_hyper_parameter
v: [27.54, 33.54, 22.86, 11.08, 28.13, 13.73, 33.19, 32.34, 10.75, 20.92, 11.04, 19.78, 14.59, 30.75]
a: [103.35, 96.0, 143.51, 61.87, 133.5, 141.85, 157.19, 93.41, 87.47, 121.7, 118.39, 93.34, 145.4, 140.36]
d: [3.54, 3.51, 3.5, 4.69, 4.74, 5.12, 6.26, 4.41, 3.71, 5.12, 3.5, 6.1, 6.46, 2.0]
BEST_hyper_parameter
v: [27.54, 33.54, 22.86, 11.08, 28.13, 30.26, 33.19, 25.0, 12.99, 20.92, 11.04, 12.0, 28.91, 33.95]
a: [103.35, 96.0, 143.51, 61.87, 133.5, 141.85, 157.19, 93.41, 124.74, 121.7, 118.39, 50.0, 50.0, 50.0]
d: [3.54, 3.51, 3.5, 4.69, 4.74, 5.12, 6.26, 3.74, 4.69, 5.12, 3.5, 3.5, 3.63, 2.0]
mutation at idx = 1

iteration: 36
best: [5.76, 7.24, 9.8, 13.11, 15.37, 18.72, 26.88, 31.69, 33.49, 43.52, 50.76, 53.82, 56.64, 58.76]
time: [5.82, 7.54, 10.3, 13.68, 1000, 1000, 1000, 1000, 1000, 1000, 1000, 1000, 1000, 1000]
current_hyper_parameter
v: [27.54, 10.95, 22.86, 11.08, 28.13, 9.82, 26.77, 11.94, 12.99, 26.18, 11.04, 12.0, 11.15, 11.58]
a: [103.35, 33.19, 143.51, 61.87, 133.5, 53.96, 89.53, 84.72, 124.74, 50.51, 118.39, 50.0, 119.88, 50.0]
d: [3.54, 3.51, 3.5, 4.69, 4.74, 5.12, 6.26, 4.72, 4.69, 5.12, 3.5, 3.5, 3.63, 2.0]
BEST_hyper_parameter
v: [27.54, 33.54, 22.86, 11.08, 28.13, 30.26, 33.19, 25.0, 12.99, 20.92, 11.04, 12.0, 28.91, 33.95]
a: [103.35, 96.0, 143.51, 61.87, 133.5, 141.85, 157.19, 93.41, 124.74, 121.7, 118.39, 50.0, 50.0, 50.0]
d: [3.54, 3.51, 3.5, 4.69, 4.74, 5.12, 6.26, 3.74, 4.69, 5.12, 3.5, 3.5, 3.63, 2.0]

iteration: 37
best: [5.76, 7.24, 9.8, 13.11, 15.37, 18.72, 26.88, 31.69, 33.49, 43.52, 50.76, 53.82, 56.64, 58.76]
time: [5.84, 7.31, 9.89, 16.02, 23.01, 1000, 1000, 1000, 1000, 1000, 1000, 1000, 1000, 1000]
current_hyper_parameter
v: [27.54, 33.54, 22.86, 19.5, 33.97, 8.77, 15.71, 21.89, 17.3, 20.92, 11.04, 34.39, 27.38, 31.62]
a: [103.35, 96.0, 143.51, 105.84, 133.5, 83.91, 74.85, 93.41, 124.74, 121.7, 118.39, 111.75, 94.14, 47.68]
d: [3.54, 3.51, 3.5, 3.53, 4.74, 5.12, 6.26, 3.52, 4.69, 5.12, 3.5, 3.5, 4.32, 2.0]
BEST_hyper_parameter
v: [27.54, 33.54, 22.86, 11.08, 28.13, 30.26, 33.19, 25.0, 12.99, 20.92, 11.04, 12.0, 28.91, 33.95]
a: [103.35, 96.0, 143.51, 61.87, 133.5, 141.85, 157.19, 93.41, 124.74, 121.7, 118.39, 50.0, 50.0, 50.0]
d: [3.54, 3.51, 3.5, 4.69, 4.74, 5.12, 6.26, 3.74, 4.69, 5.12, 3.5, 3.5, 3.63, 2.0]

iteration: 38
best: [5.76, 7.24, 9.8, 13.11, 15.37, 18.72, 26.88, 31.69, 33.49, 43.52, 50.76, 53.82, 56.64, 58.76]
time: [5.82, 7.29, 9.87, 12.86, 18.84, 21.41, 37.25, 41.01, 42.59, 43.99, 1000, 1000, 1000, 1000]
current_hyper_parameter
v: [27.54, 33.54, 22.86, 15.43, 21.21, 30.26, 10.66, 14.24, 25.27, 20.83, 17.97, 27.31, 22.89, 23.25]
a: [103.35, 96.0, 143.51, 61.87, 72.58, 141.85, 68.23, 57.72, 110.85, 121.7, 42.09, 50.0, 155.81, 150.66]
d: [3.54, 3.51, 3.5, 5.97, 5.42, 5.12, 6.26, 3.74, 4.44, 5.12, 4.35, 4.08, 3.63, 2.0]
BEST_hyper_parameter
v: [27.54, 33.54, 22.86, 11.08, 28.13, 30.26, 33.19, 25.0, 12.99, 20.92, 11.04, 12.0, 28.91, 33.95]
a: [103.35, 96.0, 143.51, 61.87, 133.5, 141.85, 157.19, 93.41, 124.74, 121.7, 118.39, 50.0, 50.0, 50.0]
d: [3.54, 3.51, 3.5, 4.69, 4.74, 5.12, 6.26, 3.74, 4.69, 5.12, 3.5, 3.5, 3.63, 2.0]

iteration: 39
best: [5.76, 7.24, 9.8, 13.11, 15.37, 18.72, 26.88, 31.69, 33.49, 43.52, 50.76, 53.82, 56.64, 58.76]
time: [5.77, 7.24, 9.81, 13.13, 1000, 1000, 1000, 1000, 1000, 1000, 1000, 1000, 1000, 1000]
current_hyper_parameter
v: [27.54, 33.54, 22.86, 11.08, 12.54, 8.52, 34.36, 9.64, 31.26, 11.28, 19.32, 9.86, 9.8, 23.67]
a: [103.35, 96.0, 143.51, 61.87, 133.5, 23.49, 49.78, 138.4, 124.74, 149.39, 118.39, 50.0, 117.72, 50.0]
d: [3.54, 3.51, 3.5, 4.69, 4.74, 4.7, 6.26, 3.74, 4.69, 5.12, 5.63, 3.5, 6.03, 2.0]
BEST_hyper_parameter
v: [27.54, 33.54, 22.86, 11.08, 28.13, 30.26, 33.19, 25.0, 12.99, 20.92, 11.04, 12.0, 28.91, 33.95]
a: [103.35, 96.0, 143.51, 61.87, 133.5, 141.85, 157.19, 93.41, 124.74, 121.7, 118.39, 50.0, 50.0, 50.0]
d: [3.54, 3.51, 3.5, 4.69, 4.74, 5.12, 6.26, 3.74, 4.69, 5.12, 3.5, 3.5, 3.63, 2.0]

iteration: 40
best: [5.76, 7.24, 9.8, 13.11, 15.37, 18.72, 26.88, 31.69, 33.49, 43.52, 50.76, 53.82, 56.64, 58.76]
time: [5.82, 7.29, 9.89, 12.98, 18.69, 21.84, 34.23, 45.1, 48.24, 50.03, 1000, 1000, 1000, 1000]
current_hyper_parameter
v: [27.54, 33.54, 22.86, 11.08, 19.0, 30.26, 18.33, 24.65, 24.32, 32.17, 11.04, 29.73, 11.56, 9.31]
a: [103.35, 96.0, 143.51, 61.87, 127.2, 141.85, 83.41, 131.29, 39.3, 106.73, 118.39, 50.0, 150.92, 93.79]
d: [3.54, 3.51, 3.5, 4.69, 4.74, 5.12, 5.16, 3.74, 4.87, 5.12, 3.5, 5.33, 3.63, 2.0]
BEST_hyper_parameter
v: [27.54, 33.54, 22.86, 11.08, 28.13, 30.26, 33.19, 25.0, 12.99, 20.92, 11.04, 12.0, 28.91, 33.95]
a: [103.35, 96.0, 143.51, 61.87, 133.5, 141.85, 157.19, 93.41, 124.74, 121.7, 118.39, 50.0, 50.0, 50.0]
d: [3.54, 3.51, 3.5, 4.69, 4.74, 5.12, 6.26, 3.74, 4.69, 5.12, 3.5, 3.5, 3.63, 2.0]
