
iteration: 1
best: [1000.0, 1000.0, 1000.0, 1000.0, 1000.0, 1000.0, 1000.0, 1000.0, 1000.0, 1000.0, 1000.0, 1000.0, 1000.0, 1000.0]
time: [6.59, 9.07, 13.57, 17.55, 24.7, 28.6, 49.14, 53.92, 56.2, 59.12, 61.1, 64.07, 67.1, 68.99]
current_hyper_parameter
v: [12.0, 12.0, 12.0, 12.0, 12.0, 12.0, 12.0, 12.0, 12.0, 12.0, 12.0, 12.0, 12.0, 12.0]
a: [50.0, 50.0, 50.0, 50.0, 50.0, 50.0, 50.0, 50.0, 50.0, 50.0, 50.0, 50.0, 50.0, 50.0]
d: [3.5, 3.5, 3.5, 3.5, 3.5, 3.5, 3.5, 3.5, 3.5, 3.5, 3.5, 3.5, 3.5, 2.0]
BEST_hyper_parameter
v: [-1.0, -1.0, -1.0, -1.0, -1.0, -1.0, -1.0, -1.0, -1.0, -1.0, -1.0, -1.0, -1.0, -1.0]
a: [-1.0, -1.0, -1.0, -1.0, -1.0, -1.0, -1.0, -1.0, -1.0, -1.0, -1.0, -1.0, -1.0, -1.0]
d: [-1.0, -1.0, -1.0, -1.0, -1.0, -1.0, -1.0, -1.0, -1.0, -1.0, -1.0, -1.0, -1.0, -1.0]
WIN: random_idx = 0

iteration: 2
best: [6.59, 9.07, 13.57, 17.55, 24.7, 28.6, 49.14, 53.92, 56.2, 59.12, 61.1, 64.07, 67.1, 68.99]
time: [6.54, 9.01, 13.48, 20.48, 24.44, 28.62, 49.56, 53.76, 56.04, 58.94, 60.8, 63.87, 1000, 1000]
current_hyper_parameter
v: [21.92, 12.0, 12.0, 12.0, 12.0, 12.0, 12.0, 12.0, 12.0, 12.0, 12.0, 12.0, 12.0, 12.0]
a: [44.3, 50.0, 50.0, 50.0, 50.0, 50.0, 50.0, 50.0, 50.0, 50.0, 50.0, 50.0, 50.0, 50.0]
d: [6.36, 3.5, 3.5, 3.5, 3.5, 3.5, 3.5, 3.5, 3.5, 3.5, 3.5, 3.5, 3.5, 2.0]
BEST_hyper_parameter
v: [12.0, 12.0, 12.0, 12.0, 12.0, 12.0, 12.0, 12.0, 12.0, 12.0, 12.0, 12.0, 12.0, 12.0]
a: [50.0, 50.0, 50.0, 50.0, 50.0, 50.0, 50.0, 50.0, 50.0, 50.0, 50.0, 50.0, 50.0, 50.0]
d: [3.5, 3.5, 3.5, 3.5, 3.5, 3.5, 3.5, 3.5, 3.5, 3.5, 3.5, 3.5, 3.5, 2.0]

iteration: 3
best: [6.59, 9.07, 13.57, 17.55, 24.7, 28.6, 49.14, 53.92, 56.2, 59.12, 61.1, 64.07, 67.1, 68.99]
time: [6.75, 9.23, 13.6, 16.81, 23.54, 27.71, 41.9, 45.69, 47.41, 52.07, 1000, 1000, 1000, 1000]
current_hyper_parameter
v: [12.0, 12.0, 12.0, 12.0, 12.0, 10.68, 20.91, 26.24, 18.84, 10.23, 24.84, 27.73, 33.19, 18.52]
a: [50.0, 50.0, 50.0, 157.82, 50.0, 50.0, 72.88, 44.75, 146.22, 158.38, 108.06, 130.14, 152.45, 60.14]
d: [3.5, 3.5, 3.5, 3.5, 3.5, 6.5, 5.22, 3.5, 6.14, 3.5, 3.5, 6.31, 3.5, 2.0]
BEST_hyper_parameter
v: [12.0, 12.0, 12.0, 12.0, 12.0, 12.0, 12.0, 12.0, 12.0, 12.0, 12.0, 12.0, 12.0, 12.0]
a: [50.0, 50.0, 50.0, 50.0, 50.0, 50.0, 50.0, 50.0, 50.0, 50.0, 50.0, 50.0, 50.0, 50.0]
d: [3.5, 3.5, 3.5, 3.5, 3.5, 3.5, 3.5, 3.5, 3.5, 3.5, 3.5, 3.5, 3.5, 2.0]

iteration: 4
best: [6.59, 9.07, 13.57, 16.81, 23.54, 27.71, 41.9, 45.69, 47.41, 52.07, 61.1, 64.07, 67.1, 68.99]
time: [6.78, 9.24, 13.6, 16.8, 20.5, 25.04, 39.25, 43.12, 44.81, 46.53, 55.88, 64.23, 67.28, 69.27]
current_hyper_parameter
v: [12.0, 12.0, 12.0, 12.0, 12.0, 10.68, 20.91, 26.24, 18.84, 10.23, 18.02, 25.19, 29.33, 20.29]
a: [50.0, 50.0, 50.0, 157.82, 50.0, 50.0, 72.88, 44.75, 146.22, 158.38, 50.0, 137.79, 50.0, 50.0]
d: [3.5, 3.5, 3.5, 3.5, 3.5, 6.5, 5.22, 3.5, 6.14, 3.5, 3.5, 3.5, 3.84, 2.0]
BEST_hyper_parameter
v: [12.0, 12.0, 12.0, 12.0, 12.0, 10.68, 20.91, 26.24, 18.84, 10.23, 12.0, 12.0, 12.0, 12.0]
a: [50.0, 50.0, 50.0, 157.82, 50.0, 50.0, 72.88, 44.75, 146.22, 158.38, 50.0, 50.0, 50.0, 50.0]
d: [3.5, 3.5, 3.5, 3.5, 3.5, 6.5, 5.22, 3.5, 6.14, 3.5, 3.5, 3.5, 3.5, 2.0]

iteration: 5
best: [6.59, 9.07, 13.57, 16.81, 20.5, 25.04, 39.25, 43.12, 44.81, 46.53, 55.88, 64.07, 67.1, 68.99]
time: [6.59, 9.08, 13.56, 19.87, 33.18, 37.66, 51.74, 62.37, 65.75, 67.58, 1000, 1000, 1000, 1000]
current_hyper_parameter
v: [12.0, 12.0, 12.0, 12.0, 12.0, 10.68, 20.91, 26.24, 18.84, 10.23, 18.02, 12.0, 12.0, 12.0]
a: [50.0, 50.0, 50.0, 157.82, 50.0, 50.0, 72.88, 44.75, 146.22, 158.38, 50.0, 50.0, 50.0, 50.0]
d: [3.5, 3.5, 3.5, 3.5, 3.5, 6.5, 5.22, 3.5, 6.14, 3.5, 3.5, 3.5, 3.5, 2.0]
BEST_hyper_parameter
v: [12.0, 12.0, 12.0, 12.0, 12.0, 10.68, 20.91, 26.24, 18.84, 10.23, 18.02, 12.0, 12.0, 12.0]
a: [50.0, 50.0, 50.0, 157.82, 50.0, 50.0, 72.88, 44.75, 146.22, 158.38, 50.0, 50.0, 50.0, 50.0]
d: [3.5, 3.5, 3.5, 3.5, 3.5, 6.5, 5.22, 3.5, 6.14, 3.5, 3.5, 3.5, 3.5, 2.0]

iteration: 6
best: [6.59, 9.07, 13.57, 16.81, 20.5, 25.04, 39.25, 43.12, 44.81, 46.53, 55.88, 64.07, 67.1, 68.99]
time: [6.72, 9.19, 13.61, 16.85, 19.95, 24.78, 38.82, 41.81, 1000, 1000, 1000, 1000, 1000, 1000]
current_hyper_parameter
v: [12.0, 12.0, 12.0, 12.0, 13.03, 10.81, 20.91, 17.92, 23.33, 10.23, 18.02, 14.54, 12.0, 19.97]
a: [50.0, 50.0, 50.0, 157.82, 131.19, 50.0, 72.88, 109.71, 146.22, 158.38, 50.0, 137.69, 50.0, 33.62]
d: [3.5, 3.5, 3.5, 3.5, 3.5, 6.0, 5.22, 4.53, 6.14, 3.5, 3.5, 3.5, 3.5, 2.0]
BEST_hyper_parameter
v: [12.0, 12.0, 12.0, 12.0, 12.0, 10.68, 20.91, 26.24, 18.84, 10.23, 18.02, 12.0, 12.0, 12.0]
a: [50.0, 50.0, 50.0, 157.82, 50.0, 50.0, 72.88, 44.75, 146.22, 158.38, 50.0, 50.0, 50.0, 50.0]
d: [3.5, 3.5, 3.5, 3.5, 3.5, 6.5, 5.22, 3.5, 6.14, 3.5, 3.5, 3.5, 3.5, 2.0]
mutation at idx = 6

iteration: 7
best: [6.59, 9.07, 13.57, 16.81, 19.95, 25.04, 39.25, 41.81, 44.81, 46.53, 55.88, 64.07, 67.1, 68.99]
time: [6.63, 9.09, 13.54, 16.79, 25.95, 30.83, 47.34, 50.49, 51.93, 53.34, 59.51, 63.97, 65.8, 1000]
current_hyper_parameter
v: [12.0, 12.0, 12.0, 12.0, 13.03, 10.68, 16.37, 17.92, 18.84, 27.4, 18.02, 30.15, 24.85, 12.0]
a: [50.0, 50.0, 50.0, 157.82, 131.19, 50.0, 116.45, 109.71, 146.22, 158.38, 50.0, 42.0, 125.22, 50.0]
d: [3.5, 3.5, 3.5, 3.5, 3.5, 6.5, 4.68, 4.53, 6.14, 3.5, 3.5, 3.5, 3.69, 2.0]
BEST_hyper_parameter
v: [12.0, 12.0, 12.0, 12.0, 13.03, 10.68, 20.91, 17.92, 18.84, 10.23, 18.02, 12.0, 12.0, 12.0]
a: [50.0, 50.0, 50.0, 157.82, 131.19, 50.0, 72.88, 109.71, 146.22, 158.38, 50.0, 50.0, 50.0, 50.0]
d: [3.5, 3.5, 3.5, 3.5, 3.5, 6.5, 5.22, 4.53, 6.14, 3.5, 3.5, 3.5, 3.5, 2.0]

iteration: 8
best: [6.59, 9.07, 13.57, 16.81, 19.95, 25.04, 39.25, 41.81, 44.81, 46.53, 55.88, 64.07, 67.1, 68.99]
time: [6.63, 9.1, 13.55, 19.89, 28.09, 32.19, 42.39, 45.45, 46.9, 51.4, 62.59, 65.2, 66.8, 1000]
current_hyper_parameter
v: [12.0, 12.0, 12.0, 12.0, 13.03, 11.05, 29.45, 33.52, 23.63, 14.02, 14.68, 10.7, 30.69, 19.35]
a: [50.0, 50.0, 50.0, 157.82, 131.19, 134.53, 98.32, 63.41, 159.63, 134.79, 144.74, 63.05, 110.52, 80.93]
d: [3.5, 3.5, 3.5, 3.5, 3.5, 6.5, 5.22, 5.73, 6.14, 4.47, 3.5, 4.7, 3.73, 2.0]
BEST_hyper_parameter
v: [12.0, 12.0, 12.0, 12.0, 13.03, 10.68, 20.91, 17.92, 18.84, 10.23, 18.02, 12.0, 12.0, 12.0]
a: [50.0, 50.0, 50.0, 157.82, 131.19, 50.0, 72.88, 109.71, 146.22, 158.38, 50.0, 50.0, 50.0, 50.0]
d: [3.5, 3.5, 3.5, 3.5, 3.5, 6.5, 5.22, 4.53, 6.14, 3.5, 3.5, 3.5, 3.5, 2.0]
mutation at idx = 0

iteration: 9
best: [6.59, 9.07, 13.57, 16.81, 19.95, 25.04, 39.25, 41.81, 44.81, 46.53, 55.88, 64.07, 67.1, 68.99]
time: [5.87, 7.62, 11.61, 17.35, 1000, 1000, 1000, 1000, 1000, 1000, 1000, 1000, 1000, 1000]
current_hyper_parameter
v: [19.89, 12.0, 12.0, 21.31, 20.78, 10.68, 20.91, 16.93, 24.76, 10.23, 21.44, 32.52, 16.17, 13.01]
a: [118.28, 50.0, 50.0, 157.82, 137.42, 50.0, 72.88, 109.71, 146.22, 158.38, 77.41, 125.9, 105.83, 55.77]
d: [3.5, 3.5, 3.5, 4.83, 5.9, 6.5, 5.22, 5.16, 6.16, 3.5, 5.58, 4.64, 3.5, 2.0]
BEST_hyper_parameter
v: [12.0, 12.0, 12.0, 12.0, 13.03, 10.68, 20.91, 17.92, 18.84, 10.23, 18.02, 12.0, 12.0, 12.0]
a: [50.0, 50.0, 50.0, 157.82, 131.19, 50.0, 72.88, 109.71, 146.22, 158.38, 50.0, 50.0, 50.0, 50.0]
d: [3.5, 3.5, 3.5, 3.5, 3.5, 6.5, 5.22, 4.53, 6.14, 3.5, 3.5, 3.5, 3.5, 2.0]
mutation at idx = 1

iteration: 10
best: [5.87, 7.62, 11.61, 16.81, 19.95, 25.04, 39.25, 41.81, 44.81, 46.53, 55.88, 64.07, 67.1, 68.99]
time: [5.88, 7.62, 11.51, 17.85, 30.4, 35.28, 49.36, 52.47, 1000, 1000, 1000, 1000, 1000, 1000]
current_hyper_parameter
v: [19.89, 10.09, 12.0, 12.0, 13.03, 10.68, 20.91, 17.92, 27.75, 14.56, 12.04, 12.0, 14.86, 20.11]
a: [118.28, 112.63, 50.0, 157.82, 131.19, 50.0, 72.88, 109.71, 68.0, 136.6, 50.0, 50.0, 127.64, 110.58]
d: [3.5, 3.5, 3.5, 3.5, 3.5, 6.5, 5.22, 4.53, 6.14, 3.5, 3.5, 3.5, 3.94, 2.0]
BEST_hyper_parameter
v: [19.89, 12.0, 12.0, 12.0, 13.03, 10.68, 20.91, 17.92, 18.84, 10.23, 18.02, 12.0, 12.0, 12.0]
a: [118.28, 50.0, 50.0, 157.82, 131.19, 50.0, 72.88, 109.71, 146.22, 158.38, 50.0, 50.0, 50.0, 50.0]
d: [3.5, 3.5, 3.5, 3.5, 3.5, 6.5, 5.22, 4.53, 6.14, 3.5, 3.5, 3.5, 3.5, 2.0]

iteration: 11
best: [5.87, 7.62, 11.61, 16.81, 19.95, 25.04, 39.25, 41.81, 44.81, 46.53, 55.88, 64.07, 67.1, 68.99]
time: [5.87, 7.63, 11.59, 15.11, 18.07, 24.39, 42.63, 48.72, 1000, 1000, 1000, 1000, 1000, 1000]
current_hyper_parameter
v: [19.89, 12.0, 12.0, 12.63, 13.03, 21.21, 25.18, 17.92, 24.82, 26.5, 25.45, 9.86, 12.0, 21.34]
a: [118.28, 50.0, 50.0, 55.44, 131.19, 138.63, 135.31, 109.71, 146.22, 83.72, 118.2, 50.0, 50.0, 127.04]
d: [3.5, 3.5, 3.5, 6.17, 3.5, 6.5, 5.22, 4.53, 6.14, 3.5, 6.29, 5.88, 3.5, 2.0]
BEST_hyper_parameter
v: [19.89, 12.0, 12.0, 12.0, 13.03, 10.68, 20.91, 17.92, 18.84, 10.23, 18.02, 12.0, 12.0, 12.0]
a: [118.28, 50.0, 50.0, 157.82, 131.19, 50.0, 72.88, 109.71, 146.22, 158.38, 50.0, 50.0, 50.0, 50.0]
d: [3.5, 3.5, 3.5, 3.5, 3.5, 6.5, 5.22, 4.53, 6.14, 3.5, 3.5, 3.5, 3.5, 2.0]
mutation at idx = 4

iteration: 12
best: [5.87, 7.62, 11.61, 15.11, 18.07, 24.39, 39.25, 41.81, 44.81, 46.53, 55.88, 64.07, 67.1, 68.99]
time: [5.83, 7.57, 11.52, 15.12, 17.62, 35.24, 56.77, 1000, 1000, 1000, 1000, 1000, 1000, 1000]
current_hyper_parameter
v: [19.89, 12.0, 12.0, 12.63, 19.43, 21.21, 19.19, 29.12, 12.18, 17.33, 18.02, 18.88, 11.85, 29.57]
a: [118.28, 50.0, 50.0, 55.44, 131.19, 138.63, 72.88, 109.71, 123.23, 23.35, 50.0, 118.59, 50.0, 142.01]
d: [3.5, 3.5, 3.5, 6.17, 3.96, 6.5, 5.22, 6.34, 3.7, 3.5, 3.5, 4.03, 3.5, 2.0]
BEST_hyper_parameter
v: [19.89, 12.0, 12.0, 12.63, 13.03, 21.21, 20.91, 17.92, 18.84, 10.23, 18.02, 12.0, 12.0, 12.0]
a: [118.28, 50.0, 50.0, 55.44, 131.19, 138.63, 72.88, 109.71, 146.22, 158.38, 50.0, 50.0, 50.0, 50.0]
d: [3.5, 3.5, 3.5, 6.17, 3.5, 6.5, 5.22, 4.53, 6.14, 3.5, 3.5, 3.5, 3.5, 2.0]
mutation at idx = 0
mutation at idx = 4

iteration: 13
best: [5.87, 7.62, 11.61, 15.11, 18.07, 24.39, 39.25, 41.81, 44.81, 46.53, 55.88, 64.07, 67.1, 68.99]
time: [5.94, 8.01, 12.36, 16.0, 21.46, 36.85, 58.27, 61.77, 63.8, 66.18, 1000, 1000, 1000, 1000]
current_hyper_parameter
v: [28.78, 12.0, 12.0, 12.63, 22.12, 27.01, 20.91, 16.78, 15.79, 10.23, 13.45, 9.17, 34.93, 34.7]
a: [71.42, 50.0, 50.0, 55.44, 150.46, 136.27, 72.88, 48.12, 46.52, 158.38, 105.14, 65.74, 92.99, 55.91]
d: [4.71, 3.5, 3.5, 6.17, 3.5, 6.5, 5.22, 6.35, 6.02, 3.5, 3.5, 3.5, 3.5, 2.0]
BEST_hyper_parameter
v: [19.89, 12.0, 12.0, 12.63, 13.03, 21.21, 20.91, 17.92, 18.84, 10.23, 18.02, 12.0, 12.0, 12.0]
a: [118.28, 50.0, 50.0, 55.44, 131.19, 138.63, 72.88, 109.71, 146.22, 158.38, 50.0, 50.0, 50.0, 50.0]
d: [3.5, 3.5, 3.5, 6.17, 3.5, 6.5, 5.22, 4.53, 6.14, 3.5, 3.5, 3.5, 3.5, 2.0]

iteration: 14
best: [5.87, 7.62, 11.61, 15.11, 18.07, 24.39, 39.25, 41.81, 44.81, 46.53, 55.88, 64.07, 67.1, 68.99]
time: [5.83, 7.53, 11.42, 14.45, 16.7, 30.43, 43.43, 1000, 1000, 1000, 1000, 1000, 1000, 1000]
current_hyper_parameter
v: [19.89, 12.0, 10.61, 23.41, 31.52, 17.36, 33.17, 31.3, 8.88, 21.31, 18.02, 12.0, 30.01, 27.06]
a: [118.28, 50.0, 50.0, 55.44, 138.61, 138.63, 72.88, 23.79, 146.22, 138.72, 50.0, 50.0, 50.0, 36.64]
d: [3.5, 3.5, 5.7, 6.04, 3.5, 5.54, 5.22, 4.59, 6.14, 3.5, 3.5, 3.5, 3.5, 2.0]
BEST_hyper_parameter
v: [19.89, 12.0, 12.0, 12.63, 13.03, 21.21, 20.91, 17.92, 18.84, 10.23, 18.02, 12.0, 12.0, 12.0]
a: [118.28, 50.0, 50.0, 55.44, 131.19, 138.63, 72.88, 109.71, 146.22, 158.38, 50.0, 50.0, 50.0, 50.0]
d: [3.5, 3.5, 3.5, 6.17, 3.5, 6.5, 5.22, 4.53, 6.14, 3.5, 3.5, 3.5, 3.5, 2.0]
mutation at idx = 1

iteration: 15
best: [5.87, 7.62, 11.61, 14.45, 16.7, 24.39, 39.25, 41.81, 44.81, 46.53, 55.88, 64.07, 67.1, 68.99]
time: [5.86, 7.59, 11.51, 14.78, 20.18, 24.17, 36.33, 39.19, 40.49, 41.85, 1000, 1000, 1000, 1000]
current_hyper_parameter
v: [19.89, 15.21, 12.0, 23.41, 31.52, 21.98, 20.91, 17.27, 18.84, 27.61, 12.08, 9.3, 14.62, 8.86]
a: [118.28, 50.0, 50.0, 55.44, 138.61, 77.78, 72.88, 157.29, 146.22, 129.17, 98.74, 123.5, 50.0, 50.87]
d: [3.5, 3.97, 3.5, 6.04, 3.5, 4.8, 5.22, 4.53, 6.14, 3.5, 6.35, 5.08, 3.5, 2.0]
BEST_hyper_parameter
v: [19.89, 12.0, 12.0, 23.41, 31.52, 21.21, 20.91, 17.92, 18.84, 10.23, 18.02, 12.0, 12.0, 12.0]
a: [118.28, 50.0, 50.0, 55.44, 138.61, 138.63, 72.88, 109.71, 146.22, 158.38, 50.0, 50.0, 50.0, 50.0]
d: [3.5, 3.5, 3.5, 6.04, 3.5, 6.5, 5.22, 4.53, 6.14, 3.5, 3.5, 3.5, 3.5, 2.0]

iteration: 16
best: [5.87, 7.62, 11.61, 14.45, 16.7, 24.39, 39.25, 41.81, 44.81, 46.53, 55.88, 64.07, 67.1, 68.99]
time: [5.89, 7.64, 11.58, 14.83, 20.76, 27.21, 51.84, 58.03, 59.78, 61.98, 1000, 1000, 1000, 1000]
current_hyper_parameter
v: [19.89, 12.0, 12.0, 23.41, 17.38, 21.21, 20.91, 17.92, 15.47, 10.4, 21.4, 25.41, 10.66, 20.8]
a: [118.28, 50.0, 50.0, 55.44, 111.01, 138.63, 72.88, 109.71, 146.22, 78.77, 58.49, 93.18, 96.73, 75.07]
d: [3.5, 3.5, 3.5, 6.04, 3.5, 6.5, 5.22, 4.53, 6.14, 6.22, 4.71, 3.5, 5.99, 2.0]
BEST_hyper_parameter
v: [19.89, 12.0, 12.0, 23.41, 31.52, 21.21, 20.91, 17.92, 18.84, 10.23, 18.02, 12.0, 12.0, 12.0]
a: [118.28, 50.0, 50.0, 55.44, 138.61, 138.63, 72.88, 109.71, 146.22, 158.38, 50.0, 50.0, 50.0, 50.0]
d: [3.5, 3.5, 3.5, 6.04, 3.5, 6.5, 5.22, 4.53, 6.14, 3.5, 3.5, 3.5, 3.5, 2.0]

iteration: 17
best: [5.87, 7.62, 11.61, 14.45, 16.7, 24.39, 39.25, 41.81, 44.81, 46.53, 55.88, 64.07, 67.1, 68.99]
time: [5.89, 7.64, 11.58, 14.78, 17.18, 31.92, 49.87, 52.76, 54.1, 55.79, 57.83, 63.08, 1000, 1000]
current_hyper_parameter
v: [19.89, 12.0, 12.0, 23.41, 31.52, 23.62, 21.88, 21.8, 18.84, 28.74, 14.03, 34.59, 10.44, 27.96]
a: [118.28, 50.0, 50.0, 55.44, 138.61, 138.63, 72.88, 109.71, 146.22, 45.28, 98.88, 76.76, 50.0, 91.6]
d: [3.5, 3.5, 3.5, 6.04, 3.5, 6.5, 5.22, 5.95, 6.14, 4.01, 3.5, 5.05, 3.5, 2.0]
BEST_hyper_parameter
v: [19.89, 12.0, 12.0, 23.41, 31.52, 21.21, 20.91, 17.92, 18.84, 10.23, 18.02, 12.0, 12.0, 12.0]
a: [118.28, 50.0, 50.0, 55.44, 138.61, 138.63, 72.88, 109.71, 146.22, 158.38, 50.0, 50.0, 50.0, 50.0]
d: [3.5, 3.5, 3.5, 6.04, 3.5, 6.5, 5.22, 4.53, 6.14, 3.5, 3.5, 3.5, 3.5, 2.0]

iteration: 18
best: [5.87, 7.62, 11.61, 14.45, 16.7, 24.39, 39.25, 41.81, 44.81, 46.53, 55.88, 64.07, 67.1, 68.99]
time: [5.89, 7.63, 11.57, 14.78, 17.16, 20.64, 32.37, 38.53, 40.54, 42.74, 53.95, 58.16, 60.98, 62.21]
current_hyper_parameter
v: [19.89, 12.0, 12.0, 23.41, 31.52, 24.68, 16.97, 13.95, 18.27, 13.11, 8.93, 24.6, 10.8, 28.28]
a: [118.28, 50.0, 50.0, 55.44, 138.61, 138.36, 69.89, 152.42, 50.67, 158.38, 50.0, 41.45, 50.0, 75.78]
d: [3.5, 3.5, 3.5, 6.04, 3.5, 3.81, 5.22, 4.53, 3.7, 4.89, 3.5, 5.86, 4.32, 2.0]
BEST_hyper_parameter
v: [19.89, 12.0, 12.0, 23.41, 31.52, 21.21, 20.91, 17.92, 18.84, 10.23, 18.02, 12.0, 12.0, 12.0]
a: [118.28, 50.0, 50.0, 55.44, 138.61, 138.63, 72.88, 109.71, 146.22, 158.38, 50.0, 50.0, 50.0, 50.0]
d: [3.5, 3.5, 3.5, 6.04, 3.5, 6.5, 5.22, 4.53, 6.14, 3.5, 3.5, 3.5, 3.5, 2.0]
WIN: random_idx = 13

iteration: 19
best: [5.87, 7.62, 11.61, 14.45, 16.7, 20.64, 32.37, 38.53, 40.54, 42.74, 53.95, 58.16, 60.98, 62.21]
time: [5.86, 7.62, 11.59, 14.84, 17.24, 20.68, 32.35, 35.38, 41.17, 43.84, 1000, 1000, 1000, 1000]
current_hyper_parameter
v: [19.89, 12.0, 12.0, 23.41, 31.52, 24.68, 16.97, 13.95, 18.27, 13.11, 8.93, 24.6, 10.8, 31.73]
a: [118.28, 50.0, 50.0, 55.44, 138.61, 138.36, 69.89, 152.42, 50.67, 158.38, 50.0, 41.45, 50.0, 55.22]
d: [3.5, 3.5, 3.5, 6.04, 3.5, 3.81, 5.22, 4.53, 3.7, 4.89, 3.5, 5.86, 4.32, 2.0]
BEST_hyper_parameter
v: [19.89, 12.0, 12.0, 23.41, 31.52, 24.68, 16.97, 13.95, 18.27, 13.11, 8.93, 24.6, 10.8, 28.28]
a: [118.28, 50.0, 50.0, 55.44, 138.61, 138.36, 69.89, 152.42, 50.67, 158.38, 50.0, 41.45, 50.0, 75.78]
d: [3.5, 3.5, 3.5, 6.04, 3.5, 3.81, 5.22, 4.53, 3.7, 4.89, 3.5, 5.86, 4.32, 2.0]

iteration: 20
best: [5.87, 7.62, 11.61, 14.45, 16.7, 20.64, 32.37, 38.53, 40.54, 42.74, 53.95, 58.16, 60.98, 62.21]
time: [5.86, 7.63, 11.57, 14.8, 20.93, 23.55, 34.35, 1000, 1000, 1000, 1000, 1000, 1000, 1000]
current_hyper_parameter
v: [19.89, 12.0, 12.0, 23.41, 19.73, 24.68, 30.97, 20.68, 29.44, 11.27, 16.46, 29.02, 34.5, 16.45]
a: [118.28, 50.0, 50.0, 55.44, 69.54, 138.36, 69.89, 20.47, 92.95, 74.22, 84.74, 75.6, 113.76, 75.78]
d: [3.5, 3.5, 3.5, 6.04, 5.33, 3.81, 4.36, 4.53, 3.7, 4.24, 4.9, 6.29, 5.71, 2.0]
BEST_hyper_parameter
v: [19.89, 12.0, 12.0, 23.41, 31.52, 24.68, 16.97, 13.95, 18.27, 13.11, 8.93, 24.6, 10.8, 28.28]
a: [118.28, 50.0, 50.0, 55.44, 138.61, 138.36, 69.89, 152.42, 50.67, 158.38, 50.0, 41.45, 50.0, 75.78]
d: [3.5, 3.5, 3.5, 6.04, 3.5, 3.81, 5.22, 4.53, 3.7, 4.89, 3.5, 5.86, 4.32, 2.0]
mutation at idx = 1

iteration: 21
best: [5.87, 7.62, 11.61, 14.45, 16.7, 20.64, 32.37, 38.53, 40.54, 42.74, 53.95, 58.16, 60.98, 62.21]
time: [5.93, 7.65, 11.53, 14.85, 17.29, 23.88, 33.97, 37.15, 38.91, 41.13, 45.6, 1000, 1000, 1000]
current_hyper_parameter
v: [19.89, 18.75, 12.0, 23.41, 28.35, 28.83, 30.49, 11.85, 26.53, 30.98, 24.19, 20.1, 9.23, 13.08]
a: [118.28, 50.0, 50.0, 55.44, 139.2, 138.36, 69.89, 136.89, 50.67, 53.69, 49.39, 41.45, 72.78, 85.99]
d: [3.5, 3.5, 3.5, 6.04, 3.5, 5.23, 5.65, 6.39, 5.19, 4.95, 3.5, 5.86, 5.43, 2.0]
BEST_hyper_parameter
v: [19.89, 12.0, 12.0, 23.41, 31.52, 24.68, 16.97, 13.95, 18.27, 13.11, 8.93, 24.6, 10.8, 28.28]
a: [118.28, 50.0, 50.0, 55.44, 138.61, 138.36, 69.89, 152.42, 50.67, 158.38, 50.0, 41.45, 50.0, 75.78]
d: [3.5, 3.5, 3.5, 6.04, 3.5, 3.81, 5.22, 4.53, 3.7, 4.89, 3.5, 5.86, 4.32, 2.0]

iteration: 22
best: [5.87, 7.62, 11.61, 14.45, 16.7, 20.64, 32.37, 38.53, 40.54, 42.74, 53.95, 58.16, 60.98, 62.21]
time: [5.87, 7.62, 11.55, 14.79, 21.47, 23.93, 39.02, 52.45, 55.45, 57.86, 59.44, 62.03, 1000, 1000]
current_hyper_parameter
v: [19.89, 12.0, 12.0, 23.41, 19.66, 24.68, 12.36, 31.98, 34.75, 9.65, 13.24, 13.99, 12.53, 25.85]
a: [118.28, 50.0, 50.0, 55.44, 46.13, 138.36, 69.89, 152.42, 50.67, 158.8, 50.0, 108.98, 50.0, 56.25]
d: [3.5, 3.5, 3.5, 6.04, 3.5, 3.81, 5.22, 4.33, 5.16, 4.89, 3.5, 5.86, 5.7, 2.0]
BEST_hyper_parameter
v: [19.89, 12.0, 12.0, 23.41, 31.52, 24.68, 16.97, 13.95, 18.27, 13.11, 8.93, 24.6, 10.8, 28.28]
a: [118.28, 50.0, 50.0, 55.44, 138.61, 138.36, 69.89, 152.42, 50.67, 158.38, 50.0, 41.45, 50.0, 75.78]
d: [3.5, 3.5, 3.5, 6.04, 3.5, 3.81, 5.22, 4.53, 3.7, 4.89, 3.5, 5.86, 4.32, 2.0]

iteration: 23
best: [5.87, 7.62, 11.61, 14.45, 16.7, 20.64, 32.37, 38.53, 40.54, 42.74, 53.95, 58.16, 60.98, 62.21]
time: [5.88, 7.63, 11.61, 14.9, 1000, 1000, 1000, 1000, 1000, 1000, 1000, 1000, 1000, 1000]
current_hyper_parameter
v: [19.89, 12.0, 12.0, 23.41, 15.66, 11.06, 26.53, 13.95, 18.27, 24.97, 13.76, 33.03, 26.75, 26.03]
a: [118.28, 50.0, 50.0, 55.44, 134.17, 41.43, 69.89, 152.42, 50.67, 158.38, 71.87, 41.45, 50.0, 127.35]
d: [3.5, 3.5, 3.5, 6.04, 3.5, 3.81, 5.22, 4.53, 3.7, 4.89, 3.5, 6.34, 3.87, 2.0]
BEST_hyper_parameter
v: [19.89, 12.0, 12.0, 23.41, 31.52, 24.68, 16.97, 13.95, 18.27, 13.11, 8.93, 24.6, 10.8, 28.28]
a: [118.28, 50.0, 50.0, 55.44, 138.61, 138.36, 69.89, 152.42, 50.67, 158.38, 50.0, 41.45, 50.0, 75.78]
d: [3.5, 3.5, 3.5, 6.04, 3.5, 3.81, 5.22, 4.53, 3.7, 4.89, 3.5, 5.86, 4.32, 2.0]

iteration: 24
best: [5.87, 7.62, 11.61, 14.45, 16.7, 20.64, 32.37, 38.53, 40.54, 42.74, 53.95, 58.16, 60.98, 62.21]
time: [5.87, 7.63, 11.56, 14.8, 17.3, 20.93, 32.41, 1000, 1000, 1000, 1000, 1000, 1000, 1000]
current_hyper_parameter
v: [19.89, 12.0, 12.0, 23.41, 24.28, 26.06, 19.8, 25.3, 24.37, 29.04, 8.93, 11.07, 10.8, 28.28]
a: [118.28, 50.0, 50.0, 55.44, 138.61, 107.21, 99.73, 42.27, 156.93, 133.62, 50.0, 115.19, 50.0, 75.78]
d: [3.5, 3.5, 3.5, 6.04, 3.5, 3.71, 5.22, 5.64, 3.7, 4.89, 3.5, 4.0, 4.32, 2.0]
BEST_hyper_parameter
v: [19.89, 12.0, 12.0, 23.41, 31.52, 24.68, 16.97, 13.95, 18.27, 13.11, 8.93, 24.6, 10.8, 28.28]
a: [118.28, 50.0, 50.0, 55.44, 138.61, 138.36, 69.89, 152.42, 50.67, 158.38, 50.0, 41.45, 50.0, 75.78]
d: [3.5, 3.5, 3.5, 6.04, 3.5, 3.81, 5.22, 4.53, 3.7, 4.89, 3.5, 5.86, 4.32, 2.0]

iteration: 25
best: [5.87, 7.62, 11.61, 14.45, 16.7, 20.64, 32.37, 38.53, 40.54, 42.74, 53.95, 58.16, 60.98, 62.21]
time: [5.82, 7.57, 11.53, 17.88, 26.9, 30.02, 43.89, 47.39, 53.02, 63.92, 1000, 1000, 1000, 1000]
current_hyper_parameter
v: [19.89, 12.0, 12.0, 23.41, 9.45, 21.49, 27.11, 12.57, 16.98, 13.51, 8.93, 28.76, 10.8, 32.73]
a: [118.28, 50.0, 50.0, 55.44, 99.32, 75.74, 32.22, 152.42, 50.67, 45.53, 50.0, 115.76, 50.0, 75.78]
d: [3.5, 3.5, 3.5, 6.04, 4.55, 4.45, 5.22, 4.53, 4.05, 4.89, 3.5, 5.34, 4.32, 2.0]
BEST_hyper_parameter
v: [19.89, 12.0, 12.0, 23.41, 31.52, 24.68, 16.97, 13.95, 18.27, 13.11, 8.93, 24.6, 10.8, 28.28]
a: [118.28, 50.0, 50.0, 55.44, 138.61, 138.36, 69.89, 152.42, 50.67, 158.38, 50.0, 41.45, 50.0, 75.78]
d: [3.5, 3.5, 3.5, 6.04, 3.5, 3.81, 5.22, 4.53, 3.7, 4.89, 3.5, 5.86, 4.32, 2.0]

iteration: 26
best: [5.87, 7.62, 11.61, 14.45, 16.7, 20.64, 32.37, 38.53, 40.54, 42.74, 53.95, 58.16, 60.98, 62.21]
time: [5.8, 7.55, 11.5, 14.82, 19.35, 21.84, 31.53, 1000, 1000, 1000, 1000, 1000, 1000, 1000]
current_hyper_parameter
v: [19.89, 12.0, 12.0, 23.41, 14.02, 24.68, 26.71, 14.47, 21.62, 10.14, 14.19, 30.33, 10.8, 33.48]
a: [118.28, 50.0, 50.0, 55.44, 28.23, 138.36, 130.21, 36.79, 151.92, 158.38, 110.15, 41.45, 50.0, 119.0]
d: [3.5, 3.5, 3.5, 6.04, 3.81, 3.81, 5.22, 4.53, 3.7, 6.03, 3.5, 5.86, 4.32, 2.0]
BEST_hyper_parameter
v: [19.89, 12.0, 12.0, 23.41, 31.52, 24.68, 16.97, 13.95, 18.27, 13.11, 8.93, 24.6, 10.8, 28.28]
a: [118.28, 50.0, 50.0, 55.44, 138.61, 138.36, 69.89, 152.42, 50.67, 158.38, 50.0, 41.45, 50.0, 75.78]
d: [3.5, 3.5, 3.5, 6.04, 3.5, 3.81, 5.22, 4.53, 3.7, 4.89, 3.5, 5.86, 4.32, 2.0]

iteration: 27
best: [5.87, 7.62, 11.61, 14.45, 16.7, 20.64, 32.37, 38.53, 40.54, 42.74, 53.95, 58.16, 60.98, 62.21]
time: [5.88, 7.64, 11.56, 14.8, 1000, 1000, 1000, 1000, 1000, 1000, 1000, 1000, 1000, 1000]
current_hyper_parameter
v: [19.89, 12.0, 12.0, 23.41, 22.97, 11.86, 28.38, 25.15, 30.7, 13.11, 26.82, 8.94, 10.8, 28.28]
a: [118.28, 50.0, 50.0, 55.44, 55.92, 44.62, 69.89, 153.84, 50.67, 158.38, 41.53, 41.45, 50.0, 75.78]
d: [3.5, 3.5, 3.5, 6.04, 3.5, 3.81, 5.48, 6.1, 4.15, 4.89, 5.82, 5.86, 4.32, 2.0]
BEST_hyper_parameter
v: [19.89, 12.0, 12.0, 23.41, 31.52, 24.68, 16.97, 13.95, 18.27, 13.11, 8.93, 24.6, 10.8, 28.28]
a: [118.28, 50.0, 50.0, 55.44, 138.61, 138.36, 69.89, 152.42, 50.67, 158.38, 50.0, 41.45, 50.0, 75.78]
d: [3.5, 3.5, 3.5, 6.04, 3.5, 3.81, 5.22, 4.53, 3.7, 4.89, 3.5, 5.86, 4.32, 2.0]

iteration: 28
best: [5.87, 7.62, 11.61, 14.45, 16.7, 20.64, 32.37, 38.53, 40.54, 42.74, 53.95, 58.16, 60.98, 62.21]
time: [5.83, 7.58, 11.53, 14.84, 20.76, 23.86, 36.28, 39.24, 44.77, 47.68, 57.66, 62.16, 1000, 1000]
current_hyper_parameter
v: [19.89, 12.0, 12.0, 23.41, 16.57, 24.68, 16.97, 27.35, 18.27, 19.64, 8.93, 26.4, 11.29, 34.91]
a: [118.28, 50.0, 50.0, 55.44, 138.61, 138.36, 69.89, 85.94, 50.67, 63.63, 50.0, 126.94, 84.26, 101.52]
d: [3.5, 3.5, 3.5, 6.04, 6.36, 3.81, 5.22, 4.53, 3.7, 4.35, 3.5, 4.29, 4.32, 2.0]
BEST_hyper_parameter
v: [19.89, 12.0, 12.0, 23.41, 31.52, 24.68, 16.97, 13.95, 18.27, 13.11, 8.93, 24.6, 10.8, 28.28]
a: [118.28, 50.0, 50.0, 55.44, 138.61, 138.36, 69.89, 152.42, 50.67, 158.38, 50.0, 41.45, 50.0, 75.78]
d: [3.5, 3.5, 3.5, 6.04, 3.5, 3.81, 5.22, 4.53, 3.7, 4.89, 3.5, 5.86, 4.32, 2.0]

iteration: 29
best: [5.87, 7.62, 11.61, 14.45, 16.7, 20.64, 32.37, 38.53, 40.54, 42.74, 53.95, 58.16, 60.98, 62.21]
time: [5.89, 7.63, 11.57, 1000, 1000, 1000, 1000, 1000, 1000, 1000, 1000, 1000, 1000, 1000]
current_hyper_parameter
v: [19.89, 12.0, 12.0, 23.41, 10.7, 24.68, 26.08, 14.19, 33.79, 12.69, 8.93, 19.59, 10.8, 15.76]
a: [118.28, 50.0, 50.0, 55.44, 138.61, 138.36, 69.89, 152.42, 42.65, 46.76, 50.0, 41.45, 50.0, 21.22]
d: [3.5, 3.5, 3.5, 6.04, 3.66, 3.81, 5.22, 4.53, 4.0, 4.45, 3.5, 5.86, 4.32, 2.0]
BEST_hyper_parameter
v: [19.89, 12.0, 12.0, 23.41, 31.52, 24.68, 16.97, 13.95, 18.27, 13.11, 8.93, 24.6, 10.8, 28.28]
a: [118.28, 50.0, 50.0, 55.44, 138.61, 138.36, 69.89, 152.42, 50.67, 158.38, 50.0, 41.45, 50.0, 75.78]
d: [3.5, 3.5, 3.5, 6.04, 3.5, 3.81, 5.22, 4.53, 3.7, 4.89, 3.5, 5.86, 4.32, 2.0]

iteration: 30
best: [5.87, 7.62, 11.61, 14.45, 16.7, 20.64, 32.37, 38.53, 40.54, 42.74, 53.95, 58.16, 60.98, 62.21]
time: [5.86, 7.62, 11.56, 14.84, 17.18, 21.0, 61.62, 1000, 1000, 1000, 1000, 1000, 1000, 1000]
current_hyper_parameter
v: [19.89, 12.0, 12.0, 19.41, 31.52, 24.68, 11.55, 13.95, 18.27, 13.11, 17.67, 24.6, 17.42, 32.87]
a: [118.28, 50.0, 50.0, 55.44, 138.61, 138.36, 20.09, 152.42, 50.67, 158.38, 23.0, 41.45, 99.53, 105.05]
d: [3.5, 3.5, 3.5, 6.04, 3.5, 3.81, 6.05, 4.53, 3.7, 4.89, 3.55, 5.86, 4.32, 2.0]
BEST_hyper_parameter
v: [19.89, 12.0, 12.0, 23.41, 31.52, 24.68, 16.97, 13.95, 18.27, 13.11, 8.93, 24.6, 10.8, 28.28]
a: [118.28, 50.0, 50.0, 55.44, 138.61, 138.36, 69.89, 152.42, 50.67, 158.38, 50.0, 41.45, 50.0, 75.78]
d: [3.5, 3.5, 3.5, 6.04, 3.5, 3.81, 5.22, 4.53, 3.7, 4.89, 3.5, 5.86, 4.32, 2.0]

iteration: 31
best: [5.87, 7.62, 11.61, 14.45, 16.7, 20.64, 32.37, 38.53, 40.54, 42.74, 53.95, 58.16, 60.98, 62.21]
time: [5.84, 7.59, 11.56, 14.83, 17.25, 20.77, 30.84, 46.02, 48.71, 50.37, 1000, 1000, 1000, 1000]
current_hyper_parameter
v: [19.89, 12.0, 12.0, 23.41, 31.52, 24.68, 33.75, 12.24, 30.1, 20.97, 8.93, 10.9, 9.54, 10.53]
a: [118.28, 50.0, 50.0, 55.44, 138.61, 138.36, 69.89, 21.58, 50.67, 143.04, 50.0, 41.45, 50.0, 75.78]
d: [3.5, 3.5, 3.5, 6.04, 3.5, 3.81, 6.46, 4.53, 3.7, 6.38, 3.5, 5.86, 6.09, 2.0]
BEST_hyper_parameter
v: [19.89, 12.0, 12.0, 23.41, 31.52, 24.68, 16.97, 13.95, 18.27, 13.11, 8.93, 24.6, 10.8, 28.28]
a: [118.28, 50.0, 50.0, 55.44, 138.61, 138.36, 69.89, 152.42, 50.67, 158.38, 50.0, 41.45, 50.0, 75.78]
d: [3.5, 3.5, 3.5, 6.04, 3.5, 3.81, 5.22, 4.53, 3.7, 4.89, 3.5, 5.86, 4.32, 2.0]

iteration: 32
best: [5.87, 7.62, 11.61, 14.45, 16.7, 20.64, 32.37, 38.53, 40.54, 42.74, 53.95, 58.16, 60.98, 62.21]
time: [5.88, 7.61, 11.56, 14.82, 17.2, 30.49, 45.23, 1000, 1000, 1000, 1000, 1000, 1000, 1000]
current_hyper_parameter
v: [19.89, 12.0, 12.0, 23.41, 31.52, 21.63, 24.28, 9.34, 29.32, 17.32, 20.34, 34.35, 19.14, 28.28]
a: [118.28, 50.0, 50.0, 55.44, 138.61, 138.36, 69.89, 74.09, 57.39, 158.38, 88.53, 99.72, 50.0, 75.78]
d: [3.5, 3.5, 3.5, 6.04, 3.5, 5.57, 5.22, 4.53, 3.7, 4.18, 3.5, 4.91, 4.77, 2.0]
BEST_hyper_parameter
v: [19.89, 12.0, 12.0, 23.41, 31.52, 24.68, 16.97, 13.95, 18.27, 13.11, 8.93, 24.6, 10.8, 28.28]
a: [118.28, 50.0, 50.0, 55.44, 138.61, 138.36, 69.89, 152.42, 50.67, 158.38, 50.0, 41.45, 50.0, 75.78]
d: [3.5, 3.5, 3.5, 6.04, 3.5, 3.81, 5.22, 4.53, 3.7, 4.89, 3.5, 5.86, 4.32, 2.0]

iteration: 33
best: [5.87, 7.62, 11.61, 14.45, 16.7, 20.64, 32.37, 38.53, 40.54, 42.74, 53.95, 58.16, 60.98, 62.21]
time: [5.87, 7.64, 11.57, 14.82, 17.18, 21.42, 52.66, 55.55, 1000, 1000, 1000, 1000, 1000, 1000]
current_hyper_parameter
v: [19.89, 12.0, 12.0, 23.41, 31.52, 14.68, 16.97, 16.85, 20.84, 9.58, 24.98, 17.36, 24.22, 10.47]
a: [118.28, 50.0, 50.0, 55.44, 138.61, 138.36, 69.89, 152.42, 50.67, 26.02, 155.05, 41.45, 139.13, 38.91]
d: [3.5, 3.5, 3.5, 6.04, 3.5, 5.75, 5.22, 5.44, 3.7, 4.86, 3.5, 5.86, 6.19, 2.0]
BEST_hyper_parameter
v: [19.89, 12.0, 12.0, 23.41, 31.52, 24.68, 16.97, 13.95, 18.27, 13.11, 8.93, 24.6, 10.8, 28.28]
a: [118.28, 50.0, 50.0, 55.44, 138.61, 138.36, 69.89, 152.42, 50.67, 158.38, 50.0, 41.45, 50.0, 75.78]
d: [3.5, 3.5, 3.5, 6.04, 3.5, 3.81, 5.22, 4.53, 3.7, 4.89, 3.5, 5.86, 4.32, 2.0]

iteration: 34
best: [5.87, 7.62, 11.61, 14.45, 16.7, 20.64, 32.37, 38.53, 40.54, 42.74, 53.95, 58.16, 60.98, 62.21]
time: [5.81, 7.57, 11.51, 14.77, 17.17, 20.69, 33.84, 36.85, 39.08, 41.16, 1000, 1000, 1000, 1000]
current_hyper_parameter
v: [19.89, 12.0, 12.0, 23.41, 31.52, 24.68, 33.94, 12.76, 11.02, 30.21, 8.93, 32.03, 10.8, 20.79]
a: [118.28, 50.0, 50.0, 55.44, 138.61, 138.36, 69.89, 152.42, 50.67, 88.65, 50.0, 97.6, 50.0, 123.98]
d: [3.5, 3.5, 3.5, 6.04, 3.5, 3.81, 5.22, 6.07, 4.3, 4.4, 3.5, 5.86, 4.32, 2.0]
BEST_hyper_parameter
v: [19.89, 12.0, 12.0, 23.41, 31.52, 24.68, 16.97, 13.95, 18.27, 13.11, 8.93, 24.6, 10.8, 28.28]
a: [118.28, 50.0, 50.0, 55.44, 138.61, 138.36, 69.89, 152.42, 50.67, 158.38, 50.0, 41.45, 50.0, 75.78]
d: [3.5, 3.5, 3.5, 6.04, 3.5, 3.81, 5.22, 4.53, 3.7, 4.89, 3.5, 5.86, 4.32, 2.0]

iteration: 35
best: [5.87, 7.62, 11.61, 14.45, 16.7, 20.64, 32.37, 38.53, 40.54, 42.74, 53.95, 58.16, 60.98, 62.21]
time: [5.86, 7.62, 11.57, 14.79, 20.19, 24.03, 38.53, 58.13, 60.77, 66.04, 1000, 1000, 1000, 1000]
current_hyper_parameter
v: [19.89, 12.0, 12.0, 23.41, 31.52, 24.68, 17.17, 25.54, 10.6, 23.2, 27.42, 13.49, 10.55, 24.33]
a: [118.28, 50.0, 50.0, 55.44, 138.61, 138.36, 120.34, 108.92, 145.09, 51.3, 86.58, 129.29, 50.0, 125.22]
d: [3.5, 3.5, 3.5, 6.04, 3.5, 3.81, 5.18, 5.31, 5.28, 4.89, 3.5, 5.8, 6.35, 2.0]
BEST_hyper_parameter
v: [19.89, 12.0, 12.0, 23.41, 31.52, 24.68, 16.97, 13.95, 18.27, 13.11, 8.93, 24.6, 10.8, 28.28]
a: [118.28, 50.0, 50.0, 55.44, 138.61, 138.36, 69.89, 152.42, 50.67, 158.38, 50.0, 41.45, 50.0, 75.78]
d: [3.5, 3.5, 3.5, 6.04, 3.5, 3.81, 5.22, 4.53, 3.7, 4.89, 3.5, 5.86, 4.32, 2.0]
mutation at idx = 3

iteration: 36
best: [5.87, 7.62, 11.61, 14.45, 16.7, 20.64, 32.37, 38.53, 40.54, 42.74, 53.95, 58.16, 60.98, 62.21]
time: [5.88, 7.62, 11.55, 15.04, 17.36, 21.25, 46.98, 49.38, 1000, 1000, 1000, 1000, 1000, 1000]
current_hyper_parameter
v: [19.89, 12.0, 12.0, 34.07, 31.52, 20.53, 13.38, 27.2, 10.93, 14.37, 23.39, 22.33, 10.8, 20.29]
a: [118.28, 50.0, 50.0, 45.26, 138.61, 100.9, 67.62, 150.49, 50.67, 82.71, 50.0, 41.45, 50.0, 75.78]
d: [3.5, 3.5, 3.5, 6.04, 3.5, 6.23, 5.94, 4.53, 4.52, 4.89, 5.89, 5.86, 4.32, 2.0]
BEST_hyper_parameter
v: [19.89, 12.0, 12.0, 23.41, 31.52, 24.68, 16.97, 13.95, 18.27, 13.11, 8.93, 24.6, 10.8, 28.28]
a: [118.28, 50.0, 50.0, 55.44, 138.61, 138.36, 69.89, 152.42, 50.67, 158.38, 50.0, 41.45, 50.0, 75.78]
d: [3.5, 3.5, 3.5, 6.04, 3.5, 3.81, 5.22, 4.53, 3.7, 4.89, 3.5, 5.86, 4.32, 2.0]
mutation at idx = 0

iteration: 37
best: [5.87, 7.62, 11.61, 14.45, 16.7, 20.64, 32.37, 38.53, 40.54, 42.74, 53.95, 58.16, 60.98, 62.21]
time: [7.45, 10.18, 14.7, 17.42, 22.69, 29.29, 43.94, 48.09, 49.99, 51.92, 54.54, 57.64, 62.28, 63.36]
current_hyper_parameter
v: [29.72, 12.0, 12.0, 31.06, 31.52, 19.8, 27.91, 11.37, 12.43, 14.38, 27.12, 8.62, 19.7, 18.24]
a: [34.31, 50.0, 50.0, 82.42, 138.61, 138.36, 25.41, 62.92, 134.68, 154.19, 51.85, 98.61, 144.22, 75.78]
d: [3.5, 3.5, 3.5, 3.79, 3.5, 4.9, 6.37, 4.53, 3.7, 4.89, 3.5, 5.86, 3.86, 2.0]
BEST_hyper_parameter
v: [19.89, 12.0, 12.0, 23.41, 31.52, 24.68, 16.97, 13.95, 18.27, 13.11, 8.93, 24.6, 10.8, 28.28]
a: [118.28, 50.0, 50.0, 55.44, 138.61, 138.36, 69.89, 152.42, 50.67, 158.38, 50.0, 41.45, 50.0, 75.78]
d: [3.5, 3.5, 3.5, 6.04, 3.5, 3.81, 5.22, 4.53, 3.7, 4.89, 3.5, 5.86, 4.32, 2.0]

iteration: 38
best: [5.87, 7.62, 11.61, 14.45, 16.7, 20.64, 32.37, 38.53, 40.54, 42.74, 53.95, 58.16, 60.98, 62.21]
time: [6.63, 9.12, 13.32, 19.49, 25.78, 29.28, 44.53, 48.88, 51.34, 53.03, 1000, 1000, 1000, 1000]
current_hyper_parameter
v: [24.2, 12.0, 11.84, 23.41, 12.46, 12.88, 15.45, 8.57, 18.27, 33.87, 26.42, 23.75, 8.81, 28.28]
a: [46.58, 50.0, 75.06, 55.44, 138.61, 138.36, 69.89, 68.35, 50.67, 97.85, 116.66, 41.45, 50.0, 75.78]
d: [4.23, 3.5, 3.5, 6.04, 5.84, 6.01, 5.22, 4.58, 3.7, 4.31, 3.5, 6.02, 5.01, 2.0]
BEST_hyper_parameter
v: [19.89, 12.0, 12.0, 23.41, 31.52, 24.68, 16.97, 13.95, 18.27, 13.11, 8.93, 24.6, 10.8, 28.28]
a: [118.28, 50.0, 50.0, 55.44, 138.61, 138.36, 69.89, 152.42, 50.67, 158.38, 50.0, 41.45, 50.0, 75.78]
d: [3.5, 3.5, 3.5, 6.04, 3.5, 3.81, 5.22, 4.53, 3.7, 4.89, 3.5, 5.86, 4.32, 2.0]

iteration: 39
best: [5.87, 7.62, 11.61, 14.45, 16.7, 20.64, 32.37, 38.53, 40.54, 42.74, 53.95, 58.16, 60.98, 62.21]
time: [5.88, 7.65, 11.28, 14.33, 16.68, 20.2, 34.99, 38.37, 40.48, 42.21, 1000, 1000, 1000, 1000]
current_hyper_parameter
v: [19.89, 9.73, 25.38, 23.46, 31.52, 24.68, 23.62, 13.95, 18.27, 30.98, 27.17, 16.12, 34.34, 28.28]
a: [118.28, 50.0, 50.0, 55.44, 138.61, 138.36, 69.89, 152.42, 50.67, 110.1, 97.14, 70.87, 44.46, 75.78]
d: [3.5, 3.5, 6.15, 3.88, 3.5, 3.81, 4.26, 4.53, 3.7, 6.09, 3.5, 5.86, 5.22, 2.0]
BEST_hyper_parameter
v: [19.89, 12.0, 12.0, 23.41, 31.52, 24.68, 16.97, 13.95, 18.27, 13.11, 8.93, 24.6, 10.8, 28.28]
a: [118.28, 50.0, 50.0, 55.44, 138.61, 138.36, 69.89, 152.42, 50.67, 158.38, 50.0, 41.45, 50.0, 75.78]
d: [3.5, 3.5, 3.5, 6.04, 3.5, 3.81, 5.22, 4.53, 3.7, 4.89, 3.5, 5.86, 4.32, 2.0]
mutation at idx = 0

iteration: 40
best: [5.87, 7.62, 11.61, 14.45, 16.7, 20.64, 32.37, 38.53, 40.54, 42.74, 53.95, 58.16, 60.98, 62.21]
time: [5.87, 7.62, 11.54, 14.8, 17.19, 20.69, 32.2, 35.17, 39.96, 1000, 1000, 1000, 1000, 1000]
current_hyper_parameter
v: [20.08, 12.0, 12.0, 23.41, 31.52, 24.68, 16.62, 13.95, 32.67, 9.14, 13.39, 14.75, 24.49, 22.05]
a: [118.28, 50.0, 50.0, 55.44, 138.61, 138.36, 128.81, 152.42, 52.71, 33.91, 23.33, 94.9, 77.48, 128.54]
d: [3.5, 3.5, 3.5, 6.04, 3.5, 3.81, 4.31, 4.53, 4.17, 4.65, 6.08, 5.86, 4.32, 2.0]
BEST_hyper_parameter
v: [19.89, 12.0, 12.0, 23.41, 31.52, 24.68, 16.97, 13.95, 18.27, 13.11, 8.93, 24.6, 10.8, 28.28]
a: [118.28, 50.0, 50.0, 55.44, 138.61, 138.36, 69.89, 152.42, 50.67, 158.38, 50.0, 41.45, 50.0, 75.78]
d: [3.5, 3.5, 3.5, 6.04, 3.5, 3.81, 5.22, 4.53, 3.7, 4.89, 3.5, 5.86, 4.32, 2.0]
mutation at idx = 1
mutation at idx = 6

iteration: 41
best: [5.87, 7.62, 11.61, 14.45, 16.7, 20.64, 32.37, 35.17, 39.96, 42.74, 53.95, 58.16, 60.98, 62.21]
time: [5.82, 7.54, 11.46, 14.79, 17.17, 20.72, 33.16, 36.03, 41.07, 43.51, 45.81, 47.87, 51.5, 52.75]
current_hyper_parameter
v: [19.89, 28.32, 12.0, 23.41, 31.52, 24.68, 18.21, 13.95, 32.67, 13.11, 8.93, 16.56, 9.86, 28.28]
a: [118.28, 47.84, 50.0, 55.44, 138.61, 138.36, 158.21, 152.42, 52.71, 158.38, 50.0, 93.75, 50.0, 75.78]
d: [3.5, 4.01, 3.5, 6.04, 3.5, 3.81, 4.35, 4.53, 4.17, 4.89, 3.5, 4.21, 4.0, 2.0]
BEST_hyper_parameter
v: [19.89, 12.0, 12.0, 23.41, 31.52, 24.68, 16.97, 13.95, 32.67, 13.11, 8.93, 24.6, 10.8, 28.28]
a: [118.28, 50.0, 50.0, 55.44, 138.61, 138.36, 69.89, 152.42, 52.71, 158.38, 50.0, 41.45, 50.0, 75.78]
d: [3.5, 3.5, 3.5, 6.04, 3.5, 3.81, 5.22, 4.53, 4.17, 4.89, 3.5, 5.86, 4.32, 2.0]
WIN: random_idx = 13

iteration: 42
best: [5.87, 7.62, 11.61, 14.45, 16.7, 20.64, 32.37, 35.17, 39.96, 42.74, 45.81, 47.87, 51.5, 52.75]
time: [5.88, 7.63, 11.54, 14.83, 17.25, 21.12, 35.0, 38.28, 39.95, 42.1, 1000, 1000, 1000, 1000]
current_hyper_parameter
v: [19.89, 28.32, 12.0, 23.41, 31.52, 24.68, 18.21, 13.95, 32.67, 13.11, 8.93, 16.56, 9.86, 8.74]
a: [118.28, 47.84, 50.0, 55.44, 138.61, 138.36, 158.21, 152.42, 52.71, 158.38, 50.0, 93.75, 50.0, 75.78]
d: [3.5, 4.01, 3.5, 6.04, 3.5, 3.81, 4.35, 4.53, 4.17, 4.89, 3.5, 4.21, 4.0, 2.0]
BEST_hyper_parameter
v: [19.89, 28.32, 12.0, 23.41, 31.52, 24.68, 18.21, 13.95, 32.67, 13.11, 8.93, 16.56, 9.86, 28.28]
a: [118.28, 47.84, 50.0, 55.44, 138.61, 138.36, 158.21, 152.42, 52.71, 158.38, 50.0, 93.75, 50.0, 75.78]
d: [3.5, 4.01, 3.5, 6.04, 3.5, 3.81, 4.35, 4.53, 4.17, 4.89, 3.5, 4.21, 4.0, 2.0]

iteration: 43
best: [5.87, 7.62, 11.61, 14.45, 16.7, 20.64, 32.37, 35.17, 39.96, 42.74, 45.81, 47.87, 51.5, 52.75]
time: [5.84, 7.57, 11.48, 14.85, 20.85, 24.09, 32.97, 36.74, 38.83, 40.6, 1000, 1000, 1000, 1000]
current_hyper_parameter
v: [19.89, 28.32, 12.0, 23.41, 14.91, 17.78, 28.74, 12.37, 20.15, 17.92, 13.8, 16.56, 24.98, 20.41]
a: [118.28, 47.84, 50.0, 55.44, 138.61, 138.36, 158.21, 152.42, 74.04, 124.15, 25.96, 93.75, 45.93, 54.15]
d: [3.5, 4.01, 3.5, 6.04, 3.5, 4.57, 4.77, 4.53, 4.17, 4.89, 3.5, 4.21, 3.53, 2.0]
BEST_hyper_parameter
v: [19.89, 28.32, 12.0, 23.41, 31.52, 24.68, 18.21, 13.95, 32.67, 13.11, 8.93, 16.56, 9.86, 28.28]
a: [118.28, 47.84, 50.0, 55.44, 138.61, 138.36, 158.21, 152.42, 52.71, 158.38, 50.0, 93.75, 50.0, 75.78]
d: [3.5, 4.01, 3.5, 6.04, 3.5, 3.81, 4.35, 4.53, 4.17, 4.89, 3.5, 4.21, 4.0, 2.0]

iteration: 44
best: [5.87, 7.62, 11.61, 14.45, 16.7, 20.64, 32.37, 35.17, 39.96, 42.74, 45.81, 47.87, 51.5, 52.75]
time: [5.84, 7.56, 11.51, 14.82, 28.32, 33.4, 43.41, 46.03, 1000, 1000, 1000, 1000, 1000, 1000]
current_hyper_parameter
v: [19.89, 28.32, 12.0, 23.41, 22.24, 24.68, 29.6, 19.79, 17.21, 22.73, 8.93, 16.56, 26.77, 14.15]
a: [118.28, 47.84, 50.0, 55.44, 138.61, 138.36, 92.45, 152.42, 52.71, 98.98, 50.0, 93.75, 85.07, 141.58]
d: [3.5, 4.01, 3.5, 6.04, 5.17, 3.81, 4.58, 5.99, 3.91, 5.15, 3.5, 4.21, 4.0, 2.0]
BEST_hyper_parameter
v: [19.89, 28.32, 12.0, 23.41, 31.52, 24.68, 18.21, 13.95, 32.67, 13.11, 8.93, 16.56, 9.86, 28.28]
a: [118.28, 47.84, 50.0, 55.44, 138.61, 138.36, 158.21, 152.42, 52.71, 158.38, 50.0, 93.75, 50.0, 75.78]
d: [3.5, 4.01, 3.5, 6.04, 3.5, 3.81, 4.35, 4.53, 4.17, 4.89, 3.5, 4.21, 4.0, 2.0]

iteration: 45
best: [5.87, 7.62, 11.61, 14.45, 16.7, 20.64, 32.37, 35.17, 39.96, 42.74, 45.81, 47.87, 51.5, 52.75]
time: [5.85, 7.59, 11.47, 14.75, 17.16, 20.72, 32.37, 35.28, 37.05, 38.61, 1000, 1000, 1000, 1000]
current_hyper_parameter
v: [19.89, 28.32, 12.0, 23.41, 31.52, 24.68, 20.5, 13.95, 32.67, 34.29, 26.49, 31.45, 34.44, 13.46]
a: [118.28, 47.84, 50.0, 55.44, 138.61, 138.36, 158.21, 152.42, 52.71, 115.09, 131.94, 39.0, 50.0, 75.78]
d: [3.5, 4.01, 3.5, 6.04, 3.5, 3.81, 5.57, 4.53, 4.17, 5.37, 4.71, 4.21, 3.6, 2.0]
BEST_hyper_parameter
v: [19.89, 28.32, 12.0, 23.41, 31.52, 24.68, 18.21, 13.95, 32.67, 13.11, 8.93, 16.56, 9.86, 28.28]
a: [118.28, 47.84, 50.0, 55.44, 138.61, 138.36, 158.21, 152.42, 52.71, 158.38, 50.0, 93.75, 50.0, 75.78]
d: [3.5, 4.01, 3.5, 6.04, 3.5, 3.81, 4.35, 4.53, 4.17, 4.89, 3.5, 4.21, 4.0, 2.0]
mutation at idx = 3

iteration: 46
best: [5.87, 7.62, 11.61, 14.45, 16.7, 20.64, 32.37, 35.17, 37.05, 38.61, 45.81, 47.87, 51.5, 52.75]
time: [5.86, 7.58, 11.48, 17.03, 23.61, 25.9, 37.83, 40.69, 42.46, 44.11, 1000, 1000, 1000, 1000]
current_hyper_parameter
v: [19.89, 28.32, 12.0, 29.06, 31.52, 24.68, 18.21, 13.95, 32.67, 34.29, 14.38, 26.05, 22.89, 27.3]
a: [118.28, 47.84, 50.0, 111.61, 138.61, 138.36, 158.21, 152.42, 52.71, 115.09, 154.35, 31.21, 50.0, 75.78]
d: [3.5, 4.01, 3.5, 4.51, 3.5, 3.81, 4.35, 4.53, 4.17, 5.37, 4.73, 4.21, 5.51, 2.0]
BEST_hyper_parameter
v: [19.89, 28.32, 12.0, 23.41, 31.52, 24.68, 18.21, 13.95, 32.67, 34.29, 8.93, 16.56, 9.86, 28.28]
a: [118.28, 47.84, 50.0, 55.44, 138.61, 138.36, 158.21, 152.42, 52.71, 115.09, 50.0, 93.75, 50.0, 75.78]
d: [3.5, 4.01, 3.5, 6.04, 3.5, 3.81, 4.35, 4.53, 4.17, 5.37, 3.5, 4.21, 4.0, 2.0]

iteration: 47
best: [5.87, 7.62, 11.61, 14.45, 16.7, 20.64, 32.37, 35.17, 37.05, 38.61, 45.81, 47.87, 51.5, 52.75]
time: [5.88, 7.61, 11.51, 14.65, 20.46, 23.38, 40.12, 43.95, 57.54, 1000, 1000, 1000, 1000, 1000]
current_hyper_parameter
v: [19.89, 28.32, 12.0, 18.73, 31.52, 24.68, 10.65, 11.96, 16.23, 19.95, 23.75, 16.77, 16.76, 28.28]
a: [118.28, 47.84, 50.0, 72.89, 138.61, 138.36, 44.52, 77.13, 34.44, 128.85, 105.07, 93.75, 46.32, 75.78]
d: [3.5, 4.01, 3.5, 4.53, 3.5, 3.81, 5.77, 4.53, 4.93, 4.08, 3.5, 5.26, 5.65, 2.0]
BEST_hyper_parameter
v: [19.89, 28.32, 12.0, 23.41, 31.52, 24.68, 18.21, 13.95, 32.67, 34.29, 8.93, 16.56, 9.86, 28.28]
a: [118.28, 47.84, 50.0, 55.44, 138.61, 138.36, 158.21, 152.42, 52.71, 115.09, 50.0, 93.75, 50.0, 75.78]
d: [3.5, 4.01, 3.5, 6.04, 3.5, 3.81, 4.35, 4.53, 4.17, 5.37, 3.5, 4.21, 4.0, 2.0]

iteration: 48
best: [5.87, 7.62, 11.61, 14.45, 16.7, 20.64, 32.37, 35.17, 37.05, 38.61, 45.81, 47.87, 51.5, 52.75]
time: [5.86, 7.57, 11.48, 14.78, 17.19, 20.69, 31.19, 34.26, 35.88, 37.48, 40.75, 48.05, 60.72, 1000]
current_hyper_parameter
v: [19.89, 28.32, 12.0, 23.41, 31.52, 23.73, 27.91, 13.95, 26.5, 33.05, 12.43, 8.76, 9.86, 26.08]
a: [118.28, 47.84, 50.0, 55.44, 138.61, 153.92, 70.99, 152.42, 52.71, 115.09, 98.31, 36.98, 50.0, 75.78]
d: [3.5, 4.01, 3.5, 6.04, 3.5, 3.81, 5.84, 4.53, 4.89, 5.37, 4.3, 6.13, 4.0, 2.0]
BEST_hyper_parameter
v: [19.89, 28.32, 12.0, 23.41, 31.52, 24.68, 18.21, 13.95, 32.67, 34.29, 8.93, 16.56, 9.86, 28.28]
a: [118.28, 47.84, 50.0, 55.44, 138.61, 138.36, 158.21, 152.42, 52.71, 115.09, 50.0, 93.75, 50.0, 75.78]
d: [3.5, 4.01, 3.5, 6.04, 3.5, 3.81, 4.35, 4.53, 4.17, 5.37, 3.5, 4.21, 4.0, 2.0]
mutation at idx = 3
mutation at idx = 5
mutation at idx = 10

iteration: 49
best: [5.87, 7.62, 11.61, 14.45, 16.7, 20.64, 31.19, 34.26, 35.88, 37.48, 40.75, 47.87, 51.5, 52.75]
time: [5.81, 7.54, 11.44, 15.15, 20.43, 27.08, 1000, 1000, 1000, 1000, 1000, 1000, 1000, 1000]
current_hyper_parameter
v: [19.89, 28.32, 12.0, 10.37, 31.52, 23.81, 27.91, 13.95, 26.5, 33.05, 9.58, 16.56, 28.49, 9.81]
a: [118.28, 47.84, 50.0, 52.61, 138.61, 138.36, 70.99, 152.42, 52.71, 115.09, 24.4, 93.75, 50.0, 96.27]
d: [3.5, 4.01, 3.5, 6.04, 3.5, 6.3, 5.84, 4.53, 4.89, 5.37, 4.55, 4.21, 5.74, 2.0]
BEST_hyper_parameter
v: [19.89, 28.32, 12.0, 23.41, 31.52, 24.68, 27.91, 13.95, 26.5, 33.05, 12.43, 16.56, 9.86, 28.28]
a: [118.28, 47.84, 50.0, 55.44, 138.61, 138.36, 70.99, 152.42, 52.71, 115.09, 98.31, 93.75, 50.0, 75.78]
d: [3.5, 4.01, 3.5, 6.04, 3.5, 3.81, 5.84, 4.53, 4.89, 5.37, 4.3, 4.21, 4.0, 2.0]

iteration: 50
best: [5.87, 7.62, 11.61, 14.45, 16.7, 20.64, 31.19, 34.26, 35.88, 37.48, 40.75, 47.87, 51.5, 52.75]
time: [5.83, 7.52, 11.34, 15.69, 1000, 1000, 1000, 1000, 1000, 1000, 1000, 1000, 1000, 1000]
current_hyper_parameter
v: [19.89, 28.32, 12.0, 10.51, 11.14, 24.68, 32.19, 13.95, 18.19, 30.02, 12.43, 16.56, 27.07, 12.27]
a: [118.28, 47.84, 50.0, 33.04, 122.47, 138.36, 70.99, 152.42, 46.46, 115.09, 98.31, 93.75, 50.0, 49.56]
d: [3.5, 4.01, 3.5, 6.04, 5.95, 3.81, 5.97, 4.53, 5.41, 5.37, 4.3, 4.21, 5.68, 2.0]
BEST_hyper_parameter
v: [19.89, 28.32, 12.0, 23.41, 31.52, 24.68, 27.91, 13.95, 26.5, 33.05, 12.43, 16.56, 9.86, 28.28]
a: [118.28, 47.84, 50.0, 55.44, 138.61, 138.36, 70.99, 152.42, 52.71, 115.09, 98.31, 93.75, 50.0, 75.78]
d: [3.5, 4.01, 3.5, 6.04, 3.5, 3.81, 5.84, 4.53, 4.89, 5.37, 4.3, 4.21, 4.0, 2.0]

iteration: 51
best: [5.87, 7.62, 11.61, 14.45, 16.7, 20.64, 31.19, 34.26, 35.88, 37.48, 40.75, 47.87, 51.5, 52.75]
time: [5.86, 7.6, 11.49, 17.53, 24.06, 41.21, 55.15, 1000, 1000, 1000, 1000, 1000, 1000, 1000]
current_hyper_parameter
v: [19.89, 28.32, 12.0, 21.08, 15.88, 24.29, 13.65, 32.72, 23.46, 15.48, 28.41, 11.81, 25.72, 15.23]
a: [118.28, 47.84, 50.0, 74.75, 83.65, 157.01, 70.99, 152.42, 52.71, 55.27, 98.31, 158.07, 130.66, 75.78]
d: [3.5, 4.01, 3.5, 3.82, 4.96, 3.81, 4.96, 6.35, 4.13, 4.82, 4.3, 4.21, 4.34, 2.0]
BEST_hyper_parameter
v: [19.89, 28.32, 12.0, 23.41, 31.52, 24.68, 27.91, 13.95, 26.5, 33.05, 12.43, 16.56, 9.86, 28.28]
a: [118.28, 47.84, 50.0, 55.44, 138.61, 138.36, 70.99, 152.42, 52.71, 115.09, 98.31, 93.75, 50.0, 75.78]
d: [3.5, 4.01, 3.5, 6.04, 3.5, 3.81, 5.84, 4.53, 4.89, 5.37, 4.3, 4.21, 4.0, 2.0]

iteration: 52
best: [5.87, 7.62, 11.61, 14.45, 16.7, 20.64, 31.19, 34.26, 35.88, 37.48, 40.75, 47.87, 51.5, 52.75]
time: [5.82, 7.55, 11.45, 14.31, 1000, 1000, 1000, 1000, 1000, 1000, 1000, 1000, 1000, 1000]
current_hyper_parameter
v: [19.89, 28.32, 12.0, 31.43, 23.86, 24.68, 22.84, 33.02, 26.5, 28.9, 12.43, 16.56, 12.04, 32.61]
a: [118.28, 47.84, 50.0, 77.73, 138.61, 138.36, 98.44, 152.42, 52.71, 73.4, 98.31, 93.75, 155.12, 75.78]
d: [3.5, 4.01, 3.5, 6.04, 4.33, 3.81, 5.84, 4.23, 4.89, 5.12, 4.3, 4.21, 4.21, 2.0]
BEST_hyper_parameter
v: [19.89, 28.32, 12.0, 23.41, 31.52, 24.68, 27.91, 13.95, 26.5, 33.05, 12.43, 16.56, 9.86, 28.28]
a: [118.28, 47.84, 50.0, 55.44, 138.61, 138.36, 70.99, 152.42, 52.71, 115.09, 98.31, 93.75, 50.0, 75.78]
d: [3.5, 4.01, 3.5, 6.04, 3.5, 3.81, 5.84, 4.53, 4.89, 5.37, 4.3, 4.21, 4.0, 2.0]

iteration: 53
best: [5.87, 7.62, 11.61, 14.45, 16.7, 20.64, 31.19, 34.26, 35.88, 37.48, 40.75, 47.87, 51.5, 52.75]
time: [5.87, 7.6, 11.5, 14.78, 17.19, 24.64, 43.38, 46.38, 47.79, 49.27, 1000, 1000, 1000, 1000]
current_hyper_parameter
v: [19.89, 28.32, 12.0, 23.41, 31.52, 21.07, 27.91, 17.82, 20.39, 33.05, 8.89, 32.25, 21.14, 28.28]
a: [118.28, 47.84, 50.0, 55.44, 138.61, 138.36, 70.99, 99.74, 128.52, 115.09, 95.11, 93.75, 116.48, 75.78]
d: [3.5, 4.01, 3.5, 6.04, 3.5, 6.09, 5.84, 4.53, 4.89, 5.37, 4.59, 5.29, 6.4, 2.0]
BEST_hyper_parameter
v: [19.89, 28.32, 12.0, 23.41, 31.52, 24.68, 27.91, 13.95, 26.5, 33.05, 12.43, 16.56, 9.86, 28.28]
a: [118.28, 47.84, 50.0, 55.44, 138.61, 138.36, 70.99, 152.42, 52.71, 115.09, 98.31, 93.75, 50.0, 75.78]
d: [3.5, 4.01, 3.5, 6.04, 3.5, 3.81, 5.84, 4.53, 4.89, 5.37, 4.3, 4.21, 4.0, 2.0]

iteration: 54
best: [5.87, 7.62, 11.61, 14.45, 16.7, 20.64, 31.19, 34.26, 35.88, 37.48, 40.75, 47.87, 51.5, 52.75]
time: [5.83, 7.54, 11.49, 14.79, 17.19, 28.58, 1000, 1000, 1000, 1000, 1000, 1000, 1000, 1000]
current_hyper_parameter
v: [19.89, 28.32, 12.0, 23.41, 31.52, 28.35, 13.07, 20.69, 8.83, 26.74, 12.43, 14.1, 9.86, 16.06]
a: [118.28, 47.84, 50.0, 55.44, 138.61, 114.06, 20.76, 152.42, 42.81, 49.31, 98.31, 88.22, 50.0, 125.02]
d: [3.5, 4.01, 3.5, 6.04, 3.5, 3.81, 5.52, 5.31, 4.89, 5.37, 4.3, 3.64, 4.0, 2.0]
BEST_hyper_parameter
v: [19.89, 28.32, 12.0, 23.41, 31.52, 24.68, 27.91, 13.95, 26.5, 33.05, 12.43, 16.56, 9.86, 28.28]
a: [118.28, 47.84, 50.0, 55.44, 138.61, 138.36, 70.99, 152.42, 52.71, 115.09, 98.31, 93.75, 50.0, 75.78]
d: [3.5, 4.01, 3.5, 6.04, 3.5, 3.81, 5.84, 4.53, 4.89, 5.37, 4.3, 4.21, 4.0, 2.0]

iteration: 55
best: [5.87, 7.62, 11.61, 14.45, 16.7, 20.64, 31.19, 34.26, 35.88, 37.48, 40.75, 47.87, 51.5, 52.75]
time: [5.92, 7.67, 11.58, 14.9, 17.29, 21.57, 38.4, 42.22, 44.15, 45.59, 1000, 1000, 1000, 1000]
current_hyper_parameter
v: [19.89, 28.32, 12.0, 23.41, 31.52, 14.32, 12.66, 25.13, 14.87, 30.38, 34.11, 29.9, 9.86, 13.86]
a: [118.28, 47.84, 50.0, 55.44, 138.61, 138.36, 25.31, 56.38, 102.99, 128.72, 98.31, 100.43, 50.0, 74.62]
d: [3.5, 4.01, 3.5, 6.04, 3.5, 3.81, 5.77, 4.01, 6.3, 5.37, 3.5, 4.21, 4.0, 2.0]
BEST_hyper_parameter
v: [19.89, 28.32, 12.0, 23.41, 31.52, 24.68, 27.91, 13.95, 26.5, 33.05, 12.43, 16.56, 9.86, 28.28]
a: [118.28, 47.84, 50.0, 55.44, 138.61, 138.36, 70.99, 152.42, 52.71, 115.09, 98.31, 93.75, 50.0, 75.78]
d: [3.5, 4.01, 3.5, 6.04, 3.5, 3.81, 5.84, 4.53, 4.89, 5.37, 4.3, 4.21, 4.0, 2.0]
mutation at idx = 0

iteration: 56
best: [5.87, 7.62, 11.61, 14.45, 16.7, 20.64, 31.19, 34.26, 35.88, 37.48, 40.75, 47.87, 51.5, 52.75]
time: [5.86, 7.66, 11.61, 14.85, 20.83, 32.8, 44.4, 47.24, 52.09, 1000, 1000, 1000, 1000, 1000]
current_hyper_parameter
v: [19.15, 28.32, 12.0, 23.41, 19.62, 15.36, 22.09, 16.03, 12.92, 31.48, 34.04, 16.56, 23.53, 26.01]
a: [147.88, 47.84, 50.0, 55.44, 123.67, 133.42, 76.0, 152.42, 82.22, 156.29, 98.31, 93.75, 148.28, 117.85]
d: [4.41, 4.01, 3.5, 6.04, 5.95, 3.81, 5.69, 4.53, 4.89, 6.23, 4.3, 4.21, 4.0, 2.0]
BEST_hyper_parameter
v: [19.89, 28.32, 12.0, 23.41, 31.52, 24.68, 27.91, 13.95, 26.5, 33.05, 12.43, 16.56, 9.86, 28.28]
a: [118.28, 47.84, 50.0, 55.44, 138.61, 138.36, 70.99, 152.42, 52.71, 115.09, 98.31, 93.75, 50.0, 75.78]
d: [3.5, 4.01, 3.5, 6.04, 3.5, 3.81, 5.84, 4.53, 4.89, 5.37, 4.3, 4.21, 4.0, 2.0]

iteration: 57
best: [5.87, 7.62, 11.61, 14.45, 16.7, 20.64, 31.19, 34.26, 35.88, 37.48, 40.75, 47.87, 51.5, 52.75]
time: [5.88, 7.58, 11.5, 17.84, 21.99, 25.5, 37.39, 48.23, 50.79, 52.51, 1000, 1000, 1000, 1000]
current_hyper_parameter
v: [19.89, 28.32, 12.0, 23.41, 12.05, 16.42, 19.9, 22.36, 10.6, 21.39, 12.43, 16.56, 9.86, 28.28]
a: [118.28, 47.84, 50.0, 55.44, 138.61, 138.36, 108.65, 152.42, 102.47, 117.81, 98.31, 93.75, 50.0, 75.78]
d: [3.5, 4.01, 3.5, 6.04, 3.5, 3.81, 4.03, 4.53, 3.94, 6.01, 4.3, 4.21, 4.0, 2.0]
BEST_hyper_parameter
v: [19.89, 28.32, 12.0, 23.41, 31.52, 24.68, 27.91, 13.95, 26.5, 33.05, 12.43, 16.56, 9.86, 28.28]
a: [118.28, 47.84, 50.0, 55.44, 138.61, 138.36, 70.99, 152.42, 52.71, 115.09, 98.31, 93.75, 50.0, 75.78]
d: [3.5, 4.01, 3.5, 6.04, 3.5, 3.81, 5.84, 4.53, 4.89, 5.37, 4.3, 4.21, 4.0, 2.0]

iteration: 58
best: [5.87, 7.62, 11.61, 14.45, 16.7, 20.64, 31.19, 34.26, 35.88, 37.48, 40.75, 47.87, 51.5, 52.75]
time: [5.8, 7.54, 11.46, 16.98, 27.5, 33.08, 43.38, 45.73, 1000, 1000, 1000, 1000, 1000, 1000]
current_hyper_parameter
v: [19.89, 28.32, 12.0, 23.99, 21.11, 23.16, 27.91, 29.87, 12.98, 24.39, 12.43, 12.13, 14.67, 28.28]
a: [118.28, 47.84, 50.0, 149.36, 23.86, 159.83, 70.99, 155.02, 136.2, 154.96, 98.31, 109.91, 153.9, 75.78]
d: [3.5, 4.01, 3.5, 6.04, 3.5, 6.19, 5.84, 4.78, 4.89, 6.4, 4.3, 4.34, 4.26, 2.0]
BEST_hyper_parameter
v: [19.89, 28.32, 12.0, 23.41, 31.52, 24.68, 27.91, 13.95, 26.5, 33.05, 12.43, 16.56, 9.86, 28.28]
a: [118.28, 47.84, 50.0, 55.44, 138.61, 138.36, 70.99, 152.42, 52.71, 115.09, 98.31, 93.75, 50.0, 75.78]
d: [3.5, 4.01, 3.5, 6.04, 3.5, 3.81, 5.84, 4.53, 4.89, 5.37, 4.3, 4.21, 4.0, 2.0]
mutation at idx = 2

iteration: 59
best: [5.87, 7.62, 11.61, 14.45, 16.7, 20.64, 31.19, 34.26, 35.88, 37.48, 40.75, 47.87, 51.5, 52.75]
time: [5.86, 7.59, 10.29, 17.25, 23.51, 26.7, 46.15, 52.38, 54.01, 1000, 1000, 1000, 1000, 1000]
current_hyper_parameter
v: [19.89, 28.32, 21.38, 23.18, 20.2, 25.23, 12.73, 15.29, 30.72, 16.62, 12.43, 25.52, 9.86, 28.28]
a: [118.28, 47.84, 159.48, 24.24, 103.1, 138.36, 70.99, 123.25, 52.71, 145.18, 98.31, 123.05, 50.0, 75.78]
d: [3.5, 4.01, 3.5, 3.52, 3.5, 3.81, 6.02, 4.53, 4.89, 4.43, 4.3, 3.69, 4.0, 2.0]
BEST_hyper_parameter
v: [19.89, 28.32, 12.0, 23.41, 31.52, 24.68, 27.91, 13.95, 26.5, 33.05, 12.43, 16.56, 9.86, 28.28]
a: [118.28, 47.84, 50.0, 55.44, 138.61, 138.36, 70.99, 152.42, 52.71, 115.09, 98.31, 93.75, 50.0, 75.78]
d: [3.5, 4.01, 3.5, 6.04, 3.5, 3.81, 5.84, 4.53, 4.89, 5.37, 4.3, 4.21, 4.0, 2.0]

iteration: 60
best: [5.87, 7.62, 10.29, 14.45, 16.7, 20.64, 31.19, 34.26, 35.88, 37.48, 40.75, 47.87, 51.5, 52.75]
time: [5.88, 7.6, 10.3, 13.47, 15.77, 19.77, 1000, 1000, 1000, 1000, 1000, 1000, 1000, 1000]
current_hyper_parameter
v: [19.89, 28.32, 21.38, 13.19, 31.52, 28.37, 10.11, 28.54, 12.48, 14.23, 12.43, 25.97, 18.87, 11.42]
a: [118.28, 47.84, 159.48, 55.44, 138.61, 138.36, 70.99, 152.42, 49.03, 62.62, 98.31, 93.75, 50.0, 75.78]
d: [3.5, 4.01, 3.5, 6.04, 3.5, 3.57, 5.84, 4.53, 4.89, 5.37, 4.3, 5.7, 4.0, 2.0]
BEST_hyper_parameter
v: [19.89, 28.32, 21.38, 23.41, 31.52, 24.68, 27.91, 13.95, 26.5, 33.05, 12.43, 16.56, 9.86, 28.28]
a: [118.28, 47.84, 159.48, 55.44, 138.61, 138.36, 70.99, 152.42, 52.71, 115.09, 98.31, 93.75, 50.0, 75.78]
d: [3.5, 4.01, 3.5, 6.04, 3.5, 3.81, 5.84, 4.53, 4.89, 5.37, 4.3, 4.21, 4.0, 2.0]
mutation at idx = 1

iteration: 61
best: [5.87, 7.62, 10.29, 13.47, 15.77, 19.77, 31.19, 34.26, 35.88, 37.48, 40.75, 47.87, 51.5, 52.75]
time: [5.86, 7.62, 10.31, 12.87, 15.19, 19.15, 1000, 1000, 1000, 1000, 1000, 1000, 1000, 1000]
current_hyper_parameter
v: [19.89, 8.68, 21.38, 13.19, 31.52, 28.37, 10.84, 13.95, 25.83, 20.18, 16.87, 16.56, 10.66, 32.73]
a: [118.28, 73.75, 159.48, 55.44, 138.61, 138.36, 70.99, 152.42, 68.45, 106.46, 98.31, 93.75, 76.59, 154.35]
d: [3.5, 4.69, 3.5, 6.04, 3.5, 3.57, 5.79, 4.53, 4.89, 5.37, 5.72, 4.21, 4.0, 2.0]
BEST_hyper_parameter
v: [19.89, 28.32, 21.38, 13.19, 31.52, 28.37, 27.91, 13.95, 26.5, 33.05, 12.43, 16.56, 9.86, 28.28]
a: [118.28, 47.84, 159.48, 55.44, 138.61, 138.36, 70.99, 152.42, 52.71, 115.09, 98.31, 93.75, 50.0, 75.78]
d: [3.5, 4.01, 3.5, 6.04, 3.5, 3.57, 5.84, 4.53, 4.89, 5.37, 4.3, 4.21, 4.0, 2.0]
mutation at idx = 3
mutation at idx = 5

iteration: 62
best: [5.87, 7.62, 10.29, 12.87, 15.19, 19.15, 31.19, 34.26, 35.88, 37.48, 40.75, 47.87, 51.5, 52.75]
time: [5.85, 7.57, 10.27, 15.72, 22.95, 27.2, 40.41, 1000, 1000, 1000, 1000, 1000, 1000, 1000]
current_hyper_parameter
v: [19.89, 28.32, 21.38, 22.48, 31.52, 13.38, 19.36, 17.16, 11.83, 33.63, 12.43, 21.51, 15.77, 19.56]
a: [118.28, 47.84, 159.48, 149.09, 138.61, 92.66, 70.99, 67.66, 52.71, 115.09, 98.31, 30.49, 50.93, 49.5]
d: [3.5, 4.01, 3.5, 4.91, 3.5, 3.57, 5.84, 4.53, 6.39, 4.49, 4.3, 4.47, 4.25, 2.0]
BEST_hyper_parameter
v: [19.89, 28.32, 21.38, 13.19, 31.52, 28.37, 27.91, 13.95, 26.5, 33.05, 12.43, 16.56, 9.86, 28.28]
a: [118.28, 47.84, 159.48, 55.44, 138.61, 138.36, 70.99, 152.42, 52.71, 115.09, 98.31, 93.75, 50.0, 75.78]
d: [3.5, 4.01, 3.5, 6.04, 3.5, 3.57, 5.84, 4.53, 4.89, 5.37, 4.3, 4.21, 4.0, 2.0]
mutation at idx = 2

iteration: 63
best: [5.87, 7.62, 10.29, 12.87, 15.19, 19.15, 31.19, 34.26, 35.88, 37.48, 40.75, 47.87, 51.5, 52.75]
time: [5.86, 7.58, 10.25, 12.93, 15.23, 19.13, 29.89, 1000, 1000, 1000, 1000, 1000, 1000, 1000]
current_hyper_parameter
v: [19.89, 28.32, 29.58, 13.19, 31.52, 28.37, 27.75, 16.34, 30.01, 33.05, 28.29, 16.99, 9.86, 14.78]
a: [118.28, 47.84, 107.36, 55.44, 138.61, 138.36, 64.73, 33.17, 52.71, 115.09, 61.49, 67.7, 50.0, 47.87]
d: [3.5, 4.01, 4.82, 6.04, 3.5, 3.57, 5.84, 4.08, 4.69, 5.37, 3.74, 4.21, 4.0, 2.0]
BEST_hyper_parameter
v: [19.89, 28.32, 21.38, 13.19, 31.52, 28.37, 27.91, 13.95, 26.5, 33.05, 12.43, 16.56, 9.86, 28.28]
a: [118.28, 47.84, 159.48, 55.44, 138.61, 138.36, 70.99, 152.42, 52.71, 115.09, 98.31, 93.75, 50.0, 75.78]
d: [3.5, 4.01, 3.5, 6.04, 3.5, 3.57, 5.84, 4.53, 4.89, 5.37, 4.3, 4.21, 4.0, 2.0]
mutation at idx = 4
mutation at idx = 5

iteration: 64
best: [5.87, 7.62, 10.29, 12.87, 15.19, 19.15, 29.89, 34.26, 35.88, 37.48, 40.75, 47.87, 51.5, 52.75]
time: [5.8, 7.54, 10.24, 12.92, 18.72, 27.09, 38.84, 48.58, 51.44, 53.21, 1000, 1000, 1000, 1000]
current_hyper_parameter
v: [19.89, 28.32, 21.38, 13.19, 17.88, 19.4, 27.75, 28.47, 21.2, 29.07, 19.01, 10.67, 31.26, 15.27]
a: [118.28, 47.84, 159.48, 55.44, 138.61, 50.1, 64.73, 132.35, 52.71, 115.09, 104.05, 134.25, 150.07, 145.63]
d: [3.5, 4.01, 3.5, 6.04, 4.13, 3.57, 5.84, 4.53, 4.89, 5.37, 5.7, 4.21, 3.88, 2.0]
BEST_hyper_parameter
v: [19.89, 28.32, 21.38, 13.19, 31.52, 28.37, 27.75, 13.95, 26.5, 33.05, 12.43, 16.56, 9.86, 28.28]
a: [118.28, 47.84, 159.48, 55.44, 138.61, 138.36, 64.73, 152.42, 52.71, 115.09, 98.31, 93.75, 50.0, 75.78]
d: [3.5, 4.01, 3.5, 6.04, 3.5, 3.57, 5.84, 4.53, 4.89, 5.37, 4.3, 4.21, 4.0, 2.0]
mutation at idx = 0

iteration: 65
best: [5.87, 7.62, 10.29, 12.87, 15.19, 19.15, 29.89, 34.26, 35.88, 37.48, 40.75, 47.87, 51.5, 52.75]
time: [7.62, 10.12, 12.95, 15.89, 1000, 1000, 1000, 1000, 1000, 1000, 1000, 1000, 1000, 1000]
current_hyper_parameter
v: [31.28, 28.32, 21.38, 13.19, 20.35, 28.37, 27.75, 31.64, 16.01, 33.05, 25.75, 12.7, 28.01, 30.92]
a: [29.67, 47.84, 159.48, 55.44, 117.94, 138.36, 64.73, 32.18, 29.25, 115.09, 23.89, 106.58, 50.0, 51.84]
d: [4.71, 4.01, 3.5, 6.04, 4.89, 3.57, 5.84, 5.5, 6.41, 5.37, 6.04, 4.32, 4.53, 2.0]
BEST_hyper_parameter
v: [19.89, 28.32, 21.38, 13.19, 31.52, 28.37, 27.75, 13.95, 26.5, 33.05, 12.43, 16.56, 9.86, 28.28]
a: [118.28, 47.84, 159.48, 55.44, 138.61, 138.36, 64.73, 152.42, 52.71, 115.09, 98.31, 93.75, 50.0, 75.78]
d: [3.5, 4.01, 3.5, 6.04, 3.5, 3.57, 5.84, 4.53, 4.89, 5.37, 4.3, 4.21, 4.0, 2.0]

iteration: 66
best: [5.87, 7.62, 10.29, 12.87, 15.19, 19.15, 29.89, 34.26, 35.88, 37.48, 40.75, 47.87, 51.5, 52.75]
time: [6.45, 8.01, 10.79, 13.95, 16.8, 21.33, 35.71, 42.06, 43.95, 48.6, 1000, 1000, 1000, 1000]
current_hyper_parameter
v: [9.2, 31.59, 13.66, 13.19, 14.72, 32.82, 19.65, 13.95, 26.5, 33.05, 12.43, 16.56, 11.67, 28.28]
a: [118.28, 128.54, 123.95, 55.44, 138.61, 48.46, 64.73, 152.42, 52.71, 115.09, 98.31, 93.75, 158.14, 75.78]
d: [3.5, 4.01, 5.35, 6.04, 3.5, 6.1, 5.31, 4.53, 4.89, 5.37, 4.3, 4.21, 4.34, 2.0]
BEST_hyper_parameter
v: [19.89, 28.32, 21.38, 13.19, 31.52, 28.37, 27.75, 13.95, 26.5, 33.05, 12.43, 16.56, 9.86, 28.28]
a: [118.28, 47.84, 159.48, 55.44, 138.61, 138.36, 64.73, 152.42, 52.71, 115.09, 98.31, 93.75, 50.0, 75.78]
d: [3.5, 4.01, 3.5, 6.04, 3.5, 3.57, 5.84, 4.53, 4.89, 5.37, 4.3, 4.21, 4.0, 2.0]

iteration: 67
best: [5.87, 7.62, 10.29, 12.87, 15.19, 19.15, 29.89, 34.26, 35.88, 37.48, 40.75, 47.87, 51.5, 52.75]
time: [6.27, 8.32, 10.75, 13.51, 1000, 1000, 1000, 1000, 1000, 1000, 1000, 1000, 1000, 1000]
current_hyper_parameter
v: [11.06, 22.89, 34.58, 14.0, 15.15, 11.52, 28.27, 13.95, 20.46, 33.05, 17.12, 11.87, 10.4, 21.04]
a: [139.55, 47.84, 140.36, 83.64, 126.53, 121.28, 132.86, 152.42, 61.04, 115.09, 121.19, 93.75, 29.15, 89.81]
d: [3.5, 4.44, 3.5, 6.04, 4.49, 3.57, 5.17, 4.53, 4.89, 5.37, 5.13, 5.75, 4.0, 2.0]
BEST_hyper_parameter
v: [19.89, 28.32, 21.38, 13.19, 31.52, 28.37, 27.75, 13.95, 26.5, 33.05, 12.43, 16.56, 9.86, 28.28]
a: [118.28, 47.84, 159.48, 55.44, 138.61, 138.36, 64.73, 152.42, 52.71, 115.09, 98.31, 93.75, 50.0, 75.78]
d: [3.5, 4.01, 3.5, 6.04, 3.5, 3.57, 5.84, 4.53, 4.89, 5.37, 4.3, 4.21, 4.0, 2.0]

iteration: 68
best: [5.87, 7.62, 10.29, 12.87, 15.19, 19.15, 29.89, 34.26, 35.88, 37.48, 40.75, 47.87, 51.5, 52.75]
time: [5.86, 10.73, 14.73, 1000, 1000, 1000, 1000, 1000, 1000, 1000, 1000, 1000, 1000, 1000]
current_hyper_parameter
v: [19.89, 30.47, 21.38, 25.28, 18.47, 28.37, 27.75, 13.95, 17.43, 34.54, 29.41, 24.17, 31.2, 18.12]
a: [118.28, 47.84, 159.48, 26.29, 158.35, 138.36, 64.73, 152.42, 107.53, 115.09, 98.31, 120.2, 128.24, 75.78]
d: [3.5, 6.18, 3.5, 3.76, 3.5, 3.57, 5.84, 4.53, 6.28, 6.19, 5.84, 4.21, 4.0, 2.0]
BEST_hyper_parameter
v: [19.89, 28.32, 21.38, 13.19, 31.52, 28.37, 27.75, 13.95, 26.5, 33.05, 12.43, 16.56, 9.86, 28.28]
a: [118.28, 47.84, 159.48, 55.44, 138.61, 138.36, 64.73, 152.42, 52.71, 115.09, 98.31, 93.75, 50.0, 75.78]
d: [3.5, 4.01, 3.5, 6.04, 3.5, 3.57, 5.84, 4.53, 4.89, 5.37, 4.3, 4.21, 4.0, 2.0]

iteration: 69
best: [5.87, 7.62, 10.29, 12.87, 15.19, 19.15, 29.89, 34.26, 35.88, 37.48, 40.75, 47.87, 51.5, 52.75]
time: [5.85, 7.19, 9.59, 12.43, 18.23, 20.94, 34.75, 38.65, 40.47, 45.1, 1000, 1000, 1000, 1000]
current_hyper_parameter
v: [19.89, 26.0, 21.38, 13.19, 22.86, 28.37, 13.99, 10.1, 28.97, 33.05, 12.43, 17.68, 9.86, 14.96]
a: [118.28, 157.97, 159.48, 55.44, 80.47, 138.36, 26.61, 134.55, 52.71, 115.09, 98.31, 93.75, 50.0, 52.9]
d: [3.5, 4.92, 3.5, 6.04, 4.8, 3.57, 4.9, 4.53, 4.89, 5.37, 4.3, 5.56, 4.0, 2.0]
BEST_hyper_parameter
v: [19.89, 28.32, 21.38, 13.19, 31.52, 28.37, 27.75, 13.95, 26.5, 33.05, 12.43, 16.56, 9.86, 28.28]
a: [118.28, 47.84, 159.48, 55.44, 138.61, 138.36, 64.73, 152.42, 52.71, 115.09, 98.31, 93.75, 50.0, 75.78]
d: [3.5, 4.01, 3.5, 6.04, 3.5, 3.57, 5.84, 4.53, 4.89, 5.37, 4.3, 4.21, 4.0, 2.0]

iteration: 70
best: [5.87, 7.62, 9.59, 12.87, 15.19, 19.15, 29.89, 34.26, 35.88, 37.48, 40.75, 47.87, 51.5, 52.75]
time: [5.84, 7.57, 10.28, 13.01, 16.54, 20.75, 31.27, 34.25, 35.91, 37.55, 1000, 1000, 1000, 1000]
current_hyper_parameter
v: [19.89, 28.32, 21.38, 13.19, 14.08, 9.51, 29.37, 13.95, 10.98, 33.05, 19.32, 16.56, 24.93, 29.58]
a: [118.28, 47.84, 159.48, 55.44, 59.56, 138.36, 87.13, 152.42, 151.44, 115.09, 98.31, 93.75, 50.0, 75.78]
d: [3.5, 4.01, 3.5, 6.04, 3.5, 3.57, 6.03, 4.53, 4.53, 5.37, 3.8, 4.21, 4.0, 2.0]
BEST_hyper_parameter
v: [19.89, 28.32, 21.38, 13.19, 31.52, 28.37, 27.75, 13.95, 26.5, 33.05, 12.43, 16.56, 9.86, 28.28]
a: [118.28, 47.84, 159.48, 55.44, 138.61, 138.36, 64.73, 152.42, 52.71, 115.09, 98.31, 93.75, 50.0, 75.78]
d: [3.5, 4.01, 3.5, 6.04, 3.5, 3.57, 5.84, 4.53, 4.89, 5.37, 4.3, 4.21, 4.0, 2.0]

iteration: 71
best: [5.87, 7.62, 9.59, 12.87, 15.19, 19.15, 29.89, 34.26, 35.88, 37.48, 40.75, 47.87, 51.5, 52.75]
time: [5.86, 7.59, 10.41, 16.19, 1000, 1000, 1000, 1000, 1000, 1000, 1000, 1000, 1000, 1000]
current_hyper_parameter
v: [19.89, 28.32, 19.22, 31.11, 8.95, 28.37, 27.91, 13.95, 22.55, 22.58, 12.43, 16.56, 9.07, 17.73]
a: [118.28, 47.84, 159.48, 81.85, 111.09, 138.36, 121.33, 152.42, 52.71, 118.55, 98.31, 93.75, 133.8, 44.86]
d: [3.5, 4.01, 3.5, 6.43, 5.53, 3.57, 5.84, 4.53, 4.82, 5.37, 4.3, 4.21, 4.15, 2.0]
BEST_hyper_parameter
v: [19.89, 28.32, 21.38, 13.19, 31.52, 28.37, 27.75, 13.95, 26.5, 33.05, 12.43, 16.56, 9.86, 28.28]
a: [118.28, 47.84, 159.48, 55.44, 138.61, 138.36, 64.73, 152.42, 52.71, 115.09, 98.31, 93.75, 50.0, 75.78]
d: [3.5, 4.01, 3.5, 6.04, 3.5, 3.57, 5.84, 4.53, 4.89, 5.37, 4.3, 4.21, 4.0, 2.0]

iteration: 72
best: [5.87, 7.62, 9.59, 12.87, 15.19, 19.15, 29.89, 34.26, 35.88, 37.48, 40.75, 47.87, 51.5, 52.75]
time: [5.9, 8.08, 10.89, 13.01, 22.97, 26.41, 34.94, 1000, 1000, 1000, 1000, 1000, 1000, 1000]
current_hyper_parameter
v: [19.89, 28.32, 21.38, 31.35, 31.9, 18.43, 33.57, 34.88, 26.5, 12.69, 29.43, 15.82, 25.18, 11.14]
a: [118.28, 47.84, 159.48, 144.41, 59.17, 122.07, 155.83, 119.18, 52.71, 20.92, 95.12, 57.3, 50.0, 104.23]
d: [3.5, 4.01, 3.5, 6.04, 3.5, 3.69, 4.91, 4.53, 4.89, 5.73, 4.3, 3.69, 4.0, 2.0]
BEST_hyper_parameter
v: [19.89, 28.32, 21.38, 13.19, 31.52, 28.37, 27.75, 13.95, 26.5, 33.05, 12.43, 16.56, 9.86, 28.28]
a: [118.28, 47.84, 159.48, 55.44, 138.61, 138.36, 64.73, 152.42, 52.71, 115.09, 98.31, 93.75, 50.0, 75.78]
d: [3.5, 4.01, 3.5, 6.04, 3.5, 3.57, 5.84, 4.53, 4.89, 5.37, 4.3, 4.21, 4.0, 2.0]

iteration: 73
best: [5.87, 7.62, 9.59, 12.87, 15.19, 19.15, 29.89, 34.26, 35.88, 37.48, 40.75, 47.87, 51.5, 52.75]
time: [5.84, 7.58, 11.14, 14.69, 18.26, 22.15, 33.09, 36.27, 1000, 1000, 1000, 1000, 1000, 1000]
current_hyper_parameter
v: [19.89, 28.32, 24.43, 12.11, 17.52, 10.77, 28.86, 13.95, 10.14, 33.05, 12.43, 18.24, 16.0, 28.28]
a: [118.28, 47.84, 49.4, 55.44, 47.05, 92.56, 78.6, 152.42, 31.81, 115.09, 98.31, 93.75, 25.55, 75.78]
d: [3.5, 4.01, 3.74, 6.04, 4.25, 3.57, 5.05, 4.53, 4.89, 5.37, 4.3, 4.21, 4.03, 2.0]
BEST_hyper_parameter
v: [19.89, 28.32, 21.38, 13.19, 31.52, 28.37, 27.75, 13.95, 26.5, 33.05, 12.43, 16.56, 9.86, 28.28]
a: [118.28, 47.84, 159.48, 55.44, 138.61, 138.36, 64.73, 152.42, 52.71, 115.09, 98.31, 93.75, 50.0, 75.78]
d: [3.5, 4.01, 3.5, 6.04, 3.5, 3.57, 5.84, 4.53, 4.89, 5.37, 4.3, 4.21, 4.0, 2.0]

iteration: 74
best: [5.87, 7.62, 9.59, 12.87, 15.19, 19.15, 29.89, 34.26, 35.88, 37.48, 40.75, 47.87, 51.5, 52.75]
time: [5.82, 7.54, 10.24, 1000, 1000, 1000, 1000, 1000, 1000, 1000, 1000, 1000, 1000, 1000]
current_hyper_parameter
v: [19.89, 28.32, 21.38, 13.19, 11.45, 22.62, 30.54, 13.95, 26.82, 15.75, 32.14, 16.56, 9.86, 28.28]
a: [118.28, 47.84, 159.48, 55.44, 135.15, 138.36, 64.73, 152.42, 66.09, 63.44, 134.16, 93.75, 50.0, 75.78]
d: [3.5, 4.01, 3.5, 6.04, 3.5, 3.57, 6.45, 4.53, 4.89, 5.37, 4.5, 4.21, 4.0, 2.0]
BEST_hyper_parameter
v: [19.89, 28.32, 21.38, 13.19, 31.52, 28.37, 27.75, 13.95, 26.5, 33.05, 12.43, 16.56, 9.86, 28.28]
a: [118.28, 47.84, 159.48, 55.44, 138.61, 138.36, 64.73, 152.42, 52.71, 115.09, 98.31, 93.75, 50.0, 75.78]
d: [3.5, 4.01, 3.5, 6.04, 3.5, 3.57, 5.84, 4.53, 4.89, 5.37, 4.3, 4.21, 4.0, 2.0]

iteration: 75
best: [5.87, 7.62, 9.59, 12.87, 15.19, 19.15, 29.89, 34.26, 35.88, 37.48, 40.75, 47.87, 51.5, 52.75]
time: [5.81, 7.5, 10.37, 13.16, 18.77, 36.13, 1000, 1000, 1000, 1000, 1000, 1000, 1000, 1000]
current_hyper_parameter
v: [19.89, 28.32, 32.19, 13.19, 33.81, 14.61, 11.63, 12.38, 24.06, 20.37, 12.43, 24.44, 29.46, 13.28]
a: [118.28, 47.84, 84.68, 55.44, 111.97, 126.58, 64.73, 55.13, 128.8, 115.09, 98.31, 32.88, 50.0, 75.78]
d: [3.5, 4.01, 6.23, 6.04, 3.5, 3.57, 3.68, 4.53, 5.9, 3.73, 4.3, 4.21, 4.59, 2.0]
BEST_hyper_parameter
v: [19.89, 28.32, 21.38, 13.19, 31.52, 28.37, 27.75, 13.95, 26.5, 33.05, 12.43, 16.56, 9.86, 28.28]
a: [118.28, 47.84, 159.48, 55.44, 138.61, 138.36, 64.73, 152.42, 52.71, 115.09, 98.31, 93.75, 50.0, 75.78]
d: [3.5, 4.01, 3.5, 6.04, 3.5, 3.57, 5.84, 4.53, 4.89, 5.37, 4.3, 4.21, 4.0, 2.0]

iteration: 76
best: [5.87, 7.62, 9.59, 12.87, 15.19, 19.15, 29.89, 34.26, 35.88, 37.48, 40.75, 47.87, 51.5, 52.75]
time: [5.89, 7.63, 10.15, 15.98, 30.51, 34.36, 44.41, 46.9, 54.83, 1000, 1000, 1000, 1000, 1000]
current_hyper_parameter
v: [19.89, 28.32, 25.7, 10.59, 30.94, 17.26, 29.8, 26.43, 27.42, 33.05, 12.43, 25.58, 24.61, 28.28]
a: [118.28, 47.84, 159.48, 28.47, 83.87, 70.78, 106.86, 152.42, 64.88, 115.09, 98.31, 104.76, 150.07, 75.78]
d: [3.5, 4.01, 5.9, 5.65, 3.5, 6.06, 5.84, 4.53, 4.89, 5.37, 4.3, 4.21, 5.91, 2.0]
BEST_hyper_parameter
v: [19.89, 28.32, 21.38, 13.19, 31.52, 28.37, 27.75, 13.95, 26.5, 33.05, 12.43, 16.56, 9.86, 28.28]
a: [118.28, 47.84, 159.48, 55.44, 138.61, 138.36, 64.73, 152.42, 52.71, 115.09, 98.31, 93.75, 50.0, 75.78]
d: [3.5, 4.01, 3.5, 6.04, 3.5, 3.57, 5.84, 4.53, 4.89, 5.37, 4.3, 4.21, 4.0, 2.0]

iteration: 77
best: [5.87, 7.62, 9.59, 12.87, 15.19, 19.15, 29.89, 34.26, 35.88, 37.48, 40.75, 47.87, 51.5, 52.75]
time: [5.85, 7.57, 10.26, 16.05, 1000, 1000, 1000, 1000, 1000, 1000, 1000, 1000, 1000, 1000]
current_hyper_parameter
v: [19.89, 28.32, 21.38, 12.11, 8.64, 33.71, 14.01, 22.31, 27.73, 33.05, 13.9, 16.56, 14.38, 32.22]
a: [118.28, 47.84, 159.48, 55.44, 106.66, 138.36, 146.56, 152.42, 77.86, 115.09, 98.31, 93.75, 50.0, 75.78]
d: [3.5, 4.01, 3.5, 5.92, 6.25, 4.7, 5.84, 4.42, 3.99, 5.37, 4.3, 4.21, 4.0, 2.0]
BEST_hyper_parameter
v: [19.89, 28.32, 21.38, 13.19, 31.52, 28.37, 27.75, 13.95, 26.5, 33.05, 12.43, 16.56, 9.86, 28.28]
a: [118.28, 47.84, 159.48, 55.44, 138.61, 138.36, 64.73, 152.42, 52.71, 115.09, 98.31, 93.75, 50.0, 75.78]
d: [3.5, 4.01, 3.5, 6.04, 3.5, 3.57, 5.84, 4.53, 4.89, 5.37, 4.3, 4.21, 4.0, 2.0]
mutation at idx = 1

iteration: 78
best: [5.87, 7.62, 9.59, 12.87, 15.19, 19.15, 29.89, 34.26, 35.88, 37.48, 40.75, 47.87, 51.5, 52.75]
time: [5.88, 7.35, 9.84, 15.61, 1000, 1000, 1000, 1000, 1000, 1000, 1000, 1000, 1000, 1000]
current_hyper_parameter
v: [19.89, 27.54, 23.32, 12.9, 31.52, 21.73, 34.5, 13.95, 26.5, 33.05, 14.15, 28.24, 9.86, 29.34]
a: [118.28, 97.51, 159.48, 153.68, 138.61, 127.45, 134.66, 152.42, 52.71, 115.09, 98.31, 76.87, 50.0, 122.51]
d: [3.5, 4.01, 3.5, 4.21, 3.5, 3.57, 4.46, 4.53, 4.89, 5.37, 5.57, 4.21, 4.0, 2.0]
BEST_hyper_parameter
v: [19.89, 28.32, 21.38, 13.19, 31.52, 28.37, 27.75, 13.95, 26.5, 33.05, 12.43, 16.56, 9.86, 28.28]
a: [118.28, 47.84, 159.48, 55.44, 138.61, 138.36, 64.73, 152.42, 52.71, 115.09, 98.31, 93.75, 50.0, 75.78]
d: [3.5, 4.01, 3.5, 6.04, 3.5, 3.57, 5.84, 4.53, 4.89, 5.37, 4.3, 4.21, 4.0, 2.0]

iteration: 79
best: [5.87, 7.62, 9.59, 12.87, 15.19, 19.15, 29.89, 34.26, 35.88, 37.48, 40.75, 47.87, 51.5, 52.75]
time: [5.82, 7.56, 10.29, 13.36, 15.75, 19.54, 32.56, 35.51, 1000, 1000, 1000, 1000, 1000, 1000]
current_hyper_parameter
v: [19.89, 28.32, 21.38, 21.77, 34.88, 23.06, 13.05, 30.72, 29.68, 30.16, 31.22, 10.08, 10.42, 9.63]
a: [118.28, 47.84, 159.48, 55.44, 112.26, 138.36, 158.38, 142.12, 106.15, 89.85, 157.29, 93.75, 90.23, 54.61]
d: [3.5, 4.01, 3.5, 6.04, 3.5, 3.57, 3.88, 4.53, 4.89, 5.37, 5.63, 4.21, 4.08, 2.0]
BEST_hyper_parameter
v: [19.89, 28.32, 21.38, 13.19, 31.52, 28.37, 27.75, 13.95, 26.5, 33.05, 12.43, 16.56, 9.86, 28.28]
a: [118.28, 47.84, 159.48, 55.44, 138.61, 138.36, 64.73, 152.42, 52.71, 115.09, 98.31, 93.75, 50.0, 75.78]
d: [3.5, 4.01, 3.5, 6.04, 3.5, 3.57, 5.84, 4.53, 4.89, 5.37, 4.3, 4.21, 4.0, 2.0]

iteration: 80
best: [5.87, 7.62, 9.59, 12.87, 15.19, 19.15, 29.89, 34.26, 35.88, 37.48, 40.75, 47.87, 51.5, 52.75]
time: [5.84, 7.57, 10.17, 16.13, 22.29, 25.24, 34.0, 1000, 1000, 1000, 1000, 1000, 1000, 1000]
current_hyper_parameter
v: [19.89, 28.32, 29.46, 32.93, 27.85, 28.37, 32.48, 10.06, 26.5, 12.68, 13.14, 16.56, 33.25, 14.37]
a: [118.28, 47.84, 119.81, 100.6, 138.61, 138.36, 151.5, 44.61, 52.71, 39.79, 98.31, 93.75, 139.26, 51.6]
d: [3.5, 4.01, 3.5, 6.04, 4.72, 3.57, 5.84, 5.39, 4.89, 5.76, 3.95, 4.21, 4.0, 2.0]
BEST_hyper_parameter
v: [19.89, 28.32, 21.38, 13.19, 31.52, 28.37, 27.75, 13.95, 26.5, 33.05, 12.43, 16.56, 9.86, 28.28]
a: [118.28, 47.84, 159.48, 55.44, 138.61, 138.36, 64.73, 152.42, 52.71, 115.09, 98.31, 93.75, 50.0, 75.78]
d: [3.5, 4.01, 3.5, 6.04, 3.5, 3.57, 5.84, 4.53, 4.89, 5.37, 4.3, 4.21, 4.0, 2.0]

iteration: 81
best: [5.87, 7.62, 9.59, 12.87, 15.19, 19.15, 29.89, 34.26, 35.88, 37.48, 40.75, 47.87, 51.5, 52.75]
time: [5.86, 7.57, 11.46, 15.03, 20.72, 27.68, 37.21, 1000, 1000, 1000, 1000, 1000, 1000, 1000]
current_hyper_parameter
v: [19.89, 28.32, 31.28, 13.19, 17.82, 16.66, 26.43, 13.95, 26.5, 26.32, 30.23, 16.56, 22.95, 28.28]
a: [118.28, 47.84, 39.71, 55.44, 138.61, 138.36, 144.57, 152.42, 52.71, 63.69, 22.93, 93.75, 66.39, 75.78]
d: [3.5, 4.01, 4.65, 6.04, 3.66, 3.57, 5.84, 4.53, 4.89, 5.37, 4.46, 4.21, 4.0, 2.0]
BEST_hyper_parameter
v: [19.89, 28.32, 21.38, 13.19, 31.52, 28.37, 27.75, 13.95, 26.5, 33.05, 12.43, 16.56, 9.86, 28.28]
a: [118.28, 47.84, 159.48, 55.44, 138.61, 138.36, 64.73, 152.42, 52.71, 115.09, 98.31, 93.75, 50.0, 75.78]
d: [3.5, 4.01, 3.5, 6.04, 3.5, 3.57, 5.84, 4.53, 4.89, 5.37, 4.3, 4.21, 4.0, 2.0]

iteration: 82
best: [5.87, 7.62, 9.59, 12.87, 15.19, 19.15, 29.89, 34.26, 35.88, 37.48, 40.75, 47.87, 51.5, 52.75]
time: [5.88, 7.61, 10.67, 13.56, 19.95, 24.88, 43.65, 50.87, 54.28, 1000, 1000, 1000, 1000, 1000]
current_hyper_parameter
v: [19.89, 28.32, 16.07, 20.13, 13.78, 8.55, 13.0, 14.51, 10.26, 15.71, 25.67, 33.53, 24.37, 21.34]
a: [118.28, 47.84, 159.48, 53.46, 95.26, 138.36, 131.46, 140.6, 144.32, 100.28, 98.31, 113.69, 50.0, 108.19]
d: [3.5, 4.01, 4.11, 6.04, 5.91, 3.57, 5.3, 5.27, 4.89, 5.37, 4.55, 6.39, 4.98, 2.0]
BEST_hyper_parameter
v: [19.89, 28.32, 21.38, 13.19, 31.52, 28.37, 27.75, 13.95, 26.5, 33.05, 12.43, 16.56, 9.86, 28.28]
a: [118.28, 47.84, 159.48, 55.44, 138.61, 138.36, 64.73, 152.42, 52.71, 115.09, 98.31, 93.75, 50.0, 75.78]
d: [3.5, 4.01, 3.5, 6.04, 3.5, 3.57, 5.84, 4.53, 4.89, 5.37, 4.3, 4.21, 4.0, 2.0]

iteration: 83
best: [5.87, 7.62, 9.59, 12.87, 15.19, 19.15, 29.89, 34.26, 35.88, 37.48, 40.75, 47.87, 51.5, 52.75]
time: [5.85, 7.58, 10.59, 13.41, 34.89, 52.57, 1000, 1000, 1000, 1000, 1000, 1000, 1000, 1000]
current_hyper_parameter
v: [19.89, 28.32, 19.04, 29.63, 24.55, 28.37, 18.54, 14.01, 10.41, 14.19, 9.9, 30.33, 20.72, 15.88]
a: [118.28, 47.84, 108.69, 55.44, 138.61, 138.36, 64.73, 22.87, 52.71, 115.09, 98.31, 57.52, 111.93, 41.02]
d: [3.5, 4.01, 3.5, 6.04, 5.58, 3.57, 5.28, 6.34, 4.35, 5.37, 4.3, 5.97, 4.35, 2.0]
BEST_hyper_parameter
v: [19.89, 28.32, 21.38, 13.19, 31.52, 28.37, 27.75, 13.95, 26.5, 33.05, 12.43, 16.56, 9.86, 28.28]
a: [118.28, 47.84, 159.48, 55.44, 138.61, 138.36, 64.73, 152.42, 52.71, 115.09, 98.31, 93.75, 50.0, 75.78]
d: [3.5, 4.01, 3.5, 6.04, 3.5, 3.57, 5.84, 4.53, 4.89, 5.37, 4.3, 4.21, 4.0, 2.0]

iteration: 84
best: [5.87, 7.62, 9.59, 12.87, 15.19, 19.15, 29.89, 34.26, 35.88, 37.48, 40.75, 47.87, 51.5, 52.75]
time: [5.86, 7.58, 10.86, 18.22, 28.3, 45.03, 1000, 1000, 1000, 1000, 1000, 1000, 1000, 1000]
current_hyper_parameter
v: [19.89, 28.32, 24.79, 16.05, 24.09, 23.58, 22.95, 13.95, 26.49, 25.71, 12.43, 34.37, 9.86, 25.26]
a: [118.28, 47.84, 62.98, 22.26, 145.39, 138.36, 53.11, 152.42, 67.77, 36.72, 98.31, 52.51, 50.0, 92.3]
d: [3.5, 4.01, 4.68, 5.55, 4.62, 4.26, 5.75, 4.53, 4.89, 5.37, 4.3, 4.56, 4.0, 2.0]
BEST_hyper_parameter
v: [19.89, 28.32, 21.38, 13.19, 31.52, 28.37, 27.75, 13.95, 26.5, 33.05, 12.43, 16.56, 9.86, 28.28]
a: [118.28, 47.84, 159.48, 55.44, 138.61, 138.36, 64.73, 152.42, 52.71, 115.09, 98.31, 93.75, 50.0, 75.78]
d: [3.5, 4.01, 3.5, 6.04, 3.5, 3.57, 5.84, 4.53, 4.89, 5.37, 4.3, 4.21, 4.0, 2.0]

iteration: 85
best: [5.87, 7.62, 9.59, 12.87, 15.19, 19.15, 29.89, 34.26, 35.88, 37.48, 40.75, 47.87, 51.5, 52.75]
time: [5.85, 7.57, 11.56, 15.06, 17.4, 20.81, 31.03, 34.07, 40.74, 43.28, 1000, 1000, 1000, 1000]
current_hyper_parameter
v: [19.89, 28.32, 11.11, 13.19, 26.49, 26.73, 34.07, 13.95, 20.38, 14.7, 28.74, 16.56, 30.7, 28.28]
a: [118.28, 47.84, 44.9, 55.44, 130.8, 138.36, 64.73, 152.42, 116.96, 115.09, 86.49, 93.75, 132.93, 75.78]
d: [3.5, 4.01, 3.5, 6.04, 3.5, 3.57, 5.84, 4.53, 4.89, 3.78, 3.56, 4.21, 6.32, 2.0]
BEST_hyper_parameter
v: [19.89, 28.32, 21.38, 13.19, 31.52, 28.37, 27.75, 13.95, 26.5, 33.05, 12.43, 16.56, 9.86, 28.28]
a: [118.28, 47.84, 159.48, 55.44, 138.61, 138.36, 64.73, 152.42, 52.71, 115.09, 98.31, 93.75, 50.0, 75.78]
d: [3.5, 4.01, 3.5, 6.04, 3.5, 3.57, 5.84, 4.53, 4.89, 5.37, 4.3, 4.21, 4.0, 2.0]

iteration: 86
best: [5.87, 7.62, 9.59, 12.87, 15.19, 19.15, 29.89, 34.26, 35.88, 37.48, 40.75, 47.87, 51.5, 52.75]
time: [5.85, 7.58, 10.29, 17.24, 31.85, 35.62, 48.88, 51.86, 53.2, 54.28, 1000, 1000, 1000, 1000]
current_hyper_parameter
v: [19.89, 28.32, 21.38, 8.77, 24.94, 30.29, 20.11, 21.13, 26.95, 33.05, 28.53, 15.02, 28.37, 28.28]
a: [118.28, 47.84, 159.48, 55.44, 138.61, 128.28, 59.1, 106.42, 131.87, 115.09, 81.16, 124.12, 84.48, 75.78]
d: [3.5, 4.01, 3.5, 6.04, 3.5, 6.45, 5.03, 4.53, 6.42, 5.37, 4.3, 4.21, 3.86, 2.0]
BEST_hyper_parameter
v: [19.89, 28.32, 21.38, 13.19, 31.52, 28.37, 27.75, 13.95, 26.5, 33.05, 12.43, 16.56, 9.86, 28.28]
a: [118.28, 47.84, 159.48, 55.44, 138.61, 138.36, 64.73, 152.42, 52.71, 115.09, 98.31, 93.75, 50.0, 75.78]
d: [3.5, 4.01, 3.5, 6.04, 3.5, 3.57, 5.84, 4.53, 4.89, 5.37, 4.3, 4.21, 4.0, 2.0]
