
iteration: 1
best: [1000.0, 1000.0, 1000.0, 1000.0, 1000.0, 1000.0, 1000.0, 1000.0, 1000.0, 1000.0, 1000.0, 1000.0, 1000.0, 1000.0]
time: [6.61, 9.17, 13.68, 17.64, 24.63, 28.75, 49.67, 53.84, 56.01, 58.62, 60.55, 63.51, 66.34, 68.12]
current_hyper_parameter
v: [12.0, 12.0, 12.0, 12.0, 12.0, 12.0, 12.0, 12.0, 12.0, 12.0, 12.0, 12.0, 12.0, 12.0]
a: [50.0, 50.0, 50.0, 50.0, 50.0, 50.0, 50.0, 50.0, 50.0, 50.0, 50.0, 50.0, 50.0, 50.0]
d: [3.5, 3.5, 3.5, 3.5, 3.5, 3.5, 3.5, 3.5, 3.5, 3.5, 3.5, 3.5, 3.5, 2.0]
BEST_hyper_parameter
v: [-1.0, -1.0, -1.0, -1.0, -1.0, -1.0, -1.0, -1.0, -1.0, -1.0, -1.0, -1.0, -1.0, -1.0]
a: [-1.0, -1.0, -1.0, -1.0, -1.0, -1.0, -1.0, -1.0, -1.0, -1.0, -1.0, -1.0, -1.0, -1.0]
d: [-1.0, -1.0, -1.0, -1.0, -1.0, -1.0, -1.0, -1.0, -1.0, -1.0, -1.0, -1.0, -1.0, -1.0]
WIN: random_idx = 5

iteration: 2
best: [6.61, 9.17, 13.68, 17.64, 24.63, 28.75, 49.67, 53.84, 56.01, 58.62, 60.55, 63.51, 66.34, 68.12]
time: [6.73, 9.19, 13.6, 17.31, 21.15, 26.69, 51.52, 55.71, 57.97, 60.83, 62.62, 65.67, 1000, 1000]
current_hyper_parameter
v: [12.0, 12.0, 12.0, 12.0, 12.0, 20.46, 12.0, 12.0, 12.0, 12.0, 12.0, 12.0, 12.0, 12.0]
a: [50.0, 50.0, 50.0, 50.0, 50.0, 23.3, 50.0, 50.0, 50.0, 50.0, 50.0, 50.0, 50.0, 50.0]
d: [3.5, 3.5, 3.5, 3.5, 3.5, 3.5, 3.5, 3.5, 3.5, 3.5, 3.5, 3.5, 3.5, 2.0]
BEST_hyper_parameter
v: [12.0, 12.0, 12.0, 12.0, 12.0, 12.0, 12.0, 12.0, 12.0, 12.0, 12.0, 12.0, 12.0, 12.0]
a: [50.0, 50.0, 50.0, 50.0, 50.0, 50.0, 50.0, 50.0, 50.0, 50.0, 50.0, 50.0, 50.0, 50.0]
d: [3.5, 3.5, 3.5, 3.5, 3.5, 3.5, 3.5, 3.5, 3.5, 3.5, 3.5, 3.5, 3.5, 2.0]

iteration: 3
best: [6.61, 9.17, 13.68, 17.64, 21.15, 26.69, 49.67, 53.84, 56.01, 58.62, 60.55, 63.51, 66.34, 68.12]
time: [6.63, 9.07, 13.49, 17.27, 21.14, 26.65, 51.58, 55.77, 57.35, 58.83, 63.93, 66.91, 1000, 1000]
current_hyper_parameter
v: [12.0, 12.0, 12.0, 12.0, 12.0, 20.46, 12.0, 12.0, 19.35, 23.26, 27.07, 34.7, 18.08, 18.22]
a: [50.0, 50.0, 50.0, 50.0, 50.0, 23.3, 50.0, 50.0, 142.28, 126.81, 140.63, 50.0, 50.0, 35.65]
d: [3.5, 3.5, 3.5, 3.5, 3.5, 3.5, 3.5, 3.5, 4.61, 6.29, 3.5, 3.5, 5.46, 2.0]
BEST_hyper_parameter
v: [12.0, 12.0, 12.0, 12.0, 12.0, 20.46, 12.0, 12.0, 12.0, 12.0, 12.0, 12.0, 12.0, 12.0]
a: [50.0, 50.0, 50.0, 50.0, 50.0, 23.3, 50.0, 50.0, 50.0, 50.0, 50.0, 50.0, 50.0, 50.0]
d: [3.5, 3.5, 3.5, 3.5, 3.5, 3.5, 3.5, 3.5, 3.5, 3.5, 3.5, 3.5, 3.5, 2.0]

iteration: 4
best: [6.61, 9.17, 13.68, 17.64, 21.15, 26.69, 49.67, 53.84, 56.01, 58.62, 60.55, 63.51, 66.34, 68.12]
time: [6.74, 9.18, 13.57, 17.28, 21.16, 26.57, 46.13, 50.47, 52.59, 54.99, 56.67, 59.12, 1000, 1000]
current_hyper_parameter
v: [12.0, 12.0, 12.0, 12.0, 12.0, 20.46, 15.22, 22.03, 12.0, 19.76, 14.23, 22.3, 12.0, 10.03]
a: [50.0, 50.0, 50.0, 50.0, 50.0, 23.3, 116.73, 50.0, 50.0, 50.0, 133.81, 50.0, 50.0, 50.0]
d: [3.5, 3.5, 3.5, 3.5, 3.5, 3.5, 3.5, 5.06, 3.5, 3.5, 3.5, 3.5, 3.5, 2.0]
BEST_hyper_parameter
v: [12.0, 12.0, 12.0, 12.0, 12.0, 20.46, 12.0, 12.0, 12.0, 12.0, 12.0, 12.0, 12.0, 12.0]
a: [50.0, 50.0, 50.0, 50.0, 50.0, 23.3, 50.0, 50.0, 50.0, 50.0, 50.0, 50.0, 50.0, 50.0]
d: [3.5, 3.5, 3.5, 3.5, 3.5, 3.5, 3.5, 3.5, 3.5, 3.5, 3.5, 3.5, 3.5, 2.0]

iteration: 5
best: [6.61, 9.17, 13.68, 17.64, 21.15, 26.69, 46.13, 50.47, 52.59, 54.99, 56.67, 59.12, 66.34, 68.12]
time: [6.7, 9.19, 13.59, 17.35, 21.22, 26.7, 46.47, 49.88, 51.78, 54.09, 67.1, 1000, 1000, 1000]
current_hyper_parameter
v: [12.0, 12.0, 12.0, 12.0, 12.0, 20.46, 15.22, 22.03, 12.0, 19.76, 14.23, 22.3, 27.0, 12.0]
a: [50.0, 50.0, 50.0, 50.0, 50.0, 23.3, 116.73, 50.0, 50.0, 50.0, 133.81, 50.0, 50.85, 50.0]
d: [3.5, 3.5, 3.5, 3.5, 3.5, 3.5, 3.5, 5.06, 3.5, 3.5, 3.5, 3.5, 3.5, 2.0]
BEST_hyper_parameter
v: [12.0, 12.0, 12.0, 12.0, 12.0, 20.46, 15.22, 22.03, 12.0, 19.76, 14.23, 22.3, 12.0, 12.0]
a: [50.0, 50.0, 50.0, 50.0, 50.0, 23.3, 116.73, 50.0, 50.0, 50.0, 133.81, 50.0, 50.0, 50.0]
d: [3.5, 3.5, 3.5, 3.5, 3.5, 3.5, 3.5, 5.06, 3.5, 3.5, 3.5, 3.5, 3.5, 2.0]
mutation at idx = 0
mutation at idx = 3

iteration: 6
best: [6.61, 9.17, 13.68, 17.64, 21.15, 26.69, 46.13, 49.88, 51.78, 54.09, 56.67, 59.12, 66.34, 68.12]
time: [5.77, 7.44, 11.39, 15.31, 19.27, 24.6, 44.3, 47.78, 49.7, 51.99, 53.67, 56.1, 1000, 1000]
current_hyper_parameter
v: [20.13, 12.0, 12.0, 25.45, 12.0, 20.46, 15.22, 22.03, 12.0, 19.76, 14.23, 22.3, 25.87, 23.98]
a: [154.09, 50.0, 50.0, 38.42, 50.0, 23.3, 116.73, 50.0, 50.0, 50.0, 133.81, 50.0, 50.0, 50.0]
d: [3.5, 3.5, 3.5, 3.92, 3.5, 3.5, 3.5, 5.06, 3.5, 3.5, 3.5, 3.5, 5.03, 2.0]
BEST_hyper_parameter
v: [12.0, 12.0, 12.0, 12.0, 12.0, 20.46, 15.22, 22.03, 12.0, 19.76, 14.23, 22.3, 12.0, 12.0]
a: [50.0, 50.0, 50.0, 50.0, 50.0, 23.3, 116.73, 50.0, 50.0, 50.0, 133.81, 50.0, 50.0, 50.0]
d: [3.5, 3.5, 3.5, 3.5, 3.5, 3.5, 3.5, 5.06, 3.5, 3.5, 3.5, 3.5, 3.5, 2.0]
mutation at idx = 10

iteration: 7
best: [5.77, 7.44, 11.39, 15.31, 19.27, 24.6, 44.3, 47.78, 49.7, 51.99, 53.67, 56.1, 66.34, 68.12]
time: [5.82, 7.5, 11.45, 15.39, 19.21, 24.7, 44.4, 47.86, 49.88, 52.61, 1000, 1000, 1000, 1000]
current_hyper_parameter
v: [20.13, 12.0, 12.0, 25.45, 12.0, 20.46, 15.22, 22.03, 12.0, 19.76, 11.46, 22.3, 16.4, 31.75]
a: [154.09, 50.0, 50.0, 38.42, 50.0, 23.3, 116.73, 50.0, 50.0, 50.0, 33.95, 50.0, 50.0, 30.02]
d: [3.5, 3.5, 3.5, 3.92, 3.5, 3.5, 3.5, 5.06, 3.5, 3.5, 3.5, 3.5, 3.5, 2.0]
BEST_hyper_parameter
v: [20.13, 12.0, 12.0, 25.45, 12.0, 20.46, 15.22, 22.03, 12.0, 19.76, 14.23, 22.3, 12.0, 12.0]
a: [154.09, 50.0, 50.0, 38.42, 50.0, 23.3, 116.73, 50.0, 50.0, 50.0, 133.81, 50.0, 50.0, 50.0]
d: [3.5, 3.5, 3.5, 3.92, 3.5, 3.5, 3.5, 5.06, 3.5, 3.5, 3.5, 3.5, 3.5, 2.0]
mutation at idx = 3

iteration: 8
best: [5.77, 7.44, 11.39, 15.31, 19.27, 24.6, 44.3, 47.78, 49.7, 51.99, 53.67, 56.1, 66.34, 68.12]
time: [5.83, 7.48, 11.42, 15.68, 19.72, 25.14, 44.73, 48.38, 50.37, 53.15, 1000, 1000, 1000, 1000]
current_hyper_parameter
v: [20.13, 12.0, 12.0, 10.79, 12.0, 20.46, 15.22, 22.03, 12.0, 33.97, 17.63, 28.09, 10.3, 15.05]
a: [154.09, 50.0, 50.0, 38.42, 50.0, 23.3, 116.73, 50.0, 50.0, 50.0, 39.38, 126.75, 121.46, 50.0]
d: [3.5, 3.5, 3.5, 4.47, 3.5, 3.5, 3.5, 5.06, 3.5, 3.5, 5.08, 3.5, 4.44, 2.0]
BEST_hyper_parameter
v: [20.13, 12.0, 12.0, 25.45, 12.0, 20.46, 15.22, 22.03, 12.0, 19.76, 14.23, 22.3, 12.0, 12.0]
a: [154.09, 50.0, 50.0, 38.42, 50.0, 23.3, 116.73, 50.0, 50.0, 50.0, 133.81, 50.0, 50.0, 50.0]
d: [3.5, 3.5, 3.5, 3.92, 3.5, 3.5, 3.5, 5.06, 3.5, 3.5, 3.5, 3.5, 3.5, 2.0]

iteration: 9
best: [5.77, 7.44, 11.39, 15.31, 19.27, 24.6, 44.3, 47.78, 49.7, 51.99, 53.67, 56.1, 66.34, 68.12]
time: [5.73, 7.43, 11.37, 15.33, 19.16, 22.05, 34.97, 38.78, 40.41, 42.37, 43.99, 46.58, 48.77, 49.73]
current_hyper_parameter
v: [20.13, 12.0, 12.0, 25.45, 12.0, 21.01, 22.73, 22.03, 16.59, 9.87, 14.23, 22.3, 14.94, 30.63]
a: [154.09, 50.0, 50.0, 38.42, 50.0, 145.36, 24.76, 50.0, 132.23, 127.66, 133.81, 50.0, 84.18, 118.22]
d: [3.5, 3.5, 3.5, 3.92, 3.5, 5.12, 3.5, 5.06, 3.5, 3.5, 3.5, 3.5, 6.27, 2.0]
BEST_hyper_parameter
v: [20.13, 12.0, 12.0, 25.45, 12.0, 20.46, 15.22, 22.03, 12.0, 19.76, 14.23, 22.3, 12.0, 12.0]
a: [154.09, 50.0, 50.0, 38.42, 50.0, 23.3, 116.73, 50.0, 50.0, 50.0, 133.81, 50.0, 50.0, 50.0]
d: [3.5, 3.5, 3.5, 3.92, 3.5, 3.5, 3.5, 5.06, 3.5, 3.5, 3.5, 3.5, 3.5, 2.0]
WIN: random_idx = 11

iteration: 10
best: [5.77, 7.44, 11.39, 15.31, 19.27, 22.05, 34.97, 38.78, 40.41, 42.37, 43.99, 46.58, 48.77, 49.73]
time: [5.79, 7.43, 11.35, 15.27, 19.23, 22.03, 34.92, 38.75, 40.35, 45.3, 47.15, 49.85, 1000, 1000]
current_hyper_parameter
v: [20.13, 12.0, 12.0, 25.45, 12.0, 21.01, 22.73, 22.03, 16.59, 9.87, 14.23, 24.87, 14.94, 30.63]
a: [154.09, 50.0, 50.0, 38.42, 50.0, 145.36, 24.76, 50.0, 132.23, 127.66, 133.81, 50.0, 84.18, 118.22]
d: [3.5, 3.5, 3.5, 3.92, 3.5, 5.12, 3.5, 5.06, 3.5, 3.5, 3.5, 4.5, 6.27, 2.0]
BEST_hyper_parameter
v: [20.13, 12.0, 12.0, 25.45, 12.0, 21.01, 22.73, 22.03, 16.59, 9.87, 14.23, 22.3, 14.94, 30.63]
a: [154.09, 50.0, 50.0, 38.42, 50.0, 145.36, 24.76, 50.0, 132.23, 127.66, 133.81, 50.0, 84.18, 118.22]
d: [3.5, 3.5, 3.5, 3.92, 3.5, 5.12, 3.5, 5.06, 3.5, 3.5, 3.5, 3.5, 6.27, 2.0]
mutation at idx = 4
mutation at idx = 8

iteration: 11
best: [5.77, 7.44, 11.39, 15.31, 19.27, 22.05, 34.97, 38.78, 40.41, 42.37, 43.99, 46.58, 48.77, 49.73]
time: [5.81, 7.49, 11.44, 15.36, 1000, 1000, 1000, 1000, 1000, 1000, 1000, 1000, 1000, 1000]
current_hyper_parameter
v: [20.13, 12.0, 12.0, 25.45, 31.12, 21.01, 22.73, 22.03, 31.84, 11.14, 33.81, 22.3, 14.94, 10.06]
a: [154.09, 50.0, 50.0, 38.42, 31.97, 145.36, 24.76, 50.0, 156.53, 127.66, 46.89, 50.0, 84.18, 80.25]
d: [3.5, 3.5, 3.5, 3.92, 4.53, 5.12, 3.5, 5.06, 5.43, 3.5, 3.5, 3.5, 6.27, 2.0]
BEST_hyper_parameter
v: [20.13, 12.0, 12.0, 25.45, 12.0, 21.01, 22.73, 22.03, 16.59, 9.87, 14.23, 22.3, 14.94, 30.63]
a: [154.09, 50.0, 50.0, 38.42, 50.0, 145.36, 24.76, 50.0, 132.23, 127.66, 133.81, 50.0, 84.18, 118.22]
d: [3.5, 3.5, 3.5, 3.92, 3.5, 5.12, 3.5, 5.06, 3.5, 3.5, 3.5, 3.5, 6.27, 2.0]

iteration: 12
best: [5.77, 7.44, 11.39, 15.31, 19.27, 22.05, 34.97, 38.78, 40.41, 42.37, 43.99, 46.58, 48.77, 49.73]
time: [5.79, 7.44, 11.37, 15.25, 1000, 1000, 1000, 1000, 1000, 1000, 1000, 1000, 1000, 1000]
current_hyper_parameter
v: [20.13, 12.0, 12.0, 25.45, 20.91, 33.33, 22.62, 30.1, 19.33, 9.87, 12.17, 22.3, 30.07, 30.63]
a: [154.09, 50.0, 50.0, 38.42, 53.84, 105.2, 153.15, 62.55, 132.23, 127.66, 127.08, 50.0, 84.18, 118.22]
d: [3.5, 3.5, 3.5, 3.92, 5.9, 6.41, 3.5, 5.4, 3.5, 3.5, 3.5, 3.5, 6.27, 2.0]
BEST_hyper_parameter
v: [20.13, 12.0, 12.0, 25.45, 12.0, 21.01, 22.73, 22.03, 16.59, 9.87, 14.23, 22.3, 14.94, 30.63]
a: [154.09, 50.0, 50.0, 38.42, 50.0, 145.36, 24.76, 50.0, 132.23, 127.66, 133.81, 50.0, 84.18, 118.22]
d: [3.5, 3.5, 3.5, 3.92, 3.5, 5.12, 3.5, 5.06, 3.5, 3.5, 3.5, 3.5, 6.27, 2.0]

iteration: 13
best: [5.77, 7.44, 11.39, 15.31, 19.27, 22.05, 34.97, 38.78, 40.41, 42.37, 43.99, 46.58, 48.77, 49.73]
time: [5.79, 7.43, 11.37, 15.29, 19.18, 22.0, 34.99, 39.3, 41.08, 43.33, 53.18, 1000, 1000, 1000]
current_hyper_parameter
v: [20.13, 12.0, 12.0, 25.45, 12.14, 21.01, 22.73, 13.42, 27.73, 9.87, 14.23, 9.18, 11.67, 23.39]
a: [154.09, 50.0, 50.0, 38.42, 50.0, 145.36, 24.76, 30.19, 62.94, 127.66, 133.81, 116.56, 121.17, 118.22]
d: [3.5, 3.5, 3.5, 3.92, 3.5, 5.12, 3.5, 5.06, 3.5, 3.5, 3.5, 3.5, 6.27, 2.0]
BEST_hyper_parameter
v: [20.13, 12.0, 12.0, 25.45, 12.0, 21.01, 22.73, 22.03, 16.59, 9.87, 14.23, 22.3, 14.94, 30.63]
a: [154.09, 50.0, 50.0, 38.42, 50.0, 145.36, 24.76, 50.0, 132.23, 127.66, 133.81, 50.0, 84.18, 118.22]
d: [3.5, 3.5, 3.5, 3.92, 3.5, 5.12, 3.5, 5.06, 3.5, 3.5, 3.5, 3.5, 6.27, 2.0]
mutation at idx = 0

iteration: 14
best: [5.77, 7.44, 11.39, 15.31, 19.27, 22.05, 34.97, 38.78, 40.41, 42.37, 43.99, 46.58, 48.77, 49.73]
time: [5.93, 7.94, 12.28, 16.19, 20.18, 22.93, 36.04, 40.13, 41.7, 43.19, 1000, 1000, 1000, 1000]
current_hyper_parameter
v: [27.54, 12.0, 12.0, 25.45, 12.0, 21.01, 22.73, 11.46, 17.95, 31.28, 11.14, 22.3, 14.94, 15.54]
a: [87.63, 50.0, 50.0, 38.42, 50.0, 145.36, 24.76, 50.0, 132.23, 127.66, 89.84, 50.0, 84.18, 118.22]
d: [6.21, 3.5, 3.5, 3.92, 3.5, 5.12, 3.5, 6.48, 3.84, 3.5, 3.5, 3.5, 6.27, 2.0]
BEST_hyper_parameter
v: [20.13, 12.0, 12.0, 25.45, 12.0, 21.01, 22.73, 22.03, 16.59, 9.87, 14.23, 22.3, 14.94, 30.63]
a: [154.09, 50.0, 50.0, 38.42, 50.0, 145.36, 24.76, 50.0, 132.23, 127.66, 133.81, 50.0, 84.18, 118.22]
d: [3.5, 3.5, 3.5, 3.92, 3.5, 5.12, 3.5, 5.06, 3.5, 3.5, 3.5, 3.5, 6.27, 2.0]

iteration: 15
best: [5.77, 7.44, 11.39, 15.31, 19.27, 22.05, 34.97, 38.78, 40.41, 42.37, 43.99, 46.58, 48.77, 49.73]
time: [5.73, 7.39, 11.32, 14.47, 20.82, 23.45, 34.94, 38.57, 40.15, 42.45, 51.3, 1000, 1000, 1000]
current_hyper_parameter
v: [20.13, 12.0, 12.0, 21.58, 34.25, 21.01, 20.19, 16.72, 16.59, 9.12, 33.81, 23.26, 11.99, 18.91]
a: [154.09, 50.0, 50.0, 64.43, 50.0, 145.36, 78.86, 50.0, 132.23, 63.19, 133.81, 50.0, 26.82, 118.22]
d: [3.5, 3.5, 3.5, 5.91, 3.5, 5.12, 3.5, 5.84, 3.5, 3.5, 3.5, 3.5, 4.1, 2.0]
BEST_hyper_parameter
v: [20.13, 12.0, 12.0, 25.45, 12.0, 21.01, 22.73, 22.03, 16.59, 9.87, 14.23, 22.3, 14.94, 30.63]
a: [154.09, 50.0, 50.0, 38.42, 50.0, 145.36, 24.76, 50.0, 132.23, 127.66, 133.81, 50.0, 84.18, 118.22]
d: [3.5, 3.5, 3.5, 3.92, 3.5, 5.12, 3.5, 5.06, 3.5, 3.5, 3.5, 3.5, 6.27, 2.0]

iteration: 16
best: [5.77, 7.44, 11.39, 14.47, 19.27, 22.05, 34.97, 38.78, 40.41, 42.37, 43.99, 46.58, 48.77, 49.73]
time: [5.75, 7.47, 11.51, 14.51, 16.81, 32.41, 1000, 1000, 1000, 1000, 1000, 1000, 1000, 1000]
current_hyper_parameter
v: [20.13, 12.0, 12.0, 21.58, 24.19, 21.01, 22.73, 22.03, 16.59, 12.62, 9.26, 22.3, 14.94, 26.68]
a: [154.09, 50.0, 50.0, 64.43, 137.23, 145.36, 24.76, 50.0, 132.23, 77.41, 133.81, 50.0, 84.18, 143.32]
d: [3.5, 3.5, 3.5, 5.91, 4.51, 5.12, 3.5, 5.06, 3.5, 3.5, 4.68, 3.5, 6.27, 2.0]
BEST_hyper_parameter
v: [20.13, 12.0, 12.0, 21.58, 12.0, 21.01, 22.73, 22.03, 16.59, 9.87, 14.23, 22.3, 14.94, 30.63]
a: [154.09, 50.0, 50.0, 64.43, 50.0, 145.36, 24.76, 50.0, 132.23, 127.66, 133.81, 50.0, 84.18, 118.22]
d: [3.5, 3.5, 3.5, 5.91, 3.5, 5.12, 3.5, 5.06, 3.5, 3.5, 3.5, 3.5, 6.27, 2.0]

iteration: 17
best: [5.77, 7.44, 11.39, 14.47, 16.81, 22.05, 34.97, 38.78, 40.41, 42.37, 43.99, 46.58, 48.77, 49.73]
time: [5.78, 7.44, 11.36, 14.45, 16.77, 21.12, 36.92, 41.33, 42.94, 44.73, 1000, 1000, 1000, 1000]
current_hyper_parameter
v: [20.13, 12.0, 12.0, 21.58, 24.19, 29.07, 33.43, 16.81, 16.59, 30.21, 26.57, 9.65, 11.17, 15.07]
a: [154.09, 50.0, 50.0, 64.43, 137.23, 59.09, 24.76, 50.0, 132.23, 68.01, 133.81, 50.0, 84.18, 118.22]
d: [3.5, 3.5, 3.5, 5.91, 4.51, 5.1, 3.5, 5.06, 3.5, 3.89, 4.34, 5.53, 5.18, 2.0]
BEST_hyper_parameter
v: [20.13, 12.0, 12.0, 21.58, 24.19, 21.01, 22.73, 22.03, 16.59, 9.87, 14.23, 22.3, 14.94, 30.63]
a: [154.09, 50.0, 50.0, 64.43, 137.23, 145.36, 24.76, 50.0, 132.23, 127.66, 133.81, 50.0, 84.18, 118.22]
d: [3.5, 3.5, 3.5, 5.91, 4.51, 5.12, 3.5, 5.06, 3.5, 3.5, 3.5, 3.5, 6.27, 2.0]

iteration: 18
best: [5.77, 7.44, 11.39, 14.47, 16.81, 21.12, 34.97, 38.78, 40.41, 42.37, 43.99, 46.58, 48.77, 49.73]
time: [5.77, 7.43, 11.36, 14.46, 16.75, 30.01, 41.19, 44.56, 46.27, 48.19, 57.2, 1000, 1000, 1000]
current_hyper_parameter
v: [20.13, 12.0, 12.0, 21.58, 24.19, 29.07, 33.7, 13.94, 16.59, 11.59, 14.23, 22.3, 14.94, 28.6]
a: [154.09, 50.0, 50.0, 64.43, 137.23, 59.09, 115.32, 139.83, 132.23, 127.66, 133.81, 50.0, 84.18, 48.8]
d: [3.5, 3.5, 3.5, 5.91, 4.51, 5.1, 5.95, 5.06, 3.5, 3.5, 3.5, 3.5, 6.27, 2.0]
BEST_hyper_parameter
v: [20.13, 12.0, 12.0, 21.58, 24.19, 29.07, 22.73, 22.03, 16.59, 9.87, 14.23, 22.3, 14.94, 30.63]
a: [154.09, 50.0, 50.0, 64.43, 137.23, 59.09, 24.76, 50.0, 132.23, 127.66, 133.81, 50.0, 84.18, 118.22]
d: [3.5, 3.5, 3.5, 5.91, 4.51, 5.1, 3.5, 5.06, 3.5, 3.5, 3.5, 3.5, 6.27, 2.0]

iteration: 19
best: [5.77, 7.44, 11.39, 14.47, 16.81, 21.12, 34.97, 38.78, 40.41, 42.37, 43.99, 46.58, 48.77, 49.73]
time: [5.78, 7.43, 11.37, 14.47, 16.74, 21.67, 35.67, 39.66, 41.2, 46.81, 1000, 1000, 1000, 1000]
current_hyper_parameter
v: [20.13, 12.0, 12.0, 21.58, 24.19, 16.97, 23.84, 28.19, 32.08, 9.87, 24.2, 30.32, 11.52, 30.63]
a: [154.09, 50.0, 50.0, 64.43, 137.23, 57.85, 35.36, 50.0, 90.96, 127.66, 49.2, 92.35, 114.23, 118.22]
d: [3.5, 3.5, 3.5, 5.91, 4.51, 4.34, 3.5, 5.06, 3.5, 3.5, 5.81, 4.14, 6.27, 2.0]
BEST_hyper_parameter
v: [20.13, 12.0, 12.0, 21.58, 24.19, 29.07, 22.73, 22.03, 16.59, 9.87, 14.23, 22.3, 14.94, 30.63]
a: [154.09, 50.0, 50.0, 64.43, 137.23, 59.09, 24.76, 50.0, 132.23, 127.66, 133.81, 50.0, 84.18, 118.22]
d: [3.5, 3.5, 3.5, 5.91, 4.51, 5.1, 3.5, 5.06, 3.5, 3.5, 3.5, 3.5, 6.27, 2.0]
mutation at idx = 4

iteration: 20
best: [5.77, 7.44, 11.39, 14.47, 16.81, 21.12, 34.97, 38.78, 40.41, 42.37, 43.99, 46.58, 48.77, 49.73]
time: [5.79, 7.43, 11.37, 14.48, 1000, 1000, 1000, 1000, 1000, 1000, 1000, 1000, 1000, 1000]
current_hyper_parameter
v: [20.13, 12.0, 12.0, 21.58, 26.01, 33.72, 12.42, 25.16, 14.98, 26.46, 11.77, 13.52, 14.94, 29.63]
a: [154.09, 50.0, 50.0, 64.43, 75.39, 121.13, 85.38, 150.16, 128.81, 97.36, 133.81, 50.0, 84.18, 126.14]
d: [3.5, 3.5, 3.5, 5.91, 6.23, 5.1, 6.48, 5.06, 3.58, 5.29, 5.62, 3.5, 6.27, 2.0]
BEST_hyper_parameter
v: [20.13, 12.0, 12.0, 21.58, 24.19, 29.07, 22.73, 22.03, 16.59, 9.87, 14.23, 22.3, 14.94, 30.63]
a: [154.09, 50.0, 50.0, 64.43, 137.23, 59.09, 24.76, 50.0, 132.23, 127.66, 133.81, 50.0, 84.18, 118.22]
d: [3.5, 3.5, 3.5, 5.91, 4.51, 5.1, 3.5, 5.06, 3.5, 3.5, 3.5, 3.5, 6.27, 2.0]
mutation at idx = 1

iteration: 21
best: [5.77, 7.44, 11.39, 14.47, 16.81, 21.12, 34.97, 38.78, 40.41, 42.37, 43.99, 46.58, 48.77, 49.73]
time: [5.79, 7.42, 11.31, 14.34, 32.84, 47.09, 1000, 1000, 1000, 1000, 1000, 1000, 1000, 1000]
current_hyper_parameter
v: [20.13, 16.99, 12.0, 21.58, 24.19, 29.07, 22.73, 22.03, 18.77, 16.28, 13.67, 13.06, 14.94, 24.2]
a: [154.09, 50.0, 50.0, 64.43, 137.23, 59.09, 24.76, 50.0, 132.23, 42.38, 133.81, 82.85, 84.18, 33.06]
d: [3.5, 4.27, 3.5, 5.91, 4.51, 5.1, 3.5, 5.06, 3.5, 6.01, 4.4, 3.5, 6.27, 2.0]
BEST_hyper_parameter
v: [20.13, 12.0, 12.0, 21.58, 24.19, 29.07, 22.73, 22.03, 16.59, 9.87, 14.23, 22.3, 14.94, 30.63]
a: [154.09, 50.0, 50.0, 64.43, 137.23, 59.09, 24.76, 50.0, 132.23, 127.66, 133.81, 50.0, 84.18, 118.22]
d: [3.5, 3.5, 3.5, 5.91, 4.51, 5.1, 3.5, 5.06, 3.5, 3.5, 3.5, 3.5, 6.27, 2.0]

iteration: 22
best: [5.77, 7.44, 11.39, 14.47, 16.81, 21.12, 34.97, 38.78, 40.41, 42.37, 43.99, 46.58, 48.77, 49.73]
time: [5.79, 7.48, 11.42, 14.51, 16.8, 22.13, 44.31, 47.12, 1000, 1000, 1000, 1000, 1000, 1000]
current_hyper_parameter
v: [20.13, 12.0, 12.0, 21.58, 24.19, 11.62, 10.86, 34.05, 27.54, 17.72, 14.23, 18.61, 20.44, 21.82]
a: [154.09, 50.0, 50.0, 64.43, 137.23, 49.02, 148.0, 118.01, 132.23, 76.19, 133.81, 109.41, 84.18, 118.22]
d: [3.5, 3.5, 3.5, 5.91, 4.51, 5.1, 3.5, 6.26, 3.5, 3.5, 3.5, 3.5, 6.27, 2.0]
BEST_hyper_parameter
v: [20.13, 12.0, 12.0, 21.58, 24.19, 29.07, 22.73, 22.03, 16.59, 9.87, 14.23, 22.3, 14.94, 30.63]
a: [154.09, 50.0, 50.0, 64.43, 137.23, 59.09, 24.76, 50.0, 132.23, 127.66, 133.81, 50.0, 84.18, 118.22]
d: [3.5, 3.5, 3.5, 5.91, 4.51, 5.1, 3.5, 5.06, 3.5, 3.5, 3.5, 3.5, 6.27, 2.0]
mutation at idx = 3

iteration: 23
best: [5.77, 7.44, 11.39, 14.47, 16.81, 21.12, 34.97, 38.78, 40.41, 42.37, 43.99, 46.58, 48.77, 49.73]
time: [5.77, 7.43, 11.37, 14.62, 22.09, 38.16, 1000, 1000, 1000, 1000, 1000, 1000, 1000, 1000]
current_hyper_parameter
v: [20.13, 12.0, 12.0, 20.58, 24.19, 33.87, 30.56, 22.03, 16.59, 33.33, 14.23, 19.04, 29.44, 29.4]
a: [154.09, 50.0, 50.0, 64.43, 137.23, 99.93, 24.76, 50.0, 132.23, 127.66, 133.81, 50.0, 27.21, 21.82]
d: [3.5, 3.5, 3.5, 4.01, 4.51, 5.1, 3.5, 5.06, 3.5, 6.05, 3.5, 3.5, 6.27, 2.0]
BEST_hyper_parameter
v: [20.13, 12.0, 12.0, 21.58, 24.19, 29.07, 22.73, 22.03, 16.59, 9.87, 14.23, 22.3, 14.94, 30.63]
a: [154.09, 50.0, 50.0, 64.43, 137.23, 59.09, 24.76, 50.0, 132.23, 127.66, 133.81, 50.0, 84.18, 118.22]
d: [3.5, 3.5, 3.5, 5.91, 4.51, 5.1, 3.5, 5.06, 3.5, 3.5, 3.5, 3.5, 6.27, 2.0]

iteration: 24
best: [5.77, 7.44, 11.39, 14.47, 16.81, 21.12, 34.97, 38.78, 40.41, 42.37, 43.99, 46.58, 48.77, 49.73]
time: [5.78, 7.43, 11.37, 14.46, 16.77, 21.24, 36.46, 39.94, 41.57, 1000, 1000, 1000, 1000, 1000]
current_hyper_parameter
v: [20.13, 12.0, 12.0, 21.58, 24.19, 22.05, 22.73, 15.24, 29.96, 18.28, 14.23, 13.35, 22.87, 24.34]
a: [154.09, 50.0, 50.0, 64.43, 137.23, 59.09, 24.76, 112.28, 87.06, 42.69, 133.81, 32.61, 81.47, 77.94]
d: [3.5, 3.5, 3.5, 5.91, 4.51, 3.88, 3.5, 5.75, 3.5, 6.49, 3.5, 3.5, 4.35, 2.0]
BEST_hyper_parameter
v: [20.13, 12.0, 12.0, 21.58, 24.19, 29.07, 22.73, 22.03, 16.59, 9.87, 14.23, 22.3, 14.94, 30.63]
a: [154.09, 50.0, 50.0, 64.43, 137.23, 59.09, 24.76, 50.0, 132.23, 127.66, 133.81, 50.0, 84.18, 118.22]
d: [3.5, 3.5, 3.5, 5.91, 4.51, 5.1, 3.5, 5.06, 3.5, 3.5, 3.5, 3.5, 6.27, 2.0]

iteration: 25
best: [5.77, 7.44, 11.39, 14.47, 16.81, 21.12, 34.97, 38.78, 40.41, 42.37, 43.99, 46.58, 48.77, 49.73]
time: [5.78, 7.43, 11.37, 14.45, 16.78, 21.16, 36.24, 40.78, 1000, 1000, 1000, 1000, 1000, 1000]
current_hyper_parameter
v: [20.13, 12.0, 12.0, 21.58, 24.19, 29.07, 22.73, 28.46, 9.89, 9.87, 14.23, 27.07, 18.78, 30.63]
a: [154.09, 50.0, 50.0, 64.43, 137.23, 59.09, 24.76, 50.0, 109.3, 127.66, 133.81, 50.0, 79.49, 118.22]
d: [3.5, 3.5, 3.5, 5.91, 4.51, 5.1, 3.5, 5.06, 6.43, 3.5, 3.5, 3.5, 6.27, 2.0]
BEST_hyper_parameter
v: [20.13, 12.0, 12.0, 21.58, 24.19, 29.07, 22.73, 22.03, 16.59, 9.87, 14.23, 22.3, 14.94, 30.63]
a: [154.09, 50.0, 50.0, 64.43, 137.23, 59.09, 24.76, 50.0, 132.23, 127.66, 133.81, 50.0, 84.18, 118.22]
d: [3.5, 3.5, 3.5, 5.91, 4.51, 5.1, 3.5, 5.06, 3.5, 3.5, 3.5, 3.5, 6.27, 2.0]

iteration: 26
best: [5.77, 7.44, 11.39, 14.47, 16.81, 21.12, 34.97, 38.78, 40.41, 42.37, 43.99, 46.58, 48.77, 49.73]
time: [5.78, 7.43, 11.31, 14.42, 16.76, 29.86, 50.39, 1000, 1000, 1000, 1000, 1000, 1000, 1000]
current_hyper_parameter
v: [20.13, 12.0, 12.0, 21.58, 24.19, 29.07, 30.42, 21.6, 10.47, 13.46, 27.88, 21.71, 21.25, 22.91]
a: [154.09, 50.0, 50.0, 64.43, 137.23, 59.09, 24.76, 89.01, 30.43, 67.91, 49.3, 47.83, 84.18, 118.22]
d: [3.5, 3.5, 3.5, 5.91, 4.51, 5.1, 5.35, 5.06, 4.24, 5.27, 3.5, 3.5, 3.94, 2.0]
BEST_hyper_parameter
v: [20.13, 12.0, 12.0, 21.58, 24.19, 29.07, 22.73, 22.03, 16.59, 9.87, 14.23, 22.3, 14.94, 30.63]
a: [154.09, 50.0, 50.0, 64.43, 137.23, 59.09, 24.76, 50.0, 132.23, 127.66, 133.81, 50.0, 84.18, 118.22]
d: [3.5, 3.5, 3.5, 5.91, 4.51, 5.1, 3.5, 5.06, 3.5, 3.5, 3.5, 3.5, 6.27, 2.0]

iteration: 27
best: [5.77, 7.44, 11.39, 14.47, 16.81, 21.12, 34.97, 38.78, 40.41, 42.37, 43.99, 46.58, 48.77, 49.73]
time: [5.78, 7.44, 11.37, 14.47, 16.79, 21.85, 37.67, 42.16, 43.66, 49.32, 1000, 1000, 1000, 1000]
current_hyper_parameter
v: [20.13, 12.0, 12.0, 21.58, 24.19, 11.93, 22.73, 23.69, 24.88, 9.87, 14.23, 22.3, 16.55, 18.04]
a: [154.09, 50.0, 50.0, 64.43, 137.23, 59.09, 24.76, 50.0, 132.23, 127.66, 133.81, 50.0, 84.18, 85.01]
d: [3.5, 3.5, 3.5, 5.91, 4.51, 5.1, 3.5, 5.06, 3.5, 3.5, 3.5, 3.5, 6.27, 2.0]
BEST_hyper_parameter
v: [20.13, 12.0, 12.0, 21.58, 24.19, 29.07, 22.73, 22.03, 16.59, 9.87, 14.23, 22.3, 14.94, 30.63]
a: [154.09, 50.0, 50.0, 64.43, 137.23, 59.09, 24.76, 50.0, 132.23, 127.66, 133.81, 50.0, 84.18, 118.22]
d: [3.5, 3.5, 3.5, 5.91, 4.51, 5.1, 3.5, 5.06, 3.5, 3.5, 3.5, 3.5, 6.27, 2.0]

iteration: 28
best: [5.77, 7.44, 11.39, 14.47, 16.81, 21.12, 34.97, 38.78, 40.41, 42.37, 43.99, 46.58, 48.77, 49.73]
time: [5.78, 7.43, 11.37, 14.46, 16.74, 21.38, 36.37, 40.42, 42.27, 43.89, 1000, 1000, 1000, 1000]
current_hyper_parameter
v: [20.13, 12.0, 12.0, 21.58, 24.19, 29.07, 22.73, 22.03, 13.38, 27.71, 20.41, 22.3, 31.98, 30.63]
a: [154.09, 50.0, 50.0, 64.43, 137.23, 59.09, 24.76, 50.0, 132.23, 127.66, 90.6, 50.0, 84.18, 118.22]
d: [3.5, 3.5, 3.5, 5.91, 4.51, 5.1, 3.5, 5.06, 3.5, 3.5, 3.5, 3.5, 6.27, 2.0]
BEST_hyper_parameter
v: [20.13, 12.0, 12.0, 21.58, 24.19, 29.07, 22.73, 22.03, 16.59, 9.87, 14.23, 22.3, 14.94, 30.63]
a: [154.09, 50.0, 50.0, 64.43, 137.23, 59.09, 24.76, 50.0, 132.23, 127.66, 133.81, 50.0, 84.18, 118.22]
d: [3.5, 3.5, 3.5, 5.91, 4.51, 5.1, 3.5, 5.06, 3.5, 3.5, 3.5, 3.5, 6.27, 2.0]

iteration: 29
best: [5.77, 7.44, 11.39, 14.47, 16.81, 21.12, 34.97, 38.78, 40.41, 42.37, 43.99, 46.58, 48.77, 49.73]
time: [5.79, 7.44, 11.37, 14.45, 16.78, 21.15, 36.22, 40.05, 41.67, 1000, 1000, 1000, 1000, 1000]
current_hyper_parameter
v: [20.13, 12.0, 12.0, 21.58, 24.19, 29.07, 22.73, 32.58, 16.59, 20.41, 14.23, 15.68, 14.94, 30.63]
a: [154.09, 50.0, 50.0, 64.43, 137.23, 59.09, 24.76, 63.0, 132.23, 42.13, 133.81, 131.6, 84.18, 118.22]
d: [3.5, 3.5, 3.5, 5.91, 4.51, 5.1, 3.5, 6.25, 3.5, 3.5, 3.5, 3.5, 6.27, 2.0]
BEST_hyper_parameter
v: [20.13, 12.0, 12.0, 21.58, 24.19, 29.07, 22.73, 22.03, 16.59, 9.87, 14.23, 22.3, 14.94, 30.63]
a: [154.09, 50.0, 50.0, 64.43, 137.23, 59.09, 24.76, 50.0, 132.23, 127.66, 133.81, 50.0, 84.18, 118.22]
d: [3.5, 3.5, 3.5, 5.91, 4.51, 5.1, 3.5, 5.06, 3.5, 3.5, 3.5, 3.5, 6.27, 2.0]
mutation at idx = 4

iteration: 30
best: [5.77, 7.44, 11.39, 14.47, 16.81, 21.12, 34.97, 38.78, 40.41, 42.37, 43.99, 46.58, 48.77, 49.73]
time: [5.78, 7.44, 11.35, 17.81, 1000, 1000, 1000, 1000, 1000, 1000, 1000, 1000, 1000, 1000]
current_hyper_parameter
v: [20.13, 12.0, 12.0, 21.58, 34.15, 29.07, 33.96, 26.01, 16.59, 14.45, 24.77, 22.46, 9.92, 32.6]
a: [154.09, 50.0, 50.0, 64.43, 28.46, 59.09, 115.49, 55.64, 132.23, 61.83, 97.63, 114.33, 91.63, 48.25]
d: [3.5, 3.5, 3.5, 5.91, 4.51, 5.1, 3.5, 6.32, 3.5, 4.47, 5.76, 4.23, 6.27, 2.0]
BEST_hyper_parameter
v: [20.13, 12.0, 12.0, 21.58, 24.19, 29.07, 22.73, 22.03, 16.59, 9.87, 14.23, 22.3, 14.94, 30.63]
a: [154.09, 50.0, 50.0, 64.43, 137.23, 59.09, 24.76, 50.0, 132.23, 127.66, 133.81, 50.0, 84.18, 118.22]
d: [3.5, 3.5, 3.5, 5.91, 4.51, 5.1, 3.5, 5.06, 3.5, 3.5, 3.5, 3.5, 6.27, 2.0]

iteration: 31
best: [5.77, 7.44, 11.39, 14.47, 16.81, 21.12, 34.97, 38.78, 40.41, 42.37, 43.99, 46.58, 48.77, 49.73]
time: [5.79, 7.43, 11.37, 17.57, 1000, 1000, 1000, 1000, 1000, 1000, 1000, 1000, 1000, 1000]
current_hyper_parameter
v: [20.13, 12.0, 12.0, 21.58, 29.68, 29.07, 29.45, 10.94, 26.43, 17.69, 30.33, 32.64, 28.88, 27.24]
a: [154.09, 50.0, 50.0, 64.43, 21.97, 59.09, 133.16, 114.69, 73.12, 28.81, 123.7, 157.73, 84.18, 96.23]
d: [3.5, 3.5, 3.5, 5.91, 5.47, 5.1, 3.53, 4.31, 3.5, 3.89, 5.13, 3.5, 6.27, 2.0]
BEST_hyper_parameter
v: [20.13, 12.0, 12.0, 21.58, 24.19, 29.07, 22.73, 22.03, 16.59, 9.87, 14.23, 22.3, 14.94, 30.63]
a: [154.09, 50.0, 50.0, 64.43, 137.23, 59.09, 24.76, 50.0, 132.23, 127.66, 133.81, 50.0, 84.18, 118.22]
d: [3.5, 3.5, 3.5, 5.91, 4.51, 5.1, 3.5, 5.06, 3.5, 3.5, 3.5, 3.5, 6.27, 2.0]

iteration: 32
best: [5.77, 7.44, 11.39, 14.47, 16.81, 21.12, 34.97, 38.78, 40.41, 42.37, 43.99, 46.58, 48.77, 49.73]
time: [5.78, 7.42, 11.35, 14.95, 17.39, 20.99, 34.32, 38.26, 39.82, 41.74, 1000, 1000, 1000, 1000]
current_hyper_parameter
v: [20.13, 12.0, 12.0, 16.41, 24.19, 31.06, 22.73, 21.03, 28.61, 9.87, 31.92, 18.68, 34.95, 22.21]
a: [154.09, 50.0, 50.0, 48.51, 137.23, 92.06, 24.76, 50.0, 88.8, 127.66, 125.31, 50.0, 76.17, 46.2]
d: [3.5, 3.5, 3.5, 5.91, 4.51, 5.1, 3.5, 5.7, 3.5, 3.5, 3.5, 3.5, 5.4, 2.0]
BEST_hyper_parameter
v: [20.13, 12.0, 12.0, 21.58, 24.19, 29.07, 22.73, 22.03, 16.59, 9.87, 14.23, 22.3, 14.94, 30.63]
a: [154.09, 50.0, 50.0, 64.43, 137.23, 59.09, 24.76, 50.0, 132.23, 127.66, 133.81, 50.0, 84.18, 118.22]
d: [3.5, 3.5, 3.5, 5.91, 4.51, 5.1, 3.5, 5.06, 3.5, 3.5, 3.5, 3.5, 6.27, 2.0]

iteration: 33
best: [5.77, 7.44, 11.39, 14.47, 16.81, 21.12, 34.97, 38.78, 40.41, 42.37, 43.99, 46.58, 48.77, 49.73]
time: [5.77, 7.44, 11.37, 14.46, 16.73, 21.41, 36.33, 39.13, 40.87, 43.05, 1000, 1000, 1000, 1000]
current_hyper_parameter
v: [20.13, 12.0, 12.0, 21.58, 24.19, 29.07, 22.73, 25.6, 16.59, 9.87, 30.89, 17.48, 28.35, 30.63]
a: [154.09, 50.0, 50.0, 64.43, 137.23, 59.09, 24.76, 136.82, 132.23, 127.66, 133.81, 50.0, 113.91, 118.22]
d: [3.5, 3.5, 3.5, 5.91, 4.51, 5.1, 3.5, 5.06, 3.5, 3.5, 3.5, 3.5, 5.73, 2.0]
BEST_hyper_parameter
v: [20.13, 12.0, 12.0, 21.58, 24.19, 29.07, 22.73, 22.03, 16.59, 9.87, 14.23, 22.3, 14.94, 30.63]
a: [154.09, 50.0, 50.0, 64.43, 137.23, 59.09, 24.76, 50.0, 132.23, 127.66, 133.81, 50.0, 84.18, 118.22]
d: [3.5, 3.5, 3.5, 5.91, 4.51, 5.1, 3.5, 5.06, 3.5, 3.5, 3.5, 3.5, 6.27, 2.0]

iteration: 34
best: [5.77, 7.44, 11.39, 14.47, 16.81, 21.12, 34.97, 38.78, 40.41, 42.37, 43.99, 46.58, 48.77, 49.73]
time: [5.79, 7.44, 11.37, 14.48, 16.77, 25.39, 1000, 1000, 1000, 1000, 1000, 1000, 1000, 1000]
current_hyper_parameter
v: [20.13, 12.0, 12.0, 21.58, 24.19, 29.07, 21.36, 13.52, 22.91, 29.7, 32.04, 17.79, 28.01, 30.63]
a: [154.09, 50.0, 50.0, 64.43, 137.23, 59.09, 24.76, 159.47, 33.91, 127.66, 148.4, 101.13, 100.14, 118.22]
d: [3.5, 3.5, 3.5, 5.91, 4.51, 5.1, 3.5, 5.89, 5.61, 4.42, 3.5, 3.5, 5.69, 2.0]
BEST_hyper_parameter
v: [20.13, 12.0, 12.0, 21.58, 24.19, 29.07, 22.73, 22.03, 16.59, 9.87, 14.23, 22.3, 14.94, 30.63]
a: [154.09, 50.0, 50.0, 64.43, 137.23, 59.09, 24.76, 50.0, 132.23, 127.66, 133.81, 50.0, 84.18, 118.22]
d: [3.5, 3.5, 3.5, 5.91, 4.51, 5.1, 3.5, 5.06, 3.5, 3.5, 3.5, 3.5, 6.27, 2.0]

iteration: 35
best: [5.77, 7.44, 11.39, 14.47, 16.81, 21.12, 34.97, 38.78, 40.41, 42.37, 43.99, 46.58, 48.77, 49.73]
time: [5.79, 7.44, 11.36, 14.47, 16.77, 20.62, 31.56, 37.77, 39.12, 51.84, 1000, 1000, 1000, 1000]
current_hyper_parameter
v: [20.13, 12.0, 12.0, 21.58, 24.19, 22.68, 24.96, 12.16, 34.28, 17.56, 14.23, 17.11, 27.36, 31.03]
a: [154.09, 50.0, 50.0, 64.43, 137.23, 136.09, 102.6, 119.86, 132.23, 103.96, 133.81, 122.95, 102.81, 98.74]
d: [3.5, 3.5, 3.5, 5.91, 4.51, 3.97, 3.5, 5.06, 3.5, 3.5, 3.5, 3.5, 6.27, 2.0]
BEST_hyper_parameter
v: [20.13, 12.0, 12.0, 21.58, 24.19, 29.07, 22.73, 22.03, 16.59, 9.87, 14.23, 22.3, 14.94, 30.63]
a: [154.09, 50.0, 50.0, 64.43, 137.23, 59.09, 24.76, 50.0, 132.23, 127.66, 133.81, 50.0, 84.18, 118.22]
d: [3.5, 3.5, 3.5, 5.91, 4.51, 5.1, 3.5, 5.06, 3.5, 3.5, 3.5, 3.5, 6.27, 2.0]
mutation at idx = 4

iteration: 36
best: [5.77, 7.44, 11.39, 14.47, 16.81, 21.12, 31.56, 37.77, 39.12, 42.37, 43.99, 46.58, 48.77, 49.73]
time: [5.78, 7.43, 11.37, 14.47, 1000, 1000, 1000, 1000, 1000, 1000, 1000, 1000, 1000, 1000]
current_hyper_parameter
v: [20.13, 12.0, 12.0, 21.58, 23.11, 29.07, 24.96, 12.16, 34.28, 18.38, 30.84, 17.88, 14.94, 22.26]
a: [154.09, 50.0, 50.0, 64.43, 137.23, 59.09, 102.6, 119.86, 132.23, 71.39, 133.81, 140.27, 84.18, 53.12]
d: [3.5, 3.5, 3.5, 5.91, 5.37, 5.1, 3.5, 5.06, 3.5, 5.44, 3.5, 3.5, 6.27, 2.0]
BEST_hyper_parameter
v: [20.13, 12.0, 12.0, 21.58, 24.19, 29.07, 24.96, 12.16, 34.28, 9.87, 14.23, 22.3, 14.94, 30.63]
a: [154.09, 50.0, 50.0, 64.43, 137.23, 59.09, 102.6, 119.86, 132.23, 127.66, 133.81, 50.0, 84.18, 118.22]
d: [3.5, 3.5, 3.5, 5.91, 4.51, 5.1, 3.5, 5.06, 3.5, 3.5, 3.5, 3.5, 6.27, 2.0]

iteration: 37
best: [5.77, 7.44, 11.39, 14.47, 16.81, 21.12, 31.56, 37.77, 39.12, 42.37, 43.99, 46.58, 48.77, 49.73]
time: [5.78, 7.44, 11.36, 14.46, 16.72, 20.51, 31.39, 34.38, 1000, 1000, 1000, 1000, 1000, 1000]
current_hyper_parameter
v: [20.13, 12.0, 12.0, 21.58, 25.04, 33.13, 24.96, 22.39, 12.07, 25.39, 14.23, 22.3, 29.62, 19.33]
a: [154.09, 50.0, 50.0, 64.43, 137.23, 116.01, 102.6, 119.86, 111.44, 110.26, 133.81, 50.0, 113.34, 118.22]
d: [3.5, 3.5, 3.5, 5.91, 4.29, 5.1, 3.5, 5.06, 3.5, 3.5, 3.5, 3.5, 5.8, 2.0]
BEST_hyper_parameter
v: [20.13, 12.0, 12.0, 21.58, 24.19, 29.07, 24.96, 12.16, 34.28, 9.87, 14.23, 22.3, 14.94, 30.63]
a: [154.09, 50.0, 50.0, 64.43, 137.23, 59.09, 102.6, 119.86, 132.23, 127.66, 133.81, 50.0, 84.18, 118.22]
d: [3.5, 3.5, 3.5, 5.91, 4.51, 5.1, 3.5, 5.06, 3.5, 3.5, 3.5, 3.5, 6.27, 2.0]
mutation at idx = 0

iteration: 38
best: [5.77, 7.44, 11.39, 14.47, 16.81, 20.51, 31.56, 34.38, 39.12, 42.37, 43.99, 46.58, 48.77, 49.73]
time: [5.81, 7.64, 11.71, 14.79, 20.29, 23.72, 33.41, 36.33, 37.55, 39.34, 44.13, 1000, 1000, 1000]
current_hyper_parameter
v: [34.96, 12.0, 12.0, 21.58, 24.19, 33.13, 24.96, 22.39, 33.83, 9.87, 14.23, 22.3, 14.94, 34.51]
a: [105.28, 50.0, 50.0, 64.43, 137.23, 116.01, 102.6, 119.86, 118.79, 127.66, 133.81, 50.0, 84.18, 120.01]
d: [5.98, 3.5, 3.5, 5.91, 4.51, 5.1, 3.5, 5.06, 3.5, 3.5, 3.5, 3.5, 6.27, 2.0]
BEST_hyper_parameter
v: [20.13, 12.0, 12.0, 21.58, 24.19, 33.13, 24.96, 22.39, 34.28, 9.87, 14.23, 22.3, 14.94, 30.63]
a: [154.09, 50.0, 50.0, 64.43, 137.23, 116.01, 102.6, 119.86, 132.23, 127.66, 133.81, 50.0, 84.18, 118.22]
d: [3.5, 3.5, 3.5, 5.91, 4.51, 5.1, 3.5, 5.06, 3.5, 3.5, 3.5, 3.5, 6.27, 2.0]
mutation at idx = 0

iteration: 39
best: [5.77, 7.44, 11.39, 14.47, 16.81, 20.51, 31.56, 34.38, 39.12, 42.37, 43.99, 46.58, 48.77, 49.73]
time: [5.72, 7.33, 11.22, 14.27, 24.72, 1000, 1000, 1000, 1000, 1000, 1000, 1000, 1000, 1000]
current_hyper_parameter
v: [24.08, 12.0, 12.0, 21.58, 12.82, 24.41, 12.1, 27.47, 31.49, 27.97, 28.42, 34.36, 22.25, 15.69]
a: [153.22, 50.0, 50.0, 64.43, 121.9, 151.42, 102.6, 119.86, 66.11, 127.66, 92.86, 50.0, 84.18, 86.49]
d: [3.5, 3.5, 3.5, 5.91, 5.75, 5.05, 4.19, 5.23, 3.5, 5.64, 3.5, 3.5, 4.13, 2.0]
BEST_hyper_parameter
v: [20.13, 12.0, 12.0, 21.58, 24.19, 33.13, 24.96, 22.39, 34.28, 9.87, 14.23, 22.3, 14.94, 30.63]
a: [154.09, 50.0, 50.0, 64.43, 137.23, 116.01, 102.6, 119.86, 132.23, 127.66, 133.81, 50.0, 84.18, 118.22]
d: [3.5, 3.5, 3.5, 5.91, 4.51, 5.1, 3.5, 5.06, 3.5, 3.5, 3.5, 3.5, 6.27, 2.0]

iteration: 40
best: [5.77, 7.44, 11.39, 14.47, 16.81, 20.51, 31.56, 34.38, 39.12, 42.37, 43.99, 46.58, 48.77, 49.73]
time: [5.79, 7.44, 11.37, 14.46, 19.68, 23.61, 34.51, 37.27, 1000, 1000, 1000, 1000, 1000, 1000]
current_hyper_parameter
v: [20.13, 12.0, 12.0, 21.58, 30.59, 33.13, 24.96, 24.58, 13.96, 20.3, 29.48, 10.88, 8.72, 28.22]
a: [154.09, 50.0, 50.0, 64.43, 137.23, 116.01, 102.6, 146.45, 89.35, 38.89, 52.73, 50.0, 33.26, 106.92]
d: [3.5, 3.5, 3.5, 5.91, 3.59, 5.1, 3.5, 5.91, 3.5, 3.5, 3.5, 3.5, 4.36, 2.0]
BEST_hyper_parameter
v: [20.13, 12.0, 12.0, 21.58, 24.19, 33.13, 24.96, 22.39, 34.28, 9.87, 14.23, 22.3, 14.94, 30.63]
a: [154.09, 50.0, 50.0, 64.43, 137.23, 116.01, 102.6, 119.86, 132.23, 127.66, 133.81, 50.0, 84.18, 118.22]
d: [3.5, 3.5, 3.5, 5.91, 4.51, 5.1, 3.5, 5.06, 3.5, 3.5, 3.5, 3.5, 6.27, 2.0]

iteration: 41
best: [5.77, 7.44, 11.39, 14.47, 16.81, 20.51, 31.56, 34.38, 39.12, 42.37, 43.99, 46.58, 48.77, 49.73]
time: [5.74, 7.4, 11.31, 14.43, 16.77, 20.62, 43.96, 46.88, 48.6, 1000, 1000, 1000, 1000, 1000]
current_hyper_parameter
v: [20.13, 12.0, 12.0, 21.58, 24.19, 33.13, 12.74, 26.71, 15.97, 22.4, 12.76, 22.3, 15.46, 16.03]
a: [154.09, 50.0, 50.0, 64.43, 137.23, 116.01, 30.48, 112.33, 143.16, 31.85, 30.2, 50.0, 138.23, 141.08]
d: [3.5, 3.5, 3.5, 5.91, 4.51, 5.1, 3.5, 5.06, 3.5, 3.5, 3.5, 3.5, 3.59, 2.0]
BEST_hyper_parameter
v: [20.13, 12.0, 12.0, 21.58, 24.19, 33.13, 24.96, 22.39, 34.28, 9.87, 14.23, 22.3, 14.94, 30.63]
a: [154.09, 50.0, 50.0, 64.43, 137.23, 116.01, 102.6, 119.86, 132.23, 127.66, 133.81, 50.0, 84.18, 118.22]
d: [3.5, 3.5, 3.5, 5.91, 4.51, 5.1, 3.5, 5.06, 3.5, 3.5, 3.5, 3.5, 6.27, 2.0]
mutation at idx = 5

iteration: 42
best: [5.77, 7.44, 11.39, 14.47, 16.81, 20.51, 31.56, 34.38, 39.12, 42.37, 43.99, 46.58, 48.77, 49.73]
time: [5.79, 7.43, 11.37, 14.47, 16.77, 20.52, 36.68, 39.52, 1000, 1000, 1000, 1000, 1000, 1000]
current_hyper_parameter
v: [20.13, 12.0, 12.0, 21.58, 24.19, 27.62, 19.67, 22.39, 34.71, 19.99, 25.39, 30.53, 9.03, 30.81]
a: [154.09, 50.0, 50.0, 64.43, 137.23, 137.82, 20.38, 119.86, 107.73, 97.53, 23.73, 50.0, 84.18, 45.15]
d: [3.5, 3.5, 3.5, 5.91, 4.51, 6.04, 5.65, 5.06, 3.5, 3.75, 3.5, 3.52, 4.4, 2.0]
BEST_hyper_parameter
v: [20.13, 12.0, 12.0, 21.58, 24.19, 33.13, 24.96, 22.39, 34.28, 9.87, 14.23, 22.3, 14.94, 30.63]
a: [154.09, 50.0, 50.0, 64.43, 137.23, 116.01, 102.6, 119.86, 132.23, 127.66, 133.81, 50.0, 84.18, 118.22]
d: [3.5, 3.5, 3.5, 5.91, 4.51, 5.1, 3.5, 5.06, 3.5, 3.5, 3.5, 3.5, 6.27, 2.0]
mutation at idx = 0

iteration: 43
best: [5.77, 7.44, 11.39, 14.47, 16.81, 20.51, 31.56, 34.38, 39.12, 42.37, 43.99, 46.58, 48.77, 49.73]
time: [5.87, 7.64, 11.58, 14.5, 16.8, 23.34, 43.37, 50.59, 1000, 1000, 1000, 1000, 1000, 1000]
current_hyper_parameter
v: [16.29, 12.0, 12.0, 21.58, 24.19, 33.13, 30.58, 33.22, 29.92, 25.65, 34.56, 11.34, 14.94, 33.86]
a: [154.09, 50.0, 50.0, 64.43, 137.23, 116.01, 102.69, 133.19, 96.63, 127.66, 133.81, 99.92, 84.18, 65.06]
d: [3.5, 3.5, 3.5, 5.91, 4.51, 5.1, 3.5, 5.06, 4.21, 5.03, 6.3, 3.71, 6.27, 2.0]
BEST_hyper_parameter
v: [20.13, 12.0, 12.0, 21.58, 24.19, 33.13, 24.96, 22.39, 34.28, 9.87, 14.23, 22.3, 14.94, 30.63]
a: [154.09, 50.0, 50.0, 64.43, 137.23, 116.01, 102.6, 119.86, 132.23, 127.66, 133.81, 50.0, 84.18, 118.22]
d: [3.5, 3.5, 3.5, 5.91, 4.51, 5.1, 3.5, 5.06, 3.5, 3.5, 3.5, 3.5, 6.27, 2.0]
mutation at idx = 3

iteration: 44
best: [5.77, 7.44, 11.39, 14.47, 16.81, 20.51, 31.56, 34.38, 39.12, 42.37, 43.99, 46.58, 48.77, 49.73]
time: [5.82, 7.48, 11.46, 14.62, 1000, 1000, 1000, 1000, 1000, 1000, 1000, 1000, 1000, 1000]
current_hyper_parameter
v: [20.13, 12.0, 12.0, 23.17, 24.19, 33.13, 15.98, 10.01, 34.28, 22.71, 26.84, 12.35, 14.94, 30.63]
a: [154.09, 50.0, 50.0, 69.45, 137.23, 116.01, 102.6, 119.86, 132.23, 127.66, 93.65, 136.96, 84.18, 118.22]
d: [3.5, 3.5, 3.5, 3.53, 4.51, 5.1, 3.5, 3.57, 3.5, 3.5, 5.36, 4.65, 6.27, 2.0]
BEST_hyper_parameter
v: [20.13, 12.0, 12.0, 21.58, 24.19, 33.13, 24.96, 22.39, 34.28, 9.87, 14.23, 22.3, 14.94, 30.63]
a: [154.09, 50.0, 50.0, 64.43, 137.23, 116.01, 102.6, 119.86, 132.23, 127.66, 133.81, 50.0, 84.18, 118.22]
d: [3.5, 3.5, 3.5, 5.91, 4.51, 5.1, 3.5, 5.06, 3.5, 3.5, 3.5, 3.5, 6.27, 2.0]
mutation at idx = 0

iteration: 45
best: [5.77, 7.44, 11.39, 14.47, 16.81, 20.51, 31.56, 34.38, 39.12, 42.37, 43.99, 46.58, 48.77, 49.73]
time: [6.3, 8.54, 12.89, 15.99, 21.53, 29.51, 40.21, 43.12, 1000, 1000, 1000, 1000, 1000, 1000]
current_hyper_parameter
v: [14.89, 12.0, 12.0, 21.58, 24.55, 33.13, 34.61, 21.91, 30.62, 23.8, 16.33, 22.3, 30.39, 30.63]
a: [67.78, 50.0, 50.0, 64.43, 96.44, 116.01, 50.68, 119.86, 32.92, 127.66, 34.01, 50.0, 117.93, 118.22]
d: [4.8, 3.5, 3.5, 5.91, 3.83, 5.1, 3.5, 3.52, 3.5, 3.79, 4.69, 3.5, 6.27, 2.0]
BEST_hyper_parameter
v: [20.13, 12.0, 12.0, 21.58, 24.19, 33.13, 24.96, 22.39, 34.28, 9.87, 14.23, 22.3, 14.94, 30.63]
a: [154.09, 50.0, 50.0, 64.43, 137.23, 116.01, 102.6, 119.86, 132.23, 127.66, 133.81, 50.0, 84.18, 118.22]
d: [3.5, 3.5, 3.5, 5.91, 4.51, 5.1, 3.5, 5.06, 3.5, 3.5, 3.5, 3.5, 6.27, 2.0]

iteration: 46
best: [5.77, 7.44, 11.39, 14.47, 16.81, 20.51, 31.56, 34.38, 39.12, 42.37, 43.99, 46.58, 48.77, 49.73]
time: [5.71, 7.39, 10.55, 13.8, 17.06, 22.06, 34.3, 37.37, 38.67, 1000, 1000, 1000, 1000, 1000]
current_hyper_parameter
v: [31.21, 19.51, 16.75, 33.59, 24.31, 14.99, 24.96, 33.99, 31.91, 12.44, 13.83, 25.34, 14.94, 11.01]
a: [154.09, 58.84, 125.58, 43.55, 56.7, 29.45, 102.6, 59.73, 132.23, 27.43, 133.81, 154.04, 84.18, 85.76]
d: [5.98, 3.5, 4.48, 4.23, 3.58, 5.1, 3.5, 5.06, 3.5, 4.59, 6.17, 5.3, 6.27, 2.0]
BEST_hyper_parameter
v: [20.13, 12.0, 12.0, 21.58, 24.19, 33.13, 24.96, 22.39, 34.28, 9.87, 14.23, 22.3, 14.94, 30.63]
a: [154.09, 50.0, 50.0, 64.43, 137.23, 116.01, 102.6, 119.86, 132.23, 127.66, 133.81, 50.0, 84.18, 118.22]
d: [3.5, 3.5, 3.5, 5.91, 4.51, 5.1, 3.5, 5.06, 3.5, 3.5, 3.5, 3.5, 6.27, 2.0]

iteration: 47
best: [5.77, 7.44, 10.55, 13.8, 16.81, 20.51, 31.56, 34.38, 39.12, 42.37, 43.99, 46.58, 48.77, 49.73]
time: [5.77, 7.43, 10.59, 13.8, 16.34, 22.92, 46.05, 49.59, 1000, 1000, 1000, 1000, 1000, 1000]
current_hyper_parameter
v: [20.13, 12.0, 16.75, 33.59, 24.19, 18.23, 12.99, 11.5, 34.28, 22.13, 34.18, 26.83, 18.57, 33.59]
a: [154.09, 50.0, 125.58, 43.55, 137.23, 22.76, 102.6, 119.86, 132.23, 127.66, 91.62, 81.58, 159.59, 113.45]
d: [3.5, 3.5, 4.48, 4.23, 4.51, 4.41, 3.5, 6.17, 3.5, 3.5, 5.49, 4.72, 5.21, 2.0]
BEST_hyper_parameter
v: [20.13, 12.0, 16.75, 33.59, 24.19, 33.13, 24.96, 22.39, 34.28, 9.87, 14.23, 22.3, 14.94, 30.63]
a: [154.09, 50.0, 125.58, 43.55, 137.23, 116.01, 102.6, 119.86, 132.23, 127.66, 133.81, 50.0, 84.18, 118.22]
d: [3.5, 3.5, 4.48, 4.23, 4.51, 5.1, 3.5, 5.06, 3.5, 3.5, 3.5, 3.5, 6.27, 2.0]

iteration: 48
best: [5.77, 7.44, 10.55, 13.8, 16.81, 20.51, 31.56, 34.38, 39.12, 42.37, 43.99, 46.58, 48.77, 49.73]
time: [5.77, 7.44, 10.58, 13.79, 16.31, 24.2, 45.43, 48.07, 49.3, 1000, 1000, 1000, 1000, 1000]
current_hyper_parameter
v: [20.13, 12.0, 16.75, 33.59, 24.19, 33.58, 19.88, 31.03, 28.42, 28.06, 20.02, 22.3, 16.02, 17.62]
a: [154.09, 50.0, 125.58, 43.55, 137.23, 68.06, 101.64, 119.86, 132.23, 116.18, 133.81, 50.0, 123.38, 106.89]
d: [3.5, 3.5, 4.48, 4.23, 4.51, 4.81, 3.5, 4.67, 5.52, 3.5, 3.5, 3.5, 6.27, 2.0]
BEST_hyper_parameter
v: [20.13, 12.0, 16.75, 33.59, 24.19, 33.13, 24.96, 22.39, 34.28, 9.87, 14.23, 22.3, 14.94, 30.63]
a: [154.09, 50.0, 125.58, 43.55, 137.23, 116.01, 102.6, 119.86, 132.23, 127.66, 133.81, 50.0, 84.18, 118.22]
d: [3.5, 3.5, 4.48, 4.23, 4.51, 5.1, 3.5, 5.06, 3.5, 3.5, 3.5, 3.5, 6.27, 2.0]
mutation at idx = 3

iteration: 49
best: [5.77, 7.44, 10.55, 13.8, 16.81, 20.51, 31.56, 34.38, 39.12, 42.37, 43.99, 46.58, 48.77, 49.73]
time: [5.79, 7.43, 10.58, 1000, 1000, 1000, 1000, 1000, 1000, 1000, 1000, 1000, 1000, 1000]
current_hyper_parameter
v: [20.13, 12.0, 16.75, 30.65, 24.19, 30.99, 24.96, 22.39, 34.28, 17.23, 22.71, 34.3, 16.33, 30.63]
a: [154.09, 50.0, 125.58, 101.59, 137.23, 146.84, 102.6, 119.86, 132.23, 29.08, 109.77, 90.04, 84.18, 118.22]
d: [3.5, 3.5, 4.48, 4.23, 4.51, 5.1, 3.5, 5.06, 3.5, 3.5, 5.7, 6.01, 6.33, 2.0]
BEST_hyper_parameter
v: [20.13, 12.0, 16.75, 33.59, 24.19, 33.13, 24.96, 22.39, 34.28, 9.87, 14.23, 22.3, 14.94, 30.63]
a: [154.09, 50.0, 125.58, 43.55, 137.23, 116.01, 102.6, 119.86, 132.23, 127.66, 133.81, 50.0, 84.18, 118.22]
d: [3.5, 3.5, 4.48, 4.23, 4.51, 5.1, 3.5, 5.06, 3.5, 3.5, 3.5, 3.5, 6.27, 2.0]
mutation at idx = 1
mutation at idx = 2

iteration: 50
best: [5.77, 7.44, 10.55, 13.8, 16.81, 20.51, 31.56, 34.38, 39.12, 42.37, 43.99, 46.58, 48.77, 49.73]
time: [5.78, 7.31, 10.53, 14.13, 1000, 1000, 1000, 1000, 1000, 1000, 1000, 1000, 1000, 1000]
current_hyper_parameter
v: [20.13, 25.06, 13.82, 11.21, 24.19, 18.89, 14.08, 24.94, 24.64, 29.51, 14.23, 31.1, 14.94, 27.12]
a: [154.09, 75.22, 125.58, 43.55, 137.23, 66.62, 102.6, 43.73, 26.24, 20.96, 133.81, 119.1, 84.18, 70.27]
d: [3.5, 3.5, 4.04, 4.23, 4.51, 5.1, 4.61, 5.36, 5.54, 3.5, 3.5, 5.56, 6.27, 2.0]
BEST_hyper_parameter
v: [20.13, 12.0, 16.75, 33.59, 24.19, 33.13, 24.96, 22.39, 34.28, 9.87, 14.23, 22.3, 14.94, 30.63]
a: [154.09, 50.0, 125.58, 43.55, 137.23, 116.01, 102.6, 119.86, 132.23, 127.66, 133.81, 50.0, 84.18, 118.22]
d: [3.5, 3.5, 4.48, 4.23, 4.51, 5.1, 3.5, 5.06, 3.5, 3.5, 3.5, 3.5, 6.27, 2.0]

iteration: 51
best: [5.77, 7.44, 10.55, 13.8, 16.81, 20.51, 31.56, 34.38, 39.12, 42.37, 43.99, 46.58, 48.77, 49.73]
time: [5.76, 7.42, 10.58, 13.86, 20.01, 22.5, 32.19, 34.77, 36.36, 38.58, 40.3, 42.83, 1000, 1000]
current_hyper_parameter
v: [20.13, 12.0, 16.75, 33.59, 14.04, 33.13, 23.51, 23.89, 15.38, 10.62, 14.23, 17.28, 16.6, 25.81]
a: [154.09, 50.0, 125.58, 43.55, 113.34, 116.01, 159.73, 119.86, 91.03, 102.1, 133.81, 50.0, 158.88, 64.68]
d: [3.5, 3.5, 4.48, 4.23, 5.32, 5.1, 3.5, 6.36, 6.14, 3.5, 3.5, 5.3, 6.27, 2.0]
BEST_hyper_parameter
v: [20.13, 12.0, 16.75, 33.59, 24.19, 33.13, 24.96, 22.39, 34.28, 9.87, 14.23, 22.3, 14.94, 30.63]
a: [154.09, 50.0, 125.58, 43.55, 137.23, 116.01, 102.6, 119.86, 132.23, 127.66, 133.81, 50.0, 84.18, 118.22]
d: [3.5, 3.5, 4.48, 4.23, 4.51, 5.1, 3.5, 5.06, 3.5, 3.5, 3.5, 3.5, 6.27, 2.0]
mutation at idx = 1

iteration: 52
best: [5.77, 7.44, 10.55, 13.8, 16.81, 20.51, 31.56, 34.38, 39.12, 42.37, 43.99, 46.58, 48.77, 49.73]
time: [5.78, 7.33, 10.31, 13.37, 17.5, 20.78, 31.78, 35.19, 40.06, 42.26, 1000, 1000, 1000, 1000]
current_hyper_parameter
v: [20.13, 17.61, 16.75, 33.59, 29.3, 18.87, 24.96, 30.25, 30.63, 18.02, 14.23, 22.3, 16.63, 30.63]
a: [154.09, 91.52, 125.58, 43.55, 39.61, 65.32, 102.6, 70.08, 55.52, 127.66, 133.81, 50.0, 111.91, 118.22]
d: [3.5, 3.5, 4.48, 4.23, 5.54, 4.99, 3.5, 5.06, 3.5, 4.35, 3.5, 3.5, 6.27, 2.0]
BEST_hyper_parameter
v: [20.13, 12.0, 16.75, 33.59, 24.19, 33.13, 24.96, 22.39, 34.28, 9.87, 14.23, 22.3, 14.94, 30.63]
a: [154.09, 50.0, 125.58, 43.55, 137.23, 116.01, 102.6, 119.86, 132.23, 127.66, 133.81, 50.0, 84.18, 118.22]
d: [3.5, 3.5, 4.48, 4.23, 4.51, 5.1, 3.5, 5.06, 3.5, 3.5, 3.5, 3.5, 6.27, 2.0]

iteration: 53
best: [5.77, 7.44, 10.55, 13.8, 16.81, 20.51, 31.56, 34.38, 39.12, 42.37, 43.99, 46.58, 48.77, 49.73]
time: [5.78, 7.44, 10.6, 13.88, 20.84, 24.06, 43.61, 46.74, 55.66, 1000, 1000, 1000, 1000, 1000]
current_hyper_parameter
v: [20.13, 12.0, 16.75, 33.59, 10.61, 21.5, 11.03, 22.19, 34.28, 18.7, 27.02, 19.57, 34.63, 13.43]
a: [154.09, 50.0, 125.58, 43.55, 137.23, 80.61, 83.15, 85.8, 132.23, 127.66, 100.46, 72.18, 25.96, 157.04]
d: [3.5, 3.5, 4.48, 4.23, 5.96, 5.1, 3.5, 4.44, 3.5, 3.5, 5.44, 4.25, 6.27, 2.0]
BEST_hyper_parameter
v: [20.13, 12.0, 16.75, 33.59, 24.19, 33.13, 24.96, 22.39, 34.28, 9.87, 14.23, 22.3, 14.94, 30.63]
a: [154.09, 50.0, 125.58, 43.55, 137.23, 116.01, 102.6, 119.86, 132.23, 127.66, 133.81, 50.0, 84.18, 118.22]
d: [3.5, 3.5, 4.48, 4.23, 4.51, 5.1, 3.5, 5.06, 3.5, 3.5, 3.5, 3.5, 6.27, 2.0]

iteration: 54
best: [5.77, 7.44, 10.55, 13.8, 16.81, 20.51, 31.56, 34.38, 39.12, 42.37, 43.99, 46.58, 48.77, 49.73]
time: [5.73, 7.38, 10.57, 13.79, 19.58, 22.84, 33.05, 35.78, 37.06, 38.57, 1000, 1000, 1000, 1000]
current_hyper_parameter
v: [20.13, 12.0, 16.75, 33.59, 34.11, 33.13, 25.24, 22.39, 33.81, 33.72, 23.21, 19.02, 22.9, 30.63]
a: [154.09, 50.0, 125.58, 43.55, 78.53, 116.01, 102.6, 119.86, 63.48, 86.64, 133.81, 127.4, 79.42, 118.22]
d: [3.5, 3.5, 4.48, 4.23, 4.51, 5.1, 5.73, 5.06, 6.29, 5.59, 3.5, 4.55, 4.82, 2.0]
BEST_hyper_parameter
v: [20.13, 12.0, 16.75, 33.59, 24.19, 33.13, 24.96, 22.39, 34.28, 9.87, 14.23, 22.3, 14.94, 30.63]
a: [154.09, 50.0, 125.58, 43.55, 137.23, 116.01, 102.6, 119.86, 132.23, 127.66, 133.81, 50.0, 84.18, 118.22]
d: [3.5, 3.5, 4.48, 4.23, 4.51, 5.1, 3.5, 5.06, 3.5, 3.5, 3.5, 3.5, 6.27, 2.0]

iteration: 55
best: [5.77, 7.44, 10.55, 13.8, 16.81, 20.51, 31.56, 34.38, 39.12, 42.37, 43.99, 46.58, 48.77, 49.73]
time: [5.79, 7.45, 10.62, 13.86, 16.4, 22.0, 34.78, 1000, 1000, 1000, 1000, 1000, 1000, 1000]
current_hyper_parameter
v: [20.13, 12.0, 16.75, 33.59, 24.19, 32.72, 23.9, 12.65, 19.27, 11.93, 19.41, 10.37, 23.74, 25.36]
a: [154.09, 50.0, 125.58, 43.55, 137.23, 34.0, 102.6, 74.28, 85.36, 46.25, 45.58, 130.49, 84.18, 118.22]
d: [3.5, 3.5, 4.48, 4.23, 4.51, 6.43, 3.98, 3.87, 3.93, 5.06, 3.5, 3.5, 6.27, 2.0]
BEST_hyper_parameter
v: [20.13, 12.0, 16.75, 33.59, 24.19, 33.13, 24.96, 22.39, 34.28, 9.87, 14.23, 22.3, 14.94, 30.63]
a: [154.09, 50.0, 125.58, 43.55, 137.23, 116.01, 102.6, 119.86, 132.23, 127.66, 133.81, 50.0, 84.18, 118.22]
d: [3.5, 3.5, 4.48, 4.23, 4.51, 5.1, 3.5, 5.06, 3.5, 3.5, 3.5, 3.5, 6.27, 2.0]

iteration: 56
best: [5.77, 7.44, 10.55, 13.8, 16.81, 20.51, 31.56, 34.38, 39.12, 42.37, 43.99, 46.58, 48.77, 49.73]
time: [5.8, 7.43, 10.59, 13.81, 16.35, 22.61, 33.28, 37.08, 38.4, 39.75, 1000, 1000, 1000, 1000]
current_hyper_parameter
v: [20.13, 12.0, 16.75, 33.59, 24.19, 21.0, 30.42, 17.25, 34.28, 28.76, 31.46, 18.27, 12.48, 15.22]
a: [154.09, 50.0, 125.58, 43.55, 137.23, 25.78, 102.6, 74.73, 132.23, 127.66, 54.76, 90.7, 114.73, 146.5]
d: [3.5, 3.5, 4.48, 4.23, 4.51, 5.97, 3.5, 6.46, 3.5, 5.24, 4.83, 3.5, 6.27, 2.0]
BEST_hyper_parameter
v: [20.13, 12.0, 16.75, 33.59, 24.19, 33.13, 24.96, 22.39, 34.28, 9.87, 14.23, 22.3, 14.94, 30.63]
a: [154.09, 50.0, 125.58, 43.55, 137.23, 116.01, 102.6, 119.86, 132.23, 127.66, 133.81, 50.0, 84.18, 118.22]
d: [3.5, 3.5, 4.48, 4.23, 4.51, 5.1, 3.5, 5.06, 3.5, 3.5, 3.5, 3.5, 6.27, 2.0]
