
iteration: 1
best: [5.91, 7.32, 9.52, 12.65, 16.25, 19.71, 34.71, 38.33, 39.84, 41.64, 51.52, 54.75, 58.09, 60.13]
time: [5.8, 7.15, 9.74, 12.77, 18.73, 22.99, 37.77, 41.53, 43.07, 44.85, 50.28, 1000, 1000, 1000]
current_hyper_parameter
v: [25.72, 27.03, 16.9, 29.94, 19.52, 19.5, 19.45, 23.23, 23.41, 28.15, 13.08, 16.28, 9.05, 31.48]
a: [86.14, 149.89, 121.75, 50.0, 77.13, 54.79, 43.08, 36.54, 96.11, 58.28, 50.0, 42.11, 50.0, 41.0]
d: [4.46, 6.2, 3.5, 4.93, 4.9, 3.57, 4.84, 6.09, 3.5, 4.51, 3.65, 5.97, 3.5, 2.0]
BEST_hyper_parameter
v: [25.72, 27.03, 16.9, 29.94, 19.52, 19.5, 19.45, 23.23, 23.41, 28.15, 13.08, 16.28, 9.05, 31.48]
a: [86.14, 149.89, 121.75, 50.0, 77.13, 54.79, 43.08, 36.54, 96.11, 58.28, 50.0, 42.11, 50.0, 41.0]
d: [4.46, 6.2, 3.5, 4.93, 4.9, 3.57, 4.84, 6.09, 3.5, 4.51, 3.65, 5.97, 3.5, 2.0]
mutation at idx = 1
mutation at idx = 3

iteration: 2
best: [5.91, 7.32, 9.52, 12.65, 16.25, 19.71, 34.71, 38.33, 39.84, 41.64, 51.52, 54.75, 58.09, 60.13]
time: [5.92, 7.73, 10.79, 16.69, 23.5, 26.33, 40.49, 44.4, 46.43, 51.52, 1000, 1000, 1000, 1000]
current_hyper_parameter
v: [25.72, 20.47, 16.9, 16.25, 11.51, 25.06, 19.45, 25.82, 11.62, 28.15, 14.68, 16.28, 34.95, 24.7]
a: [86.14, 45.74, 121.75, 64.87, 77.13, 82.55, 43.08, 36.54, 60.54, 58.28, 50.0, 42.11, 50.0, 125.19]
d: [4.46, 6.2, 3.5, 5.78, 4.9, 3.58, 4.84, 6.09, 5.48, 4.51, 6.24, 5.97, 4.37, 2.0]
BEST_hyper_parameter
v: [25.72, 27.03, 16.9, 29.94, 19.52, 19.5, 19.45, 23.23, 23.41, 28.15, 13.08, 16.28, 9.05, 31.48]
a: [86.14, 149.89, 121.75, 50.0, 77.13, 54.79, 43.08, 36.54, 96.11, 58.28, 50.0, 42.11, 50.0, 41.0]
d: [4.46, 6.2, 3.5, 4.93, 4.9, 3.57, 4.84, 6.09, 3.5, 4.51, 3.65, 5.97, 3.5, 2.0]

iteration: 3
best: [5.91, 7.32, 9.52, 12.65, 16.25, 19.71, 34.71, 38.33, 39.84, 41.64, 51.52, 54.75, 58.09, 60.13]
time: [5.92, 7.31, 9.8, 12.85, 18.83, 22.43, 40.55, 44.09, 45.71, 59.06, 1000, 1000, 1000, 1000]
current_hyper_parameter
v: [25.72, 27.03, 22.1, 20.41, 19.52, 19.5, 13.13, 17.26, 20.83, 10.8, 27.57, 16.28, 20.54, 23.14]
a: [86.14, 149.89, 121.75, 50.0, 77.13, 54.79, 110.43, 42.56, 96.11, 77.5, 101.68, 42.11, 138.31, 154.89]
d: [4.46, 6.2, 3.5, 4.01, 4.9, 3.57, 4.84, 6.09, 3.5, 5.18, 4.2, 5.97, 3.5, 2.0]
BEST_hyper_parameter
v: [25.72, 27.03, 16.9, 29.94, 19.52, 19.5, 19.45, 23.23, 23.41, 28.15, 13.08, 16.28, 9.05, 31.48]
a: [86.14, 149.89, 121.75, 50.0, 77.13, 54.79, 43.08, 36.54, 96.11, 58.28, 50.0, 42.11, 50.0, 41.0]
d: [4.46, 6.2, 3.5, 4.93, 4.9, 3.57, 4.84, 6.09, 3.5, 4.51, 3.65, 5.97, 3.5, 2.0]

iteration: 4
best: [5.91, 7.32, 9.52, 12.65, 16.25, 19.71, 34.71, 38.33, 39.84, 41.64, 51.52, 54.75, 58.09, 60.13]
time: [5.91, 7.32, 10.04, 13.04, 19.06, 32.18, 47.77, 51.4, 56.08, 57.79, 63.51, 1000, 1000, 1000]
current_hyper_parameter
v: [25.72, 27.03, 16.9, 29.94, 19.39, 19.5, 17.0, 14.52, 21.39, 34.57, 17.29, 16.77, 9.05, 11.5]
a: [86.14, 149.89, 121.75, 50.0, 77.13, 54.79, 60.11, 36.54, 96.11, 75.58, 50.0, 42.11, 50.0, 106.42]
d: [4.46, 6.2, 3.5, 4.93, 5.1, 3.57, 4.96, 5.7, 5.66, 3.72, 3.65, 6.4, 3.5, 2.0]
BEST_hyper_parameter
v: [25.72, 27.03, 16.9, 29.94, 19.52, 19.5, 19.45, 23.23, 23.41, 28.15, 13.08, 16.28, 9.05, 31.48]
a: [86.14, 149.89, 121.75, 50.0, 77.13, 54.79, 43.08, 36.54, 96.11, 58.28, 50.0, 42.11, 50.0, 41.0]
d: [4.46, 6.2, 3.5, 4.93, 4.9, 3.57, 4.84, 6.09, 3.5, 4.51, 3.65, 5.97, 3.5, 2.0]

iteration: 5
best: [5.91, 7.32, 9.52, 12.65, 16.25, 19.71, 34.71, 38.33, 39.84, 41.64, 51.52, 54.75, 58.09, 60.13]
time: [5.83, 7.18, 10.23, 15.95, 1000, 1000, 1000, 1000, 1000, 1000, 1000, 1000, 1000, 1000]
current_hyper_parameter
v: [25.72, 27.03, 22.4, 17.46, 10.08, 17.28, 19.45, 16.96, 23.41, 28.15, 34.26, 16.28, 9.05, 16.41]
a: [86.14, 149.89, 44.35, 151.49, 83.79, 80.35, 43.08, 109.18, 96.11, 58.28, 58.22, 42.11, 50.0, 41.0]
d: [4.46, 6.2, 5.66, 4.93, 4.9, 3.57, 4.84, 5.91, 3.5, 4.51, 3.65, 5.97, 3.5, 2.0]
BEST_hyper_parameter
v: [25.72, 27.03, 16.9, 29.94, 19.52, 19.5, 19.45, 23.23, 23.41, 28.15, 13.08, 16.28, 9.05, 31.48]
a: [86.14, 149.89, 121.75, 50.0, 77.13, 54.79, 43.08, 36.54, 96.11, 58.28, 50.0, 42.11, 50.0, 41.0]
d: [4.46, 6.2, 3.5, 4.93, 4.9, 3.57, 4.84, 6.09, 3.5, 4.51, 3.65, 5.97, 3.5, 2.0]

iteration: 6
best: [5.91, 7.32, 9.52, 12.65, 16.25, 19.71, 34.71, 38.33, 39.84, 41.64, 51.52, 54.75, 58.09, 60.13]
time: [5.91, 7.33, 9.96, 13.1, 31.07, 39.58, 54.66, 58.64, 60.2, 64.52, 1000, 1000, 1000, 1000]
current_hyper_parameter
v: [25.72, 27.03, 18.53, 9.41, 30.18, 9.39, 19.45, 20.36, 27.31, 24.55, 13.08, 24.06, 33.87, 31.48]
a: [86.14, 149.89, 121.75, 136.9, 77.13, 146.26, 43.08, 29.94, 141.68, 100.83, 50.0, 118.25, 32.45, 41.0]
d: [4.46, 6.2, 3.5, 4.93, 4.9, 6.09, 4.84, 5.22, 5.45, 4.51, 3.65, 6.43, 3.5, 2.0]
BEST_hyper_parameter
v: [25.72, 27.03, 16.9, 29.94, 19.52, 19.5, 19.45, 23.23, 23.41, 28.15, 13.08, 16.28, 9.05, 31.48]
a: [86.14, 149.89, 121.75, 50.0, 77.13, 54.79, 43.08, 36.54, 96.11, 58.28, 50.0, 42.11, 50.0, 41.0]
d: [4.46, 6.2, 3.5, 4.93, 4.9, 3.57, 4.84, 6.09, 3.5, 4.51, 3.65, 5.97, 3.5, 2.0]
mutation at idx = 3

iteration: 7
best: [5.91, 7.32, 9.52, 12.65, 16.25, 19.71, 34.71, 38.33, 39.84, 41.64, 51.52, 54.75, 58.09, 60.13]
time: [5.92, 7.33, 10.04, 1000, 1000, 1000, 1000, 1000, 1000, 1000, 1000, 1000, 1000, 1000]
current_hyper_parameter
v: [25.72, 27.03, 16.9, 31.94, 22.42, 10.61, 30.99, 12.56, 23.41, 32.01, 25.17, 9.41, 35.0, 33.86]
a: [86.14, 149.89, 121.75, 112.74, 32.39, 54.79, 40.56, 111.42, 96.11, 140.49, 50.0, 38.07, 50.0, 89.13]
d: [4.46, 6.2, 3.5, 6.04, 4.9, 3.57, 4.84, 6.09, 3.5, 3.91, 3.65, 5.97, 3.5, 2.0]
BEST_hyper_parameter
v: [25.72, 27.03, 16.9, 29.94, 19.52, 19.5, 19.45, 23.23, 23.41, 28.15, 13.08, 16.28, 9.05, 31.48]
a: [86.14, 149.89, 121.75, 50.0, 77.13, 54.79, 43.08, 36.54, 96.11, 58.28, 50.0, 42.11, 50.0, 41.0]
d: [4.46, 6.2, 3.5, 4.93, 4.9, 3.57, 4.84, 6.09, 3.5, 4.51, 3.65, 5.97, 3.5, 2.0]

iteration: 8
best: [5.91, 7.32, 9.52, 12.65, 16.25, 19.71, 34.71, 38.33, 39.84, 41.64, 51.52, 54.75, 58.09, 60.13]
time: [5.92, 7.33, 10.04, 15.48, 18.81, 23.18, 37.68, 40.83, 42.21, 47.39, 49.72, 51.33, 54.52, 56.46]
current_hyper_parameter
v: [25.72, 27.03, 16.9, 33.66, 34.67, 19.5, 19.45, 15.7, 24.16, 21.02, 13.08, 32.88, 26.73, 31.48]
a: [86.14, 149.89, 121.75, 136.63, 98.74, 54.79, 43.08, 127.37, 96.11, 58.28, 50.0, 136.24, 50.0, 41.0]
d: [4.46, 6.2, 3.5, 6.42, 3.52, 3.57, 4.84, 6.01, 3.5, 4.51, 3.65, 5.45, 3.5, 2.0]
BEST_hyper_parameter
v: [25.72, 27.03, 16.9, 29.94, 19.52, 19.5, 19.45, 23.23, 23.41, 28.15, 13.08, 16.28, 9.05, 31.48]
a: [86.14, 149.89, 121.75, 50.0, 77.13, 54.79, 43.08, 36.54, 96.11, 58.28, 50.0, 42.11, 50.0, 41.0]
d: [4.46, 6.2, 3.5, 4.93, 4.9, 3.57, 4.84, 6.09, 3.5, 4.51, 3.65, 5.97, 3.5, 2.0]
WIN: random_idx = 2

iteration: 9
best: [5.91, 7.32, 9.52, 12.65, 16.25, 19.71, 34.71, 38.33, 39.84, 41.64, 49.72, 51.33, 54.52, 56.46]
time: [5.9, 7.26, 9.66, 14.77, 19.63, 57.53, 1000, 1000, 1000, 1000, 1000, 1000, 1000, 1000]
current_hyper_parameter
v: [25.72, 27.03, 28.91, 33.66, 34.67, 19.5, 19.45, 15.7, 24.16, 21.02, 13.08, 32.88, 26.73, 31.48]
a: [86.14, 149.89, 108.91, 136.63, 98.74, 54.79, 43.08, 127.37, 96.11, 58.28, 50.0, 136.24, 50.0, 41.0]
d: [4.46, 6.2, 5.5, 6.42, 3.52, 3.57, 4.84, 6.01, 3.5, 4.51, 3.65, 5.45, 3.5, 2.0]
BEST_hyper_parameter
v: [25.72, 27.03, 16.9, 33.66, 34.67, 19.5, 19.45, 15.7, 24.16, 21.02, 13.08, 32.88, 26.73, 31.48]
a: [86.14, 149.89, 121.75, 136.63, 98.74, 54.79, 43.08, 127.37, 96.11, 58.28, 50.0, 136.24, 50.0, 41.0]
d: [4.46, 6.2, 3.5, 6.42, 3.52, 3.57, 4.84, 6.01, 3.5, 4.51, 3.65, 5.45, 3.5, 2.0]

iteration: 10
best: [5.91, 7.32, 9.52, 12.65, 16.25, 19.71, 34.71, 38.33, 39.84, 41.64, 49.72, 51.33, 54.52, 56.46]
time: [5.89, 7.26, 10.0, 1000, 1000, 1000, 1000, 1000, 1000, 1000, 1000, 1000, 1000, 1000]
current_hyper_parameter
v: [25.72, 27.03, 16.9, 33.66, 15.69, 13.71, 15.1, 31.27, 13.55, 12.96, 13.08, 27.76, 16.04, 31.48]
a: [86.14, 149.89, 121.75, 136.63, 98.74, 137.86, 97.7, 131.95, 155.07, 60.83, 50.0, 97.32, 51.07, 41.0]
d: [4.46, 6.2, 3.5, 6.42, 5.42, 3.57, 4.84, 3.56, 6.16, 4.51, 3.65, 5.91, 3.5, 2.0]
BEST_hyper_parameter
v: [25.72, 27.03, 16.9, 33.66, 34.67, 19.5, 19.45, 15.7, 24.16, 21.02, 13.08, 32.88, 26.73, 31.48]
a: [86.14, 149.89, 121.75, 136.63, 98.74, 54.79, 43.08, 127.37, 96.11, 58.28, 50.0, 136.24, 50.0, 41.0]
d: [4.46, 6.2, 3.5, 6.42, 3.52, 3.57, 4.84, 6.01, 3.5, 4.51, 3.65, 5.45, 3.5, 2.0]

iteration: 11
best: [5.91, 7.32, 9.52, 12.65, 16.25, 19.71, 34.71, 38.33, 39.84, 41.64, 49.72, 51.33, 54.52, 56.46]
time: [5.92, 7.31, 10.04, 13.14, 20.14, 23.89, 36.73, 40.69, 42.18, 43.94, 1000, 1000, 1000, 1000]
current_hyper_parameter
v: [25.72, 27.03, 16.9, 26.66, 26.95, 19.5, 32.32, 20.73, 24.16, 29.0, 32.49, 20.25, 13.67, 32.01]
a: [86.14, 149.89, 121.75, 43.07, 39.04, 54.79, 43.08, 37.5, 96.11, 58.28, 149.58, 131.0, 129.81, 125.49]
d: [4.46, 6.2, 3.5, 5.25, 3.52, 3.57, 5.07, 6.01, 3.5, 4.76, 3.65, 5.45, 3.5, 2.0]
BEST_hyper_parameter
v: [25.72, 27.03, 16.9, 33.66, 34.67, 19.5, 19.45, 15.7, 24.16, 21.02, 13.08, 32.88, 26.73, 31.48]
a: [86.14, 149.89, 121.75, 136.63, 98.74, 54.79, 43.08, 127.37, 96.11, 58.28, 50.0, 136.24, 50.0, 41.0]
d: [4.46, 6.2, 3.5, 6.42, 3.52, 3.57, 4.84, 6.01, 3.5, 4.51, 3.65, 5.45, 3.5, 2.0]

iteration: 12
best: [5.91, 7.32, 9.52, 12.65, 16.25, 19.71, 34.71, 38.33, 39.84, 41.64, 49.72, 51.33, 54.52, 56.46]
time: [5.91, 7.22, 9.94, 12.24, 17.45, 21.78, 34.25, 1000, 1000, 1000, 1000, 1000, 1000, 1000]
current_hyper_parameter
v: [25.72, 27.03, 18.75, 33.66, 34.67, 19.5, 20.6, 23.72, 25.35, 12.64, 13.08, 31.45, 29.77, 32.13]
a: [86.14, 149.89, 54.2, 136.63, 98.74, 54.79, 155.66, 29.75, 96.11, 33.08, 50.0, 136.24, 132.01, 148.23]
d: [4.46, 6.2, 3.5, 6.42, 3.52, 3.57, 6.34, 6.01, 4.25, 4.51, 3.65, 5.45, 3.5, 2.0]
BEST_hyper_parameter
v: [25.72, 27.03, 16.9, 33.66, 34.67, 19.5, 19.45, 15.7, 24.16, 21.02, 13.08, 32.88, 26.73, 31.48]
a: [86.14, 149.89, 121.75, 136.63, 98.74, 54.79, 43.08, 127.37, 96.11, 58.28, 50.0, 136.24, 50.0, 41.0]
d: [4.46, 6.2, 3.5, 6.42, 3.52, 3.57, 4.84, 6.01, 3.5, 4.51, 3.65, 5.45, 3.5, 2.0]
mutation at idx = 2

iteration: 13
best: [5.91, 7.32, 9.52, 12.65, 16.25, 19.71, 34.71, 38.33, 39.84, 41.64, 49.72, 51.33, 54.52, 56.46]
time: [5.92, 7.31, 10.39, 15.63, 23.23, 26.99, 44.75, 1000, 1000, 1000, 1000, 1000, 1000, 1000]
current_hyper_parameter
v: [25.72, 27.03, 11.28, 33.66, 11.38, 32.19, 13.46, 15.7, 33.82, 10.64, 14.6, 32.88, 32.41, 31.48]
a: [86.14, 149.89, 61.92, 136.63, 45.33, 54.79, 43.08, 127.37, 20.36, 154.91, 49.28, 136.24, 56.06, 41.0]
d: [4.46, 6.2, 6.02, 6.42, 3.52, 4.75, 4.24, 6.01, 3.5, 6.41, 5.54, 5.45, 6.43, 2.0]
BEST_hyper_parameter
v: [25.72, 27.03, 16.9, 33.66, 34.67, 19.5, 19.45, 15.7, 24.16, 21.02, 13.08, 32.88, 26.73, 31.48]
a: [86.14, 149.89, 121.75, 136.63, 98.74, 54.79, 43.08, 127.37, 96.11, 58.28, 50.0, 136.24, 50.0, 41.0]
d: [4.46, 6.2, 3.5, 6.42, 3.52, 3.57, 4.84, 6.01, 3.5, 4.51, 3.65, 5.45, 3.5, 2.0]

iteration: 14
best: [5.91, 7.32, 9.52, 12.65, 16.25, 19.71, 34.71, 38.33, 39.84, 41.64, 49.72, 51.33, 54.52, 56.46]
time: [5.82, 7.14, 9.71, 13.43, 18.95, 23.61, 37.45, 43.92, 48.75, 50.93, 1000, 1000, 1000, 1000]
current_hyper_parameter
v: [25.72, 27.03, 16.9, 8.64, 34.67, 34.22, 32.31, 15.7, 9.83, 20.28, 10.35, 31.96, 11.43, 30.76]
a: [86.14, 149.89, 121.75, 136.63, 98.74, 41.21, 39.24, 127.37, 96.11, 58.28, 50.0, 98.94, 85.89, 122.97]
d: [4.46, 6.2, 3.5, 6.33, 3.52, 3.57, 6.32, 6.01, 4.94, 5.1, 5.59, 3.91, 5.65, 2.0]
BEST_hyper_parameter
v: [25.72, 27.03, 16.9, 33.66, 34.67, 19.5, 19.45, 15.7, 24.16, 21.02, 13.08, 32.88, 26.73, 31.48]
a: [86.14, 149.89, 121.75, 136.63, 98.74, 54.79, 43.08, 127.37, 96.11, 58.28, 50.0, 136.24, 50.0, 41.0]
d: [4.46, 6.2, 3.5, 6.42, 3.52, 3.57, 4.84, 6.01, 3.5, 4.51, 3.65, 5.45, 3.5, 2.0]

iteration: 15
best: [5.91, 7.32, 9.52, 12.65, 16.25, 19.71, 34.71, 38.33, 39.84, 41.64, 49.72, 51.33, 54.52, 56.46]
time: [5.92, 7.33, 10.04, 15.91, 22.95, 26.52, 41.46, 45.37, 46.75, 51.4, 1000, 1000, 1000, 1000]
current_hyper_parameter
v: [25.72, 27.03, 16.9, 14.29, 14.04, 19.5, 19.45, 10.62, 21.63, 13.84, 13.08, 15.82, 26.73, 13.16]
a: [86.14, 149.89, 121.75, 136.63, 28.83, 54.79, 43.08, 46.53, 150.67, 58.28, 50.0, 97.61, 50.0, 85.17]
d: [4.46, 6.2, 3.5, 4.57, 4.04, 3.57, 4.84, 6.01, 3.5, 5.84, 3.65, 3.88, 3.5, 2.0]
BEST_hyper_parameter
v: [25.72, 27.03, 16.9, 33.66, 34.67, 19.5, 19.45, 15.7, 24.16, 21.02, 13.08, 32.88, 26.73, 31.48]
a: [86.14, 149.89, 121.75, 136.63, 98.74, 54.79, 43.08, 127.37, 96.11, 58.28, 50.0, 136.24, 50.0, 41.0]
d: [4.46, 6.2, 3.5, 6.42, 3.52, 3.57, 4.84, 6.01, 3.5, 4.51, 3.65, 5.45, 3.5, 2.0]
mutation at idx = 1

iteration: 16
best: [5.91, 7.32, 9.52, 12.65, 16.25, 19.71, 34.71, 38.33, 39.84, 41.64, 49.72, 51.33, 54.52, 56.46]
time: [5.97, 7.89, 11.04, 14.53, 16.88, 21.8, 37.12, 39.66, 1000, 1000, 1000, 1000, 1000, 1000]
current_hyper_parameter
v: [25.72, 17.06, 16.35, 27.3, 33.74, 19.5, 17.9, 27.14, 32.02, 21.02, 9.64, 32.88, 26.73, 33.05]
a: [86.14, 96.45, 121.75, 28.0, 152.99, 54.79, 43.08, 127.37, 96.11, 58.28, 50.0, 136.24, 50.0, 52.41]
d: [4.46, 6.2, 3.5, 6.16, 6.19, 3.57, 4.53, 6.01, 3.5, 4.51, 3.65, 5.45, 3.5, 2.0]
BEST_hyper_parameter
v: [25.72, 27.03, 16.9, 33.66, 34.67, 19.5, 19.45, 15.7, 24.16, 21.02, 13.08, 32.88, 26.73, 31.48]
a: [86.14, 149.89, 121.75, 136.63, 98.74, 54.79, 43.08, 127.37, 96.11, 58.28, 50.0, 136.24, 50.0, 41.0]
d: [4.46, 6.2, 3.5, 6.42, 3.52, 3.57, 4.84, 6.01, 3.5, 4.51, 3.65, 5.45, 3.5, 2.0]
mutation at idx = 0

iteration: 17
best: [5.91, 7.32, 9.52, 12.65, 16.25, 19.71, 34.71, 38.33, 39.84, 41.64, 49.72, 51.33, 54.52, 56.46]
time: [5.8, 7.24, 9.6, 1000, 1000, 1000, 1000, 1000, 1000, 1000, 1000, 1000, 1000, 1000]
current_hyper_parameter
v: [23.97, 21.02, 28.96, 33.66, 14.0, 30.93, 30.57, 15.7, 18.02, 21.02, 13.08, 11.52, 17.07, 30.65]
a: [127.87, 125.63, 121.75, 136.63, 98.74, 127.58, 43.08, 127.37, 67.51, 58.28, 50.0, 47.36, 24.5, 41.0]
d: [4.46, 6.2, 5.05, 6.42, 3.52, 3.57, 4.84, 6.01, 3.5, 4.51, 3.65, 3.59, 3.5, 2.0]
BEST_hyper_parameter
v: [25.72, 27.03, 16.9, 33.66, 34.67, 19.5, 19.45, 15.7, 24.16, 21.02, 13.08, 32.88, 26.73, 31.48]
a: [86.14, 149.89, 121.75, 136.63, 98.74, 54.79, 43.08, 127.37, 96.11, 58.28, 50.0, 136.24, 50.0, 41.0]
d: [4.46, 6.2, 3.5, 6.42, 3.52, 3.57, 4.84, 6.01, 3.5, 4.51, 3.65, 5.45, 3.5, 2.0]

iteration: 18
best: [5.91, 7.32, 9.52, 12.65, 16.25, 19.71, 34.71, 38.33, 39.84, 41.64, 49.72, 51.33, 54.52, 56.46]
time: [5.93, 7.33, 10.03, 13.36, 1000, 1000, 1000, 1000, 1000, 1000, 1000, 1000, 1000, 1000]
current_hyper_parameter
v: [25.72, 27.03, 16.9, 10.57, 24.95, 28.38, 13.99, 28.38, 28.51, 11.53, 13.08, 15.53, 17.4, 25.44]
a: [86.14, 149.89, 121.75, 30.26, 98.74, 46.42, 41.33, 154.22, 89.82, 58.28, 50.0, 136.24, 157.39, 41.38]
d: [4.46, 6.2, 3.5, 6.42, 3.52, 5.11, 4.84, 6.01, 3.5, 4.51, 3.65, 5.24, 5.22, 2.0]
BEST_hyper_parameter
v: [25.72, 27.03, 16.9, 33.66, 34.67, 19.5, 19.45, 15.7, 24.16, 21.02, 13.08, 32.88, 26.73, 31.48]
a: [86.14, 149.89, 121.75, 136.63, 98.74, 54.79, 43.08, 127.37, 96.11, 58.28, 50.0, 136.24, 50.0, 41.0]
d: [4.46, 6.2, 3.5, 6.42, 3.52, 3.57, 4.84, 6.01, 3.5, 4.51, 3.65, 5.45, 3.5, 2.0]

iteration: 19
best: [5.91, 7.32, 9.52, 12.65, 16.25, 19.71, 34.71, 38.33, 39.84, 41.64, 49.72, 51.33, 54.52, 56.46]
time: [5.93, 7.31, 10.61, 13.33, 1000, 1000, 1000, 1000, 1000, 1000, 1000, 1000, 1000, 1000]
current_hyper_parameter
v: [25.72, 27.03, 9.48, 19.1, 34.67, 9.46, 19.45, 19.48, 16.07, 21.02, 13.08, 14.19, 24.0, 31.48]
a: [86.14, 149.89, 68.55, 136.63, 98.74, 144.43, 43.08, 127.37, 102.4, 58.28, 50.0, 31.05, 95.94, 41.0]
d: [4.46, 6.2, 3.5, 5.42, 3.52, 4.08, 4.84, 5.86, 3.5, 4.51, 3.65, 6.46, 3.5, 2.0]
BEST_hyper_parameter
v: [25.72, 27.03, 16.9, 33.66, 34.67, 19.5, 19.45, 15.7, 24.16, 21.02, 13.08, 32.88, 26.73, 31.48]
a: [86.14, 149.89, 121.75, 136.63, 98.74, 54.79, 43.08, 127.37, 96.11, 58.28, 50.0, 136.24, 50.0, 41.0]
d: [4.46, 6.2, 3.5, 6.42, 3.52, 3.57, 4.84, 6.01, 3.5, 4.51, 3.65, 5.45, 3.5, 2.0]

iteration: 20
best: [5.91, 7.32, 9.52, 12.65, 16.25, 19.71, 34.71, 38.33, 39.84, 41.64, 49.72, 51.33, 54.52, 56.46]
time: [5.92, 7.31, 10.04, 12.23, 1000, 1000, 1000, 1000, 1000, 1000, 1000, 1000, 1000, 1000]
current_hyper_parameter
v: [25.72, 27.03, 16.9, 29.35, 18.53, 22.15, 19.45, 13.44, 18.49, 13.78, 16.1, 13.5, 26.73, 12.14]
a: [86.14, 149.89, 121.75, 136.63, 136.81, 54.79, 43.08, 127.37, 124.29, 29.41, 80.35, 74.31, 50.0, 41.0]
d: [4.46, 6.2, 3.5, 3.65, 3.52, 3.57, 4.84, 4.52, 4.15, 5.27, 3.65, 4.5, 3.5, 2.0]
BEST_hyper_parameter
v: [25.72, 27.03, 16.9, 33.66, 34.67, 19.5, 19.45, 15.7, 24.16, 21.02, 13.08, 32.88, 26.73, 31.48]
a: [86.14, 149.89, 121.75, 136.63, 98.74, 54.79, 43.08, 127.37, 96.11, 58.28, 50.0, 136.24, 50.0, 41.0]
d: [4.46, 6.2, 3.5, 6.42, 3.52, 3.57, 4.84, 6.01, 3.5, 4.51, 3.65, 5.45, 3.5, 2.0]

iteration: 21
best: [5.91, 7.32, 9.52, 12.65, 16.25, 19.71, 34.71, 38.33, 39.84, 41.64, 49.72, 51.33, 54.52, 56.46]
time: [5.91, 7.31, 9.82, 11.84, 1000, 1000, 1000, 1000, 1000, 1000, 1000, 1000, 1000, 1000]
current_hyper_parameter
v: [25.72, 27.03, 19.07, 22.35, 33.75, 19.57, 19.45, 15.7, 24.16, 29.42, 33.09, 28.31, 26.73, 12.33]
a: [86.14, 149.89, 150.09, 136.92, 98.74, 54.79, 43.08, 127.37, 96.11, 58.28, 141.1, 92.8, 50.0, 41.0]
d: [4.46, 6.2, 6.32, 6.42, 6.4, 3.57, 4.84, 6.01, 3.5, 6.23, 4.88, 5.45, 3.5, 2.0]
BEST_hyper_parameter
v: [25.72, 27.03, 16.9, 33.66, 34.67, 19.5, 19.45, 15.7, 24.16, 21.02, 13.08, 32.88, 26.73, 31.48]
a: [86.14, 149.89, 121.75, 136.63, 98.74, 54.79, 43.08, 127.37, 96.11, 58.28, 50.0, 136.24, 50.0, 41.0]
d: [4.46, 6.2, 3.5, 6.42, 3.52, 3.57, 4.84, 6.01, 3.5, 4.51, 3.65, 5.45, 3.5, 2.0]

iteration: 22
best: [5.91, 7.32, 9.52, 11.84, 16.25, 19.71, 34.71, 38.33, 39.84, 41.64, 49.72, 51.33, 54.52, 56.46]
time: [5.92, 7.34, 10.05, 15.37, 17.74, 21.86, 35.68, 46.67, 56.5, 1000, 1000, 1000, 1000, 1000]
current_hyper_parameter
v: [25.72, 27.03, 16.9, 22.35, 20.3, 15.5, 19.45, 15.7, 11.9, 15.79, 28.81, 26.9, 26.73, 34.14]
a: [86.14, 149.89, 121.75, 136.92, 98.74, 84.65, 43.08, 127.37, 53.56, 58.28, 60.72, 63.16, 50.0, 69.58]
d: [4.46, 6.2, 3.5, 6.42, 3.52, 4.05, 4.84, 6.01, 5.17, 4.51, 3.65, 4.78, 3.5, 2.0]
BEST_hyper_parameter
v: [25.72, 27.03, 16.9, 22.35, 34.67, 19.5, 19.45, 15.7, 24.16, 21.02, 13.08, 32.88, 26.73, 31.48]
a: [86.14, 149.89, 121.75, 136.92, 98.74, 54.79, 43.08, 127.37, 96.11, 58.28, 50.0, 136.24, 50.0, 41.0]
d: [4.46, 6.2, 3.5, 6.42, 3.52, 3.57, 4.84, 6.01, 3.5, 4.51, 3.65, 5.45, 3.5, 2.0]
mutation at idx = 0

iteration: 23
best: [5.91, 7.32, 9.52, 11.84, 16.25, 19.71, 34.71, 38.33, 39.84, 41.64, 49.72, 51.33, 54.52, 56.46]
time: [6.28, 7.72, 10.33, 13.4, 16.75, 19.99, 34.13, 41.12, 43.25, 44.97, 57.22, 1000, 1000, 1000]
current_hyper_parameter
v: [12.16, 27.03, 16.9, 9.43, 17.66, 31.29, 18.62, 9.75, 12.34, 26.77, 17.32, 26.21, 28.64, 31.48]
a: [86.14, 149.89, 121.75, 119.82, 62.07, 70.48, 43.08, 127.37, 136.08, 79.21, 50.0, 147.52, 148.91, 41.0]
d: [4.73, 6.2, 3.5, 6.27, 3.52, 4.32, 4.84, 3.97, 5.36, 4.51, 3.65, 5.45, 3.96, 2.0]
BEST_hyper_parameter
v: [25.72, 27.03, 16.9, 22.35, 34.67, 19.5, 19.45, 15.7, 24.16, 21.02, 13.08, 32.88, 26.73, 31.48]
a: [86.14, 149.89, 121.75, 136.92, 98.74, 54.79, 43.08, 127.37, 96.11, 58.28, 50.0, 136.24, 50.0, 41.0]
d: [4.46, 6.2, 3.5, 6.42, 3.52, 3.57, 4.84, 6.01, 3.5, 4.51, 3.65, 5.45, 3.5, 2.0]

iteration: 24
best: [5.91, 7.32, 9.52, 11.84, 16.25, 19.71, 34.71, 38.33, 39.84, 41.64, 49.72, 51.33, 54.52, 56.46]
time: [5.83, 7.19, 9.63, 16.69, 19.71, 23.61, 35.01, 38.87, 40.4, 1000, 1000, 1000, 1000, 1000]
current_hyper_parameter
v: [25.72, 27.03, 23.19, 22.35, 34.67, 18.91, 34.48, 9.38, 29.91, 15.89, 22.13, 32.88, 31.59, 31.48]
a: [86.14, 149.89, 124.94, 136.92, 98.74, 120.18, 43.08, 78.67, 137.64, 26.45, 71.3, 136.24, 128.55, 41.0]
d: [4.46, 6.2, 3.5, 6.42, 3.52, 3.57, 4.21, 4.74, 5.95, 4.6, 3.65, 5.45, 3.5, 2.0]
BEST_hyper_parameter
v: [25.72, 27.03, 16.9, 22.35, 34.67, 19.5, 19.45, 15.7, 24.16, 21.02, 13.08, 32.88, 26.73, 31.48]
a: [86.14, 149.89, 121.75, 136.92, 98.74, 54.79, 43.08, 127.37, 96.11, 58.28, 50.0, 136.24, 50.0, 41.0]
d: [4.46, 6.2, 3.5, 6.42, 3.52, 3.57, 4.84, 6.01, 3.5, 4.51, 3.65, 5.45, 3.5, 2.0]

iteration: 25
best: [5.91, 7.32, 9.52, 11.84, 16.25, 19.71, 34.71, 38.33, 39.84, 41.64, 49.72, 51.33, 54.52, 56.46]
time: [5.92, 7.32, 10.04, 12.35, 1000, 1000, 1000, 1000, 1000, 1000, 1000, 1000, 1000, 1000]
current_hyper_parameter
v: [25.72, 27.03, 16.9, 22.11, 28.5, 10.4, 24.85, 15.7, 22.08, 21.02, 20.31, 32.88, 27.59, 17.73]
a: [86.14, 149.89, 121.75, 136.92, 98.74, 50.49, 94.67, 127.37, 96.11, 58.28, 21.64, 136.24, 85.1, 41.0]
d: [4.46, 6.2, 3.5, 6.42, 3.56, 5.02, 4.84, 6.01, 3.5, 4.51, 3.65, 5.45, 5.93, 2.0]
BEST_hyper_parameter
v: [25.72, 27.03, 16.9, 22.35, 34.67, 19.5, 19.45, 15.7, 24.16, 21.02, 13.08, 32.88, 26.73, 31.48]
a: [86.14, 149.89, 121.75, 136.92, 98.74, 54.79, 43.08, 127.37, 96.11, 58.28, 50.0, 136.24, 50.0, 41.0]
d: [4.46, 6.2, 3.5, 6.42, 3.52, 3.57, 4.84, 6.01, 3.5, 4.51, 3.65, 5.45, 3.5, 2.0]

iteration: 26
best: [5.91, 7.32, 9.52, 11.84, 16.25, 19.71, 34.71, 38.33, 39.84, 41.64, 49.72, 51.33, 54.52, 56.46]
time: [5.94, 7.33, 9.79, 15.31, 21.29, 26.01, 37.43, 39.87, 1000, 1000, 1000, 1000, 1000, 1000]
current_hyper_parameter
v: [25.72, 27.03, 23.12, 28.78, 31.42, 21.42, 24.72, 34.45, 28.71, 24.19, 13.08, 18.79, 14.43, 34.38]
a: [86.14, 149.89, 121.75, 136.92, 98.74, 54.79, 93.0, 126.63, 89.01, 97.63, 50.0, 139.36, 50.0, 41.0]
d: [4.46, 6.2, 3.5, 5.19, 3.52, 3.57, 6.01, 4.63, 3.5, 5.79, 3.65, 5.45, 3.5, 2.0]
BEST_hyper_parameter
v: [25.72, 27.03, 16.9, 22.35, 34.67, 19.5, 19.45, 15.7, 24.16, 21.02, 13.08, 32.88, 26.73, 31.48]
a: [86.14, 149.89, 121.75, 136.92, 98.74, 54.79, 43.08, 127.37, 96.11, 58.28, 50.0, 136.24, 50.0, 41.0]
d: [4.46, 6.2, 3.5, 6.42, 3.52, 3.57, 4.84, 6.01, 3.5, 4.51, 3.65, 5.45, 3.5, 2.0]

iteration: 27
best: [5.91, 7.32, 9.52, 11.84, 16.25, 19.71, 34.71, 38.33, 39.84, 41.64, 49.72, 51.33, 54.52, 56.46]
time: [5.92, 7.34, 10.07, 12.38, 14.81, 18.25, 31.09, 34.24, 35.63, 37.3, 1000, 1000, 1000, 1000]
current_hyper_parameter
v: [25.72, 27.03, 16.9, 23.03, 34.67, 31.72, 14.85, 15.7, 24.16, 28.35, 29.88, 18.3, 11.27, 28.54]
a: [86.14, 149.89, 121.75, 136.92, 98.74, 159.41, 91.76, 127.37, 96.11, 95.6, 50.0, 60.58, 84.47, 41.0]
d: [4.46, 6.2, 3.5, 4.37, 3.52, 4.36, 4.84, 6.01, 3.5, 4.51, 5.33, 4.93, 3.5, 2.0]
BEST_hyper_parameter
v: [25.72, 27.03, 16.9, 22.35, 34.67, 19.5, 19.45, 15.7, 24.16, 21.02, 13.08, 32.88, 26.73, 31.48]
a: [86.14, 149.89, 121.75, 136.92, 98.74, 54.79, 43.08, 127.37, 96.11, 58.28, 50.0, 136.24, 50.0, 41.0]
d: [4.46, 6.2, 3.5, 6.42, 3.52, 3.57, 4.84, 6.01, 3.5, 4.51, 3.65, 5.45, 3.5, 2.0]

iteration: 28
best: [5.91, 7.32, 9.52, 11.84, 16.25, 19.71, 34.71, 38.33, 39.84, 41.64, 49.72, 51.33, 54.52, 56.46]
time: [5.91, 7.32, 10.21, 15.6, 1000, 1000, 1000, 1000, 1000, 1000, 1000, 1000, 1000, 1000]
current_hyper_parameter
v: [25.72, 27.03, 19.86, 22.35, 31.35, 21.08, 19.45, 15.7, 25.6, 19.24, 25.96, 22.24, 18.83, 30.4]
a: [86.14, 149.89, 50.89, 136.92, 98.74, 140.73, 43.08, 127.37, 57.77, 58.28, 50.0, 136.24, 50.0, 134.38]
d: [4.46, 6.2, 4.26, 6.42, 6.36, 4.04, 4.84, 6.01, 3.5, 4.51, 3.65, 5.38, 6.45, 2.0]
BEST_hyper_parameter
v: [25.72, 27.03, 16.9, 22.35, 34.67, 19.5, 19.45, 15.7, 24.16, 21.02, 13.08, 32.88, 26.73, 31.48]
a: [86.14, 149.89, 121.75, 136.92, 98.74, 54.79, 43.08, 127.37, 96.11, 58.28, 50.0, 136.24, 50.0, 41.0]
d: [4.46, 6.2, 3.5, 6.42, 3.52, 3.57, 4.84, 6.01, 3.5, 4.51, 3.65, 5.45, 3.5, 2.0]
mutation at idx = 1

iteration: 29
best: [5.91, 7.32, 9.52, 11.84, 16.25, 19.71, 34.71, 38.33, 39.84, 41.64, 49.72, 51.33, 54.52, 56.46]
time: [5.87, 7.4, 9.69, 15.09, 1000, 1000, 1000, 1000, 1000, 1000, 1000, 1000, 1000, 1000]
current_hyper_parameter
v: [25.72, 17.53, 33.27, 14.8, 11.34, 26.4, 13.86, 12.79, 33.46, 21.02, 13.08, 12.82, 9.21, 8.68]
a: [86.14, 149.89, 121.75, 143.17, 98.74, 159.95, 114.67, 32.75, 96.11, 58.28, 50.0, 74.47, 50.0, 36.91]
d: [4.46, 6.28, 6.17, 4.66, 5.45, 6.13, 4.84, 6.13, 5.26, 4.51, 3.65, 5.45, 5.29, 2.0]
BEST_hyper_parameter
v: [25.72, 27.03, 16.9, 22.35, 34.67, 19.5, 19.45, 15.7, 24.16, 21.02, 13.08, 32.88, 26.73, 31.48]
a: [86.14, 149.89, 121.75, 136.92, 98.74, 54.79, 43.08, 127.37, 96.11, 58.28, 50.0, 136.24, 50.0, 41.0]
d: [4.46, 6.2, 3.5, 6.42, 3.52, 3.57, 4.84, 6.01, 3.5, 4.51, 3.65, 5.45, 3.5, 2.0]
mutation at idx = 2

iteration: 30
best: [5.91, 7.32, 9.52, 11.84, 16.25, 19.71, 34.71, 38.33, 39.84, 41.64, 49.72, 51.33, 54.52, 56.46]
time: [5.92, 7.32, 1000, 1000, 1000, 1000, 1000, 1000, 1000, 1000, 1000, 1000, 1000, 1000]
current_hyper_parameter
v: [25.72, 27.03, 9.35, 15.41, 17.67, 22.29, 20.34, 15.7, 33.47, 14.54, 10.18, 34.84, 28.7, 31.48]
a: [86.14, 149.89, 26.1, 115.26, 98.74, 59.7, 30.35, 127.37, 47.04, 58.28, 75.89, 136.24, 80.05, 41.0]
d: [4.46, 6.2, 5.22, 6.42, 4.68, 3.57, 4.84, 6.01, 3.5, 3.52, 3.65, 5.45, 3.5, 2.0]
BEST_hyper_parameter
v: [25.72, 27.03, 16.9, 22.35, 34.67, 19.5, 19.45, 15.7, 24.16, 21.02, 13.08, 32.88, 26.73, 31.48]
a: [86.14, 149.89, 121.75, 136.92, 98.74, 54.79, 43.08, 127.37, 96.11, 58.28, 50.0, 136.24, 50.0, 41.0]
d: [4.46, 6.2, 3.5, 6.42, 3.52, 3.57, 4.84, 6.01, 3.5, 4.51, 3.65, 5.45, 3.5, 2.0]

iteration: 31
best: [5.91, 7.32, 9.52, 11.84, 16.25, 19.71, 34.71, 38.33, 39.84, 41.64, 49.72, 51.33, 54.52, 56.46]
time: [5.92, 7.32, 10.03, 12.94, 15.27, 19.83, 34.52, 37.85, 39.52, 41.47, 1000, 1000, 1000, 1000]
current_hyper_parameter
v: [25.72, 27.03, 16.9, 12.27, 23.68, 26.76, 18.61, 14.19, 13.6, 21.02, 16.36, 20.63, 11.53, 13.17]
a: [86.14, 149.89, 121.75, 112.3, 157.4, 54.79, 48.62, 116.39, 101.47, 58.28, 23.89, 89.89, 79.67, 41.0]
d: [4.46, 6.2, 3.5, 6.42, 4.62, 3.57, 4.84, 6.01, 4.62, 4.51, 3.65, 3.55, 4.99, 2.0]
BEST_hyper_parameter
v: [25.72, 27.03, 16.9, 22.35, 34.67, 19.5, 19.45, 15.7, 24.16, 21.02, 13.08, 32.88, 26.73, 31.48]
a: [86.14, 149.89, 121.75, 136.92, 98.74, 54.79, 43.08, 127.37, 96.11, 58.28, 50.0, 136.24, 50.0, 41.0]
d: [4.46, 6.2, 3.5, 6.42, 3.52, 3.57, 4.84, 6.01, 3.5, 4.51, 3.65, 5.45, 3.5, 2.0]

iteration: 32
best: [5.91, 7.32, 9.52, 11.84, 16.25, 19.71, 34.71, 38.33, 39.84, 41.64, 49.72, 51.33, 54.52, 56.46]
time: [5.92, 7.32, 9.76, 14.9, 20.52, 23.95, 40.97, 43.55, 1000, 1000, 1000, 1000, 1000, 1000]
current_hyper_parameter
v: [25.72, 27.03, 27.91, 22.35, 28.34, 24.58, 14.96, 32.43, 24.16, 22.06, 29.74, 34.72, 26.43, 26.07]
a: [86.14, 149.89, 92.89, 136.92, 62.3, 54.79, 42.55, 127.37, 96.11, 134.47, 50.0, 136.24, 78.55, 41.0]
d: [4.46, 6.2, 6.1, 6.42, 6.43, 4.59, 4.84, 6.01, 3.5, 4.82, 5.3, 6.33, 4.0, 2.0]
BEST_hyper_parameter
v: [25.72, 27.03, 16.9, 22.35, 34.67, 19.5, 19.45, 15.7, 24.16, 21.02, 13.08, 32.88, 26.73, 31.48]
a: [86.14, 149.89, 121.75, 136.92, 98.74, 54.79, 43.08, 127.37, 96.11, 58.28, 50.0, 136.24, 50.0, 41.0]
d: [4.46, 6.2, 3.5, 6.42, 3.52, 3.57, 4.84, 6.01, 3.5, 4.51, 3.65, 5.45, 3.5, 2.0]

iteration: 33
best: [5.91, 7.32, 9.52, 11.84, 16.25, 19.71, 34.71, 38.33, 39.84, 41.64, 49.72, 51.33, 54.52, 56.46]
time: [5.84, 7.14, 9.7, 12.91, 1000, 1000, 1000, 1000, 1000, 1000, 1000, 1000, 1000, 1000]
current_hyper_parameter
v: [25.72, 27.03, 16.9, 8.59, 18.06, 23.93, 13.26, 13.15, 16.26, 19.61, 14.61, 28.35, 26.73, 34.61]
a: [86.14, 149.89, 121.75, 136.92, 147.15, 121.25, 89.18, 123.85, 95.09, 58.28, 49.86, 88.14, 50.0, 41.0]
d: [4.46, 6.2, 3.5, 6.42, 4.27, 3.57, 5.67, 6.01, 5.69, 3.64, 5.5, 6.47, 3.5, 2.0]
BEST_hyper_parameter
v: [25.72, 27.03, 16.9, 22.35, 34.67, 19.5, 19.45, 15.7, 24.16, 21.02, 13.08, 32.88, 26.73, 31.48]
a: [86.14, 149.89, 121.75, 136.92, 98.74, 54.79, 43.08, 127.37, 96.11, 58.28, 50.0, 136.24, 50.0, 41.0]
d: [4.46, 6.2, 3.5, 6.42, 3.52, 3.57, 4.84, 6.01, 3.5, 4.51, 3.65, 5.45, 3.5, 2.0]

iteration: 34
best: [5.91, 7.32, 9.52, 11.84, 16.25, 19.71, 34.71, 38.33, 39.84, 41.64, 49.72, 51.33, 54.52, 56.46]
time: [5.83, 7.14, 9.7, 19.84, 26.0, 29.63, 42.87, 49.51, 56.49, 1000, 1000, 1000, 1000, 1000]
current_hyper_parameter
v: [25.72, 27.03, 16.9, 22.35, 34.4, 28.79, 19.45, 14.85, 11.13, 22.91, 13.08, 33.82, 26.73, 13.05]
a: [86.14, 149.89, 121.75, 136.92, 98.74, 77.65, 43.08, 76.09, 55.56, 47.54, 50.0, 39.95, 50.0, 32.3]
d: [4.46, 6.2, 3.5, 6.42, 3.52, 5.15, 4.84, 6.21, 3.53, 5.69, 3.65, 5.45, 3.5, 2.0]
BEST_hyper_parameter
v: [25.72, 27.03, 16.9, 22.35, 34.67, 19.5, 19.45, 15.7, 24.16, 21.02, 13.08, 32.88, 26.73, 31.48]
a: [86.14, 149.89, 121.75, 136.92, 98.74, 54.79, 43.08, 127.37, 96.11, 58.28, 50.0, 136.24, 50.0, 41.0]
d: [4.46, 6.2, 3.5, 6.42, 3.52, 3.57, 4.84, 6.01, 3.5, 4.51, 3.65, 5.45, 3.5, 2.0]

iteration: 35
best: [5.91, 7.32, 9.52, 11.84, 16.25, 19.71, 34.71, 38.33, 39.84, 41.64, 49.72, 51.33, 54.52, 56.46]
time: [5.91, 7.33, 10.05, 12.27, 14.83, 20.49, 46.51, 49.7, 54.52, 1000, 1000, 1000, 1000, 1000]
current_hyper_parameter
v: [25.72, 27.03, 16.9, 27.91, 16.66, 22.12, 11.31, 15.7, 15.8, 16.96, 13.08, 32.88, 16.0, 27.89]
a: [86.14, 149.89, 121.75, 127.59, 98.74, 27.83, 49.51, 127.37, 70.6, 87.57, 50.0, 136.24, 50.0, 41.0]
d: [4.46, 6.2, 3.5, 4.48, 3.52, 5.84, 4.84, 6.01, 5.69, 3.95, 3.65, 5.45, 4.93, 2.0]
BEST_hyper_parameter
v: [25.72, 27.03, 16.9, 22.35, 34.67, 19.5, 19.45, 15.7, 24.16, 21.02, 13.08, 32.88, 26.73, 31.48]
a: [86.14, 149.89, 121.75, 136.92, 98.74, 54.79, 43.08, 127.37, 96.11, 58.28, 50.0, 136.24, 50.0, 41.0]
d: [4.46, 6.2, 3.5, 6.42, 3.52, 3.57, 4.84, 6.01, 3.5, 4.51, 3.65, 5.45, 3.5, 2.0]

iteration: 36
best: [5.91, 7.32, 9.52, 11.84, 16.25, 19.71, 34.71, 38.33, 39.84, 41.64, 49.72, 51.33, 54.52, 56.46]
time: [5.96, 7.51, 9.84, 12.99, 1000, 1000, 1000, 1000, 1000, 1000, 1000, 1000, 1000, 1000]
current_hyper_parameter
v: [25.72, 27.03, 26.42, 28.87, 9.07, 19.5, 19.45, 11.17, 8.94, 21.02, 14.88, 12.99, 10.79, 24.45]
a: [86.14, 149.89, 121.75, 37.15, 155.16, 54.79, 43.08, 125.15, 74.49, 58.28, 50.0, 136.24, 50.0, 25.96]
d: [4.46, 6.2, 4.77, 6.17, 6.03, 3.57, 4.84, 4.49, 6.27, 4.51, 5.61, 4.24, 3.5, 2.0]
BEST_hyper_parameter
v: [25.72, 27.03, 16.9, 22.35, 34.67, 19.5, 19.45, 15.7, 24.16, 21.02, 13.08, 32.88, 26.73, 31.48]
a: [86.14, 149.89, 121.75, 136.92, 98.74, 54.79, 43.08, 127.37, 96.11, 58.28, 50.0, 136.24, 50.0, 41.0]
d: [4.46, 6.2, 3.5, 6.42, 3.52, 3.57, 4.84, 6.01, 3.5, 4.51, 3.65, 5.45, 3.5, 2.0]

iteration: 37
best: [5.91, 7.32, 9.52, 11.84, 16.25, 19.71, 34.71, 38.33, 39.84, 41.64, 49.72, 51.33, 54.52, 56.46]
time: [5.82, 7.18, 9.95, 16.02, 22.61, 27.59, 42.26, 52.75, 55.22, 57.12, 1000, 1000, 1000, 1000]
current_hyper_parameter
v: [25.72, 27.03, 16.9, 17.82, 26.94, 32.95, 19.45, 34.26, 27.94, 19.48, 34.48, 32.08, 26.73, 20.62]
a: [86.14, 149.89, 121.75, 144.74, 157.25, 54.79, 43.08, 127.37, 59.61, 83.92, 50.0, 136.24, 50.0, 148.4]
d: [4.46, 6.2, 3.5, 6.42, 3.52, 5.02, 4.84, 4.78, 3.5, 4.51, 4.46, 5.06, 3.5, 2.0]
BEST_hyper_parameter
v: [25.72, 27.03, 16.9, 22.35, 34.67, 19.5, 19.45, 15.7, 24.16, 21.02, 13.08, 32.88, 26.73, 31.48]
a: [86.14, 149.89, 121.75, 136.92, 98.74, 54.79, 43.08, 127.37, 96.11, 58.28, 50.0, 136.24, 50.0, 41.0]
d: [4.46, 6.2, 3.5, 6.42, 3.52, 3.57, 4.84, 6.01, 3.5, 4.51, 3.65, 5.45, 3.5, 2.0]
mutation at idx = 2

iteration: 38
best: [5.91, 7.32, 9.52, 11.84, 16.25, 19.71, 34.71, 38.33, 39.84, 41.64, 49.72, 51.33, 54.52, 56.46]
time: [5.96, 7.52, 10.43, 14.43, 16.69, 21.85, 37.24, 40.54, 42.17, 1000, 1000, 1000, 1000, 1000]
current_hyper_parameter
v: [25.72, 27.03, 19.95, 11.9, 33.56, 19.5, 20.93, 15.7, 24.16, 24.65, 30.2, 13.47, 29.79, 21.01]
a: [86.14, 149.89, 42.42, 136.92, 133.48, 54.79, 25.55, 127.37, 96.11, 123.96, 71.82, 80.99, 132.63, 41.0]
d: [4.46, 6.2, 3.5, 6.42, 3.52, 3.57, 4.59, 6.01, 3.5, 4.51, 5.36, 5.67, 4.65, 2.0]
BEST_hyper_parameter
v: [25.72, 27.03, 16.9, 22.35, 34.67, 19.5, 19.45, 15.7, 24.16, 21.02, 13.08, 32.88, 26.73, 31.48]
a: [86.14, 149.89, 121.75, 136.92, 98.74, 54.79, 43.08, 127.37, 96.11, 58.28, 50.0, 136.24, 50.0, 41.0]
d: [4.46, 6.2, 3.5, 6.42, 3.52, 3.57, 4.84, 6.01, 3.5, 4.51, 3.65, 5.45, 3.5, 2.0]

iteration: 39
best: [5.91, 7.32, 9.52, 11.84, 16.25, 19.71, 34.71, 38.33, 39.84, 41.64, 49.72, 51.33, 54.52, 56.46]
time: [5.83, 7.18, 9.82, 15.75, 26.74, 30.59, 43.37, 46.56, 48.14, 50.04, 54.95, 1000, 1000, 1000]
current_hyper_parameter
v: [25.72, 27.03, 30.46, 14.04, 19.46, 16.66, 21.06, 24.15, 21.7, 21.02, 13.08, 23.94, 33.51, 25.32]
a: [86.14, 149.89, 78.87, 136.92, 25.89, 54.79, 114.49, 55.68, 96.11, 58.28, 50.0, 38.53, 77.92, 41.0]
d: [4.46, 6.2, 4.74, 6.42, 3.52, 3.84, 4.84, 5.9, 4.51, 4.51, 3.65, 3.91, 5.27, 2.0]
BEST_hyper_parameter
v: [25.72, 27.03, 16.9, 22.35, 34.67, 19.5, 19.45, 15.7, 24.16, 21.02, 13.08, 32.88, 26.73, 31.48]
a: [86.14, 149.89, 121.75, 136.92, 98.74, 54.79, 43.08, 127.37, 96.11, 58.28, 50.0, 136.24, 50.0, 41.0]
d: [4.46, 6.2, 3.5, 6.42, 3.52, 3.57, 4.84, 6.01, 3.5, 4.51, 3.65, 5.45, 3.5, 2.0]

iteration: 40
best: [5.91, 7.32, 9.52, 11.84, 16.25, 19.71, 34.71, 38.33, 39.84, 41.64, 49.72, 51.33, 54.52, 56.46]
time: [5.92, 7.32, 10.05, 12.35, 1000, 1000, 1000, 1000, 1000, 1000, 1000, 1000, 1000, 1000]
current_hyper_parameter
v: [25.72, 27.03, 16.9, 22.35, 34.67, 19.5, 19.45, 28.46, 17.23, 10.64, 16.38, 12.36, 15.98, 31.48]
a: [86.14, 149.89, 121.75, 136.92, 98.74, 54.79, 43.08, 127.37, 86.74, 58.28, 143.87, 75.96, 59.24, 41.0]
d: [4.46, 6.2, 3.5, 6.42, 3.52, 3.57, 4.84, 6.01, 3.5, 4.67, 3.65, 6.15, 3.5, 2.0]
BEST_hyper_parameter
v: [25.72, 27.03, 16.9, 22.35, 34.67, 19.5, 19.45, 15.7, 24.16, 21.02, 13.08, 32.88, 26.73, 31.48]
a: [86.14, 149.89, 121.75, 136.92, 98.74, 54.79, 43.08, 127.37, 96.11, 58.28, 50.0, 136.24, 50.0, 41.0]
d: [4.46, 6.2, 3.5, 6.42, 3.52, 3.57, 4.84, 6.01, 3.5, 4.51, 3.65, 5.45, 3.5, 2.0]

iteration: 41
best: [5.91, 7.32, 9.52, 11.84, 16.25, 19.71, 34.71, 38.33, 39.84, 41.64, 49.72, 51.33, 54.52, 56.46]
time: [5.83, 7.13, 10.07, 12.66, 21.67, 28.0, 41.13, 44.93, 46.98, 1000, 1000, 1000, 1000, 1000]
current_hyper_parameter
v: [25.72, 27.03, 15.69, 22.35, 34.67, 22.92, 19.45, 11.25, 11.13, 10.98, 28.07, 32.14, 17.25, 14.46]
a: [86.14, 149.89, 36.79, 136.92, 98.74, 98.96, 43.08, 63.27, 103.74, 58.28, 123.44, 136.24, 111.61, 47.92]
d: [4.46, 6.2, 4.37, 6.42, 3.52, 3.57, 4.84, 4.49, 5.16, 4.36, 3.65, 5.45, 3.5, 2.0]
BEST_hyper_parameter
v: [25.72, 27.03, 16.9, 22.35, 34.67, 19.5, 19.45, 15.7, 24.16, 21.02, 13.08, 32.88, 26.73, 31.48]
a: [86.14, 149.89, 121.75, 136.92, 98.74, 54.79, 43.08, 127.37, 96.11, 58.28, 50.0, 136.24, 50.0, 41.0]
d: [4.46, 6.2, 3.5, 6.42, 3.52, 3.57, 4.84, 6.01, 3.5, 4.51, 3.65, 5.45, 3.5, 2.0]

iteration: 42
best: [5.91, 7.32, 9.52, 11.84, 16.25, 19.71, 34.71, 38.33, 39.84, 41.64, 49.72, 51.33, 54.52, 56.46]
time: [5.84, 7.14, 9.55, 19.37, 37.23, 40.12, 52.79, 55.45, 1000, 1000, 1000, 1000, 1000, 1000]
current_hyper_parameter
v: [25.72, 27.03, 20.43, 32.64, 26.43, 33.43, 16.44, 33.48, 24.16, 32.06, 25.09, 9.61, 9.01, 26.56]
a: [86.14, 149.89, 121.75, 123.62, 98.74, 121.6, 43.08, 126.13, 96.11, 25.4, 50.0, 136.24, 50.0, 111.59]
d: [4.46, 6.2, 3.5, 6.42, 3.52, 3.57, 4.75, 6.01, 3.5, 4.51, 3.65, 5.45, 4.77, 2.0]
BEST_hyper_parameter
v: [25.72, 27.03, 16.9, 22.35, 34.67, 19.5, 19.45, 15.7, 24.16, 21.02, 13.08, 32.88, 26.73, 31.48]
a: [86.14, 149.89, 121.75, 136.92, 98.74, 54.79, 43.08, 127.37, 96.11, 58.28, 50.0, 136.24, 50.0, 41.0]
d: [4.46, 6.2, 3.5, 6.42, 3.52, 3.57, 4.84, 6.01, 3.5, 4.51, 3.65, 5.45, 3.5, 2.0]

iteration: 43
best: [5.91, 7.32, 9.52, 11.84, 16.25, 19.71, 34.71, 38.33, 39.84, 41.64, 49.72, 51.33, 54.52, 56.46]
time: [5.91, 7.32, 10.04, 12.93, 19.02, 21.45, 34.29, 37.33, 46.77, 49.06, 1000, 1000, 1000, 1000]
current_hyper_parameter
v: [25.72, 27.03, 16.9, 15.46, 19.71, 28.63, 15.67, 15.7, 16.55, 25.93, 10.11, 32.88, 20.03, 31.8]
a: [86.14, 149.89, 121.75, 73.21, 61.85, 141.34, 67.41, 127.37, 96.11, 108.4, 50.0, 136.24, 50.0, 41.0]
d: [4.46, 6.2, 3.5, 6.42, 5.08, 5.08, 3.59, 6.01, 5.67, 4.79, 3.65, 5.45, 4.64, 2.0]
BEST_hyper_parameter
v: [25.72, 27.03, 16.9, 22.35, 34.67, 19.5, 19.45, 15.7, 24.16, 21.02, 13.08, 32.88, 26.73, 31.48]
a: [86.14, 149.89, 121.75, 136.92, 98.74, 54.79, 43.08, 127.37, 96.11, 58.28, 50.0, 136.24, 50.0, 41.0]
d: [4.46, 6.2, 3.5, 6.42, 3.52, 3.57, 4.84, 6.01, 3.5, 4.51, 3.65, 5.45, 3.5, 2.0]
mutation at idx = 1

iteration: 44
best: [5.91, 7.32, 9.52, 11.84, 16.25, 19.71, 34.71, 38.33, 39.84, 41.64, 49.72, 51.33, 54.52, 56.46]
time: [5.92, 7.35, 10.48, 13.01, 18.36, 21.93, 34.37, 38.04, 39.52, 41.06, 1000, 1000, 1000, 1000]
current_hyper_parameter
v: [25.72, 22.63, 15.16, 21.88, 26.17, 27.15, 19.45, 9.91, 25.67, 16.51, 32.12, 24.86, 20.45, 17.97]
a: [86.14, 149.89, 55.52, 136.92, 121.89, 140.65, 43.08, 144.23, 97.0, 124.98, 50.0, 95.54, 137.64, 80.15]
d: [4.46, 6.2, 3.5, 6.42, 4.27, 3.57, 4.84, 4.97, 5.15, 4.51, 5.53, 3.7, 3.5, 2.0]
BEST_hyper_parameter
v: [25.72, 27.03, 16.9, 22.35, 34.67, 19.5, 19.45, 15.7, 24.16, 21.02, 13.08, 32.88, 26.73, 31.48]
a: [86.14, 149.89, 121.75, 136.92, 98.74, 54.79, 43.08, 127.37, 96.11, 58.28, 50.0, 136.24, 50.0, 41.0]
d: [4.46, 6.2, 3.5, 6.42, 3.52, 3.57, 4.84, 6.01, 3.5, 4.51, 3.65, 5.45, 3.5, 2.0]

iteration: 45
best: [5.91, 7.32, 9.52, 11.84, 16.25, 19.71, 34.71, 38.33, 39.84, 41.64, 49.72, 51.33, 54.52, 56.46]
time: [5.91, 7.34, 10.09, 12.39, 1000, 1000, 1000, 1000, 1000, 1000, 1000, 1000, 1000, 1000]
current_hyper_parameter
v: [25.72, 27.03, 15.95, 22.35, 34.67, 24.49, 11.59, 15.7, 10.79, 21.02, 19.08, 29.27, 26.73, 15.05]
a: [86.14, 149.89, 121.75, 136.92, 98.74, 74.6, 43.08, 127.37, 157.48, 58.28, 68.0, 136.24, 50.0, 33.35]
d: [4.46, 6.2, 3.99, 6.42, 3.52, 3.57, 5.22, 6.01, 3.5, 4.51, 4.68, 5.94, 3.5, 2.0]
BEST_hyper_parameter
v: [25.72, 27.03, 16.9, 22.35, 34.67, 19.5, 19.45, 15.7, 24.16, 21.02, 13.08, 32.88, 26.73, 31.48]
a: [86.14, 149.89, 121.75, 136.92, 98.74, 54.79, 43.08, 127.37, 96.11, 58.28, 50.0, 136.24, 50.0, 41.0]
d: [4.46, 6.2, 3.5, 6.42, 3.52, 3.57, 4.84, 6.01, 3.5, 4.51, 3.65, 5.45, 3.5, 2.0]

iteration: 46
best: [5.91, 7.32, 9.52, 11.84, 16.25, 19.71, 34.71, 38.33, 39.84, 41.64, 49.72, 51.33, 54.52, 56.46]
time: [5.92, 7.3, 9.62, 12.15, 18.01, 1000, 1000, 1000, 1000, 1000, 1000, 1000, 1000, 1000]
current_hyper_parameter
v: [25.72, 27.03, 27.9, 34.24, 21.79, 15.66, 27.15, 32.2, 27.35, 11.28, 13.08, 26.06, 21.04, 30.42]
a: [86.14, 149.89, 121.75, 57.88, 98.74, 54.79, 66.3, 127.37, 115.08, 58.28, 50.0, 35.83, 83.65, 41.0]
d: [4.46, 6.2, 6.43, 6.42, 3.82, 4.12, 3.89, 4.09, 3.5, 3.83, 3.65, 5.45, 4.07, 2.0]
BEST_hyper_parameter
v: [25.72, 27.03, 16.9, 22.35, 34.67, 19.5, 19.45, 15.7, 24.16, 21.02, 13.08, 32.88, 26.73, 31.48]
a: [86.14, 149.89, 121.75, 136.92, 98.74, 54.79, 43.08, 127.37, 96.11, 58.28, 50.0, 136.24, 50.0, 41.0]
d: [4.46, 6.2, 3.5, 6.42, 3.52, 3.57, 4.84, 6.01, 3.5, 4.51, 3.65, 5.45, 3.5, 2.0]

iteration: 47
best: [5.91, 7.32, 9.52, 11.84, 16.25, 19.71, 34.71, 38.33, 39.84, 41.64, 49.72, 51.33, 54.52, 56.46]
time: [5.84, 7.15, 9.7, 15.12, 20.88, 25.5, 40.11, 43.31, 53.01, 55.91, 1000, 1000, 1000, 1000]
current_hyper_parameter
v: [25.72, 27.03, 16.9, 22.35, 27.78, 26.06, 19.45, 15.7, 32.5, 34.88, 23.31, 20.07, 26.73, 32.98]
a: [86.14, 149.89, 121.75, 136.92, 98.74, 54.79, 43.08, 127.37, 96.11, 58.28, 72.73, 112.22, 50.0, 38.74]
d: [4.46, 6.2, 3.5, 6.42, 3.52, 3.57, 4.84, 6.01, 5.2, 4.51, 3.65, 5.45, 3.5, 2.0]
BEST_hyper_parameter
v: [25.72, 27.03, 16.9, 22.35, 34.67, 19.5, 19.45, 15.7, 24.16, 21.02, 13.08, 32.88, 26.73, 31.48]
a: [86.14, 149.89, 121.75, 136.92, 98.74, 54.79, 43.08, 127.37, 96.11, 58.28, 50.0, 136.24, 50.0, 41.0]
d: [4.46, 6.2, 3.5, 6.42, 3.52, 3.57, 4.84, 6.01, 3.5, 4.51, 3.65, 5.45, 3.5, 2.0]

iteration: 48
best: [5.91, 7.32, 9.52, 11.84, 16.25, 19.71, 34.71, 38.33, 39.84, 41.64, 49.72, 51.33, 54.52, 56.46]
time: [5.84, 7.18, 9.94, 1000, 1000, 1000, 1000, 1000, 1000, 1000, 1000, 1000, 1000, 1000]
current_hyper_parameter
v: [25.72, 27.03, 16.9, 28.7, 29.39, 18.66, 21.9, 20.54, 29.66, 10.01, 12.62, 19.95, 29.99, 31.48]
a: [86.14, 149.89, 121.75, 22.57, 98.74, 159.77, 43.08, 95.7, 127.8, 45.03, 148.54, 92.71, 155.88, 41.0]
d: [4.46, 6.2, 3.5, 6.42, 3.52, 3.57, 5.79, 6.01, 3.5, 4.51, 3.65, 5.45, 3.5, 2.0]
BEST_hyper_parameter
v: [25.72, 27.03, 16.9, 22.35, 34.67, 19.5, 19.45, 15.7, 24.16, 21.02, 13.08, 32.88, 26.73, 31.48]
a: [86.14, 149.89, 121.75, 136.92, 98.74, 54.79, 43.08, 127.37, 96.11, 58.28, 50.0, 136.24, 50.0, 41.0]
d: [4.46, 6.2, 3.5, 6.42, 3.52, 3.57, 4.84, 6.01, 3.5, 4.51, 3.65, 5.45, 3.5, 2.0]

iteration: 49
best: [5.91, 7.32, 9.52, 11.84, 16.25, 19.71, 34.71, 38.33, 39.84, 41.64, 49.72, 51.33, 54.52, 56.46]
time: [5.93, 7.33, 10.04, 12.34, 1000, 1000, 1000, 1000, 1000, 1000, 1000, 1000, 1000, 1000]
current_hyper_parameter
v: [25.72, 27.03, 16.9, 22.35, 34.67, 19.5, 19.28, 16.89, 24.16, 21.02, 30.24, 24.12, 26.73, 26.43]
a: [86.14, 149.89, 121.75, 136.92, 98.74, 54.79, 90.67, 146.8, 96.11, 58.28, 94.5, 136.24, 50.0, 67.44]
d: [4.46, 6.2, 3.5, 6.42, 3.52, 3.57, 4.84, 6.01, 3.5, 4.51, 3.65, 4.08, 3.5, 2.0]
BEST_hyper_parameter
v: [25.72, 27.03, 16.9, 22.35, 34.67, 19.5, 19.45, 15.7, 24.16, 21.02, 13.08, 32.88, 26.73, 31.48]
a: [86.14, 149.89, 121.75, 136.92, 98.74, 54.79, 43.08, 127.37, 96.11, 58.28, 50.0, 136.24, 50.0, 41.0]
d: [4.46, 6.2, 3.5, 6.42, 3.52, 3.57, 4.84, 6.01, 3.5, 4.51, 3.65, 5.45, 3.5, 2.0]

iteration: 50
best: [5.91, 7.32, 9.52, 11.84, 16.25, 19.71, 34.71, 38.33, 39.84, 41.64, 49.72, 51.33, 54.52, 56.46]
time: [5.84, 7.21, 9.85, 12.24, 1000, 1000, 1000, 1000, 1000, 1000, 1000, 1000, 1000, 1000]
current_hyper_parameter
v: [25.72, 27.03, 19.84, 33.07, 30.52, 17.5, 16.86, 20.34, 30.46, 8.74, 13.08, 32.88, 31.63, 32.6]
a: [86.14, 149.89, 101.32, 71.94, 98.74, 131.51, 156.71, 117.26, 96.11, 115.16, 50.0, 136.24, 86.61, 150.66]
d: [4.46, 6.2, 5.78, 6.42, 4.04, 4.12, 6.11, 6.01, 5.02, 4.51, 3.65, 5.45, 5.86, 2.0]
BEST_hyper_parameter
v: [25.72, 27.03, 16.9, 22.35, 34.67, 19.5, 19.45, 15.7, 24.16, 21.02, 13.08, 32.88, 26.73, 31.48]
a: [86.14, 149.89, 121.75, 136.92, 98.74, 54.79, 43.08, 127.37, 96.11, 58.28, 50.0, 136.24, 50.0, 41.0]
d: [4.46, 6.2, 3.5, 6.42, 3.52, 3.57, 4.84, 6.01, 3.5, 4.51, 3.65, 5.45, 3.5, 2.0]
mutation at idx = 3

iteration: 51
best: [5.91, 7.32, 9.52, 11.84, 16.25, 19.71, 34.71, 38.33, 39.84, 41.64, 49.72, 51.33, 54.52, 56.46]
time: [5.92, 7.32, 10.05, 12.89, 15.27, 19.99, 34.81, 40.59, 42.94, 45.02, 50.27, 1000, 1000, 1000]
current_hyper_parameter
v: [25.72, 27.03, 16.9, 13.65, 34.67, 19.5, 19.45, 26.95, 16.52, 26.5, 23.3, 8.63, 32.27, 19.99]
a: [86.14, 149.89, 121.75, 95.6, 98.74, 54.79, 43.08, 127.37, 101.21, 58.28, 50.0, 83.73, 50.0, 139.05]
d: [4.46, 6.2, 3.5, 6.15, 3.52, 3.57, 4.84, 6.01, 5.9, 4.01, 4.27, 5.45, 3.5, 2.0]
BEST_hyper_parameter
v: [25.72, 27.03, 16.9, 22.35, 34.67, 19.5, 19.45, 15.7, 24.16, 21.02, 13.08, 32.88, 26.73, 31.48]
a: [86.14, 149.89, 121.75, 136.92, 98.74, 54.79, 43.08, 127.37, 96.11, 58.28, 50.0, 136.24, 50.0, 41.0]
d: [4.46, 6.2, 3.5, 6.42, 3.52, 3.57, 4.84, 6.01, 3.5, 4.51, 3.65, 5.45, 3.5, 2.0]

iteration: 52
best: [5.91, 7.32, 9.52, 11.84, 16.25, 19.71, 34.71, 38.33, 39.84, 41.64, 49.72, 51.33, 54.52, 56.46]
time: [5.86, 7.16, 9.96, 1000, 1000, 1000, 1000, 1000, 1000, 1000, 1000, 1000, 1000, 1000]
current_hyper_parameter
v: [25.72, 27.03, 12.24, 22.35, 16.83, 31.01, 25.92, 32.25, 27.27, 31.17, 13.08, 32.88, 31.73, 11.61]
a: [86.14, 149.89, 89.88, 136.92, 125.97, 132.98, 43.08, 147.64, 57.73, 58.28, 50.0, 136.24, 84.53, 113.39]
d: [4.46, 6.2, 3.5, 6.42, 3.91, 5.47, 3.71, 6.01, 3.57, 4.51, 3.65, 5.45, 3.5, 2.0]
BEST_hyper_parameter
v: [25.72, 27.03, 16.9, 22.35, 34.67, 19.5, 19.45, 15.7, 24.16, 21.02, 13.08, 32.88, 26.73, 31.48]
a: [86.14, 149.89, 121.75, 136.92, 98.74, 54.79, 43.08, 127.37, 96.11, 58.28, 50.0, 136.24, 50.0, 41.0]
d: [4.46, 6.2, 3.5, 6.42, 3.52, 3.57, 4.84, 6.01, 3.5, 4.51, 3.65, 5.45, 3.5, 2.0]

iteration: 53
best: [5.91, 7.32, 9.52, 11.84, 16.25, 19.71, 34.71, 38.33, 39.84, 41.64, 49.72, 51.33, 54.52, 56.46]
time: [5.91, 7.31, 10.03, 1000, 1000, 1000, 1000, 1000, 1000, 1000, 1000, 1000, 1000, 1000]
current_hyper_parameter
v: [25.72, 27.03, 16.9, 22.35, 34.67, 11.36, 9.68, 11.62, 19.62, 27.83, 21.46, 32.88, 11.61, 31.48]
a: [86.14, 149.89, 121.75, 136.92, 98.74, 54.79, 43.08, 40.37, 140.97, 58.28, 50.0, 136.24, 102.64, 41.0]
d: [4.46, 6.2, 3.5, 6.42, 3.52, 3.57, 4.84, 3.53, 3.5, 4.51, 3.65, 5.45, 3.5, 2.0]
BEST_hyper_parameter
v: [25.72, 27.03, 16.9, 22.35, 34.67, 19.5, 19.45, 15.7, 24.16, 21.02, 13.08, 32.88, 26.73, 31.48]
a: [86.14, 149.89, 121.75, 136.92, 98.74, 54.79, 43.08, 127.37, 96.11, 58.28, 50.0, 136.24, 50.0, 41.0]
d: [4.46, 6.2, 3.5, 6.42, 3.52, 3.57, 4.84, 6.01, 3.5, 4.51, 3.65, 5.45, 3.5, 2.0]
mutation at idx = 1

iteration: 54
best: [5.91, 7.32, 9.52, 11.84, 16.25, 19.71, 34.71, 38.33, 39.84, 41.64, 49.72, 51.33, 54.52, 56.46]
time: [5.91, 7.7, 10.85, 13.61, 20.24, 23.34, 32.57, 1000, 1000, 1000, 1000, 1000, 1000, 1000]
current_hyper_parameter
v: [25.72, 14.91, 15.84, 20.89, 11.26, 25.25, 29.6, 9.01, 23.7, 20.76, 32.84, 32.88, 9.24, 34.22]
a: [86.14, 36.96, 121.75, 58.08, 116.99, 110.22, 108.27, 127.37, 96.96, 87.41, 50.0, 136.24, 146.09, 156.05]
d: [4.46, 5.16, 6.46, 3.67, 3.52, 5.5, 4.84, 6.09, 4.77, 5.23, 3.65, 5.45, 3.5, 2.0]
BEST_hyper_parameter
v: [25.72, 27.03, 16.9, 22.35, 34.67, 19.5, 19.45, 15.7, 24.16, 21.02, 13.08, 32.88, 26.73, 31.48]
a: [86.14, 149.89, 121.75, 136.92, 98.74, 54.79, 43.08, 127.37, 96.11, 58.28, 50.0, 136.24, 50.0, 41.0]
d: [4.46, 6.2, 3.5, 6.42, 3.52, 3.57, 4.84, 6.01, 3.5, 4.51, 3.65, 5.45, 3.5, 2.0]

iteration: 55
best: [5.91, 7.32, 9.52, 11.84, 16.25, 19.71, 34.71, 38.33, 39.84, 41.64, 49.72, 51.33, 54.52, 56.46]
time: [5.85, 7.19, 9.97, 12.79, 15.24, 20.04, 41.48, 52.79, 55.73, 1000, 1000, 1000, 1000, 1000]
current_hyper_parameter
v: [25.72, 27.03, 16.9, 21.22, 34.67, 16.61, 9.9, 19.51, 14.77, 21.02, 26.55, 32.98, 9.84, 20.31]
a: [86.14, 149.89, 121.75, 68.68, 98.74, 54.79, 43.6, 127.37, 48.85, 58.28, 63.29, 119.84, 50.0, 34.9]
d: [4.46, 6.2, 3.5, 5.04, 3.52, 3.78, 3.71, 6.01, 3.5, 4.51, 3.65, 5.45, 3.5, 2.0]
BEST_hyper_parameter
v: [25.72, 27.03, 16.9, 22.35, 34.67, 19.5, 19.45, 15.7, 24.16, 21.02, 13.08, 32.88, 26.73, 31.48]
a: [86.14, 149.89, 121.75, 136.92, 98.74, 54.79, 43.08, 127.37, 96.11, 58.28, 50.0, 136.24, 50.0, 41.0]
d: [4.46, 6.2, 3.5, 6.42, 3.52, 3.57, 4.84, 6.01, 3.5, 4.51, 3.65, 5.45, 3.5, 2.0]

iteration: 56
best: [5.91, 7.32, 9.52, 11.84, 16.25, 19.71, 34.71, 38.33, 39.84, 41.64, 49.72, 51.33, 54.52, 56.46]
time: [5.91, 7.32, 10.03, 15.28, 1000, 1000, 1000, 1000, 1000, 1000, 1000, 1000, 1000, 1000]
current_hyper_parameter
v: [25.72, 27.03, 16.9, 27.1, 25.65, 17.1, 17.83, 15.7, 17.38, 21.02, 32.7, 26.52, 14.66, 18.99]
a: [86.14, 149.89, 121.75, 126.28, 112.26, 36.32, 129.33, 127.37, 21.8, 58.28, 78.29, 94.05, 83.27, 91.48]
d: [4.46, 6.2, 3.5, 6.42, 3.93, 5.68, 5.94, 6.01, 6.43, 4.51, 3.65, 4.03, 3.5, 2.0]
BEST_hyper_parameter
v: [25.72, 27.03, 16.9, 22.35, 34.67, 19.5, 19.45, 15.7, 24.16, 21.02, 13.08, 32.88, 26.73, 31.48]
a: [86.14, 149.89, 121.75, 136.92, 98.74, 54.79, 43.08, 127.37, 96.11, 58.28, 50.0, 136.24, 50.0, 41.0]
d: [4.46, 6.2, 3.5, 6.42, 3.52, 3.57, 4.84, 6.01, 3.5, 4.51, 3.65, 5.45, 3.5, 2.0]

iteration: 57
best: [5.91, 7.32, 9.52, 11.84, 16.25, 19.71, 34.71, 38.33, 39.84, 41.64, 49.72, 51.33, 54.52, 56.46]
time: [5.93, 7.35, 1000, 1000, 1000, 1000, 1000, 1000, 1000, 1000, 1000, 1000, 1000, 1000]
current_hyper_parameter
v: [25.72, 27.03, 33.16, 23.15, 30.26, 21.83, 11.57, 15.7, 26.9, 23.69, 26.8, 32.88, 20.5, 12.66]
a: [86.14, 149.89, 27.64, 123.21, 124.66, 54.87, 69.17, 127.37, 85.42, 60.97, 119.49, 136.24, 49.29, 41.0]
d: [4.46, 6.2, 6.49, 3.59, 4.42, 3.92, 6.0, 6.01, 3.5, 4.41, 6.25, 5.45, 4.38, 2.0]
BEST_hyper_parameter
v: [25.72, 27.03, 16.9, 22.35, 34.67, 19.5, 19.45, 15.7, 24.16, 21.02, 13.08, 32.88, 26.73, 31.48]
a: [86.14, 149.89, 121.75, 136.92, 98.74, 54.79, 43.08, 127.37, 96.11, 58.28, 50.0, 136.24, 50.0, 41.0]
d: [4.46, 6.2, 3.5, 6.42, 3.52, 3.57, 4.84, 6.01, 3.5, 4.51, 3.65, 5.45, 3.5, 2.0]

iteration: 58
best: [5.91, 7.32, 9.52, 11.84, 16.25, 19.71, 34.71, 38.33, 39.84, 41.64, 49.72, 51.33, 54.52, 56.46]
time: [5.9, 7.33, 10.27, 12.88, 1000, 1000, 1000, 1000, 1000, 1000, 1000, 1000, 1000, 1000]
current_hyper_parameter
v: [25.72, 27.03, 28.55, 20.21, 32.77, 19.28, 29.71, 21.33, 8.79, 34.38, 13.08, 32.88, 12.41, 26.25]
a: [86.14, 149.89, 40.77, 136.92, 98.74, 113.71, 43.08, 102.72, 156.46, 76.2, 50.0, 136.24, 42.23, 41.0]
d: [4.46, 6.2, 3.5, 5.93, 3.52, 3.57, 4.84, 6.01, 3.5, 3.83, 3.65, 5.45, 3.81, 2.0]
BEST_hyper_parameter
v: [25.72, 27.03, 16.9, 22.35, 34.67, 19.5, 19.45, 15.7, 24.16, 21.02, 13.08, 32.88, 26.73, 31.48]
a: [86.14, 149.89, 121.75, 136.92, 98.74, 54.79, 43.08, 127.37, 96.11, 58.28, 50.0, 136.24, 50.0, 41.0]
d: [4.46, 6.2, 3.5, 6.42, 3.52, 3.57, 4.84, 6.01, 3.5, 4.51, 3.65, 5.45, 3.5, 2.0]

iteration: 59
best: [5.91, 7.32, 9.52, 11.84, 16.25, 19.71, 34.71, 38.33, 39.84, 41.64, 49.72, 51.33, 54.52, 56.46]
time: [5.92, 7.31, 9.62, 15.24, 21.9, 25.17, 39.54, 42.53, 43.86, 48.62, 50.74, 52.44, 56.8, 59.06]
current_hyper_parameter
v: [25.72, 27.03, 27.54, 17.48, 30.08, 14.23, 16.6, 15.7, 27.25, 19.96, 13.08, 30.4, 26.73, 31.48]
a: [86.14, 149.89, 121.75, 83.43, 42.04, 129.74, 98.99, 127.37, 96.11, 54.48, 50.0, 157.49, 50.0, 41.0]
d: [4.46, 6.2, 3.5, 6.01, 6.18, 6.38, 4.84, 6.01, 6.25, 5.38, 3.65, 5.45, 3.5, 2.0]
BEST_hyper_parameter
v: [25.72, 27.03, 16.9, 22.35, 34.67, 19.5, 19.45, 15.7, 24.16, 21.02, 13.08, 32.88, 26.73, 31.48]
a: [86.14, 149.89, 121.75, 136.92, 98.74, 54.79, 43.08, 127.37, 96.11, 58.28, 50.0, 136.24, 50.0, 41.0]
d: [4.46, 6.2, 3.5, 6.42, 3.52, 3.57, 4.84, 6.01, 3.5, 4.51, 3.65, 5.45, 3.5, 2.0]

iteration: 60
best: [5.91, 7.32, 9.52, 11.84, 16.25, 19.71, 34.71, 38.33, 39.84, 41.64, 49.72, 51.33, 54.52, 56.46]
time: [5.93, 7.33, 10.06, 12.28, 1000, 1000, 1000, 1000, 1000, 1000, 1000, 1000, 1000, 1000]
current_hyper_parameter
v: [25.72, 27.03, 16.9, 27.72, 31.19, 12.21, 19.45, 15.7, 21.13, 21.02, 26.74, 13.44, 26.73, 32.1]
a: [86.14, 149.89, 121.75, 136.92, 87.63, 149.25, 43.08, 127.37, 96.11, 58.28, 158.02, 115.55, 50.0, 103.04]
d: [4.46, 6.2, 3.5, 4.7, 6.03, 3.57, 4.84, 6.01, 5.47, 4.51, 3.65, 6.02, 3.5, 2.0]
BEST_hyper_parameter
v: [25.72, 27.03, 16.9, 22.35, 34.67, 19.5, 19.45, 15.7, 24.16, 21.02, 13.08, 32.88, 26.73, 31.48]
a: [86.14, 149.89, 121.75, 136.92, 98.74, 54.79, 43.08, 127.37, 96.11, 58.28, 50.0, 136.24, 50.0, 41.0]
d: [4.46, 6.2, 3.5, 6.42, 3.52, 3.57, 4.84, 6.01, 3.5, 4.51, 3.65, 5.45, 3.5, 2.0]

iteration: 61
best: [5.91, 7.32, 9.52, 11.84, 16.25, 19.71, 34.71, 38.33, 39.84, 41.64, 49.72, 51.33, 54.52, 56.46]
time: [5.92, 7.33, 10.38, 15.92, 22.34, 26.04, 44.24, 47.38, 48.76, 1000, 1000, 1000, 1000, 1000]
current_hyper_parameter
v: [25.72, 27.03, 14.68, 22.35, 23.08, 19.5, 12.83, 15.7, 22.3, 10.05, 13.08, 32.88, 30.85, 31.15]
a: [86.14, 149.89, 50.81, 136.92, 49.67, 54.79, 127.85, 127.37, 148.31, 35.72, 50.0, 136.24, 131.22, 58.87]
d: [4.46, 6.2, 3.5, 6.42, 3.52, 3.57, 4.84, 6.01, 4.97, 5.47, 3.65, 5.45, 4.2, 2.0]
BEST_hyper_parameter
v: [25.72, 27.03, 16.9, 22.35, 34.67, 19.5, 19.45, 15.7, 24.16, 21.02, 13.08, 32.88, 26.73, 31.48]
a: [86.14, 149.89, 121.75, 136.92, 98.74, 54.79, 43.08, 127.37, 96.11, 58.28, 50.0, 136.24, 50.0, 41.0]
d: [4.46, 6.2, 3.5, 6.42, 3.52, 3.57, 4.84, 6.01, 3.5, 4.51, 3.65, 5.45, 3.5, 2.0]

iteration: 62
best: [5.91, 7.32, 9.52, 11.84, 16.25, 19.71, 34.71, 38.33, 39.84, 41.64, 49.72, 51.33, 54.52, 56.46]
time: [5.84, 7.13, 9.61, 11.8, 17.82, 1000, 1000, 1000, 1000, 1000, 1000, 1000, 1000, 1000]
current_hyper_parameter
v: [25.72, 27.03, 19.04, 24.48, 25.1, 12.26, 26.91, 22.54, 20.91, 33.44, 13.08, 21.83, 10.33, 34.32]
a: [86.14, 149.89, 121.75, 130.02, 75.27, 126.16, 44.84, 74.48, 96.11, 58.28, 50.0, 105.21, 127.12, 115.38]
d: [4.46, 6.2, 3.87, 4.91, 4.69, 3.57, 5.51, 3.61, 4.39, 4.51, 3.65, 3.73, 3.85, 2.0]
BEST_hyper_parameter
v: [25.72, 27.03, 16.9, 22.35, 34.67, 19.5, 19.45, 15.7, 24.16, 21.02, 13.08, 32.88, 26.73, 31.48]
a: [86.14, 149.89, 121.75, 136.92, 98.74, 54.79, 43.08, 127.37, 96.11, 58.28, 50.0, 136.24, 50.0, 41.0]
d: [4.46, 6.2, 3.5, 6.42, 3.52, 3.57, 4.84, 6.01, 3.5, 4.51, 3.65, 5.45, 3.5, 2.0]
mutation at idx = 0

iteration: 63
best: [5.91, 7.32, 9.52, 11.84, 16.25, 19.71, 34.71, 38.33, 39.84, 41.64, 49.72, 51.33, 54.52, 56.46]
time: [5.9, 7.29, 10.01, 1000, 1000, 1000, 1000, 1000, 1000, 1000, 1000, 1000, 1000, 1000]
current_hyper_parameter
v: [29.45, 27.03, 16.9, 22.35, 11.62, 22.62, 27.37, 15.7, 25.57, 9.67, 23.1, 32.88, 22.75, 29.53]
a: [86.14, 149.89, 121.75, 136.92, 27.23, 54.79, 43.08, 127.37, 96.11, 142.01, 112.89, 136.24, 20.34, 62.65]
d: [4.46, 6.2, 3.5, 6.42, 6.49, 3.57, 4.84, 6.01, 3.5, 4.94, 3.65, 5.45, 3.5, 2.0]
BEST_hyper_parameter
v: [25.72, 27.03, 16.9, 22.35, 34.67, 19.5, 19.45, 15.7, 24.16, 21.02, 13.08, 32.88, 26.73, 31.48]
a: [86.14, 149.89, 121.75, 136.92, 98.74, 54.79, 43.08, 127.37, 96.11, 58.28, 50.0, 136.24, 50.0, 41.0]
d: [4.46, 6.2, 3.5, 6.42, 3.52, 3.57, 4.84, 6.01, 3.5, 4.51, 3.65, 5.45, 3.5, 2.0]

iteration: 64
best: [5.91, 7.32, 9.52, 11.84, 16.25, 19.71, 34.71, 38.33, 39.84, 41.64, 49.72, 51.33, 54.52, 56.46]
time: [5.91, 7.31, 10.04, 1000, 1000, 1000, 1000, 1000, 1000, 1000, 1000, 1000, 1000, 1000]
current_hyper_parameter
v: [25.72, 27.03, 16.9, 22.35, 25.52, 16.48, 15.75, 11.04, 27.53, 19.91, 13.08, 22.53, 14.66, 22.74]
a: [86.14, 149.89, 121.75, 136.92, 50.65, 131.74, 146.6, 135.2, 82.42, 114.37, 50.0, 136.24, 39.44, 41.0]
d: [4.46, 6.2, 3.5, 6.42, 5.27, 3.57, 4.84, 6.01, 3.5, 5.65, 3.65, 5.45, 6.25, 2.0]
BEST_hyper_parameter
v: [25.72, 27.03, 16.9, 22.35, 34.67, 19.5, 19.45, 15.7, 24.16, 21.02, 13.08, 32.88, 26.73, 31.48]
a: [86.14, 149.89, 121.75, 136.92, 98.74, 54.79, 43.08, 127.37, 96.11, 58.28, 50.0, 136.24, 50.0, 41.0]
d: [4.46, 6.2, 3.5, 6.42, 3.52, 3.57, 4.84, 6.01, 3.5, 4.51, 3.65, 5.45, 3.5, 2.0]

iteration: 65
best: [5.91, 7.32, 9.52, 11.84, 16.25, 19.71, 34.71, 38.33, 39.84, 41.64, 49.72, 51.33, 54.52, 56.46]
time: [5.83, 7.19, 10.53, 1000, 1000, 1000, 1000, 1000, 1000, 1000, 1000, 1000, 1000, 1000]
current_hyper_parameter
v: [25.72, 27.03, 10.24, 22.35, 17.98, 23.34, 19.45, 28.45, 24.16, 15.59, 29.2, 10.41, 26.73, 31.48]
a: [86.14, 149.89, 121.75, 136.92, 62.69, 142.58, 43.08, 54.38, 96.11, 147.65, 72.07, 31.77, 50.0, 41.0]
d: [4.46, 6.2, 3.64, 6.42, 3.52, 3.57, 4.84, 6.01, 3.5, 4.51, 6.43, 4.48, 3.5, 2.0]
BEST_hyper_parameter
v: [25.72, 27.03, 16.9, 22.35, 34.67, 19.5, 19.45, 15.7, 24.16, 21.02, 13.08, 32.88, 26.73, 31.48]
a: [86.14, 149.89, 121.75, 136.92, 98.74, 54.79, 43.08, 127.37, 96.11, 58.28, 50.0, 136.24, 50.0, 41.0]
d: [4.46, 6.2, 3.5, 6.42, 3.52, 3.57, 4.84, 6.01, 3.5, 4.51, 3.65, 5.45, 3.5, 2.0]

iteration: 66
best: [5.91, 7.32, 9.52, 11.84, 16.25, 19.71, 34.71, 38.33, 39.84, 41.64, 49.72, 51.33, 54.52, 56.46]
time: [5.91, 7.31, 9.61, 1000, 1000, 1000, 1000, 1000, 1000, 1000, 1000, 1000, 1000, 1000]
current_hyper_parameter
v: [25.72, 27.03, 28.59, 22.75, 15.63, 22.16, 19.45, 15.7, 24.16, 22.35, 13.08, 23.85, 11.78, 31.48]
a: [86.14, 149.89, 121.75, 145.17, 80.18, 26.4, 43.08, 127.37, 96.11, 140.08, 50.0, 74.29, 82.03, 41.0]
d: [4.46, 6.2, 5.72, 6.26, 5.95, 3.57, 4.84, 6.01, 3.5, 5.57, 3.65, 5.94, 3.5, 2.0]
BEST_hyper_parameter
v: [25.72, 27.03, 16.9, 22.35, 34.67, 19.5, 19.45, 15.7, 24.16, 21.02, 13.08, 32.88, 26.73, 31.48]
a: [86.14, 149.89, 121.75, 136.92, 98.74, 54.79, 43.08, 127.37, 96.11, 58.28, 50.0, 136.24, 50.0, 41.0]
d: [4.46, 6.2, 3.5, 6.42, 3.52, 3.57, 4.84, 6.01, 3.5, 4.51, 3.65, 5.45, 3.5, 2.0]
mutation at idx = 2

iteration: 67
best: [5.91, 7.32, 9.52, 11.84, 16.25, 19.71, 34.71, 38.33, 39.84, 41.64, 49.72, 51.33, 54.52, 56.46]
time: [5.92, 7.33, 10.41, 17.27, 24.02, 27.44, 42.17, 52.44, 57.01, 1000, 1000, 1000, 1000, 1000]
current_hyper_parameter
v: [25.72, 27.03, 10.97, 22.35, 13.38, 19.5, 19.45, 19.16, 16.84, 15.5, 29.75, 32.32, 30.21, 31.06]
a: [86.14, 149.89, 78.21, 136.92, 94.44, 54.79, 43.08, 127.37, 21.98, 58.28, 129.47, 21.68, 155.86, 41.0]
d: [4.46, 6.2, 5.71, 6.42, 6.22, 3.57, 4.84, 3.62, 3.5, 5.95, 3.65, 5.74, 3.5, 2.0]
BEST_hyper_parameter
v: [25.72, 27.03, 16.9, 22.35, 34.67, 19.5, 19.45, 15.7, 24.16, 21.02, 13.08, 32.88, 26.73, 31.48]
a: [86.14, 149.89, 121.75, 136.92, 98.74, 54.79, 43.08, 127.37, 96.11, 58.28, 50.0, 136.24, 50.0, 41.0]
d: [4.46, 6.2, 3.5, 6.42, 3.52, 3.57, 4.84, 6.01, 3.5, 4.51, 3.65, 5.45, 3.5, 2.0]
mutation at idx = 1

iteration: 68
best: [5.91, 7.32, 9.52, 11.84, 16.25, 19.71, 34.71, 38.33, 39.84, 41.64, 49.72, 51.33, 54.52, 56.46]
time: [5.83, 7.15, 10.26, 13.54, 19.0, 23.41, 36.2, 39.3, 43.73, 1000, 1000, 1000, 1000, 1000]
current_hyper_parameter
v: [25.72, 31.03, 11.08, 9.75, 34.67, 14.19, 33.99, 15.7, 24.16, 19.57, 10.43, 32.88, 26.09, 15.11]
a: [86.14, 149.89, 109.02, 136.92, 98.74, 54.79, 43.08, 127.37, 96.11, 97.04, 81.61, 136.24, 50.0, 136.84]
d: [4.46, 4.54, 3.7, 6.42, 3.52, 6.3, 4.84, 6.01, 3.5, 5.76, 3.65, 5.45, 3.5, 2.0]
BEST_hyper_parameter
v: [25.72, 27.03, 16.9, 22.35, 34.67, 19.5, 19.45, 15.7, 24.16, 21.02, 13.08, 32.88, 26.73, 31.48]
a: [86.14, 149.89, 121.75, 136.92, 98.74, 54.79, 43.08, 127.37, 96.11, 58.28, 50.0, 136.24, 50.0, 41.0]
d: [4.46, 6.2, 3.5, 6.42, 3.52, 3.57, 4.84, 6.01, 3.5, 4.51, 3.65, 5.45, 3.5, 2.0]

iteration: 69
best: [5.91, 7.32, 9.52, 11.84, 16.25, 19.71, 34.71, 38.33, 39.84, 41.64, 49.72, 51.33, 54.52, 56.46]
time: [5.84, 7.18, 9.93, 15.69, 19.06, 24.73, 43.3, 46.46, 47.86, 1000, 1000, 1000, 1000, 1000]
current_hyper_parameter
v: [25.72, 27.03, 16.9, 16.88, 24.4, 8.54, 15.54, 15.7, 24.16, 21.02, 18.88, 33.98, 22.16, 31.48]
a: [86.14, 149.89, 121.75, 157.02, 91.65, 54.79, 43.08, 127.37, 96.11, 58.28, 147.73, 126.73, 37.12, 41.0]
d: [4.46, 6.2, 3.5, 4.83, 5.77, 4.21, 5.31, 6.01, 3.5, 4.51, 3.92, 5.45, 5.62, 2.0]
BEST_hyper_parameter
v: [25.72, 27.03, 16.9, 22.35, 34.67, 19.5, 19.45, 15.7, 24.16, 21.02, 13.08, 32.88, 26.73, 31.48]
a: [86.14, 149.89, 121.75, 136.92, 98.74, 54.79, 43.08, 127.37, 96.11, 58.28, 50.0, 136.24, 50.0, 41.0]
d: [4.46, 6.2, 3.5, 6.42, 3.52, 3.57, 4.84, 6.01, 3.5, 4.51, 3.65, 5.45, 3.5, 2.0]
mutation at idx = 2

iteration: 70
best: [5.91, 7.32, 9.52, 11.84, 16.25, 19.71, 34.71, 38.33, 39.84, 41.64, 49.72, 51.33, 54.52, 56.46]
time: [5.92, 7.33, 9.78, 12.51, 14.84, 29.52, 43.94, 46.71, 1000, 1000, 1000, 1000, 1000, 1000]
current_hyper_parameter
v: [25.72, 27.03, 22.62, 26.39, 34.67, 27.96, 28.8, 23.11, 14.84, 13.44, 31.8, 31.14, 26.73, 11.08]
a: [86.14, 149.89, 121.75, 70.35, 98.74, 102.29, 43.08, 127.37, 76.25, 58.28, 86.76, 107.58, 50.0, 148.96]
d: [4.46, 6.2, 5.16, 6.42, 3.52, 6.21, 4.77, 3.85, 6.49, 3.68, 3.65, 5.45, 3.5, 2.0]
BEST_hyper_parameter
v: [25.72, 27.03, 16.9, 22.35, 34.67, 19.5, 19.45, 15.7, 24.16, 21.02, 13.08, 32.88, 26.73, 31.48]
a: [86.14, 149.89, 121.75, 136.92, 98.74, 54.79, 43.08, 127.37, 96.11, 58.28, 50.0, 136.24, 50.0, 41.0]
d: [4.46, 6.2, 3.5, 6.42, 3.52, 3.57, 4.84, 6.01, 3.5, 4.51, 3.65, 5.45, 3.5, 2.0]

iteration: 71
best: [5.91, 7.32, 9.52, 11.84, 16.25, 19.71, 34.71, 38.33, 39.84, 41.64, 49.72, 51.33, 54.52, 56.46]
time: [5.91, 7.32, 10.04, 12.36, 1000, 1000, 1000, 1000, 1000, 1000, 1000, 1000, 1000, 1000]
current_hyper_parameter
v: [25.72, 27.03, 16.9, 21.87, 34.67, 19.5, 16.67, 15.7, 28.63, 21.02, 15.27, 11.43, 28.66, 9.85]
a: [86.14, 149.89, 121.75, 136.92, 98.74, 54.79, 43.08, 127.37, 125.36, 58.28, 50.0, 143.74, 56.29, 70.91]
d: [4.46, 6.2, 3.5, 3.85, 3.52, 3.57, 4.84, 6.01, 4.29, 4.51, 5.79, 5.45, 5.88, 2.0]
BEST_hyper_parameter
v: [25.72, 27.03, 16.9, 22.35, 34.67, 19.5, 19.45, 15.7, 24.16, 21.02, 13.08, 32.88, 26.73, 31.48]
a: [86.14, 149.89, 121.75, 136.92, 98.74, 54.79, 43.08, 127.37, 96.11, 58.28, 50.0, 136.24, 50.0, 41.0]
d: [4.46, 6.2, 3.5, 6.42, 3.52, 3.57, 4.84, 6.01, 3.5, 4.51, 3.65, 5.45, 3.5, 2.0]
mutation at idx = 1

iteration: 72
best: [5.91, 7.32, 9.52, 11.84, 16.25, 19.71, 34.71, 38.33, 39.84, 41.64, 49.72, 51.33, 54.52, 56.46]
time: [5.85, 7.2, 9.83, 1000, 1000, 1000, 1000, 1000, 1000, 1000, 1000, 1000, 1000, 1000]
current_hyper_parameter
v: [25.72, 26.33, 20.44, 22.35, 34.67, 16.45, 12.76, 30.98, 24.16, 21.25, 13.08, 29.21, 24.35, 33.68]
a: [86.14, 147.69, 108.56, 136.92, 98.74, 131.87, 72.05, 72.45, 96.11, 40.07, 50.0, 73.17, 50.0, 106.41]
d: [4.46, 6.2, 4.0, 6.42, 3.52, 3.85, 4.78, 4.04, 3.5, 4.93, 3.65, 5.45, 5.05, 2.0]
BEST_hyper_parameter
v: [25.72, 27.03, 16.9, 22.35, 34.67, 19.5, 19.45, 15.7, 24.16, 21.02, 13.08, 32.88, 26.73, 31.48]
a: [86.14, 149.89, 121.75, 136.92, 98.74, 54.79, 43.08, 127.37, 96.11, 58.28, 50.0, 136.24, 50.0, 41.0]
d: [4.46, 6.2, 3.5, 6.42, 3.52, 3.57, 4.84, 6.01, 3.5, 4.51, 3.65, 5.45, 3.5, 2.0]
