
iteration: 1
best: [1000.0, 1000.0, 1000.0, 1000.0, 1000.0, 1000.0, 1000.0, 1000.0, 1000.0, 1000.0, 1000.0, 1000.0, 1000.0, 1000.0]
time: [6.57, 9.02, 13.47, 17.34, 21.21, 25.56, 45.88, 49.88, 52.07, 54.86, 56.94, 59.84, 65.67, 67.58]
current_hyper_parameter
v: [12.0, 12.0, 12.0, 12.0, 12.0, 12.0, 12.0, 12.0, 12.0, 12.0, 12.0, 12.0, 12.0, 12.0]
a: [50.0, 50.0, 50.0, 50.0, 50.0, 50.0, 50.0, 50.0, 50.0, 50.0, 50.0, 50.0, 50.0, 50.0]
d: [3.5, 3.5, 3.5, 3.5, 3.5, 3.5, 3.5, 3.5, 3.5, 3.5, 3.5, 3.5, 3.5, 2.0]
BEST_hyper_parameter
v: [-1.0, -1.0, -1.0, -1.0, -1.0, -1.0, -1.0, -1.0, -1.0, -1.0, -1.0, -1.0, -1.0, -1.0]
a: [-1.0, -1.0, -1.0, -1.0, -1.0, -1.0, -1.0, -1.0, -1.0, -1.0, -1.0, -1.0, -1.0, -1.0]
d: [-1.0, -1.0, -1.0, -1.0, -1.0, -1.0, -1.0, -1.0, -1.0, -1.0, -1.0, -1.0, -1.0, -1.0]
WIN: random_idx = 12

iteration: 2
best: [6.57, 9.02, 13.47, 17.34, 21.21, 25.56, 45.88, 49.88, 52.07, 54.86, 56.94, 59.84, 65.67, 67.58]
time: [6.72, 9.18, 13.56, 17.3, 21.15, 25.48, 46.38, 50.6, 52.84, 55.41, 57.16, 60.14, 62.81, 64.6]
current_hyper_parameter
v: [12.0, 12.0, 12.0, 12.0, 12.0, 12.0, 12.0, 12.0, 12.0, 12.0, 12.0, 12.0, 15.44, 12.0]
a: [50.0, 50.0, 50.0, 50.0, 50.0, 50.0, 50.0, 50.0, 50.0, 50.0, 50.0, 50.0, 50.0, 50.0]
d: [3.5, 3.5, 3.5, 3.5, 3.5, 3.5, 3.5, 3.5, 3.5, 3.5, 3.5, 3.5, 3.5, 2.0]
BEST_hyper_parameter
v: [12.0, 12.0, 12.0, 12.0, 12.0, 12.0, 12.0, 12.0, 12.0, 12.0, 12.0, 12.0, 12.0, 12.0]
a: [50.0, 50.0, 50.0, 50.0, 50.0, 50.0, 50.0, 50.0, 50.0, 50.0, 50.0, 50.0, 50.0, 50.0]
d: [3.5, 3.5, 3.5, 3.5, 3.5, 3.5, 3.5, 3.5, 3.5, 3.5, 3.5, 3.5, 3.5, 2.0]
WIN: random_idx = 10

iteration: 3
best: [6.57, 9.02, 13.47, 17.34, 21.21, 25.56, 45.88, 49.88, 52.07, 54.86, 56.94, 59.84, 62.81, 64.6]
time: [6.62, 9.09, 13.51, 17.29, 21.16, 25.37, 45.73, 50.63, 52.91, 58.73, 61.12, 64.34, 1000, 1000]
current_hyper_parameter
v: [12.0, 12.0, 12.0, 12.0, 12.0, 12.0, 12.0, 12.0, 12.0, 12.0, 30.99, 12.0, 15.44, 12.0]
a: [50.0, 50.0, 50.0, 50.0, 50.0, 50.0, 50.0, 50.0, 50.0, 50.0, 141.13, 50.0, 50.0, 50.0]
d: [3.5, 3.5, 3.5, 3.5, 3.5, 3.5, 3.5, 3.5, 3.5, 3.5, 4.93, 3.5, 3.5, 2.0]
BEST_hyper_parameter
v: [12.0, 12.0, 12.0, 12.0, 12.0, 12.0, 12.0, 12.0, 12.0, 12.0, 12.0, 12.0, 15.44, 12.0]
a: [50.0, 50.0, 50.0, 50.0, 50.0, 50.0, 50.0, 50.0, 50.0, 50.0, 50.0, 50.0, 50.0, 50.0]
d: [3.5, 3.5, 3.5, 3.5, 3.5, 3.5, 3.5, 3.5, 3.5, 3.5, 3.5, 3.5, 3.5, 2.0]
mutation at idx = 2

iteration: 4
best: [6.57, 9.02, 13.47, 17.34, 21.21, 25.56, 45.88, 49.88, 52.07, 54.86, 56.94, 59.84, 62.81, 64.6]
time: [6.71, 9.18, 12.48, 15.93, 19.82, 23.94, 44.64, 48.44, 50.44, 52.28, 1000, 1000, 1000, 1000]
current_hyper_parameter
v: [12.0, 12.0, 16.9, 12.0, 12.0, 12.0, 12.0, 29.67, 21.47, 24.77, 23.04, 21.28, 15.44, 28.99]
a: [50.0, 50.0, 121.75, 50.0, 50.0, 50.0, 50.0, 50.78, 50.0, 112.1, 77.94, 99.89, 50.0, 151.09]
d: [3.5, 3.5, 3.5, 3.5, 3.5, 3.5, 3.5, 3.5, 3.5, 3.5, 3.5, 5.5, 3.5, 2.0]
BEST_hyper_parameter
v: [12.0, 12.0, 12.0, 12.0, 12.0, 12.0, 12.0, 12.0, 12.0, 12.0, 12.0, 12.0, 15.44, 12.0]
a: [50.0, 50.0, 50.0, 50.0, 50.0, 50.0, 50.0, 50.0, 50.0, 50.0, 50.0, 50.0, 50.0, 50.0]
d: [3.5, 3.5, 3.5, 3.5, 3.5, 3.5, 3.5, 3.5, 3.5, 3.5, 3.5, 3.5, 3.5, 2.0]
mutation at idx = 3

iteration: 5
best: [6.57, 9.02, 12.48, 15.93, 19.82, 23.94, 44.64, 48.44, 50.44, 52.28, 56.94, 59.84, 62.81, 64.6]
time: [6.71, 9.17, 12.49, 16.18, 20.24, 24.52, 45.37, 49.38, 51.48, 53.29, 1000, 1000, 1000, 1000]
current_hyper_parameter
v: [12.0, 12.0, 16.9, 8.59, 12.0, 12.0, 12.0, 29.67, 21.47, 24.77, 18.5, 12.0, 23.71, 24.58]
a: [50.0, 50.0, 121.75, 50.0, 50.0, 50.0, 50.0, 50.78, 50.0, 112.1, 33.75, 50.0, 115.55, 146.91]
d: [3.5, 3.5, 3.5, 5.23, 3.5, 3.5, 3.5, 3.5, 3.5, 3.5, 3.5, 3.5, 3.5, 2.0]
BEST_hyper_parameter
v: [12.0, 12.0, 16.9, 12.0, 12.0, 12.0, 12.0, 29.67, 21.47, 24.77, 12.0, 12.0, 15.44, 12.0]
a: [50.0, 50.0, 121.75, 50.0, 50.0, 50.0, 50.0, 50.78, 50.0, 112.1, 50.0, 50.0, 50.0, 50.0]
d: [3.5, 3.5, 3.5, 3.5, 3.5, 3.5, 3.5, 3.5, 3.5, 3.5, 3.5, 3.5, 3.5, 2.0]
mutation at idx = 1
mutation at idx = 4

iteration: 6
best: [6.57, 9.02, 12.48, 15.93, 19.82, 23.94, 44.64, 48.44, 50.44, 52.28, 56.94, 59.84, 62.81, 64.6]
time: [6.62, 8.95, 12.24, 15.48, 19.3, 23.14, 43.05, 46.9, 48.82, 50.63, 1000, 1000, 1000, 1000]
current_hyper_parameter
v: [12.0, 32.12, 16.9, 12.0, 14.02, 19.34, 12.0, 33.01, 24.52, 34.63, 12.0, 25.52, 15.69, 26.0]
a: [50.0, 50.0, 121.75, 50.0, 50.0, 50.0, 50.0, 50.78, 50.0, 105.34, 50.0, 26.43, 50.0, 50.0]
d: [3.5, 3.5, 3.5, 3.5, 3.5, 3.5, 3.5, 6.09, 3.5, 4.96, 3.5, 3.5, 3.5, 2.0]
BEST_hyper_parameter
v: [12.0, 12.0, 16.9, 12.0, 12.0, 12.0, 12.0, 29.67, 21.47, 24.77, 12.0, 12.0, 15.44, 12.0]
a: [50.0, 50.0, 121.75, 50.0, 50.0, 50.0, 50.0, 50.78, 50.0, 112.1, 50.0, 50.0, 50.0, 50.0]
d: [3.5, 3.5, 3.5, 3.5, 3.5, 3.5, 3.5, 3.5, 3.5, 3.5, 3.5, 3.5, 3.5, 2.0]

iteration: 7
best: [6.57, 9.02, 12.48, 15.93, 19.3, 23.14, 43.05, 46.9, 48.82, 50.63, 56.94, 59.84, 62.81, 64.6]
time: [6.74, 9.2, 12.43, 15.48, 22.51, 34.72, 54.84, 58.65, 60.67, 1000, 1000, 1000, 1000, 1000]
current_hyper_parameter
v: [12.0, 12.0, 16.9, 12.0, 14.02, 19.34, 12.0, 33.01, 24.52, 34.63, 10.08, 25.05, 12.36, 21.48]
a: [50.0, 50.0, 121.75, 50.0, 50.0, 50.0, 50.0, 50.78, 50.0, 105.34, 147.68, 50.0, 50.0, 50.0]
d: [3.5, 3.5, 3.5, 3.5, 3.5, 3.5, 3.5, 6.09, 3.5, 4.96, 4.51, 3.5, 4.91, 2.0]
BEST_hyper_parameter
v: [12.0, 12.0, 16.9, 12.0, 14.02, 19.34, 12.0, 33.01, 24.52, 34.63, 12.0, 12.0, 15.44, 12.0]
a: [50.0, 50.0, 121.75, 50.0, 50.0, 50.0, 50.0, 50.78, 50.0, 105.34, 50.0, 50.0, 50.0, 50.0]
d: [3.5, 3.5, 3.5, 3.5, 3.5, 3.5, 3.5, 6.09, 3.5, 4.96, 3.5, 3.5, 3.5, 2.0]

iteration: 8
best: [6.57, 9.02, 12.48, 15.93, 19.3, 23.14, 43.05, 46.9, 48.82, 50.63, 56.94, 59.84, 62.81, 64.6]
time: [6.73, 9.19, 12.49, 15.93, 19.59, 22.97, 37.59, 41.04, 42.99, 45.13, 1000, 1000, 1000, 1000]
current_hyper_parameter
v: [12.0, 12.0, 16.9, 12.0, 12.67, 24.99, 16.33, 30.07, 24.52, 28.15, 12.0, 9.93, 12.34, 24.04]
a: [50.0, 50.0, 121.75, 50.0, 72.54, 77.19, 50.0, 50.78, 50.0, 58.28, 50.0, 50.0, 136.01, 50.0]
d: [3.5, 3.5, 3.5, 3.5, 3.5, 3.86, 6.28, 6.09, 3.5, 4.51, 3.5, 3.5, 3.5, 2.0]
BEST_hyper_parameter
v: [12.0, 12.0, 16.9, 12.0, 14.02, 19.34, 12.0, 33.01, 24.52, 34.63, 12.0, 12.0, 15.44, 12.0]
a: [50.0, 50.0, 121.75, 50.0, 50.0, 50.0, 50.0, 50.78, 50.0, 105.34, 50.0, 50.0, 50.0, 50.0]
d: [3.5, 3.5, 3.5, 3.5, 3.5, 3.5, 3.5, 6.09, 3.5, 4.96, 3.5, 3.5, 3.5, 2.0]
mutation at idx = 1

iteration: 9
best: [6.57, 9.02, 12.48, 15.93, 19.3, 23.14, 37.59, 41.04, 42.99, 45.13, 56.94, 59.84, 62.81, 64.6]
time: [6.73, 8.81, 11.97, 15.4, 22.37, 26.83, 43.48, 47.11, 49.03, 51.2, 1000, 1000, 1000, 1000]
current_hyper_parameter
v: [12.0, 14.88, 16.9, 12.0, 14.02, 19.34, 16.33, 30.07, 24.52, 28.15, 24.99, 11.91, 15.44, 18.02]
a: [50.0, 82.31, 121.75, 50.0, 50.0, 50.0, 50.0, 50.78, 50.0, 58.28, 50.0, 50.0, 50.0, 118.44]
d: [3.5, 4.72, 3.5, 3.5, 3.5, 3.5, 6.28, 6.09, 3.5, 4.51, 3.52, 6.37, 3.5, 2.0]
BEST_hyper_parameter
v: [12.0, 12.0, 16.9, 12.0, 14.02, 19.34, 16.33, 30.07, 24.52, 28.15, 12.0, 12.0, 15.44, 12.0]
a: [50.0, 50.0, 121.75, 50.0, 50.0, 50.0, 50.0, 50.78, 50.0, 58.28, 50.0, 50.0, 50.0, 50.0]
d: [3.5, 3.5, 3.5, 3.5, 3.5, 3.5, 6.28, 6.09, 3.5, 4.51, 3.5, 3.5, 3.5, 2.0]
mutation at idx = 3

iteration: 10
best: [6.57, 9.02, 11.97, 15.4, 19.3, 23.14, 37.59, 41.04, 42.99, 45.13, 56.94, 59.84, 62.81, 64.6]
time: [6.6, 9.07, 12.42, 16.35, 23.6, 26.28, 38.96, 42.2, 43.76, 48.7, 63.03, 1000, 1000, 1000]
current_hyper_parameter
v: [12.0, 12.0, 16.9, 9.05, 12.27, 29.4, 20.01, 33.59, 25.27, 28.15, 23.64, 26.3, 26.57, 20.43]
a: [50.0, 50.0, 121.75, 25.12, 50.0, 138.42, 50.0, 61.74, 96.67, 58.28, 50.0, 61.63, 112.81, 39.02]
d: [3.5, 3.5, 3.5, 3.5, 3.5, 3.5, 6.28, 4.11, 4.28, 4.51, 3.5, 4.16, 5.25, 2.0]
BEST_hyper_parameter
v: [12.0, 12.0, 16.9, 12.0, 14.02, 19.34, 16.33, 30.07, 24.52, 28.15, 12.0, 12.0, 15.44, 12.0]
a: [50.0, 50.0, 121.75, 50.0, 50.0, 50.0, 50.0, 50.78, 50.0, 58.28, 50.0, 50.0, 50.0, 50.0]
d: [3.5, 3.5, 3.5, 3.5, 3.5, 3.5, 6.28, 6.09, 3.5, 4.51, 3.5, 3.5, 3.5, 2.0]

iteration: 11
best: [6.57, 9.02, 11.97, 15.4, 19.3, 23.14, 37.59, 41.04, 42.99, 45.13, 56.94, 59.84, 62.81, 64.6]
time: [6.72, 9.18, 12.45, 15.3, 18.21, 21.8, 42.45, 1000, 1000, 1000, 1000, 1000, 1000, 1000]
current_hyper_parameter
v: [12.0, 12.0, 16.9, 17.1, 19.52, 17.48, 30.99, 30.07, 34.57, 23.36, 33.97, 9.97, 22.73, 12.0]
a: [50.0, 50.0, 121.75, 53.42, 77.13, 88.99, 112.03, 50.78, 155.03, 58.28, 50.0, 121.26, 50.0, 50.0]
d: [3.5, 3.5, 3.5, 5.0, 4.9, 3.57, 6.28, 6.09, 3.5, 3.96, 3.5, 3.5, 5.17, 2.0]
BEST_hyper_parameter
v: [12.0, 12.0, 16.9, 12.0, 14.02, 19.34, 16.33, 30.07, 24.52, 28.15, 12.0, 12.0, 15.44, 12.0]
a: [50.0, 50.0, 121.75, 50.0, 50.0, 50.0, 50.0, 50.78, 50.0, 58.28, 50.0, 50.0, 50.0, 50.0]
d: [3.5, 3.5, 3.5, 3.5, 3.5, 3.5, 6.28, 6.09, 3.5, 4.51, 3.5, 3.5, 3.5, 2.0]
mutation at idx = 0
mutation at idx = 1
mutation at idx = 3

iteration: 12
best: [6.57, 9.02, 11.97, 15.4, 18.21, 21.8, 37.59, 41.04, 42.99, 45.13, 56.94, 59.84, 62.81, 64.6]
time: [5.91, 7.32, 10.04, 13.33, 16.25, 23.21, 39.98, 43.27, 1000, 1000, 1000, 1000, 1000, 1000]
current_hyper_parameter
v: [25.72, 27.03, 16.9, 12.02, 19.52, 17.48, 27.53, 16.29, 24.52, 29.63, 12.0, 28.44, 25.2, 12.0]
a: [86.14, 149.89, 121.75, 50.0, 77.13, 88.99, 151.48, 145.46, 50.0, 156.36, 50.0, 152.43, 105.65, 50.0]
d: [4.46, 6.2, 3.5, 3.97, 4.9, 3.57, 4.75, 4.98, 3.5, 4.51, 3.5, 4.61, 4.21, 2.0]
BEST_hyper_parameter
v: [12.0, 12.0, 16.9, 12.0, 19.52, 17.48, 16.33, 30.07, 24.52, 28.15, 12.0, 12.0, 15.44, 12.0]
a: [50.0, 50.0, 121.75, 50.0, 77.13, 88.99, 50.0, 50.78, 50.0, 58.28, 50.0, 50.0, 50.0, 50.0]
d: [3.5, 3.5, 3.5, 3.5, 4.9, 3.57, 6.28, 6.09, 3.5, 4.51, 3.5, 3.5, 3.5, 2.0]

iteration: 13
best: [5.91, 7.32, 10.04, 13.33, 16.25, 21.8, 37.59, 41.04, 42.99, 45.13, 56.94, 59.84, 62.81, 64.6]
time: [5.9, 7.32, 10.06, 13.32, 1000, 1000, 1000, 1000, 1000, 1000, 1000, 1000, 1000, 1000]
current_hyper_parameter
v: [25.72, 27.03, 16.9, 12.02, 19.52, 29.19, 14.03, 30.07, 26.7, 24.88, 27.37, 24.5, 26.84, 12.0]
a: [86.14, 149.89, 121.75, 50.0, 77.13, 21.65, 78.38, 50.78, 26.41, 133.65, 72.25, 50.0, 50.0, 50.0]
d: [4.46, 6.2, 3.5, 3.97, 4.9, 5.67, 6.28, 6.09, 3.5, 5.35, 4.29, 4.55, 3.5, 2.0]
BEST_hyper_parameter
v: [25.72, 27.03, 16.9, 12.02, 19.52, 17.48, 16.33, 30.07, 24.52, 28.15, 12.0, 12.0, 15.44, 12.0]
a: [86.14, 149.89, 121.75, 50.0, 77.13, 88.99, 50.0, 50.78, 50.0, 58.28, 50.0, 50.0, 50.0, 50.0]
d: [4.46, 6.2, 3.5, 3.97, 4.9, 3.57, 6.28, 6.09, 3.5, 4.51, 3.5, 3.5, 3.5, 2.0]
mutation at idx = 3

iteration: 14
best: [5.91, 7.32, 10.04, 13.33, 16.25, 21.8, 37.59, 41.04, 42.99, 45.13, 56.94, 59.84, 62.81, 64.6]
time: [5.93, 7.32, 10.04, 12.87, 18.76, 28.27, 42.02, 1000, 1000, 1000, 1000, 1000, 1000, 1000]
current_hyper_parameter
v: [25.72, 27.03, 16.9, 17.16, 20.71, 9.31, 22.47, 14.25, 15.78, 28.15, 16.13, 14.73, 26.54, 19.01]
a: [86.14, 149.89, 121.75, 70.34, 98.75, 88.99, 50.0, 29.52, 72.88, 58.28, 134.38, 50.0, 100.71, 98.71]
d: [4.46, 6.2, 3.5, 4.83, 6.27, 3.57, 6.28, 4.6, 3.5, 4.51, 3.72, 5.89, 3.5, 2.0]
BEST_hyper_parameter
v: [25.72, 27.03, 16.9, 12.02, 19.52, 17.48, 16.33, 30.07, 24.52, 28.15, 12.0, 12.0, 15.44, 12.0]
a: [86.14, 149.89, 121.75, 50.0, 77.13, 88.99, 50.0, 50.78, 50.0, 58.28, 50.0, 50.0, 50.0, 50.0]
d: [4.46, 6.2, 3.5, 3.97, 4.9, 3.57, 6.28, 6.09, 3.5, 4.51, 3.5, 3.5, 3.5, 2.0]
mutation at idx = 2

iteration: 15
best: [5.91, 7.32, 10.04, 13.33, 16.25, 21.8, 37.59, 41.04, 42.99, 45.13, 56.94, 59.84, 62.81, 64.6]
time: [5.92, 7.32, 10.29, 13.91, 19.73, 23.43, 38.2, 41.56, 43.01, 45.46, 1000, 1000, 1000, 1000]
current_hyper_parameter
v: [25.72, 27.03, 19.18, 12.02, 20.58, 17.31, 16.33, 30.07, 28.29, 9.88, 12.0, 13.3, 32.36, 11.15]
a: [86.14, 149.89, 46.96, 50.0, 96.45, 88.99, 50.0, 50.78, 118.97, 135.41, 50.0, 109.07, 69.68, 139.45]
d: [4.46, 6.2, 3.5, 3.97, 4.9, 3.57, 6.28, 6.09, 3.5, 4.51, 3.5, 3.7, 3.5, 2.0]
BEST_hyper_parameter
v: [25.72, 27.03, 16.9, 12.02, 19.52, 17.48, 16.33, 30.07, 24.52, 28.15, 12.0, 12.0, 15.44, 12.0]
a: [86.14, 149.89, 121.75, 50.0, 77.13, 88.99, 50.0, 50.78, 50.0, 58.28, 50.0, 50.0, 50.0, 50.0]
d: [4.46, 6.2, 3.5, 3.97, 4.9, 3.57, 6.28, 6.09, 3.5, 4.51, 3.5, 3.5, 3.5, 2.0]

iteration: 16
best: [5.91, 7.32, 10.04, 13.33, 16.25, 21.8, 37.59, 41.04, 42.99, 45.13, 56.94, 59.84, 62.81, 64.6]
time: [5.92, 7.31, 10.03, 13.02, 1000, 1000, 1000, 1000, 1000, 1000, 1000, 1000, 1000, 1000]
current_hyper_parameter
v: [25.72, 27.03, 16.9, 21.16, 15.71, 11.85, 16.33, 30.07, 33.07, 22.48, 24.68, 15.25, 32.79, 19.7]
a: [86.14, 149.89, 121.75, 50.0, 73.1, 95.09, 50.0, 50.78, 59.23, 58.28, 153.97, 66.99, 50.0, 98.16]
d: [4.46, 6.2, 3.5, 5.27, 6.24, 4.17, 6.28, 6.09, 3.5, 4.51, 5.25, 3.5, 3.5, 2.0]
BEST_hyper_parameter
v: [25.72, 27.03, 16.9, 12.02, 19.52, 17.48, 16.33, 30.07, 24.52, 28.15, 12.0, 12.0, 15.44, 12.0]
a: [86.14, 149.89, 121.75, 50.0, 77.13, 88.99, 50.0, 50.78, 50.0, 58.28, 50.0, 50.0, 50.0, 50.0]
d: [4.46, 6.2, 3.5, 3.97, 4.9, 3.57, 6.28, 6.09, 3.5, 4.51, 3.5, 3.5, 3.5, 2.0]
mutation at idx = 1

iteration: 17
best: [5.91, 7.32, 10.04, 13.33, 16.25, 21.8, 37.59, 41.04, 42.99, 45.13, 56.94, 59.84, 62.81, 64.6]
time: [5.91, 7.28, 9.94, 13.43, 1000, 1000, 1000, 1000, 1000, 1000, 1000, 1000, 1000, 1000]
current_hyper_parameter
v: [25.72, 31.66, 16.9, 12.02, 23.37, 14.64, 19.53, 29.61, 14.8, 28.73, 12.0, 27.66, 15.44, 12.0]
a: [86.14, 149.89, 121.75, 50.0, 25.76, 106.6, 95.82, 84.36, 50.0, 131.95, 50.0, 153.97, 50.0, 50.0]
d: [4.46, 5.24, 3.5, 3.97, 4.95, 4.15, 6.28, 3.55, 5.82, 5.48, 3.5, 4.9, 3.5, 2.0]
BEST_hyper_parameter
v: [25.72, 27.03, 16.9, 12.02, 19.52, 17.48, 16.33, 30.07, 24.52, 28.15, 12.0, 12.0, 15.44, 12.0]
a: [86.14, 149.89, 121.75, 50.0, 77.13, 88.99, 50.0, 50.78, 50.0, 58.28, 50.0, 50.0, 50.0, 50.0]
d: [4.46, 6.2, 3.5, 3.97, 4.9, 3.57, 6.28, 6.09, 3.5, 4.51, 3.5, 3.5, 3.5, 2.0]

iteration: 18
best: [5.91, 7.32, 10.04, 13.33, 16.25, 21.8, 37.59, 41.04, 42.99, 45.13, 56.94, 59.84, 62.81, 64.6]
time: [5.92, 7.34, 10.06, 13.32, 18.98, 23.77, 41.06, 51.22, 54.71, 56.82, 1000, 1000, 1000, 1000]
current_hyper_parameter
v: [25.72, 27.03, 16.9, 12.02, 27.05, 22.85, 16.33, 32.43, 24.52, 26.94, 27.14, 21.29, 13.53, 8.77]
a: [86.14, 149.89, 121.75, 50.0, 106.4, 38.62, 50.0, 134.0, 50.0, 58.28, 24.05, 103.01, 50.0, 149.53]
d: [4.46, 6.2, 3.5, 3.97, 4.9, 3.57, 6.28, 5.88, 3.5, 4.51, 4.35, 6.02, 3.5, 2.0]
BEST_hyper_parameter
v: [25.72, 27.03, 16.9, 12.02, 19.52, 17.48, 16.33, 30.07, 24.52, 28.15, 12.0, 12.0, 15.44, 12.0]
a: [86.14, 149.89, 121.75, 50.0, 77.13, 88.99, 50.0, 50.78, 50.0, 58.28, 50.0, 50.0, 50.0, 50.0]
d: [4.46, 6.2, 3.5, 3.97, 4.9, 3.57, 6.28, 6.09, 3.5, 4.51, 3.5, 3.5, 3.5, 2.0]

iteration: 19
best: [5.91, 7.32, 10.04, 13.33, 16.25, 21.8, 37.59, 41.04, 42.99, 45.13, 56.94, 59.84, 62.81, 64.6]
time: [5.93, 7.25, 9.81, 13.0, 15.92, 19.71, 34.71, 38.33, 39.84, 41.64, 51.52, 54.75, 58.09, 60.13]
current_hyper_parameter
v: [25.72, 27.03, 16.9, 12.02, 19.52, 19.5, 19.45, 23.23, 23.41, 28.15, 13.08, 16.28, 9.05, 31.48]
a: [86.14, 149.89, 121.75, 50.0, 77.13, 54.79, 43.08, 36.54, 96.11, 58.28, 50.0, 42.11, 50.0, 41.0]
d: [4.46, 6.2, 3.5, 3.97, 4.9, 3.57, 4.84, 6.09, 3.5, 4.51, 3.65, 5.97, 3.5, 2.0]
BEST_hyper_parameter
v: [25.72, 27.03, 16.9, 12.02, 19.52, 17.48, 16.33, 30.07, 24.52, 28.15, 12.0, 12.0, 15.44, 12.0]
a: [86.14, 149.89, 121.75, 50.0, 77.13, 88.99, 50.0, 50.78, 50.0, 58.28, 50.0, 50.0, 50.0, 50.0]
d: [4.46, 6.2, 3.5, 3.97, 4.9, 3.57, 6.28, 6.09, 3.5, 4.51, 3.5, 3.5, 3.5, 2.0]
WIN: random_idx = 11

iteration: 20
best: [5.91, 7.32, 10.04, 13.33, 16.25, 19.71, 34.71, 38.33, 39.84, 41.64, 51.52, 54.75, 58.09, 60.13]
time: [5.89, 7.2, 9.75, 12.99, 19.01, 22.5, 37.67, 41.37, 42.91, 44.66, 50.27, 1000, 1000, 1000]
current_hyper_parameter
v: [25.72, 27.03, 16.9, 12.02, 19.52, 19.5, 19.45, 23.23, 23.41, 28.15, 13.08, 18.23, 9.05, 31.48]
a: [86.14, 149.89, 121.75, 50.0, 77.13, 54.79, 43.08, 36.54, 96.11, 58.28, 50.0, 42.4, 50.0, 41.0]
d: [4.46, 6.2, 3.5, 3.97, 4.9, 3.57, 4.84, 6.09, 3.5, 4.51, 3.65, 5.97, 3.5, 2.0]
BEST_hyper_parameter
v: [25.72, 27.03, 16.9, 12.02, 19.52, 19.5, 19.45, 23.23, 23.41, 28.15, 13.08, 16.28, 9.05, 31.48]
a: [86.14, 149.89, 121.75, 50.0, 77.13, 54.79, 43.08, 36.54, 96.11, 58.28, 50.0, 42.11, 50.0, 41.0]
d: [4.46, 6.2, 3.5, 3.97, 4.9, 3.57, 4.84, 6.09, 3.5, 4.51, 3.65, 5.97, 3.5, 2.0]

iteration: 21
best: [5.91, 7.32, 10.04, 13.33, 16.25, 19.71, 34.71, 38.33, 39.84, 41.64, 51.52, 54.75, 58.09, 60.13]
time: [5.92, 7.34, 10.06, 13.32, 1000, 1000, 1000, 1000, 1000, 1000, 1000, 1000, 1000, 1000]
current_hyper_parameter
v: [25.72, 27.03, 16.9, 12.02, 30.97, 19.5, 14.54, 26.25, 27.23, 17.59, 32.18, 26.84, 17.9, 13.5]
a: [86.14, 149.89, 121.75, 50.0, 148.43, 54.79, 31.23, 41.7, 96.11, 58.28, 146.25, 97.63, 145.25, 41.0]
d: [4.46, 6.2, 3.5, 3.97, 4.9, 3.57, 5.3, 6.09, 5.61, 3.89, 3.65, 5.97, 3.5, 2.0]
BEST_hyper_parameter
v: [25.72, 27.03, 16.9, 12.02, 19.52, 19.5, 19.45, 23.23, 23.41, 28.15, 13.08, 16.28, 9.05, 31.48]
a: [86.14, 149.89, 121.75, 50.0, 77.13, 54.79, 43.08, 36.54, 96.11, 58.28, 50.0, 42.11, 50.0, 41.0]
d: [4.46, 6.2, 3.5, 3.97, 4.9, 3.57, 4.84, 6.09, 3.5, 4.51, 3.65, 5.97, 3.5, 2.0]
mutation at idx = 0

iteration: 22
best: [5.91, 7.32, 10.04, 13.33, 16.25, 19.71, 34.71, 38.33, 39.84, 41.64, 51.52, 54.75, 58.09, 60.13]
time: [5.91, 7.27, 10.02, 13.27, 1000, 1000, 1000, 1000, 1000, 1000, 1000, 1000, 1000, 1000]
current_hyper_parameter
v: [29.48, 27.03, 16.9, 12.02, 31.49, 12.18, 30.75, 16.3, 15.06, 28.15, 10.34, 16.65, 9.05, 31.48]
a: [83.02, 149.89, 121.75, 50.0, 130.8, 30.73, 116.54, 36.54, 21.59, 58.28, 117.01, 42.11, 50.0, 41.0]
d: [6.38, 6.2, 3.5, 3.97, 4.9, 3.57, 5.73, 6.09, 3.99, 4.51, 5.56, 5.97, 3.5, 2.0]
BEST_hyper_parameter
v: [25.72, 27.03, 16.9, 12.02, 19.52, 19.5, 19.45, 23.23, 23.41, 28.15, 13.08, 16.28, 9.05, 31.48]
a: [86.14, 149.89, 121.75, 50.0, 77.13, 54.79, 43.08, 36.54, 96.11, 58.28, 50.0, 42.11, 50.0, 41.0]
d: [4.46, 6.2, 3.5, 3.97, 4.9, 3.57, 4.84, 6.09, 3.5, 4.51, 3.65, 5.97, 3.5, 2.0]
mutation at idx = 3

iteration: 23
best: [5.91, 7.32, 10.04, 13.33, 16.25, 19.71, 34.71, 38.33, 39.84, 41.64, 51.52, 54.75, 58.09, 60.13]
time: [5.94, 7.37, 10.09, 13.1, 19.47, 34.57, 50.07, 57.58, 60.38, 1000, 1000, 1000, 1000, 1000]
current_hyper_parameter
v: [25.72, 27.03, 16.9, 15.67, 19.52, 19.5, 34.96, 33.28, 23.41, 28.15, 19.86, 17.23, 9.05, 31.48]
a: [86.14, 149.89, 121.75, 50.0, 77.13, 54.79, 29.25, 36.54, 96.11, 58.28, 37.22, 93.8, 50.0, 41.0]
d: [4.46, 6.2, 3.5, 5.67, 4.9, 3.57, 4.84, 6.22, 3.5, 4.51, 3.91, 5.97, 3.5, 2.0]
BEST_hyper_parameter
v: [25.72, 27.03, 16.9, 12.02, 19.52, 19.5, 19.45, 23.23, 23.41, 28.15, 13.08, 16.28, 9.05, 31.48]
a: [86.14, 149.89, 121.75, 50.0, 77.13, 54.79, 43.08, 36.54, 96.11, 58.28, 50.0, 42.11, 50.0, 41.0]
d: [4.46, 6.2, 3.5, 3.97, 4.9, 3.57, 4.84, 6.09, 3.5, 4.51, 3.65, 5.97, 3.5, 2.0]
