
iteration: 1
best: [5.91, 7.32, 10.04, 13.33, 16.25, 19.71, 34.71, 38.33, 39.84, 41.64, 51.52, 54.75, 58.09, 60.13]
time: [5.82, 7.16, 9.77, 13.03, 19.01, 22.65, 37.73, 41.63, 43.18, 44.96, 61.91, 1000, 1000, 1000]
current_hyper_parameter
v: [25.72, 27.03, 16.9, 12.02, 19.52, 19.5, 19.45, 23.23, 23.41, 28.15, 13.08, 16.28, 9.05, 31.48]
a: [86.14, 149.89, 121.75, 50.0, 77.13, 54.79, 43.08, 36.54, 96.11, 58.28, 50.0, 42.11, 50.0, 41.0]
d: [4.46, 6.2, 3.5, 3.97, 4.9, 3.57, 4.84, 6.09, 3.5, 4.51, 3.65, 5.97, 3.5, 2.0]
BEST_hyper_parameter
v: [25.72, 27.03, 16.9, 12.02, 19.52, 19.5, 19.45, 23.23, 23.41, 28.15, 13.08, 16.28, 9.05, 31.48]
a: [86.14, 149.89, 121.75, 50.0, 77.13, 54.79, 43.08, 36.54, 96.11, 58.28, 50.0, 42.11, 50.0, 41.0]
d: [4.46, 6.2, 3.5, 3.97, 4.9, 3.57, 4.84, 6.09, 3.5, 4.51, 3.65, 5.97, 3.5, 2.0]

iteration: 2
best: [5.91, 7.32, 10.04, 13.33, 16.25, 19.71, 34.71, 38.33, 39.84, 41.64, 51.52, 54.75, 58.09, 60.13]
time: [5.91, 7.33, 10.04, 13.32, 19.46, 23.84, 38.57, 41.65, 55.8, 1000, 1000, 1000, 1000, 1000]
current_hyper_parameter
v: [25.72, 27.03, 16.9, 12.02, 19.52, 27.75, 17.26, 15.16, 9.69, 10.32, 34.18, 23.24, 30.32, 14.86]
a: [86.14, 149.89, 121.75, 50.0, 77.13, 54.79, 114.36, 142.65, 47.03, 58.28, 93.36, 76.47, 100.47, 41.0]
d: [4.46, 6.2, 3.5, 3.97, 4.9, 5.08, 4.84, 6.09, 3.5, 4.51, 3.65, 5.97, 3.5, 2.0]
BEST_hyper_parameter
v: [25.72, 27.03, 16.9, 12.02, 19.52, 19.5, 19.45, 23.23, 23.41, 28.15, 13.08, 16.28, 9.05, 31.48]
a: [86.14, 149.89, 121.75, 50.0, 77.13, 54.79, 43.08, 36.54, 96.11, 58.28, 50.0, 42.11, 50.0, 41.0]
d: [4.46, 6.2, 3.5, 3.97, 4.9, 3.57, 4.84, 6.09, 3.5, 4.51, 3.65, 5.97, 3.5, 2.0]

iteration: 3
best: [5.91, 7.32, 10.04, 13.33, 16.25, 19.71, 34.71, 38.33, 39.84, 41.64, 51.52, 54.75, 58.09, 60.13]
time: [5.92, 7.34, 10.07, 13.38, 1000, 1000, 1000, 1000, 1000, 1000, 1000, 1000, 1000, 1000]
current_hyper_parameter
v: [25.72, 27.03, 16.9, 12.02, 14.11, 26.36, 16.53, 32.86, 8.82, 14.0, 15.57, 27.22, 12.84, 8.77]
a: [86.14, 149.89, 121.75, 50.0, 35.27, 137.72, 39.84, 143.16, 134.23, 58.28, 57.2, 42.11, 129.64, 41.0]
d: [4.46, 6.2, 3.5, 3.97, 4.9, 5.95, 5.58, 6.09, 4.01, 3.68, 3.65, 5.46, 3.5, 2.0]
BEST_hyper_parameter
v: [25.72, 27.03, 16.9, 12.02, 19.52, 19.5, 19.45, 23.23, 23.41, 28.15, 13.08, 16.28, 9.05, 31.48]
a: [86.14, 149.89, 121.75, 50.0, 77.13, 54.79, 43.08, 36.54, 96.11, 58.28, 50.0, 42.11, 50.0, 41.0]
d: [4.46, 6.2, 3.5, 3.97, 4.9, 3.57, 4.84, 6.09, 3.5, 4.51, 3.65, 5.97, 3.5, 2.0]
mutation at idx = 0
mutation at idx = 3

iteration: 4
best: [5.91, 7.32, 10.04, 13.33, 16.25, 19.71, 34.71, 38.33, 39.84, 41.64, 51.52, 54.75, 58.09, 60.13]
time: [5.7, 6.98, 9.52, 12.65, 18.71, 30.28, 44.69, 50.07, 1000, 1000, 1000, 1000, 1000, 1000]
current_hyper_parameter
v: [33.49, 27.03, 16.9, 29.94, 17.77, 11.87, 19.45, 34.29, 26.74, 23.22, 13.08, 16.28, 9.05, 34.8]
a: [136.55, 149.89, 121.75, 50.0, 87.4, 107.57, 43.08, 140.59, 96.11, 58.28, 50.0, 42.11, 50.0, 111.87]
d: [4.46, 6.2, 3.5, 4.93, 4.9, 3.57, 4.84, 4.2, 3.5, 4.41, 3.65, 5.97, 3.5, 2.0]
BEST_hyper_parameter
v: [25.72, 27.03, 16.9, 12.02, 19.52, 19.5, 19.45, 23.23, 23.41, 28.15, 13.08, 16.28, 9.05, 31.48]
a: [86.14, 149.89, 121.75, 50.0, 77.13, 54.79, 43.08, 36.54, 96.11, 58.28, 50.0, 42.11, 50.0, 41.0]
d: [4.46, 6.2, 3.5, 3.97, 4.9, 3.57, 4.84, 6.09, 3.5, 4.51, 3.65, 5.97, 3.5, 2.0]
mutation at idx = 2

iteration: 5
best: [5.91, 7.32, 9.52, 12.65, 16.25, 19.71, 34.71, 38.33, 39.84, 41.64, 51.52, 54.75, 58.09, 60.13]
time: [5.84, 7.18, 9.67, 12.37, 18.52, 21.27, 34.91, 37.68, 39.7, 42.63, 44.29, 1000, 1000, 1000]
current_hyper_parameter
v: [25.72, 27.03, 22.2, 29.94, 16.29, 28.47, 26.95, 33.28, 27.2, 28.15, 13.08, 8.96, 26.66, 22.98]
a: [86.14, 149.89, 121.75, 50.0, 80.23, 98.16, 85.55, 122.91, 79.7, 58.28, 50.0, 42.11, 121.79, 138.68]
d: [4.46, 6.2, 5.69, 4.93, 5.97, 3.79, 4.84, 4.38, 3.51, 4.51, 3.65, 6.19, 3.95, 2.0]
BEST_hyper_parameter
v: [25.72, 27.03, 16.9, 29.94, 19.52, 19.5, 19.45, 23.23, 23.41, 28.15, 13.08, 16.28, 9.05, 31.48]
a: [86.14, 149.89, 121.75, 50.0, 77.13, 54.79, 43.08, 36.54, 96.11, 58.28, 50.0, 42.11, 50.0, 41.0]
d: [4.46, 6.2, 3.5, 4.93, 4.9, 3.57, 4.84, 6.09, 3.5, 4.51, 3.65, 5.97, 3.5, 2.0]
mutation at idx = 1

iteration: 6
best: [5.91, 7.32, 9.52, 12.65, 16.25, 19.71, 34.71, 38.33, 39.84, 41.64, 51.52, 54.75, 58.09, 60.13]
time: [5.91, 7.31, 9.97, 12.97, 19.28, 24.35, 40.04, 43.82, 45.31, 1000, 1000, 1000, 1000, 1000]
current_hyper_parameter
v: [25.72, 31.51, 16.9, 29.94, 14.5, 16.06, 19.45, 21.43, 23.41, 10.81, 13.08, 15.43, 22.12, 9.44]
a: [86.14, 154.06, 121.75, 50.0, 77.13, 40.49, 43.08, 36.85, 96.11, 58.28, 50.0, 43.37, 50.0, 115.33]
d: [4.46, 6.2, 3.5, 4.93, 4.9, 4.69, 4.84, 5.65, 3.5, 5.58, 3.65, 4.3, 6.25, 2.0]
BEST_hyper_parameter
v: [25.72, 27.03, 16.9, 29.94, 19.52, 19.5, 19.45, 23.23, 23.41, 28.15, 13.08, 16.28, 9.05, 31.48]
a: [86.14, 149.89, 121.75, 50.0, 77.13, 54.79, 43.08, 36.54, 96.11, 58.28, 50.0, 42.11, 50.0, 41.0]
d: [4.46, 6.2, 3.5, 4.93, 4.9, 3.57, 4.84, 6.09, 3.5, 4.51, 3.65, 5.97, 3.5, 2.0]

iteration: 7
best: [5.91, 7.32, 9.52, 12.65, 16.25, 19.71, 34.71, 38.33, 39.84, 41.64, 51.52, 54.75, 58.09, 60.13]
time: [5.95, 7.34, 10.06, 13.14, 19.14, 24.11, 43.19, 47.74, 49.85, 52.5, 54.12, 57.04, 58.54, 1000]
current_hyper_parameter
v: [25.72, 27.03, 16.9, 29.94, 19.78, 13.05, 12.65, 8.71, 10.23, 18.8, 13.08, 25.41, 22.3, 30.87]
a: [86.14, 149.89, 121.75, 50.0, 93.04, 54.79, 121.87, 142.01, 96.11, 39.51, 50.0, 42.11, 118.95, 71.82]
d: [4.46, 6.2, 3.5, 4.93, 4.49, 3.86, 4.14, 6.09, 3.5, 4.51, 3.65, 4.06, 3.5, 2.0]
BEST_hyper_parameter
v: [25.72, 27.03, 16.9, 29.94, 19.52, 19.5, 19.45, 23.23, 23.41, 28.15, 13.08, 16.28, 9.05, 31.48]
a: [86.14, 149.89, 121.75, 50.0, 77.13, 54.79, 43.08, 36.54, 96.11, 58.28, 50.0, 42.11, 50.0, 41.0]
d: [4.46, 6.2, 3.5, 4.93, 4.9, 3.57, 4.84, 6.09, 3.5, 4.51, 3.65, 5.97, 3.5, 2.0]

iteration: 8
best: [5.91, 7.32, 9.52, 12.65, 16.25, 19.71, 34.71, 38.33, 39.84, 41.64, 51.52, 54.75, 58.09, 60.13]
time: [5.92, 7.28, 10.28, 13.54, 19.32, 45.98, 59.06, 1000, 1000, 1000, 1000, 1000, 1000, 1000]
current_hyper_parameter
v: [25.72, 27.03, 21.47, 16.48, 26.63, 16.08, 22.82, 23.23, 31.92, 23.63, 8.69, 25.32, 26.3, 31.74]
a: [86.14, 149.89, 50.46, 50.0, 76.7, 107.83, 43.08, 36.54, 96.11, 58.28, 66.72, 97.6, 148.49, 41.0]
d: [4.46, 6.2, 4.94, 4.93, 5.16, 3.57, 4.84, 6.09, 5.98, 4.51, 4.0, 5.97, 4.39, 2.0]
BEST_hyper_parameter
v: [25.72, 27.03, 16.9, 29.94, 19.52, 19.5, 19.45, 23.23, 23.41, 28.15, 13.08, 16.28, 9.05, 31.48]
a: [86.14, 149.89, 121.75, 50.0, 77.13, 54.79, 43.08, 36.54, 96.11, 58.28, 50.0, 42.11, 50.0, 41.0]
d: [4.46, 6.2, 3.5, 4.93, 4.9, 3.57, 4.84, 6.09, 3.5, 4.51, 3.65, 5.97, 3.5, 2.0]

iteration: 9
best: [5.91, 7.32, 9.52, 12.65, 16.25, 19.71, 34.71, 38.33, 39.84, 41.64, 51.52, 54.75, 58.09, 60.13]
time: [5.92, 7.32, 10.05, 1000, 1000, 1000, 1000, 1000, 1000, 1000, 1000, 1000, 1000, 1000]
current_hyper_parameter
v: [25.72, 27.03, 16.9, 32.63, 30.23, 31.7, 19.45, 18.59, 23.41, 11.69, 26.46, 17.67, 9.05, 31.48]
a: [86.14, 149.89, 121.75, 148.05, 25.99, 54.79, 43.08, 36.54, 96.11, 58.28, 49.39, 142.74, 50.0, 41.0]
d: [4.46, 6.2, 3.5, 6.3, 3.65, 6.34, 4.84, 3.51, 3.5, 4.48, 3.65, 5.85, 3.5, 2.0]
BEST_hyper_parameter
v: [25.72, 27.03, 16.9, 29.94, 19.52, 19.5, 19.45, 23.23, 23.41, 28.15, 13.08, 16.28, 9.05, 31.48]
a: [86.14, 149.89, 121.75, 50.0, 77.13, 54.79, 43.08, 36.54, 96.11, 58.28, 50.0, 42.11, 50.0, 41.0]
d: [4.46, 6.2, 3.5, 4.93, 4.9, 3.57, 4.84, 6.09, 3.5, 4.51, 3.65, 5.97, 3.5, 2.0]

iteration: 10
best: [5.91, 7.32, 9.52, 12.65, 16.25, 19.71, 34.71, 38.33, 39.84, 41.64, 51.52, 54.75, 58.09, 60.13]
time: [5.83, 7.2, 10.06, 13.21, 18.72, 22.07, 33.11, 35.84, 37.33, 39.27, 1000, 1000, 1000, 1000]
current_hyper_parameter
v: [25.72, 27.03, 15.24, 29.94, 31.6, 18.44, 20.38, 31.88, 12.31, 33.78, 20.58, 33.45, 28.97, 31.48]
a: [86.14, 149.89, 106.57, 50.0, 144.28, 151.37, 129.02, 86.85, 96.11, 49.14, 64.11, 88.11, 50.0, 41.0]
d: [4.46, 6.2, 3.5, 4.93, 4.9, 4.59, 4.93, 4.85, 3.68, 4.86, 4.04, 5.69, 3.5, 2.0]
BEST_hyper_parameter
v: [25.72, 27.03, 16.9, 29.94, 19.52, 19.5, 19.45, 23.23, 23.41, 28.15, 13.08, 16.28, 9.05, 31.48]
a: [86.14, 149.89, 121.75, 50.0, 77.13, 54.79, 43.08, 36.54, 96.11, 58.28, 50.0, 42.11, 50.0, 41.0]
d: [4.46, 6.2, 3.5, 4.93, 4.9, 3.57, 4.84, 6.09, 3.5, 4.51, 3.65, 5.97, 3.5, 2.0]

iteration: 11
best: [5.91, 7.32, 9.52, 12.65, 16.25, 19.71, 34.71, 38.33, 39.84, 41.64, 51.52, 54.75, 58.09, 60.13]
time: [5.91, 7.25, 9.6, 12.45, 22.96, 26.56, 41.47, 45.36, 46.86, 48.59, 57.74, 60.89, 1000, 1000]
current_hyper_parameter
v: [25.72, 27.03, 25.02, 21.37, 18.01, 19.5, 19.45, 23.23, 23.41, 30.79, 13.08, 13.12, 16.11, 31.48]
a: [86.14, 149.89, 145.84, 55.68, 77.13, 54.79, 43.08, 36.54, 96.11, 58.28, 50.0, 42.11, 27.51, 41.0]
d: [4.46, 6.2, 3.5, 4.05, 4.9, 3.57, 4.84, 6.09, 3.5, 3.73, 3.65, 5.97, 3.5, 2.0]
BEST_hyper_parameter
v: [25.72, 27.03, 16.9, 29.94, 19.52, 19.5, 19.45, 23.23, 23.41, 28.15, 13.08, 16.28, 9.05, 31.48]
a: [86.14, 149.89, 121.75, 50.0, 77.13, 54.79, 43.08, 36.54, 96.11, 58.28, 50.0, 42.11, 50.0, 41.0]
d: [4.46, 6.2, 3.5, 4.93, 4.9, 3.57, 4.84, 6.09, 3.5, 4.51, 3.65, 5.97, 3.5, 2.0]

iteration: 12
best: [5.91, 7.32, 9.52, 12.65, 16.25, 19.71, 34.71, 38.33, 39.84, 41.64, 51.52, 54.75, 58.09, 60.13]
time: [5.93, 7.33, 10.05, 13.05, 18.43, 23.71, 36.56, 1000, 1000, 1000, 1000, 1000, 1000, 1000]
current_hyper_parameter
v: [25.72, 27.03, 16.9, 29.94, 34.38, 8.64, 22.49, 23.23, 32.13, 33.77, 34.43, 16.28, 32.5, 31.48]
a: [86.14, 149.89, 121.75, 50.0, 146.25, 54.79, 117.15, 36.54, 34.87, 58.28, 52.86, 42.11, 50.0, 41.0]
d: [4.46, 6.2, 3.5, 4.93, 6.27, 3.57, 4.84, 6.09, 6.28, 5.37, 3.65, 5.97, 3.5, 2.0]
BEST_hyper_parameter
v: [25.72, 27.03, 16.9, 29.94, 19.52, 19.5, 19.45, 23.23, 23.41, 28.15, 13.08, 16.28, 9.05, 31.48]
a: [86.14, 149.89, 121.75, 50.0, 77.13, 54.79, 43.08, 36.54, 96.11, 58.28, 50.0, 42.11, 50.0, 41.0]
d: [4.46, 6.2, 3.5, 4.93, 4.9, 3.57, 4.84, 6.09, 3.5, 4.51, 3.65, 5.97, 3.5, 2.0]
mutation at idx = 0

iteration: 13
best: [5.91, 7.32, 9.52, 12.65, 16.25, 19.71, 34.71, 38.33, 39.84, 41.64, 51.52, 54.75, 58.09, 60.13]
time: [5.87, 7.17, 9.89, 12.88, 19.03, 21.79, 33.72, 37.9, 39.89, 41.86, 1000, 1000, 1000, 1000]
current_hyper_parameter
v: [32.88, 27.03, 13.53, 29.94, 22.19, 16.21, 34.38, 9.53, 12.4, 30.49, 26.85, 27.75, 32.61, 31.48]
a: [86.14, 149.89, 121.75, 50.0, 59.47, 142.75, 43.08, 36.54, 128.74, 56.26, 151.34, 62.14, 50.0, 41.0]
d: [5.7, 6.2, 3.5, 4.93, 4.9, 3.57, 4.08, 3.86, 3.5, 4.51, 3.98, 5.97, 3.5, 2.0]
BEST_hyper_parameter
v: [25.72, 27.03, 16.9, 29.94, 19.52, 19.5, 19.45, 23.23, 23.41, 28.15, 13.08, 16.28, 9.05, 31.48]
a: [86.14, 149.89, 121.75, 50.0, 77.13, 54.79, 43.08, 36.54, 96.11, 58.28, 50.0, 42.11, 50.0, 41.0]
d: [4.46, 6.2, 3.5, 4.93, 4.9, 3.57, 4.84, 6.09, 3.5, 4.51, 3.65, 5.97, 3.5, 2.0]

iteration: 14
best: [5.91, 7.32, 9.52, 12.65, 16.25, 19.71, 34.71, 38.33, 39.84, 41.64, 51.52, 54.75, 58.09, 60.13]
time: [5.83, 7.2, 9.94, 13.03, 19.97, 26.1, 45.0, 47.76, 1000, 1000, 1000, 1000, 1000, 1000]
current_hyper_parameter
v: [25.72, 27.03, 16.9, 29.94, 24.51, 12.16, 11.21, 32.31, 11.87, 28.25, 29.13, 16.28, 9.05, 31.48]
a: [86.14, 149.89, 121.75, 50.0, 148.96, 149.22, 31.58, 104.43, 47.58, 57.37, 50.0, 42.11, 50.0, 41.0]
d: [4.46, 6.2, 3.5, 4.93, 4.9, 3.57, 4.84, 6.09, 3.5, 3.8, 5.78, 5.97, 3.5, 2.0]
BEST_hyper_parameter
v: [25.72, 27.03, 16.9, 29.94, 19.52, 19.5, 19.45, 23.23, 23.41, 28.15, 13.08, 16.28, 9.05, 31.48]
a: [86.14, 149.89, 121.75, 50.0, 77.13, 54.79, 43.08, 36.54, 96.11, 58.28, 50.0, 42.11, 50.0, 41.0]
d: [4.46, 6.2, 3.5, 4.93, 4.9, 3.57, 4.84, 6.09, 3.5, 4.51, 3.65, 5.97, 3.5, 2.0]

iteration: 15
best: [5.91, 7.32, 9.52, 12.65, 16.25, 19.71, 34.71, 38.33, 39.84, 41.64, 51.52, 54.75, 58.09, 60.13]
time: [5.92, 7.32, 10.06, 13.02, 15.96, 22.13, 55.57, 63.78, 1000, 1000, 1000, 1000, 1000, 1000]
current_hyper_parameter
v: [25.72, 27.03, 16.9, 29.94, 19.52, 21.42, 9.48, 23.23, 24.74, 8.64, 23.0, 17.95, 16.01, 32.57]
a: [86.14, 149.89, 121.75, 50.0, 77.13, 23.72, 150.45, 36.54, 140.97, 58.28, 150.54, 80.76, 50.0, 52.66]
d: [4.46, 6.2, 3.5, 4.93, 4.9, 6.47, 3.76, 6.09, 3.5, 4.02, 3.65, 5.97, 3.5, 2.0]
BEST_hyper_parameter
v: [25.72, 27.03, 16.9, 29.94, 19.52, 19.5, 19.45, 23.23, 23.41, 28.15, 13.08, 16.28, 9.05, 31.48]
a: [86.14, 149.89, 121.75, 50.0, 77.13, 54.79, 43.08, 36.54, 96.11, 58.28, 50.0, 42.11, 50.0, 41.0]
d: [4.46, 6.2, 3.5, 4.93, 4.9, 3.57, 4.84, 6.09, 3.5, 4.51, 3.65, 5.97, 3.5, 2.0]

iteration: 16
best: [5.91, 7.32, 9.52, 12.65, 16.25, 19.71, 34.71, 38.33, 39.84, 41.64, 51.52, 54.75, 58.09, 60.13]
time: [5.92, 7.34, 1000, 1000, 1000, 1000, 1000, 1000, 1000, 1000, 1000, 1000, 1000, 1000]
current_hyper_parameter
v: [25.72, 27.03, 20.72, 11.19, 31.94, 31.8, 21.66, 21.02, 23.41, 16.16, 10.64, 30.96, 9.05, 11.41]
a: [86.14, 149.89, 23.38, 50.0, 71.99, 143.94, 158.06, 152.64, 96.11, 65.43, 91.8, 42.11, 50.0, 53.63]
d: [4.46, 6.2, 3.5, 4.92, 5.0, 3.57, 4.84, 6.09, 3.5, 4.51, 4.88, 5.97, 3.5, 2.0]
BEST_hyper_parameter
v: [25.72, 27.03, 16.9, 29.94, 19.52, 19.5, 19.45, 23.23, 23.41, 28.15, 13.08, 16.28, 9.05, 31.48]
a: [86.14, 149.89, 121.75, 50.0, 77.13, 54.79, 43.08, 36.54, 96.11, 58.28, 50.0, 42.11, 50.0, 41.0]
d: [4.46, 6.2, 3.5, 4.93, 4.9, 3.57, 4.84, 6.09, 3.5, 4.51, 3.65, 5.97, 3.5, 2.0]

iteration: 17
best: [5.91, 7.32, 9.52, 12.65, 16.25, 19.71, 34.71, 38.33, 39.84, 41.64, 51.52, 54.75, 58.09, 60.13]
time: [5.92, 7.3, 9.56, 1000, 1000, 1000, 1000, 1000, 1000, 1000, 1000, 1000, 1000, 1000]
current_hyper_parameter
v: [25.72, 27.03, 30.32, 30.93, 11.11, 24.72, 18.25, 14.29, 27.88, 13.21, 13.08, 11.74, 29.1, 34.63]
a: [86.14, 149.89, 121.75, 112.01, 77.13, 35.63, 55.84, 36.54, 90.88, 58.28, 50.0, 123.59, 50.0, 50.2]
d: [4.46, 6.2, 5.42, 5.81, 4.25, 3.57, 4.84, 6.09, 6.15, 4.51, 3.65, 5.63, 5.02, 2.0]
BEST_hyper_parameter
v: [25.72, 27.03, 16.9, 29.94, 19.52, 19.5, 19.45, 23.23, 23.41, 28.15, 13.08, 16.28, 9.05, 31.48]
a: [86.14, 149.89, 121.75, 50.0, 77.13, 54.79, 43.08, 36.54, 96.11, 58.28, 50.0, 42.11, 50.0, 41.0]
d: [4.46, 6.2, 3.5, 4.93, 4.9, 3.57, 4.84, 6.09, 3.5, 4.51, 3.65, 5.97, 3.5, 2.0]

iteration: 18
best: [5.91, 7.32, 9.52, 12.65, 16.25, 19.71, 34.71, 38.33, 39.84, 41.64, 51.52, 54.75, 58.09, 60.13]
time: [5.84, 7.19, 9.94, 1000, 1000, 1000, 1000, 1000, 1000, 1000, 1000, 1000, 1000, 1000]
current_hyper_parameter
v: [25.72, 27.03, 16.9, 11.29, 10.59, 19.5, 12.24, 12.05, 13.1, 11.26, 20.67, 27.55, 20.85, 17.68]
a: [86.14, 149.89, 121.75, 122.92, 77.13, 54.79, 43.08, 86.46, 96.11, 58.28, 50.0, 44.06, 118.44, 63.45]
d: [4.46, 6.2, 3.5, 5.44, 4.9, 3.57, 4.84, 6.09, 3.5, 4.51, 3.65, 4.78, 6.15, 2.0]
BEST_hyper_parameter
v: [25.72, 27.03, 16.9, 29.94, 19.52, 19.5, 19.45, 23.23, 23.41, 28.15, 13.08, 16.28, 9.05, 31.48]
a: [86.14, 149.89, 121.75, 50.0, 77.13, 54.79, 43.08, 36.54, 96.11, 58.28, 50.0, 42.11, 50.0, 41.0]
d: [4.46, 6.2, 3.5, 4.93, 4.9, 3.57, 4.84, 6.09, 3.5, 4.51, 3.65, 5.97, 3.5, 2.0]
