
iteration: 1
best: [5.83, 7.49, 9.45, 11.86, 15.23, 18.62, 28.51, 31.14, 39.85, 41.83, 43.95, 45.6, 50.29, 52.8]
time: [5.69, 7.27, 9.78, 15.07, 18.55, 21.09, 34.73, 38.96, 40.36, 41.81, 49.16, 51.72, 1000, 1000]
current_hyper_parameter
v: [19.79, 13.32, 31.49, 25.14, 16.33, 29.08, 26.71, 15.96, 30.8, 30.11, 11.71, 27.71, 26.58, 20.3]
a: [148.16, 128.78, 114.66, 89.54, 33.99, 141.75, 21.51, 35.54, 125.0, 104.57, 146.71, 100.21, 28.08, 25.18]
d: [3.81, 4.67, 5.1, 5.79, 3.54, 3.5, 6.45, 4.68, 4.94, 3.83, 6.12, 3.5, 5.47, 2.0]
BEST_hyper_parameter
v: [19.79, 13.32, 31.49, 25.14, 16.33, 29.08, 26.71, 15.96, 30.8, 30.11, 11.71, 27.71, 26.58, 20.3]
a: [148.16, 128.78, 114.66, 89.54, 33.99, 141.75, 21.51, 35.54, 125.0, 104.57, 146.71, 100.21, 28.08, 25.18]
d: [3.81, 4.67, 5.1, 5.79, 3.54, 3.5, 6.45, 4.68, 4.94, 3.83, 6.12, 3.5, 5.47, 2.0]

iteration: 2
best: [5.83, 7.49, 9.45, 11.86, 15.23, 18.62, 28.51, 31.14, 39.85, 41.83, 43.95, 45.6, 50.29, 52.8]
time: [5.8, 7.39, 9.98, 12.49, 14.84, 18.08, 26.3, 33.01, 35.96, 37.6, 1000, 1000, 1000, 1000]
current_hyper_parameter
v: [19.79, 13.32, 31.49, 17.46, 27.74, 29.08, 32.75, 13.43, 12.21, 30.11, 28.8, 16.85, 17.1, 10.11]
a: [148.16, 128.78, 114.66, 90.72, 128.93, 141.75, 109.49, 99.95, 125.0, 104.57, 66.58, 101.18, 28.08, 101.67]
d: [3.81, 4.67, 5.1, 5.03, 5.09, 3.5, 4.89, 6.36, 4.94, 3.83, 4.23, 5.22, 5.47, 2.0]
BEST_hyper_parameter
v: [19.79, 13.32, 31.49, 25.14, 16.33, 29.08, 26.71, 15.96, 30.8, 30.11, 11.71, 27.71, 26.58, 20.3]
a: [148.16, 128.78, 114.66, 89.54, 33.99, 141.75, 21.51, 35.54, 125.0, 104.57, 146.71, 100.21, 28.08, 25.18]
d: [3.81, 4.67, 5.1, 5.79, 3.54, 3.5, 6.45, 4.68, 4.94, 3.83, 6.12, 3.5, 5.47, 2.0]

iteration: 3
best: [5.83, 7.49, 9.45, 11.86, 15.23, 18.62, 28.51, 31.14, 39.85, 41.83, 43.95, 45.6, 50.29, 52.8]
time: [5.79, 7.39, 10.53, 13.34, 15.87, 19.2, 34.03, 37.82, 42.92, 44.44, 1000, 1000, 1000, 1000]
current_hyper_parameter
v: [19.79, 13.32, 20.44, 14.54, 22.1, 22.83, 17.45, 15.96, 9.47, 32.62, 11.71, 17.75, 9.09, 26.8]
a: [148.16, 128.78, 68.71, 95.13, 111.48, 141.75, 49.02, 35.54, 78.1, 129.32, 146.71, 34.19, 138.76, 28.71]
d: [3.81, 4.67, 5.1, 5.79, 3.54, 3.5, 6.45, 4.68, 4.94, 3.83, 6.12, 3.5, 5.47, 2.0]
BEST_hyper_parameter
v: [19.79, 13.32, 31.49, 25.14, 16.33, 29.08, 26.71, 15.96, 30.8, 30.11, 11.71, 27.71, 26.58, 20.3]
a: [148.16, 128.78, 114.66, 89.54, 33.99, 141.75, 21.51, 35.54, 125.0, 104.57, 146.71, 100.21, 28.08, 25.18]
d: [3.81, 4.67, 5.1, 5.79, 3.54, 3.5, 6.45, 4.68, 4.94, 3.83, 6.12, 3.5, 5.47, 2.0]
mutation at idx = 0

iteration: 4
best: [5.83, 7.49, 9.45, 11.86, 15.23, 18.62, 28.51, 31.14, 39.85, 41.83, 43.95, 45.6, 50.29, 52.8]
time: [5.87, 7.52, 10.82, 16.47, 1000, 1000, 1000, 1000, 1000, 1000, 1000, 1000, 1000, 1000]
current_hyper_parameter
v: [21.22, 13.32, 12.35, 28.91, 14.12, 17.06, 12.24, 30.35, 23.25, 22.95, 25.08, 22.37, 27.5, 10.77]
a: [107.73, 128.78, 122.2, 89.54, 33.99, 47.5, 20.38, 148.36, 36.08, 71.67, 146.71, 100.21, 100.99, 146.0]
d: [4.33, 4.67, 5.66, 5.79, 6.25, 4.42, 5.93, 4.68, 4.94, 3.83, 5.47, 6.27, 4.96, 2.0]
BEST_hyper_parameter
v: [19.79, 13.32, 31.49, 25.14, 16.33, 29.08, 26.71, 15.96, 30.8, 30.11, 11.71, 27.71, 26.58, 20.3]
a: [148.16, 128.78, 114.66, 89.54, 33.99, 141.75, 21.51, 35.54, 125.0, 104.57, 146.71, 100.21, 28.08, 25.18]
d: [3.81, 4.67, 5.1, 5.79, 3.54, 3.5, 6.45, 4.68, 4.94, 3.83, 6.12, 3.5, 5.47, 2.0]

iteration: 5
best: [5.83, 7.49, 9.45, 11.86, 15.23, 18.62, 28.51, 31.14, 39.85, 41.83, 43.95, 45.6, 50.29, 52.8]
time: [5.8, 7.38, 10.4, 1000, 1000, 1000, 1000, 1000, 1000, 1000, 1000, 1000, 1000, 1000]
current_hyper_parameter
v: [19.79, 13.32, 17.4, 25.65, 16.33, 11.63, 19.96, 13.04, 13.45, 11.43, 17.7, 27.18, 29.4, 27.2]
a: [148.16, 128.78, 114.66, 115.6, 33.99, 141.75, 129.78, 107.93, 125.0, 25.59, 146.71, 130.31, 132.51, 25.18]
d: [3.81, 4.67, 5.42, 5.79, 3.54, 3.5, 4.68, 3.59, 6.45, 3.83, 6.12, 6.26, 5.47, 2.0]
BEST_hyper_parameter
v: [19.79, 13.32, 31.49, 25.14, 16.33, 29.08, 26.71, 15.96, 30.8, 30.11, 11.71, 27.71, 26.58, 20.3]
a: [148.16, 128.78, 114.66, 89.54, 33.99, 141.75, 21.51, 35.54, 125.0, 104.57, 146.71, 100.21, 28.08, 25.18]
d: [3.81, 4.67, 5.1, 5.79, 3.54, 3.5, 6.45, 4.68, 4.94, 3.83, 6.12, 3.5, 5.47, 2.0]

iteration: 6
best: [5.83, 7.49, 9.45, 11.86, 15.23, 18.62, 28.51, 31.14, 39.85, 41.83, 43.95, 45.6, 50.29, 52.8]
time: [5.79, 7.39, 10.99, 17.3, 25.17, 27.95, 43.22, 47.52, 49.2, 51.02, 52.6, 1000, 1000, 1000]
current_hyper_parameter
v: [19.79, 13.32, 10.13, 25.14, 16.33, 30.56, 26.71, 15.96, 16.76, 21.87, 11.71, 27.71, 13.01, 23.24]
a: [148.16, 128.78, 78.76, 89.54, 33.99, 97.64, 21.51, 35.54, 125.0, 59.53, 146.71, 100.21, 63.34, 65.14]
d: [3.81, 4.67, 5.1, 5.79, 3.54, 3.5, 6.45, 4.68, 3.83, 6.48, 6.12, 3.5, 5.2, 2.0]
BEST_hyper_parameter
v: [19.79, 13.32, 31.49, 25.14, 16.33, 29.08, 26.71, 15.96, 30.8, 30.11, 11.71, 27.71, 26.58, 20.3]
a: [148.16, 128.78, 114.66, 89.54, 33.99, 141.75, 21.51, 35.54, 125.0, 104.57, 146.71, 100.21, 28.08, 25.18]
d: [3.81, 4.67, 5.1, 5.79, 3.54, 3.5, 6.45, 4.68, 4.94, 3.83, 6.12, 3.5, 5.47, 2.0]

iteration: 7
best: [5.83, 7.49, 9.45, 11.86, 15.23, 18.62, 28.51, 31.14, 39.85, 41.83, 43.95, 45.6, 50.29, 52.8]
time: [5.78, 7.41, 10.02, 15.35, 22.11, 28.0, 39.26, 42.02, 43.53, 45.26, 1000, 1000, 1000, 1000]
current_hyper_parameter
v: [19.79, 13.32, 30.42, 25.14, 30.18, 23.04, 20.92, 25.8, 15.9, 21.1, 9.57, 27.71, 28.07, 17.25]
a: [148.16, 128.78, 114.66, 89.54, 33.99, 109.22, 158.67, 105.83, 89.49, 104.57, 55.19, 100.21, 28.08, 96.28]
d: [3.81, 4.67, 5.1, 5.79, 3.54, 3.55, 3.61, 4.68, 4.62, 3.83, 6.12, 3.5, 4.08, 2.0]
BEST_hyper_parameter
v: [19.79, 13.32, 31.49, 25.14, 16.33, 29.08, 26.71, 15.96, 30.8, 30.11, 11.71, 27.71, 26.58, 20.3]
a: [148.16, 128.78, 114.66, 89.54, 33.99, 141.75, 21.51, 35.54, 125.0, 104.57, 146.71, 100.21, 28.08, 25.18]
d: [3.81, 4.67, 5.1, 5.79, 3.54, 3.5, 6.45, 4.68, 4.94, 3.83, 6.12, 3.5, 5.47, 2.0]
mutation at idx = 1

iteration: 8
best: [5.83, 7.49, 9.45, 11.86, 15.23, 18.62, 28.51, 31.14, 39.85, 41.83, 43.95, 45.6, 50.29, 52.8]
time: [5.79, 7.17, 9.93, 15.65, 24.9, 28.31, 43.88, 48.25, 49.8, 51.44, 1000, 1000, 1000, 1000]
current_hyper_parameter
v: [19.79, 34.3, 21.92, 26.44, 20.61, 14.56, 22.88, 9.67, 30.8, 25.58, 15.87, 33.79, 19.6, 14.61]
a: [148.16, 129.96, 101.74, 89.54, 33.99, 88.43, 21.51, 70.4, 125.0, 89.93, 146.71, 20.66, 98.8, 133.13]
d: [3.81, 3.86, 5.58, 5.79, 3.54, 5.82, 6.45, 4.68, 4.94, 4.19, 5.17, 3.94, 5.47, 2.0]
BEST_hyper_parameter
v: [19.79, 13.32, 31.49, 25.14, 16.33, 29.08, 26.71, 15.96, 30.8, 30.11, 11.71, 27.71, 26.58, 20.3]
a: [148.16, 128.78, 114.66, 89.54, 33.99, 141.75, 21.51, 35.54, 125.0, 104.57, 146.71, 100.21, 28.08, 25.18]
d: [3.81, 4.67, 5.1, 5.79, 3.54, 3.5, 6.45, 4.68, 4.94, 3.83, 6.12, 3.5, 5.47, 2.0]

iteration: 9
best: [5.83, 7.49, 9.45, 11.86, 15.23, 18.62, 28.51, 31.14, 39.85, 41.83, 43.95, 45.6, 50.29, 52.8]
time: [5.84, 7.44, 10.06, 24.35, 1000, 1000, 1000, 1000, 1000, 1000, 1000, 1000, 1000, 1000]
current_hyper_parameter
v: [19.79, 13.32, 31.49, 32.17, 13.43, 25.48, 26.71, 30.52, 10.74, 25.02, 11.71, 11.57, 26.55, 10.23]
a: [148.16, 128.78, 114.66, 26.8, 45.14, 67.68, 21.51, 35.54, 113.24, 148.34, 146.71, 79.34, 138.67, 66.91]
d: [3.81, 4.67, 5.1, 4.77, 6.23, 3.5, 6.45, 6.49, 6.4, 4.98, 6.12, 3.82, 5.03, 2.0]
BEST_hyper_parameter
v: [19.79, 13.32, 31.49, 25.14, 16.33, 29.08, 26.71, 15.96, 30.8, 30.11, 11.71, 27.71, 26.58, 20.3]
a: [148.16, 128.78, 114.66, 89.54, 33.99, 141.75, 21.51, 35.54, 125.0, 104.57, 146.71, 100.21, 28.08, 25.18]
d: [3.81, 4.67, 5.1, 5.79, 3.54, 3.5, 6.45, 4.68, 4.94, 3.83, 6.12, 3.5, 5.47, 2.0]
mutation at idx = 0

iteration: 10
best: [5.83, 7.49, 9.45, 11.86, 15.23, 18.62, 28.51, 31.14, 39.85, 41.83, 43.95, 45.6, 50.29, 52.8]
time: [6.38, 8.36, 10.88, 13.33, 19.29, 22.84, 39.77, 44.34, 45.85, 47.29, 1000, 1000, 1000, 1000]
current_hyper_parameter
v: [26.43, 13.32, 31.49, 25.14, 18.2, 23.54, 32.46, 24.27, 30.8, 30.11, 12.17, 27.71, 26.39, 20.3]
a: [50.62, 128.78, 114.66, 89.54, 68.22, 58.16, 21.51, 35.54, 125.0, 104.57, 146.71, 100.21, 32.16, 25.18]
d: [4.95, 4.67, 5.1, 5.79, 5.71, 3.64, 5.37, 4.68, 4.94, 3.83, 6.12, 3.5, 5.34, 2.0]
BEST_hyper_parameter
v: [19.79, 13.32, 31.49, 25.14, 16.33, 29.08, 26.71, 15.96, 30.8, 30.11, 11.71, 27.71, 26.58, 20.3]
a: [148.16, 128.78, 114.66, 89.54, 33.99, 141.75, 21.51, 35.54, 125.0, 104.57, 146.71, 100.21, 28.08, 25.18]
d: [3.81, 4.67, 5.1, 5.79, 3.54, 3.5, 6.45, 4.68, 4.94, 3.83, 6.12, 3.5, 5.47, 2.0]

iteration: 11
best: [5.83, 7.49, 9.45, 11.86, 15.23, 18.62, 28.51, 31.14, 39.85, 41.83, 43.95, 45.6, 50.29, 52.8]
time: [5.84, 10.5, 13.97, 16.73, 26.68, 33.37, 46.0, 48.74, 1000, 1000, 1000, 1000, 1000, 1000]
current_hyper_parameter
v: [26.84, 31.43, 32.46, 17.85, 16.33, 29.08, 22.4, 24.51, 30.8, 21.07, 13.62, 27.71, 26.89, 23.35]
a: [105.27, 30.88, 114.66, 89.54, 33.99, 141.75, 21.51, 122.12, 125.0, 103.13, 146.71, 100.21, 28.08, 25.18]
d: [3.81, 5.78, 4.69, 4.76, 3.54, 3.5, 6.45, 6.07, 4.94, 6.1, 5.2, 3.5, 3.95, 2.0]
BEST_hyper_parameter
v: [19.79, 13.32, 31.49, 25.14, 16.33, 29.08, 26.71, 15.96, 30.8, 30.11, 11.71, 27.71, 26.58, 20.3]
a: [148.16, 128.78, 114.66, 89.54, 33.99, 141.75, 21.51, 35.54, 125.0, 104.57, 146.71, 100.21, 28.08, 25.18]
d: [3.81, 4.67, 5.1, 5.79, 3.54, 3.5, 6.45, 4.68, 4.94, 3.83, 6.12, 3.5, 5.47, 2.0]

iteration: 12
best: [5.83, 7.49, 9.45, 11.86, 15.23, 18.62, 28.51, 31.14, 39.85, 41.83, 43.95, 45.6, 50.29, 52.8]
time: [5.79, 7.39, 10.83, 13.71, 19.61, 27.2, 45.42, 48.48, 1000, 1000, 1000, 1000, 1000, 1000]
current_hyper_parameter
v: [19.79, 13.32, 12.28, 14.25, 26.78, 20.42, 12.33, 22.46, 33.79, 13.19, 11.71, 9.59, 34.32, 33.88]
a: [148.16, 128.78, 83.03, 153.22, 156.19, 61.01, 78.78, 96.86, 52.82, 58.24, 146.71, 132.84, 28.08, 110.44]
d: [3.81, 4.67, 5.1, 5.79, 3.54, 3.5, 4.33, 4.68, 4.94, 3.83, 6.12, 3.5, 3.5, 2.0]
BEST_hyper_parameter
v: [19.79, 13.32, 31.49, 25.14, 16.33, 29.08, 26.71, 15.96, 30.8, 30.11, 11.71, 27.71, 26.58, 20.3]
a: [148.16, 128.78, 114.66, 89.54, 33.99, 141.75, 21.51, 35.54, 125.0, 104.57, 146.71, 100.21, 28.08, 25.18]
d: [3.81, 4.67, 5.1, 5.79, 3.54, 3.5, 6.45, 4.68, 4.94, 3.83, 6.12, 3.5, 5.47, 2.0]

iteration: 13
best: [5.83, 7.49, 9.45, 11.86, 15.23, 18.62, 28.51, 31.14, 39.85, 41.83, 43.95, 45.6, 50.29, 52.8]
time: [5.76, 7.36, 11.04, 13.78, 22.75, 25.87, 40.32, 44.81, 46.26, 50.84, 1000, 1000, 1000, 1000]
current_hyper_parameter
v: [19.79, 13.32, 16.95, 19.88, 14.16, 25.21, 26.71, 31.99, 29.2, 10.33, 19.95, 34.86, 26.58, 31.93]
a: [148.16, 128.78, 37.11, 89.54, 135.02, 141.75, 21.51, 35.54, 120.12, 104.57, 146.71, 100.21, 28.08, 154.7]
d: [3.81, 4.67, 5.1, 4.06, 4.09, 3.5, 6.45, 4.68, 4.94, 5.0, 5.29, 3.5, 5.47, 2.0]
BEST_hyper_parameter
v: [19.79, 13.32, 31.49, 25.14, 16.33, 29.08, 26.71, 15.96, 30.8, 30.11, 11.71, 27.71, 26.58, 20.3]
a: [148.16, 128.78, 114.66, 89.54, 33.99, 141.75, 21.51, 35.54, 125.0, 104.57, 146.71, 100.21, 28.08, 25.18]
d: [3.81, 4.67, 5.1, 5.79, 3.54, 3.5, 6.45, 4.68, 4.94, 3.83, 6.12, 3.5, 5.47, 2.0]

iteration: 14
best: [5.83, 7.49, 9.45, 11.86, 15.23, 18.62, 28.51, 31.14, 39.85, 41.83, 43.95, 45.6, 50.29, 52.8]
time: [5.76, 7.36, 11.12, 1000, 1000, 1000, 1000, 1000, 1000, 1000, 1000, 1000, 1000, 1000]
current_hyper_parameter
v: [19.79, 13.32, 14.51, 27.18, 8.78, 23.07, 20.02, 15.96, 30.8, 22.34, 11.71, 27.2, 26.58, 20.3]
a: [148.16, 128.78, 32.78, 116.91, 25.1, 72.73, 21.51, 35.54, 125.0, 104.57, 146.71, 28.08, 28.08, 25.18]
d: [3.81, 4.67, 3.51, 5.79, 6.35, 5.88, 5.0, 4.68, 4.94, 6.24, 6.12, 4.61, 5.47, 2.0]
BEST_hyper_parameter
v: [19.79, 13.32, 31.49, 25.14, 16.33, 29.08, 26.71, 15.96, 30.8, 30.11, 11.71, 27.71, 26.58, 20.3]
a: [148.16, 128.78, 114.66, 89.54, 33.99, 141.75, 21.51, 35.54, 125.0, 104.57, 146.71, 100.21, 28.08, 25.18]
d: [3.81, 4.67, 5.1, 5.79, 3.54, 3.5, 6.45, 4.68, 4.94, 3.83, 6.12, 3.5, 5.47, 2.0]

iteration: 15
best: [5.83, 7.49, 9.45, 11.86, 15.23, 18.62, 28.51, 31.14, 39.85, 41.83, 43.95, 45.6, 50.29, 52.8]
time: [5.78, 7.38, 9.97, 1000, 1000, 1000, 1000, 1000, 1000, 1000, 1000, 1000, 1000, 1000]
current_hyper_parameter
v: [19.79, 13.32, 31.49, 18.82, 16.33, 21.14, 26.71, 15.96, 16.88, 11.68, 21.86, 23.22, 9.01, 20.3]
a: [148.16, 128.78, 114.66, 143.24, 33.99, 92.3, 21.51, 35.54, 158.04, 157.91, 146.71, 100.21, 23.34, 25.18]
d: [3.81, 4.67, 5.1, 5.79, 3.54, 3.95, 6.45, 4.68, 4.94, 3.83, 6.12, 3.5, 5.47, 2.0]
BEST_hyper_parameter
v: [19.79, 13.32, 31.49, 25.14, 16.33, 29.08, 26.71, 15.96, 30.8, 30.11, 11.71, 27.71, 26.58, 20.3]
a: [148.16, 128.78, 114.66, 89.54, 33.99, 141.75, 21.51, 35.54, 125.0, 104.57, 146.71, 100.21, 28.08, 25.18]
d: [3.81, 4.67, 5.1, 5.79, 3.54, 3.5, 6.45, 4.68, 4.94, 3.83, 6.12, 3.5, 5.47, 2.0]

iteration: 16
best: [5.83, 7.49, 9.45, 11.86, 15.23, 18.62, 28.51, 31.14, 39.85, 41.83, 43.95, 45.6, 50.29, 52.8]
time: [5.82, 7.41, 10.01, 15.48, 21.36, 23.81, 33.5, 1000, 1000, 1000, 1000, 1000, 1000, 1000]
current_hyper_parameter
v: [19.79, 13.32, 31.49, 30.1, 27.93, 29.08, 27.37, 22.78, 30.8, 26.54, 11.71, 27.71, 16.33, 10.67]
a: [148.16, 128.78, 114.66, 79.89, 30.45, 141.75, 133.31, 35.54, 125.0, 104.57, 146.71, 100.21, 28.08, 26.45]
d: [3.81, 4.67, 5.1, 5.89, 3.54, 3.5, 6.45, 6.39, 4.94, 4.32, 6.12, 3.5, 5.47, 2.0]
BEST_hyper_parameter
v: [19.79, 13.32, 31.49, 25.14, 16.33, 29.08, 26.71, 15.96, 30.8, 30.11, 11.71, 27.71, 26.58, 20.3]
a: [148.16, 128.78, 114.66, 89.54, 33.99, 141.75, 21.51, 35.54, 125.0, 104.57, 146.71, 100.21, 28.08, 25.18]
d: [3.81, 4.67, 5.1, 5.79, 3.54, 3.5, 6.45, 4.68, 4.94, 3.83, 6.12, 3.5, 5.47, 2.0]
mutation at idx = 0

iteration: 17
best: [5.83, 7.49, 9.45, 11.86, 15.23, 18.62, 28.51, 31.14, 39.85, 41.83, 43.95, 45.6, 50.29, 52.8]
time: [5.7, 7.25, 10.98, 16.86, 23.87, 26.84, 42.9, 54.35, 1000, 1000, 1000, 1000, 1000, 1000]
current_hyper_parameter
v: [27.77, 13.32, 17.25, 18.06, 31.19, 13.97, 26.71, 29.39, 15.17, 16.3, 18.55, 23.7, 23.99, 31.55]
a: [148.16, 128.78, 22.59, 89.54, 33.99, 141.75, 21.51, 35.54, 125.0, 104.57, 146.71, 59.15, 88.87, 111.43]
d: [3.81, 4.67, 5.1, 5.79, 3.56, 4.93, 6.45, 6.21, 4.94, 4.38, 5.59, 5.21, 5.47, 2.0]
BEST_hyper_parameter
v: [19.79, 13.32, 31.49, 25.14, 16.33, 29.08, 26.71, 15.96, 30.8, 30.11, 11.71, 27.71, 26.58, 20.3]
a: [148.16, 128.78, 114.66, 89.54, 33.99, 141.75, 21.51, 35.54, 125.0, 104.57, 146.71, 100.21, 28.08, 25.18]
d: [3.81, 4.67, 5.1, 5.79, 3.54, 3.5, 6.45, 4.68, 4.94, 3.83, 6.12, 3.5, 5.47, 2.0]

iteration: 18
best: [5.83, 7.49, 9.45, 11.86, 15.23, 18.62, 28.51, 31.14, 39.85, 41.83, 43.95, 45.6, 50.29, 52.8]
time: [5.82, 7.41, 10.04, 1000, 1000, 1000, 1000, 1000, 1000, 1000, 1000, 1000, 1000, 1000]
current_hyper_parameter
v: [19.79, 13.32, 31.49, 33.95, 16.33, 29.08, 26.71, 14.54, 30.8, 33.04, 11.71, 34.63, 26.58, 25.65]
a: [148.16, 128.78, 114.66, 114.4, 33.99, 141.75, 21.51, 37.14, 125.0, 71.56, 146.71, 87.49, 28.08, 137.77]
d: [3.81, 4.67, 5.1, 5.79, 3.54, 3.5, 6.45, 4.68, 4.94, 3.83, 6.12, 6.23, 5.47, 2.0]
BEST_hyper_parameter
v: [19.79, 13.32, 31.49, 25.14, 16.33, 29.08, 26.71, 15.96, 30.8, 30.11, 11.71, 27.71, 26.58, 20.3]
a: [148.16, 128.78, 114.66, 89.54, 33.99, 141.75, 21.51, 35.54, 125.0, 104.57, 146.71, 100.21, 28.08, 25.18]
d: [3.81, 4.67, 5.1, 5.79, 3.54, 3.5, 6.45, 4.68, 4.94, 3.83, 6.12, 3.5, 5.47, 2.0]

iteration: 19
best: [5.83, 7.49, 9.45, 11.86, 15.23, 18.62, 28.51, 31.14, 39.85, 41.83, 43.95, 45.6, 50.29, 52.8]
time: [5.79, 7.37, 10.99, 13.32, 17.55, 23.65, 39.5, 47.68, 49.89, 51.81, 1000, 1000, 1000, 1000]
current_hyper_parameter
v: [19.79, 13.32, 21.58, 34.05, 16.33, 11.71, 26.71, 12.07, 30.8, 14.46, 25.08, 31.9, 30.74, 16.49]
a: [148.16, 128.78, 32.69, 106.2, 33.99, 136.11, 21.51, 35.54, 125.0, 104.57, 147.57, 66.93, 20.89, 97.76]
d: [3.81, 4.67, 4.9, 4.78, 3.54, 5.53, 6.45, 4.68, 4.94, 4.5, 3.62, 3.5, 4.37, 2.0]
BEST_hyper_parameter
v: [19.79, 13.32, 31.49, 25.14, 16.33, 29.08, 26.71, 15.96, 30.8, 30.11, 11.71, 27.71, 26.58, 20.3]
a: [148.16, 128.78, 114.66, 89.54, 33.99, 141.75, 21.51, 35.54, 125.0, 104.57, 146.71, 100.21, 28.08, 25.18]
d: [3.81, 4.67, 5.1, 5.79, 3.54, 3.5, 6.45, 4.68, 4.94, 3.83, 6.12, 3.5, 5.47, 2.0]

iteration: 20
best: [5.83, 7.49, 9.45, 11.86, 15.23, 18.62, 28.51, 31.14, 39.85, 41.83, 43.95, 45.6, 50.29, 52.8]
time: [5.74, 7.37, 10.71, 13.42, 1000, 1000, 1000, 1000, 1000, 1000, 1000, 1000, 1000, 1000]
current_hyper_parameter
v: [19.79, 13.32, 13.4, 29.11, 22.47, 32.24, 28.74, 23.45, 30.8, 14.1, 9.86, 15.05, 18.64, 28.71]
a: [148.16, 128.78, 124.81, 69.33, 33.99, 141.75, 131.06, 95.23, 125.0, 131.06, 146.71, 136.41, 21.84, 86.68]
d: [3.81, 4.67, 4.51, 6.21, 4.07, 3.5, 6.45, 4.56, 4.94, 6.0, 6.12, 3.5, 5.47, 2.0]
BEST_hyper_parameter
v: [19.79, 13.32, 31.49, 25.14, 16.33, 29.08, 26.71, 15.96, 30.8, 30.11, 11.71, 27.71, 26.58, 20.3]
a: [148.16, 128.78, 114.66, 89.54, 33.99, 141.75, 21.51, 35.54, 125.0, 104.57, 146.71, 100.21, 28.08, 25.18]
d: [3.81, 4.67, 5.1, 5.79, 3.54, 3.5, 6.45, 4.68, 4.94, 3.83, 6.12, 3.5, 5.47, 2.0]

iteration: 21
best: [5.83, 7.49, 9.45, 11.86, 15.23, 18.62, 28.51, 31.14, 39.85, 41.83, 43.95, 45.6, 50.29, 52.8]
time: [5.76, 7.34, 11.2, 17.82, 21.98, 27.09, 47.16, 50.0, 1000, 1000, 1000, 1000, 1000, 1000]
current_hyper_parameter
v: [19.79, 13.32, 34.7, 10.56, 16.33, 27.11, 34.35, 22.16, 22.36, 30.11, 11.71, 25.25, 14.06, 33.65]
a: [148.16, 128.78, 33.48, 132.05, 33.99, 30.01, 21.51, 123.43, 125.0, 104.57, 146.71, 111.63, 28.08, 36.56]
d: [3.81, 4.67, 5.1, 5.79, 3.54, 5.56, 4.87, 4.11, 4.84, 3.83, 6.12, 3.5, 5.47, 2.0]
BEST_hyper_parameter
v: [19.79, 13.32, 31.49, 25.14, 16.33, 29.08, 26.71, 15.96, 30.8, 30.11, 11.71, 27.71, 26.58, 20.3]
a: [148.16, 128.78, 114.66, 89.54, 33.99, 141.75, 21.51, 35.54, 125.0, 104.57, 146.71, 100.21, 28.08, 25.18]
d: [3.81, 4.67, 5.1, 5.79, 3.54, 3.5, 6.45, 4.68, 4.94, 3.83, 6.12, 3.5, 5.47, 2.0]

iteration: 22
best: [5.83, 7.49, 9.45, 11.86, 15.23, 18.62, 28.51, 31.14, 39.85, 41.83, 43.95, 45.6, 50.29, 52.8]
time: [5.79, 7.38, 10.66, 16.31, 19.96, 23.2, 39.1, 43.33, 45.1, 46.65, 1000, 1000, 1000, 1000]
current_hyper_parameter
v: [19.79, 13.32, 13.19, 26.09, 29.45, 15.87, 26.1, 12.81, 17.92, 30.11, 10.46, 11.94, 18.49, 20.3]
a: [148.16, 128.78, 129.7, 79.95, 33.99, 74.9, 21.51, 54.98, 125.0, 104.57, 146.71, 100.21, 55.26, 25.18]
d: [3.81, 4.67, 4.34, 5.79, 3.54, 5.74, 5.33, 4.68, 4.94, 3.83, 6.12, 6.46, 5.47, 2.0]
BEST_hyper_parameter
v: [19.79, 13.32, 31.49, 25.14, 16.33, 29.08, 26.71, 15.96, 30.8, 30.11, 11.71, 27.71, 26.58, 20.3]
a: [148.16, 128.78, 114.66, 89.54, 33.99, 141.75, 21.51, 35.54, 125.0, 104.57, 146.71, 100.21, 28.08, 25.18]
d: [3.81, 4.67, 5.1, 5.79, 3.54, 3.5, 6.45, 4.68, 4.94, 3.83, 6.12, 3.5, 5.47, 2.0]

iteration: 23
best: [5.83, 7.49, 9.45, 11.86, 15.23, 18.62, 28.51, 31.14, 39.85, 41.83, 43.95, 45.6, 50.29, 52.8]
time: [5.81, 7.4, 10.28, 1000, 1000, 1000, 1000, 1000, 1000, 1000, 1000, 1000, 1000, 1000]
current_hyper_parameter
v: [19.79, 13.32, 18.39, 34.8, 23.01, 29.08, 18.54, 34.92, 11.1, 30.11, 23.4, 19.1, 26.58, 20.3]
a: [148.16, 128.78, 127.77, 89.54, 87.06, 141.75, 26.84, 72.37, 41.41, 104.57, 141.65, 50.08, 28.08, 25.18]
d: [3.81, 4.67, 5.1, 5.79, 4.57, 3.5, 6.45, 4.68, 5.88, 3.83, 6.12, 3.5, 5.47, 2.0]
BEST_hyper_parameter
v: [19.79, 13.32, 31.49, 25.14, 16.33, 29.08, 26.71, 15.96, 30.8, 30.11, 11.71, 27.71, 26.58, 20.3]
a: [148.16, 128.78, 114.66, 89.54, 33.99, 141.75, 21.51, 35.54, 125.0, 104.57, 146.71, 100.21, 28.08, 25.18]
d: [3.81, 4.67, 5.1, 5.79, 3.54, 3.5, 6.45, 4.68, 4.94, 3.83, 6.12, 3.5, 5.47, 2.0]

iteration: 24
best: [5.83, 7.49, 9.45, 11.86, 15.23, 18.62, 28.51, 31.14, 39.85, 41.83, 43.95, 45.6, 50.29, 52.8]
time: [5.77, 7.35, 10.86, 16.82, 23.31, 25.98, 40.02, 44.22, 45.96, 47.89, 49.6, 51.29, 1000, 1000]
current_hyper_parameter
v: [19.79, 13.32, 10.96, 21.13, 10.86, 22.08, 26.71, 10.07, 13.71, 13.25, 11.71, 27.71, 28.96, 23.59]
a: [148.16, 128.78, 111.29, 61.8, 120.18, 141.75, 21.51, 95.19, 159.88, 132.31, 146.71, 100.21, 28.08, 153.49]
d: [3.81, 4.67, 6.12, 5.67, 5.52, 5.55, 6.45, 5.63, 6.48, 5.28, 6.12, 3.5, 5.47, 2.0]
BEST_hyper_parameter
v: [19.79, 13.32, 31.49, 25.14, 16.33, 29.08, 26.71, 15.96, 30.8, 30.11, 11.71, 27.71, 26.58, 20.3]
a: [148.16, 128.78, 114.66, 89.54, 33.99, 141.75, 21.51, 35.54, 125.0, 104.57, 146.71, 100.21, 28.08, 25.18]
d: [3.81, 4.67, 5.1, 5.79, 3.54, 3.5, 6.45, 4.68, 4.94, 3.83, 6.12, 3.5, 5.47, 2.0]

iteration: 25
best: [5.83, 7.49, 9.45, 11.86, 15.23, 18.62, 28.51, 31.14, 39.85, 41.83, 43.95, 45.6, 50.29, 52.8]
time: [5.79, 7.38, 10.57, 16.23, 1000, 1000, 1000, 1000, 1000, 1000, 1000, 1000, 1000, 1000]
current_hyper_parameter
v: [19.79, 13.32, 29.4, 25.14, 17.95, 29.45, 15.45, 11.9, 27.67, 30.11, 27.35, 27.71, 26.58, 10.96]
a: [148.16, 128.78, 61.57, 89.54, 21.13, 141.75, 21.51, 34.21, 93.02, 104.57, 119.68, 100.21, 28.08, 35.03]
d: [3.81, 4.67, 5.1, 5.79, 3.54, 5.22, 6.21, 4.68, 4.94, 3.83, 5.34, 3.5, 5.47, 2.0]
BEST_hyper_parameter
v: [19.79, 13.32, 31.49, 25.14, 16.33, 29.08, 26.71, 15.96, 30.8, 30.11, 11.71, 27.71, 26.58, 20.3]
a: [148.16, 128.78, 114.66, 89.54, 33.99, 141.75, 21.51, 35.54, 125.0, 104.57, 146.71, 100.21, 28.08, 25.18]
d: [3.81, 4.67, 5.1, 5.79, 3.54, 3.5, 6.45, 4.68, 4.94, 3.83, 6.12, 3.5, 5.47, 2.0]

iteration: 26
best: [5.83, 7.49, 9.45, 11.86, 15.23, 18.62, 28.51, 31.14, 39.85, 41.83, 43.95, 45.6, 50.29, 52.8]
time: [5.74, 7.34, 9.97, 12.33, 15.64, 18.38, 32.97, 37.11, 38.69, 40.0, 1000, 1000, 1000, 1000]
current_hyper_parameter
v: [19.79, 13.32, 31.49, 25.14, 13.28, 32.07, 15.29, 34.11, 27.88, 26.17, 11.71, 27.71, 20.33, 20.3]
a: [148.16, 128.78, 114.66, 89.54, 49.51, 141.75, 21.51, 47.86, 88.6, 159.29, 146.71, 100.21, 29.67, 25.18]
d: [3.81, 4.67, 5.1, 5.79, 3.54, 3.5, 4.37, 4.98, 4.94, 3.54, 6.12, 3.5, 5.47, 2.0]
BEST_hyper_parameter
v: [19.79, 13.32, 31.49, 25.14, 16.33, 29.08, 26.71, 15.96, 30.8, 30.11, 11.71, 27.71, 26.58, 20.3]
a: [148.16, 128.78, 114.66, 89.54, 33.99, 141.75, 21.51, 35.54, 125.0, 104.57, 146.71, 100.21, 28.08, 25.18]
d: [3.81, 4.67, 5.1, 5.79, 3.54, 3.5, 6.45, 4.68, 4.94, 3.83, 6.12, 3.5, 5.47, 2.0]

iteration: 27
best: [5.83, 7.49, 9.45, 11.86, 15.23, 18.62, 28.51, 31.14, 39.85, 41.83, 43.95, 45.6, 50.29, 52.8]
time: [5.8, 7.41, 10.18, 15.49, 18.6, 22.0, 38.45, 46.66, 1000, 1000, 1000, 1000, 1000, 1000]
current_hyper_parameter
v: [19.79, 13.32, 24.82, 29.6, 14.31, 24.69, 18.95, 9.34, 22.34, 24.83, 20.39, 34.94, 14.68, 34.36]
a: [148.16, 128.78, 114.66, 89.54, 54.87, 54.95, 21.51, 35.54, 125.0, 152.07, 54.13, 60.13, 33.54, 68.04]
d: [3.81, 4.67, 5.1, 5.79, 4.83, 3.5, 4.99, 6.44, 5.14, 5.75, 6.12, 3.5, 4.33, 2.0]
BEST_hyper_parameter
v: [19.79, 13.32, 31.49, 25.14, 16.33, 29.08, 26.71, 15.96, 30.8, 30.11, 11.71, 27.71, 26.58, 20.3]
a: [148.16, 128.78, 114.66, 89.54, 33.99, 141.75, 21.51, 35.54, 125.0, 104.57, 146.71, 100.21, 28.08, 25.18]
d: [3.81, 4.67, 5.1, 5.79, 3.54, 3.5, 6.45, 4.68, 4.94, 3.83, 6.12, 3.5, 5.47, 2.0]
mutation at idx = 1

iteration: 28
best: [5.83, 7.49, 9.45, 11.86, 15.23, 18.62, 28.51, 31.14, 39.85, 41.83, 43.95, 45.6, 50.29, 52.8]
time: [5.79, 7.45, 11.54, 15.32, 1000, 1000, 1000, 1000, 1000, 1000, 1000, 1000, 1000, 1000]
current_hyper_parameter
v: [19.79, 30.81, 15.86, 10.25, 15.88, 19.49, 16.31, 24.95, 21.99, 24.09, 14.56, 22.08, 32.24, 33.54]
a: [148.16, 47.04, 25.87, 89.54, 33.99, 77.85, 114.05, 35.54, 156.62, 154.64, 146.71, 88.12, 28.08, 25.18]
d: [3.81, 4.73, 3.76, 5.79, 6.19, 4.26, 6.45, 4.68, 5.18, 3.83, 3.7, 3.5, 5.93, 2.0]
BEST_hyper_parameter
v: [19.79, 13.32, 31.49, 25.14, 16.33, 29.08, 26.71, 15.96, 30.8, 30.11, 11.71, 27.71, 26.58, 20.3]
a: [148.16, 128.78, 114.66, 89.54, 33.99, 141.75, 21.51, 35.54, 125.0, 104.57, 146.71, 100.21, 28.08, 25.18]
d: [3.81, 4.67, 5.1, 5.79, 3.54, 3.5, 6.45, 4.68, 4.94, 3.83, 6.12, 3.5, 5.47, 2.0]

iteration: 29
best: [5.83, 7.49, 9.45, 11.86, 15.23, 18.62, 28.51, 31.14, 39.85, 41.83, 43.95, 45.6, 50.29, 52.8]
time: [5.79, 7.37, 10.2, 1000, 1000, 1000, 1000, 1000, 1000, 1000, 1000, 1000, 1000, 1000]
current_hyper_parameter
v: [19.79, 13.32, 21.78, 29.5, 16.52, 29.08, 26.82, 14.19, 30.8, 30.11, 21.39, 14.06, 32.92, 20.3]
a: [148.16, 128.78, 114.66, 122.56, 25.33, 141.75, 137.26, 148.53, 125.0, 104.57, 34.9, 148.71, 28.08, 25.18]
d: [3.81, 4.67, 5.24, 5.72, 6.35, 3.5, 3.55, 3.6, 4.94, 3.83, 6.12, 3.63, 5.47, 2.0]
BEST_hyper_parameter
v: [19.79, 13.32, 31.49, 25.14, 16.33, 29.08, 26.71, 15.96, 30.8, 30.11, 11.71, 27.71, 26.58, 20.3]
a: [148.16, 128.78, 114.66, 89.54, 33.99, 141.75, 21.51, 35.54, 125.0, 104.57, 146.71, 100.21, 28.08, 25.18]
d: [3.81, 4.67, 5.1, 5.79, 3.54, 3.5, 6.45, 4.68, 4.94, 3.83, 6.12, 3.5, 5.47, 2.0]
mutation at idx = 1

iteration: 30
best: [5.83, 7.49, 9.45, 11.86, 15.23, 18.62, 28.51, 31.14, 39.85, 41.83, 43.95, 45.6, 50.29, 52.8]
time: [5.8, 7.17, 9.51, 12.36, 18.26, 21.55, 35.43, 39.75, 41.2, 1000, 1000, 1000, 1000, 1000]
current_hyper_parameter
v: [19.79, 32.13, 30.54, 30.42, 29.7, 34.49, 28.68, 15.96, 30.8, 9.32, 11.71, 8.73, 26.58, 20.3]
a: [148.16, 128.78, 120.46, 34.5, 83.84, 90.95, 21.51, 35.54, 125.0, 131.33, 146.71, 100.21, 28.08, 25.18]
d: [3.81, 5.67, 5.1, 5.79, 6.33, 3.5, 6.45, 4.68, 4.94, 3.83, 6.12, 3.65, 5.47, 2.0]
BEST_hyper_parameter
v: [19.79, 13.32, 31.49, 25.14, 16.33, 29.08, 26.71, 15.96, 30.8, 30.11, 11.71, 27.71, 26.58, 20.3]
a: [148.16, 128.78, 114.66, 89.54, 33.99, 141.75, 21.51, 35.54, 125.0, 104.57, 146.71, 100.21, 28.08, 25.18]
d: [3.81, 4.67, 5.1, 5.79, 3.54, 3.5, 6.45, 4.68, 4.94, 3.83, 6.12, 3.5, 5.47, 2.0]

iteration: 31
best: [5.83, 7.49, 9.45, 11.86, 15.23, 18.62, 28.51, 31.14, 39.85, 41.83, 43.95, 45.6, 50.29, 52.8]
time: [5.79, 7.41, 10.07, 12.44, 19.17, 22.83, 38.21, 48.66, 1000, 1000, 1000, 1000, 1000, 1000]
current_hyper_parameter
v: [19.79, 13.32, 31.49, 25.14, 16.33, 30.84, 26.71, 24.02, 29.69, 30.11, 24.14, 26.07, 20.04, 13.59]
a: [148.16, 128.78, 114.66, 89.54, 33.99, 64.33, 21.51, 82.58, 47.53, 104.57, 143.76, 151.96, 155.45, 25.18]
d: [3.81, 4.67, 5.1, 5.79, 3.54, 3.5, 6.45, 4.68, 4.94, 3.83, 5.01, 5.15, 4.3, 2.0]
BEST_hyper_parameter
v: [19.79, 13.32, 31.49, 25.14, 16.33, 29.08, 26.71, 15.96, 30.8, 30.11, 11.71, 27.71, 26.58, 20.3]
a: [148.16, 128.78, 114.66, 89.54, 33.99, 141.75, 21.51, 35.54, 125.0, 104.57, 146.71, 100.21, 28.08, 25.18]
d: [3.81, 4.67, 5.1, 5.79, 3.54, 3.5, 6.45, 4.68, 4.94, 3.83, 6.12, 3.5, 5.47, 2.0]

iteration: 32
best: [5.83, 7.49, 9.45, 11.86, 15.23, 18.62, 28.51, 31.14, 39.85, 41.83, 43.95, 45.6, 50.29, 52.8]
time: [5.75, 7.34, 10.36, 1000, 1000, 1000, 1000, 1000, 1000, 1000, 1000, 1000, 1000, 1000]
current_hyper_parameter
v: [19.79, 13.32, 18.21, 26.27, 19.29, 9.01, 26.71, 32.99, 30.8, 15.76, 11.06, 11.73, 27.01, 20.3]
a: [148.16, 128.78, 114.66, 147.87, 45.56, 141.75, 21.51, 35.54, 125.0, 43.57, 65.63, 100.21, 60.31, 25.18]
d: [3.81, 4.67, 4.85, 5.79, 3.54, 4.94, 6.45, 4.68, 4.94, 5.77, 5.43, 6.39, 4.36, 2.0]
BEST_hyper_parameter
v: [19.79, 13.32, 31.49, 25.14, 16.33, 29.08, 26.71, 15.96, 30.8, 30.11, 11.71, 27.71, 26.58, 20.3]
a: [148.16, 128.78, 114.66, 89.54, 33.99, 141.75, 21.51, 35.54, 125.0, 104.57, 146.71, 100.21, 28.08, 25.18]
d: [3.81, 4.67, 5.1, 5.79, 3.54, 3.5, 6.45, 4.68, 4.94, 3.83, 6.12, 3.5, 5.47, 2.0]
mutation at idx = 1
