
iteration: 1
best: [5.87, 7.62, 9.59, 12.87, 15.19, 19.15, 29.89, 34.26, 35.88, 37.48, 40.75, 47.87, 51.5, 52.75]
time: [5.75, 7.53, 10.42, 13.66, 15.99, 19.51, 30.01, 33.03, 34.81, 36.35, 1000, 1000, 1000, 1000]
current_hyper_parameter
v: [19.89, 28.32, 21.38, 13.19, 31.52, 28.37, 27.75, 13.95, 26.5, 33.05, 12.43, 16.56, 9.86, 28.28]
a: [118.28, 47.84, 159.48, 55.44, 138.61, 138.36, 64.73, 152.42, 52.71, 115.09, 98.31, 93.75, 50.0, 75.78]
d: [3.5, 4.01, 3.5, 6.04, 3.5, 3.57, 5.84, 4.53, 4.89, 5.37, 4.3, 4.21, 4.0, 2.0]
BEST_hyper_parameter
v: [19.89, 28.32, 21.38, 13.19, 31.52, 28.37, 27.75, 13.95, 26.5, 33.05, 12.43, 16.56, 9.86, 28.28]
a: [118.28, 47.84, 159.48, 55.44, 138.61, 138.36, 64.73, 152.42, 52.71, 115.09, 98.31, 93.75, 50.0, 75.78]
d: [3.5, 4.01, 3.5, 6.04, 3.5, 3.57, 5.84, 4.53, 4.89, 5.37, 4.3, 4.21, 4.0, 2.0]
mutation at idx = 0

iteration: 2
best: [5.87, 7.62, 9.59, 12.87, 15.19, 19.15, 29.89, 34.26, 35.88, 37.48, 40.75, 47.87, 51.5, 52.75]
time: [5.75, 7.51, 11.71, 14.79, 1000, 1000, 1000, 1000, 1000, 1000, 1000, 1000, 1000, 1000]
current_hyper_parameter
v: [24.07, 28.32, 10.25, 34.8, 24.02, 28.37, 27.75, 9.76, 23.81, 27.16, 30.08, 13.37, 20.31, 28.28]
a: [118.28, 47.84, 43.72, 62.35, 138.61, 138.36, 64.73, 33.39, 153.66, 115.09, 131.53, 71.59, 22.82, 75.78]
d: [3.5, 4.01, 4.35, 6.04, 6.06, 3.57, 5.84, 4.53, 4.03, 3.66, 5.96, 3.57, 4.0, 2.0]
BEST_hyper_parameter
v: [19.89, 28.32, 21.38, 13.19, 31.52, 28.37, 27.75, 13.95, 26.5, 33.05, 12.43, 16.56, 9.86, 28.28]
a: [118.28, 47.84, 159.48, 55.44, 138.61, 138.36, 64.73, 152.42, 52.71, 115.09, 98.31, 93.75, 50.0, 75.78]
d: [3.5, 4.01, 3.5, 6.04, 3.5, 3.57, 5.84, 4.53, 4.89, 5.37, 4.3, 4.21, 4.0, 2.0]

iteration: 3
best: [5.87, 7.62, 9.59, 12.87, 15.19, 19.15, 29.89, 34.26, 35.88, 37.48, 40.75, 47.87, 51.5, 52.75]
time: [5.81, 7.55, 10.94, 13.72, 19.14, 22.99, 34.34, 1000, 1000, 1000, 1000, 1000, 1000, 1000]
current_hyper_parameter
v: [19.89, 28.32, 12.69, 16.99, 31.52, 19.26, 22.35, 13.95, 26.5, 25.25, 29.71, 14.08, 22.11, 16.15]
a: [118.28, 47.84, 159.48, 65.0, 138.61, 80.99, 149.98, 152.42, 52.71, 20.23, 154.4, 33.86, 72.64, 20.76]
d: [3.5, 4.01, 5.86, 6.04, 3.5, 3.57, 5.84, 4.53, 4.89, 6.08, 4.3, 4.97, 4.0, 2.0]
BEST_hyper_parameter
v: [19.89, 28.32, 21.38, 13.19, 31.52, 28.37, 27.75, 13.95, 26.5, 33.05, 12.43, 16.56, 9.86, 28.28]
a: [118.28, 47.84, 159.48, 55.44, 138.61, 138.36, 64.73, 152.42, 52.71, 115.09, 98.31, 93.75, 50.0, 75.78]
d: [3.5, 4.01, 3.5, 6.04, 3.5, 3.57, 5.84, 4.53, 4.89, 5.37, 4.3, 4.21, 4.0, 2.0]

iteration: 4
best: [5.87, 7.62, 9.59, 12.87, 15.19, 19.15, 29.89, 34.26, 35.88, 37.48, 40.75, 47.87, 51.5, 52.75]
time: [5.81, 7.55, 11.4, 14.99, 17.3, 21.96, 33.6, 44.09, 46.87, 48.47, 1000, 1000, 1000, 1000]
current_hyper_parameter
v: [19.89, 28.32, 16.11, 12.1, 34.42, 11.82, 27.75, 28.96, 26.5, 33.05, 12.43, 16.56, 14.16, 31.48]
a: [118.28, 47.84, 43.24, 55.44, 138.61, 81.96, 64.73, 141.89, 52.71, 115.09, 98.31, 93.75, 125.86, 75.78]
d: [3.5, 4.01, 4.85, 6.04, 3.7, 6.07, 5.84, 4.53, 4.89, 5.37, 4.3, 4.21, 4.0, 2.0]
BEST_hyper_parameter
v: [19.89, 28.32, 21.38, 13.19, 31.52, 28.37, 27.75, 13.95, 26.5, 33.05, 12.43, 16.56, 9.86, 28.28]
a: [118.28, 47.84, 159.48, 55.44, 138.61, 138.36, 64.73, 152.42, 52.71, 115.09, 98.31, 93.75, 50.0, 75.78]
d: [3.5, 4.01, 3.5, 6.04, 3.5, 3.57, 5.84, 4.53, 4.89, 5.37, 4.3, 4.21, 4.0, 2.0]
mutation at idx = 1

iteration: 5
best: [5.87, 7.62, 9.59, 12.87, 15.19, 19.15, 29.89, 34.26, 35.88, 37.48, 40.75, 47.87, 51.5, 52.75]
time: [5.9, 7.33, 10.36, 1000, 1000, 1000, 1000, 1000, 1000, 1000, 1000, 1000, 1000, 1000]
current_hyper_parameter
v: [19.89, 23.43, 16.13, 29.6, 31.52, 13.12, 21.46, 33.12, 33.7, 10.59, 22.13, 16.56, 23.08, 32.03]
a: [118.28, 150.45, 63.69, 83.86, 138.61, 28.84, 64.73, 152.42, 127.1, 132.8, 125.35, 93.75, 50.0, 75.78]
d: [3.5, 5.09, 3.5, 6.04, 3.5, 3.64, 5.84, 5.0, 4.43, 4.36, 4.22, 4.21, 4.0, 2.0]
BEST_hyper_parameter
v: [19.89, 28.32, 21.38, 13.19, 31.52, 28.37, 27.75, 13.95, 26.5, 33.05, 12.43, 16.56, 9.86, 28.28]
a: [118.28, 47.84, 159.48, 55.44, 138.61, 138.36, 64.73, 152.42, 52.71, 115.09, 98.31, 93.75, 50.0, 75.78]
d: [3.5, 4.01, 3.5, 6.04, 3.5, 3.57, 5.84, 4.53, 4.89, 5.37, 4.3, 4.21, 4.0, 2.0]

iteration: 6
best: [5.87, 7.62, 9.59, 12.87, 15.19, 19.15, 29.89, 34.26, 35.88, 37.48, 40.75, 47.87, 51.5, 52.75]
time: [5.91, 8.09, 12.03, 18.26, 25.55, 27.81, 38.7, 42.01, 43.87, 46.45, 48.24, 50.52, 1000, 1000]
current_hyper_parameter
v: [19.89, 28.32, 11.11, 17.15, 9.89, 34.37, 27.75, 25.67, 15.69, 8.93, 9.09, 16.56, 9.06, 12.17]
a: [118.28, 47.84, 113.9, 140.59, 138.61, 138.47, 64.73, 57.85, 73.08, 42.78, 131.21, 93.75, 59.6, 75.78]
d: [3.5, 4.01, 6.17, 6.04, 5.67, 4.72, 5.84, 4.53, 4.31, 5.46, 4.3, 4.21, 4.0, 2.0]
BEST_hyper_parameter
v: [19.89, 28.32, 21.38, 13.19, 31.52, 28.37, 27.75, 13.95, 26.5, 33.05, 12.43, 16.56, 9.86, 28.28]
a: [118.28, 47.84, 159.48, 55.44, 138.61, 138.36, 64.73, 152.42, 52.71, 115.09, 98.31, 93.75, 50.0, 75.78]
d: [3.5, 4.01, 3.5, 6.04, 3.5, 3.57, 5.84, 4.53, 4.89, 5.37, 4.3, 4.21, 4.0, 2.0]

iteration: 7
best: [5.87, 7.62, 9.59, 12.87, 15.19, 19.15, 29.89, 34.26, 35.88, 37.48, 40.75, 47.87, 51.5, 52.75]
time: [5.84, 7.56, 10.28, 13.01, 18.94, 46.55, 1000, 1000, 1000, 1000, 1000, 1000, 1000, 1000]
current_hyper_parameter
v: [19.89, 28.32, 24.23, 13.19, 16.18, 14.38, 9.01, 34.78, 12.18, 17.98, 22.9, 34.57, 31.74, 28.28]
a: [118.28, 47.84, 129.48, 55.44, 103.22, 37.37, 64.73, 116.5, 52.71, 115.09, 120.91, 33.16, 51.76, 75.78]
d: [3.5, 4.01, 3.5, 6.04, 6.32, 6.26, 6.38, 4.53, 5.29, 4.53, 5.35, 4.21, 4.0, 2.0]
BEST_hyper_parameter
v: [19.89, 28.32, 21.38, 13.19, 31.52, 28.37, 27.75, 13.95, 26.5, 33.05, 12.43, 16.56, 9.86, 28.28]
a: [118.28, 47.84, 159.48, 55.44, 138.61, 138.36, 64.73, 152.42, 52.71, 115.09, 98.31, 93.75, 50.0, 75.78]
d: [3.5, 4.01, 3.5, 6.04, 3.5, 3.57, 5.84, 4.53, 4.89, 5.37, 4.3, 4.21, 4.0, 2.0]

iteration: 8
best: [5.87, 7.62, 9.59, 12.87, 15.19, 19.15, 29.89, 34.26, 35.88, 37.48, 40.75, 47.87, 51.5, 52.75]
time: [5.89, 7.61, 10.31, 15.71, 23.01, 27.36, 40.36, 43.45, 45.33, 46.99, 1000, 1000, 1000, 1000]
current_hyper_parameter
v: [19.89, 28.32, 21.38, 24.9, 31.52, 12.16, 20.3, 18.16, 26.5, 24.89, 24.62, 9.59, 24.39, 12.26]
a: [118.28, 47.84, 159.48, 125.73, 138.61, 105.6, 64.73, 89.66, 52.71, 115.09, 147.13, 54.19, 127.05, 130.31]
d: [3.5, 4.01, 3.5, 5.61, 3.5, 3.57, 5.84, 4.01, 4.89, 5.37, 6.41, 4.21, 3.58, 2.0]
BEST_hyper_parameter
v: [19.89, 28.32, 21.38, 13.19, 31.52, 28.37, 27.75, 13.95, 26.5, 33.05, 12.43, 16.56, 9.86, 28.28]
a: [118.28, 47.84, 159.48, 55.44, 138.61, 138.36, 64.73, 152.42, 52.71, 115.09, 98.31, 93.75, 50.0, 75.78]
d: [3.5, 4.01, 3.5, 6.04, 3.5, 3.57, 5.84, 4.53, 4.89, 5.37, 4.3, 4.21, 4.0, 2.0]

iteration: 9
best: [5.87, 7.62, 9.59, 12.87, 15.19, 19.15, 29.89, 34.26, 35.88, 37.48, 40.75, 47.87, 51.5, 52.75]
time: [5.89, 7.57, 10.52, 13.47, 1000, 1000, 1000, 1000, 1000, 1000, 1000, 1000, 1000, 1000]
current_hyper_parameter
v: [19.89, 28.32, 17.73, 24.63, 16.56, 13.18, 16.47, 13.63, 11.46, 14.23, 30.47, 31.41, 8.81, 29.8]
a: [118.28, 47.84, 149.38, 55.44, 143.21, 43.5, 99.79, 106.4, 149.84, 52.25, 150.66, 93.75, 157.68, 97.61]
d: [3.5, 4.01, 3.5, 6.04, 6.19, 3.57, 5.84, 5.12, 4.89, 5.37, 4.29, 4.21, 4.0, 2.0]
BEST_hyper_parameter
v: [19.89, 28.32, 21.38, 13.19, 31.52, 28.37, 27.75, 13.95, 26.5, 33.05, 12.43, 16.56, 9.86, 28.28]
a: [118.28, 47.84, 159.48, 55.44, 138.61, 138.36, 64.73, 152.42, 52.71, 115.09, 98.31, 93.75, 50.0, 75.78]
d: [3.5, 4.01, 3.5, 6.04, 3.5, 3.57, 5.84, 4.53, 4.89, 5.37, 4.3, 4.21, 4.0, 2.0]
mutation at idx = 0

iteration: 10
best: [5.87, 7.62, 9.59, 12.87, 15.19, 19.15, 29.89, 34.26, 35.88, 37.48, 40.75, 47.87, 51.5, 52.75]
time: [6.05, 8.01, 10.49, 12.99, 15.33, 18.91, 33.75, 37.15, 42.18, 1000, 1000, 1000, 1000, 1000]
current_hyper_parameter
v: [32.49, 28.32, 33.5, 8.52, 31.52, 28.37, 9.67, 13.95, 26.5, 8.73, 12.43, 16.56, 9.86, 20.96]
a: [70.19, 47.84, 159.48, 154.89, 138.61, 138.36, 124.88, 152.42, 52.71, 115.09, 98.31, 93.75, 50.0, 75.78]
d: [3.5, 4.01, 3.5, 6.04, 3.5, 3.57, 5.84, 4.53, 4.89, 6.36, 4.3, 4.21, 4.0, 2.0]
BEST_hyper_parameter
v: [19.89, 28.32, 21.38, 13.19, 31.52, 28.37, 27.75, 13.95, 26.5, 33.05, 12.43, 16.56, 9.86, 28.28]
a: [118.28, 47.84, 159.48, 55.44, 138.61, 138.36, 64.73, 152.42, 52.71, 115.09, 98.31, 93.75, 50.0, 75.78]
d: [3.5, 4.01, 3.5, 6.04, 3.5, 3.57, 5.84, 4.53, 4.89, 5.37, 4.3, 4.21, 4.0, 2.0]

iteration: 11
best: [5.87, 7.62, 9.59, 12.87, 15.19, 19.15, 29.89, 34.26, 35.88, 37.48, 40.75, 47.87, 51.5, 52.75]
time: [5.82, 7.52, 10.14, 12.99, 1000, 1000, 1000, 1000, 1000, 1000, 1000, 1000, 1000, 1000]
current_hyper_parameter
v: [19.89, 28.32, 23.87, 11.6, 19.55, 28.72, 26.12, 33.2, 26.5, 17.87, 12.43, 16.56, 31.58, 23.74]
a: [118.28, 47.84, 159.48, 55.44, 134.61, 138.36, 82.74, 88.6, 52.71, 71.53, 98.31, 93.75, 50.0, 20.26]
d: [3.5, 4.01, 3.5, 6.04, 3.59, 3.85, 5.84, 4.53, 4.89, 5.37, 4.3, 4.21, 6.1, 2.0]
BEST_hyper_parameter
v: [19.89, 28.32, 21.38, 13.19, 31.52, 28.37, 27.75, 13.95, 26.5, 33.05, 12.43, 16.56, 9.86, 28.28]
a: [118.28, 47.84, 159.48, 55.44, 138.61, 138.36, 64.73, 152.42, 52.71, 115.09, 98.31, 93.75, 50.0, 75.78]
d: [3.5, 4.01, 3.5, 6.04, 3.5, 3.57, 5.84, 4.53, 4.89, 5.37, 4.3, 4.21, 4.0, 2.0]
