
iteration: 1
best: [5.87, 7.62, 9.59, 12.87, 15.19, 19.15, 29.15, 34.26, 35.88, 37.48, 40.75, 47.87, 51.5, 52.75]
time: [5.76, 7.53, 10.4, 13.04, 15.36, 19.45, 33.7, 36.99, 41.78, 43.49, 1000, 1000, 1000, 1000]
current_hyper_parameter
v: [19.89, 28.32, 21.38, 30.97, 31.52, 17.32, 18.19, 13.95, 14.6, 20.97, 17.34, 18.48, 26.55, 21.18]
a: [118.28, 47.84, 159.48, 55.44, 138.61, 138.36, 64.73, 152.42, 52.71, 115.09, 98.31, 93.75, 50.0, 75.78]
d: [3.5, 4.01, 3.5, 6.04, 3.5, 3.57, 5.84, 4.53, 4.89, 5.37, 4.3, 4.21, 4.0, 2.0]
BEST_hyper_parameter
v: [19.89, 28.32, 21.38, 30.97, 31.52, 17.32, 18.19, 13.95, 14.6, 20.97, 17.34, 18.48, 26.55, 21.18]
a: [118.28, 47.84, 159.48, 55.44, 138.61, 138.36, 64.73, 152.42, 52.71, 115.09, 98.31, 93.75, 50.0, 75.78]
d: [3.5, 4.01, 3.5, 6.04, 3.5, 3.57, 5.84, 4.53, 4.89, 5.37, 4.3, 4.21, 4.0, 2.0]

iteration: 2
best: [5.87, 7.62, 9.59, 12.87, 15.19, 19.15, 29.15, 34.26, 35.88, 37.48, 40.75, 47.87, 51.5, 52.75]
time: [5.83, 7.54, 10.57, 15.76, 20.88, 24.88, 37.68, 40.81, 42.26, 43.74, 1000, 1000, 1000, 1000]
current_hyper_parameter
v: [19.89, 28.32, 16.64, 25.43, 31.52, 17.32, 16.89, 13.47, 22.29, 31.99, 33.85, 8.71, 28.31, 29.15]
a: [118.28, 47.84, 159.48, 139.35, 138.61, 138.36, 113.96, 152.42, 105.49, 116.67, 94.11, 31.89, 125.33, 54.11]
d: [3.5, 4.01, 3.5, 6.37, 3.5, 3.57, 4.23, 4.53, 4.89, 5.37, 4.3, 5.4, 5.53, 2.0]
BEST_hyper_parameter
v: [19.89, 28.32, 21.38, 30.97, 31.52, 17.32, 18.19, 13.95, 14.6, 20.97, 17.34, 18.48, 26.55, 21.18]
a: [118.28, 47.84, 159.48, 55.44, 138.61, 138.36, 64.73, 152.42, 52.71, 115.09, 98.31, 93.75, 50.0, 75.78]
d: [3.5, 4.01, 3.5, 6.04, 3.5, 3.57, 5.84, 4.53, 4.89, 5.37, 4.3, 4.21, 4.0, 2.0]

iteration: 3
best: [5.87, 7.62, 9.59, 12.87, 15.19, 19.15, 29.15, 34.26, 35.88, 37.48, 40.75, 47.87, 51.5, 52.75]
time: [5.87, 7.58, 10.35, 1000, 1000, 1000, 1000, 1000, 1000, 1000, 1000, 1000, 1000, 1000]
current_hyper_parameter
v: [19.89, 28.32, 33.33, 34.54, 31.52, 22.74, 18.19, 10.94, 23.56, 20.97, 17.34, 10.91, 14.55, 22.95]
a: [118.28, 47.84, 94.68, 20.32, 138.61, 104.68, 64.73, 152.42, 52.71, 115.09, 98.31, 93.75, 50.0, 75.78]
d: [3.5, 4.01, 3.5, 6.04, 3.5, 3.75, 5.84, 4.53, 4.89, 5.37, 4.3, 4.21, 5.89, 2.0]
BEST_hyper_parameter
v: [19.89, 28.32, 21.38, 30.97, 31.52, 17.32, 18.19, 13.95, 14.6, 20.97, 17.34, 18.48, 26.55, 21.18]
a: [118.28, 47.84, 159.48, 55.44, 138.61, 138.36, 64.73, 152.42, 52.71, 115.09, 98.31, 93.75, 50.0, 75.78]
d: [3.5, 4.01, 3.5, 6.04, 3.5, 3.57, 5.84, 4.53, 4.89, 5.37, 4.3, 4.21, 4.0, 2.0]

iteration: 4
best: [5.87, 7.62, 9.59, 12.87, 15.19, 19.15, 29.15, 34.26, 35.88, 37.48, 40.75, 47.87, 51.5, 52.75]
time: [5.81, 7.54, 11.03, 14.69, 1000, 1000, 1000, 1000, 1000, 1000, 1000, 1000, 1000, 1000]
current_hyper_parameter
v: [19.89, 28.32, 13.24, 13.5, 31.52, 18.22, 18.19, 26.39, 25.11, 23.62, 17.34, 23.09, 14.53, 31.82]
a: [118.28, 47.84, 105.84, 26.32, 138.61, 27.28, 64.73, 152.42, 91.12, 66.75, 98.31, 105.63, 50.0, 149.3]
d: [3.5, 4.01, 4.03, 6.04, 3.5, 3.57, 5.84, 4.53, 4.97, 5.37, 4.3, 4.21, 4.0, 2.0]
BEST_hyper_parameter
v: [19.89, 28.32, 21.38, 30.97, 31.52, 17.32, 18.19, 13.95, 14.6, 20.97, 17.34, 18.48, 26.55, 21.18]
a: [118.28, 47.84, 159.48, 55.44, 138.61, 138.36, 64.73, 152.42, 52.71, 115.09, 98.31, 93.75, 50.0, 75.78]
d: [3.5, 4.01, 3.5, 6.04, 3.5, 3.57, 5.84, 4.53, 4.89, 5.37, 4.3, 4.21, 4.0, 2.0]

iteration: 5
best: [5.87, 7.62, 9.59, 12.87, 15.19, 19.15, 29.15, 34.26, 35.88, 37.48, 40.75, 47.87, 51.5, 52.75]
time: [5.85, 7.58, 10.26, 1000, 1000, 1000, 1000, 1000, 1000, 1000, 1000, 1000, 1000, 1000]
current_hyper_parameter
v: [19.89, 28.32, 21.38, 9.31, 23.53, 33.94, 23.75, 32.73, 33.26, 16.45, 17.34, 18.48, 29.47, 34.24]
a: [118.28, 47.84, 159.48, 26.68, 132.47, 138.36, 103.06, 130.63, 52.71, 81.05, 98.31, 93.75, 50.0, 126.37]
d: [3.5, 4.01, 3.5, 6.04, 3.5, 3.57, 6.21, 4.53, 3.83, 6.08, 4.3, 4.21, 4.0, 2.0]
BEST_hyper_parameter
v: [19.89, 28.32, 21.38, 30.97, 31.52, 17.32, 18.19, 13.95, 14.6, 20.97, 17.34, 18.48, 26.55, 21.18]
a: [118.28, 47.84, 159.48, 55.44, 138.61, 138.36, 64.73, 152.42, 52.71, 115.09, 98.31, 93.75, 50.0, 75.78]
d: [3.5, 4.01, 3.5, 6.04, 3.5, 3.57, 5.84, 4.53, 4.89, 5.37, 4.3, 4.21, 4.0, 2.0]

iteration: 6
best: [5.87, 7.62, 9.59, 12.87, 15.19, 19.15, 29.15, 34.26, 35.88, 37.48, 40.75, 47.87, 51.5, 52.75]
time: [5.85, 7.58, 10.61, 13.81, 16.19, 20.03, 30.72, 1000, 1000, 1000, 1000, 1000, 1000, 1000]
current_hyper_parameter
v: [19.89, 28.32, 30.51, 10.92, 31.52, 33.73, 24.31, 12.4, 14.52, 31.34, 25.75, 22.17, 26.55, 16.98]
a: [118.28, 47.84, 76.68, 79.58, 138.61, 123.76, 128.51, 26.74, 56.61, 115.09, 142.62, 93.75, 50.0, 64.61]
d: [3.5, 4.01, 3.5, 4.07, 3.5, 4.64, 5.84, 5.75, 4.89, 5.37, 3.5, 4.21, 4.0, 2.0]
BEST_hyper_parameter
v: [19.89, 28.32, 21.38, 30.97, 31.52, 17.32, 18.19, 13.95, 14.6, 20.97, 17.34, 18.48, 26.55, 21.18]
a: [118.28, 47.84, 159.48, 55.44, 138.61, 138.36, 64.73, 152.42, 52.71, 115.09, 98.31, 93.75, 50.0, 75.78]
d: [3.5, 4.01, 3.5, 6.04, 3.5, 3.57, 5.84, 4.53, 4.89, 5.37, 4.3, 4.21, 4.0, 2.0]

iteration: 7
best: [5.87, 7.62, 9.59, 12.87, 15.19, 19.15, 29.15, 34.26, 35.88, 37.48, 40.75, 47.87, 51.5, 52.75]
time: [5.8, 7.52, 10.06, 1000, 1000, 1000, 1000, 1000, 1000, 1000, 1000, 1000, 1000, 1000]
current_hyper_parameter
v: [19.89, 28.32, 27.66, 23.98, 12.35, 31.03, 13.06, 19.59, 14.6, 30.43, 12.54, 34.56, 26.55, 26.08]
a: [118.28, 47.84, 143.12, 132.4, 79.62, 138.36, 94.2, 152.42, 52.71, 59.68, 119.51, 93.75, 50.0, 75.78]
d: [3.5, 4.01, 3.5, 6.04, 3.5, 6.0, 5.84, 5.61, 4.89, 5.37, 4.3, 6.19, 4.0, 2.0]
BEST_hyper_parameter
v: [19.89, 28.32, 21.38, 30.97, 31.52, 17.32, 18.19, 13.95, 14.6, 20.97, 17.34, 18.48, 26.55, 21.18]
a: [118.28, 47.84, 159.48, 55.44, 138.61, 138.36, 64.73, 152.42, 52.71, 115.09, 98.31, 93.75, 50.0, 75.78]
d: [3.5, 4.01, 3.5, 6.04, 3.5, 3.57, 5.84, 4.53, 4.89, 5.37, 4.3, 4.21, 4.0, 2.0]

iteration: 8
best: [5.87, 7.62, 9.59, 12.87, 15.19, 19.15, 29.15, 34.26, 35.88, 37.48, 40.75, 47.87, 51.5, 52.75]
time: [5.88, 7.59, 10.28, 14.03, 20.43, 23.95, 35.15, 38.31, 40.57, 42.62, 1000, 1000, 1000, 1000]
current_hyper_parameter
v: [19.89, 28.32, 21.38, 11.13, 14.45, 19.81, 26.36, 16.18, 14.6, 18.79, 30.53, 12.18, 32.63, 18.65]
a: [118.28, 47.84, 159.48, 25.72, 155.93, 95.24, 64.73, 134.16, 52.71, 74.62, 152.45, 93.75, 108.12, 75.78]
d: [3.5, 4.01, 3.5, 6.04, 4.49, 3.57, 4.68, 4.53, 4.89, 3.7, 6.43, 4.21, 4.0, 2.0]
BEST_hyper_parameter
v: [19.89, 28.32, 21.38, 30.97, 31.52, 17.32, 18.19, 13.95, 14.6, 20.97, 17.34, 18.48, 26.55, 21.18]
a: [118.28, 47.84, 159.48, 55.44, 138.61, 138.36, 64.73, 152.42, 52.71, 115.09, 98.31, 93.75, 50.0, 75.78]
d: [3.5, 4.01, 3.5, 6.04, 3.5, 3.57, 5.84, 4.53, 4.89, 5.37, 4.3, 4.21, 4.0, 2.0]

iteration: 9
best: [5.87, 7.62, 9.59, 12.87, 15.19, 19.15, 29.15, 34.26, 35.88, 37.48, 40.75, 47.87, 51.5, 52.75]
time: [5.81, 7.52, 11.27, 14.91, 17.36, 21.14, 37.28, 40.67, 42.3, 44.28, 1000, 1000, 1000, 1000]
current_hyper_parameter
v: [19.89, 28.32, 19.41, 12.51, 25.34, 24.75, 11.09, 13.95, 18.31, 16.09, 30.44, 26.9, 16.09, 11.59]
a: [118.28, 47.84, 44.92, 55.44, 138.61, 83.51, 64.73, 152.42, 106.0, 101.6, 146.28, 49.86, 95.63, 75.78]
d: [3.5, 4.01, 3.5, 6.04, 3.85, 3.57, 4.15, 4.53, 4.85, 5.37, 3.59, 4.66, 4.0, 2.0]
BEST_hyper_parameter
v: [19.89, 28.32, 21.38, 30.97, 31.52, 17.32, 18.19, 13.95, 14.6, 20.97, 17.34, 18.48, 26.55, 21.18]
a: [118.28, 47.84, 159.48, 55.44, 138.61, 138.36, 64.73, 152.42, 52.71, 115.09, 98.31, 93.75, 50.0, 75.78]
d: [3.5, 4.01, 3.5, 6.04, 3.5, 3.57, 5.84, 4.53, 4.89, 5.37, 4.3, 4.21, 4.0, 2.0]

iteration: 10
best: [5.87, 7.62, 9.59, 12.87, 15.19, 19.15, 29.15, 34.26, 35.88, 37.48, 40.75, 47.87, 51.5, 52.75]
time: [5.85, 7.57, 10.03, 12.7, 18.16, 26.39, 40.94, 43.94, 45.74, 47.85, 1000, 1000, 1000, 1000]
current_hyper_parameter
v: [19.89, 28.32, 28.34, 12.76, 33.83, 15.12, 18.04, 26.21, 24.65, 12.84, 29.41, 24.16, 10.87, 34.33]
a: [118.28, 47.84, 159.48, 51.34, 146.97, 55.01, 113.6, 67.02, 52.71, 115.09, 76.5, 86.42, 53.43, 75.78]
d: [3.5, 4.01, 4.45, 6.04, 5.75, 3.57, 5.84, 4.23, 6.01, 5.37, 4.3, 4.21, 5.52, 2.0]
BEST_hyper_parameter
v: [19.89, 28.32, 21.38, 30.97, 31.52, 17.32, 18.19, 13.95, 14.6, 20.97, 17.34, 18.48, 26.55, 21.18]
a: [118.28, 47.84, 159.48, 55.44, 138.61, 138.36, 64.73, 152.42, 52.71, 115.09, 98.31, 93.75, 50.0, 75.78]
d: [3.5, 4.01, 3.5, 6.04, 3.5, 3.57, 5.84, 4.53, 4.89, 5.37, 4.3, 4.21, 4.0, 2.0]
mutation at idx = 2

iteration: 11
best: [5.87, 7.62, 9.59, 12.87, 15.19, 19.15, 29.15, 34.26, 35.88, 37.48, 40.75, 47.87, 51.5, 52.75]
time: [5.79, 7.52, 10.26, 12.91, 19.57, 1000, 1000, 1000, 1000, 1000, 1000, 1000, 1000, 1000]
current_hyper_parameter
v: [19.89, 28.32, 29.06, 30.97, 12.82, 31.65, 18.19, 13.0, 15.16, 22.65, 21.84, 25.93, 20.71, 16.03]
a: [118.28, 47.84, 102.05, 55.44, 81.22, 29.51, 64.73, 152.42, 21.3, 135.4, 98.31, 157.65, 152.53, 121.82]
d: [3.5, 4.01, 4.51, 6.04, 5.71, 3.57, 5.84, 4.53, 3.54, 3.86, 5.03, 4.21, 4.0, 2.0]
BEST_hyper_parameter
v: [19.89, 28.32, 21.38, 30.97, 31.52, 17.32, 18.19, 13.95, 14.6, 20.97, 17.34, 18.48, 26.55, 21.18]
a: [118.28, 47.84, 159.48, 55.44, 138.61, 138.36, 64.73, 152.42, 52.71, 115.09, 98.31, 93.75, 50.0, 75.78]
d: [3.5, 4.01, 3.5, 6.04, 3.5, 3.57, 5.84, 4.53, 4.89, 5.37, 4.3, 4.21, 4.0, 2.0]

iteration: 12
best: [5.87, 7.62, 9.59, 12.87, 15.19, 19.15, 29.15, 34.26, 35.88, 37.48, 40.75, 47.87, 51.5, 52.75]
time: [5.86, 7.59, 10.6, 13.35, 18.64, 34.68, 54.05, 1000, 1000, 1000, 1000, 1000, 1000, 1000]
current_hyper_parameter
v: [19.89, 28.32, 16.43, 30.97, 31.52, 14.15, 23.91, 29.02, 13.34, 23.35, 17.34, 22.7, 24.41, 23.64]
a: [118.28, 47.84, 159.95, 55.44, 138.61, 138.36, 56.61, 107.15, 66.72, 131.15, 98.31, 111.54, 24.43, 148.9]
d: [3.5, 4.01, 4.98, 6.04, 3.5, 3.57, 3.96, 6.07, 3.92, 4.3, 4.3, 4.21, 3.83, 2.0]
BEST_hyper_parameter
v: [19.89, 28.32, 21.38, 30.97, 31.52, 17.32, 18.19, 13.95, 14.6, 20.97, 17.34, 18.48, 26.55, 21.18]
a: [118.28, 47.84, 159.48, 55.44, 138.61, 138.36, 64.73, 152.42, 52.71, 115.09, 98.31, 93.75, 50.0, 75.78]
d: [3.5, 4.01, 3.5, 6.04, 3.5, 3.57, 5.84, 4.53, 4.89, 5.37, 4.3, 4.21, 4.0, 2.0]

iteration: 13
best: [5.87, 7.62, 9.59, 12.87, 15.19, 19.15, 29.15, 34.26, 35.88, 37.48, 40.75, 47.87, 51.5, 52.75]
time: [5.86, 7.61, 10.31, 1000, 1000, 1000, 1000, 1000, 1000, 1000, 1000, 1000, 1000, 1000]
current_hyper_parameter
v: [19.89, 28.32, 21.38, 23.45, 29.79, 15.89, 27.34, 13.95, 33.03, 20.97, 30.03, 15.7, 17.36, 21.2]
a: [118.28, 47.84, 159.48, 75.48, 21.66, 112.12, 92.69, 152.42, 52.71, 115.09, 98.31, 59.54, 77.99, 75.78]
d: [3.5, 4.01, 3.5, 6.04, 3.64, 5.67, 5.84, 4.53, 6.14, 5.37, 5.0, 4.21, 4.87, 2.0]
BEST_hyper_parameter
v: [19.89, 28.32, 21.38, 30.97, 31.52, 17.32, 18.19, 13.95, 14.6, 20.97, 17.34, 18.48, 26.55, 21.18]
a: [118.28, 47.84, 159.48, 55.44, 138.61, 138.36, 64.73, 152.42, 52.71, 115.09, 98.31, 93.75, 50.0, 75.78]
d: [3.5, 4.01, 3.5, 6.04, 3.5, 3.57, 5.84, 4.53, 4.89, 5.37, 4.3, 4.21, 4.0, 2.0]

iteration: 14
best: [5.87, 7.62, 9.59, 12.87, 15.19, 19.15, 29.15, 34.26, 35.88, 37.48, 40.75, 47.87, 51.5, 52.75]
time: [5.86, 7.57, 10.26, 12.85, 15.25, 19.27, 1000, 1000, 1000, 1000, 1000, 1000, 1000, 1000]
current_hyper_parameter
v: [19.89, 28.32, 33.03, 30.97, 22.69, 17.32, 9.13, 15.09, 8.95, 11.94, 16.22, 29.83, 18.94, 9.37]
a: [118.28, 47.84, 100.0, 55.44, 152.57, 138.36, 124.49, 141.07, 52.71, 115.09, 69.11, 93.75, 50.0, 54.59]
d: [3.5, 4.01, 3.5, 6.04, 3.5, 3.57, 5.03, 6.39, 4.89, 5.14, 4.3, 4.3, 4.79, 2.0]
BEST_hyper_parameter
v: [19.89, 28.32, 21.38, 30.97, 31.52, 17.32, 18.19, 13.95, 14.6, 20.97, 17.34, 18.48, 26.55, 21.18]
a: [118.28, 47.84, 159.48, 55.44, 138.61, 138.36, 64.73, 152.42, 52.71, 115.09, 98.31, 93.75, 50.0, 75.78]
d: [3.5, 4.01, 3.5, 6.04, 3.5, 3.57, 5.84, 4.53, 4.89, 5.37, 4.3, 4.21, 4.0, 2.0]

iteration: 15
best: [5.87, 7.62, 9.59, 12.87, 15.19, 19.15, 29.15, 34.26, 35.88, 37.48, 40.75, 47.87, 51.5, 52.75]
time: [5.88, 7.6, 10.38, 12.72, 1000, 1000, 1000, 1000, 1000, 1000, 1000, 1000, 1000, 1000]
current_hyper_parameter
v: [19.89, 28.32, 30.01, 34.68, 22.99, 19.87, 18.19, 24.83, 33.52, 22.03, 24.11, 21.01, 28.16, 29.28]
a: [118.28, 47.84, 96.59, 111.36, 115.11, 63.21, 64.73, 152.42, 101.29, 75.23, 98.31, 93.75, 111.49, 75.78]
d: [3.5, 4.01, 3.5, 3.67, 4.87, 3.57, 5.84, 4.53, 6.27, 5.37, 6.42, 4.21, 4.0, 2.0]
BEST_hyper_parameter
v: [19.89, 28.32, 21.38, 30.97, 31.52, 17.32, 18.19, 13.95, 14.6, 20.97, 17.34, 18.48, 26.55, 21.18]
a: [118.28, 47.84, 159.48, 55.44, 138.61, 138.36, 64.73, 152.42, 52.71, 115.09, 98.31, 93.75, 50.0, 75.78]
d: [3.5, 4.01, 3.5, 6.04, 3.5, 3.57, 5.84, 4.53, 4.89, 5.37, 4.3, 4.21, 4.0, 2.0]

iteration: 16
best: [5.87, 7.62, 9.59, 12.87, 15.19, 19.15, 29.15, 34.26, 35.88, 37.48, 40.75, 47.87, 51.5, 52.75]
time: [5.85, 7.59, 10.26, 20.43, 23.84, 27.73, 41.58, 44.34, 46.96, 1000, 1000, 1000, 1000, 1000]
current_hyper_parameter
v: [19.89, 28.32, 21.38, 10.36, 32.98, 15.52, 15.38, 19.85, 14.6, 10.11, 33.87, 34.61, 26.55, 21.18]
a: [118.28, 47.84, 159.48, 113.04, 138.61, 129.79, 64.73, 152.42, 52.71, 139.01, 98.31, 125.92, 50.0, 75.78]
d: [3.5, 4.01, 3.5, 6.04, 3.5, 3.57, 5.84, 3.72, 4.89, 5.33, 4.3, 4.89, 4.0, 2.0]
BEST_hyper_parameter
v: [19.89, 28.32, 21.38, 30.97, 31.52, 17.32, 18.19, 13.95, 14.6, 20.97, 17.34, 18.48, 26.55, 21.18]
a: [118.28, 47.84, 159.48, 55.44, 138.61, 138.36, 64.73, 152.42, 52.71, 115.09, 98.31, 93.75, 50.0, 75.78]
d: [3.5, 4.01, 3.5, 6.04, 3.5, 3.57, 5.84, 4.53, 4.89, 5.37, 4.3, 4.21, 4.0, 2.0]

iteration: 17
best: [5.87, 7.62, 9.59, 12.87, 15.19, 19.15, 29.15, 34.26, 35.88, 37.48, 40.75, 47.87, 51.5, 52.75]
time: [5.86, 7.58, 10.24, 12.84, 18.96, 21.76, 36.27, 39.37, 40.88, 42.66, 46.44, 49.11, 51.56, 52.89]
current_hyper_parameter
v: [19.89, 28.32, 33.72, 22.2, 24.68, 17.32, 17.62, 13.95, 33.75, 30.38, 23.79, 19.75, 26.55, 15.94]
a: [118.28, 47.84, 100.52, 57.0, 58.52, 138.36, 64.73, 152.42, 82.2, 66.6, 22.01, 56.28, 50.0, 75.78]
d: [3.5, 4.01, 3.5, 6.04, 5.21, 3.57, 3.58, 4.53, 4.89, 4.88, 3.81, 4.21, 4.0, 2.0]
BEST_hyper_parameter
v: [19.89, 28.32, 21.38, 30.97, 31.52, 17.32, 18.19, 13.95, 14.6, 20.97, 17.34, 18.48, 26.55, 21.18]
a: [118.28, 47.84, 159.48, 55.44, 138.61, 138.36, 64.73, 152.42, 52.71, 115.09, 98.31, 93.75, 50.0, 75.78]
d: [3.5, 4.01, 3.5, 6.04, 3.5, 3.57, 5.84, 4.53, 4.89, 5.37, 4.3, 4.21, 4.0, 2.0]

iteration: 18
best: [5.87, 7.62, 9.59, 12.87, 15.19, 19.15, 29.15, 34.26, 35.88, 37.48, 40.75, 47.87, 51.5, 52.75]
time: [5.83, 7.57, 10.29, 15.72, 18.37, 22.08, 34.53, 36.98, 47.91, 50.47, 51.7, 53.02, 1000, 1000]
current_hyper_parameter
v: [19.89, 28.32, 21.38, 27.2, 20.41, 17.32, 18.19, 26.1, 15.55, 30.53, 17.34, 31.67, 28.59, 21.18]
a: [118.28, 47.84, 159.48, 76.13, 103.04, 138.36, 64.73, 149.21, 52.71, 23.75, 98.31, 138.3, 50.0, 75.78]
d: [3.5, 4.01, 3.5, 4.81, 3.5, 3.57, 5.84, 4.53, 5.86, 6.01, 4.3, 4.21, 4.0, 2.0]
BEST_hyper_parameter
v: [19.89, 28.32, 21.38, 30.97, 31.52, 17.32, 18.19, 13.95, 14.6, 20.97, 17.34, 18.48, 26.55, 21.18]
a: [118.28, 47.84, 159.48, 55.44, 138.61, 138.36, 64.73, 152.42, 52.71, 115.09, 98.31, 93.75, 50.0, 75.78]
d: [3.5, 4.01, 3.5, 6.04, 3.5, 3.57, 5.84, 4.53, 4.89, 5.37, 4.3, 4.21, 4.0, 2.0]
mutation at idx = 0
mutation at idx = 1

iteration: 19
best: [5.87, 7.62, 9.59, 12.87, 15.19, 19.15, 29.15, 34.26, 35.88, 37.48, 40.75, 47.87, 51.5, 52.75]
time: [5.93, 7.34, 10.3, 13.9, 16.29, 19.99, 30.87, 37.07, 39.7, 41.28, 1000, 1000, 1000, 1000]
current_hyper_parameter
v: [16.59, 23.86, 13.61, 10.85, 31.52, 22.9, 28.75, 10.5, 15.5, 32.24, 28.02, 18.48, 26.55, 12.15]
a: [118.28, 158.18, 71.27, 57.66, 138.61, 138.36, 74.23, 152.42, 52.71, 115.09, 113.69, 93.75, 50.0, 33.98]
d: [4.5, 4.01, 4.11, 4.66, 3.5, 4.57, 6.28, 4.51, 4.97, 5.68, 5.99, 4.21, 4.0, 2.0]
BEST_hyper_parameter
v: [19.89, 28.32, 21.38, 30.97, 31.52, 17.32, 18.19, 13.95, 14.6, 20.97, 17.34, 18.48, 26.55, 21.18]
a: [118.28, 47.84, 159.48, 55.44, 138.61, 138.36, 64.73, 152.42, 52.71, 115.09, 98.31, 93.75, 50.0, 75.78]
d: [3.5, 4.01, 3.5, 6.04, 3.5, 3.57, 5.84, 4.53, 4.89, 5.37, 4.3, 4.21, 4.0, 2.0]

iteration: 20
best: [5.87, 7.62, 9.59, 12.87, 15.19, 19.15, 29.15, 34.26, 35.88, 37.48, 40.75, 47.87, 51.5, 52.75]
time: [5.83, 7.56, 11.68, 15.06, 17.59, 23.74, 39.51, 42.75, 1000, 1000, 1000, 1000, 1000, 1000]
current_hyper_parameter
v: [19.89, 28.32, 17.63, 14.64, 31.0, 33.88, 10.78, 13.95, 34.75, 27.21, 23.31, 18.48, 17.37, 21.18]
a: [118.28, 47.84, 25.41, 55.44, 87.76, 138.36, 64.73, 152.42, 118.85, 27.57, 137.43, 93.75, 50.0, 75.78]
d: [3.5, 4.01, 5.96, 6.04, 5.39, 5.63, 5.36, 4.53, 5.78, 5.52, 4.3, 4.21, 5.94, 2.0]
BEST_hyper_parameter
v: [19.89, 28.32, 21.38, 30.97, 31.52, 17.32, 18.19, 13.95, 14.6, 20.97, 17.34, 18.48, 26.55, 21.18]
a: [118.28, 47.84, 159.48, 55.44, 138.61, 138.36, 64.73, 152.42, 52.71, 115.09, 98.31, 93.75, 50.0, 75.78]
d: [3.5, 4.01, 3.5, 6.04, 3.5, 3.57, 5.84, 4.53, 4.89, 5.37, 4.3, 4.21, 4.0, 2.0]

iteration: 21
best: [5.87, 7.62, 9.59, 12.87, 15.19, 19.15, 29.15, 34.26, 35.88, 37.48, 40.75, 47.87, 51.5, 52.75]
time: [5.84, 7.58, 10.28, 16.77, 1000, 1000, 1000, 1000, 1000, 1000, 1000, 1000, 1000, 1000]
current_hyper_parameter
v: [19.89, 28.32, 21.38, 11.14, 31.52, 31.19, 18.19, 25.6, 28.47, 16.48, 11.82, 11.12, 26.57, 22.92]
a: [118.28, 47.84, 159.48, 25.29, 138.61, 138.36, 64.73, 76.98, 79.03, 133.4, 53.05, 153.48, 60.83, 111.39]
d: [3.5, 4.01, 3.5, 6.04, 3.5, 5.06, 5.84, 4.04, 4.07, 5.37, 4.79, 4.21, 6.04, 2.0]
BEST_hyper_parameter
v: [19.89, 28.32, 21.38, 30.97, 31.52, 17.32, 18.19, 13.95, 14.6, 20.97, 17.34, 18.48, 26.55, 21.18]
a: [118.28, 47.84, 159.48, 55.44, 138.61, 138.36, 64.73, 152.42, 52.71, 115.09, 98.31, 93.75, 50.0, 75.78]
d: [3.5, 4.01, 3.5, 6.04, 3.5, 3.57, 5.84, 4.53, 4.89, 5.37, 4.3, 4.21, 4.0, 2.0]

iteration: 22
best: [5.87, 7.62, 9.59, 12.87, 15.19, 19.15, 29.15, 34.26, 35.88, 37.48, 40.75, 47.87, 51.5, 52.75]
time: [5.85, 7.58, 10.25, 12.82, 18.23, 21.32, 29.48, 1000, 1000, 1000, 1000, 1000, 1000, 1000]
current_hyper_parameter
v: [19.89, 28.32, 21.67, 17.02, 30.75, 32.62, 33.72, 11.78, 16.3, 20.97, 17.34, 24.99, 9.91, 21.18]
a: [118.28, 47.84, 157.11, 55.44, 138.61, 133.96, 142.39, 77.23, 107.76, 115.09, 98.31, 93.75, 68.15, 75.78]
d: [3.5, 4.01, 5.13, 6.04, 6.44, 3.57, 5.84, 4.53, 5.43, 5.37, 4.3, 3.63, 4.82, 2.0]
BEST_hyper_parameter
v: [19.89, 28.32, 21.38, 30.97, 31.52, 17.32, 18.19, 13.95, 14.6, 20.97, 17.34, 18.48, 26.55, 21.18]
a: [118.28, 47.84, 159.48, 55.44, 138.61, 138.36, 64.73, 152.42, 52.71, 115.09, 98.31, 93.75, 50.0, 75.78]
d: [3.5, 4.01, 3.5, 6.04, 3.5, 3.57, 5.84, 4.53, 4.89, 5.37, 4.3, 4.21, 4.0, 2.0]

iteration: 23
best: [5.87, 7.62, 9.59, 12.87, 15.19, 19.15, 29.15, 34.26, 35.88, 37.48, 40.75, 47.87, 51.5, 52.75]
time: [5.87, 7.59, 10.68, 13.79, 16.14, 19.88, 34.89, 38.24, 1000, 1000, 1000, 1000, 1000, 1000]
current_hyper_parameter
v: [19.89, 28.32, 29.33, 30.97, 30.46, 32.03, 10.9, 13.8, 14.6, 20.97, 15.93, 10.04, 33.8, 12.08]
a: [118.28, 47.84, 73.49, 55.44, 144.72, 138.36, 64.73, 137.77, 52.71, 115.09, 98.31, 92.52, 155.28, 75.78]
d: [3.5, 4.01, 3.5, 6.04, 3.5, 5.11, 4.73, 4.53, 4.89, 5.37, 4.3, 4.64, 6.41, 2.0]
BEST_hyper_parameter
v: [19.89, 28.32, 21.38, 30.97, 31.52, 17.32, 18.19, 13.95, 14.6, 20.97, 17.34, 18.48, 26.55, 21.18]
a: [118.28, 47.84, 159.48, 55.44, 138.61, 138.36, 64.73, 152.42, 52.71, 115.09, 98.31, 93.75, 50.0, 75.78]
d: [3.5, 4.01, 3.5, 6.04, 3.5, 3.57, 5.84, 4.53, 4.89, 5.37, 4.3, 4.21, 4.0, 2.0]

iteration: 24
best: [5.87, 7.62, 9.59, 12.87, 15.19, 19.15, 29.15, 34.26, 35.88, 37.48, 40.75, 47.87, 51.5, 52.75]
time: [5.84, 7.57, 9.91, 12.37, 14.62, 19.53, 30.3, 1000, 1000, 1000, 1000, 1000, 1000, 1000]
current_hyper_parameter
v: [19.89, 28.32, 34.39, 15.41, 31.52, 10.62, 33.47, 15.3, 28.77, 20.97, 9.11, 18.48, 28.99, 22.14]
a: [118.28, 47.84, 159.48, 55.44, 138.61, 158.11, 64.73, 26.98, 52.71, 115.09, 52.69, 93.75, 85.93, 130.21]
d: [3.5, 4.01, 6.46, 4.96, 3.5, 3.57, 4.75, 6.06, 4.89, 5.37, 5.42, 4.21, 4.0, 2.0]
BEST_hyper_parameter
v: [19.89, 28.32, 21.38, 30.97, 31.52, 17.32, 18.19, 13.95, 14.6, 20.97, 17.34, 18.48, 26.55, 21.18]
a: [118.28, 47.84, 159.48, 55.44, 138.61, 138.36, 64.73, 152.42, 52.71, 115.09, 98.31, 93.75, 50.0, 75.78]
d: [3.5, 4.01, 3.5, 6.04, 3.5, 3.57, 5.84, 4.53, 4.89, 5.37, 4.3, 4.21, 4.0, 2.0]
mutation at idx = 0
mutation at idx = 1
mutation at idx = 3

iteration: 25
best: [5.87, 7.62, 9.59, 12.87, 14.62, 19.15, 29.15, 34.26, 35.88, 37.48, 40.75, 47.87, 51.5, 52.75]
time: [7.7, 10.35, 13.21, 15.64, 20.96, 24.34, 37.74, 40.07, 1000, 1000, 1000, 1000, 1000, 1000]
current_hyper_parameter
v: [22.23, 15.43, 21.38, 20.54, 31.52, 17.32, 18.19, 32.47, 14.6, 20.97, 19.38, 19.0, 18.85, 21.18]
a: [26.92, 47.84, 159.48, 93.61, 138.61, 138.36, 64.73, 152.42, 52.71, 115.09, 40.75, 93.75, 125.63, 75.78]
d: [3.5, 3.75, 3.5, 4.68, 3.5, 3.57, 5.84, 4.73, 4.89, 5.37, 4.3, 4.35, 4.0, 2.0]
BEST_hyper_parameter
v: [19.89, 28.32, 21.38, 30.97, 31.52, 17.32, 18.19, 13.95, 14.6, 20.97, 17.34, 18.48, 26.55, 21.18]
a: [118.28, 47.84, 159.48, 55.44, 138.61, 138.36, 64.73, 152.42, 52.71, 115.09, 98.31, 93.75, 50.0, 75.78]
d: [3.5, 4.01, 3.5, 6.04, 3.5, 3.57, 5.84, 4.53, 4.89, 5.37, 4.3, 4.21, 4.0, 2.0]

iteration: 26
best: [5.87, 7.62, 9.59, 12.87, 14.62, 19.15, 29.15, 34.26, 35.88, 37.48, 40.75, 47.87, 51.5, 52.75]
time: [5.84, 7.64, 10.35, 13.25, 21.24, 26.1, 42.4, 48.72, 50.67, 52.41, 1000, 1000, 1000, 1000]
current_hyper_parameter
v: [19.89, 19.97, 21.38, 30.97, 33.54, 12.59, 18.19, 13.95, 31.72, 20.97, 12.91, 28.5, 11.32, 31.06]
a: [118.28, 24.64, 159.48, 55.44, 29.16, 36.15, 64.73, 152.42, 52.43, 115.09, 140.0, 93.75, 84.34, 70.16]
d: [3.5, 4.01, 3.5, 6.04, 4.0, 6.34, 5.84, 4.53, 3.68, 5.37, 4.3, 5.24, 4.0, 2.0]
BEST_hyper_parameter
v: [19.89, 28.32, 21.38, 30.97, 31.52, 17.32, 18.19, 13.95, 14.6, 20.97, 17.34, 18.48, 26.55, 21.18]
a: [118.28, 47.84, 159.48, 55.44, 138.61, 138.36, 64.73, 152.42, 52.71, 115.09, 98.31, 93.75, 50.0, 75.78]
d: [3.5, 4.01, 3.5, 6.04, 3.5, 3.57, 5.84, 4.53, 4.89, 5.37, 4.3, 4.21, 4.0, 2.0]

iteration: 27
best: [5.87, 7.62, 9.59, 12.87, 14.62, 19.15, 29.15, 34.26, 35.88, 37.48, 40.75, 47.87, 51.5, 52.75]
time: [5.86, 7.58, 10.17, 1000, 1000, 1000, 1000, 1000, 1000, 1000, 1000, 1000, 1000, 1000]
current_hyper_parameter
v: [19.89, 28.32, 33.25, 17.32, 25.94, 17.32, 26.16, 13.95, 33.32, 16.0, 20.4, 18.48, 12.68, 21.18]
a: [118.28, 47.84, 111.6, 20.54, 142.21, 138.36, 64.73, 152.42, 52.71, 115.09, 98.31, 93.75, 50.0, 75.78]
d: [3.5, 4.01, 3.5, 6.04, 3.5, 3.57, 5.84, 4.53, 5.31, 5.37, 4.6, 4.21, 4.0, 2.0]
BEST_hyper_parameter
v: [19.89, 28.32, 21.38, 30.97, 31.52, 17.32, 18.19, 13.95, 14.6, 20.97, 17.34, 18.48, 26.55, 21.18]
a: [118.28, 47.84, 159.48, 55.44, 138.61, 138.36, 64.73, 152.42, 52.71, 115.09, 98.31, 93.75, 50.0, 75.78]
d: [3.5, 4.01, 3.5, 6.04, 3.5, 3.57, 5.84, 4.53, 4.89, 5.37, 4.3, 4.21, 4.0, 2.0]

iteration: 28
best: [5.87, 7.62, 9.59, 12.87, 14.62, 19.15, 29.15, 34.26, 35.88, 37.48, 40.75, 47.87, 51.5, 52.75]
time: [5.85, 7.58, 10.27, 15.88, 22.29, 25.49, 38.64, 1000, 1000, 1000, 1000, 1000, 1000, 1000]
current_hyper_parameter
v: [19.89, 28.32, 24.52, 30.97, 12.02, 17.32, 19.26, 20.34, 9.25, 32.77, 22.74, 10.43, 11.88, 21.18]
a: [118.28, 47.84, 118.05, 55.44, 130.12, 138.36, 37.52, 95.26, 52.71, 144.04, 45.08, 93.75, 70.76, 75.78]
d: [3.5, 4.01, 3.5, 6.04, 3.5, 3.57, 5.84, 6.15, 4.07, 5.37, 6.1, 4.21, 4.74, 2.0]
BEST_hyper_parameter
v: [19.89, 28.32, 21.38, 30.97, 31.52, 17.32, 18.19, 13.95, 14.6, 20.97, 17.34, 18.48, 26.55, 21.18]
a: [118.28, 47.84, 159.48, 55.44, 138.61, 138.36, 64.73, 152.42, 52.71, 115.09, 98.31, 93.75, 50.0, 75.78]
d: [3.5, 4.01, 3.5, 6.04, 3.5, 3.57, 5.84, 4.53, 4.89, 5.37, 4.3, 4.21, 4.0, 2.0]

iteration: 29
best: [5.87, 7.62, 9.59, 12.87, 14.62, 19.15, 29.15, 34.26, 35.88, 37.48, 40.75, 47.87, 51.5, 52.75]
time: [5.85, 7.58, 10.71, 13.71, 16.67, 19.8, 33.22, 36.35, 37.66, 39.18, 45.37, 1000, 1000, 1000]
current_hyper_parameter
v: [19.89, 28.32, 20.39, 30.97, 12.79, 20.12, 18.19, 13.95, 30.37, 25.12, 31.37, 12.51, 26.55, 32.09]
a: [118.28, 47.84, 82.8, 55.44, 138.61, 138.36, 64.73, 152.42, 105.69, 115.09, 60.75, 93.75, 50.0, 57.41]
d: [3.5, 4.01, 3.5, 6.04, 3.5, 3.57, 5.84, 4.53, 5.2, 5.19, 4.3, 4.21, 4.0, 2.0]
BEST_hyper_parameter
v: [19.89, 28.32, 21.38, 30.97, 31.52, 17.32, 18.19, 13.95, 14.6, 20.97, 17.34, 18.48, 26.55, 21.18]
a: [118.28, 47.84, 159.48, 55.44, 138.61, 138.36, 64.73, 152.42, 52.71, 115.09, 98.31, 93.75, 50.0, 75.78]
d: [3.5, 4.01, 3.5, 6.04, 3.5, 3.57, 5.84, 4.53, 4.89, 5.37, 4.3, 4.21, 4.0, 2.0]

iteration: 30
best: [5.87, 7.62, 9.59, 12.87, 14.62, 19.15, 29.15, 34.26, 35.88, 37.48, 40.75, 47.87, 51.5, 52.75]
time: [5.86, 7.58, 11.69, 15.53, 17.88, 21.62, 37.94, 41.4, 47.31, 1000, 1000, 1000, 1000, 1000]
current_hyper_parameter
v: [19.89, 28.32, 31.27, 15.6, 31.52, 17.32, 9.19, 34.46, 18.59, 20.97, 31.22, 33.94, 26.55, 18.98]
a: [118.28, 47.84, 32.26, 37.92, 138.61, 138.36, 65.06, 59.36, 72.29, 115.09, 32.97, 81.49, 50.0, 75.78]
d: [3.5, 4.01, 3.5, 4.99, 3.5, 3.57, 5.84, 4.53, 6.27, 5.37, 4.3, 4.21, 4.0, 2.0]
BEST_hyper_parameter
v: [19.89, 28.32, 21.38, 30.97, 31.52, 17.32, 18.19, 13.95, 14.6, 20.97, 17.34, 18.48, 26.55, 21.18]
a: [118.28, 47.84, 159.48, 55.44, 138.61, 138.36, 64.73, 152.42, 52.71, 115.09, 98.31, 93.75, 50.0, 75.78]
d: [3.5, 4.01, 3.5, 6.04, 3.5, 3.57, 5.84, 4.53, 4.89, 5.37, 4.3, 4.21, 4.0, 2.0]

iteration: 31
best: [5.87, 7.62, 9.59, 12.87, 14.62, 19.15, 29.15, 34.26, 35.88, 37.48, 40.75, 47.87, 51.5, 52.75]
time: [5.86, 7.57, 10.25, 15.79, 21.75, 27.2, 38.81, 41.33, 1000, 1000, 1000, 1000, 1000, 1000]
current_hyper_parameter
v: [19.89, 28.32, 21.38, 30.97, 19.61, 12.1, 23.12, 34.03, 32.4, 9.09, 17.34, 11.05, 27.15, 32.45]
a: [118.28, 47.84, 159.48, 55.44, 85.55, 93.72, 112.93, 124.47, 105.04, 150.58, 98.31, 89.6, 97.87, 26.25]
d: [3.5, 4.01, 3.5, 6.04, 5.08, 5.15, 5.84, 5.08, 4.89, 5.61, 4.3, 5.81, 4.0, 2.0]
BEST_hyper_parameter
v: [19.89, 28.32, 21.38, 30.97, 31.52, 17.32, 18.19, 13.95, 14.6, 20.97, 17.34, 18.48, 26.55, 21.18]
a: [118.28, 47.84, 159.48, 55.44, 138.61, 138.36, 64.73, 152.42, 52.71, 115.09, 98.31, 93.75, 50.0, 75.78]
d: [3.5, 4.01, 3.5, 6.04, 3.5, 3.57, 5.84, 4.53, 4.89, 5.37, 4.3, 4.21, 4.0, 2.0]

iteration: 32
best: [5.87, 7.62, 9.59, 12.87, 14.62, 19.15, 29.15, 34.26, 35.88, 37.48, 40.75, 47.87, 51.5, 52.75]
time: [5.87, 7.61, 11.11, 14.03, 16.28, 20.09, 31.21, 34.57, 36.97, 38.7, 1000, 1000, 1000, 1000]
current_hyper_parameter
v: [19.89, 28.32, 24.87, 30.97, 30.82, 27.11, 27.08, 23.03, 14.6, 30.78, 33.14, 25.03, 29.37, 21.47]
a: [118.28, 47.84, 51.49, 55.44, 124.55, 138.36, 64.73, 55.71, 52.71, 115.09, 79.72, 89.55, 50.0, 75.78]
d: [3.5, 4.01, 3.5, 6.04, 3.5, 3.57, 4.99, 3.57, 4.89, 5.88, 5.95, 5.26, 5.09, 2.0]
BEST_hyper_parameter
v: [19.89, 28.32, 21.38, 30.97, 31.52, 17.32, 18.19, 13.95, 14.6, 20.97, 17.34, 18.48, 26.55, 21.18]
a: [118.28, 47.84, 159.48, 55.44, 138.61, 138.36, 64.73, 152.42, 52.71, 115.09, 98.31, 93.75, 50.0, 75.78]
d: [3.5, 4.01, 3.5, 6.04, 3.5, 3.57, 5.84, 4.53, 4.89, 5.37, 4.3, 4.21, 4.0, 2.0]

iteration: 33
best: [5.87, 7.62, 9.59, 12.87, 14.62, 19.15, 29.15, 34.26, 35.88, 37.48, 40.75, 47.87, 51.5, 52.75]
time: [5.82, 7.53, 11.65, 15.53, 17.95, 1000, 1000, 1000, 1000, 1000, 1000, 1000, 1000, 1000]
current_hyper_parameter
v: [19.89, 28.32, 16.74, 13.64, 29.79, 27.03, 13.19, 13.95, 14.6, 20.97, 14.28, 32.07, 26.55, 22.66]
a: [118.28, 47.84, 28.25, 42.02, 125.46, 138.36, 64.73, 152.42, 52.71, 115.09, 98.31, 100.76, 50.0, 75.78]
d: [3.5, 4.01, 3.5, 4.96, 4.4, 5.25, 5.84, 4.53, 4.89, 5.37, 4.3, 4.21, 4.0, 2.0]
BEST_hyper_parameter
v: [19.89, 28.32, 21.38, 30.97, 31.52, 17.32, 18.19, 13.95, 14.6, 20.97, 17.34, 18.48, 26.55, 21.18]
a: [118.28, 47.84, 159.48, 55.44, 138.61, 138.36, 64.73, 152.42, 52.71, 115.09, 98.31, 93.75, 50.0, 75.78]
d: [3.5, 4.01, 3.5, 6.04, 3.5, 3.57, 5.84, 4.53, 4.89, 5.37, 4.3, 4.21, 4.0, 2.0]

iteration: 34
best: [5.87, 7.62, 9.59, 12.87, 14.62, 19.15, 29.15, 34.26, 35.88, 37.48, 40.75, 47.87, 51.5, 52.75]
time: [5.85, 7.58, 10.04, 20.27, 32.57, 35.18, 47.36, 50.48, 52.12, 53.72, 1000, 1000, 1000, 1000]
current_hyper_parameter
v: [19.89, 28.32, 27.59, 9.56, 13.19, 17.32, 19.7, 22.05, 26.47, 20.97, 17.34, 24.11, 26.55, 12.42]
a: [118.28, 47.84, 159.48, 150.75, 42.89, 138.36, 64.73, 81.11, 52.71, 115.09, 98.31, 93.75, 50.0, 132.55]
d: [3.5, 4.01, 4.92, 5.98, 4.86, 3.57, 5.84, 4.78, 5.8, 5.37, 4.3, 4.21, 4.0, 2.0]
BEST_hyper_parameter
v: [19.89, 28.32, 21.38, 30.97, 31.52, 17.32, 18.19, 13.95, 14.6, 20.97, 17.34, 18.48, 26.55, 21.18]
a: [118.28, 47.84, 159.48, 55.44, 138.61, 138.36, 64.73, 152.42, 52.71, 115.09, 98.31, 93.75, 50.0, 75.78]
d: [3.5, 4.01, 3.5, 6.04, 3.5, 3.57, 5.84, 4.53, 4.89, 5.37, 4.3, 4.21, 4.0, 2.0]

iteration: 35
best: [5.87, 7.62, 9.59, 12.87, 14.62, 19.15, 29.15, 34.26, 35.88, 37.48, 40.75, 47.87, 51.5, 52.75]
time: [5.87, 7.58, 10.29, 16.0, 23.0, 27.27, 40.98, 43.88, 48.95, 50.71, 1000, 1000, 1000, 1000]
current_hyper_parameter
v: [19.89, 28.32, 21.38, 29.65, 9.58, 34.82, 22.33, 18.94, 15.14, 24.97, 10.05, 27.02, 30.42, 21.18]
a: [118.28, 47.84, 159.48, 95.77, 28.28, 38.14, 64.73, 152.42, 52.71, 132.72, 48.97, 101.18, 50.0, 75.78]
d: [3.5, 4.01, 3.5, 6.04, 3.76, 3.57, 4.28, 4.75, 4.89, 5.37, 3.76, 3.6, 5.93, 2.0]
BEST_hyper_parameter
v: [19.89, 28.32, 21.38, 30.97, 31.52, 17.32, 18.19, 13.95, 14.6, 20.97, 17.34, 18.48, 26.55, 21.18]
a: [118.28, 47.84, 159.48, 55.44, 138.61, 138.36, 64.73, 152.42, 52.71, 115.09, 98.31, 93.75, 50.0, 75.78]
d: [3.5, 4.01, 3.5, 6.04, 3.5, 3.57, 5.84, 4.53, 4.89, 5.37, 4.3, 4.21, 4.0, 2.0]

iteration: 36
best: [5.87, 7.62, 9.59, 12.87, 14.62, 19.15, 29.15, 34.26, 35.88, 37.48, 40.75, 47.87, 51.5, 52.75]
time: [5.86, 7.56, 10.9, 14.59, 18.92, 22.18, 35.49, 38.1, 1000, 1000, 1000, 1000, 1000, 1000]
current_hyper_parameter
v: [19.89, 28.32, 31.39, 29.21, 9.85, 13.46, 20.07, 24.13, 9.41, 23.78, 19.13, 18.9, 9.75, 15.28]
a: [118.28, 47.84, 59.78, 32.17, 63.27, 121.24, 64.73, 132.8, 32.17, 34.81, 98.31, 138.59, 100.11, 117.02]
d: [3.5, 4.01, 3.75, 3.73, 5.39, 5.84, 5.84, 4.13, 4.89, 6.03, 4.3, 4.21, 4.0, 2.0]
BEST_hyper_parameter
v: [19.89, 28.32, 21.38, 30.97, 31.52, 17.32, 18.19, 13.95, 14.6, 20.97, 17.34, 18.48, 26.55, 21.18]
a: [118.28, 47.84, 159.48, 55.44, 138.61, 138.36, 64.73, 152.42, 52.71, 115.09, 98.31, 93.75, 50.0, 75.78]
d: [3.5, 4.01, 3.5, 6.04, 3.5, 3.57, 5.84, 4.53, 4.89, 5.37, 4.3, 4.21, 4.0, 2.0]

iteration: 37
best: [5.87, 7.62, 9.59, 12.87, 14.62, 19.15, 29.15, 34.26, 35.88, 37.48, 40.75, 47.87, 51.5, 52.75]
time: [5.86, 7.58, 11.29, 14.86, 24.81, 46.07, 1000, 1000, 1000, 1000, 1000, 1000, 1000, 1000]
current_hyper_parameter
v: [19.89, 28.32, 15.05, 13.24, 27.74, 25.18, 9.83, 18.11, 27.11, 20.97, 33.61, 26.1, 26.55, 9.33]
a: [118.28, 47.84, 52.27, 51.62, 138.61, 138.36, 20.99, 138.84, 154.23, 115.09, 87.69, 75.8, 50.0, 75.78]
d: [3.5, 4.01, 3.65, 6.04, 5.44, 5.47, 5.84, 4.53, 4.66, 5.37, 4.3, 4.21, 4.0, 2.0]
BEST_hyper_parameter
v: [19.89, 28.32, 21.38, 30.97, 31.52, 17.32, 18.19, 13.95, 14.6, 20.97, 17.34, 18.48, 26.55, 21.18]
a: [118.28, 47.84, 159.48, 55.44, 138.61, 138.36, 64.73, 152.42, 52.71, 115.09, 98.31, 93.75, 50.0, 75.78]
d: [3.5, 4.01, 3.5, 6.04, 3.5, 3.57, 5.84, 4.53, 4.89, 5.37, 4.3, 4.21, 4.0, 2.0]

iteration: 38
best: [5.87, 7.62, 9.59, 12.87, 14.62, 19.15, 29.15, 34.26, 35.88, 37.48, 40.75, 47.87, 51.5, 52.75]
time: [5.85, 7.57, 10.07, 15.84, 22.97, 1000, 1000, 1000, 1000, 1000, 1000, 1000, 1000, 1000]
current_hyper_parameter
v: [19.89, 28.32, 25.74, 30.97, 8.81, 17.32, 26.62, 13.95, 10.16, 10.64, 12.15, 18.08, 12.73, 27.08]
a: [118.28, 47.84, 159.48, 55.44, 141.02, 138.36, 64.73, 152.42, 52.71, 115.09, 98.31, 24.38, 156.68, 111.51]
d: [3.5, 4.01, 3.5, 6.04, 3.5, 3.57, 3.55, 4.53, 4.89, 5.37, 4.08, 4.21, 5.97, 2.0]
BEST_hyper_parameter
v: [19.89, 28.32, 21.38, 30.97, 31.52, 17.32, 18.19, 13.95, 14.6, 20.97, 17.34, 18.48, 26.55, 21.18]
a: [118.28, 47.84, 159.48, 55.44, 138.61, 138.36, 64.73, 152.42, 52.71, 115.09, 98.31, 93.75, 50.0, 75.78]
d: [3.5, 4.01, 3.5, 6.04, 3.5, 3.57, 5.84, 4.53, 4.89, 5.37, 4.3, 4.21, 4.0, 2.0]

iteration: 39
best: [5.87, 7.62, 9.59, 12.87, 14.62, 19.15, 29.15, 34.26, 35.88, 37.48, 40.75, 47.87, 51.5, 52.75]
time: [5.85, 7.58, 10.28, 13.26, 15.62, 19.33, 32.68, 34.95, 1000, 1000, 1000, 1000, 1000, 1000]
current_hyper_parameter
v: [19.89, 28.32, 21.38, 30.97, 31.52, 30.13, 12.77, 30.95, 14.6, 23.83, 30.8, 18.48, 9.76, 21.18]
a: [118.28, 47.84, 159.48, 55.44, 138.61, 156.33, 64.73, 152.42, 52.71, 45.84, 98.31, 93.75, 50.0, 75.78]
d: [3.5, 4.01, 3.5, 6.04, 3.5, 3.57, 5.84, 4.53, 4.89, 5.37, 4.3, 4.21, 6.23, 2.0]
BEST_hyper_parameter
v: [19.89, 28.32, 21.38, 30.97, 31.52, 17.32, 18.19, 13.95, 14.6, 20.97, 17.34, 18.48, 26.55, 21.18]
a: [118.28, 47.84, 159.48, 55.44, 138.61, 138.36, 64.73, 152.42, 52.71, 115.09, 98.31, 93.75, 50.0, 75.78]
d: [3.5, 4.01, 3.5, 6.04, 3.5, 3.57, 5.84, 4.53, 4.89, 5.37, 4.3, 4.21, 4.0, 2.0]

iteration: 40
best: [5.87, 7.62, 9.59, 12.87, 14.62, 19.15, 29.15, 34.26, 35.88, 37.48, 40.75, 47.87, 51.5, 52.75]
time: [5.8, 7.52, 10.81, 13.86, 19.75, 25.08, 44.34, 46.8, 1000, 1000, 1000, 1000, 1000, 1000]
current_hyper_parameter
v: [19.89, 28.32, 32.21, 28.55, 16.17, 31.03, 13.62, 26.34, 14.35, 14.2, 17.34, 31.89, 26.55, 30.97]
a: [118.28, 47.84, 63.05, 55.44, 113.15, 42.39, 62.29, 152.42, 73.34, 115.09, 98.31, 143.28, 50.0, 75.78]
d: [3.5, 4.01, 3.5, 5.55, 5.99, 3.57, 5.84, 4.53, 4.89, 5.37, 4.3, 4.21, 4.0, 2.0]
BEST_hyper_parameter
v: [19.89, 28.32, 21.38, 30.97, 31.52, 17.32, 18.19, 13.95, 14.6, 20.97, 17.34, 18.48, 26.55, 21.18]
a: [118.28, 47.84, 159.48, 55.44, 138.61, 138.36, 64.73, 152.42, 52.71, 115.09, 98.31, 93.75, 50.0, 75.78]
d: [3.5, 4.01, 3.5, 6.04, 3.5, 3.57, 5.84, 4.53, 4.89, 5.37, 4.3, 4.21, 4.0, 2.0]

iteration: 41
best: [5.87, 7.62, 9.59, 12.87, 14.62, 19.15, 29.15, 34.26, 35.88, 37.48, 40.75, 47.87, 51.5, 52.75]
time: [5.86, 7.58, 9.93, 12.32, 17.64, 21.21, 36.56, 39.95, 41.71, 43.36, 1000, 1000, 1000, 1000]
current_hyper_parameter
v: [19.89, 28.32, 33.49, 30.97, 32.06, 17.32, 12.6, 27.89, 24.8, 19.27, 19.99, 14.82, 14.78, 18.89]
a: [118.28, 47.84, 159.48, 55.44, 138.61, 138.36, 64.73, 55.48, 52.71, 148.67, 69.49, 134.22, 50.0, 112.43]
d: [3.5, 4.01, 3.5, 6.04, 4.56, 3.57, 5.84, 4.25, 5.92, 5.51, 4.3, 4.21, 6.12, 2.0]
BEST_hyper_parameter
v: [19.89, 28.32, 21.38, 30.97, 31.52, 17.32, 18.19, 13.95, 14.6, 20.97, 17.34, 18.48, 26.55, 21.18]
a: [118.28, 47.84, 159.48, 55.44, 138.61, 138.36, 64.73, 152.42, 52.71, 115.09, 98.31, 93.75, 50.0, 75.78]
d: [3.5, 4.01, 3.5, 6.04, 3.5, 3.57, 5.84, 4.53, 4.89, 5.37, 4.3, 4.21, 4.0, 2.0]

iteration: 42
best: [5.87, 7.62, 9.59, 12.32, 14.62, 19.15, 29.15, 34.26, 35.88, 37.48, 40.75, 47.87, 51.5, 52.75]
time: [5.86, 7.59, 10.27, 13.3, 15.81, 19.44, 29.65, 32.9, 34.66, 37.07, 45.83, 1000, 1000, 1000]
current_hyper_parameter
v: [19.89, 28.32, 21.38, 30.97, 28.37, 24.71, 26.55, 13.0, 25.58, 9.45, 11.31, 24.84, 17.81, 21.18]
a: [118.28, 47.84, 159.48, 55.44, 99.74, 138.36, 64.73, 109.31, 37.31, 151.25, 65.26, 59.56, 71.09, 75.78]
d: [3.5, 4.01, 3.5, 6.04, 3.5, 3.57, 6.26, 4.53, 4.62, 6.09, 4.3, 4.17, 5.88, 2.0]
BEST_hyper_parameter
v: [19.89, 28.32, 21.38, 30.97, 31.52, 17.32, 18.19, 13.95, 14.6, 20.97, 17.34, 18.48, 26.55, 21.18]
a: [118.28, 47.84, 159.48, 55.44, 138.61, 138.36, 64.73, 152.42, 52.71, 115.09, 98.31, 93.75, 50.0, 75.78]
d: [3.5, 4.01, 3.5, 6.04, 3.5, 3.57, 5.84, 4.53, 4.89, 5.37, 4.3, 4.21, 4.0, 2.0]

iteration: 43
best: [5.87, 7.62, 9.59, 12.32, 14.62, 19.15, 29.15, 34.26, 35.88, 37.48, 40.75, 47.87, 51.5, 52.75]
time: [5.87, 7.6, 10.15, 12.99, 18.63, 23.05, 44.41, 46.8, 1000, 1000, 1000, 1000, 1000, 1000]
current_hyper_parameter
v: [19.89, 28.32, 24.93, 31.33, 22.33, 14.39, 9.38, 31.68, 12.33, 20.99, 30.44, 29.81, 30.72, 21.18]
a: [118.28, 47.84, 159.48, 36.43, 121.63, 69.6, 151.17, 152.42, 85.06, 146.48, 105.2, 56.69, 35.8, 75.78]
d: [3.5, 4.01, 3.5, 6.04, 3.5, 3.57, 5.18, 3.79, 4.89, 5.37, 4.18, 4.21, 4.0, 2.0]
BEST_hyper_parameter
v: [19.89, 28.32, 21.38, 30.97, 31.52, 17.32, 18.19, 13.95, 14.6, 20.97, 17.34, 18.48, 26.55, 21.18]
a: [118.28, 47.84, 159.48, 55.44, 138.61, 138.36, 64.73, 152.42, 52.71, 115.09, 98.31, 93.75, 50.0, 75.78]
d: [3.5, 4.01, 3.5, 6.04, 3.5, 3.57, 5.84, 4.53, 4.89, 5.37, 4.3, 4.21, 4.0, 2.0]

iteration: 44
best: [5.87, 7.62, 9.59, 12.32, 14.62, 19.15, 29.15, 34.26, 35.88, 37.48, 40.75, 47.87, 51.5, 52.75]
time: [5.82, 7.54, 11.63, 17.52, 24.36, 1000, 1000, 1000, 1000, 1000, 1000, 1000, 1000, 1000]
current_hyper_parameter
v: [19.89, 28.32, 8.65, 24.1, 9.6, 17.32, 28.85, 27.75, 14.6, 20.97, 14.34, 13.17, 30.98, 13.62]
a: [118.28, 47.84, 67.88, 77.68, 138.61, 138.36, 64.73, 100.58, 52.71, 115.09, 38.64, 68.64, 31.42, 75.78]
d: [3.5, 4.01, 4.18, 5.03, 3.5, 3.57, 5.84, 4.53, 4.89, 5.37, 5.17, 4.21, 5.74, 2.0]
BEST_hyper_parameter
v: [19.89, 28.32, 21.38, 30.97, 31.52, 17.32, 18.19, 13.95, 14.6, 20.97, 17.34, 18.48, 26.55, 21.18]
a: [118.28, 47.84, 159.48, 55.44, 138.61, 138.36, 64.73, 152.42, 52.71, 115.09, 98.31, 93.75, 50.0, 75.78]
d: [3.5, 4.01, 3.5, 6.04, 3.5, 3.57, 5.84, 4.53, 4.89, 5.37, 4.3, 4.21, 4.0, 2.0]

iteration: 45
best: [5.87, 7.62, 9.59, 12.32, 14.62, 19.15, 29.15, 34.26, 35.88, 37.48, 40.75, 47.87, 51.5, 52.75]
time: [5.87, 7.57, 9.97, 19.12, 37.55, 42.5, 1000, 1000, 1000, 1000, 1000, 1000, 1000, 1000]
current_hyper_parameter
v: [19.89, 28.32, 30.76, 31.15, 29.25, 9.45, 18.19, 19.67, 29.05, 25.23, 10.06, 20.82, 8.85, 15.33]
a: [118.28, 47.84, 159.48, 127.06, 138.61, 132.24, 64.73, 84.05, 52.71, 115.09, 112.14, 93.75, 50.0, 46.18]
d: [3.5, 4.01, 4.64, 3.52, 3.5, 5.84, 5.84, 4.53, 4.89, 4.48, 4.53, 4.76, 4.0, 2.0]
BEST_hyper_parameter
v: [19.89, 28.32, 21.38, 30.97, 31.52, 17.32, 18.19, 13.95, 14.6, 20.97, 17.34, 18.48, 26.55, 21.18]
a: [118.28, 47.84, 159.48, 55.44, 138.61, 138.36, 64.73, 152.42, 52.71, 115.09, 98.31, 93.75, 50.0, 75.78]
d: [3.5, 4.01, 3.5, 6.04, 3.5, 3.57, 5.84, 4.53, 4.89, 5.37, 4.3, 4.21, 4.0, 2.0]

iteration: 46
best: [5.87, 7.62, 9.59, 12.32, 14.62, 19.15, 29.15, 34.26, 35.88, 37.48, 40.75, 47.87, 51.5, 52.75]
time: [5.83, 7.54, 10.26, 15.81, 21.49, 34.17, 1000, 1000, 1000, 1000, 1000, 1000, 1000, 1000]
current_hyper_parameter
v: [19.89, 28.32, 21.38, 30.93, 30.16, 29.58, 33.48, 14.92, 14.6, 20.97, 26.25, 18.48, 16.15, 26.59]
a: [118.28, 47.84, 159.48, 93.73, 126.52, 116.35, 22.25, 152.42, 52.71, 115.09, 133.48, 93.75, 72.55, 75.78]
d: [3.5, 4.01, 3.5, 4.56, 3.5, 6.3, 3.69, 4.53, 4.89, 5.37, 5.44, 4.21, 4.0, 2.0]
BEST_hyper_parameter
v: [19.89, 28.32, 21.38, 30.97, 31.52, 17.32, 18.19, 13.95, 14.6, 20.97, 17.34, 18.48, 26.55, 21.18]
a: [118.28, 47.84, 159.48, 55.44, 138.61, 138.36, 64.73, 152.42, 52.71, 115.09, 98.31, 93.75, 50.0, 75.78]
d: [3.5, 4.01, 3.5, 6.04, 3.5, 3.57, 5.84, 4.53, 4.89, 5.37, 4.3, 4.21, 4.0, 2.0]

iteration: 47
best: [5.87, 7.62, 9.59, 12.32, 14.62, 19.15, 29.15, 34.26, 35.88, 37.48, 40.75, 47.87, 51.5, 52.75]
time: [5.8, 7.53, 9.99, 12.44, 15.47, 19.01, 32.67, 35.62, 37.05, 1000, 1000, 1000, 1000, 1000]
current_hyper_parameter
v: [19.89, 28.32, 32.03, 30.97, 19.3, 20.29, 17.81, 15.09, 25.72, 20.97, 33.52, 33.04, 24.3, 21.18]
a: [118.28, 47.84, 140.76, 55.44, 63.77, 99.92, 70.58, 152.42, 103.25, 115.09, 98.31, 93.75, 126.02, 75.78]
d: [3.5, 4.01, 4.32, 6.04, 4.08, 6.12, 5.84, 4.53, 4.89, 5.37, 4.13, 4.21, 5.74, 2.0]
BEST_hyper_parameter
v: [19.89, 28.32, 21.38, 30.97, 31.52, 17.32, 18.19, 13.95, 14.6, 20.97, 17.34, 18.48, 26.55, 21.18]
a: [118.28, 47.84, 159.48, 55.44, 138.61, 138.36, 64.73, 152.42, 52.71, 115.09, 98.31, 93.75, 50.0, 75.78]
d: [3.5, 4.01, 3.5, 6.04, 3.5, 3.57, 5.84, 4.53, 4.89, 5.37, 4.3, 4.21, 4.0, 2.0]

iteration: 48
best: [5.87, 7.62, 9.59, 12.32, 14.62, 19.15, 29.15, 34.26, 35.88, 37.48, 40.75, 47.87, 51.5, 52.75]
time: [5.85, 7.57, 10.27, 13.3, 15.64, 27.23, 1000, 1000, 1000, 1000, 1000, 1000, 1000, 1000]
current_hyper_parameter
v: [19.89, 28.32, 21.38, 30.97, 31.52, 17.32, 14.74, 24.2, 12.26, 19.69, 17.34, 25.02, 26.6, 26.16]
a: [118.28, 47.84, 159.48, 55.44, 138.61, 138.36, 60.34, 29.79, 52.71, 115.09, 98.31, 138.97, 29.92, 62.73]
d: [3.5, 4.01, 3.5, 6.04, 3.5, 3.57, 5.78, 5.2, 4.97, 5.37, 4.3, 4.21, 4.32, 2.0]
BEST_hyper_parameter
v: [19.89, 28.32, 21.38, 30.97, 31.52, 17.32, 18.19, 13.95, 14.6, 20.97, 17.34, 18.48, 26.55, 21.18]
a: [118.28, 47.84, 159.48, 55.44, 138.61, 138.36, 64.73, 152.42, 52.71, 115.09, 98.31, 93.75, 50.0, 75.78]
d: [3.5, 4.01, 3.5, 6.04, 3.5, 3.57, 5.84, 4.53, 4.89, 5.37, 4.3, 4.21, 4.0, 2.0]

iteration: 49
best: [5.87, 7.62, 9.59, 12.32, 14.62, 19.15, 29.15, 34.26, 35.88, 37.48, 40.75, 47.87, 51.5, 52.75]
time: [5.87, 7.59, 10.27, 15.39, 18.91, 30.4, 1000, 1000, 1000, 1000, 1000, 1000, 1000, 1000]
current_hyper_parameter
v: [19.89, 28.32, 21.38, 26.77, 31.73, 32.33, 11.15, 8.87, 14.6, 18.89, 22.37, 23.63, 26.55, 34.92]
a: [118.28, 47.84, 159.48, 141.25, 138.61, 107.02, 48.67, 152.42, 52.71, 133.94, 119.98, 137.38, 50.0, 142.2]
d: [3.5, 4.01, 3.5, 6.04, 4.29, 5.38, 4.67, 4.53, 4.89, 5.37, 5.01, 3.51, 4.0, 2.0]
BEST_hyper_parameter
v: [19.89, 28.32, 21.38, 30.97, 31.52, 17.32, 18.19, 13.95, 14.6, 20.97, 17.34, 18.48, 26.55, 21.18]
a: [118.28, 47.84, 159.48, 55.44, 138.61, 138.36, 64.73, 152.42, 52.71, 115.09, 98.31, 93.75, 50.0, 75.78]
d: [3.5, 4.01, 3.5, 6.04, 3.5, 3.57, 5.84, 4.53, 4.89, 5.37, 4.3, 4.21, 4.0, 2.0]
mutation at idx = 1

iteration: 50
best: [5.87, 7.62, 9.59, 12.32, 14.62, 19.15, 29.15, 34.26, 35.88, 37.48, 40.75, 47.87, 51.5, 52.75]
time: [5.89, 7.49, 10.55, 13.57, 27.93, 1000, 1000, 1000, 1000, 1000, 1000, 1000, 1000, 1000]
current_hyper_parameter
v: [19.89, 33.99, 16.16, 27.95, 23.25, 8.88, 11.2, 13.95, 26.07, 27.09, 31.97, 12.93, 11.23, 25.91]
a: [118.28, 71.56, 110.27, 56.97, 138.61, 138.36, 64.73, 152.42, 69.31, 128.77, 153.5, 44.54, 51.58, 77.83]
d: [3.5, 6.22, 5.06, 4.2, 3.5, 4.79, 5.84, 4.53, 4.52, 5.37, 4.3, 4.21, 4.0, 2.0]
BEST_hyper_parameter
v: [19.89, 28.32, 21.38, 30.97, 31.52, 17.32, 18.19, 13.95, 14.6, 20.97, 17.34, 18.48, 26.55, 21.18]
a: [118.28, 47.84, 159.48, 55.44, 138.61, 138.36, 64.73, 152.42, 52.71, 115.09, 98.31, 93.75, 50.0, 75.78]
d: [3.5, 4.01, 3.5, 6.04, 3.5, 3.57, 5.84, 4.53, 4.89, 5.37, 4.3, 4.21, 4.0, 2.0]

iteration: 51
best: [5.87, 7.62, 9.59, 12.32, 14.62, 19.15, 29.15, 34.26, 35.88, 37.48, 40.75, 47.87, 51.5, 52.75]
time: [5.84, 7.57, 10.06, 16.31, 1000, 1000, 1000, 1000, 1000, 1000, 1000, 1000, 1000, 1000]
current_hyper_parameter
v: [19.89, 28.32, 26.73, 18.9, 26.57, 29.92, 11.61, 26.94, 14.6, 9.95, 21.8, 16.97, 25.51, 22.51]
a: [118.28, 47.84, 159.48, 88.82, 89.29, 72.56, 24.5, 136.64, 52.71, 116.63, 82.93, 93.75, 50.0, 154.88]
d: [3.5, 4.01, 5.7, 4.6, 3.5, 6.24, 5.84, 5.58, 4.89, 5.37, 4.94, 6.26, 4.0, 2.0]
BEST_hyper_parameter
v: [19.89, 28.32, 21.38, 30.97, 31.52, 17.32, 18.19, 13.95, 14.6, 20.97, 17.34, 18.48, 26.55, 21.18]
a: [118.28, 47.84, 159.48, 55.44, 138.61, 138.36, 64.73, 152.42, 52.71, 115.09, 98.31, 93.75, 50.0, 75.78]
d: [3.5, 4.01, 3.5, 6.04, 3.5, 3.57, 5.84, 4.53, 4.89, 5.37, 4.3, 4.21, 4.0, 2.0]

iteration: 52
best: [5.87, 7.62, 9.59, 12.32, 14.62, 19.15, 29.15, 34.26, 35.88, 37.48, 40.75, 47.87, 51.5, 52.75]
time: [5.85, 7.63, 10.3, 13.59, 18.9, 22.52, 37.84, 41.55, 43.45, 49.09, 1000, 1000, 1000, 1000]
current_hyper_parameter
v: [19.89, 28.32, 21.38, 8.59, 31.52, 21.73, 9.32, 15.23, 14.6, 22.82, 23.14, 25.2, 28.16, 30.71]
a: [118.28, 47.84, 159.48, 105.19, 138.61, 138.36, 44.95, 67.72, 52.71, 115.09, 157.04, 93.75, 134.46, 134.69]
d: [3.5, 4.01, 3.5, 6.04, 3.5, 3.97, 4.67, 4.53, 4.89, 5.37, 4.3, 4.21, 4.66, 2.0]
BEST_hyper_parameter
v: [19.89, 28.32, 21.38, 30.97, 31.52, 17.32, 18.19, 13.95, 14.6, 20.97, 17.34, 18.48, 26.55, 21.18]
a: [118.28, 47.84, 159.48, 55.44, 138.61, 138.36, 64.73, 152.42, 52.71, 115.09, 98.31, 93.75, 50.0, 75.78]
d: [3.5, 4.01, 3.5, 6.04, 3.5, 3.57, 5.84, 4.53, 4.89, 5.37, 4.3, 4.21, 4.0, 2.0]

iteration: 53
best: [5.87, 7.62, 9.59, 12.32, 14.62, 19.15, 29.15, 34.26, 35.88, 37.48, 40.75, 47.87, 51.5, 52.75]
time: [5.81, 7.49, 10.2, 15.9, 22.19, 46.53, 1000, 1000, 1000, 1000, 1000, 1000, 1000, 1000]
current_hyper_parameter
v: [19.89, 28.32, 21.38, 22.81, 28.1, 13.55, 18.19, 18.79, 34.13, 21.47, 11.25, 18.48, 17.56, 9.63]
a: [118.28, 47.84, 159.48, 142.13, 138.61, 66.42, 64.73, 71.98, 52.71, 115.09, 63.82, 93.75, 103.43, 99.54]
d: [3.5, 4.01, 3.5, 5.96, 3.5, 3.57, 5.84, 4.46, 4.38, 4.15, 4.3, 4.21, 5.58, 2.0]
BEST_hyper_parameter
v: [19.89, 28.32, 21.38, 30.97, 31.52, 17.32, 18.19, 13.95, 14.6, 20.97, 17.34, 18.48, 26.55, 21.18]
a: [118.28, 47.84, 159.48, 55.44, 138.61, 138.36, 64.73, 152.42, 52.71, 115.09, 98.31, 93.75, 50.0, 75.78]
d: [3.5, 4.01, 3.5, 6.04, 3.5, 3.57, 5.84, 4.53, 4.89, 5.37, 4.3, 4.21, 4.0, 2.0]

iteration: 54
best: [5.87, 7.62, 9.59, 12.32, 14.62, 19.15, 29.15, 34.26, 35.88, 37.48, 40.75, 47.87, 51.5, 52.75]
time: [5.8, 7.54, 10.25, 16.79, 22.29, 25.23, 35.84, 38.2, 1000, 1000, 1000, 1000, 1000, 1000]
current_hyper_parameter
v: [19.89, 28.32, 21.38, 23.77, 10.72, 16.21, 33.43, 30.76, 26.04, 27.43, 17.34, 17.43, 22.44, 31.42]
a: [118.28, 47.84, 159.48, 83.71, 23.85, 138.36, 55.05, 152.42, 48.16, 45.53, 98.31, 146.88, 86.82, 68.32]
d: [3.5, 4.01, 3.5, 4.98, 3.5, 3.57, 5.84, 4.53, 4.89, 5.37, 4.3, 5.69, 4.0, 2.0]
BEST_hyper_parameter
v: [19.89, 28.32, 21.38, 30.97, 31.52, 17.32, 18.19, 13.95, 14.6, 20.97, 17.34, 18.48, 26.55, 21.18]
a: [118.28, 47.84, 159.48, 55.44, 138.61, 138.36, 64.73, 152.42, 52.71, 115.09, 98.31, 93.75, 50.0, 75.78]
d: [3.5, 4.01, 3.5, 6.04, 3.5, 3.57, 5.84, 4.53, 4.89, 5.37, 4.3, 4.21, 4.0, 2.0]

iteration: 55
best: [5.87, 7.62, 9.59, 12.32, 14.62, 19.15, 29.15, 34.26, 35.88, 37.48, 40.75, 47.87, 51.5, 52.75]
time: [5.85, 7.58, 10.42, 13.32, 17.08, 19.95, 31.91, 35.0, 39.66, 41.74, 1000, 1000, 1000, 1000]
current_hyper_parameter
v: [19.89, 28.32, 18.97, 34.91, 23.97, 27.27, 18.19, 13.95, 14.6, 20.97, 17.91, 18.48, 26.55, 16.59]
a: [118.28, 47.84, 159.48, 55.44, 36.54, 138.36, 64.73, 152.42, 52.71, 115.09, 37.14, 93.75, 50.0, 83.5]
d: [3.5, 4.01, 4.76, 6.04, 3.56, 4.78, 5.84, 4.53, 4.89, 5.37, 4.3, 4.21, 4.0, 2.0]
BEST_hyper_parameter
v: [19.89, 28.32, 21.38, 30.97, 31.52, 17.32, 18.19, 13.95, 14.6, 20.97, 17.34, 18.48, 26.55, 21.18]
a: [118.28, 47.84, 159.48, 55.44, 138.61, 138.36, 64.73, 152.42, 52.71, 115.09, 98.31, 93.75, 50.0, 75.78]
d: [3.5, 4.01, 3.5, 6.04, 3.5, 3.57, 5.84, 4.53, 4.89, 5.37, 4.3, 4.21, 4.0, 2.0]

iteration: 56
best: [5.87, 7.62, 9.59, 12.32, 14.62, 19.15, 29.15, 34.26, 35.88, 37.48, 40.75, 47.87, 51.5, 52.75]
time: [5.88, 7.61, 11.47, 14.55, 16.75, 20.61, 34.72, 38.79, 40.73, 42.94, 1000, 1000, 1000, 1000]
current_hyper_parameter
v: [19.89, 28.32, 9.53, 17.16, 34.58, 24.39, 10.25, 8.9, 24.81, 22.24, 31.65, 11.44, 26.55, 25.13]
a: [118.28, 47.84, 128.64, 55.44, 138.61, 138.36, 64.73, 154.81, 52.71, 46.74, 98.31, 93.75, 50.0, 75.78]
d: [3.5, 4.01, 4.51, 6.04, 3.5, 3.57, 4.94, 5.11, 4.44, 3.76, 4.93, 4.21, 4.0, 2.0]
BEST_hyper_parameter
v: [19.89, 28.32, 21.38, 30.97, 31.52, 17.32, 18.19, 13.95, 14.6, 20.97, 17.34, 18.48, 26.55, 21.18]
a: [118.28, 47.84, 159.48, 55.44, 138.61, 138.36, 64.73, 152.42, 52.71, 115.09, 98.31, 93.75, 50.0, 75.78]
d: [3.5, 4.01, 3.5, 6.04, 3.5, 3.57, 5.84, 4.53, 4.89, 5.37, 4.3, 4.21, 4.0, 2.0]
mutation at idx = 1

iteration: 57
best: [5.87, 7.62, 9.59, 12.32, 14.62, 19.15, 29.15, 34.26, 35.88, 37.48, 40.75, 47.87, 51.5, 52.75]
time: [5.84, 7.53, 13.17, 15.97, 33.91, 42.03, 54.49, 1000, 1000, 1000, 1000, 1000, 1000, 1000]
current_hyper_parameter
v: [19.89, 22.39, 21.38, 30.97, 21.06, 17.32, 19.83, 13.95, 14.6, 29.03, 17.34, 19.89, 9.39, 34.92]
a: [118.28, 47.84, 159.48, 55.44, 122.24, 138.36, 84.0, 152.42, 52.71, 55.78, 98.31, 139.03, 128.78, 150.98]
d: [3.5, 6.21, 3.5, 6.04, 6.03, 3.57, 3.66, 4.53, 4.89, 5.37, 4.3, 6.16, 4.0, 2.0]
BEST_hyper_parameter
v: [19.89, 28.32, 21.38, 30.97, 31.52, 17.32, 18.19, 13.95, 14.6, 20.97, 17.34, 18.48, 26.55, 21.18]
a: [118.28, 47.84, 159.48, 55.44, 138.61, 138.36, 64.73, 152.42, 52.71, 115.09, 98.31, 93.75, 50.0, 75.78]
d: [3.5, 4.01, 3.5, 6.04, 3.5, 3.57, 5.84, 4.53, 4.89, 5.37, 4.3, 4.21, 4.0, 2.0]

iteration: 58
best: [5.87, 7.62, 9.59, 12.32, 14.62, 19.15, 29.15, 34.26, 35.88, 37.48, 40.75, 47.87, 51.5, 52.75]
time: [5.86, 7.59, 10.27, 13.29, 15.65, 19.55, 28.12, 1000, 1000, 1000, 1000, 1000, 1000, 1000]
current_hyper_parameter
v: [19.89, 28.32, 21.38, 30.97, 31.52, 17.32, 34.7, 9.15, 24.44, 10.88, 27.65, 10.72, 26.55, 21.18]
a: [118.28, 47.84, 159.48, 55.44, 138.61, 138.36, 105.67, 46.19, 66.92, 118.23, 46.3, 93.75, 50.0, 75.78]
d: [3.5, 4.01, 3.5, 6.04, 3.5, 3.57, 4.35, 5.22, 4.89, 5.37, 4.44, 4.21, 4.0, 2.0]
BEST_hyper_parameter
v: [19.89, 28.32, 21.38, 30.97, 31.52, 17.32, 18.19, 13.95, 14.6, 20.97, 17.34, 18.48, 26.55, 21.18]
a: [118.28, 47.84, 159.48, 55.44, 138.61, 138.36, 64.73, 152.42, 52.71, 115.09, 98.31, 93.75, 50.0, 75.78]
d: [3.5, 4.01, 3.5, 6.04, 3.5, 3.57, 5.84, 4.53, 4.89, 5.37, 4.3, 4.21, 4.0, 2.0]
mutation at idx = 0

iteration: 59
best: [5.87, 7.62, 9.59, 12.32, 14.62, 19.15, 29.15, 34.26, 35.88, 37.48, 40.75, 47.87, 51.5, 52.75]
time: [5.75, 7.35, 10.36, 13.44, 15.7, 19.8, 29.2, 1000, 1000, 1000, 1000, 1000, 1000, 1000]
current_hyper_parameter
v: [31.19, 28.32, 27.42, 34.2, 31.52, 17.32, 30.11, 8.5, 12.2, 31.21, 17.34, 29.87, 32.29, 11.99]
a: [118.28, 47.84, 85.28, 55.44, 138.61, 138.36, 153.12, 135.36, 52.71, 115.09, 98.31, 132.56, 56.02, 121.66]
d: [3.5, 4.01, 3.5, 5.77, 3.5, 3.57, 6.23, 4.53, 4.89, 6.41, 4.3, 4.21, 5.54, 2.0]
BEST_hyper_parameter
v: [19.89, 28.32, 21.38, 30.97, 31.52, 17.32, 18.19, 13.95, 14.6, 20.97, 17.34, 18.48, 26.55, 21.18]
a: [118.28, 47.84, 159.48, 55.44, 138.61, 138.36, 64.73, 152.42, 52.71, 115.09, 98.31, 93.75, 50.0, 75.78]
d: [3.5, 4.01, 3.5, 6.04, 3.5, 3.57, 5.84, 4.53, 4.89, 5.37, 4.3, 4.21, 4.0, 2.0]

iteration: 60
best: [5.87, 7.62, 9.59, 12.32, 14.62, 19.15, 29.15, 34.26, 35.88, 37.48, 40.75, 47.87, 51.5, 52.75]
time: [5.85, 7.57, 11.46, 14.26, 23.19, 26.35, 38.86, 1000, 1000, 1000, 1000, 1000, 1000, 1000]
current_hyper_parameter
v: [19.89, 28.32, 9.07, 19.17, 14.64, 23.36, 18.19, 11.33, 10.2, 18.16, 17.34, 27.37, 28.63, 18.86]
a: [118.28, 47.84, 159.48, 83.54, 138.61, 140.53, 64.73, 124.5, 133.69, 115.09, 98.31, 112.23, 141.56, 75.78]
d: [3.5, 4.01, 5.66, 6.04, 5.3, 3.57, 5.84, 4.53, 3.87, 6.1, 4.3, 4.21, 4.88, 2.0]
BEST_hyper_parameter
v: [19.89, 28.32, 21.38, 30.97, 31.52, 17.32, 18.19, 13.95, 14.6, 20.97, 17.34, 18.48, 26.55, 21.18]
a: [118.28, 47.84, 159.48, 55.44, 138.61, 138.36, 64.73, 152.42, 52.71, 115.09, 98.31, 93.75, 50.0, 75.78]
d: [3.5, 4.01, 3.5, 6.04, 3.5, 3.57, 5.84, 4.53, 4.89, 5.37, 4.3, 4.21, 4.0, 2.0]
mutation at idx = 1

iteration: 61
best: [5.87, 7.62, 9.59, 12.32, 14.62, 19.15, 29.15, 34.26, 35.88, 37.48, 40.75, 47.87, 51.5, 52.75]
time: [5.8, 7.54, 11.3, 14.93, 18.94, 21.98, 34.84, 37.9, 39.65, 41.36, 1000, 1000, 1000, 1000]
current_hyper_parameter
v: [19.89, 27.91, 10.27, 11.42, 14.99, 14.31, 19.95, 13.95, 14.6, 20.97, 12.75, 18.48, 26.55, 28.35]
a: [118.28, 47.84, 159.48, 55.44, 41.82, 135.26, 64.73, 152.42, 52.71, 115.09, 124.01, 93.75, 50.0, 75.78]
d: [3.5, 4.01, 3.5, 4.44, 3.5, 3.57, 6.43, 4.53, 4.89, 5.37, 5.94, 4.21, 4.0, 2.0]
BEST_hyper_parameter
v: [19.89, 28.32, 21.38, 30.97, 31.52, 17.32, 18.19, 13.95, 14.6, 20.97, 17.34, 18.48, 26.55, 21.18]
a: [118.28, 47.84, 159.48, 55.44, 138.61, 138.36, 64.73, 152.42, 52.71, 115.09, 98.31, 93.75, 50.0, 75.78]
d: [3.5, 4.01, 3.5, 6.04, 3.5, 3.57, 5.84, 4.53, 4.89, 5.37, 4.3, 4.21, 4.0, 2.0]

iteration: 62
best: [5.87, 7.62, 9.59, 12.32, 14.62, 19.15, 29.15, 34.26, 35.88, 37.48, 40.75, 47.87, 51.5, 52.75]
time: [5.86, 7.62, 10.31, 13.28, 15.87, 19.05, 27.29, 31.53, 33.12, 34.7, 36.82, 39.4, 42.16, 43.66]
current_hyper_parameter
v: [19.89, 28.32, 21.38, 34.2, 21.07, 31.21, 29.8, 33.44, 29.24, 30.84, 12.28, 10.59, 26.55, 18.48]
a: [118.28, 47.84, 159.48, 55.44, 138.61, 134.05, 142.6, 50.68, 98.98, 70.3, 98.31, 137.96, 50.0, 75.78]
d: [3.5, 4.01, 3.5, 6.04, 3.5, 3.57, 4.78, 4.7, 6.07, 4.89, 4.3, 4.68, 4.0, 2.0]
BEST_hyper_parameter
v: [19.89, 28.32, 21.38, 30.97, 31.52, 17.32, 18.19, 13.95, 14.6, 20.97, 17.34, 18.48, 26.55, 21.18]
a: [118.28, 47.84, 159.48, 55.44, 138.61, 138.36, 64.73, 152.42, 52.71, 115.09, 98.31, 93.75, 50.0, 75.78]
d: [3.5, 4.01, 3.5, 6.04, 3.5, 3.57, 5.84, 4.53, 4.89, 5.37, 4.3, 4.21, 4.0, 2.0]
WIN: random_idx = 0

iteration: 63
best: [5.87, 7.62, 9.59, 12.32, 14.62, 19.15, 27.29, 31.53, 33.12, 34.7, 36.82, 39.4, 42.16, 43.66]
time: [5.82, 7.61, 10.31, 12.86, 15.39, 18.63, 26.82, 31.08, 32.71, 34.36, 1000, 1000, 1000, 1000]
current_hyper_parameter
v: [19.34, 28.32, 21.38, 34.2, 21.07, 31.21, 29.8, 33.44, 29.24, 30.84, 12.28, 10.59, 26.55, 18.48]
a: [133.17, 47.84, 159.48, 55.44, 138.61, 134.05, 142.6, 50.68, 98.98, 70.3, 98.31, 137.96, 50.0, 75.78]
d: [4.32, 4.01, 3.5, 6.04, 3.5, 3.57, 4.78, 4.7, 6.07, 4.89, 4.3, 4.68, 4.0, 2.0]
BEST_hyper_parameter
v: [19.89, 28.32, 21.38, 34.2, 21.07, 31.21, 29.8, 33.44, 29.24, 30.84, 12.28, 10.59, 26.55, 18.48]
a: [118.28, 47.84, 159.48, 55.44, 138.61, 134.05, 142.6, 50.68, 98.98, 70.3, 98.31, 137.96, 50.0, 75.78]
d: [3.5, 4.01, 3.5, 6.04, 3.5, 3.57, 4.78, 4.7, 6.07, 4.89, 4.3, 4.68, 4.0, 2.0]

iteration: 64
best: [5.87, 7.62, 9.59, 12.32, 14.62, 19.15, 27.29, 31.53, 33.12, 34.7, 36.82, 39.4, 42.16, 43.66]
time: [5.84, 7.58, 11.26, 14.75, 17.28, 21.69, 31.41, 1000, 1000, 1000, 1000, 1000, 1000, 1000]
current_hyper_parameter
v: [19.89, 28.32, 10.67, 9.21, 21.07, 12.24, 28.35, 25.18, 29.24, 9.1, 12.28, 11.22, 22.7, 15.89]
a: [118.28, 47.84, 144.19, 97.53, 138.61, 134.05, 121.53, 61.3, 98.98, 138.84, 98.31, 137.96, 31.21, 71.25]
d: [3.5, 4.01, 5.26, 5.69, 3.5, 3.57, 5.23, 6.05, 6.07, 4.89, 4.3, 4.68, 3.59, 2.0]
BEST_hyper_parameter
v: [19.89, 28.32, 21.38, 34.2, 21.07, 31.21, 29.8, 33.44, 29.24, 30.84, 12.28, 10.59, 26.55, 18.48]
a: [118.28, 47.84, 159.48, 55.44, 138.61, 134.05, 142.6, 50.68, 98.98, 70.3, 98.31, 137.96, 50.0, 75.78]
d: [3.5, 4.01, 3.5, 6.04, 3.5, 3.57, 4.78, 4.7, 6.07, 4.89, 4.3, 4.68, 4.0, 2.0]

iteration: 65
best: [5.87, 7.62, 9.59, 12.32, 14.62, 19.15, 27.29, 31.53, 33.12, 34.7, 36.82, 39.4, 42.16, 43.66]
time: [5.86, 7.59, 1000, 1000, 1000, 1000, 1000, 1000, 1000, 1000, 1000, 1000, 1000, 1000]
current_hyper_parameter
v: [19.89, 28.32, 29.0, 30.37, 19.25, 30.29, 11.11, 12.6, 19.67, 20.1, 27.58, 33.89, 15.8, 9.75]
a: [118.28, 47.84, 20.24, 78.2, 137.27, 22.77, 62.86, 145.35, 81.97, 70.3, 98.31, 72.96, 24.05, 149.38]
d: [3.5, 4.01, 3.5, 6.04, 5.69, 3.57, 4.78, 5.72, 4.93, 4.42, 4.3, 4.68, 4.0, 2.0]
BEST_hyper_parameter
v: [19.89, 28.32, 21.38, 34.2, 21.07, 31.21, 29.8, 33.44, 29.24, 30.84, 12.28, 10.59, 26.55, 18.48]
a: [118.28, 47.84, 159.48, 55.44, 138.61, 134.05, 142.6, 50.68, 98.98, 70.3, 98.31, 137.96, 50.0, 75.78]
d: [3.5, 4.01, 3.5, 6.04, 3.5, 3.57, 4.78, 4.7, 6.07, 4.89, 4.3, 4.68, 4.0, 2.0]

iteration: 66
best: [5.87, 7.62, 9.59, 12.32, 14.62, 19.15, 27.29, 31.53, 33.12, 34.7, 36.82, 39.4, 42.16, 43.66]
time: [5.85, 7.59, 11.4, 14.58, 20.83, 24.14, 36.0, 1000, 1000, 1000, 1000, 1000, 1000, 1000]
current_hyper_parameter
v: [19.89, 28.32, 9.78, 20.26, 16.56, 13.13, 20.43, 31.05, 33.67, 30.84, 12.28, 33.54, 14.25, 11.63]
a: [118.28, 47.84, 136.64, 48.2, 71.66, 134.05, 142.6, 50.68, 77.81, 70.3, 98.31, 146.1, 95.11, 64.89]
d: [3.5, 4.01, 5.53, 3.82, 3.55, 4.77, 6.49, 6.08, 4.83, 4.89, 4.3, 5.73, 5.42, 2.0]
BEST_hyper_parameter
v: [19.89, 28.32, 21.38, 34.2, 21.07, 31.21, 29.8, 33.44, 29.24, 30.84, 12.28, 10.59, 26.55, 18.48]
a: [118.28, 47.84, 159.48, 55.44, 138.61, 134.05, 142.6, 50.68, 98.98, 70.3, 98.31, 137.96, 50.0, 75.78]
d: [3.5, 4.01, 3.5, 6.04, 3.5, 3.57, 4.78, 4.7, 6.07, 4.89, 4.3, 4.68, 4.0, 2.0]

iteration: 67
best: [5.87, 7.62, 9.59, 12.32, 14.62, 19.15, 27.29, 31.53, 33.12, 34.7, 36.82, 39.4, 42.16, 43.66]
time: [5.85, 7.58, 10.27, 13.2, 1000, 1000, 1000, 1000, 1000, 1000, 1000, 1000, 1000, 1000]
current_hyper_parameter
v: [19.89, 28.32, 21.38, 12.3, 17.22, 26.72, 29.8, 28.75, 34.91, 30.84, 12.28, 12.87, 34.73, 18.91]
a: [118.28, 47.84, 159.48, 142.09, 138.61, 71.3, 142.6, 151.22, 62.59, 70.3, 98.31, 137.96, 50.0, 124.51]
d: [3.5, 4.01, 3.5, 6.4, 6.37, 3.7, 4.78, 4.7, 4.41, 4.89, 4.3, 5.34, 4.0, 2.0]
BEST_hyper_parameter
v: [19.89, 28.32, 21.38, 34.2, 21.07, 31.21, 29.8, 33.44, 29.24, 30.84, 12.28, 10.59, 26.55, 18.48]
a: [118.28, 47.84, 159.48, 55.44, 138.61, 134.05, 142.6, 50.68, 98.98, 70.3, 98.31, 137.96, 50.0, 75.78]
d: [3.5, 4.01, 3.5, 6.04, 3.5, 3.57, 4.78, 4.7, 6.07, 4.89, 4.3, 4.68, 4.0, 2.0]

iteration: 68
best: [5.87, 7.62, 9.59, 12.32, 14.62, 19.15, 27.29, 31.53, 33.12, 34.7, 36.82, 39.4, 42.16, 43.66]
time: [5.87, 7.58, 10.08, 12.79, 15.34, 18.57, 27.63, 1000, 1000, 1000, 1000, 1000, 1000, 1000]
current_hyper_parameter
v: [19.89, 28.32, 25.93, 34.2, 21.07, 31.21, 24.63, 22.95, 9.33, 26.67, 19.39, 12.35, 17.88, 28.08]
a: [118.28, 47.84, 159.48, 55.44, 138.61, 134.05, 146.3, 50.68, 98.98, 70.3, 98.31, 149.65, 67.18, 97.83]
d: [3.5, 4.01, 3.5, 6.04, 3.5, 3.57, 5.91, 4.63, 3.99, 4.89, 4.3, 4.56, 4.59, 2.0]
BEST_hyper_parameter
v: [19.89, 28.32, 21.38, 34.2, 21.07, 31.21, 29.8, 33.44, 29.24, 30.84, 12.28, 10.59, 26.55, 18.48]
a: [118.28, 47.84, 159.48, 55.44, 138.61, 134.05, 142.6, 50.68, 98.98, 70.3, 98.31, 137.96, 50.0, 75.78]
d: [3.5, 4.01, 3.5, 6.04, 3.5, 3.57, 4.78, 4.7, 6.07, 4.89, 4.3, 4.68, 4.0, 2.0]

iteration: 69
best: [5.87, 7.62, 9.59, 12.32, 14.62, 19.15, 27.29, 31.53, 33.12, 34.7, 36.82, 39.4, 42.16, 43.66]
time: [5.81, 7.53, 10.26, 13.32, 15.66, 19.42, 28.84, 33.31, 34.86, 39.9, 1000, 1000, 1000, 1000]
current_hyper_parameter
v: [19.89, 28.32, 21.38, 34.2, 27.99, 31.21, 29.8, 18.88, 29.24, 28.41, 12.28, 10.59, 26.55, 28.49]
a: [118.28, 47.84, 159.48, 55.44, 144.02, 134.05, 142.6, 42.36, 98.98, 26.24, 98.31, 137.96, 50.0, 31.16]
d: [3.5, 4.01, 3.5, 6.04, 3.5, 3.57, 4.78, 4.7, 6.07, 4.89, 4.3, 4.68, 4.0, 2.0]
BEST_hyper_parameter
v: [19.89, 28.32, 21.38, 34.2, 21.07, 31.21, 29.8, 33.44, 29.24, 30.84, 12.28, 10.59, 26.55, 18.48]
a: [118.28, 47.84, 159.48, 55.44, 138.61, 134.05, 142.6, 50.68, 98.98, 70.3, 98.31, 137.96, 50.0, 75.78]
d: [3.5, 4.01, 3.5, 6.04, 3.5, 3.57, 4.78, 4.7, 6.07, 4.89, 4.3, 4.68, 4.0, 2.0]
mutation at idx = 0

iteration: 70
best: [5.87, 7.62, 9.59, 12.32, 14.62, 19.15, 27.29, 31.53, 33.12, 34.7, 36.82, 39.4, 42.16, 43.66]
time: [5.74, 7.35, 11.08, 13.94, 16.18, 19.96, 28.28, 1000, 1000, 1000, 1000, 1000, 1000, 1000]
current_hyper_parameter
v: [30.89, 28.32, 12.41, 34.2, 29.24, 31.21, 29.8, 16.5, 27.54, 30.84, 8.97, 10.59, 25.47, 18.48]
a: [118.28, 47.84, 58.89, 55.44, 138.61, 134.05, 142.6, 40.93, 57.19, 70.3, 98.31, 137.96, 50.0, 75.78]
d: [3.5, 4.01, 6.24, 6.04, 3.5, 3.57, 4.78, 4.7, 6.07, 4.89, 3.6, 4.68, 4.0, 2.0]
BEST_hyper_parameter
v: [19.89, 28.32, 21.38, 34.2, 21.07, 31.21, 29.8, 33.44, 29.24, 30.84, 12.28, 10.59, 26.55, 18.48]
a: [118.28, 47.84, 159.48, 55.44, 138.61, 134.05, 142.6, 50.68, 98.98, 70.3, 98.31, 137.96, 50.0, 75.78]
d: [3.5, 4.01, 3.5, 6.04, 3.5, 3.57, 4.78, 4.7, 6.07, 4.89, 4.3, 4.68, 4.0, 2.0]

iteration: 71
best: [5.87, 7.62, 9.59, 12.32, 14.62, 19.15, 27.29, 31.53, 33.12, 34.7, 36.82, 39.4, 42.16, 43.66]
time: [5.85, 7.58, 9.97, 12.38, 16.07, 21.89, 32.57, 37.47, 39.53, 40.99, 48.3, 1000, 1000, 1000]
current_hyper_parameter
v: [19.89, 28.32, 32.66, 24.94, 17.33, 31.54, 25.38, 9.74, 20.73, 27.22, 16.96, 20.09, 20.57, 18.48]
a: [118.28, 47.84, 159.48, 55.44, 41.75, 156.44, 142.6, 74.95, 75.43, 143.42, 59.74, 71.61, 50.0, 75.78]
d: [3.5, 4.01, 5.63, 5.63, 3.53, 6.04, 4.78, 4.7, 3.89, 4.96, 4.3, 5.49, 5.84, 2.0]
BEST_hyper_parameter
v: [19.89, 28.32, 21.38, 34.2, 21.07, 31.21, 29.8, 33.44, 29.24, 30.84, 12.28, 10.59, 26.55, 18.48]
a: [118.28, 47.84, 159.48, 55.44, 138.61, 134.05, 142.6, 50.68, 98.98, 70.3, 98.31, 137.96, 50.0, 75.78]
d: [3.5, 4.01, 3.5, 6.04, 3.5, 3.57, 4.78, 4.7, 6.07, 4.89, 4.3, 4.68, 4.0, 2.0]

iteration: 72
best: [5.87, 7.62, 9.59, 12.32, 14.62, 19.15, 27.29, 31.53, 33.12, 34.7, 36.82, 39.4, 42.16, 43.66]
time: [5.79, 7.53, 10.23, 12.84, 18.52, 23.94, 33.87, 1000, 1000, 1000, 1000, 1000, 1000, 1000]
current_hyper_parameter
v: [19.89, 28.32, 21.38, 34.2, 19.1, 16.16, 29.8, 34.69, 27.66, 22.38, 17.76, 18.2, 20.04, 24.39]
a: [118.28, 47.84, 159.48, 55.44, 108.35, 43.69, 142.6, 60.81, 80.98, 119.23, 65.32, 68.82, 55.27, 146.65]
d: [3.5, 4.01, 3.5, 6.04, 3.65, 6.36, 4.78, 6.03, 6.07, 4.89, 5.15, 4.85, 4.24, 2.0]
BEST_hyper_parameter
v: [19.89, 28.32, 21.38, 34.2, 21.07, 31.21, 29.8, 33.44, 29.24, 30.84, 12.28, 10.59, 26.55, 18.48]
a: [118.28, 47.84, 159.48, 55.44, 138.61, 134.05, 142.6, 50.68, 98.98, 70.3, 98.31, 137.96, 50.0, 75.78]
d: [3.5, 4.01, 3.5, 6.04, 3.5, 3.57, 4.78, 4.7, 6.07, 4.89, 4.3, 4.68, 4.0, 2.0]

iteration: 73
best: [5.87, 7.62, 9.59, 12.32, 14.62, 19.15, 27.29, 31.53, 33.12, 34.7, 36.82, 39.4, 42.16, 43.66]
time: [5.86, 7.59, 11.14, 14.26, 20.27, 1000, 1000, 1000, 1000, 1000, 1000, 1000, 1000, 1000]
current_hyper_parameter
v: [19.89, 28.32, 11.94, 24.53, 14.51, 18.23, 32.41, 17.91, 28.47, 30.84, 12.28, 9.35, 26.55, 18.48]
a: [118.28, 47.84, 140.67, 55.44, 138.61, 117.82, 142.6, 90.35, 95.75, 70.3, 98.31, 137.96, 50.0, 75.78]
d: [3.5, 4.01, 3.5, 4.14, 6.44, 3.57, 4.78, 4.41, 6.07, 4.89, 4.3, 4.68, 4.0, 2.0]
BEST_hyper_parameter
v: [19.89, 28.32, 21.38, 34.2, 21.07, 31.21, 29.8, 33.44, 29.24, 30.84, 12.28, 10.59, 26.55, 18.48]
a: [118.28, 47.84, 159.48, 55.44, 138.61, 134.05, 142.6, 50.68, 98.98, 70.3, 98.31, 137.96, 50.0, 75.78]
d: [3.5, 4.01, 3.5, 6.04, 3.5, 3.57, 4.78, 4.7, 6.07, 4.89, 4.3, 4.68, 4.0, 2.0]

iteration: 74
best: [5.87, 7.62, 9.59, 12.32, 14.62, 19.15, 27.29, 31.53, 33.12, 34.7, 36.82, 39.4, 42.16, 43.66]
time: [5.85, 7.59, 10.4, 13.31, 1000, 1000, 1000, 1000, 1000, 1000, 1000, 1000, 1000, 1000]
current_hyper_parameter
v: [19.89, 28.32, 19.52, 28.64, 27.98, 20.41, 29.8, 33.44, 29.24, 24.89, 33.36, 10.59, 26.55, 12.3]
a: [118.28, 47.84, 159.48, 55.44, 51.17, 123.42, 142.6, 50.68, 98.98, 150.46, 98.31, 137.96, 50.0, 52.13]
d: [3.5, 4.01, 3.5, 6.04, 5.8, 4.39, 4.78, 4.7, 6.07, 6.35, 4.3, 4.68, 4.0, 2.0]
BEST_hyper_parameter
v: [19.89, 28.32, 21.38, 34.2, 21.07, 31.21, 29.8, 33.44, 29.24, 30.84, 12.28, 10.59, 26.55, 18.48]
a: [118.28, 47.84, 159.48, 55.44, 138.61, 134.05, 142.6, 50.68, 98.98, 70.3, 98.31, 137.96, 50.0, 75.78]
d: [3.5, 4.01, 3.5, 6.04, 3.5, 3.57, 4.78, 4.7, 6.07, 4.89, 4.3, 4.68, 4.0, 2.0]

iteration: 75
best: [5.87, 7.62, 9.59, 12.32, 14.62, 19.15, 27.29, 31.53, 33.12, 34.7, 36.82, 39.4, 42.16, 43.66]
time: [5.8, 7.53, 10.2, 15.72, 22.51, 25.1, 34.5, 1000, 1000, 1000, 1000, 1000, 1000, 1000]
current_hyper_parameter
v: [19.89, 28.32, 30.99, 29.37, 15.34, 26.66, 29.8, 33.44, 29.24, 26.64, 11.95, 19.89, 26.55, 25.59]
a: [118.28, 47.84, 108.44, 74.77, 40.46, 134.05, 142.6, 50.68, 98.98, 89.22, 98.31, 44.59, 50.0, 75.78]
d: [3.5, 4.01, 4.26, 6.04, 3.5, 3.57, 4.78, 4.7, 6.07, 4.89, 4.3, 4.68, 4.0, 2.0]
BEST_hyper_parameter
v: [19.89, 28.32, 21.38, 34.2, 21.07, 31.21, 29.8, 33.44, 29.24, 30.84, 12.28, 10.59, 26.55, 18.48]
a: [118.28, 47.84, 159.48, 55.44, 138.61, 134.05, 142.6, 50.68, 98.98, 70.3, 98.31, 137.96, 50.0, 75.78]
d: [3.5, 4.01, 3.5, 6.04, 3.5, 3.57, 4.78, 4.7, 6.07, 4.89, 4.3, 4.68, 4.0, 2.0]

iteration: 76
best: [5.87, 7.62, 9.59, 12.32, 14.62, 19.15, 27.29, 31.53, 33.12, 34.7, 36.82, 39.4, 42.16, 43.66]
time: [5.88, 7.62, 10.57, 13.48, 15.89, 19.28, 28.14, 1000, 1000, 1000, 1000, 1000, 1000, 1000]
current_hyper_parameter
v: [19.89, 28.32, 23.62, 29.17, 22.13, 31.21, 29.8, 33.44, 29.24, 21.61, 13.29, 10.59, 18.88, 18.48]
a: [118.28, 47.84, 92.42, 55.44, 152.36, 134.05, 142.6, 50.68, 98.98, 38.1, 122.99, 137.96, 135.1, 75.78]
d: [3.5, 4.01, 3.5, 6.04, 4.22, 3.57, 4.78, 4.7, 6.07, 4.89, 4.3, 4.68, 3.99, 2.0]
BEST_hyper_parameter
v: [19.89, 28.32, 21.38, 34.2, 21.07, 31.21, 29.8, 33.44, 29.24, 30.84, 12.28, 10.59, 26.55, 18.48]
a: [118.28, 47.84, 159.48, 55.44, 138.61, 134.05, 142.6, 50.68, 98.98, 70.3, 98.31, 137.96, 50.0, 75.78]
d: [3.5, 4.01, 3.5, 6.04, 3.5, 3.57, 4.78, 4.7, 6.07, 4.89, 4.3, 4.68, 4.0, 2.0]
mutation at idx = 1

iteration: 77
best: [5.87, 7.62, 9.59, 12.32, 14.62, 19.15, 27.29, 31.53, 33.12, 34.7, 36.82, 39.4, 42.16, 43.66]
time: [5.86, 7.58, 10.87, 14.08, 1000, 1000, 1000, 1000, 1000, 1000, 1000, 1000, 1000, 1000]
current_hyper_parameter
v: [19.89, 34.62, 13.95, 15.75, 31.36, 26.37, 11.91, 17.4, 23.26, 20.8, 34.16, 10.59, 19.46, 25.3]
a: [118.28, 47.84, 159.48, 55.44, 138.61, 29.12, 84.12, 50.68, 89.51, 96.47, 124.15, 137.96, 50.0, 51.64]
d: [3.5, 4.89, 3.5, 6.04, 6.47, 3.57, 4.78, 4.7, 6.07, 4.66, 4.37, 4.68, 5.86, 2.0]
BEST_hyper_parameter
v: [19.89, 28.32, 21.38, 34.2, 21.07, 31.21, 29.8, 33.44, 29.24, 30.84, 12.28, 10.59, 26.55, 18.48]
a: [118.28, 47.84, 159.48, 55.44, 138.61, 134.05, 142.6, 50.68, 98.98, 70.3, 98.31, 137.96, 50.0, 75.78]
d: [3.5, 4.01, 3.5, 6.04, 3.5, 3.57, 4.78, 4.7, 6.07, 4.89, 4.3, 4.68, 4.0, 2.0]

iteration: 78
best: [5.87, 7.62, 9.59, 12.32, 14.62, 19.15, 27.29, 31.53, 33.12, 34.7, 36.82, 39.4, 42.16, 43.66]
time: [5.86, 7.58, 9.99, 1000, 1000, 1000, 1000, 1000, 1000, 1000, 1000, 1000, 1000, 1000]
current_hyper_parameter
v: [19.89, 28.32, 30.6, 22.1, 20.32, 11.62, 17.35, 30.96, 29.24, 16.4, 26.72, 10.59, 9.99, 17.25]
a: [118.28, 47.84, 159.48, 27.74, 20.77, 67.85, 120.53, 50.68, 98.98, 77.55, 141.76, 137.96, 51.49, 152.23]
d: [3.5, 4.01, 3.5, 5.77, 5.49, 3.57, 4.78, 4.7, 6.07, 3.82, 4.61, 4.68, 4.0, 2.0]
BEST_hyper_parameter
v: [19.89, 28.32, 21.38, 34.2, 21.07, 31.21, 29.8, 33.44, 29.24, 30.84, 12.28, 10.59, 26.55, 18.48]
a: [118.28, 47.84, 159.48, 55.44, 138.61, 134.05, 142.6, 50.68, 98.98, 70.3, 98.31, 137.96, 50.0, 75.78]
d: [3.5, 4.01, 3.5, 6.04, 3.5, 3.57, 4.78, 4.7, 6.07, 4.89, 4.3, 4.68, 4.0, 2.0]

iteration: 79
best: [5.87, 7.62, 9.59, 12.32, 14.62, 19.15, 27.29, 31.53, 33.12, 34.7, 36.82, 39.4, 42.16, 43.66]
time: [5.82, 7.55, 10.25, 12.88, 15.4, 18.67, 27.73, 30.16, 1000, 1000, 1000, 1000, 1000, 1000]
current_hyper_parameter
v: [19.89, 28.32, 21.38, 34.2, 21.07, 31.21, 29.8, 34.32, 23.95, 27.34, 24.08, 19.57, 19.36, 19.74]
a: [118.28, 47.84, 159.48, 55.44, 138.61, 134.05, 142.6, 131.8, 30.43, 147.71, 126.68, 98.5, 72.95, 130.49]
d: [3.5, 4.01, 3.5, 6.04, 3.5, 3.57, 4.78, 4.71, 6.07, 4.89, 4.3, 4.68, 4.08, 2.0]
BEST_hyper_parameter
v: [19.89, 28.32, 21.38, 34.2, 21.07, 31.21, 29.8, 33.44, 29.24, 30.84, 12.28, 10.59, 26.55, 18.48]
a: [118.28, 47.84, 159.48, 55.44, 138.61, 134.05, 142.6, 50.68, 98.98, 70.3, 98.31, 137.96, 50.0, 75.78]
d: [3.5, 4.01, 3.5, 6.04, 3.5, 3.57, 4.78, 4.7, 6.07, 4.89, 4.3, 4.68, 4.0, 2.0]
mutation at idx = 0

iteration: 80
best: [5.87, 7.62, 9.59, 12.32, 14.62, 19.15, 27.29, 31.53, 33.12, 34.7, 36.82, 39.4, 42.16, 43.66]
time: [5.77, 7.4, 11.2, 16.93, 1000, 1000, 1000, 1000, 1000, 1000, 1000, 1000, 1000, 1000]
current_hyper_parameter
v: [27.46, 28.32, 12.7, 22.39, 9.13, 16.61, 29.8, 33.67, 29.24, 30.05, 12.28, 22.12, 16.41, 20.44]
a: [118.28, 47.84, 58.36, 110.28, 138.61, 134.05, 142.6, 144.52, 98.98, 48.14, 98.31, 33.8, 122.88, 74.12]
d: [3.5, 4.01, 3.5, 6.04, 3.5, 5.46, 4.78, 4.8, 6.07, 4.63, 4.3, 4.59, 4.0, 2.0]
BEST_hyper_parameter
v: [19.89, 28.32, 21.38, 34.2, 21.07, 31.21, 29.8, 33.44, 29.24, 30.84, 12.28, 10.59, 26.55, 18.48]
a: [118.28, 47.84, 159.48, 55.44, 138.61, 134.05, 142.6, 50.68, 98.98, 70.3, 98.31, 137.96, 50.0, 75.78]
d: [3.5, 4.01, 3.5, 6.04, 3.5, 3.57, 4.78, 4.7, 6.07, 4.89, 4.3, 4.68, 4.0, 2.0]

iteration: 81
best: [5.87, 7.62, 9.59, 12.32, 14.62, 19.15, 27.29, 31.53, 33.12, 34.7, 36.82, 39.4, 42.16, 43.66]
time: [5.85, 7.59, 10.46, 13.31, 15.76, 19.55, 28.89, 33.83, 39.17, 1000, 1000, 1000, 1000, 1000]
current_hyper_parameter
v: [19.89, 28.32, 18.28, 32.21, 22.77, 25.45, 29.8, 10.24, 27.9, 23.47, 31.18, 17.77, 21.02, 34.32]
a: [118.28, 47.84, 159.48, 55.44, 145.03, 134.05, 142.6, 59.4, 77.96, 61.93, 98.31, 73.02, 150.12, 47.25]
d: [3.5, 4.01, 4.03, 6.04, 3.5, 3.57, 4.78, 4.7, 6.07, 4.89, 5.77, 5.88, 4.0, 2.0]
BEST_hyper_parameter
v: [19.89, 28.32, 21.38, 34.2, 21.07, 31.21, 29.8, 33.44, 29.24, 30.84, 12.28, 10.59, 26.55, 18.48]
a: [118.28, 47.84, 159.48, 55.44, 138.61, 134.05, 142.6, 50.68, 98.98, 70.3, 98.31, 137.96, 50.0, 75.78]
d: [3.5, 4.01, 3.5, 6.04, 3.5, 3.57, 4.78, 4.7, 6.07, 4.89, 4.3, 4.68, 4.0, 2.0]

iteration: 82
best: [5.87, 7.62, 9.59, 12.32, 14.62, 19.15, 27.29, 31.53, 33.12, 34.7, 36.82, 39.4, 42.16, 43.66]
time: [5.84, 7.57, 11.27, 14.45, 17.79, 20.51, 34.11, 37.05, 38.61, 40.04, 1000, 1000, 1000, 1000]
current_hyper_parameter
v: [19.89, 28.32, 32.79, 18.73, 18.7, 24.16, 13.41, 20.18, 26.93, 27.05, 18.03, 21.3, 27.18, 23.82]
a: [118.28, 47.84, 47.1, 55.44, 54.7, 140.17, 142.6, 72.65, 75.03, 147.43, 76.19, 113.37, 80.97, 154.87]
d: [3.5, 4.01, 3.5, 6.04, 3.5, 3.57, 4.93, 5.99, 5.24, 6.38, 4.3, 4.22, 5.47, 2.0]
BEST_hyper_parameter
v: [19.89, 28.32, 21.38, 34.2, 21.07, 31.21, 29.8, 33.44, 29.24, 30.84, 12.28, 10.59, 26.55, 18.48]
a: [118.28, 47.84, 159.48, 55.44, 138.61, 134.05, 142.6, 50.68, 98.98, 70.3, 98.31, 137.96, 50.0, 75.78]
d: [3.5, 4.01, 3.5, 6.04, 3.5, 3.57, 4.78, 4.7, 6.07, 4.89, 4.3, 4.68, 4.0, 2.0]
mutation at idx = 0

iteration: 83
best: [5.87, 7.62, 9.59, 12.32, 14.62, 19.15, 27.29, 31.53, 33.12, 34.7, 36.82, 39.4, 42.16, 43.66]
time: [7.61, 10.17, 12.98, 15.79, 18.18, 24.04, 41.31, 44.41, 1000, 1000, 1000, 1000, 1000, 1000]
current_hyper_parameter
v: [26.49, 28.32, 21.38, 20.32, 31.55, 9.14, 15.7, 15.45, 29.24, 17.36, 12.28, 10.59, 27.56, 19.2]
a: [30.46, 47.84, 159.48, 55.44, 138.61, 41.2, 142.6, 156.06, 98.98, 87.26, 98.31, 137.96, 50.0, 33.02]
d: [3.5, 4.01, 3.5, 5.61, 3.5, 3.57, 4.66, 4.7, 6.07, 4.89, 4.3, 4.68, 4.0, 2.0]
BEST_hyper_parameter
v: [19.89, 28.32, 21.38, 34.2, 21.07, 31.21, 29.8, 33.44, 29.24, 30.84, 12.28, 10.59, 26.55, 18.48]
a: [118.28, 47.84, 159.48, 55.44, 138.61, 134.05, 142.6, 50.68, 98.98, 70.3, 98.31, 137.96, 50.0, 75.78]
d: [3.5, 4.01, 3.5, 6.04, 3.5, 3.57, 4.78, 4.7, 6.07, 4.89, 4.3, 4.68, 4.0, 2.0]

iteration: 84
best: [5.87, 7.62, 9.59, 12.32, 14.62, 19.15, 27.29, 31.53, 33.12, 34.7, 36.82, 39.4, 42.16, 43.66]
time: [6.58, 8.8, 11.8, 14.7, 17.25, 20.88, 29.45, 36.71, 1000, 1000, 1000, 1000, 1000, 1000]
current_hyper_parameter
v: [9.61, 28.32, 30.35, 20.17, 27.03, 31.21, 29.8, 33.44, 23.73, 18.15, 12.28, 21.16, 11.3, 30.74]
a: [110.05, 47.84, 81.4, 55.44, 120.28, 134.05, 142.6, 50.68, 98.98, 23.96, 98.31, 81.38, 158.71, 67.66]
d: [3.69, 4.01, 4.57, 4.02, 3.5, 3.57, 4.78, 4.7, 6.07, 4.89, 4.3, 4.68, 4.0, 2.0]
BEST_hyper_parameter
v: [19.89, 28.32, 21.38, 34.2, 21.07, 31.21, 29.8, 33.44, 29.24, 30.84, 12.28, 10.59, 26.55, 18.48]
a: [118.28, 47.84, 159.48, 55.44, 138.61, 134.05, 142.6, 50.68, 98.98, 70.3, 98.31, 137.96, 50.0, 75.78]
d: [3.5, 4.01, 3.5, 6.04, 3.5, 3.57, 4.78, 4.7, 6.07, 4.89, 4.3, 4.68, 4.0, 2.0]

iteration: 85
best: [5.87, 7.62, 9.59, 12.32, 14.62, 19.15, 27.29, 31.53, 33.12, 34.7, 36.82, 39.4, 42.16, 43.66]
time: [5.85, 7.59, 10.14, 19.52, 26.0, 29.55, 46.0, 1000, 1000, 1000, 1000, 1000, 1000, 1000]
current_hyper_parameter
v: [19.89, 14.9, 25.71, 27.99, 28.06, 25.3, 11.35, 21.5, 29.24, 30.84, 13.85, 10.59, 17.0, 33.35]
a: [118.28, 47.84, 151.52, 111.99, 95.86, 98.1, 104.16, 101.49, 98.98, 70.3, 110.83, 137.96, 129.17, 44.68]
d: [3.5, 4.01, 6.33, 6.04, 4.4, 3.57, 4.78, 4.7, 6.07, 4.89, 4.13, 4.68, 4.0, 2.0]
BEST_hyper_parameter
v: [19.89, 28.32, 21.38, 34.2, 21.07, 31.21, 29.8, 33.44, 29.24, 30.84, 12.28, 10.59, 26.55, 18.48]
a: [118.28, 47.84, 159.48, 55.44, 138.61, 134.05, 142.6, 50.68, 98.98, 70.3, 98.31, 137.96, 50.0, 75.78]
d: [3.5, 4.01, 3.5, 6.04, 3.5, 3.57, 4.78, 4.7, 6.07, 4.89, 4.3, 4.68, 4.0, 2.0]

iteration: 86
best: [5.87, 7.62, 9.59, 12.32, 14.62, 19.15, 27.29, 31.53, 33.12, 34.7, 36.82, 39.4, 42.16, 43.66]
time: [5.85, 7.59, 11.46, 15.65, 18.33, 26.16, 1000, 1000, 1000, 1000, 1000, 1000, 1000, 1000]
current_hyper_parameter
v: [19.89, 28.32, 32.44, 8.91, 22.07, 23.25, 9.96, 9.29, 27.12, 28.3, 12.28, 24.74, 24.57, 29.5]
a: [118.28, 47.84, 40.74, 48.78, 138.61, 20.74, 142.6, 106.01, 100.9, 70.3, 98.31, 137.96, 71.54, 75.78]
d: [3.5, 4.01, 3.5, 3.73, 3.96, 3.57, 3.61, 4.01, 6.07, 5.18, 4.3, 4.68, 3.83, 2.0]
BEST_hyper_parameter
v: [19.89, 28.32, 21.38, 34.2, 21.07, 31.21, 29.8, 33.44, 29.24, 30.84, 12.28, 10.59, 26.55, 18.48]
a: [118.28, 47.84, 159.48, 55.44, 138.61, 134.05, 142.6, 50.68, 98.98, 70.3, 98.31, 137.96, 50.0, 75.78]
d: [3.5, 4.01, 3.5, 6.04, 3.5, 3.57, 4.78, 4.7, 6.07, 4.89, 4.3, 4.68, 4.0, 2.0]

iteration: 87
best: [5.87, 7.62, 9.59, 12.32, 14.62, 19.15, 27.29, 31.53, 33.12, 34.7, 36.82, 39.4, 42.16, 43.66]
time: [5.9, 7.66, 11.21, 16.77, 20.48, 23.7, 36.41, 40.16, 41.7, 43.24, 45.1, 1000, 1000, 1000]
current_hyper_parameter
v: [19.89, 28.32, 13.48, 19.94, 24.04, 30.47, 33.2, 23.15, 23.77, 30.84, 29.55, 10.59, 10.72, 31.11]
a: [118.28, 47.84, 89.55, 139.13, 138.14, 134.05, 21.7, 50.48, 98.98, 70.3, 108.15, 137.96, 50.0, 57.76]
d: [3.5, 4.01, 4.05, 5.48, 3.5, 4.63, 4.78, 4.7, 6.07, 4.89, 4.69, 4.68, 4.48, 2.0]
BEST_hyper_parameter
v: [19.89, 28.32, 21.38, 34.2, 21.07, 31.21, 29.8, 33.44, 29.24, 30.84, 12.28, 10.59, 26.55, 18.48]
a: [118.28, 47.84, 159.48, 55.44, 138.61, 134.05, 142.6, 50.68, 98.98, 70.3, 98.31, 137.96, 50.0, 75.78]
d: [3.5, 4.01, 3.5, 6.04, 3.5, 3.57, 4.78, 4.7, 6.07, 4.89, 4.3, 4.68, 4.0, 2.0]

iteration: 88
best: [5.87, 7.62, 9.59, 12.32, 14.62, 19.15, 27.29, 31.53, 33.12, 34.7, 36.82, 39.4, 42.16, 43.66]
time: [5.86, 7.58, 10.59, 13.56, 20.18, 23.84, 32.85, 1000, 1000, 1000, 1000, 1000, 1000, 1000]
current_hyper_parameter
v: [19.89, 28.32, 16.54, 15.5, 10.34, 23.59, 29.8, 32.03, 12.31, 30.84, 12.28, 8.77, 13.35, 9.32]
a: [118.28, 47.84, 159.48, 55.44, 138.61, 80.21, 142.6, 134.94, 110.81, 70.3, 98.31, 157.86, 110.61, 56.54]
d: [3.5, 4.01, 3.5, 3.92, 3.5, 4.09, 4.78, 4.28, 6.07, 4.89, 4.3, 4.59, 6.3, 2.0]
BEST_hyper_parameter
v: [19.89, 28.32, 21.38, 34.2, 21.07, 31.21, 29.8, 33.44, 29.24, 30.84, 12.28, 10.59, 26.55, 18.48]
a: [118.28, 47.84, 159.48, 55.44, 138.61, 134.05, 142.6, 50.68, 98.98, 70.3, 98.31, 137.96, 50.0, 75.78]
d: [3.5, 4.01, 3.5, 6.04, 3.5, 3.57, 4.78, 4.7, 6.07, 4.89, 4.3, 4.68, 4.0, 2.0]

iteration: 89
best: [5.87, 7.62, 9.59, 12.32, 14.62, 19.15, 27.29, 31.53, 33.12, 34.7, 36.82, 39.4, 42.16, 43.66]
time: [5.87, 7.59, 10.28, 13.35, 31.95, 1000, 1000, 1000, 1000, 1000, 1000, 1000, 1000, 1000]
current_hyper_parameter
v: [19.89, 28.32, 21.38, 34.2, 15.84, 12.06, 22.18, 30.85, 34.39, 21.77, 12.28, 17.24, 30.05, 13.54]
a: [118.28, 47.84, 159.48, 55.44, 103.61, 134.05, 142.6, 50.68, 72.13, 70.3, 98.31, 137.96, 52.23, 90.84]
d: [3.5, 4.01, 3.5, 6.04, 6.26, 4.52, 5.42, 4.78, 6.07, 4.0, 4.3, 5.51, 4.0, 2.0]
BEST_hyper_parameter
v: [19.89, 28.32, 21.38, 34.2, 21.07, 31.21, 29.8, 33.44, 29.24, 30.84, 12.28, 10.59, 26.55, 18.48]
a: [118.28, 47.84, 159.48, 55.44, 138.61, 134.05, 142.6, 50.68, 98.98, 70.3, 98.31, 137.96, 50.0, 75.78]
d: [3.5, 4.01, 3.5, 6.04, 3.5, 3.57, 4.78, 4.7, 6.07, 4.89, 4.3, 4.68, 4.0, 2.0]

iteration: 90
best: [5.87, 7.62, 9.59, 12.32, 14.62, 19.15, 27.29, 31.53, 33.12, 34.7, 36.82, 39.4, 42.16, 43.66]
time: [5.81, 7.53, 10.26, 15.96, 25.26, 1000, 1000, 1000, 1000, 1000, 1000, 1000, 1000, 1000]
current_hyper_parameter
v: [19.89, 28.32, 21.38, 19.54, 12.07, 23.86, 11.23, 31.55, 29.24, 20.2, 13.9, 22.75, 32.71, 18.48]
a: [118.28, 47.84, 159.48, 133.3, 35.85, 155.04, 142.6, 144.34, 98.98, 51.69, 34.49, 101.7, 154.12, 75.78]
d: [3.5, 4.01, 3.5, 5.06, 3.5, 6.12, 4.78, 5.99, 6.07, 4.89, 4.3, 4.73, 5.0, 2.0]
BEST_hyper_parameter
v: [19.89, 28.32, 21.38, 34.2, 21.07, 31.21, 29.8, 33.44, 29.24, 30.84, 12.28, 10.59, 26.55, 18.48]
a: [118.28, 47.84, 159.48, 55.44, 138.61, 134.05, 142.6, 50.68, 98.98, 70.3, 98.31, 137.96, 50.0, 75.78]
d: [3.5, 4.01, 3.5, 6.04, 3.5, 3.57, 4.78, 4.7, 6.07, 4.89, 4.3, 4.68, 4.0, 2.0]

iteration: 91
best: [5.87, 7.62, 9.59, 12.32, 14.62, 19.15, 27.29, 31.53, 33.12, 34.7, 36.82, 39.4, 42.16, 43.66]
time: [5.8, 7.53, 11.35, 14.6, 19.96, 24.14, 34.01, 39.26, 45.29, 1000, 1000, 1000, 1000, 1000]
current_hyper_parameter
v: [19.89, 28.32, 9.74, 25.5, 23.48, 14.72, 27.09, 11.14, 26.94, 22.58, 34.84, 24.39, 26.55, 31.19]
a: [118.28, 47.84, 159.48, 37.99, 138.61, 86.99, 142.6, 50.68, 33.08, 70.3, 45.78, 125.54, 50.0, 75.78]
d: [3.5, 4.01, 4.07, 6.04, 3.99, 3.57, 4.65, 4.85, 5.32, 4.3, 4.3, 4.68, 4.0, 2.0]
BEST_hyper_parameter
v: [19.89, 28.32, 21.38, 34.2, 21.07, 31.21, 29.8, 33.44, 29.24, 30.84, 12.28, 10.59, 26.55, 18.48]
a: [118.28, 47.84, 159.48, 55.44, 138.61, 134.05, 142.6, 50.68, 98.98, 70.3, 98.31, 137.96, 50.0, 75.78]
d: [3.5, 4.01, 3.5, 6.04, 3.5, 3.57, 4.78, 4.7, 6.07, 4.89, 4.3, 4.68, 4.0, 2.0]
mutation at idx = 1

iteration: 92
best: [5.87, 7.62, 9.59, 12.32, 14.62, 19.15, 27.29, 31.53, 33.12, 34.7, 36.82, 39.4, 42.16, 43.66]
time: [5.85, 7.39, 10.78, 13.34, 16.61, 19.53, 28.27, 1000, 1000, 1000, 1000, 1000, 1000, 1000]
current_hyper_parameter
v: [19.89, 19.91, 28.27, 19.62, 12.82, 31.21, 27.3, 33.44, 16.37, 27.26, 12.28, 12.66, 28.29, 12.99]
a: [118.28, 108.63, 32.62, 137.31, 85.05, 134.05, 142.6, 50.68, 86.72, 131.9, 98.31, 124.54, 50.0, 75.78]
d: [3.5, 6.16, 4.84, 3.9, 4.78, 3.57, 4.78, 4.7, 4.2, 4.55, 4.3, 4.68, 4.0, 2.0]
BEST_hyper_parameter
v: [19.89, 28.32, 21.38, 34.2, 21.07, 31.21, 29.8, 33.44, 29.24, 30.84, 12.28, 10.59, 26.55, 18.48]
a: [118.28, 47.84, 159.48, 55.44, 138.61, 134.05, 142.6, 50.68, 98.98, 70.3, 98.31, 137.96, 50.0, 75.78]
d: [3.5, 4.01, 3.5, 6.04, 3.5, 3.57, 4.78, 4.7, 6.07, 4.89, 4.3, 4.68, 4.0, 2.0]
mutation at idx = 0

iteration: 93
best: [5.87, 7.62, 9.59, 12.32, 14.62, 19.15, 27.29, 31.53, 33.12, 34.7, 36.82, 39.4, 42.16, 43.66]
time: [5.85, 7.57, 10.11, 12.81, 15.26, 20.13, 40.04, 44.0, 1000, 1000, 1000, 1000, 1000, 1000]
current_hyper_parameter
v: [20.31, 28.32, 25.15, 24.3, 24.94, 33.4, 10.26, 13.26, 29.17, 30.84, 21.32, 10.59, 20.23, 15.35]
a: [118.28, 47.84, 159.48, 55.44, 136.96, 53.93, 142.6, 50.68, 109.64, 70.3, 98.31, 137.96, 96.56, 75.78]
d: [3.5, 4.01, 3.5, 6.04, 3.5, 3.57, 4.78, 3.78, 6.07, 4.89, 4.3, 4.68, 4.0, 2.0]
BEST_hyper_parameter
v: [19.89, 28.32, 21.38, 34.2, 21.07, 31.21, 29.8, 33.44, 29.24, 30.84, 12.28, 10.59, 26.55, 18.48]
a: [118.28, 47.84, 159.48, 55.44, 138.61, 134.05, 142.6, 50.68, 98.98, 70.3, 98.31, 137.96, 50.0, 75.78]
d: [3.5, 4.01, 3.5, 6.04, 3.5, 3.57, 4.78, 4.7, 6.07, 4.89, 4.3, 4.68, 4.0, 2.0]

iteration: 94
best: [5.87, 7.62, 9.59, 12.32, 14.62, 19.15, 27.29, 31.53, 33.12, 34.7, 36.82, 39.4, 42.16, 43.66]
time: [5.81, 7.54, 10.1, 12.99, 19.23, 26.97, 40.15, 1000, 1000, 1000, 1000, 1000, 1000, 1000]
current_hyper_parameter
v: [19.89, 28.32, 27.52, 25.9, 21.07, 11.32, 23.44, 33.44, 8.88, 21.47, 12.28, 17.92, 21.6, 16.05]
a: [118.28, 47.84, 136.5, 37.32, 138.61, 20.36, 117.82, 50.68, 63.31, 126.86, 98.31, 55.46, 32.7, 64.66]
d: [3.5, 4.01, 3.5, 5.9, 3.5, 4.25, 4.28, 4.7, 6.07, 3.53, 4.3, 4.68, 4.54, 2.0]
BEST_hyper_parameter
v: [19.89, 28.32, 21.38, 34.2, 21.07, 31.21, 29.8, 33.44, 29.24, 30.84, 12.28, 10.59, 26.55, 18.48]
a: [118.28, 47.84, 159.48, 55.44, 138.61, 134.05, 142.6, 50.68, 98.98, 70.3, 98.31, 137.96, 50.0, 75.78]
d: [3.5, 4.01, 3.5, 6.04, 3.5, 3.57, 4.78, 4.7, 6.07, 4.89, 4.3, 4.68, 4.0, 2.0]

iteration: 95
best: [5.87, 7.62, 9.59, 12.32, 14.62, 19.15, 27.29, 31.53, 33.12, 34.7, 36.82, 39.4, 42.16, 43.66]
time: [5.87, 7.59, 11.56, 14.79, 17.37, 21.44, 41.62, 44.27, 1000, 1000, 1000, 1000, 1000, 1000]
current_hyper_parameter
v: [19.89, 28.32, 8.58, 34.2, 21.07, 23.82, 8.71, 22.35, 34.02, 30.84, 10.35, 32.52, 18.05, 9.12]
a: [118.28, 47.84, 159.48, 55.44, 138.61, 64.41, 106.65, 149.32, 29.54, 70.3, 130.64, 127.72, 38.8, 75.78]
d: [3.5, 4.01, 3.5, 6.04, 3.5, 4.86, 5.69, 4.7, 6.07, 4.89, 5.85, 4.68, 4.0, 2.0]
BEST_hyper_parameter
v: [19.89, 28.32, 21.38, 34.2, 21.07, 31.21, 29.8, 33.44, 29.24, 30.84, 12.28, 10.59, 26.55, 18.48]
a: [118.28, 47.84, 159.48, 55.44, 138.61, 134.05, 142.6, 50.68, 98.98, 70.3, 98.31, 137.96, 50.0, 75.78]
d: [3.5, 4.01, 3.5, 6.04, 3.5, 3.57, 4.78, 4.7, 6.07, 4.89, 4.3, 4.68, 4.0, 2.0]

iteration: 96
best: [5.87, 7.62, 9.59, 12.32, 14.62, 19.15, 27.29, 31.53, 33.12, 34.7, 36.82, 39.4, 42.16, 43.66]
time: [5.86, 7.58, 10.08, 12.96, 18.33, 21.96, 30.3, 40.41, 43.49, 48.38, 1000, 1000, 1000, 1000]
current_hyper_parameter
v: [19.89, 28.32, 32.1, 9.75, 33.28, 31.21, 29.8, 12.89, 12.83, 14.15, 24.46, 20.23, 23.68, 33.87]
a: [118.28, 47.84, 130.1, 55.44, 138.61, 134.05, 142.6, 87.59, 44.13, 70.3, 140.88, 42.59, 21.69, 71.04]
d: [3.5, 4.01, 3.5, 6.04, 3.5, 3.57, 4.78, 5.34, 6.44, 4.89, 5.89, 4.11, 3.65, 2.0]
BEST_hyper_parameter
v: [19.89, 28.32, 21.38, 34.2, 21.07, 31.21, 29.8, 33.44, 29.24, 30.84, 12.28, 10.59, 26.55, 18.48]
a: [118.28, 47.84, 159.48, 55.44, 138.61, 134.05, 142.6, 50.68, 98.98, 70.3, 98.31, 137.96, 50.0, 75.78]
d: [3.5, 4.01, 3.5, 6.04, 3.5, 3.57, 4.78, 4.7, 6.07, 4.89, 4.3, 4.68, 4.0, 2.0]
mutation at idx = 2

iteration: 97
best: [5.87, 7.62, 9.59, 12.32, 14.62, 19.15, 27.29, 31.53, 33.12, 34.7, 36.82, 39.4, 42.16, 43.66]
time: [5.85, 7.58, 10.69, 13.65, 20.25, 23.02, 42.94, 1000, 1000, 1000, 1000, 1000, 1000, 1000]
current_hyper_parameter
v: [19.89, 28.32, 16.57, 34.2, 9.9, 31.21, 8.65, 16.12, 34.69, 18.33, 12.28, 10.59, 12.36, 11.03]
a: [118.28, 47.84, 123.7, 55.44, 147.85, 134.05, 126.19, 85.39, 98.98, 70.3, 98.31, 137.96, 150.54, 20.24]
d: [3.5, 4.01, 3.5, 6.04, 3.5, 3.57, 4.92, 4.7, 6.39, 5.41, 4.3, 4.68, 4.58, 2.0]
BEST_hyper_parameter
v: [19.89, 28.32, 21.38, 34.2, 21.07, 31.21, 29.8, 33.44, 29.24, 30.84, 12.28, 10.59, 26.55, 18.48]
a: [118.28, 47.84, 159.48, 55.44, 138.61, 134.05, 142.6, 50.68, 98.98, 70.3, 98.31, 137.96, 50.0, 75.78]
d: [3.5, 4.01, 3.5, 6.04, 3.5, 3.57, 4.78, 4.7, 6.07, 4.89, 4.3, 4.68, 4.0, 2.0]

iteration: 98
best: [5.87, 7.62, 9.59, 12.32, 14.62, 19.15, 27.29, 31.53, 33.12, 34.7, 36.82, 39.4, 42.16, 43.66]
time: [5.86, 7.59, 10.34, 15.69, 23.49, 1000, 1000, 1000, 1000, 1000, 1000, 1000, 1000, 1000]
current_hyper_parameter
v: [19.89, 28.32, 21.05, 31.54, 15.05, 25.85, 23.35, 27.65, 29.24, 20.01, 31.43, 26.76, 29.71, 14.78]
a: [118.28, 47.84, 159.48, 133.19, 149.44, 120.15, 138.85, 134.37, 98.98, 124.39, 150.86, 137.96, 50.0, 51.57]
d: [3.5, 4.01, 3.5, 6.04, 3.5, 3.57, 4.78, 4.7, 6.07, 4.46, 4.3, 5.77, 4.66, 2.0]
BEST_hyper_parameter
v: [19.89, 28.32, 21.38, 34.2, 21.07, 31.21, 29.8, 33.44, 29.24, 30.84, 12.28, 10.59, 26.55, 18.48]
a: [118.28, 47.84, 159.48, 55.44, 138.61, 134.05, 142.6, 50.68, 98.98, 70.3, 98.31, 137.96, 50.0, 75.78]
d: [3.5, 4.01, 3.5, 6.04, 3.5, 3.57, 4.78, 4.7, 6.07, 4.89, 4.3, 4.68, 4.0, 2.0]

iteration: 99
best: [5.87, 7.62, 9.59, 12.32, 14.62, 19.15, 27.29, 31.53, 33.12, 34.7, 36.82, 39.4, 42.16, 43.66]
time: [5.85, 7.63, 10.67, 1000, 1000, 1000, 1000, 1000, 1000, 1000, 1000, 1000, 1000, 1000]
current_hyper_parameter
v: [19.89, 28.32, 17.7, 28.83, 20.89, 13.65, 11.19, 24.79, 29.24, 9.61, 13.21, 32.45, 10.56, 34.22]
a: [118.28, 47.84, 121.47, 110.44, 21.43, 32.86, 147.85, 50.68, 98.98, 67.88, 98.31, 137.96, 35.83, 105.54]
d: [3.5, 4.01, 3.5, 4.1, 5.91, 3.57, 4.65, 6.25, 6.07, 4.89, 6.36, 4.68, 4.67, 2.0]
BEST_hyper_parameter
v: [19.89, 28.32, 21.38, 34.2, 21.07, 31.21, 29.8, 33.44, 29.24, 30.84, 12.28, 10.59, 26.55, 18.48]
a: [118.28, 47.84, 159.48, 55.44, 138.61, 134.05, 142.6, 50.68, 98.98, 70.3, 98.31, 137.96, 50.0, 75.78]
d: [3.5, 4.01, 3.5, 6.04, 3.5, 3.57, 4.78, 4.7, 6.07, 4.89, 4.3, 4.68, 4.0, 2.0]

iteration: 100
best: [5.87, 7.62, 9.59, 12.32, 14.62, 19.15, 27.29, 31.53, 33.12, 34.7, 36.82, 39.4, 42.16, 43.66]
time: [5.8, 7.53, 11.65, 15.16, 19.74, 26.19, 35.87, 1000, 1000, 1000, 1000, 1000, 1000, 1000]
current_hyper_parameter
v: [19.89, 28.32, 15.11, 20.11, 10.17, 11.65, 29.8, 33.44, 31.39, 11.08, 18.38, 31.28, 26.55, 13.03]
a: [118.28, 47.84, 27.97, 50.46, 24.13, 67.36, 142.6, 50.68, 43.51, 45.19, 126.08, 139.95, 50.0, 75.78]
d: [3.5, 4.01, 4.16, 6.04, 3.5, 3.81, 4.78, 4.7, 6.07, 5.4, 4.3, 4.68, 4.0, 2.0]
BEST_hyper_parameter
v: [19.89, 28.32, 21.38, 34.2, 21.07, 31.21, 29.8, 33.44, 29.24, 30.84, 12.28, 10.59, 26.55, 18.48]
a: [118.28, 47.84, 159.48, 55.44, 138.61, 134.05, 142.6, 50.68, 98.98, 70.3, 98.31, 137.96, 50.0, 75.78]
d: [3.5, 4.01, 3.5, 6.04, 3.5, 3.57, 4.78, 4.7, 6.07, 4.89, 4.3, 4.68, 4.0, 2.0]

iteration: 101
best: [5.87, 7.62, 9.59, 12.32, 14.62, 19.15, 27.29, 31.53, 33.12, 34.7, 36.82, 39.4, 42.16, 43.66]
time: [5.85, 7.59, 10.27, 13.41, 1000, 1000, 1000, 1000, 1000, 1000, 1000, 1000, 1000, 1000]
current_hyper_parameter
v: [19.89, 28.32, 21.38, 28.89, 28.42, 25.88, 30.68, 33.44, 29.24, 28.56, 9.02, 10.59, 28.91, 32.98]
a: [118.28, 47.84, 159.48, 50.52, 91.34, 149.98, 139.69, 50.68, 98.98, 40.14, 48.65, 137.96, 110.33, 86.05]
d: [3.5, 4.01, 3.5, 5.32, 3.5, 3.57, 4.65, 4.7, 6.07, 4.26, 4.3, 4.68, 4.0, 2.0]
BEST_hyper_parameter
v: [19.89, 28.32, 21.38, 34.2, 21.07, 31.21, 29.8, 33.44, 29.24, 30.84, 12.28, 10.59, 26.55, 18.48]
a: [118.28, 47.84, 159.48, 55.44, 138.61, 134.05, 142.6, 50.68, 98.98, 70.3, 98.31, 137.96, 50.0, 75.78]
d: [3.5, 4.01, 3.5, 6.04, 3.5, 3.57, 4.78, 4.7, 6.07, 4.89, 4.3, 4.68, 4.0, 2.0]
mutation at idx = 0

iteration: 102
best: [5.87, 7.62, 9.59, 12.32, 14.62, 19.15, 27.29, 31.53, 33.12, 34.7, 36.82, 39.4, 42.16, 43.66]
time: [6.22, 8.29, 11.54, 14.78, 17.2, 21.7, 36.75, 40.23, 41.56, 43.18, 1000, 1000, 1000, 1000]
current_hyper_parameter
v: [11.73, 28.32, 28.43, 17.47, 31.83, 17.99, 15.91, 33.44, 29.24, 12.75, 15.15, 10.59, 15.53, 19.05]
a: [123.88, 47.84, 69.5, 55.44, 138.61, 61.53, 105.2, 50.68, 98.98, 70.3, 98.31, 137.96, 50.0, 108.48]
d: [4.01, 4.01, 3.5, 4.34, 3.5, 3.57, 4.78, 4.7, 6.07, 4.89, 4.97, 4.68, 4.0, 2.0]
BEST_hyper_parameter
v: [19.89, 28.32, 21.38, 34.2, 21.07, 31.21, 29.8, 33.44, 29.24, 30.84, 12.28, 10.59, 26.55, 18.48]
a: [118.28, 47.84, 159.48, 55.44, 138.61, 134.05, 142.6, 50.68, 98.98, 70.3, 98.31, 137.96, 50.0, 75.78]
d: [3.5, 4.01, 3.5, 6.04, 3.5, 3.57, 4.78, 4.7, 6.07, 4.89, 4.3, 4.68, 4.0, 2.0]

iteration: 103
best: [5.87, 7.62, 9.59, 12.32, 14.62, 19.15, 27.29, 31.53, 33.12, 34.7, 36.82, 39.4, 42.16, 43.66]
time: [5.86, 7.34, 9.72, 12.12, 18.84, 22.26, 31.47, 36.19, 41.95, 44.87, 1000, 1000, 1000, 1000]
current_hyper_parameter
v: [19.89, 18.27, 27.25, 34.21, 11.26, 15.68, 30.22, 33.44, 12.16, 25.7, 17.19, 11.96, 10.37, 18.48]
a: [118.28, 151.37, 159.48, 55.44, 83.02, 72.61, 142.6, 50.68, 36.22, 70.3, 96.49, 77.05, 38.83, 75.78]
d: [3.5, 4.01, 5.8, 3.56, 3.5, 3.57, 4.78, 4.7, 6.07, 4.89, 3.95, 3.94, 4.0, 2.0]
BEST_hyper_parameter
v: [19.89, 28.32, 21.38, 34.2, 21.07, 31.21, 29.8, 33.44, 29.24, 30.84, 12.28, 10.59, 26.55, 18.48]
a: [118.28, 47.84, 159.48, 55.44, 138.61, 134.05, 142.6, 50.68, 98.98, 70.3, 98.31, 137.96, 50.0, 75.78]
d: [3.5, 4.01, 3.5, 6.04, 3.5, 3.57, 4.78, 4.7, 6.07, 4.89, 4.3, 4.68, 4.0, 2.0]

iteration: 104
best: [5.87, 7.62, 9.59, 12.32, 14.62, 19.15, 27.29, 31.53, 33.12, 34.7, 36.82, 39.4, 42.16, 43.66]
time: [5.79, 7.53, 10.28, 13.35, 15.89, 20.3, 39.47, 43.24, 44.64, 1000, 1000, 1000, 1000, 1000]
current_hyper_parameter
v: [19.89, 28.32, 21.38, 34.2, 21.07, 21.15, 12.68, 12.55, 23.97, 12.73, 26.1, 10.59, 27.66, 27.41]
a: [118.28, 47.84, 159.48, 55.44, 138.61, 52.95, 20.07, 149.23, 98.98, 70.3, 89.13, 137.96, 50.0, 75.78]
d: [3.5, 4.01, 3.5, 6.04, 3.5, 3.57, 4.78, 4.7, 4.8, 4.29, 4.3, 4.68, 5.96, 2.0]
BEST_hyper_parameter
v: [19.89, 28.32, 21.38, 34.2, 21.07, 31.21, 29.8, 33.44, 29.24, 30.84, 12.28, 10.59, 26.55, 18.48]
a: [118.28, 47.84, 159.48, 55.44, 138.61, 134.05, 142.6, 50.68, 98.98, 70.3, 98.31, 137.96, 50.0, 75.78]
d: [3.5, 4.01, 3.5, 6.04, 3.5, 3.57, 4.78, 4.7, 6.07, 4.89, 4.3, 4.68, 4.0, 2.0]

iteration: 105
best: [5.87, 7.62, 9.59, 12.32, 14.62, 19.15, 27.29, 31.53, 33.12, 34.7, 36.82, 39.4, 42.16, 43.66]
time: [5.85, 7.59, 10.42, 16.42, 22.71, 25.35, 33.34, 1000, 1000, 1000, 1000, 1000, 1000, 1000]
current_hyper_parameter
v: [19.89, 28.32, 26.75, 34.2, 13.32, 34.07, 34.93, 31.45, 34.23, 30.84, 34.15, 12.6, 24.76, 31.27]
a: [118.28, 47.84, 97.13, 55.44, 84.84, 140.65, 154.19, 30.46, 98.98, 70.3, 45.75, 137.96, 50.0, 52.86]
d: [3.5, 4.01, 3.79, 6.04, 3.5, 3.57, 4.16, 5.32, 5.96, 4.89, 4.3, 3.9, 4.83, 2.0]
BEST_hyper_parameter
v: [19.89, 28.32, 21.38, 34.2, 21.07, 31.21, 29.8, 33.44, 29.24, 30.84, 12.28, 10.59, 26.55, 18.48]
a: [118.28, 47.84, 159.48, 55.44, 138.61, 134.05, 142.6, 50.68, 98.98, 70.3, 98.31, 137.96, 50.0, 75.78]
d: [3.5, 4.01, 3.5, 6.04, 3.5, 3.57, 4.78, 4.7, 6.07, 4.89, 4.3, 4.68, 4.0, 2.0]

iteration: 106
best: [5.87, 7.62, 9.59, 12.32, 14.62, 19.15, 27.29, 31.53, 33.12, 34.7, 36.82, 39.4, 42.16, 43.66]
time: [5.86, 7.58, 11.7, 14.82, 17.37, 20.89, 29.91, 34.22, 36.05, 37.88, 1000, 1000, 1000, 1000]
current_hyper_parameter
v: [19.89, 28.32, 29.79, 25.61, 20.06, 31.21, 27.72, 33.44, 15.06, 30.84, 34.28, 15.28, 26.55, 32.68]
a: [118.28, 47.84, 28.79, 61.77, 138.61, 134.05, 142.6, 50.68, 92.05, 70.3, 98.31, 150.55, 50.0, 92.29]
d: [3.5, 4.01, 4.12, 6.04, 3.84, 3.57, 4.78, 4.7, 5.98, 4.89, 3.89, 4.68, 4.0, 2.0]
BEST_hyper_parameter
v: [19.89, 28.32, 21.38, 34.2, 21.07, 31.21, 29.8, 33.44, 29.24, 30.84, 12.28, 10.59, 26.55, 18.48]
a: [118.28, 47.84, 159.48, 55.44, 138.61, 134.05, 142.6, 50.68, 98.98, 70.3, 98.31, 137.96, 50.0, 75.78]
d: [3.5, 4.01, 3.5, 6.04, 3.5, 3.57, 4.78, 4.7, 6.07, 4.89, 4.3, 4.68, 4.0, 2.0]

iteration: 107
best: [5.87, 7.62, 9.59, 12.32, 14.62, 19.15, 27.29, 31.53, 33.12, 34.7, 36.82, 39.4, 42.16, 43.66]
time: [5.82, 7.55, 10.17, 12.74, 15.32, 19.9, 30.87, 34.31, 35.76, 37.4, 41.94, 44.68, 1000, 1000]
current_hyper_parameter
v: [19.89, 28.32, 26.77, 34.2, 21.07, 19.2, 28.87, 28.4, 29.24, 30.84, 12.28, 10.59, 26.55, 18.48]
a: [118.28, 47.84, 127.74, 55.44, 138.61, 63.77, 64.97, 50.68, 98.98, 70.3, 98.31, 137.96, 50.0, 75.78]
d: [3.5, 4.01, 5.76, 6.04, 3.5, 5.69, 4.78, 5.02, 6.07, 4.89, 4.3, 4.68, 4.0, 2.0]
BEST_hyper_parameter
v: [19.89, 28.32, 21.38, 34.2, 21.07, 31.21, 29.8, 33.44, 29.24, 30.84, 12.28, 10.59, 26.55, 18.48]
a: [118.28, 47.84, 159.48, 55.44, 138.61, 134.05, 142.6, 50.68, 98.98, 70.3, 98.31, 137.96, 50.0, 75.78]
d: [3.5, 4.01, 3.5, 6.04, 3.5, 3.57, 4.78, 4.7, 6.07, 4.89, 4.3, 4.68, 4.0, 2.0]

iteration: 108
best: [5.87, 7.62, 9.59, 12.32, 14.62, 19.15, 27.29, 31.53, 33.12, 34.7, 36.82, 39.4, 42.16, 43.66]
time: [5.85, 7.58, 10.24, 12.87, 15.27, 18.94, 42.0, 1000, 1000, 1000, 1000, 1000, 1000, 1000]
current_hyper_parameter
v: [19.89, 28.32, 26.64, 34.2, 21.07, 31.21, 8.64, 33.44, 26.74, 34.01, 12.28, 24.85, 14.54, 18.48]
a: [118.28, 47.84, 117.19, 55.44, 138.61, 134.05, 80.62, 50.68, 55.06, 156.67, 98.31, 137.96, 136.98, 75.78]
d: [3.5, 4.01, 4.44, 6.04, 3.5, 3.57, 5.98, 4.7, 6.07, 4.89, 4.3, 4.68, 4.49, 2.0]
BEST_hyper_parameter
v: [19.89, 28.32, 21.38, 34.2, 21.07, 31.21, 29.8, 33.44, 29.24, 30.84, 12.28, 10.59, 26.55, 18.48]
a: [118.28, 47.84, 159.48, 55.44, 138.61, 134.05, 142.6, 50.68, 98.98, 70.3, 98.31, 137.96, 50.0, 75.78]
d: [3.5, 4.01, 3.5, 6.04, 3.5, 3.57, 4.78, 4.7, 6.07, 4.89, 4.3, 4.68, 4.0, 2.0]

iteration: 109
best: [5.87, 7.62, 9.59, 12.32, 14.62, 19.15, 27.29, 31.53, 33.12, 34.7, 36.82, 39.4, 42.16, 43.66]
time: [5.88, 7.61, 11.62, 15.88, 1000, 1000, 1000, 1000, 1000, 1000, 1000, 1000, 1000, 1000]
current_hyper_parameter
v: [19.89, 28.32, 28.06, 8.96, 30.1, 31.21, 9.55, 17.01, 29.24, 30.84, 12.28, 24.19, 19.64, 9.75]
a: [118.28, 47.84, 35.08, 55.44, 110.07, 134.05, 97.87, 50.68, 98.98, 70.3, 98.31, 77.67, 70.38, 135.91]
d: [3.5, 4.01, 3.5, 4.26, 5.71, 3.57, 6.47, 4.76, 6.07, 4.89, 4.3, 4.68, 5.84, 2.0]
BEST_hyper_parameter
v: [19.89, 28.32, 21.38, 34.2, 21.07, 31.21, 29.8, 33.44, 29.24, 30.84, 12.28, 10.59, 26.55, 18.48]
a: [118.28, 47.84, 159.48, 55.44, 138.61, 134.05, 142.6, 50.68, 98.98, 70.3, 98.31, 137.96, 50.0, 75.78]
d: [3.5, 4.01, 3.5, 6.04, 3.5, 3.57, 4.78, 4.7, 6.07, 4.89, 4.3, 4.68, 4.0, 2.0]

iteration: 110
best: [5.87, 7.62, 9.59, 12.32, 14.62, 19.15, 27.29, 31.53, 33.12, 34.7, 36.82, 39.4, 42.16, 43.66]
time: [5.88, 7.58, 10.84, 13.72, 16.3, 19.87, 28.45, 35.2, 37.8, 39.81, 44.89, 1000, 1000, 1000]
current_hyper_parameter
v: [19.89, 28.32, 30.88, 34.2, 21.07, 31.21, 29.8, 15.97, 22.91, 34.27, 12.28, 21.74, 27.65, 20.8]
a: [118.28, 47.84, 62.7, 55.44, 138.61, 134.05, 142.6, 88.66, 39.54, 70.3, 98.31, 54.88, 50.0, 138.95]
d: [3.5, 4.01, 5.32, 6.04, 3.5, 3.57, 4.78, 3.56, 6.07, 4.89, 4.3, 4.68, 4.0, 2.0]
BEST_hyper_parameter
v: [19.89, 28.32, 21.38, 34.2, 21.07, 31.21, 29.8, 33.44, 29.24, 30.84, 12.28, 10.59, 26.55, 18.48]
a: [118.28, 47.84, 159.48, 55.44, 138.61, 134.05, 142.6, 50.68, 98.98, 70.3, 98.31, 137.96, 50.0, 75.78]
d: [3.5, 4.01, 3.5, 6.04, 3.5, 3.57, 4.78, 4.7, 6.07, 4.89, 4.3, 4.68, 4.0, 2.0]

iteration: 111
best: [5.87, 7.62, 9.59, 12.32, 14.62, 19.15, 27.29, 31.53, 33.12, 34.7, 36.82, 39.4, 42.16, 43.66]
time: [5.88, 7.6, 10.23, 15.82, 22.32, 25.03, 33.46, 49.08, 1000, 1000, 1000, 1000, 1000, 1000]
current_hyper_parameter
v: [19.89, 28.32, 23.36, 31.62, 18.5, 33.98, 29.8, 15.92, 27.8, 30.84, 12.28, 11.31, 25.55, 27.64]
a: [118.28, 47.84, 152.43, 66.64, 138.61, 134.05, 142.6, 50.68, 136.9, 70.3, 98.31, 137.96, 50.0, 109.86]
d: [3.5, 4.01, 5.43, 6.04, 4.72, 3.55, 4.78, 4.7, 6.07, 4.89, 4.3, 5.36, 4.56, 2.0]
BEST_hyper_parameter
v: [19.89, 28.32, 21.38, 34.2, 21.07, 31.21, 29.8, 33.44, 29.24, 30.84, 12.28, 10.59, 26.55, 18.48]
a: [118.28, 47.84, 159.48, 55.44, 138.61, 134.05, 142.6, 50.68, 98.98, 70.3, 98.31, 137.96, 50.0, 75.78]
d: [3.5, 4.01, 3.5, 6.04, 3.5, 3.57, 4.78, 4.7, 6.07, 4.89, 4.3, 4.68, 4.0, 2.0]

iteration: 112
best: [5.87, 7.62, 9.59, 12.32, 14.62, 19.15, 27.29, 31.53, 33.12, 34.7, 36.82, 39.4, 42.16, 43.66]
time: [5.85, 7.58, 11.61, 15.15, 20.46, 27.16, 1000, 1000, 1000, 1000, 1000, 1000, 1000, 1000]
current_hyper_parameter
v: [19.89, 28.32, 11.59, 16.43, 30.31, 31.89, 20.55, 33.44, 20.39, 31.8, 12.28, 10.59, 30.18, 13.5]
a: [118.28, 47.84, 37.45, 34.99, 138.61, 134.05, 142.6, 50.68, 98.98, 74.94, 98.31, 137.96, 146.23, 75.78]
d: [3.5, 4.01, 4.95, 6.04, 3.5, 5.94, 4.15, 4.7, 6.07, 4.89, 4.3, 4.68, 4.0, 2.0]
BEST_hyper_parameter
v: [19.89, 28.32, 21.38, 34.2, 21.07, 31.21, 29.8, 33.44, 29.24, 30.84, 12.28, 10.59, 26.55, 18.48]
a: [118.28, 47.84, 159.48, 55.44, 138.61, 134.05, 142.6, 50.68, 98.98, 70.3, 98.31, 137.96, 50.0, 75.78]
d: [3.5, 4.01, 3.5, 6.04, 3.5, 3.57, 4.78, 4.7, 6.07, 4.89, 4.3, 4.68, 4.0, 2.0]

iteration: 113
best: [5.87, 7.62, 9.59, 12.32, 14.62, 19.15, 27.29, 31.53, 33.12, 34.7, 36.82, 39.4, 42.16, 43.66]
time: [5.86, 7.6, 10.3, 12.86, 15.2, 22.86, 1000, 1000, 1000, 1000, 1000, 1000, 1000, 1000]
current_hyper_parameter
v: [19.89, 28.32, 21.38, 34.2, 31.65, 12.57, 22.06, 13.53, 29.24, 27.83, 27.8, 10.84, 26.55, 30.04]
a: [118.28, 47.84, 159.48, 55.44, 138.61, 156.91, 32.95, 135.99, 98.98, 62.33, 21.08, 115.18, 50.0, 75.78]
d: [3.5, 4.01, 3.5, 6.04, 3.5, 3.57, 4.78, 4.7, 6.07, 4.89, 6.27, 6.35, 4.0, 2.0]
BEST_hyper_parameter
v: [19.89, 28.32, 21.38, 34.2, 21.07, 31.21, 29.8, 33.44, 29.24, 30.84, 12.28, 10.59, 26.55, 18.48]
a: [118.28, 47.84, 159.48, 55.44, 138.61, 134.05, 142.6, 50.68, 98.98, 70.3, 98.31, 137.96, 50.0, 75.78]
d: [3.5, 4.01, 3.5, 6.04, 3.5, 3.57, 4.78, 4.7, 6.07, 4.89, 4.3, 4.68, 4.0, 2.0]
mutation at idx = 0

iteration: 114
best: [5.87, 7.62, 9.59, 12.32, 14.62, 19.15, 27.29, 31.53, 33.12, 34.7, 36.82, 39.4, 42.16, 43.66]
time: [5.92, 7.74, 11.47, 14.47, 20.77, 24.51, 34.17, 1000, 1000, 1000, 1000, 1000, 1000, 1000]
current_hyper_parameter
v: [24.23, 28.32, 13.85, 34.2, 31.96, 12.55, 29.8, 32.2, 24.68, 8.85, 12.28, 10.59, 19.09, 25.01]
a: [88.03, 47.84, 55.96, 55.44, 53.1, 82.79, 142.6, 110.41, 119.25, 70.3, 98.31, 137.96, 142.84, 75.78]
d: [3.5, 4.01, 4.24, 6.04, 5.68, 3.57, 4.78, 6.49, 6.07, 5.82, 4.3, 4.68, 5.56, 2.0]
BEST_hyper_parameter
v: [19.89, 28.32, 21.38, 34.2, 21.07, 31.21, 29.8, 33.44, 29.24, 30.84, 12.28, 10.59, 26.55, 18.48]
a: [118.28, 47.84, 159.48, 55.44, 138.61, 134.05, 142.6, 50.68, 98.98, 70.3, 98.31, 137.96, 50.0, 75.78]
d: [3.5, 4.01, 3.5, 6.04, 3.5, 3.57, 4.78, 4.7, 6.07, 4.89, 4.3, 4.68, 4.0, 2.0]

iteration: 115
best: [5.87, 7.62, 9.59, 12.32, 14.62, 19.15, 27.29, 31.53, 33.12, 34.7, 36.82, 39.4, 42.16, 43.66]
time: [5.85, 7.57, 10.25, 1000, 1000, 1000, 1000, 1000, 1000, 1000, 1000, 1000, 1000, 1000]
current_hyper_parameter
v: [19.89, 28.32, 21.38, 14.48, 14.31, 26.07, 11.51, 11.92, 12.38, 21.15, 13.72, 10.59, 24.77, 20.82]
a: [118.28, 47.84, 159.48, 75.36, 98.56, 45.42, 47.08, 75.55, 30.85, 70.3, 98.31, 137.96, 50.0, 75.78]
d: [3.5, 4.01, 3.5, 6.04, 3.55, 3.57, 4.78, 4.7, 3.57, 4.89, 4.5, 4.68, 4.0, 2.0]
BEST_hyper_parameter
v: [19.89, 28.32, 21.38, 34.2, 21.07, 31.21, 29.8, 33.44, 29.24, 30.84, 12.28, 10.59, 26.55, 18.48]
a: [118.28, 47.84, 159.48, 55.44, 138.61, 134.05, 142.6, 50.68, 98.98, 70.3, 98.31, 137.96, 50.0, 75.78]
d: [3.5, 4.01, 3.5, 6.04, 3.5, 3.57, 4.78, 4.7, 6.07, 4.89, 4.3, 4.68, 4.0, 2.0]

iteration: 116
best: [5.87, 7.62, 9.59, 12.32, 14.62, 19.15, 27.29, 31.53, 33.12, 34.7, 36.82, 39.4, 42.16, 43.66]
time: [5.86, 7.58, 11.04, 14.6, 17.06, 20.57, 33.26, 37.6, 42.59, 1000, 1000, 1000, 1000, 1000]
current_hyper_parameter
v: [19.89, 28.32, 13.56, 9.63, 21.07, 26.42, 16.16, 10.16, 15.77, 31.78, 12.28, 27.87, 12.05, 19.02]
a: [118.28, 47.84, 102.86, 75.29, 138.61, 155.38, 47.59, 50.68, 98.98, 70.3, 98.31, 150.47, 50.0, 108.36]
d: [3.5, 4.01, 4.85, 6.04, 3.5, 3.57, 5.5, 4.7, 5.37, 4.81, 4.3, 4.03, 4.0, 2.0]
BEST_hyper_parameter
v: [19.89, 28.32, 21.38, 34.2, 21.07, 31.21, 29.8, 33.44, 29.24, 30.84, 12.28, 10.59, 26.55, 18.48]
a: [118.28, 47.84, 159.48, 55.44, 138.61, 134.05, 142.6, 50.68, 98.98, 70.3, 98.31, 137.96, 50.0, 75.78]
d: [3.5, 4.01, 3.5, 6.04, 3.5, 3.57, 4.78, 4.7, 6.07, 4.89, 4.3, 4.68, 4.0, 2.0]

iteration: 117
best: [5.87, 7.62, 9.59, 12.32, 14.62, 19.15, 27.29, 31.53, 33.12, 34.7, 36.82, 39.4, 42.16, 43.66]
time: [5.87, 7.65, 10.0, 15.82, 1000, 1000, 1000, 1000, 1000, 1000, 1000, 1000, 1000, 1000]
current_hyper_parameter
v: [19.89, 28.32, 32.63, 21.46, 24.28, 23.42, 20.92, 22.04, 29.15, 28.43, 12.28, 12.52, 20.41, 22.39]
a: [118.28, 47.84, 159.48, 32.59, 35.98, 115.74, 142.6, 50.68, 117.76, 70.3, 98.31, 59.4, 50.0, 142.1]
d: [3.5, 4.01, 3.5, 6.04, 5.59, 5.52, 4.36, 4.7, 6.1, 4.89, 4.3, 4.68, 5.1, 2.0]
BEST_hyper_parameter
v: [19.89, 28.32, 21.38, 34.2, 21.07, 31.21, 29.8, 33.44, 29.24, 30.84, 12.28, 10.59, 26.55, 18.48]
a: [118.28, 47.84, 159.48, 55.44, 138.61, 134.05, 142.6, 50.68, 98.98, 70.3, 98.31, 137.96, 50.0, 75.78]
d: [3.5, 4.01, 3.5, 6.04, 3.5, 3.57, 4.78, 4.7, 6.07, 4.89, 4.3, 4.68, 4.0, 2.0]
mutation at idx = 2
