
iteration: 1
best: [1000.0, 1000.0, 1000.0, 1000.0, 1000.0, 1000.0, 1000.0, 1000.0, 1000.0, 1000.0, 1000.0, 1000.0, 1000.0, 1000.0]
time: [6.57, 9.0, 13.41, 17.39, 21.45, 25.73, 46.14, 51.01, 53.29, 56.23, 58.18, 61.17, 64.2, 66.14]
current_hyper_parameter
v: [12.0, 12.0, 12.0, 12.0, 12.0, 12.0, 12.0, 12.0, 12.0, 12.0, 12.0, 12.0, 12.0, 12.0]
a: [50.0, 50.0, 50.0, 50.0, 50.0, 50.0, 50.0, 50.0, 50.0, 50.0, 50.0, 50.0, 50.0, 50.0]
d: [3.5, 3.5, 3.5, 3.5, 3.5, 3.5, 3.5, 3.5, 3.5, 3.5, 3.5, 3.5, 3.5, 2.0]
BEST_hyper_parameter
v: [-1.0, -1.0, -1.0, -1.0, -1.0, -1.0, -1.0, -1.0, -1.0, -1.0, -1.0, -1.0, -1.0, -1.0]
a: [-1.0, -1.0, -1.0, -1.0, -1.0, -1.0, -1.0, -1.0, -1.0, -1.0, -1.0, -1.0, -1.0, -1.0]
d: [-1.0, -1.0, -1.0, -1.0, -1.0, -1.0, -1.0, -1.0, -1.0, -1.0, -1.0, -1.0, -1.0, -1.0]
WIN: random_idx = 2

iteration: 2
best: [6.57, 9.0, 13.41, 17.39, 21.45, 25.73, 46.14, 51.01, 53.29, 56.23, 58.18, 61.17, 64.2, 66.14]
time: [6.69, 9.16, 13.09, 16.69, 20.65, 25.1, 45.77, 49.81, 51.98, 54.62, 56.4, 59.45, 65.13, 66.88]
current_hyper_parameter
v: [12.0, 12.0, 27.07, 12.0, 12.0, 12.0, 12.0, 12.0, 12.0, 12.0, 12.0, 12.0, 12.0, 12.0]
a: [50.0, 50.0, 50.0, 50.0, 50.0, 50.0, 50.0, 50.0, 50.0, 50.0, 50.0, 50.0, 50.0, 50.0]
d: [3.5, 3.5, 3.71, 3.5, 3.5, 3.5, 3.5, 3.5, 3.5, 3.5, 3.5, 3.5, 3.5, 2.0]
BEST_hyper_parameter
v: [12.0, 12.0, 12.0, 12.0, 12.0, 12.0, 12.0, 12.0, 12.0, 12.0, 12.0, 12.0, 12.0, 12.0]
a: [50.0, 50.0, 50.0, 50.0, 50.0, 50.0, 50.0, 50.0, 50.0, 50.0, 50.0, 50.0, 50.0, 50.0]
d: [3.5, 3.5, 3.5, 3.5, 3.5, 3.5, 3.5, 3.5, 3.5, 3.5, 3.5, 3.5, 3.5, 2.0]

iteration: 3
best: [6.57, 9.0, 13.41, 16.69, 20.65, 25.1, 46.14, 49.81, 51.98, 54.62, 56.4, 59.45, 64.2, 66.14]
time: [6.58, 9.06, 13.51, 17.44, 24.53, 28.51, 48.83, 52.87, 55.0, 57.67, 59.58, 62.65, 65.89, 68.18]
current_hyper_parameter
v: [12.0, 12.0, 12.0, 12.0, 12.0, 12.0, 12.0, 12.0, 12.0, 12.0, 12.0, 12.0, 12.0, 11.65]
a: [50.0, 50.0, 50.0, 50.0, 50.0, 50.0, 50.0, 50.0, 50.0, 50.0, 50.0, 50.0, 50.0, 26.93]
d: [3.5, 3.5, 3.5, 3.5, 3.5, 3.5, 3.5, 3.5, 3.5, 3.5, 3.5, 3.5, 3.5, 2.0]
BEST_hyper_parameter
v: [12.0, 12.0, 12.0, 12.0, 12.0, 12.0, 12.0, 12.0, 12.0, 12.0, 12.0, 12.0, 12.0, 12.0]
a: [50.0, 50.0, 50.0, 50.0, 50.0, 50.0, 50.0, 50.0, 50.0, 50.0, 50.0, 50.0, 50.0, 50.0]
d: [3.5, 3.5, 3.5, 3.5, 3.5, 3.5, 3.5, 3.5, 3.5, 3.5, 3.5, 3.5, 3.5, 2.0]

iteration: 4
best: [6.57, 9.0, 13.41, 16.69, 20.65, 25.1, 46.14, 49.81, 51.98, 54.62, 56.4, 59.45, 64.2, 66.14]
time: [6.59, 9.07, 13.52, 19.3, 24.55, 26.89, 41.27, 44.86, 54.38, 58.28, 60.18, 62.51, 63.91, 1000]
current_hyper_parameter
v: [12.0, 12.0, 12.0, 34.72, 9.82, 34.03, 11.03, 15.35, 23.72, 12.0, 11.68, 21.13, 33.89, 12.0]
a: [50.0, 50.0, 50.0, 92.01, 50.2, 127.3, 143.48, 50.0, 116.99, 50.0, 50.0, 50.0, 145.21, 50.0]
d: [3.5, 3.5, 3.5, 3.5, 3.5, 6.05, 3.5, 3.5, 6.33, 3.5, 3.5, 6.17, 3.5, 2.0]
BEST_hyper_parameter
v: [12.0, 12.0, 12.0, 12.0, 12.0, 12.0, 12.0, 12.0, 12.0, 12.0, 12.0, 12.0, 12.0, 12.0]
a: [50.0, 50.0, 50.0, 50.0, 50.0, 50.0, 50.0, 50.0, 50.0, 50.0, 50.0, 50.0, 50.0, 50.0]
d: [3.5, 3.5, 3.5, 3.5, 3.5, 3.5, 3.5, 3.5, 3.5, 3.5, 3.5, 3.5, 3.5, 2.0]

iteration: 5
best: [6.57, 9.0, 13.41, 16.69, 20.65, 25.1, 46.14, 49.81, 51.98, 54.62, 56.4, 59.45, 64.2, 66.14]
time: [6.69, 9.15, 13.58, 1000, 1000, 1000, 1000, 1000, 1000, 1000, 1000, 1000, 1000, 1000]
current_hyper_parameter
v: [12.0, 12.0, 12.0, 33.21, 25.81, 16.4, 13.23, 12.0, 24.94, 22.34, 28.15, 14.0, 16.75, 13.43]
a: [50.0, 50.0, 50.0, 94.14, 79.61, 50.0, 123.98, 50.0, 89.05, 145.87, 124.05, 50.0, 50.0, 50.0]
d: [3.5, 3.5, 3.5, 5.9, 3.5, 3.5, 3.5, 3.5, 6.46, 3.5, 3.5, 3.5, 6.28, 2.0]
BEST_hyper_parameter
v: [12.0, 12.0, 12.0, 12.0, 12.0, 12.0, 12.0, 12.0, 12.0, 12.0, 12.0, 12.0, 12.0, 12.0]
a: [50.0, 50.0, 50.0, 50.0, 50.0, 50.0, 50.0, 50.0, 50.0, 50.0, 50.0, 50.0, 50.0, 50.0]
d: [3.5, 3.5, 3.5, 3.5, 3.5, 3.5, 3.5, 3.5, 3.5, 3.5, 3.5, 3.5, 3.5, 2.0]

iteration: 6
best: [6.57, 9.0, 13.41, 16.69, 20.65, 25.1, 46.14, 49.81, 51.98, 54.62, 56.4, 59.45, 64.2, 66.14]
time: [6.52, 9.01, 13.46, 16.38, 22.77, 32.5, 53.42, 56.51, 64.53, 66.42, 1000, 1000, 1000, 1000]
current_hyper_parameter
v: [12.0, 12.0, 12.0, 17.96, 28.97, 12.0, 12.0, 27.41, 8.59, 30.28, 25.88, 24.42, 11.66, 31.24]
a: [50.0, 50.0, 50.0, 105.53, 50.0, 50.0, 50.0, 88.4, 141.14, 96.89, 50.0, 59.32, 58.86, 58.44]
d: [3.5, 3.5, 3.5, 3.5, 4.87, 3.5, 3.5, 4.32, 3.5, 3.5, 5.68, 4.69, 5.24, 2.0]
BEST_hyper_parameter
v: [12.0, 12.0, 12.0, 12.0, 12.0, 12.0, 12.0, 12.0, 12.0, 12.0, 12.0, 12.0, 12.0, 12.0]
a: [50.0, 50.0, 50.0, 50.0, 50.0, 50.0, 50.0, 50.0, 50.0, 50.0, 50.0, 50.0, 50.0, 50.0]
d: [3.5, 3.5, 3.5, 3.5, 3.5, 3.5, 3.5, 3.5, 3.5, 3.5, 3.5, 3.5, 3.5, 2.0]
mutation at idx = 0

iteration: 7
best: [6.57, 9.0, 13.41, 16.69, 20.65, 25.1, 46.14, 49.81, 51.98, 54.62, 56.4, 59.45, 64.2, 66.14]
time: [7.11, 9.72, 14.13, 17.88, 23.53, 28.18, 44.01, 55.65, 58.15, 59.92, 1000, 1000, 1000, 1000]
current_hyper_parameter
v: [12.63, 12.0, 12.0, 12.0, 27.81, 12.0, 16.33, 12.0, 24.46, 29.45, 12.0, 23.3, 19.81, 19.05]
a: [35.34, 50.0, 50.0, 50.0, 100.86, 50.0, 127.96, 50.0, 90.29, 50.0, 50.0, 89.78, 100.81, 146.94]
d: [3.5, 3.5, 3.5, 3.5, 4.73, 3.5, 3.5, 3.5, 3.5, 4.97, 3.5, 4.71, 3.5, 2.0]
BEST_hyper_parameter
v: [12.0, 12.0, 12.0, 12.0, 12.0, 12.0, 12.0, 12.0, 12.0, 12.0, 12.0, 12.0, 12.0, 12.0]
a: [50.0, 50.0, 50.0, 50.0, 50.0, 50.0, 50.0, 50.0, 50.0, 50.0, 50.0, 50.0, 50.0, 50.0]
d: [3.5, 3.5, 3.5, 3.5, 3.5, 3.5, 3.5, 3.5, 3.5, 3.5, 3.5, 3.5, 3.5, 2.0]

iteration: 8
best: [6.57, 9.0, 13.41, 16.69, 20.65, 25.1, 46.14, 49.81, 51.98, 54.62, 56.4, 59.45, 64.2, 66.14]
time: [6.75, 8.85, 11.89, 15.35, 21.29, 26.11, 38.46, 41.96, 43.51, 45.26, 1000, 1000, 1000, 1000]
current_hyper_parameter
v: [20.21, 24.82, 19.59, 12.0, 17.94, 14.62, 32.19, 28.48, 28.75, 30.92, 23.98, 8.94, 20.78, 12.0]
a: [39.94, 63.12, 122.25, 50.0, 124.94, 50.0, 50.0, 50.0, 94.42, 46.88, 50.0, 50.0, 31.02, 50.0]
d: [4.04, 3.5, 3.5, 3.5, 4.07, 3.5, 3.5, 3.5, 3.5, 3.5, 5.37, 5.59, 5.59, 2.0]
BEST_hyper_parameter
v: [12.0, 12.0, 12.0, 12.0, 12.0, 12.0, 12.0, 12.0, 12.0, 12.0, 12.0, 12.0, 12.0, 12.0]
a: [50.0, 50.0, 50.0, 50.0, 50.0, 50.0, 50.0, 50.0, 50.0, 50.0, 50.0, 50.0, 50.0, 50.0]
d: [3.5, 3.5, 3.5, 3.5, 3.5, 3.5, 3.5, 3.5, 3.5, 3.5, 3.5, 3.5, 3.5, 2.0]

iteration: 9
best: [6.57, 9.0, 11.89, 15.35, 20.65, 25.1, 46.14, 49.81, 51.98, 54.62, 56.4, 59.45, 64.2, 66.14]
time: [6.7, 9.16, 12.25, 15.4, 22.12, 27.05, 43.94, 47.72, 49.95, 52.55, 1000, 1000, 1000, 1000]
current_hyper_parameter
v: [12.0, 12.0, 19.59, 12.0, 27.54, 10.41, 15.57, 24.55, 12.0, 12.0, 22.94, 29.42, 25.79, 27.56]
a: [50.0, 50.0, 122.25, 50.0, 50.0, 71.16, 80.06, 50.0, 50.0, 50.0, 123.8, 62.46, 29.7, 99.16]
d: [3.5, 3.5, 3.5, 3.5, 4.21, 6.23, 3.5, 3.5, 3.5, 3.5, 5.89, 6.33, 3.5, 2.0]
BEST_hyper_parameter
v: [12.0, 12.0, 19.59, 12.0, 12.0, 12.0, 12.0, 12.0, 12.0, 12.0, 12.0, 12.0, 12.0, 12.0]
a: [50.0, 50.0, 122.25, 50.0, 50.0, 50.0, 50.0, 50.0, 50.0, 50.0, 50.0, 50.0, 50.0, 50.0]
d: [3.5, 3.5, 3.5, 3.5, 3.5, 3.5, 3.5, 3.5, 3.5, 3.5, 3.5, 3.5, 3.5, 2.0]

iteration: 10
best: [6.57, 9.0, 11.89, 15.35, 20.65, 25.1, 46.14, 49.81, 51.98, 54.62, 56.4, 59.45, 64.2, 66.14]
time: [6.7, 9.18, 12.27, 15.4, 21.17, 27.25, 41.13, 44.36, 46.45, 49.41, 1000, 1000, 1000, 1000]
current_hyper_parameter
v: [12.0, 12.0, 19.59, 12.0, 19.97, 12.0, 22.63, 16.28, 8.92, 18.49, 33.94, 12.24, 11.29, 10.22]
a: [50.0, 50.0, 122.25, 50.0, 123.0, 50.0, 50.0, 99.27, 78.9, 50.0, 50.0, 50.0, 94.76, 50.0]
d: [3.5, 3.5, 3.5, 3.5, 3.5, 3.5, 3.99, 3.84, 3.5, 3.5, 6.29, 6.21, 3.5, 2.0]
BEST_hyper_parameter
v: [12.0, 12.0, 19.59, 12.0, 12.0, 12.0, 12.0, 12.0, 12.0, 12.0, 12.0, 12.0, 12.0, 12.0]
a: [50.0, 50.0, 122.25, 50.0, 50.0, 50.0, 50.0, 50.0, 50.0, 50.0, 50.0, 50.0, 50.0, 50.0]
d: [3.5, 3.5, 3.5, 3.5, 3.5, 3.5, 3.5, 3.5, 3.5, 3.5, 3.5, 3.5, 3.5, 2.0]
mutation at idx = 1

iteration: 11
best: [6.57, 9.0, 11.89, 15.35, 20.65, 25.1, 46.14, 49.81, 51.98, 54.62, 56.4, 59.45, 64.2, 66.14]
time: [6.61, 8.9, 11.98, 15.44, 18.73, 23.24, 34.66, 46.15, 49.42, 51.69, 53.6, 56.38, 58.99, 60.56]
current_hyper_parameter
v: [12.0, 23.04, 19.59, 12.0, 31.64, 12.0, 25.15, 12.32, 15.26, 13.14, 11.04, 12.0, 16.6, 33.14]
a: [50.0, 50.0, 122.25, 50.0, 55.04, 50.0, 125.1, 23.65, 71.34, 69.9, 118.39, 50.0, 50.0, 50.0]
d: [3.5, 5.86, 3.5, 3.5, 3.5, 3.5, 3.5, 3.5, 3.5, 4.17, 3.5, 3.5, 3.5, 2.0]
BEST_hyper_parameter
v: [12.0, 12.0, 19.59, 12.0, 12.0, 12.0, 12.0, 12.0, 12.0, 12.0, 12.0, 12.0, 12.0, 12.0]
a: [50.0, 50.0, 122.25, 50.0, 50.0, 50.0, 50.0, 50.0, 50.0, 50.0, 50.0, 50.0, 50.0, 50.0]
d: [3.5, 3.5, 3.5, 3.5, 3.5, 3.5, 3.5, 3.5, 3.5, 3.5, 3.5, 3.5, 3.5, 2.0]
WIN: random_idx = 5

iteration: 12
best: [6.57, 9.0, 11.89, 15.35, 18.73, 23.24, 34.66, 46.15, 49.42, 51.69, 53.6, 56.38, 58.99, 60.56]
time: [6.71, 8.98, 11.97, 14.74, 17.93, 23.04, 34.85, 1000, 1000, 1000, 1000, 1000, 1000, 1000]
current_hyper_parameter
v: [12.0, 23.04, 19.59, 12.0, 31.64, 19.24, 25.15, 12.32, 15.26, 13.14, 11.04, 12.0, 16.6, 33.14]
a: [50.0, 50.0, 122.25, 50.0, 55.04, 32.93, 125.1, 23.65, 71.34, 69.9, 118.39, 50.0, 50.0, 50.0]
d: [3.5, 5.86, 3.5, 3.5, 3.5, 3.5, 3.5, 3.5, 3.5, 4.17, 3.5, 3.5, 3.5, 2.0]
BEST_hyper_parameter
v: [12.0, 23.04, 19.59, 12.0, 31.64, 12.0, 25.15, 12.32, 15.26, 13.14, 11.04, 12.0, 16.6, 33.14]
a: [50.0, 50.0, 122.25, 50.0, 55.04, 50.0, 125.1, 23.65, 71.34, 69.9, 118.39, 50.0, 50.0, 50.0]
d: [3.5, 5.86, 3.5, 3.5, 3.5, 3.5, 3.5, 3.5, 3.5, 4.17, 3.5, 3.5, 3.5, 2.0]
mutation at idx = 0
mutation at idx = 5

iteration: 13
best: [6.57, 9.0, 11.89, 14.74, 17.93, 23.24, 34.66, 46.15, 49.42, 51.69, 53.6, 56.38, 58.99, 60.56]
time: [6.38, 8.47, 11.46, 14.85, 18.18, 22.83, 34.16, 37.11, 41.81, 43.52, 1000, 1000, 1000, 1000]
current_hyper_parameter
v: [31.77, 23.04, 19.59, 12.0, 31.64, 10.53, 25.15, 32.06, 8.63, 20.92, 23.19, 15.88, 16.6, 31.09]
a: [50.0, 50.0, 122.25, 50.0, 55.04, 50.0, 125.1, 99.47, 71.34, 121.7, 118.39, 39.82, 50.0, 31.42]
d: [3.5, 5.86, 3.5, 3.5, 3.5, 3.5, 3.5, 6.04, 6.49, 5.12, 3.5, 3.5, 3.5, 2.0]
BEST_hyper_parameter
v: [12.0, 23.04, 19.59, 12.0, 31.64, 12.0, 25.15, 12.32, 15.26, 13.14, 11.04, 12.0, 16.6, 33.14]
a: [50.0, 50.0, 122.25, 50.0, 55.04, 50.0, 125.1, 23.65, 71.34, 69.9, 118.39, 50.0, 50.0, 50.0]
d: [3.5, 5.86, 3.5, 3.5, 3.5, 3.5, 3.5, 3.5, 3.5, 4.17, 3.5, 3.5, 3.5, 2.0]
mutation at idx = 4
mutation at idx = 5

iteration: 14
best: [6.57, 8.47, 11.89, 14.74, 17.93, 23.24, 34.66, 37.11, 41.81, 43.52, 53.6, 56.38, 58.99, 60.56]
time: [6.71, 8.98, 11.95, 14.74, 1000, 1000, 1000, 1000, 1000, 1000, 1000, 1000, 1000, 1000]
current_hyper_parameter
v: [12.0, 23.04, 19.59, 12.0, 34.03, 33.05, 25.15, 32.06, 8.63, 20.92, 13.01, 12.0, 22.76, 16.59]
a: [50.0, 50.0, 122.25, 50.0, 116.7, 22.85, 125.1, 99.47, 71.34, 121.7, 118.39, 50.0, 43.28, 126.28]
d: [3.5, 5.86, 3.5, 3.5, 3.5, 3.98, 3.5, 6.04, 6.49, 5.12, 3.5, 3.5, 3.5, 2.0]
BEST_hyper_parameter
v: [12.0, 23.04, 19.59, 12.0, 31.64, 12.0, 25.15, 32.06, 8.63, 20.92, 11.04, 12.0, 16.6, 33.14]
a: [50.0, 50.0, 122.25, 50.0, 55.04, 50.0, 125.1, 99.47, 71.34, 121.7, 118.39, 50.0, 50.0, 50.0]
d: [3.5, 5.86, 3.5, 3.5, 3.5, 3.5, 3.5, 6.04, 6.49, 5.12, 3.5, 3.5, 3.5, 2.0]
mutation at idx = 0

iteration: 15
best: [6.57, 8.47, 11.89, 14.74, 17.93, 23.24, 34.66, 37.11, 41.81, 43.52, 53.6, 56.38, 58.99, 60.56]
time: [5.76, 7.24, 9.8, 13.11, 1000, 1000, 1000, 1000, 1000, 1000, 1000, 1000, 1000, 1000]
current_hyper_parameter
v: [18.03, 33.54, 22.86, 11.08, 21.02, 17.08, 18.84, 32.06, 16.72, 8.92, 15.72, 34.56, 18.89, 30.21]
a: [158.35, 96.0, 143.51, 61.87, 25.9, 159.42, 125.1, 99.47, 71.34, 121.7, 143.65, 78.04, 145.34, 50.0]
d: [4.06, 3.51, 3.5, 4.69, 3.73, 3.69, 3.5, 6.04, 6.49, 5.54, 3.5, 3.5, 3.5, 2.0]
BEST_hyper_parameter
v: [12.0, 23.04, 19.59, 12.0, 31.64, 12.0, 25.15, 32.06, 8.63, 20.92, 11.04, 12.0, 16.6, 33.14]
a: [50.0, 50.0, 122.25, 50.0, 55.04, 50.0, 125.1, 99.47, 71.34, 121.7, 118.39, 50.0, 50.0, 50.0]
d: [3.5, 5.86, 3.5, 3.5, 3.5, 3.5, 3.5, 6.04, 6.49, 5.12, 3.5, 3.5, 3.5, 2.0]
mutation at idx = 0

iteration: 16
best: [5.76, 7.24, 9.8, 13.11, 17.93, 23.24, 34.66, 37.11, 41.81, 43.52, 53.6, 56.38, 58.99, 60.56]
time: [5.82, 7.28, 9.85, 16.35, 24.89, 27.82, 37.94, 41.77, 43.63, 48.35, 50.76, 53.82, 56.64, 58.76]
current_hyper_parameter
v: [27.54, 33.54, 22.86, 11.08, 8.54, 28.23, 25.15, 13.21, 9.28, 20.92, 11.04, 12.0, 28.91, 33.95]
a: [103.35, 96.0, 143.51, 61.87, 55.04, 141.85, 125.1, 99.47, 124.74, 121.7, 118.39, 50.0, 50.0, 50.0]
d: [3.54, 3.51, 3.5, 4.69, 4.74, 3.9, 3.5, 6.04, 6.49, 5.12, 3.5, 3.5, 3.63, 2.0]
BEST_hyper_parameter
v: [18.03, 33.54, 22.86, 11.08, 31.64, 12.0, 25.15, 32.06, 8.63, 20.92, 11.04, 12.0, 16.6, 33.14]
a: [158.35, 96.0, 143.51, 61.87, 55.04, 50.0, 125.1, 99.47, 71.34, 121.7, 118.39, 50.0, 50.0, 50.0]
d: [4.06, 3.51, 3.5, 4.69, 3.5, 3.5, 3.5, 6.04, 6.49, 5.12, 3.5, 3.5, 3.5, 2.0]
WIN: random_idx = 5

iteration: 17
best: [5.76, 7.24, 9.8, 13.11, 17.93, 23.24, 34.66, 37.11, 41.81, 43.52, 50.76, 53.82, 56.64, 58.76]
time: [5.87, 7.38, 9.95, 16.85, 21.98, 26.0, 37.09, 40.77, 46.19, 48.74, 1000, 1000, 1000, 1000]
current_hyper_parameter
v: [27.54, 33.54, 22.86, 11.08, 8.54, 30.46, 25.15, 13.21, 9.28, 20.92, 11.04, 12.0, 28.91, 33.95]
a: [103.35, 96.0, 143.51, 61.87, 55.04, 45.23, 125.1, 99.47, 124.74, 121.7, 118.39, 50.0, 50.0, 50.0]
d: [3.54, 3.51, 3.5, 4.69, 4.74, 4.19, 3.5, 6.04, 6.49, 5.12, 3.5, 3.5, 3.63, 2.0]
BEST_hyper_parameter
v: [27.54, 33.54, 22.86, 11.08, 8.54, 28.23, 25.15, 13.21, 9.28, 20.92, 11.04, 12.0, 28.91, 33.95]
a: [103.35, 96.0, 143.51, 61.87, 55.04, 141.85, 125.1, 99.47, 124.74, 121.7, 118.39, 50.0, 50.0, 50.0]
d: [3.54, 3.51, 3.5, 4.69, 4.74, 3.9, 3.5, 6.04, 6.49, 5.12, 3.5, 3.5, 3.63, 2.0]

iteration: 18
best: [5.76, 7.24, 9.8, 13.11, 17.93, 23.24, 34.66, 37.11, 41.81, 43.52, 50.76, 53.82, 56.64, 58.76]
time: [5.86, 7.37, 9.96, 13.01, 16.81, 19.99, 29.25, 1000, 1000, 1000, 1000, 1000, 1000, 1000]
current_hyper_parameter
v: [27.54, 33.54, 22.86, 12.58, 9.62, 16.3, 27.1, 34.65, 9.28, 21.04, 32.64, 12.0, 14.11, 33.95]
a: [103.35, 96.0, 143.51, 61.87, 146.27, 141.85, 157.19, 99.47, 124.74, 121.7, 91.09, 50.0, 89.55, 50.0]
d: [3.54, 3.51, 3.5, 3.8, 4.74, 5.06, 6.26, 6.04, 6.49, 4.28, 4.71, 3.5, 3.63, 2.0]
BEST_hyper_parameter
v: [27.54, 33.54, 22.86, 11.08, 8.54, 28.23, 25.15, 13.21, 9.28, 20.92, 11.04, 12.0, 28.91, 33.95]
a: [103.35, 96.0, 143.51, 61.87, 55.04, 141.85, 125.1, 99.47, 124.74, 121.7, 118.39, 50.0, 50.0, 50.0]
d: [3.54, 3.51, 3.5, 4.69, 4.74, 3.9, 3.5, 6.04, 6.49, 5.12, 3.5, 3.5, 3.63, 2.0]

iteration: 19
best: [5.76, 7.24, 9.8, 13.11, 16.81, 19.99, 29.25, 37.11, 41.81, 43.52, 50.76, 53.82, 56.64, 58.76]
time: [5.81, 7.27, 9.81, 13.13, 19.92, 34.14, 43.85, 1000, 1000, 1000, 1000, 1000, 1000, 1000]
current_hyper_parameter
v: [27.54, 33.54, 22.86, 11.08, 9.62, 16.3, 27.1, 13.21, 11.19, 9.71, 34.56, 22.44, 8.54, 9.52]
a: [103.35, 96.0, 143.51, 61.87, 146.27, 141.85, 157.19, 99.47, 24.23, 47.5, 120.64, 156.0, 50.0, 78.24]
d: [3.54, 3.51, 3.5, 4.69, 4.74, 5.06, 6.26, 6.04, 6.19, 5.88, 4.97, 5.51, 3.63, 2.0]
BEST_hyper_parameter
v: [27.54, 33.54, 22.86, 11.08, 9.62, 16.3, 27.1, 13.21, 9.28, 20.92, 11.04, 12.0, 28.91, 33.95]
a: [103.35, 96.0, 143.51, 61.87, 146.27, 141.85, 157.19, 99.47, 124.74, 121.7, 118.39, 50.0, 50.0, 50.0]
d: [3.54, 3.51, 3.5, 4.69, 4.74, 5.06, 6.26, 6.04, 6.49, 5.12, 3.5, 3.5, 3.63, 2.0]
mutation at idx = 2

iteration: 20
best: [5.76, 7.24, 9.8, 13.11, 16.81, 19.99, 29.25, 37.11, 41.81, 43.52, 50.76, 53.82, 56.64, 58.76]
time: [5.82, 7.28, 10.46, 13.93, 23.14, 35.95, 45.78, 56.5, 1000, 1000, 1000, 1000, 1000, 1000]
current_hyper_parameter
v: [27.54, 33.54, 20.51, 11.08, 13.26, 11.42, 27.1, 24.87, 27.62, 20.92, 19.62, 12.0, 28.91, 11.34]
a: [103.35, 96.0, 48.78, 61.87, 146.27, 141.85, 157.19, 155.02, 133.83, 121.7, 118.39, 50.0, 50.0, 110.74]
d: [3.54, 3.51, 3.5, 4.69, 6.19, 5.06, 6.26, 6.04, 4.44, 5.12, 3.5, 3.5, 3.63, 2.0]
BEST_hyper_parameter
v: [27.54, 33.54, 22.86, 11.08, 9.62, 16.3, 27.1, 13.21, 9.28, 20.92, 11.04, 12.0, 28.91, 33.95]
a: [103.35, 96.0, 143.51, 61.87, 146.27, 141.85, 157.19, 99.47, 124.74, 121.7, 118.39, 50.0, 50.0, 50.0]
d: [3.54, 3.51, 3.5, 4.69, 4.74, 5.06, 6.26, 6.04, 6.49, 5.12, 3.5, 3.5, 3.63, 2.0]

iteration: 21
best: [5.76, 7.24, 9.8, 13.11, 16.81, 19.99, 29.25, 37.11, 41.81, 43.52, 50.76, 53.82, 56.64, 58.76]
time: [5.79, 7.29, 10.12, 12.74, 18.15, 22.75, 36.35, 39.5, 49.78, 1000, 1000, 1000, 1000, 1000]
current_hyper_parameter
v: [27.54, 33.54, 19.46, 28.4, 25.22, 13.0, 16.51, 12.01, 9.28, 18.26, 18.39, 12.0, 11.93, 19.32]
a: [103.35, 96.0, 110.2, 71.19, 146.27, 154.27, 157.19, 99.47, 124.74, 34.58, 69.41, 50.0, 119.04, 56.73]
d: [3.54, 3.51, 3.5, 4.69, 4.74, 5.06, 6.26, 6.04, 6.49, 5.12, 4.92, 3.5, 3.63, 2.0]
BEST_hyper_parameter
v: [27.54, 33.54, 22.86, 11.08, 9.62, 16.3, 27.1, 13.21, 9.28, 20.92, 11.04, 12.0, 28.91, 33.95]
a: [103.35, 96.0, 143.51, 61.87, 146.27, 141.85, 157.19, 99.47, 124.74, 121.7, 118.39, 50.0, 50.0, 50.0]
d: [3.54, 3.51, 3.5, 4.69, 4.74, 5.06, 6.26, 6.04, 6.49, 5.12, 3.5, 3.5, 3.63, 2.0]
mutation at idx = 2

iteration: 22
best: [5.76, 7.24, 9.8, 13.11, 16.81, 19.99, 29.25, 37.11, 41.81, 43.52, 50.76, 53.82, 56.64, 58.76]
time: [5.84, 7.31, 10.35, 13.75, 19.52, 22.92, 35.6, 46.49, 48.77, 50.36, 51.78, 54.48, 60.12, 61.32]
current_hyper_parameter
v: [27.54, 33.54, 20.64, 11.08, 28.25, 20.59, 27.86, 30.05, 25.04, 20.92, 33.69, 16.65, 13.54, 12.32]
a: [103.35, 96.0, 65.26, 61.87, 88.52, 132.49, 137.8, 99.47, 150.75, 121.7, 115.69, 50.0, 50.0, 122.58]
d: [3.54, 3.51, 3.5, 4.69, 6.2, 5.29, 6.26, 6.04, 6.49, 5.12, 3.5, 4.75, 3.63, 2.0]
BEST_hyper_parameter
v: [27.54, 33.54, 22.86, 11.08, 9.62, 16.3, 27.1, 13.21, 9.28, 20.92, 11.04, 12.0, 28.91, 33.95]
a: [103.35, 96.0, 143.51, 61.87, 146.27, 141.85, 157.19, 99.47, 124.74, 121.7, 118.39, 50.0, 50.0, 50.0]
d: [3.54, 3.51, 3.5, 4.69, 4.74, 5.06, 6.26, 6.04, 6.49, 5.12, 3.5, 3.5, 3.63, 2.0]

iteration: 23
best: [5.76, 7.24, 9.8, 13.11, 16.81, 19.99, 29.25, 37.11, 41.81, 43.52, 50.76, 53.82, 56.64, 58.76]
time: [5.84, 7.32, 9.93, 12.99, 1000, 1000, 1000, 1000, 1000, 1000, 1000, 1000, 1000, 1000]
current_hyper_parameter
v: [27.54, 33.54, 22.86, 11.08, 24.27, 16.3, 34.88, 23.93, 14.28, 25.77, 11.54, 28.81, 11.08, 20.66]
a: [103.35, 96.0, 143.51, 61.87, 108.8, 141.85, 98.28, 96.76, 82.92, 100.75, 118.39, 89.49, 149.58, 106.1]
d: [3.54, 3.51, 3.5, 4.69, 6.22, 5.06, 6.26, 4.08, 5.96, 5.12, 3.88, 3.5, 3.63, 2.0]
BEST_hyper_parameter
v: [27.54, 33.54, 22.86, 11.08, 9.62, 16.3, 27.1, 13.21, 9.28, 20.92, 11.04, 12.0, 28.91, 33.95]
a: [103.35, 96.0, 143.51, 61.87, 146.27, 141.85, 157.19, 99.47, 124.74, 121.7, 118.39, 50.0, 50.0, 50.0]
d: [3.54, 3.51, 3.5, 4.69, 4.74, 5.06, 6.26, 6.04, 6.49, 5.12, 3.5, 3.5, 3.63, 2.0]
mutation at idx = 0

iteration: 24
best: [5.76, 7.24, 9.8, 13.11, 16.81, 19.99, 29.25, 37.11, 41.81, 43.52, 50.76, 53.82, 56.64, 58.76]
time: [5.98, 7.46, 9.94, 12.92, 17.2, 20.31, 32.15, 1000, 1000, 1000, 1000, 1000, 1000, 1000]
current_hyper_parameter
v: [14.76, 33.54, 22.86, 11.08, 18.2, 17.67, 19.21, 30.44, 9.28, 20.92, 29.04, 18.91, 28.91, 33.42]
a: [140.15, 96.0, 143.51, 61.87, 35.33, 109.02, 157.19, 54.94, 124.74, 121.7, 118.39, 115.12, 50.0, 66.94]
d: [3.54, 3.51, 3.5, 4.69, 3.75, 5.62, 6.25, 6.04, 6.49, 5.12, 4.77, 3.5, 3.63, 2.0]
BEST_hyper_parameter
v: [27.54, 33.54, 22.86, 11.08, 9.62, 16.3, 27.1, 13.21, 9.28, 20.92, 11.04, 12.0, 28.91, 33.95]
a: [103.35, 96.0, 143.51, 61.87, 146.27, 141.85, 157.19, 99.47, 124.74, 121.7, 118.39, 50.0, 50.0, 50.0]
d: [3.54, 3.51, 3.5, 4.69, 4.74, 5.06, 6.26, 6.04, 6.49, 5.12, 3.5, 3.5, 3.63, 2.0]

iteration: 25
best: [5.76, 7.24, 9.8, 13.11, 16.81, 19.99, 29.25, 37.11, 41.81, 43.52, 50.76, 53.82, 56.64, 58.76]
time: [5.81, 7.27, 9.85, 16.06, 23.18, 36.39, 49.95, 53.35, 54.72, 1000, 1000, 1000, 1000, 1000]
current_hyper_parameter
v: [27.54, 33.54, 22.86, 11.08, 9.62, 16.3, 17.51, 15.71, 33.6, 26.02, 25.02, 10.6, 19.19, 11.61]
a: [103.35, 96.0, 143.51, 61.87, 146.27, 141.85, 50.29, 77.19, 124.74, 55.62, 87.22, 50.0, 62.95, 50.0]
d: [3.54, 3.51, 3.5, 4.69, 4.74, 5.06, 6.26, 4.44, 5.44, 3.73, 6.1, 3.5, 4.34, 2.0]
BEST_hyper_parameter
v: [27.54, 33.54, 22.86, 11.08, 9.62, 16.3, 27.1, 13.21, 9.28, 20.92, 11.04, 12.0, 28.91, 33.95]
a: [103.35, 96.0, 143.51, 61.87, 146.27, 141.85, 157.19, 99.47, 124.74, 121.7, 118.39, 50.0, 50.0, 50.0]
d: [3.54, 3.51, 3.5, 4.69, 4.74, 5.06, 6.26, 6.04, 6.49, 5.12, 3.5, 3.5, 3.63, 2.0]

iteration: 26
best: [5.76, 7.24, 9.8, 13.11, 16.81, 19.99, 29.25, 37.11, 41.81, 43.52, 50.76, 53.82, 56.64, 58.76]
time: [5.82, 7.28, 9.87, 15.76, 22.04, 25.36, 35.22, 51.03, 53.95, 56.02, 1000, 1000, 1000, 1000]
current_hyper_parameter
v: [27.54, 33.54, 22.86, 13.09, 9.62, 31.98, 27.1, 13.21, 11.21, 13.86, 32.53, 20.98, 28.65, 10.09]
a: [103.35, 96.0, 143.51, 121.96, 146.27, 58.61, 157.19, 99.47, 66.41, 153.51, 118.39, 71.27, 50.0, 50.0]
d: [3.54, 3.51, 3.5, 4.69, 4.74, 5.02, 6.26, 6.04, 6.05, 3.61, 3.5, 3.94, 6.01, 2.0]
BEST_hyper_parameter
v: [27.54, 33.54, 22.86, 11.08, 9.62, 16.3, 27.1, 13.21, 9.28, 20.92, 11.04, 12.0, 28.91, 33.95]
a: [103.35, 96.0, 143.51, 61.87, 146.27, 141.85, 157.19, 99.47, 124.74, 121.7, 118.39, 50.0, 50.0, 50.0]
d: [3.54, 3.51, 3.5, 4.69, 4.74, 5.06, 6.26, 6.04, 6.49, 5.12, 3.5, 3.5, 3.63, 2.0]

iteration: 27
best: [5.76, 7.24, 9.8, 13.11, 16.81, 19.99, 29.25, 37.11, 41.81, 43.52, 50.76, 53.82, 56.64, 58.76]
time: [5.78, 7.25, 9.82, 13.15, 18.91, 40.01, 49.62, 55.34, 1000, 1000, 1000, 1000, 1000, 1000]
current_hyper_parameter
v: [27.54, 33.54, 22.86, 11.08, 26.53, 16.3, 27.1, 31.78, 27.59, 13.66, 14.5, 27.79, 20.6, 15.53]
a: [103.35, 96.0, 143.51, 61.87, 95.82, 141.85, 157.19, 99.47, 124.74, 121.7, 118.39, 127.35, 159.21, 50.0]
d: [3.54, 3.51, 3.5, 4.69, 4.74, 5.06, 6.26, 6.04, 6.49, 5.12, 3.5, 3.5, 3.63, 2.0]
BEST_hyper_parameter
v: [27.54, 33.54, 22.86, 11.08, 9.62, 16.3, 27.1, 13.21, 9.28, 20.92, 11.04, 12.0, 28.91, 33.95]
a: [103.35, 96.0, 143.51, 61.87, 146.27, 141.85, 157.19, 99.47, 124.74, 121.7, 118.39, 50.0, 50.0, 50.0]
d: [3.54, 3.51, 3.5, 4.69, 4.74, 5.06, 6.26, 6.04, 6.49, 5.12, 3.5, 3.5, 3.63, 2.0]
mutation at idx = 1

iteration: 28
best: [5.76, 7.24, 9.8, 13.11, 16.81, 19.99, 29.25, 37.11, 41.81, 43.52, 50.76, 53.82, 56.64, 58.76]
time: [5.78, 7.46, 10.17, 13.22, 19.15, 33.27, 45.14, 48.68, 50.05, 54.49, 1000, 1000, 1000, 1000]
current_hyper_parameter
v: [27.54, 10.05, 22.86, 11.08, 18.98, 11.66, 30.7, 30.44, 28.92, 11.37, 11.04, 19.96, 28.91, 26.77]
a: [103.35, 155.27, 143.51, 61.87, 128.02, 122.08, 51.75, 51.57, 124.74, 79.68, 118.39, 50.0, 50.0, 50.0]
d: [3.54, 3.51, 3.5, 4.69, 6.01, 5.03, 6.26, 6.34, 6.49, 5.33, 3.5, 6.34, 3.63, 2.0]
BEST_hyper_parameter
v: [27.54, 33.54, 22.86, 11.08, 9.62, 16.3, 27.1, 13.21, 9.28, 20.92, 11.04, 12.0, 28.91, 33.95]
a: [103.35, 96.0, 143.51, 61.87, 146.27, 141.85, 157.19, 99.47, 124.74, 121.7, 118.39, 50.0, 50.0, 50.0]
d: [3.54, 3.51, 3.5, 4.69, 4.74, 5.06, 6.26, 6.04, 6.49, 5.12, 3.5, 3.5, 3.63, 2.0]

iteration: 29
best: [5.76, 7.24, 9.8, 13.11, 16.81, 19.99, 29.25, 37.11, 41.81, 43.52, 50.76, 53.82, 56.64, 58.76]
time: [5.79, 7.31, 9.94, 13.06, 24.18, 43.65, 52.62, 1000, 1000, 1000, 1000, 1000, 1000, 1000]
current_hyper_parameter
v: [27.54, 33.54, 22.86, 11.08, 9.62, 32.68, 27.1, 13.21, 33.94, 29.37, 11.04, 12.0, 33.97, 18.45]
a: [103.35, 96.0, 143.51, 61.87, 146.27, 132.61, 157.19, 99.47, 124.74, 117.53, 118.39, 50.0, 130.68, 94.56]
d: [3.54, 3.51, 3.5, 4.69, 4.74, 4.32, 6.26, 6.04, 6.49, 5.12, 3.5, 3.5, 3.63, 2.0]
BEST_hyper_parameter
v: [27.54, 33.54, 22.86, 11.08, 9.62, 16.3, 27.1, 13.21, 9.28, 20.92, 11.04, 12.0, 28.91, 33.95]
a: [103.35, 96.0, 143.51, 61.87, 146.27, 141.85, 157.19, 99.47, 124.74, 121.7, 118.39, 50.0, 50.0, 50.0]
d: [3.54, 3.51, 3.5, 4.69, 4.74, 5.06, 6.26, 6.04, 6.49, 5.12, 3.5, 3.5, 3.63, 2.0]

iteration: 30
best: [5.76, 7.24, 9.8, 13.11, 16.81, 19.99, 29.25, 37.11, 41.81, 43.52, 50.76, 53.82, 56.64, 58.76]
time: [5.82, 7.27, 9.86, 13.15, 18.81, 22.16, 34.78, 45.03, 47.98, 49.62, 1000, 1000, 1000, 1000]
current_hyper_parameter
v: [27.54, 33.54, 22.86, 11.08, 20.0, 16.3, 17.47, 29.52, 14.52, 20.92, 11.78, 34.55, 28.91, 10.34]
a: [103.35, 96.0, 143.51, 61.87, 146.27, 141.85, 120.52, 108.94, 124.74, 121.7, 118.39, 50.0, 50.0, 151.95]
d: [3.54, 3.51, 3.5, 4.69, 4.74, 5.06, 6.26, 6.04, 6.01, 5.12, 5.78, 3.5, 3.63, 2.0]
BEST_hyper_parameter
v: [27.54, 33.54, 22.86, 11.08, 9.62, 16.3, 27.1, 13.21, 9.28, 20.92, 11.04, 12.0, 28.91, 33.95]
a: [103.35, 96.0, 143.51, 61.87, 146.27, 141.85, 157.19, 99.47, 124.74, 121.7, 118.39, 50.0, 50.0, 50.0]
d: [3.54, 3.51, 3.5, 4.69, 4.74, 5.06, 6.26, 6.04, 6.49, 5.12, 3.5, 3.5, 3.63, 2.0]

iteration: 31
best: [5.76, 7.24, 9.8, 13.11, 16.81, 19.99, 29.25, 37.11, 41.81, 43.52, 50.76, 53.82, 56.64, 58.76]
time: [5.81, 7.31, 9.93, 13.05, 1000, 1000, 1000, 1000, 1000, 1000, 1000, 1000, 1000, 1000]
current_hyper_parameter
v: [27.54, 33.54, 22.86, 11.08, 30.31, 12.62, 27.1, 20.05, 9.28, 11.26, 13.61, 21.58, 28.91, 18.36]
a: [103.35, 96.0, 143.51, 61.87, 146.27, 70.51, 157.19, 21.45, 124.74, 121.7, 118.39, 50.0, 50.0, 50.0]
d: [3.54, 3.51, 3.5, 4.69, 5.26, 5.33, 6.26, 6.04, 6.49, 5.12, 3.93, 4.17, 3.63, 2.0]
BEST_hyper_parameter
v: [27.54, 33.54, 22.86, 11.08, 9.62, 16.3, 27.1, 13.21, 9.28, 20.92, 11.04, 12.0, 28.91, 33.95]
a: [103.35, 96.0, 143.51, 61.87, 146.27, 141.85, 157.19, 99.47, 124.74, 121.7, 118.39, 50.0, 50.0, 50.0]
d: [3.54, 3.51, 3.5, 4.69, 4.74, 5.06, 6.26, 6.04, 6.49, 5.12, 3.5, 3.5, 3.63, 2.0]

iteration: 32
best: [5.76, 7.24, 9.8, 13.11, 16.81, 19.99, 29.25, 37.11, 41.81, 43.52, 50.76, 53.82, 56.64, 58.76]
time: [5.82, 7.26, 9.84, 12.94, 18.79, 21.9, 35.46, 38.55, 40.17, 41.61, 1000, 1000, 1000, 1000]
current_hyper_parameter
v: [27.54, 33.54, 22.86, 11.08, 21.51, 31.51, 14.27, 15.36, 30.84, 32.76, 26.97, 12.0, 33.61, 17.1]
a: [103.35, 96.0, 143.51, 61.87, 94.43, 104.37, 133.27, 74.86, 74.06, 93.26, 150.12, 50.0, 50.0, 123.35]
d: [3.54, 3.51, 3.5, 4.69, 4.74, 5.06, 3.79, 6.04, 5.96, 5.12, 3.5, 3.5, 3.63, 2.0]
BEST_hyper_parameter
v: [27.54, 33.54, 22.86, 11.08, 9.62, 16.3, 27.1, 13.21, 9.28, 20.92, 11.04, 12.0, 28.91, 33.95]
a: [103.35, 96.0, 143.51, 61.87, 146.27, 141.85, 157.19, 99.47, 124.74, 121.7, 118.39, 50.0, 50.0, 50.0]
d: [3.54, 3.51, 3.5, 4.69, 4.74, 5.06, 6.26, 6.04, 6.49, 5.12, 3.5, 3.5, 3.63, 2.0]
mutation at idx = 2
