
iteration: 1
best: [5.77, 7.44, 10.55, 13.8, 16.81, 20.51, 31.56, 34.38, 39.12, 42.37, 43.99, 46.58, 48.77, 49.73]
time: [5.78, 7.45, 10.52, 13.6, 16.16, 28.97, 42.74, 45.99, 1000, 1000, 1000, 1000, 1000, 1000]
current_hyper_parameter
v: [20.13, 12.0, 16.75, 33.59, 24.19, 33.13, 24.96, 22.39, 34.28, 9.87, 14.23, 22.3, 14.94, 30.63]
a: [154.09, 50.0, 125.58, 43.55, 137.23, 116.01, 102.6, 119.86, 132.23, 127.66, 133.81, 50.0, 84.18, 118.22]
d: [3.5, 3.5, 4.48, 4.23, 4.51, 5.1, 3.5, 5.06, 3.5, 3.5, 3.5, 3.5, 6.27, 2.0]
BEST_hyper_parameter
v: [20.13, 12.0, 16.75, 33.59, 24.19, 33.13, 24.96, 22.39, 34.28, 9.87, 14.23, 22.3, 14.94, 30.63]
a: [154.09, 50.0, 125.58, 43.55, 137.23, 116.01, 102.6, 119.86, 132.23, 127.66, 133.81, 50.0, 84.18, 118.22]
d: [3.5, 3.5, 4.48, 4.23, 4.51, 5.1, 3.5, 5.06, 3.5, 3.5, 3.5, 3.5, 6.27, 2.0]

iteration: 2
best: [5.77, 7.44, 10.55, 13.8, 16.16, 20.51, 31.56, 34.38, 39.12, 42.37, 43.99, 46.58, 48.77, 49.73]
time: [5.73, 7.38, 10.57, 13.81, 16.35, 22.17, 34.4, 37.5, 1000, 1000, 1000, 1000, 1000, 1000]
current_hyper_parameter
v: [20.13, 12.0, 16.75, 33.59, 24.19, 31.78, 24.96, 26.05, 10.81, 9.87, 13.29, 22.3, 27.16, 30.63]
a: [154.09, 50.0, 125.58, 43.55, 137.23, 31.86, 102.6, 119.86, 78.3, 127.66, 133.81, 50.0, 135.19, 118.22]
d: [3.5, 3.5, 4.48, 4.23, 4.51, 5.1, 3.5, 5.91, 3.5, 3.5, 5.93, 3.5, 6.28, 2.0]
BEST_hyper_parameter
v: [20.13, 12.0, 16.75, 33.59, 24.19, 33.13, 24.96, 22.39, 34.28, 9.87, 14.23, 22.3, 14.94, 30.63]
a: [154.09, 50.0, 125.58, 43.55, 137.23, 116.01, 102.6, 119.86, 132.23, 127.66, 133.81, 50.0, 84.18, 118.22]
d: [3.5, 3.5, 4.48, 4.23, 4.51, 5.1, 3.5, 5.06, 3.5, 3.5, 3.5, 3.5, 6.27, 2.0]

iteration: 3
best: [5.77, 7.44, 10.55, 13.8, 16.16, 20.51, 31.56, 34.38, 39.12, 42.37, 43.99, 46.58, 48.77, 49.73]
time: [5.77, 7.45, 10.59, 13.79, 16.31, 20.09, 29.62, 32.25, 1000, 1000, 1000, 1000, 1000, 1000]
current_hyper_parameter
v: [20.13, 12.0, 16.75, 33.59, 24.19, 27.6, 30.6, 29.28, 16.77, 27.92, 26.43, 9.86, 18.1, 11.38]
a: [154.09, 50.0, 125.58, 43.55, 137.23, 132.87, 102.6, 119.86, 23.93, 45.29, 28.04, 74.55, 71.89, 118.22]
d: [3.5, 3.5, 4.48, 4.23, 4.51, 5.3, 3.5, 5.06, 3.76, 6.29, 3.5, 6.16, 6.27, 2.0]
BEST_hyper_parameter
v: [20.13, 12.0, 16.75, 33.59, 24.19, 33.13, 24.96, 22.39, 34.28, 9.87, 14.23, 22.3, 14.94, 30.63]
a: [154.09, 50.0, 125.58, 43.55, 137.23, 116.01, 102.6, 119.86, 132.23, 127.66, 133.81, 50.0, 84.18, 118.22]
d: [3.5, 3.5, 4.48, 4.23, 4.51, 5.1, 3.5, 5.06, 3.5, 3.5, 3.5, 3.5, 6.27, 2.0]

iteration: 4
best: [5.77, 7.44, 10.55, 13.8, 16.16, 20.51, 29.62, 32.25, 39.12, 42.37, 43.99, 46.58, 48.77, 49.73]
time: [5.83, 7.48, 10.62, 13.83, 16.36, 20.15, 29.74, 32.31, 33.41, 42.89, 48.5, 1000, 1000, 1000]
current_hyper_parameter
v: [20.13, 12.0, 16.75, 33.59, 24.19, 33.13, 30.6, 29.28, 34.28, 9.87, 14.23, 19.32, 31.05, 30.62]
a: [154.09, 50.0, 125.58, 43.55, 137.23, 116.01, 102.6, 119.86, 132.23, 127.66, 133.81, 30.53, 83.19, 119.41]
d: [3.5, 3.5, 4.48, 4.23, 4.51, 5.1, 3.5, 5.06, 3.5, 3.5, 3.5, 3.5, 6.27, 2.0]
BEST_hyper_parameter
v: [20.13, 12.0, 16.75, 33.59, 24.19, 33.13, 30.6, 29.28, 34.28, 9.87, 14.23, 22.3, 14.94, 30.63]
a: [154.09, 50.0, 125.58, 43.55, 137.23, 116.01, 102.6, 119.86, 132.23, 127.66, 133.81, 50.0, 84.18, 118.22]
d: [3.5, 3.5, 4.48, 4.23, 4.51, 5.1, 3.5, 5.06, 3.5, 3.5, 3.5, 3.5, 6.27, 2.0]
mutation at idx = 2

iteration: 5
best: [5.77, 7.44, 10.55, 13.8, 16.16, 20.51, 29.62, 32.25, 33.41, 42.37, 43.99, 46.58, 48.77, 49.73]
time: [5.78, 7.45, 11.27, 14.81, 17.34, 20.69, 29.49, 32.26, 33.36, 1000, 1000, 1000, 1000, 1000]
current_hyper_parameter
v: [20.13, 12.0, 34.24, 33.59, 24.19, 33.13, 30.6, 29.28, 34.28, 9.87, 23.72, 10.94, 14.94, 24.46]
a: [154.09, 50.0, 42.43, 43.55, 137.23, 116.01, 102.6, 119.86, 132.23, 127.66, 65.89, 50.0, 84.18, 106.48]
d: [3.5, 3.5, 4.48, 4.23, 4.51, 5.1, 3.5, 5.06, 3.5, 3.5, 4.08, 3.5, 6.27, 2.0]
BEST_hyper_parameter
v: [20.13, 12.0, 16.75, 33.59, 24.19, 33.13, 30.6, 29.28, 34.28, 9.87, 14.23, 22.3, 14.94, 30.63]
a: [154.09, 50.0, 125.58, 43.55, 137.23, 116.01, 102.6, 119.86, 132.23, 127.66, 133.81, 50.0, 84.18, 118.22]
d: [3.5, 3.5, 4.48, 4.23, 4.51, 5.1, 3.5, 5.06, 3.5, 3.5, 3.5, 3.5, 6.27, 2.0]

iteration: 6
best: [5.77, 7.44, 10.55, 13.8, 16.16, 20.51, 29.62, 32.25, 33.41, 42.37, 43.99, 46.58, 48.77, 49.73]
time: [5.79, 7.44, 11.63, 14.88, 24.84, 50.2, 1000, 1000, 1000, 1000, 1000, 1000, 1000, 1000]
current_hyper_parameter
v: [20.13, 12.0, 27.98, 13.82, 24.19, 34.07, 16.0, 28.98, 25.03, 14.51, 13.94, 22.3, 14.94, 32.53]
a: [154.09, 50.0, 27.69, 91.52, 137.23, 84.21, 102.6, 21.76, 37.85, 149.34, 58.85, 50.0, 84.18, 44.5]
d: [3.5, 3.5, 4.8, 4.23, 4.51, 5.1, 3.5, 5.1, 3.8, 3.55, 3.5, 3.5, 6.27, 2.0]
BEST_hyper_parameter
v: [20.13, 12.0, 16.75, 33.59, 24.19, 33.13, 30.6, 29.28, 34.28, 9.87, 14.23, 22.3, 14.94, 30.63]
a: [154.09, 50.0, 125.58, 43.55, 137.23, 116.01, 102.6, 119.86, 132.23, 127.66, 133.81, 50.0, 84.18, 118.22]
d: [3.5, 3.5, 4.48, 4.23, 4.51, 5.1, 3.5, 5.06, 3.5, 3.5, 3.5, 3.5, 6.27, 2.0]

iteration: 7
best: [5.77, 7.44, 10.55, 13.8, 16.16, 20.51, 29.62, 32.25, 33.41, 42.37, 43.99, 46.58, 48.77, 49.73]
time: [5.81, 7.49, 10.24, 13.03, 18.8, 27.07, 37.47, 41.89, 43.68, 45.49, 47.32, 1000, 1000, 1000]
current_hyper_parameter
v: [20.13, 12.0, 24.53, 28.67, 31.35, 11.55, 30.6, 9.91, 14.37, 13.54, 14.23, 19.88, 23.01, 17.34]
a: [154.09, 50.0, 125.58, 43.55, 137.23, 27.96, 102.6, 93.22, 158.22, 109.22, 133.81, 122.66, 37.46, 93.81]
d: [3.5, 3.5, 4.48, 4.23, 4.51, 4.32, 3.5, 5.06, 6.5, 3.5, 3.5, 3.5, 6.27, 2.0]
BEST_hyper_parameter
v: [20.13, 12.0, 16.75, 33.59, 24.19, 33.13, 30.6, 29.28, 34.28, 9.87, 14.23, 22.3, 14.94, 30.63]
a: [154.09, 50.0, 125.58, 43.55, 137.23, 116.01, 102.6, 119.86, 132.23, 127.66, 133.81, 50.0, 84.18, 118.22]
d: [3.5, 3.5, 4.48, 4.23, 4.51, 5.1, 3.5, 5.06, 3.5, 3.5, 3.5, 3.5, 6.27, 2.0]

iteration: 8
best: [5.77, 7.44, 10.55, 13.03, 16.16, 20.51, 29.62, 32.25, 33.41, 42.37, 43.99, 46.58, 48.77, 49.73]
time: [5.74, 7.4, 10.56, 13.77, 16.29, 20.11, 29.66, 1000, 1000, 1000, 1000, 1000, 1000, 1000]
current_hyper_parameter
v: [20.13, 12.0, 16.75, 28.67, 24.19, 33.13, 30.6, 33.5, 34.28, 31.99, 31.12, 16.87, 21.4, 30.63]
a: [154.09, 50.0, 125.58, 43.55, 137.23, 116.01, 102.6, 25.04, 132.23, 127.66, 133.81, 148.64, 84.18, 118.22]
d: [3.5, 3.5, 4.48, 4.23, 4.51, 5.1, 3.5, 3.92, 3.5, 3.5, 3.5, 4.57, 4.0, 2.0]
BEST_hyper_parameter
v: [20.13, 12.0, 16.75, 28.67, 24.19, 33.13, 30.6, 29.28, 34.28, 9.87, 14.23, 22.3, 14.94, 30.63]
a: [154.09, 50.0, 125.58, 43.55, 137.23, 116.01, 102.6, 119.86, 132.23, 127.66, 133.81, 50.0, 84.18, 118.22]
d: [3.5, 3.5, 4.48, 4.23, 4.51, 5.1, 3.5, 5.06, 3.5, 3.5, 3.5, 3.5, 6.27, 2.0]

iteration: 9
best: [5.77, 7.44, 10.55, 13.03, 16.16, 20.51, 29.62, 32.25, 33.41, 42.37, 43.99, 46.58, 48.77, 49.73]
time: [5.8, 7.46, 10.61, 13.35, 1000, 1000, 1000, 1000, 1000, 1000, 1000, 1000, 1000, 1000]
current_hyper_parameter
v: [20.13, 12.0, 16.75, 22.19, 24.19, 34.4, 23.96, 23.59, 16.66, 18.08, 19.5, 30.05, 12.62, 16.82]
a: [154.09, 50.0, 125.58, 67.35, 137.23, 119.36, 102.6, 80.63, 112.39, 127.66, 65.47, 50.0, 60.46, 57.26]
d: [3.5, 3.5, 4.48, 4.19, 4.51, 6.2, 3.5, 5.27, 4.9, 5.6, 5.36, 5.24, 6.27, 2.0]
BEST_hyper_parameter
v: [20.13, 12.0, 16.75, 28.67, 24.19, 33.13, 30.6, 29.28, 34.28, 9.87, 14.23, 22.3, 14.94, 30.63]
a: [154.09, 50.0, 125.58, 43.55, 137.23, 116.01, 102.6, 119.86, 132.23, 127.66, 133.81, 50.0, 84.18, 118.22]
d: [3.5, 3.5, 4.48, 4.23, 4.51, 5.1, 3.5, 5.06, 3.5, 3.5, 3.5, 3.5, 6.27, 2.0]
mutation at idx = 0
mutation at idx = 2

iteration: 10
best: [5.77, 7.44, 10.55, 13.03, 16.16, 20.51, 29.62, 32.25, 33.41, 42.37, 43.99, 46.58, 48.77, 49.73]
time: [5.68, 7.24, 10.55, 13.87, 17.32, 19.98, 28.99, 31.67, 32.95, 34.55, 36.51, 39.19, 41.46, 42.42]
current_hyper_parameter
v: [28.53, 12.0, 14.75, 28.67, 19.56, 30.15, 30.6, 29.28, 30.74, 19.99, 14.23, 18.14, 14.94, 16.8]
a: [154.09, 50.0, 127.28, 43.55, 54.61, 116.01, 102.6, 119.86, 48.4, 127.66, 133.81, 65.32, 84.18, 116.69]
d: [3.5, 3.5, 5.14, 4.23, 4.69, 5.1, 3.5, 5.06, 6.07, 4.5, 3.5, 3.5, 6.27, 2.0]
BEST_hyper_parameter
v: [20.13, 12.0, 16.75, 28.67, 24.19, 33.13, 30.6, 29.28, 34.28, 9.87, 14.23, 22.3, 14.94, 30.63]
a: [154.09, 50.0, 125.58, 43.55, 137.23, 116.01, 102.6, 119.86, 132.23, 127.66, 133.81, 50.0, 84.18, 118.22]
d: [3.5, 3.5, 4.48, 4.23, 4.51, 5.1, 3.5, 5.06, 3.5, 3.5, 3.5, 3.5, 6.27, 2.0]
WIN: random_idx = 2

iteration: 11
best: [5.77, 7.44, 10.55, 13.03, 16.16, 19.98, 28.99, 31.67, 33.41, 34.55, 36.51, 39.19, 41.46, 42.42]
time: [5.7, 7.21, 10.83, 14.05, 20.5, 23.0, 32.04, 34.69, 1000, 1000, 1000, 1000, 1000, 1000]
current_hyper_parameter
v: [28.53, 12.0, 12.28, 28.67, 19.56, 30.15, 30.6, 29.28, 30.74, 19.99, 14.23, 18.14, 14.94, 16.8]
a: [154.09, 50.0, 89.8, 43.55, 54.61, 116.01, 102.6, 119.86, 48.4, 127.66, 133.81, 65.32, 84.18, 116.69]
d: [3.5, 3.5, 5.14, 4.23, 4.69, 5.1, 3.5, 5.06, 6.07, 4.5, 3.5, 3.5, 6.27, 2.0]
BEST_hyper_parameter
v: [28.53, 12.0, 14.75, 28.67, 19.56, 30.15, 30.6, 29.28, 30.74, 19.99, 14.23, 18.14, 14.94, 16.8]
a: [154.09, 50.0, 127.28, 43.55, 54.61, 116.01, 102.6, 119.86, 48.4, 127.66, 133.81, 65.32, 84.18, 116.69]
d: [3.5, 3.5, 5.14, 4.23, 4.69, 5.1, 3.5, 5.06, 6.07, 4.5, 3.5, 3.5, 6.27, 2.0]

iteration: 12
best: [5.77, 7.44, 10.55, 13.03, 16.16, 19.98, 28.99, 31.67, 33.41, 34.55, 36.51, 39.19, 41.46, 42.42]
time: [5.71, 7.37, 10.69, 16.82, 20.07, 23.05, 31.93, 1000, 1000, 1000, 1000, 1000, 1000, 1000]
current_hyper_parameter
v: [28.53, 12.0, 14.75, 10.17, 19.56, 28.89, 30.6, 10.58, 30.74, 19.99, 30.13, 18.14, 14.94, 25.03]
a: [154.09, 50.0, 127.28, 157.09, 54.61, 116.01, 102.6, 91.54, 48.4, 127.66, 29.07, 65.32, 84.18, 136.97]
d: [3.5, 3.5, 5.14, 6.2, 4.69, 5.1, 3.5, 5.06, 6.07, 4.5, 3.5, 3.5, 6.27, 2.0]
BEST_hyper_parameter
v: [28.53, 12.0, 14.75, 28.67, 19.56, 30.15, 30.6, 29.28, 30.74, 19.99, 14.23, 18.14, 14.94, 16.8]
a: [154.09, 50.0, 127.28, 43.55, 54.61, 116.01, 102.6, 119.86, 48.4, 127.66, 133.81, 65.32, 84.18, 116.69]
d: [3.5, 3.5, 5.14, 4.23, 4.69, 5.1, 3.5, 5.06, 6.07, 4.5, 3.5, 3.5, 6.27, 2.0]

iteration: 13
best: [5.77, 7.44, 10.55, 13.03, 16.16, 19.98, 28.99, 31.67, 33.41, 34.55, 36.51, 39.19, 41.46, 42.42]
time: [5.71, 7.3, 10.57, 16.16, 24.14, 27.01, 35.27, 41.89, 1000, 1000, 1000, 1000, 1000, 1000]
current_hyper_parameter
v: [28.53, 12.0, 14.75, 21.58, 20.83, 26.61, 33.41, 24.86, 10.52, 12.19, 16.5, 32.43, 14.42, 8.53]
a: [154.09, 50.0, 127.28, 111.09, 56.38, 155.67, 123.28, 119.86, 63.04, 91.32, 133.81, 132.22, 84.18, 116.69]
d: [3.5, 3.5, 5.14, 4.23, 4.43, 5.1, 3.54, 5.06, 5.16, 4.5, 5.76, 3.5, 4.31, 2.0]
BEST_hyper_parameter
v: [28.53, 12.0, 14.75, 28.67, 19.56, 30.15, 30.6, 29.28, 30.74, 19.99, 14.23, 18.14, 14.94, 16.8]
a: [154.09, 50.0, 127.28, 43.55, 54.61, 116.01, 102.6, 119.86, 48.4, 127.66, 133.81, 65.32, 84.18, 116.69]
d: [3.5, 3.5, 5.14, 4.23, 4.69, 5.1, 3.5, 5.06, 6.07, 4.5, 3.5, 3.5, 6.27, 2.0]

iteration: 14
best: [5.77, 7.44, 10.55, 13.03, 16.16, 19.98, 28.99, 31.67, 33.41, 34.55, 36.51, 39.19, 41.46, 42.42]
time: [5.73, 7.42, 10.71, 13.85, 20.03, 22.73, 42.22, 1000, 1000, 1000, 1000, 1000, 1000, 1000]
current_hyper_parameter
v: [28.53, 12.0, 14.75, 25.63, 32.38, 23.08, 13.95, 16.84, 28.19, 34.8, 15.01, 12.14, 32.23, 16.91]
a: [154.09, 50.0, 127.28, 43.55, 60.24, 116.01, 102.6, 93.33, 25.48, 127.66, 133.81, 122.43, 84.18, 26.59]
d: [3.5, 3.5, 5.14, 3.95, 5.4, 5.1, 3.5, 5.06, 4.16, 3.88, 3.5, 3.5, 6.27, 2.0]
BEST_hyper_parameter
v: [28.53, 12.0, 14.75, 28.67, 19.56, 30.15, 30.6, 29.28, 30.74, 19.99, 14.23, 18.14, 14.94, 16.8]
a: [154.09, 50.0, 127.28, 43.55, 54.61, 116.01, 102.6, 119.86, 48.4, 127.66, 133.81, 65.32, 84.18, 116.69]
d: [3.5, 3.5, 5.14, 4.23, 4.69, 5.1, 3.5, 5.06, 6.07, 4.5, 3.5, 3.5, 6.27, 2.0]
mutation at idx = 0
mutation at idx = 2

iteration: 15
best: [5.77, 7.44, 10.55, 13.03, 16.16, 19.98, 28.99, 31.67, 33.41, 34.55, 36.51, 39.19, 41.46, 42.42]
time: [5.99, 7.92, 11.81, 15.22, 1000, 1000, 1000, 1000, 1000, 1000, 1000, 1000, 1000, 1000]
current_hyper_parameter
v: [13.84, 12.0, 11.65, 12.84, 30.81, 24.59, 23.21, 25.86, 30.57, 19.99, 18.94, 28.28, 25.46, 30.08]
a: [156.16, 50.0, 127.28, 49.19, 39.28, 116.01, 102.6, 59.46, 86.09, 127.66, 81.44, 65.32, 84.18, 116.69]
d: [3.6, 3.5, 4.69, 4.23, 4.69, 5.1, 3.5, 5.06, 4.33, 4.5, 5.66, 3.5, 5.02, 2.0]
BEST_hyper_parameter
v: [28.53, 12.0, 14.75, 28.67, 19.56, 30.15, 30.6, 29.28, 30.74, 19.99, 14.23, 18.14, 14.94, 16.8]
a: [154.09, 50.0, 127.28, 43.55, 54.61, 116.01, 102.6, 119.86, 48.4, 127.66, 133.81, 65.32, 84.18, 116.69]
d: [3.5, 3.5, 5.14, 4.23, 4.69, 5.1, 3.5, 5.06, 6.07, 4.5, 3.5, 3.5, 6.27, 2.0]

iteration: 16
best: [5.77, 7.44, 10.55, 13.03, 16.16, 19.98, 28.99, 31.67, 33.41, 34.55, 36.51, 39.19, 41.46, 42.42]
time: [5.69, 7.24, 9.95, 12.83, 15.58, 31.33, 43.01, 1000, 1000, 1000, 1000, 1000, 1000, 1000]
current_hyper_parameter
v: [28.53, 12.0, 34.62, 28.67, 20.48, 18.87, 30.6, 10.63, 26.35, 28.57, 18.12, 26.0, 9.53, 16.8]
a: [154.09, 50.0, 114.87, 43.55, 96.46, 54.22, 102.6, 119.86, 40.92, 65.33, 133.81, 65.32, 67.69, 116.69]
d: [3.5, 3.5, 5.41, 4.23, 4.69, 6.13, 3.5, 4.98, 6.5, 3.74, 3.5, 4.39, 5.68, 2.0]
BEST_hyper_parameter
v: [28.53, 12.0, 14.75, 28.67, 19.56, 30.15, 30.6, 29.28, 30.74, 19.99, 14.23, 18.14, 14.94, 16.8]
a: [154.09, 50.0, 127.28, 43.55, 54.61, 116.01, 102.6, 119.86, 48.4, 127.66, 133.81, 65.32, 84.18, 116.69]
d: [3.5, 3.5, 5.14, 4.23, 4.69, 5.1, 3.5, 5.06, 6.07, 4.5, 3.5, 3.5, 6.27, 2.0]
mutation at idx = 4

iteration: 17
best: [5.77, 7.44, 9.95, 13.03, 15.58, 19.98, 28.99, 31.67, 33.41, 34.55, 36.51, 39.19, 41.46, 42.42]
time: [5.68, 7.24, 9.96, 12.84, 16.19, 19.22, 42.1, 1000, 1000, 1000, 1000, 1000, 1000, 1000]
current_hyper_parameter
v: [28.53, 12.0, 34.62, 28.67, 12.43, 30.15, 12.87, 29.28, 33.15, 30.66, 10.67, 17.18, 22.03, 21.26]
a: [154.09, 50.0, 114.87, 43.55, 111.25, 116.01, 64.76, 119.86, 48.4, 127.66, 129.89, 126.86, 84.18, 157.47]
d: [3.5, 3.5, 5.41, 4.23, 4.69, 5.1, 6.07, 5.06, 6.01, 6.03, 5.68, 5.21, 4.49, 2.0]
BEST_hyper_parameter
v: [28.53, 12.0, 34.62, 28.67, 20.48, 30.15, 30.6, 29.28, 30.74, 19.99, 14.23, 18.14, 14.94, 16.8]
a: [154.09, 50.0, 114.87, 43.55, 96.46, 116.01, 102.6, 119.86, 48.4, 127.66, 133.81, 65.32, 84.18, 116.69]
d: [3.5, 3.5, 5.41, 4.23, 4.69, 5.1, 3.5, 5.06, 6.07, 4.5, 3.5, 3.5, 6.27, 2.0]

iteration: 18
best: [5.77, 7.44, 9.95, 13.03, 15.58, 19.98, 28.99, 31.67, 33.41, 34.55, 36.51, 39.19, 41.46, 42.42]
time: [5.69, 7.25, 9.96, 12.82, 18.91, 21.47, 34.47, 40.42, 47.75, 1000, 1000, 1000, 1000, 1000]
current_hyper_parameter
v: [28.53, 12.0, 34.62, 28.67, 34.42, 29.96, 26.52, 29.28, 13.99, 17.72, 14.8, 8.95, 12.03, 16.8]
a: [154.09, 50.0, 114.87, 43.55, 65.18, 136.66, 42.23, 119.86, 48.4, 131.36, 139.89, 39.77, 147.89, 116.69]
d: [3.5, 3.5, 5.41, 4.23, 5.46, 5.18, 3.5, 5.06, 6.07, 4.5, 5.97, 6.24, 4.81, 2.0]
BEST_hyper_parameter
v: [28.53, 12.0, 34.62, 28.67, 20.48, 30.15, 30.6, 29.28, 30.74, 19.99, 14.23, 18.14, 14.94, 16.8]
a: [154.09, 50.0, 114.87, 43.55, 96.46, 116.01, 102.6, 119.86, 48.4, 127.66, 133.81, 65.32, 84.18, 116.69]
d: [3.5, 3.5, 5.41, 4.23, 4.69, 5.1, 3.5, 5.06, 6.07, 4.5, 3.5, 3.5, 6.27, 2.0]

iteration: 19
best: [5.77, 7.44, 9.95, 13.03, 15.58, 19.98, 28.99, 31.67, 33.41, 34.55, 36.51, 39.19, 41.46, 42.42]
time: [5.65, 7.26, 10.02, 12.83, 15.65, 19.85, 37.52, 40.16, 1000, 1000, 1000, 1000, 1000, 1000]
current_hyper_parameter
v: [28.53, 12.0, 34.62, 28.67, 18.4, 25.33, 13.73, 29.28, 9.14, 17.14, 25.98, 28.94, 14.94, 17.77]
a: [154.09, 50.0, 114.87, 43.55, 96.46, 54.17, 44.37, 119.86, 94.82, 94.19, 141.72, 65.32, 84.18, 78.21]
d: [3.5, 3.5, 5.41, 4.23, 4.69, 5.1, 3.5, 5.06, 6.44, 4.5, 3.5, 5.99, 6.27, 2.0]
BEST_hyper_parameter
v: [28.53, 12.0, 34.62, 28.67, 20.48, 30.15, 30.6, 29.28, 30.74, 19.99, 14.23, 18.14, 14.94, 16.8]
a: [154.09, 50.0, 114.87, 43.55, 96.46, 116.01, 102.6, 119.86, 48.4, 127.66, 133.81, 65.32, 84.18, 116.69]
d: [3.5, 3.5, 5.41, 4.23, 4.69, 5.1, 3.5, 5.06, 6.07, 4.5, 3.5, 3.5, 6.27, 2.0]

iteration: 20
best: [5.77, 7.44, 9.95, 13.03, 15.58, 19.98, 28.99, 31.67, 33.41, 34.55, 36.51, 39.19, 41.46, 42.42]
time: [5.68, 7.25, 9.96, 12.83, 18.74, 21.8, 34.06, 36.66, 1000, 1000, 1000, 1000, 1000, 1000]
current_hyper_parameter
v: [28.53, 12.0, 34.62, 28.67, 20.48, 30.15, 16.92, 29.28, 10.39, 19.99, 14.23, 25.05, 33.79, 16.99]
a: [154.09, 50.0, 114.87, 43.55, 96.46, 116.01, 102.6, 119.86, 97.38, 127.66, 133.81, 73.4, 71.78, 116.69]
d: [3.5, 3.5, 5.41, 4.23, 4.69, 5.1, 4.16, 5.06, 4.88, 4.5, 3.5, 3.69, 4.74, 2.0]
BEST_hyper_parameter
v: [28.53, 12.0, 34.62, 28.67, 20.48, 30.15, 30.6, 29.28, 30.74, 19.99, 14.23, 18.14, 14.94, 16.8]
a: [154.09, 50.0, 114.87, 43.55, 96.46, 116.01, 102.6, 119.86, 48.4, 127.66, 133.81, 65.32, 84.18, 116.69]
d: [3.5, 3.5, 5.41, 4.23, 4.69, 5.1, 3.5, 5.06, 6.07, 4.5, 3.5, 3.5, 6.27, 2.0]

iteration: 21
best: [5.77, 7.44, 9.95, 13.03, 15.58, 19.98, 28.99, 31.67, 33.41, 34.55, 36.51, 39.19, 41.46, 42.42]
time: [5.68, 7.24, 9.97, 12.81, 18.72, 21.77, 30.77, 33.72, 1000, 1000, 1000, 1000, 1000, 1000]
current_hyper_parameter
v: [28.53, 12.0, 34.62, 28.67, 20.48, 30.15, 30.6, 28.1, 30.74, 12.02, 22.58, 28.08, 30.08, 34.55]
a: [154.09, 50.0, 114.87, 43.55, 96.46, 116.01, 102.6, 119.86, 48.4, 127.66, 158.87, 65.32, 109.33, 116.69]
d: [3.5, 3.5, 5.41, 4.23, 4.69, 5.1, 3.5, 4.52, 6.07, 4.5, 3.55, 3.5, 6.27, 2.0]
BEST_hyper_parameter
v: [28.53, 12.0, 34.62, 28.67, 20.48, 30.15, 30.6, 29.28, 30.74, 19.99, 14.23, 18.14, 14.94, 16.8]
a: [154.09, 50.0, 114.87, 43.55, 96.46, 116.01, 102.6, 119.86, 48.4, 127.66, 133.81, 65.32, 84.18, 116.69]
d: [3.5, 3.5, 5.41, 4.23, 4.69, 5.1, 3.5, 5.06, 6.07, 4.5, 3.5, 3.5, 6.27, 2.0]

iteration: 22
best: [5.77, 7.44, 9.95, 13.03, 15.58, 19.98, 28.99, 31.67, 33.41, 34.55, 36.51, 39.19, 41.46, 42.42]
time: [5.72, 7.38, 10.05, 12.81, 19.27, 22.86, 32.08, 34.76, 39.15, 40.67, 1000, 1000, 1000, 1000]
current_hyper_parameter
v: [28.53, 12.0, 34.62, 28.67, 33.08, 12.15, 34.99, 32.0, 30.74, 33.73, 14.23, 15.35, 11.04, 16.8]
a: [154.09, 50.0, 114.87, 43.55, 53.39, 103.61, 102.6, 119.86, 48.4, 127.66, 133.81, 59.4, 84.18, 116.69]
d: [3.5, 3.5, 5.41, 4.23, 4.53, 5.1, 3.94, 5.06, 6.07, 6.16, 3.5, 4.52, 4.1, 2.0]
BEST_hyper_parameter
v: [28.53, 12.0, 34.62, 28.67, 20.48, 30.15, 30.6, 29.28, 30.74, 19.99, 14.23, 18.14, 14.94, 16.8]
a: [154.09, 50.0, 114.87, 43.55, 96.46, 116.01, 102.6, 119.86, 48.4, 127.66, 133.81, 65.32, 84.18, 116.69]
d: [3.5, 3.5, 5.41, 4.23, 4.69, 5.1, 3.5, 5.06, 6.07, 4.5, 3.5, 3.5, 6.27, 2.0]

iteration: 23
best: [5.77, 7.44, 9.95, 13.03, 15.58, 19.98, 28.99, 31.67, 33.41, 34.55, 36.51, 39.19, 41.46, 42.42]
time: [5.66, 7.2, 9.92, 12.82, 18.78, 21.83, 31.22, 33.74, 35.06, 39.82, 1000, 1000, 1000, 1000]
current_hyper_parameter
v: [28.53, 12.0, 34.62, 28.67, 20.48, 27.87, 30.6, 29.28, 27.52, 27.12, 20.5, 34.85, 14.94, 16.8]
a: [154.09, 50.0, 114.87, 43.55, 96.46, 116.01, 102.6, 119.86, 46.47, 152.3, 89.94, 65.32, 84.18, 116.69]
d: [3.5, 3.5, 5.41, 4.23, 4.69, 5.1, 3.5, 5.06, 3.64, 4.66, 4.38, 4.56, 6.27, 2.0]
BEST_hyper_parameter
v: [28.53, 12.0, 34.62, 28.67, 20.48, 30.15, 30.6, 29.28, 30.74, 19.99, 14.23, 18.14, 14.94, 16.8]
a: [154.09, 50.0, 114.87, 43.55, 96.46, 116.01, 102.6, 119.86, 48.4, 127.66, 133.81, 65.32, 84.18, 116.69]
d: [3.5, 3.5, 5.41, 4.23, 4.69, 5.1, 3.5, 5.06, 6.07, 4.5, 3.5, 3.5, 6.27, 2.0]
mutation at idx = 1

iteration: 24
best: [5.77, 7.44, 9.95, 13.03, 15.58, 19.98, 28.99, 31.67, 33.41, 34.55, 36.51, 39.19, 41.46, 42.42]
time: [5.69, 10.19, 12.62, 15.3, 21.65, 24.44, 39.3, 1000, 1000, 1000, 1000, 1000, 1000, 1000]
current_hyper_parameter
v: [28.53, 10.87, 34.62, 28.67, 15.71, 28.33, 15.05, 21.5, 31.39, 11.46, 17.3, 11.57, 32.34, 9.6]
a: [154.09, 50.0, 114.87, 43.55, 133.16, 119.9, 37.57, 145.7, 48.4, 114.46, 79.8, 100.29, 94.32, 116.69]
d: [3.5, 6.49, 5.41, 4.23, 4.69, 5.62, 3.5, 5.06, 4.4, 4.5, 6.22, 3.5, 3.53, 2.0]
BEST_hyper_parameter
v: [28.53, 12.0, 34.62, 28.67, 20.48, 30.15, 30.6, 29.28, 30.74, 19.99, 14.23, 18.14, 14.94, 16.8]
a: [154.09, 50.0, 114.87, 43.55, 96.46, 116.01, 102.6, 119.86, 48.4, 127.66, 133.81, 65.32, 84.18, 116.69]
d: [3.5, 3.5, 5.41, 4.23, 4.69, 5.1, 3.5, 5.06, 6.07, 4.5, 3.5, 3.5, 6.27, 2.0]

iteration: 25
best: [5.77, 7.44, 9.95, 13.03, 15.58, 19.98, 28.99, 31.67, 33.41, 34.55, 36.51, 39.19, 41.46, 42.42]
time: [5.68, 7.06, 9.78, 11.86, 1000, 1000, 1000, 1000, 1000, 1000, 1000, 1000, 1000, 1000]
current_hyper_parameter
v: [28.53, 22.9, 15.95, 30.39, 27.38, 28.8, 22.9, 26.5, 23.79, 26.09, 18.04, 18.14, 24.38, 22.01]
a: [154.09, 130.46, 114.87, 140.87, 139.91, 116.01, 100.59, 102.87, 73.38, 59.48, 139.89, 65.32, 68.42, 53.71]
d: [3.5, 5.66, 5.55, 4.23, 4.11, 5.1, 3.5, 5.11, 6.07, 6.31, 3.5, 3.5, 4.83, 2.0]
BEST_hyper_parameter
v: [28.53, 12.0, 34.62, 28.67, 20.48, 30.15, 30.6, 29.28, 30.74, 19.99, 14.23, 18.14, 14.94, 16.8]
a: [154.09, 50.0, 114.87, 43.55, 96.46, 116.01, 102.6, 119.86, 48.4, 127.66, 133.81, 65.32, 84.18, 116.69]
d: [3.5, 3.5, 5.41, 4.23, 4.69, 5.1, 3.5, 5.06, 6.07, 4.5, 3.5, 3.5, 6.27, 2.0]
mutation at idx = 1

iteration: 26
best: [5.77, 7.44, 9.95, 11.86, 15.58, 19.98, 28.99, 31.67, 33.41, 34.55, 36.51, 39.19, 41.46, 42.42]
time: [5.69, 10.35, 25.74, 30.7, 36.42, 39.43, 1000, 1000, 1000, 1000, 1000, 1000, 1000, 1000]
current_hyper_parameter
v: [28.53, 21.47, 34.62, 30.39, 24.28, 30.15, 28.93, 29.28, 10.02, 17.22, 10.77, 18.14, 14.94, 29.52]
a: [154.09, 24.77, 114.87, 140.87, 129.53, 116.01, 76.15, 119.86, 142.19, 132.55, 133.81, 65.32, 84.18, 135.88]
d: [3.5, 6.3, 5.41, 4.23, 3.74, 5.1, 3.5, 5.06, 4.11, 3.55, 3.64, 3.5, 6.27, 2.0]
BEST_hyper_parameter
v: [28.53, 12.0, 34.62, 30.39, 20.48, 30.15, 30.6, 29.28, 30.74, 19.99, 14.23, 18.14, 14.94, 16.8]
a: [154.09, 50.0, 114.87, 140.87, 96.46, 116.01, 102.6, 119.86, 48.4, 127.66, 133.81, 65.32, 84.18, 116.69]
d: [3.5, 3.5, 5.41, 4.23, 4.69, 5.1, 3.5, 5.06, 6.07, 4.5, 3.5, 3.5, 6.27, 2.0]

iteration: 27
best: [5.77, 7.44, 9.95, 11.86, 15.58, 19.98, 28.99, 31.67, 33.41, 34.55, 36.51, 39.19, 41.46, 42.42]
time: [5.7, 10.34, 19.37, 24.7, 34.35, 1000, 1000, 1000, 1000, 1000, 1000, 1000, 1000, 1000]
current_hyper_parameter
v: [28.53, 26.49, 14.43, 32.33, 11.94, 12.56, 12.16, 29.28, 30.74, 14.48, 28.32, 33.14, 18.24, 12.97]
a: [154.09, 26.95, 114.87, 96.55, 149.8, 21.0, 102.6, 119.86, 48.4, 101.24, 43.94, 61.28, 84.18, 116.69]
d: [3.5, 4.99, 4.85, 3.99, 5.25, 5.4, 3.5, 5.06, 6.07, 5.08, 5.6, 3.61, 4.42, 2.0]
BEST_hyper_parameter
v: [28.53, 12.0, 34.62, 30.39, 20.48, 30.15, 30.6, 29.28, 30.74, 19.99, 14.23, 18.14, 14.94, 16.8]
a: [154.09, 50.0, 114.87, 140.87, 96.46, 116.01, 102.6, 119.86, 48.4, 127.66, 133.81, 65.32, 84.18, 116.69]
d: [3.5, 3.5, 5.41, 4.23, 4.69, 5.1, 3.5, 5.06, 6.07, 4.5, 3.5, 3.5, 6.27, 2.0]

iteration: 28
best: [5.77, 7.44, 9.95, 11.86, 15.58, 19.98, 28.99, 31.67, 33.41, 34.55, 36.51, 39.19, 41.46, 42.42]
time: [5.69, 7.25, 11.19, 16.47, 1000, 1000, 1000, 1000, 1000, 1000, 1000, 1000, 1000, 1000]
current_hyper_parameter
v: [28.53, 12.0, 26.54, 33.03, 12.4, 27.58, 18.24, 29.28, 30.74, 19.99, 33.63, 33.92, 18.02, 16.8]
a: [154.09, 50.0, 38.52, 143.71, 27.71, 69.23, 61.31, 119.86, 48.4, 127.66, 119.93, 23.32, 84.18, 116.69]
d: [3.5, 3.5, 5.41, 6.07, 5.73, 5.22, 3.5, 5.06, 6.07, 4.5, 3.5, 4.74, 6.27, 2.0]
BEST_hyper_parameter
v: [28.53, 12.0, 34.62, 30.39, 20.48, 30.15, 30.6, 29.28, 30.74, 19.99, 14.23, 18.14, 14.94, 16.8]
a: [154.09, 50.0, 114.87, 140.87, 96.46, 116.01, 102.6, 119.86, 48.4, 127.66, 133.81, 65.32, 84.18, 116.69]
d: [3.5, 3.5, 5.41, 4.23, 4.69, 5.1, 3.5, 5.06, 6.07, 4.5, 3.5, 3.5, 6.27, 2.0]

iteration: 29
best: [5.77, 7.44, 9.95, 11.86, 15.58, 19.98, 28.99, 31.67, 33.41, 34.55, 36.51, 39.19, 41.46, 42.42]
time: [5.67, 7.22, 10.93, 13.23, 20.18, 22.84, 36.2, 1000, 1000, 1000, 1000, 1000, 1000, 1000]
current_hyper_parameter
v: [28.53, 12.0, 33.51, 23.44, 8.63, 24.99, 26.75, 14.48, 25.47, 31.86, 8.68, 16.15, 14.94, 16.8]
a: [154.09, 50.0, 49.57, 140.87, 96.46, 116.01, 29.29, 119.86, 24.22, 127.66, 80.08, 65.32, 84.18, 116.69]
d: [3.5, 3.5, 6.27, 4.23, 3.92, 4.19, 5.17, 5.06, 6.07, 4.5, 3.5, 4.15, 6.27, 2.0]
BEST_hyper_parameter
v: [28.53, 12.0, 34.62, 30.39, 20.48, 30.15, 30.6, 29.28, 30.74, 19.99, 14.23, 18.14, 14.94, 16.8]
a: [154.09, 50.0, 114.87, 140.87, 96.46, 116.01, 102.6, 119.86, 48.4, 127.66, 133.81, 65.32, 84.18, 116.69]
d: [3.5, 3.5, 5.41, 4.23, 4.69, 5.1, 3.5, 5.06, 6.07, 4.5, 3.5, 3.5, 6.27, 2.0]

iteration: 30
best: [5.77, 7.44, 9.95, 11.86, 15.58, 19.98, 28.99, 31.67, 33.41, 34.55, 36.51, 39.19, 41.46, 42.42]
time: [5.68, 7.25, 9.94, 12.49, 15.61, 19.76, 35.23, 1000, 1000, 1000, 1000, 1000, 1000, 1000]
current_hyper_parameter
v: [28.53, 12.0, 33.75, 18.39, 12.16, 21.9, 16.76, 34.49, 9.68, 15.02, 14.23, 17.09, 33.95, 16.8]
a: [154.09, 50.0, 115.98, 78.45, 81.65, 49.9, 65.67, 119.86, 100.94, 127.66, 133.81, 65.32, 54.37, 116.69]
d: [3.5, 3.5, 5.63, 6.3, 4.14, 4.87, 3.98, 5.36, 5.23, 4.5, 3.5, 6.23, 6.1, 2.0]
BEST_hyper_parameter
v: [28.53, 12.0, 34.62, 30.39, 20.48, 30.15, 30.6, 29.28, 30.74, 19.99, 14.23, 18.14, 14.94, 16.8]
a: [154.09, 50.0, 114.87, 140.87, 96.46, 116.01, 102.6, 119.86, 48.4, 127.66, 133.81, 65.32, 84.18, 116.69]
d: [3.5, 3.5, 5.41, 4.23, 4.69, 5.1, 3.5, 5.06, 6.07, 4.5, 3.5, 3.5, 6.27, 2.0]
mutation at idx = 0

iteration: 31
best: [5.77, 7.44, 9.95, 11.86, 15.58, 19.98, 28.99, 31.67, 33.41, 34.55, 36.51, 39.19, 41.46, 42.42]
time: [5.79, 7.51, 10.11, 15.49, 27.24, 34.34, 44.16, 1000, 1000, 1000, 1000, 1000, 1000, 1000]
current_hyper_parameter
v: [21.29, 12.0, 34.62, 32.93, 28.03, 12.37, 30.57, 8.95, 22.4, 19.99, 15.39, 9.04, 9.32, 10.71]
a: [116.44, 50.0, 114.87, 138.15, 69.88, 116.01, 132.79, 119.86, 48.4, 127.66, 32.53, 55.09, 59.31, 26.22]
d: [3.5, 3.5, 5.41, 3.56, 4.69, 4.27, 3.5, 5.06, 3.61, 4.5, 5.47, 4.22, 3.94, 2.0]
BEST_hyper_parameter
v: [28.53, 12.0, 34.62, 30.39, 20.48, 30.15, 30.6, 29.28, 30.74, 19.99, 14.23, 18.14, 14.94, 16.8]
a: [154.09, 50.0, 114.87, 140.87, 96.46, 116.01, 102.6, 119.86, 48.4, 127.66, 133.81, 65.32, 84.18, 116.69]
d: [3.5, 3.5, 5.41, 4.23, 4.69, 5.1, 3.5, 5.06, 6.07, 4.5, 3.5, 3.5, 6.27, 2.0]

iteration: 32
best: [5.77, 7.44, 9.95, 11.86, 15.58, 19.98, 28.99, 31.67, 33.41, 34.55, 36.51, 39.19, 41.46, 42.42]
time: [5.72, 7.44, 10.1, 12.8, 18.73, 21.87, 31.06, 33.69, 1000, 1000, 1000, 1000, 1000, 1000]
current_hyper_parameter
v: [28.53, 12.0, 34.62, 16.89, 20.48, 25.64, 30.6, 29.28, 11.17, 19.99, 28.3, 26.7, 26.09, 18.09]
a: [154.09, 50.0, 114.87, 54.41, 96.46, 116.01, 102.6, 119.86, 48.4, 127.66, 133.81, 65.32, 81.45, 116.69]
d: [3.5, 3.5, 5.41, 6.14, 4.69, 3.75, 3.5, 5.06, 4.86, 4.5, 3.5, 3.5, 4.4, 2.0]
BEST_hyper_parameter
v: [28.53, 12.0, 34.62, 30.39, 20.48, 30.15, 30.6, 29.28, 30.74, 19.99, 14.23, 18.14, 14.94, 16.8]
a: [154.09, 50.0, 114.87, 140.87, 96.46, 116.01, 102.6, 119.86, 48.4, 127.66, 133.81, 65.32, 84.18, 116.69]
d: [3.5, 3.5, 5.41, 4.23, 4.69, 5.1, 3.5, 5.06, 6.07, 4.5, 3.5, 3.5, 6.27, 2.0]

iteration: 33
best: [5.77, 7.44, 9.95, 11.86, 15.58, 19.98, 28.99, 31.67, 33.41, 34.55, 36.51, 39.19, 41.46, 42.42]
time: [5.71, 7.28, 9.99, 15.08, 24.87, 39.75, 1000, 1000, 1000, 1000, 1000, 1000, 1000, 1000]
current_hyper_parameter
v: [28.53, 12.0, 34.62, 32.71, 25.87, 18.66, 10.69, 22.13, 24.81, 16.13, 9.83, 12.56, 14.94, 28.74]
a: [154.09, 50.0, 114.87, 140.87, 96.46, 116.01, 46.78, 119.86, 97.92, 139.84, 133.81, 76.99, 84.18, 116.69]
d: [3.5, 3.5, 5.41, 3.96, 6.32, 5.1, 6.48, 5.06, 6.07, 5.1, 3.5, 3.5, 6.27, 2.0]
BEST_hyper_parameter
v: [28.53, 12.0, 34.62, 30.39, 20.48, 30.15, 30.6, 29.28, 30.74, 19.99, 14.23, 18.14, 14.94, 16.8]
a: [154.09, 50.0, 114.87, 140.87, 96.46, 116.01, 102.6, 119.86, 48.4, 127.66, 133.81, 65.32, 84.18, 116.69]
d: [3.5, 3.5, 5.41, 4.23, 4.69, 5.1, 3.5, 5.06, 6.07, 4.5, 3.5, 3.5, 6.27, 2.0]

iteration: 34
best: [5.77, 7.44, 9.95, 11.86, 15.58, 19.98, 28.99, 31.67, 33.41, 34.55, 36.51, 39.19, 41.46, 42.42]
time: [5.69, 7.21, 9.95, 12.46, 17.98, 21.49, 30.94, 34.01, 1000, 1000, 1000, 1000, 1000, 1000]
current_hyper_parameter
v: [28.53, 12.0, 34.62, 21.86, 29.47, 16.55, 30.6, 19.11, 14.08, 21.27, 11.16, 10.58, 14.94, 16.8]
a: [154.09, 50.0, 114.87, 79.07, 96.46, 116.01, 102.6, 126.58, 54.92, 116.03, 133.81, 65.32, 84.18, 116.69]
d: [3.5, 3.5, 5.41, 4.23, 4.69, 4.9, 3.5, 5.46, 4.21, 3.95, 3.5, 5.58, 6.27, 2.0]
BEST_hyper_parameter
v: [28.53, 12.0, 34.62, 30.39, 20.48, 30.15, 30.6, 29.28, 30.74, 19.99, 14.23, 18.14, 14.94, 16.8]
a: [154.09, 50.0, 114.87, 140.87, 96.46, 116.01, 102.6, 119.86, 48.4, 127.66, 133.81, 65.32, 84.18, 116.69]
d: [3.5, 3.5, 5.41, 4.23, 4.69, 5.1, 3.5, 5.06, 6.07, 4.5, 3.5, 3.5, 6.27, 2.0]

iteration: 35
best: [5.77, 7.44, 9.95, 11.86, 15.58, 19.98, 28.99, 31.67, 33.41, 34.55, 36.51, 39.19, 41.46, 42.42]
time: [5.7, 7.25, 9.94, 12.01, 47.56, 1000, 1000, 1000, 1000, 1000, 1000, 1000, 1000, 1000]
current_hyper_parameter
v: [28.53, 12.0, 34.62, 30.6, 20.48, 17.6, 32.32, 33.43, 28.39, 10.92, 14.23, 25.58, 14.94, 16.8]
a: [154.09, 50.0, 114.87, 140.87, 96.46, 115.5, 102.6, 136.09, 48.4, 127.66, 133.81, 117.43, 84.18, 116.69]
d: [3.5, 3.5, 5.41, 5.73, 4.69, 6.18, 3.5, 5.06, 6.07, 4.5, 3.5, 3.64, 6.27, 2.0]
BEST_hyper_parameter
v: [28.53, 12.0, 34.62, 30.39, 20.48, 30.15, 30.6, 29.28, 30.74, 19.99, 14.23, 18.14, 14.94, 16.8]
a: [154.09, 50.0, 114.87, 140.87, 96.46, 116.01, 102.6, 119.86, 48.4, 127.66, 133.81, 65.32, 84.18, 116.69]
d: [3.5, 3.5, 5.41, 4.23, 4.69, 5.1, 3.5, 5.06, 6.07, 4.5, 3.5, 3.5, 6.27, 2.0]
mutation at idx = 1

iteration: 36
best: [5.77, 7.44, 9.95, 11.86, 15.58, 19.98, 28.99, 31.67, 33.41, 34.55, 36.51, 39.19, 41.46, 42.42]
time: [5.7, 7.01, 9.34, 14.48, 1000, 1000, 1000, 1000, 1000, 1000, 1000, 1000, 1000, 1000]
current_hyper_parameter
v: [28.53, 34.38, 34.62, 30.39, 10.02, 25.92, 14.18, 14.57, 17.25, 20.91, 8.55, 18.14, 18.58, 16.8]
a: [154.09, 158.45, 114.87, 140.87, 158.23, 116.01, 102.6, 119.86, 132.28, 127.66, 77.04, 65.32, 84.18, 116.69]
d: [3.5, 3.5, 5.41, 4.23, 5.41, 5.1, 3.5, 5.06, 6.07, 5.3, 3.5, 3.5, 4.89, 2.0]
BEST_hyper_parameter
v: [28.53, 12.0, 34.62, 30.39, 20.48, 30.15, 30.6, 29.28, 30.74, 19.99, 14.23, 18.14, 14.94, 16.8]
a: [154.09, 50.0, 114.87, 140.87, 96.46, 116.01, 102.6, 119.86, 48.4, 127.66, 133.81, 65.32, 84.18, 116.69]
d: [3.5, 3.5, 5.41, 4.23, 4.69, 5.1, 3.5, 5.06, 6.07, 4.5, 3.5, 3.5, 6.27, 2.0]

iteration: 37
best: [5.77, 7.44, 9.34, 11.86, 15.58, 19.98, 28.99, 31.67, 33.41, 34.55, 36.51, 39.19, 41.46, 42.42]
time: [5.7, 7.26, 9.99, 15.04, 1000, 1000, 1000, 1000, 1000, 1000, 1000, 1000, 1000, 1000]
current_hyper_parameter
v: [28.53, 12.0, 34.62, 30.39, 31.38, 20.08, 30.6, 34.87, 27.34, 19.99, 14.23, 27.92, 14.94, 28.74]
a: [154.09, 50.0, 114.87, 140.87, 81.16, 96.71, 102.6, 119.86, 48.4, 127.66, 133.81, 65.32, 84.18, 116.69]
d: [3.5, 3.5, 5.41, 4.23, 4.69, 3.56, 3.5, 4.28, 6.07, 3.63, 3.5, 5.06, 6.27, 2.0]
BEST_hyper_parameter
v: [28.53, 12.0, 34.62, 30.39, 20.48, 30.15, 30.6, 29.28, 30.74, 19.99, 14.23, 18.14, 14.94, 16.8]
a: [154.09, 50.0, 114.87, 140.87, 96.46, 116.01, 102.6, 119.86, 48.4, 127.66, 133.81, 65.32, 84.18, 116.69]
d: [3.5, 3.5, 5.41, 4.23, 4.69, 5.1, 3.5, 5.06, 6.07, 4.5, 3.5, 3.5, 6.27, 2.0]

iteration: 38
best: [5.77, 7.44, 9.34, 11.86, 15.58, 19.98, 28.99, 31.67, 33.41, 34.55, 36.51, 39.19, 41.46, 42.42]
time: [5.68, 7.3, 10.29, 13.19, 18.63, 23.25, 33.05, 1000, 1000, 1000, 1000, 1000, 1000, 1000]
current_hyper_parameter
v: [28.53, 12.0, 21.17, 10.59, 29.13, 25.35, 30.6, 26.73, 30.74, 9.09, 26.38, 27.75, 34.63, 24.06]
a: [154.09, 50.0, 114.87, 114.51, 151.4, 60.41, 102.6, 24.51, 48.4, 22.0, 145.07, 65.32, 84.18, 137.42]
d: [3.5, 3.5, 5.18, 5.52, 4.69, 6.31, 3.5, 5.97, 6.07, 4.5, 3.5, 3.88, 6.27, 2.0]
BEST_hyper_parameter
v: [28.53, 12.0, 34.62, 30.39, 20.48, 30.15, 30.6, 29.28, 30.74, 19.99, 14.23, 18.14, 14.94, 16.8]
a: [154.09, 50.0, 114.87, 140.87, 96.46, 116.01, 102.6, 119.86, 48.4, 127.66, 133.81, 65.32, 84.18, 116.69]
d: [3.5, 3.5, 5.41, 4.23, 4.69, 5.1, 3.5, 5.06, 6.07, 4.5, 3.5, 3.5, 6.27, 2.0]
mutation at idx = 1

iteration: 39
best: [5.77, 7.44, 9.34, 11.86, 15.58, 19.98, 28.99, 31.67, 33.41, 34.55, 36.51, 39.19, 41.46, 42.42]
time: [5.71, 7.21, 10.46, 13.6, 20.4, 25.59, 1000, 1000, 1000, 1000, 1000, 1000, 1000, 1000]
current_hyper_parameter
v: [28.53, 19.17, 16.81, 21.58, 13.51, 18.68, 14.92, 28.47, 22.83, 23.48, 19.98, 33.28, 24.0, 30.85]
a: [154.09, 50.0, 87.21, 38.56, 50.16, 22.3, 130.76, 139.96, 48.4, 127.66, 49.31, 65.32, 71.7, 43.23]
d: [3.5, 3.5, 4.63, 6.05, 4.69, 5.1, 3.5, 5.06, 3.71, 4.5, 3.5, 3.5, 6.27, 2.0]
BEST_hyper_parameter
v: [28.53, 12.0, 34.62, 30.39, 20.48, 30.15, 30.6, 29.28, 30.74, 19.99, 14.23, 18.14, 14.94, 16.8]
a: [154.09, 50.0, 114.87, 140.87, 96.46, 116.01, 102.6, 119.86, 48.4, 127.66, 133.81, 65.32, 84.18, 116.69]
d: [3.5, 3.5, 5.41, 4.23, 4.69, 5.1, 3.5, 5.06, 6.07, 4.5, 3.5, 3.5, 6.27, 2.0]

iteration: 40
best: [5.77, 7.44, 9.34, 11.86, 15.58, 19.98, 28.99, 31.67, 33.41, 34.55, 36.51, 39.19, 41.46, 42.42]
time: [5.68, 7.19, 9.96, 1000, 1000, 1000, 1000, 1000, 1000, 1000, 1000, 1000, 1000, 1000]
current_hyper_parameter
v: [28.53, 12.0, 30.9, 30.39, 20.48, 24.81, 26.17, 29.28, 30.74, 19.99, 31.03, 12.46, 34.55, 10.97]
a: [154.09, 50.0, 114.87, 140.87, 96.46, 116.01, 151.02, 119.86, 48.4, 127.66, 147.98, 84.76, 24.19, 119.36]
d: [3.5, 3.5, 5.41, 4.23, 4.69, 5.96, 3.5, 5.06, 6.07, 4.5, 4.77, 3.5, 5.23, 2.0]
BEST_hyper_parameter
v: [28.53, 12.0, 34.62, 30.39, 20.48, 30.15, 30.6, 29.28, 30.74, 19.99, 14.23, 18.14, 14.94, 16.8]
a: [154.09, 50.0, 114.87, 140.87, 96.46, 116.01, 102.6, 119.86, 48.4, 127.66, 133.81, 65.32, 84.18, 116.69]
d: [3.5, 3.5, 5.41, 4.23, 4.69, 5.1, 3.5, 5.06, 6.07, 4.5, 3.5, 3.5, 6.27, 2.0]
mutation at idx = 1

iteration: 41
best: [5.77, 7.44, 9.34, 11.86, 15.58, 19.98, 28.99, 31.67, 33.41, 34.55, 36.51, 39.19, 41.46, 42.42]
time: [5.69, 10.46, 14.16, 20.13, 27.68, 30.75, 43.92, 1000, 1000, 1000, 1000, 1000, 1000, 1000]
current_hyper_parameter
v: [28.53, 21.27, 25.76, 26.26, 20.3, 12.27, 19.84, 28.76, 16.13, 19.99, 16.23, 18.41, 14.94, 32.34]
a: [154.09, 31.54, 114.87, 103.86, 36.8, 116.01, 64.52, 107.27, 68.16, 127.66, 133.81, 65.32, 84.18, 92.06]
d: [3.5, 5.5, 5.5, 4.23, 4.69, 3.67, 4.5, 5.06, 6.07, 4.5, 4.33, 3.5, 6.27, 2.0]
BEST_hyper_parameter
v: [28.53, 12.0, 34.62, 30.39, 20.48, 30.15, 30.6, 29.28, 30.74, 19.99, 14.23, 18.14, 14.94, 16.8]
a: [154.09, 50.0, 114.87, 140.87, 96.46, 116.01, 102.6, 119.86, 48.4, 127.66, 133.81, 65.32, 84.18, 116.69]
d: [3.5, 3.5, 5.41, 4.23, 4.69, 5.1, 3.5, 5.06, 6.07, 4.5, 3.5, 3.5, 6.27, 2.0]

iteration: 42
best: [5.77, 7.44, 9.34, 11.86, 15.58, 19.98, 28.99, 31.67, 33.41, 34.55, 36.51, 39.19, 41.46, 42.42]
time: [5.67, 7.22, 10.12, 16.28, 1000, 1000, 1000, 1000, 1000, 1000, 1000, 1000, 1000, 1000]
current_hyper_parameter
v: [28.53, 18.8, 21.59, 13.2, 9.06, 30.15, 31.0, 15.91, 30.74, 23.56, 17.07, 18.14, 33.99, 16.8]
a: [154.09, 50.0, 114.87, 74.58, 143.33, 116.01, 75.11, 24.08, 48.4, 127.66, 56.36, 65.32, 153.37, 116.69]
d: [3.5, 3.5, 5.41, 5.31, 5.24, 5.1, 3.95, 5.82, 6.07, 4.5, 3.81, 3.5, 6.27, 2.0]
BEST_hyper_parameter
v: [28.53, 12.0, 34.62, 30.39, 20.48, 30.15, 30.6, 29.28, 30.74, 19.99, 14.23, 18.14, 14.94, 16.8]
a: [154.09, 50.0, 114.87, 140.87, 96.46, 116.01, 102.6, 119.86, 48.4, 127.66, 133.81, 65.32, 84.18, 116.69]
d: [3.5, 3.5, 5.41, 4.23, 4.69, 5.1, 3.5, 5.06, 6.07, 4.5, 3.5, 3.5, 6.27, 2.0]

iteration: 43
best: [5.77, 7.44, 9.34, 11.86, 15.58, 19.98, 28.99, 31.67, 33.41, 34.55, 36.51, 39.19, 41.46, 42.42]
time: [5.65, 7.27, 10.02, 23.63, 43.18, 1000, 1000, 1000, 1000, 1000, 1000, 1000, 1000, 1000]
current_hyper_parameter
v: [28.53, 12.0, 34.62, 30.39, 16.04, 8.83, 16.19, 19.66, 30.74, 19.99, 32.28, 10.36, 28.62, 30.34]
a: [154.09, 50.0, 114.87, 140.87, 96.46, 157.65, 102.6, 106.1, 48.4, 127.66, 133.81, 30.58, 93.71, 116.69]
d: [3.5, 3.5, 5.41, 4.23, 4.69, 5.1, 3.5, 5.41, 6.07, 4.5, 3.73, 5.53, 6.11, 2.0]
BEST_hyper_parameter
v: [28.53, 12.0, 34.62, 30.39, 20.48, 30.15, 30.6, 29.28, 30.74, 19.99, 14.23, 18.14, 14.94, 16.8]
a: [154.09, 50.0, 114.87, 140.87, 96.46, 116.01, 102.6, 119.86, 48.4, 127.66, 133.81, 65.32, 84.18, 116.69]
d: [3.5, 3.5, 5.41, 4.23, 4.69, 5.1, 3.5, 5.06, 6.07, 4.5, 3.5, 3.5, 6.27, 2.0]

iteration: 44
best: [5.77, 7.44, 9.34, 11.86, 15.58, 19.98, 28.99, 31.67, 33.41, 34.55, 36.51, 39.19, 41.46, 42.42]
time: [5.7, 7.24, 10.96, 13.65, 19.57, 34.62, 1000, 1000, 1000, 1000, 1000, 1000, 1000, 1000]
current_hyper_parameter
v: [28.53, 12.0, 10.3, 15.07, 25.52, 30.15, 21.61, 29.28, 23.27, 13.03, 14.23, 22.44, 14.94, 25.18]
a: [154.09, 50.0, 114.87, 140.87, 88.86, 116.01, 117.68, 119.86, 48.4, 82.3, 133.81, 65.32, 84.18, 56.37]
d: [3.5, 3.5, 5.41, 4.23, 5.28, 5.1, 3.5, 5.06, 6.07, 4.5, 3.5, 3.5, 6.27, 2.0]
BEST_hyper_parameter
v: [28.53, 12.0, 34.62, 30.39, 20.48, 30.15, 30.6, 29.28, 30.74, 19.99, 14.23, 18.14, 14.94, 16.8]
a: [154.09, 50.0, 114.87, 140.87, 96.46, 116.01, 102.6, 119.86, 48.4, 127.66, 133.81, 65.32, 84.18, 116.69]
d: [3.5, 3.5, 5.41, 4.23, 4.69, 5.1, 3.5, 5.06, 6.07, 4.5, 3.5, 3.5, 6.27, 2.0]
mutation at idx = 1

iteration: 45
best: [5.77, 7.44, 9.34, 11.86, 15.58, 19.98, 28.99, 31.67, 33.41, 34.55, 36.51, 39.19, 41.46, 42.42]
time: [5.7, 7.0, 9.77, 12.23, 1000, 1000, 1000, 1000, 1000, 1000, 1000, 1000, 1000, 1000]
current_hyper_parameter
v: [28.53, 30.2, 16.26, 19.14, 30.01, 30.15, 19.21, 29.13, 34.53, 19.99, 22.62, 26.15, 14.94, 16.8]
a: [154.09, 142.19, 55.92, 158.43, 96.46, 116.01, 126.58, 119.86, 48.4, 127.66, 113.53, 65.32, 84.18, 116.69]
d: [3.5, 3.5, 5.41, 4.23, 5.05, 5.1, 5.55, 4.97, 6.07, 4.5, 3.5, 5.29, 6.27, 2.0]
BEST_hyper_parameter
v: [28.53, 12.0, 34.62, 30.39, 20.48, 30.15, 30.6, 29.28, 30.74, 19.99, 14.23, 18.14, 14.94, 16.8]
a: [154.09, 50.0, 114.87, 140.87, 96.46, 116.01, 102.6, 119.86, 48.4, 127.66, 133.81, 65.32, 84.18, 116.69]
d: [3.5, 3.5, 5.41, 4.23, 4.69, 5.1, 3.5, 5.06, 6.07, 4.5, 3.5, 3.5, 6.27, 2.0]

iteration: 46
best: [5.77, 7.44, 9.34, 11.86, 15.58, 19.98, 28.99, 31.67, 33.41, 34.55, 36.51, 39.19, 41.46, 42.42]
time: [5.69, 7.25, 9.98, 20.32, 35.29, 38.44, 1000, 1000, 1000, 1000, 1000, 1000, 1000, 1000]
current_hyper_parameter
v: [28.53, 12.0, 34.62, 30.39, 20.48, 30.15, 27.2, 14.96, 28.12, 19.99, 29.15, 10.53, 12.89, 20.81]
a: [154.09, 50.0, 114.87, 140.87, 96.46, 116.01, 102.6, 45.27, 79.05, 127.66, 133.81, 85.94, 84.18, 154.02]
d: [3.5, 3.5, 5.41, 4.23, 4.69, 5.1, 5.62, 5.06, 6.07, 4.5, 3.5, 3.5, 6.27, 2.0]
BEST_hyper_parameter
v: [28.53, 12.0, 34.62, 30.39, 20.48, 30.15, 30.6, 29.28, 30.74, 19.99, 14.23, 18.14, 14.94, 16.8]
a: [154.09, 50.0, 114.87, 140.87, 96.46, 116.01, 102.6, 119.86, 48.4, 127.66, 133.81, 65.32, 84.18, 116.69]
d: [3.5, 3.5, 5.41, 4.23, 4.69, 5.1, 3.5, 5.06, 6.07, 4.5, 3.5, 3.5, 6.27, 2.0]

iteration: 47
best: [5.77, 7.44, 9.34, 11.86, 15.58, 19.98, 28.99, 31.67, 33.41, 34.55, 36.51, 39.19, 41.46, 42.42]
time: [5.71, 7.24, 11.1, 14.23, 20.29, 25.4, 36.17, 38.87, 1000, 1000, 1000, 1000, 1000, 1000]
current_hyper_parameter
v: [28.53, 12.0, 9.45, 34.92, 25.27, 9.79, 27.85, 29.28, 23.7, 29.93, 13.84, 8.64, 12.88, 33.25]
a: [154.09, 50.0, 114.87, 50.86, 72.5, 60.96, 102.6, 119.86, 73.94, 127.66, 133.81, 125.42, 57.41, 116.69]
d: [3.5, 3.5, 5.41, 4.02, 5.61, 4.38, 5.62, 5.06, 3.72, 4.54, 3.5, 3.5, 6.27, 2.0]
BEST_hyper_parameter
v: [28.53, 12.0, 34.62, 30.39, 20.48, 30.15, 30.6, 29.28, 30.74, 19.99, 14.23, 18.14, 14.94, 16.8]
a: [154.09, 50.0, 114.87, 140.87, 96.46, 116.01, 102.6, 119.86, 48.4, 127.66, 133.81, 65.32, 84.18, 116.69]
d: [3.5, 3.5, 5.41, 4.23, 4.69, 5.1, 3.5, 5.06, 6.07, 4.5, 3.5, 3.5, 6.27, 2.0]
mutation at idx = 0

iteration: 48
best: [5.77, 7.44, 9.34, 11.86, 15.58, 19.98, 28.99, 31.67, 33.41, 34.55, 36.51, 39.19, 41.46, 42.42]
time: [5.67, 7.26, 9.98, 15.15, 30.0, 33.97, 1000, 1000, 1000, 1000, 1000, 1000, 1000, 1000]
current_hyper_parameter
v: [25.48, 12.0, 34.62, 30.39, 34.05, 20.1, 26.36, 23.14, 16.4, 31.75, 12.23, 18.14, 21.68, 16.8]
a: [154.09, 50.0, 114.87, 140.87, 96.46, 65.52, 135.42, 81.0, 93.24, 110.47, 109.81, 65.32, 156.18, 116.69]
d: [3.59, 3.5, 5.41, 4.23, 4.06, 5.1, 3.5, 5.06, 6.07, 4.31, 5.37, 3.5, 4.58, 2.0]
BEST_hyper_parameter
v: [28.53, 12.0, 34.62, 30.39, 20.48, 30.15, 30.6, 29.28, 30.74, 19.99, 14.23, 18.14, 14.94, 16.8]
a: [154.09, 50.0, 114.87, 140.87, 96.46, 116.01, 102.6, 119.86, 48.4, 127.66, 133.81, 65.32, 84.18, 116.69]
d: [3.5, 3.5, 5.41, 4.23, 4.69, 5.1, 3.5, 5.06, 6.07, 4.5, 3.5, 3.5, 6.27, 2.0]

iteration: 49
best: [5.77, 7.44, 9.34, 11.86, 15.58, 19.98, 28.99, 31.67, 33.41, 34.55, 36.51, 39.19, 41.46, 42.42]
time: [5.7, 7.2, 9.91, 12.79, 1000, 1000, 1000, 1000, 1000, 1000, 1000, 1000, 1000, 1000]
current_hyper_parameter
v: [28.53, 12.0, 34.62, 26.58, 32.61, 30.15, 13.64, 31.57, 21.88, 9.5, 14.23, 18.14, 13.51, 15.7]
a: [154.09, 50.0, 114.87, 46.12, 127.46, 116.01, 102.6, 33.83, 96.94, 127.66, 133.81, 65.32, 117.83, 143.54]
d: [3.5, 3.5, 5.41, 6.12, 4.56, 5.1, 3.5, 4.87, 6.07, 4.5, 3.5, 3.5, 4.91, 2.0]
BEST_hyper_parameter
v: [28.53, 12.0, 34.62, 30.39, 20.48, 30.15, 30.6, 29.28, 30.74, 19.99, 14.23, 18.14, 14.94, 16.8]
a: [154.09, 50.0, 114.87, 140.87, 96.46, 116.01, 102.6, 119.86, 48.4, 127.66, 133.81, 65.32, 84.18, 116.69]
d: [3.5, 3.5, 5.41, 4.23, 4.69, 5.1, 3.5, 5.06, 6.07, 4.5, 3.5, 3.5, 6.27, 2.0]
mutation at idx = 1

iteration: 50
best: [5.77, 7.44, 9.34, 11.86, 15.58, 19.98, 28.99, 31.67, 33.41, 34.55, 36.51, 39.19, 41.46, 42.42]
time: [5.7, 7.19, 9.92, 13.09, 1000, 1000, 1000, 1000, 1000, 1000, 1000, 1000, 1000, 1000]
current_hyper_parameter
v: [28.53, 30.83, 25.3, 32.06, 34.65, 24.96, 16.5, 15.08, 27.41, 19.99, 17.01, 18.14, 19.06, 9.86]
a: [154.09, 50.0, 134.93, 32.65, 96.46, 40.35, 98.66, 119.86, 48.4, 127.66, 133.81, 65.32, 84.18, 116.69]
d: [3.5, 3.5, 5.41, 4.23, 5.69, 5.4, 3.59, 5.89, 5.75, 4.5, 4.96, 3.5, 6.0, 2.0]
BEST_hyper_parameter
v: [28.53, 12.0, 34.62, 30.39, 20.48, 30.15, 30.6, 29.28, 30.74, 19.99, 14.23, 18.14, 14.94, 16.8]
a: [154.09, 50.0, 114.87, 140.87, 96.46, 116.01, 102.6, 119.86, 48.4, 127.66, 133.81, 65.32, 84.18, 116.69]
d: [3.5, 3.5, 5.41, 4.23, 4.69, 5.1, 3.5, 5.06, 6.07, 4.5, 3.5, 3.5, 6.27, 2.0]

iteration: 51
best: [5.77, 7.44, 9.34, 11.86, 15.58, 19.98, 28.99, 31.67, 33.41, 34.55, 36.51, 39.19, 41.46, 42.42]
time: [5.66, 7.23, 10.01, 12.28, 17.58, 25.68, 36.91, 39.98, 1000, 1000, 1000, 1000, 1000, 1000]
current_hyper_parameter
v: [28.53, 12.0, 32.15, 19.61, 31.15, 19.57, 28.8, 33.91, 12.49, 25.32, 11.08, 32.38, 16.52, 18.48]
a: [154.09, 50.0, 114.87, 140.87, 129.72, 25.22, 102.76, 152.7, 48.4, 77.09, 65.54, 119.68, 54.73, 116.69]
d: [3.5, 3.5, 5.15, 4.23, 4.69, 5.1, 3.5, 5.06, 6.07, 4.01, 5.52, 3.5, 5.17, 2.0]
BEST_hyper_parameter
v: [28.53, 12.0, 34.62, 30.39, 20.48, 30.15, 30.6, 29.28, 30.74, 19.99, 14.23, 18.14, 14.94, 16.8]
a: [154.09, 50.0, 114.87, 140.87, 96.46, 116.01, 102.6, 119.86, 48.4, 127.66, 133.81, 65.32, 84.18, 116.69]
d: [3.5, 3.5, 5.41, 4.23, 4.69, 5.1, 3.5, 5.06, 6.07, 4.5, 3.5, 3.5, 6.27, 2.0]
mutation at idx = 1

iteration: 52
best: [5.77, 7.44, 9.34, 11.86, 15.58, 19.98, 28.99, 31.67, 33.41, 34.55, 36.51, 39.19, 41.46, 42.42]
time: [5.66, 7.23, 9.96, 15.07, 34.05, 37.23, 1000, 1000, 1000, 1000, 1000, 1000, 1000, 1000]
current_hyper_parameter
v: [28.53, 11.33, 34.62, 30.39, 25.27, 30.15, 32.16, 27.48, 30.74, 29.57, 20.87, 32.61, 29.97, 14.46]
a: [154.09, 50.0, 114.87, 140.87, 96.46, 116.01, 150.71, 113.04, 48.4, 75.93, 36.17, 65.31, 93.93, 116.69]
d: [3.5, 3.5, 5.41, 4.23, 4.69, 5.1, 3.5, 5.06, 6.07, 4.5, 6.42, 4.37, 6.27, 2.0]
BEST_hyper_parameter
v: [28.53, 12.0, 34.62, 30.39, 20.48, 30.15, 30.6, 29.28, 30.74, 19.99, 14.23, 18.14, 14.94, 16.8]
a: [154.09, 50.0, 114.87, 140.87, 96.46, 116.01, 102.6, 119.86, 48.4, 127.66, 133.81, 65.32, 84.18, 116.69]
d: [3.5, 3.5, 5.41, 4.23, 4.69, 5.1, 3.5, 5.06, 6.07, 4.5, 3.5, 3.5, 6.27, 2.0]

iteration: 53
best: [5.77, 7.44, 9.34, 11.86, 15.58, 19.98, 28.99, 31.67, 33.41, 34.55, 36.51, 39.19, 41.46, 42.42]
time: [5.68, 7.23, 10.74, 14.41, 17.58, 22.7, 41.52, 1000, 1000, 1000, 1000, 1000, 1000, 1000]
current_hyper_parameter
v: [28.53, 12.0, 25.55, 32.07, 13.56, 10.48, 14.27, 33.3, 30.74, 19.99, 30.01, 24.33, 14.94, 8.54]
a: [154.09, 50.0, 60.03, 38.57, 147.06, 44.4, 102.6, 109.14, 48.4, 127.66, 43.21, 120.85, 84.18, 96.03]
d: [3.5, 3.5, 5.33, 4.97, 4.69, 5.1, 3.5, 5.06, 6.07, 4.5, 3.76, 3.5, 6.27, 2.0]
BEST_hyper_parameter
v: [28.53, 12.0, 34.62, 30.39, 20.48, 30.15, 30.6, 29.28, 30.74, 19.99, 14.23, 18.14, 14.94, 16.8]
a: [154.09, 50.0, 114.87, 140.87, 96.46, 116.01, 102.6, 119.86, 48.4, 127.66, 133.81, 65.32, 84.18, 116.69]
d: [3.5, 3.5, 5.41, 4.23, 4.69, 5.1, 3.5, 5.06, 6.07, 4.5, 3.5, 3.5, 6.27, 2.0]

iteration: 54
best: [5.77, 7.44, 9.34, 11.86, 15.58, 19.98, 28.99, 31.67, 33.41, 34.55, 36.51, 39.19, 41.46, 42.42]
time: [5.67, 7.23, 9.95, 20.37, 28.19, 1000, 1000, 1000, 1000, 1000, 1000, 1000, 1000, 1000]
current_hyper_parameter
v: [28.53, 12.0, 34.62, 30.39, 20.48, 9.78, 18.39, 16.83, 22.68, 11.68, 25.28, 31.38, 33.55, 16.8]
a: [154.09, 50.0, 114.87, 140.87, 96.46, 48.39, 102.6, 101.47, 119.23, 127.66, 64.82, 65.32, 43.5, 116.69]
d: [3.5, 3.5, 5.41, 4.23, 4.69, 3.62, 3.5, 5.3, 6.07, 4.5, 3.5, 4.26, 3.77, 2.0]
BEST_hyper_parameter
v: [28.53, 12.0, 34.62, 30.39, 20.48, 30.15, 30.6, 29.28, 30.74, 19.99, 14.23, 18.14, 14.94, 16.8]
a: [154.09, 50.0, 114.87, 140.87, 96.46, 116.01, 102.6, 119.86, 48.4, 127.66, 133.81, 65.32, 84.18, 116.69]
d: [3.5, 3.5, 5.41, 4.23, 4.69, 5.1, 3.5, 5.06, 6.07, 4.5, 3.5, 3.5, 6.27, 2.0]

iteration: 55
best: [5.77, 7.44, 9.34, 11.86, 15.58, 19.98, 28.99, 31.67, 33.41, 34.55, 36.51, 39.19, 41.46, 42.42]
time: [5.68, 7.25, 10.0, 12.85, 18.45, 23.91, 36.77, 39.81, 41.61, 1000, 1000, 1000, 1000, 1000]
current_hyper_parameter
v: [28.53, 12.0, 24.22, 9.5, 31.48, 28.59, 23.25, 19.27, 23.12, 19.99, 34.4, 10.21, 19.46, 28.31]
a: [154.09, 50.0, 152.95, 137.41, 96.46, 27.04, 134.61, 86.6, 48.4, 127.66, 38.72, 149.91, 51.65, 116.69]
d: [3.5, 3.5, 5.41, 5.08, 4.69, 3.98, 4.94, 5.06, 3.83, 4.5, 3.97, 3.5, 4.52, 2.0]
BEST_hyper_parameter
v: [28.53, 12.0, 34.62, 30.39, 20.48, 30.15, 30.6, 29.28, 30.74, 19.99, 14.23, 18.14, 14.94, 16.8]
a: [154.09, 50.0, 114.87, 140.87, 96.46, 116.01, 102.6, 119.86, 48.4, 127.66, 133.81, 65.32, 84.18, 116.69]
d: [3.5, 3.5, 5.41, 4.23, 4.69, 5.1, 3.5, 5.06, 6.07, 4.5, 3.5, 3.5, 6.27, 2.0]

iteration: 56
best: [5.77, 7.44, 9.34, 11.86, 15.58, 19.98, 28.99, 31.67, 33.41, 34.55, 36.51, 39.19, 41.46, 42.42]
time: [5.68, 7.29, 10.01, 15.27, 1000, 1000, 1000, 1000, 1000, 1000, 1000, 1000, 1000, 1000]
current_hyper_parameter
v: [28.53, 12.0, 34.62, 19.39, 18.65, 13.15, 23.79, 29.28, 34.07, 19.99, 32.36, 18.14, 14.94, 28.95]
a: [154.09, 50.0, 114.87, 140.87, 139.52, 40.2, 54.72, 119.86, 48.4, 127.66, 133.81, 65.32, 84.18, 150.76]
d: [3.5, 3.5, 5.41, 5.35, 4.55, 5.13, 4.71, 5.06, 6.12, 4.5, 3.5, 3.5, 6.27, 2.0]
BEST_hyper_parameter
v: [28.53, 12.0, 34.62, 30.39, 20.48, 30.15, 30.6, 29.28, 30.74, 19.99, 14.23, 18.14, 14.94, 16.8]
a: [154.09, 50.0, 114.87, 140.87, 96.46, 116.01, 102.6, 119.86, 48.4, 127.66, 133.81, 65.32, 84.18, 116.69]
d: [3.5, 3.5, 5.41, 4.23, 4.69, 5.1, 3.5, 5.06, 6.07, 4.5, 3.5, 3.5, 6.27, 2.0]
mutation at idx = 0
mutation at idx = 1

iteration: 57
best: [5.77, 7.44, 9.34, 11.86, 15.58, 19.98, 28.99, 31.67, 33.41, 34.55, 36.51, 39.19, 41.46, 42.42]
time: [5.69, 7.42, 10.41, 14.01, 20.23, 23.01, 31.99, 34.76, 1000, 1000, 1000, 1000, 1000, 1000]
current_hyper_parameter
v: [34.15, 20.92, 18.79, 11.84, 14.52, 30.15, 30.6, 29.28, 30.74, 25.39, 14.23, 15.96, 27.37, 16.81]
a: [154.09, 50.0, 144.28, 27.77, 104.02, 116.01, 102.6, 119.86, 48.4, 127.66, 133.81, 134.62, 97.12, 91.64]
d: [5.72, 3.5, 5.41, 5.49, 4.69, 5.1, 3.5, 5.06, 6.07, 4.5, 3.5, 4.7, 3.69, 2.0]
BEST_hyper_parameter
v: [28.53, 12.0, 34.62, 30.39, 20.48, 30.15, 30.6, 29.28, 30.74, 19.99, 14.23, 18.14, 14.94, 16.8]
a: [154.09, 50.0, 114.87, 140.87, 96.46, 116.01, 102.6, 119.86, 48.4, 127.66, 133.81, 65.32, 84.18, 116.69]
d: [3.5, 3.5, 5.41, 4.23, 4.69, 5.1, 3.5, 5.06, 6.07, 4.5, 3.5, 3.5, 6.27, 2.0]

iteration: 58
best: [5.77, 7.44, 9.34, 11.86, 15.58, 19.98, 28.99, 31.67, 33.41, 34.55, 36.51, 39.19, 41.46, 42.42]
time: [5.69, 7.24, 10.79, 15.97, 1000, 1000, 1000, 1000, 1000, 1000, 1000, 1000, 1000, 1000]
current_hyper_parameter
v: [28.53, 12.0, 12.42, 30.39, 24.64, 23.45, 30.6, 29.28, 24.46, 24.32, 34.37, 18.14, 23.47, 11.74]
a: [154.09, 50.0, 114.87, 140.87, 127.49, 118.89, 102.6, 119.86, 86.44, 127.66, 158.11, 65.32, 84.18, 117.03]
d: [3.5, 3.5, 6.04, 4.23, 4.69, 5.1, 3.5, 5.06, 6.33, 4.5, 3.5, 3.5, 6.35, 2.0]
BEST_hyper_parameter
v: [28.53, 12.0, 34.62, 30.39, 20.48, 30.15, 30.6, 29.28, 30.74, 19.99, 14.23, 18.14, 14.94, 16.8]
a: [154.09, 50.0, 114.87, 140.87, 96.46, 116.01, 102.6, 119.86, 48.4, 127.66, 133.81, 65.32, 84.18, 116.69]
d: [3.5, 3.5, 5.41, 4.23, 4.69, 5.1, 3.5, 5.06, 6.07, 4.5, 3.5, 3.5, 6.27, 2.0]

iteration: 59
best: [5.77, 7.44, 9.34, 11.86, 15.58, 19.98, 28.99, 31.67, 33.41, 34.55, 36.51, 39.19, 41.46, 42.42]
time: [5.67, 7.23, 11.19, 14.71, 21.54, 25.37, 1000, 1000, 1000, 1000, 1000, 1000, 1000, 1000]
current_hyper_parameter
v: [28.53, 12.0, 8.99, 14.95, 31.4, 9.77, 12.9, 28.62, 13.6, 25.04, 14.46, 18.14, 22.94, 21.79]
a: [154.09, 50.0, 114.87, 59.06, 46.34, 65.6, 154.48, 119.86, 31.43, 127.46, 133.81, 65.32, 84.18, 116.69]
d: [3.5, 3.5, 5.41, 4.23, 4.33, 5.67, 3.7, 5.06, 5.51, 4.5, 5.7, 3.5, 6.27, 2.0]
BEST_hyper_parameter
v: [28.53, 12.0, 34.62, 30.39, 20.48, 30.15, 30.6, 29.28, 30.74, 19.99, 14.23, 18.14, 14.94, 16.8]
a: [154.09, 50.0, 114.87, 140.87, 96.46, 116.01, 102.6, 119.86, 48.4, 127.66, 133.81, 65.32, 84.18, 116.69]
d: [3.5, 3.5, 5.41, 4.23, 4.69, 5.1, 3.5, 5.06, 6.07, 4.5, 3.5, 3.5, 6.27, 2.0]

iteration: 60
best: [5.77, 7.44, 9.34, 11.86, 15.58, 19.98, 28.99, 31.67, 33.41, 34.55, 36.51, 39.19, 41.46, 42.42]
time: [5.66, 7.24, 11.42, 13.69, 19.19, 27.83, 37.36, 1000, 1000, 1000, 1000, 1000, 1000, 1000]
current_hyper_parameter
v: [28.53, 12.0, 31.32, 30.39, 29.39, 26.11, 31.53, 10.11, 13.53, 21.82, 16.11, 18.43, 19.43, 30.74]
a: [154.09, 50.0, 32.95, 140.87, 130.97, 64.33, 102.6, 63.67, 72.0, 54.78, 94.62, 116.77, 84.18, 64.78]
d: [3.5, 3.5, 5.41, 4.23, 4.69, 5.51, 3.5, 5.44, 4.82, 4.76, 3.5, 5.43, 6.27, 2.0]
BEST_hyper_parameter
v: [28.53, 12.0, 34.62, 30.39, 20.48, 30.15, 30.6, 29.28, 30.74, 19.99, 14.23, 18.14, 14.94, 16.8]
a: [154.09, 50.0, 114.87, 140.87, 96.46, 116.01, 102.6, 119.86, 48.4, 127.66, 133.81, 65.32, 84.18, 116.69]
d: [3.5, 3.5, 5.41, 4.23, 4.69, 5.1, 3.5, 5.06, 6.07, 4.5, 3.5, 3.5, 6.27, 2.0]
mutation at idx = 0

iteration: 61
best: [5.77, 7.44, 9.34, 11.86, 15.58, 19.98, 28.99, 31.67, 33.41, 34.55, 36.51, 39.19, 41.46, 42.42]
time: [6.46, 8.81, 11.45, 13.74, 19.93, 22.77, 32.72, 35.54, 36.96, 38.61, 1000, 1000, 1000, 1000]
current_hyper_parameter
v: [10.86, 12.0, 34.62, 20.01, 11.49, 25.11, 29.93, 20.55, 17.33, 19.99, 32.64, 20.17, 16.65, 14.38]
a: [67.66, 50.0, 114.87, 140.87, 76.56, 93.33, 101.39, 91.1, 138.05, 127.66, 73.57, 123.71, 76.6, 63.5]
d: [3.5, 3.5, 5.41, 4.23, 5.37, 5.05, 3.5, 5.31, 6.41, 4.5, 3.5, 6.06, 4.35, 2.0]
BEST_hyper_parameter
v: [28.53, 12.0, 34.62, 30.39, 20.48, 30.15, 30.6, 29.28, 30.74, 19.99, 14.23, 18.14, 14.94, 16.8]
a: [154.09, 50.0, 114.87, 140.87, 96.46, 116.01, 102.6, 119.86, 48.4, 127.66, 133.81, 65.32, 84.18, 116.69]
d: [3.5, 3.5, 5.41, 4.23, 4.69, 5.1, 3.5, 5.06, 6.07, 4.5, 3.5, 3.5, 6.27, 2.0]

iteration: 62
best: [5.77, 7.44, 9.34, 11.86, 15.58, 19.98, 28.99, 31.67, 33.41, 34.55, 36.51, 39.19, 41.46, 42.42]
time: [6.51, 8.76, 11.46, 13.72, 1000, 1000, 1000, 1000, 1000, 1000, 1000, 1000, 1000, 1000]
current_hyper_parameter
v: [9.46, 20.38, 24.22, 21.33, 31.59, 13.89, 26.51, 29.28, 12.28, 19.99, 21.57, 20.49, 18.79, 28.27]
a: [89.47, 50.0, 134.78, 140.87, 96.46, 132.68, 102.6, 119.86, 34.57, 127.66, 56.45, 65.32, 39.37, 36.6]
d: [3.5, 3.5, 5.54, 4.16, 4.69, 5.1, 5.58, 5.06, 6.07, 4.5, 5.72, 4.87, 6.27, 2.0]
BEST_hyper_parameter
v: [28.53, 12.0, 34.62, 30.39, 20.48, 30.15, 30.6, 29.28, 30.74, 19.99, 14.23, 18.14, 14.94, 16.8]
a: [154.09, 50.0, 114.87, 140.87, 96.46, 116.01, 102.6, 119.86, 48.4, 127.66, 133.81, 65.32, 84.18, 116.69]
d: [3.5, 3.5, 5.41, 4.23, 4.69, 5.1, 3.5, 5.06, 6.07, 4.5, 3.5, 3.5, 6.27, 2.0]

iteration: 63
best: [5.77, 7.44, 9.34, 11.86, 15.58, 19.98, 28.99, 31.67, 33.41, 34.55, 36.51, 39.19, 41.46, 42.42]
time: [5.91, 7.81, 10.34, 12.82, 18.72, 1000, 1000, 1000, 1000, 1000, 1000, 1000, 1000, 1000]
current_hyper_parameter
v: [16.06, 15.42, 34.62, 17.48, 25.95, 13.88, 34.93, 20.01, 12.75, 19.99, 14.23, 13.11, 14.94, 27.48]
a: [154.09, 42.49, 114.87, 140.87, 96.46, 48.73, 95.0, 57.65, 76.89, 127.66, 133.81, 57.32, 84.18, 116.69]
d: [6.08, 4.82, 5.41, 4.23, 4.69, 4.36, 4.01, 3.77, 6.07, 4.5, 3.5, 3.5, 6.27, 2.0]
BEST_hyper_parameter
v: [28.53, 12.0, 34.62, 30.39, 20.48, 30.15, 30.6, 29.28, 30.74, 19.99, 14.23, 18.14, 14.94, 16.8]
a: [154.09, 50.0, 114.87, 140.87, 96.46, 116.01, 102.6, 119.86, 48.4, 127.66, 133.81, 65.32, 84.18, 116.69]
d: [3.5, 3.5, 5.41, 4.23, 4.69, 5.1, 3.5, 5.06, 6.07, 4.5, 3.5, 3.5, 6.27, 2.0]

iteration: 64
best: [5.77, 7.44, 9.34, 11.86, 15.58, 19.98, 28.99, 31.67, 33.41, 34.55, 36.51, 39.19, 41.46, 42.42]
time: [5.69, 7.21, 9.93, 1000, 1000, 1000, 1000, 1000, 1000, 1000, 1000, 1000, 1000, 1000]
current_hyper_parameter
v: [28.53, 12.0, 34.62, 33.9, 13.94, 22.54, 31.53, 29.28, 24.72, 19.99, 24.79, 29.03, 22.9, 9.71]
a: [154.09, 50.0, 114.87, 125.15, 137.44, 108.65, 102.6, 119.86, 53.7, 127.66, 76.5, 65.32, 63.8, 29.19]
d: [3.5, 3.5, 5.41, 4.23, 4.69, 5.41, 3.5, 5.06, 3.85, 4.5, 3.5, 3.5, 6.1, 2.0]
BEST_hyper_parameter
v: [28.53, 12.0, 34.62, 30.39, 20.48, 30.15, 30.6, 29.28, 30.74, 19.99, 14.23, 18.14, 14.94, 16.8]
a: [154.09, 50.0, 114.87, 140.87, 96.46, 116.01, 102.6, 119.86, 48.4, 127.66, 133.81, 65.32, 84.18, 116.69]
d: [3.5, 3.5, 5.41, 4.23, 4.69, 5.1, 3.5, 5.06, 6.07, 4.5, 3.5, 3.5, 6.27, 2.0]

iteration: 65
best: [5.77, 7.44, 9.34, 11.86, 15.58, 19.98, 28.99, 31.67, 33.41, 34.55, 36.51, 39.19, 41.46, 42.42]
time: [5.69, 7.21, 9.92, 20.05, 26.35, 33.06, 1000, 1000, 1000, 1000, 1000, 1000, 1000, 1000]
current_hyper_parameter
v: [28.53, 12.0, 34.62, 19.14, 20.48, 16.4, 23.55, 30.67, 30.74, 20.18, 8.56, 32.64, 21.2, 23.33]
a: [154.09, 50.0, 114.87, 140.87, 96.46, 116.01, 126.1, 136.27, 48.4, 21.89, 107.44, 59.85, 105.36, 116.69]
d: [3.5, 3.5, 5.41, 5.64, 4.69, 5.1, 3.5, 5.06, 6.07, 5.63, 3.5, 4.47, 4.18, 2.0]
BEST_hyper_parameter
v: [28.53, 12.0, 34.62, 30.39, 20.48, 30.15, 30.6, 29.28, 30.74, 19.99, 14.23, 18.14, 14.94, 16.8]
a: [154.09, 50.0, 114.87, 140.87, 96.46, 116.01, 102.6, 119.86, 48.4, 127.66, 133.81, 65.32, 84.18, 116.69]
d: [3.5, 3.5, 5.41, 4.23, 4.69, 5.1, 3.5, 5.06, 6.07, 4.5, 3.5, 3.5, 6.27, 2.0]

iteration: 66
best: [5.77, 7.44, 9.34, 11.86, 15.58, 19.98, 28.99, 31.67, 33.41, 34.55, 36.51, 39.19, 41.46, 42.42]
time: [5.71, 7.21, 10.99, 1000, 1000, 1000, 1000, 1000, 1000, 1000, 1000, 1000, 1000, 1000]
current_hyper_parameter
v: [28.53, 12.0, 9.58, 26.99, 27.74, 11.89, 32.9, 18.27, 30.74, 29.72, 16.74, 13.56, 14.94, 16.8]
a: [154.09, 50.0, 150.07, 140.87, 96.46, 116.01, 53.96, 119.86, 48.4, 127.66, 65.69, 49.0, 84.18, 116.69]
d: [3.5, 3.5, 5.41, 4.86, 4.69, 5.1, 3.5, 5.06, 6.07, 3.61, 4.63, 3.5, 6.27, 2.0]
BEST_hyper_parameter
v: [28.53, 12.0, 34.62, 30.39, 20.48, 30.15, 30.6, 29.28, 30.74, 19.99, 14.23, 18.14, 14.94, 16.8]
a: [154.09, 50.0, 114.87, 140.87, 96.46, 116.01, 102.6, 119.86, 48.4, 127.66, 133.81, 65.32, 84.18, 116.69]
d: [3.5, 3.5, 5.41, 4.23, 4.69, 5.1, 3.5, 5.06, 6.07, 4.5, 3.5, 3.5, 6.27, 2.0]

iteration: 67
best: [5.77, 7.44, 9.34, 11.86, 15.58, 19.98, 28.99, 31.67, 33.41, 34.55, 36.51, 39.19, 41.46, 42.42]
time: [5.68, 7.25, 10.53, 12.81, 18.83, 21.45, 31.55, 34.26, 35.56, 42.41, 1000, 1000, 1000, 1000]
current_hyper_parameter
v: [28.53, 12.0, 25.98, 30.39, 19.63, 26.52, 24.7, 27.14, 33.77, 30.35, 30.52, 18.14, 32.77, 23.96]
a: [154.09, 50.0, 73.63, 140.87, 66.43, 121.09, 102.6, 119.86, 48.4, 105.85, 33.42, 65.32, 84.18, 116.69]
d: [3.5, 3.5, 5.41, 4.23, 4.69, 5.1, 3.5, 5.31, 6.07, 5.84, 6.46, 3.5, 6.27, 2.0]
BEST_hyper_parameter
v: [28.53, 12.0, 34.62, 30.39, 20.48, 30.15, 30.6, 29.28, 30.74, 19.99, 14.23, 18.14, 14.94, 16.8]
a: [154.09, 50.0, 114.87, 140.87, 96.46, 116.01, 102.6, 119.86, 48.4, 127.66, 133.81, 65.32, 84.18, 116.69]
d: [3.5, 3.5, 5.41, 4.23, 4.69, 5.1, 3.5, 5.06, 6.07, 4.5, 3.5, 3.5, 6.27, 2.0]

iteration: 68
best: [5.77, 7.44, 9.34, 11.86, 15.58, 19.98, 28.99, 31.67, 33.41, 34.55, 36.51, 39.19, 41.46, 42.42]
time: [5.69, 7.25, 10.37, 12.4, 17.94, 31.25, 40.41, 42.91, 1000, 1000, 1000, 1000, 1000, 1000]
current_hyper_parameter
v: [28.53, 12.0, 33.5, 30.39, 29.21, 30.15, 28.58, 29.28, 13.02, 10.32, 27.71, 30.07, 25.19, 11.62]
a: [154.09, 50.0, 76.23, 140.87, 95.51, 116.01, 105.54, 119.86, 31.84, 51.23, 73.18, 64.24, 119.84, 40.39]
d: [3.5, 3.5, 6.29, 4.23, 5.94, 5.1, 3.5, 5.06, 6.32, 4.48, 3.5, 5.99, 6.42, 2.0]
BEST_hyper_parameter
v: [28.53, 12.0, 34.62, 30.39, 20.48, 30.15, 30.6, 29.28, 30.74, 19.99, 14.23, 18.14, 14.94, 16.8]
a: [154.09, 50.0, 114.87, 140.87, 96.46, 116.01, 102.6, 119.86, 48.4, 127.66, 133.81, 65.32, 84.18, 116.69]
d: [3.5, 3.5, 5.41, 4.23, 4.69, 5.1, 3.5, 5.06, 6.07, 4.5, 3.5, 3.5, 6.27, 2.0]

iteration: 69
best: [5.77, 7.44, 9.34, 11.86, 15.58, 19.98, 28.99, 31.67, 33.41, 34.55, 36.51, 39.19, 41.46, 42.42]
time: [5.67, 7.18, 9.91, 12.3, 22.37, 31.02, 39.8, 42.38, 43.92, 1000, 1000, 1000, 1000, 1000]
current_hyper_parameter
v: [28.53, 12.0, 34.62, 21.5, 29.21, 34.16, 34.25, 31.05, 30.74, 19.99, 14.23, 11.68, 11.48, 16.8]
a: [154.09, 50.0, 114.87, 102.51, 96.46, 86.72, 131.57, 110.8, 48.4, 127.66, 133.81, 20.38, 120.23, 116.69]
d: [3.5, 3.5, 5.41, 4.23, 4.69, 3.99, 3.5, 5.06, 6.07, 4.5, 3.5, 3.55, 6.27, 2.0]
BEST_hyper_parameter
v: [28.53, 12.0, 34.62, 30.39, 20.48, 30.15, 30.6, 29.28, 30.74, 19.99, 14.23, 18.14, 14.94, 16.8]
a: [154.09, 50.0, 114.87, 140.87, 96.46, 116.01, 102.6, 119.86, 48.4, 127.66, 133.81, 65.32, 84.18, 116.69]
d: [3.5, 3.5, 5.41, 4.23, 4.69, 5.1, 3.5, 5.06, 6.07, 4.5, 3.5, 3.5, 6.27, 2.0]

iteration: 70
best: [5.77, 7.44, 9.34, 11.86, 15.58, 19.98, 28.99, 31.67, 33.41, 34.55, 36.51, 39.19, 41.46, 42.42]
time: [5.69, 7.24, 9.97, 17.04, 21.62, 32.84, 1000, 1000, 1000, 1000, 1000, 1000, 1000, 1000]
current_hyper_parameter
v: [28.53, 12.0, 34.62, 30.39, 20.48, 23.17, 33.88, 21.02, 24.7, 28.87, 14.23, 15.43, 29.72, 16.8]
a: [154.09, 50.0, 114.87, 140.87, 96.46, 130.97, 60.95, 119.86, 79.36, 68.3, 133.81, 71.63, 40.19, 116.69]
d: [3.5, 3.5, 5.41, 4.23, 4.69, 5.7, 3.87, 5.02, 6.07, 4.04, 3.5, 3.5, 5.05, 2.0]
BEST_hyper_parameter
v: [28.53, 12.0, 34.62, 30.39, 20.48, 30.15, 30.6, 29.28, 30.74, 19.99, 14.23, 18.14, 14.94, 16.8]
a: [154.09, 50.0, 114.87, 140.87, 96.46, 116.01, 102.6, 119.86, 48.4, 127.66, 133.81, 65.32, 84.18, 116.69]
d: [3.5, 3.5, 5.41, 4.23, 4.69, 5.1, 3.5, 5.06, 6.07, 4.5, 3.5, 3.5, 6.27, 2.0]

iteration: 71
best: [5.77, 7.44, 9.34, 11.86, 15.58, 19.98, 28.99, 31.67, 33.41, 34.55, 36.51, 39.19, 41.46, 42.42]
time: [5.7, 7.24, 9.97, 1000, 1000, 1000, 1000, 1000, 1000, 1000, 1000, 1000, 1000, 1000]
current_hyper_parameter
v: [28.53, 12.0, 34.62, 30.39, 14.08, 9.55, 16.83, 29.28, 11.57, 32.48, 14.23, 34.89, 24.31, 27.09]
a: [154.09, 50.0, 114.87, 140.87, 118.43, 116.01, 56.22, 119.86, 48.4, 127.66, 133.81, 65.32, 84.18, 63.64]
d: [3.5, 3.5, 5.41, 4.23, 4.69, 4.15, 3.5, 5.06, 6.07, 6.28, 3.5, 5.09, 6.27, 2.0]
BEST_hyper_parameter
v: [28.53, 12.0, 34.62, 30.39, 20.48, 30.15, 30.6, 29.28, 30.74, 19.99, 14.23, 18.14, 14.94, 16.8]
a: [154.09, 50.0, 114.87, 140.87, 96.46, 116.01, 102.6, 119.86, 48.4, 127.66, 133.81, 65.32, 84.18, 116.69]
d: [3.5, 3.5, 5.41, 4.23, 4.69, 5.1, 3.5, 5.06, 6.07, 4.5, 3.5, 3.5, 6.27, 2.0]

iteration: 72
best: [5.77, 7.44, 9.34, 11.86, 15.58, 19.98, 28.99, 31.67, 33.41, 34.55, 36.51, 39.19, 41.46, 42.42]
time: [5.68, 7.25, 11.19, 17.08, 23.56, 26.4, 40.24, 42.73, 1000, 1000, 1000, 1000, 1000, 1000]
current_hyper_parameter
v: [28.53, 12.0, 8.98, 30.39, 16.42, 30.94, 15.34, 29.28, 33.5, 27.66, 16.32, 21.38, 27.95, 19.14]
a: [154.09, 50.0, 126.53, 140.87, 128.66, 108.0, 76.24, 119.86, 103.8, 65.52, 124.96, 65.32, 84.18, 150.82]
d: [3.5, 3.5, 5.41, 4.23, 6.24, 4.53, 5.03, 5.06, 5.88, 5.51, 6.12, 3.5, 3.63, 2.0]
BEST_hyper_parameter
v: [28.53, 12.0, 34.62, 30.39, 20.48, 30.15, 30.6, 29.28, 30.74, 19.99, 14.23, 18.14, 14.94, 16.8]
a: [154.09, 50.0, 114.87, 140.87, 96.46, 116.01, 102.6, 119.86, 48.4, 127.66, 133.81, 65.32, 84.18, 116.69]
d: [3.5, 3.5, 5.41, 4.23, 4.69, 5.1, 3.5, 5.06, 6.07, 4.5, 3.5, 3.5, 6.27, 2.0]
mutation at idx = 1

iteration: 73
best: [5.77, 7.44, 9.34, 11.86, 15.58, 19.98, 28.99, 31.67, 33.41, 34.55, 36.51, 39.19, 41.46, 42.42]
time: [5.69, 7.24, 9.76, 14.92, 17.49, 24.95, 1000, 1000, 1000, 1000, 1000, 1000, 1000, 1000]
current_hyper_parameter
v: [28.53, 18.45, 34.6, 30.39, 16.68, 16.34, 15.43, 32.25, 29.83, 19.99, 23.7, 9.4, 29.64, 27.47]
a: [154.09, 45.38, 148.82, 140.87, 103.42, 80.9, 116.02, 105.33, 48.4, 127.66, 122.78, 32.89, 39.91, 56.63]
d: [3.5, 3.9, 5.41, 4.23, 4.69, 5.1, 5.38, 6.45, 5.17, 4.5, 3.5, 3.92, 6.27, 2.0]
BEST_hyper_parameter
v: [28.53, 12.0, 34.62, 30.39, 20.48, 30.15, 30.6, 29.28, 30.74, 19.99, 14.23, 18.14, 14.94, 16.8]
a: [154.09, 50.0, 114.87, 140.87, 96.46, 116.01, 102.6, 119.86, 48.4, 127.66, 133.81, 65.32, 84.18, 116.69]
d: [3.5, 3.5, 5.41, 4.23, 4.69, 5.1, 3.5, 5.06, 6.07, 4.5, 3.5, 3.5, 6.27, 2.0]
mutation at idx = 2

iteration: 74
best: [5.77, 7.44, 9.34, 11.86, 15.58, 19.98, 28.99, 31.67, 33.41, 34.55, 36.51, 39.19, 41.46, 42.42]
time: [5.67, 7.25, 10.61, 12.83, 18.97, 21.75, 31.48, 1000, 1000, 1000, 1000, 1000, 1000, 1000]
current_hyper_parameter
v: [28.53, 12.0, 14.39, 33.8, 17.76, 26.36, 28.21, 9.59, 10.34, 19.99, 33.55, 10.64, 28.45, 31.75]
a: [154.09, 50.0, 114.87, 140.87, 96.46, 155.67, 102.6, 53.96, 23.01, 127.66, 131.73, 65.32, 84.18, 132.29]
d: [3.5, 3.5, 5.33, 4.59, 3.68, 5.1, 3.5, 5.6, 4.42, 4.5, 3.88, 4.08, 4.61, 2.0]
BEST_hyper_parameter
v: [28.53, 12.0, 34.62, 30.39, 20.48, 30.15, 30.6, 29.28, 30.74, 19.99, 14.23, 18.14, 14.94, 16.8]
a: [154.09, 50.0, 114.87, 140.87, 96.46, 116.01, 102.6, 119.86, 48.4, 127.66, 133.81, 65.32, 84.18, 116.69]
d: [3.5, 3.5, 5.41, 4.23, 4.69, 5.1, 3.5, 5.06, 6.07, 4.5, 3.5, 3.5, 6.27, 2.0]
mutation at idx = 0

iteration: 75
best: [5.77, 7.44, 9.34, 11.86, 15.58, 19.98, 28.99, 31.67, 33.41, 34.55, 36.51, 39.19, 41.46, 42.42]
time: [5.68, 7.22, 10.03, 13.03, 1000, 1000, 1000, 1000, 1000, 1000, 1000, 1000, 1000, 1000]
current_hyper_parameter
v: [34.5, 12.0, 31.01, 20.01, 28.43, 30.15, 30.6, 29.28, 18.37, 19.99, 24.61, 23.38, 14.94, 32.17]
a: [154.09, 50.0, 105.7, 42.05, 24.38, 116.01, 102.6, 119.86, 115.54, 127.66, 111.13, 34.64, 84.18, 37.95]
d: [3.5, 3.5, 5.62, 4.23, 4.79, 5.1, 3.5, 5.06, 3.9, 4.5, 4.96, 6.06, 6.27, 2.0]
BEST_hyper_parameter
v: [28.53, 12.0, 34.62, 30.39, 20.48, 30.15, 30.6, 29.28, 30.74, 19.99, 14.23, 18.14, 14.94, 16.8]
a: [154.09, 50.0, 114.87, 140.87, 96.46, 116.01, 102.6, 119.86, 48.4, 127.66, 133.81, 65.32, 84.18, 116.69]
d: [3.5, 3.5, 5.41, 4.23, 4.69, 5.1, 3.5, 5.06, 6.07, 4.5, 3.5, 3.5, 6.27, 2.0]
mutation at idx = 1

iteration: 76
best: [5.77, 7.44, 9.34, 11.86, 15.58, 19.98, 28.99, 31.67, 33.41, 34.55, 36.51, 39.19, 41.46, 42.42]
time: [5.66, 7.25, 10.43, 13.17, 1000, 1000, 1000, 1000, 1000, 1000, 1000, 1000, 1000, 1000]
current_hyper_parameter
v: [28.53, 25.87, 16.19, 18.62, 20.48, 23.69, 23.45, 32.57, 19.23, 24.26, 14.98, 13.08, 14.94, 14.56]
a: [154.09, 47.58, 74.63, 72.14, 96.46, 36.23, 86.21, 119.86, 48.4, 127.66, 136.32, 65.32, 84.18, 75.61]
d: [3.5, 5.29, 5.95, 5.06, 4.69, 5.1, 4.5, 3.53, 4.89, 4.5, 5.88, 4.79, 6.27, 2.0]
BEST_hyper_parameter
v: [28.53, 12.0, 34.62, 30.39, 20.48, 30.15, 30.6, 29.28, 30.74, 19.99, 14.23, 18.14, 14.94, 16.8]
a: [154.09, 50.0, 114.87, 140.87, 96.46, 116.01, 102.6, 119.86, 48.4, 127.66, 133.81, 65.32, 84.18, 116.69]
d: [3.5, 3.5, 5.41, 4.23, 4.69, 5.1, 3.5, 5.06, 6.07, 4.5, 3.5, 3.5, 6.27, 2.0]

iteration: 77
best: [5.77, 7.44, 9.34, 11.86, 15.58, 19.98, 28.99, 31.67, 33.41, 34.55, 36.51, 39.19, 41.46, 42.42]
time: [5.72, 7.42, 10.24, 15.4, 17.9, 22.97, 33.07, 35.9, 37.23, 39.02, 1000, 1000, 1000, 1000]
current_hyper_parameter
v: [28.53, 12.0, 22.38, 30.39, 23.34, 8.95, 30.6, 29.28, 22.39, 28.92, 10.62, 27.36, 14.94, 27.76]
a: [154.09, 50.0, 130.84, 140.87, 96.46, 114.72, 102.6, 119.86, 48.4, 105.38, 28.48, 29.0, 84.18, 35.77]
d: [3.5, 3.5, 3.81, 4.23, 4.69, 5.22, 3.5, 5.06, 4.28, 5.2, 3.5, 3.5, 6.27, 2.0]
BEST_hyper_parameter
v: [28.53, 12.0, 34.62, 30.39, 20.48, 30.15, 30.6, 29.28, 30.74, 19.99, 14.23, 18.14, 14.94, 16.8]
a: [154.09, 50.0, 114.87, 140.87, 96.46, 116.01, 102.6, 119.86, 48.4, 127.66, 133.81, 65.32, 84.18, 116.69]
d: [3.5, 3.5, 5.41, 4.23, 4.69, 5.1, 3.5, 5.06, 6.07, 4.5, 3.5, 3.5, 6.27, 2.0]
mutation at idx = 0
mutation at idx = 1

iteration: 78
best: [5.77, 7.44, 9.34, 11.86, 15.58, 19.98, 28.99, 31.67, 33.41, 34.55, 36.51, 39.19, 41.46, 42.42]
time: [6.46, 8.73, 11.48, 14.57, 21.2, 26.61, 1000, 1000, 1000, 1000, 1000, 1000, 1000, 1000]
current_hyper_parameter
v: [13.04, 28.14, 34.0, 8.86, 17.92, 31.71, 10.66, 33.03, 11.82, 16.22, 14.23, 18.14, 32.88, 17.58]
a: [62.02, 45.79, 103.32, 140.87, 96.46, 39.93, 102.6, 33.81, 48.4, 69.89, 133.81, 65.32, 66.34, 159.89]
d: [3.5, 4.18, 5.41, 4.23, 4.95, 5.1, 5.69, 5.06, 4.58, 4.5, 3.5, 3.5, 6.27, 2.0]
BEST_hyper_parameter
v: [28.53, 12.0, 34.62, 30.39, 20.48, 30.15, 30.6, 29.28, 30.74, 19.99, 14.23, 18.14, 14.94, 16.8]
a: [154.09, 50.0, 114.87, 140.87, 96.46, 116.01, 102.6, 119.86, 48.4, 127.66, 133.81, 65.32, 84.18, 116.69]
d: [3.5, 3.5, 5.41, 4.23, 4.69, 5.1, 3.5, 5.06, 6.07, 4.5, 3.5, 3.5, 6.27, 2.0]

iteration: 79
best: [5.77, 7.44, 9.34, 11.86, 15.58, 19.98, 28.99, 31.67, 33.41, 34.55, 36.51, 39.19, 41.46, 42.42]
time: [5.78, 7.56, 10.24, 1000, 1000, 1000, 1000, 1000, 1000, 1000, 1000, 1000, 1000, 1000]
current_hyper_parameter
v: [23.89, 12.0, 34.62, 30.39, 32.35, 30.15, 30.6, 30.75, 30.74, 28.43, 15.34, 20.76, 13.62, 16.8]
a: [156.2, 50.0, 114.87, 140.87, 94.95, 116.01, 102.6, 119.86, 48.4, 25.74, 156.87, 65.32, 84.18, 116.69]
d: [3.66, 3.5, 5.41, 4.23, 4.69, 5.1, 3.5, 4.5, 6.07, 4.04, 3.5, 6.36, 4.25, 2.0]
BEST_hyper_parameter
v: [28.53, 12.0, 34.62, 30.39, 20.48, 30.15, 30.6, 29.28, 30.74, 19.99, 14.23, 18.14, 14.94, 16.8]
a: [154.09, 50.0, 114.87, 140.87, 96.46, 116.01, 102.6, 119.86, 48.4, 127.66, 133.81, 65.32, 84.18, 116.69]
d: [3.5, 3.5, 5.41, 4.23, 4.69, 5.1, 3.5, 5.06, 6.07, 4.5, 3.5, 3.5, 6.27, 2.0]

iteration: 80
best: [5.77, 7.44, 9.34, 11.86, 15.58, 19.98, 28.99, 31.67, 33.41, 34.55, 36.51, 39.19, 41.46, 42.42]
time: [5.68, 7.29, 10.02, 19.79, 34.35, 37.24, 1000, 1000, 1000, 1000, 1000, 1000, 1000, 1000]
current_hyper_parameter
v: [28.53, 12.0, 34.62, 30.39, 25.6, 30.15, 25.22, 22.27, 28.9, 24.83, 14.23, 34.56, 14.94, 16.8]
a: [154.09, 50.0, 114.87, 140.87, 96.46, 116.01, 102.6, 64.15, 64.02, 127.66, 133.81, 131.75, 84.18, 116.69]
d: [3.5, 3.5, 5.41, 4.23, 4.69, 5.1, 3.5, 5.06, 6.07, 4.5, 3.5, 5.76, 6.27, 2.0]
BEST_hyper_parameter
v: [28.53, 12.0, 34.62, 30.39, 20.48, 30.15, 30.6, 29.28, 30.74, 19.99, 14.23, 18.14, 14.94, 16.8]
a: [154.09, 50.0, 114.87, 140.87, 96.46, 116.01, 102.6, 119.86, 48.4, 127.66, 133.81, 65.32, 84.18, 116.69]
d: [3.5, 3.5, 5.41, 4.23, 4.69, 5.1, 3.5, 5.06, 6.07, 4.5, 3.5, 3.5, 6.27, 2.0]
mutation at idx = 0

iteration: 81
best: [5.77, 7.44, 9.34, 11.86, 15.58, 19.98, 28.99, 31.67, 33.41, 34.55, 36.51, 39.19, 41.46, 42.42]
time: [5.79, 7.61, 11.92, 18.08, 26.47, 28.96, 40.63, 1000, 1000, 1000, 1000, 1000, 1000, 1000]
current_hyper_parameter
v: [23.58, 12.0, 27.36, 28.88, 12.65, 31.28, 34.11, 12.88, 31.01, 12.5, 16.44, 21.76, 18.73, 29.76]
a: [154.09, 50.0, 26.62, 62.04, 39.07, 108.43, 44.38, 97.41, 63.6, 73.8, 133.81, 135.73, 84.18, 116.69]
d: [4.51, 3.5, 4.47, 5.85, 4.69, 5.1, 5.26, 4.97, 4.83, 4.08, 5.44, 3.5, 6.27, 2.0]
BEST_hyper_parameter
v: [28.53, 12.0, 34.62, 30.39, 20.48, 30.15, 30.6, 29.28, 30.74, 19.99, 14.23, 18.14, 14.94, 16.8]
a: [154.09, 50.0, 114.87, 140.87, 96.46, 116.01, 102.6, 119.86, 48.4, 127.66, 133.81, 65.32, 84.18, 116.69]
d: [3.5, 3.5, 5.41, 4.23, 4.69, 5.1, 3.5, 5.06, 6.07, 4.5, 3.5, 3.5, 6.27, 2.0]

iteration: 82
best: [5.77, 7.44, 9.34, 11.86, 15.58, 19.98, 28.99, 31.67, 33.41, 34.55, 36.51, 39.19, 41.46, 42.42]
time: [5.68, 7.24, 9.93, 12.86, 18.87, 30.97, 40.87, 1000, 1000, 1000, 1000, 1000, 1000, 1000]
current_hyper_parameter
v: [28.53, 12.0, 34.84, 12.35, 20.48, 31.45, 30.6, 29.28, 19.76, 10.82, 21.58, 20.82, 23.37, 23.56]
a: [154.09, 50.0, 114.87, 58.33, 96.46, 60.45, 102.6, 119.86, 48.4, 51.46, 133.81, 65.32, 147.92, 107.97]
d: [3.5, 3.5, 5.41, 3.96, 4.69, 4.13, 3.5, 5.06, 6.07, 6.19, 4.74, 3.5, 6.27, 2.0]
BEST_hyper_parameter
v: [28.53, 12.0, 34.62, 30.39, 20.48, 30.15, 30.6, 29.28, 30.74, 19.99, 14.23, 18.14, 14.94, 16.8]
a: [154.09, 50.0, 114.87, 140.87, 96.46, 116.01, 102.6, 119.86, 48.4, 127.66, 133.81, 65.32, 84.18, 116.69]
d: [3.5, 3.5, 5.41, 4.23, 4.69, 5.1, 3.5, 5.06, 6.07, 4.5, 3.5, 3.5, 6.27, 2.0]

iteration: 83
best: [5.77, 7.44, 9.34, 11.86, 15.58, 19.98, 28.99, 31.67, 33.41, 34.55, 36.51, 39.19, 41.46, 42.42]
time: [5.71, 7.33, 10.13, 1000, 1000, 1000, 1000, 1000, 1000, 1000, 1000, 1000, 1000, 1000]
current_hyper_parameter
v: [28.53, 12.0, 29.72, 30.39, 32.66, 20.12, 30.6, 32.12, 19.36, 19.99, 14.23, 19.56, 22.1, 27.88]
a: [154.09, 50.0, 114.87, 140.87, 37.03, 20.07, 102.6, 89.92, 70.82, 127.66, 133.81, 91.52, 84.18, 146.84]
d: [3.5, 3.5, 5.9, 4.23, 6.23, 5.1, 3.5, 4.44, 6.07, 4.5, 3.5, 3.5, 4.31, 2.0]
BEST_hyper_parameter
v: [28.53, 12.0, 34.62, 30.39, 20.48, 30.15, 30.6, 29.28, 30.74, 19.99, 14.23, 18.14, 14.94, 16.8]
a: [154.09, 50.0, 114.87, 140.87, 96.46, 116.01, 102.6, 119.86, 48.4, 127.66, 133.81, 65.32, 84.18, 116.69]
d: [3.5, 3.5, 5.41, 4.23, 4.69, 5.1, 3.5, 5.06, 6.07, 4.5, 3.5, 3.5, 6.27, 2.0]

iteration: 84
best: [5.77, 7.44, 9.34, 11.86, 15.58, 19.98, 28.99, 31.67, 33.41, 34.55, 36.51, 39.19, 41.46, 42.42]
time: [5.71, 7.26, 9.96, 1000, 1000, 1000, 1000, 1000, 1000, 1000, 1000, 1000, 1000, 1000]
current_hyper_parameter
v: [28.53, 12.0, 34.62, 25.3, 9.35, 17.65, 30.6, 17.8, 26.84, 22.75, 15.33, 13.37, 14.94, 27.14]
a: [154.09, 50.0, 114.87, 150.39, 79.21, 82.51, 102.6, 52.66, 48.4, 127.66, 133.81, 41.61, 84.18, 60.03]
d: [3.5, 3.5, 5.41, 4.23, 4.69, 5.8, 3.5, 5.06, 6.07, 4.5, 3.5, 5.23, 6.27, 2.0]
BEST_hyper_parameter
v: [28.53, 12.0, 34.62, 30.39, 20.48, 30.15, 30.6, 29.28, 30.74, 19.99, 14.23, 18.14, 14.94, 16.8]
a: [154.09, 50.0, 114.87, 140.87, 96.46, 116.01, 102.6, 119.86, 48.4, 127.66, 133.81, 65.32, 84.18, 116.69]
d: [3.5, 3.5, 5.41, 4.23, 4.69, 5.1, 3.5, 5.06, 6.07, 4.5, 3.5, 3.5, 6.27, 2.0]

iteration: 85
best: [5.77, 7.44, 9.34, 11.86, 15.58, 19.98, 28.99, 31.67, 33.41, 34.55, 36.51, 39.19, 41.46, 42.42]
time: [5.69, 7.25, 9.99, 15.4, 26.34, 29.09, 37.72, 40.4, 1000, 1000, 1000, 1000, 1000, 1000]
current_hyper_parameter
v: [28.53, 12.0, 31.11, 25.76, 20.48, 28.1, 30.6, 23.23, 31.01, 19.99, 14.23, 13.99, 20.21, 15.22]
a: [154.09, 50.0, 114.87, 104.42, 96.46, 146.25, 102.6, 119.86, 131.21, 127.66, 133.81, 112.01, 84.18, 116.69]
d: [3.5, 3.5, 5.41, 5.55, 4.69, 4.34, 3.5, 5.06, 6.07, 4.5, 3.5, 3.5, 6.07, 2.0]
BEST_hyper_parameter
v: [28.53, 12.0, 34.62, 30.39, 20.48, 30.15, 30.6, 29.28, 30.74, 19.99, 14.23, 18.14, 14.94, 16.8]
a: [154.09, 50.0, 114.87, 140.87, 96.46, 116.01, 102.6, 119.86, 48.4, 127.66, 133.81, 65.32, 84.18, 116.69]
d: [3.5, 3.5, 5.41, 4.23, 4.69, 5.1, 3.5, 5.06, 6.07, 4.5, 3.5, 3.5, 6.27, 2.0]

iteration: 86
best: [5.77, 7.44, 9.34, 11.86, 15.58, 19.98, 28.99, 31.67, 33.41, 34.55, 36.51, 39.19, 41.46, 42.42]
time: [5.68, 7.26, 10.13, 12.26, 18.11, 21.67, 36.21, 39.32, 41.08, 43.04, 1000, 1000, 1000, 1000]
current_hyper_parameter
v: [28.53, 12.0, 29.23, 28.36, 20.48, 18.35, 14.28, 14.18, 30.14, 14.47, 11.83, 13.86, 34.54, 9.88]
a: [154.09, 50.0, 101.68, 130.15, 96.46, 116.01, 102.6, 119.86, 52.77, 143.77, 31.4, 93.14, 103.95, 116.69]
d: [3.5, 3.5, 3.81, 4.17, 4.69, 3.78, 5.38, 5.06, 6.07, 4.5, 4.08, 3.5, 6.27, 2.0]
BEST_hyper_parameter
v: [28.53, 12.0, 34.62, 30.39, 20.48, 30.15, 30.6, 29.28, 30.74, 19.99, 14.23, 18.14, 14.94, 16.8]
a: [154.09, 50.0, 114.87, 140.87, 96.46, 116.01, 102.6, 119.86, 48.4, 127.66, 133.81, 65.32, 84.18, 116.69]
d: [3.5, 3.5, 5.41, 4.23, 4.69, 5.1, 3.5, 5.06, 6.07, 4.5, 3.5, 3.5, 6.27, 2.0]

iteration: 87
best: [5.77, 7.44, 9.34, 11.86, 15.58, 19.98, 28.99, 31.67, 33.41, 34.55, 36.51, 39.19, 41.46, 42.42]
time: [5.69, 7.19, 11.17, 13.43, 16.64, 19.74, 29.69, 32.28, 33.55, 35.2, 37.06, 39.98, 41.81, 42.96]
current_hyper_parameter
v: [28.53, 12.0, 8.82, 30.39, 8.89, 15.99, 30.6, 29.28, 22.31, 20.18, 14.23, 11.9, 30.09, 30.31]
a: [154.09, 50.0, 97.21, 140.87, 96.46, 146.42, 102.6, 119.86, 48.4, 93.62, 133.81, 65.32, 114.93, 44.23]
d: [3.5, 3.5, 5.49, 4.23, 4.69, 5.1, 3.5, 5.06, 6.07, 5.57, 3.5, 3.5, 6.27, 2.0]
BEST_hyper_parameter
v: [28.53, 12.0, 34.62, 30.39, 20.48, 30.15, 30.6, 29.28, 30.74, 19.99, 14.23, 18.14, 14.94, 16.8]
a: [154.09, 50.0, 114.87, 140.87, 96.46, 116.01, 102.6, 119.86, 48.4, 127.66, 133.81, 65.32, 84.18, 116.69]
d: [3.5, 3.5, 5.41, 4.23, 4.69, 5.1, 3.5, 5.06, 6.07, 4.5, 3.5, 3.5, 6.27, 2.0]
mutation at idx = 0

iteration: 88
best: [5.77, 7.44, 9.34, 11.86, 15.58, 19.98, 28.99, 31.67, 33.41, 34.55, 36.51, 39.19, 41.46, 42.42]
time: [5.94, 7.85, 10.64, 15.53, 1000, 1000, 1000, 1000, 1000, 1000, 1000, 1000, 1000, 1000]
current_hyper_parameter
v: [25.82, 12.0, 34.62, 34.64, 11.3, 16.77, 16.21, 28.2, 34.27, 26.43, 14.23, 32.97, 34.35, 18.0]
a: [83.5, 50.0, 114.87, 155.51, 147.47, 68.26, 142.09, 69.99, 52.67, 151.81, 133.81, 20.52, 84.18, 58.36]
d: [3.5, 3.5, 5.41, 6.16, 6.46, 5.0, 3.5, 5.06, 6.07, 4.85, 3.5, 3.5, 5.4, 2.0]
BEST_hyper_parameter
v: [28.53, 12.0, 34.62, 30.39, 20.48, 30.15, 30.6, 29.28, 30.74, 19.99, 14.23, 18.14, 14.94, 16.8]
a: [154.09, 50.0, 114.87, 140.87, 96.46, 116.01, 102.6, 119.86, 48.4, 127.66, 133.81, 65.32, 84.18, 116.69]
d: [3.5, 3.5, 5.41, 4.23, 4.69, 5.1, 3.5, 5.06, 6.07, 4.5, 3.5, 3.5, 6.27, 2.0]
mutation at idx = 0

iteration: 89
best: [5.77, 7.44, 9.34, 11.86, 15.58, 19.98, 28.99, 31.67, 33.41, 34.55, 36.51, 39.19, 41.46, 42.42]
time: [5.69, 7.5, 10.15, 1000, 1000, 1000, 1000, 1000, 1000, 1000, 1000, 1000, 1000, 1000]
current_hyper_parameter
v: [34.79, 12.0, 34.62, 25.07, 21.56, 13.7, 30.6, 24.41, 30.74, 26.14, 12.56, 25.87, 14.94, 14.86]
a: [154.09, 50.0, 114.87, 140.87, 84.8, 143.02, 102.6, 99.71, 48.4, 127.66, 126.86, 96.22, 84.18, 156.22]
d: [5.48, 3.5, 5.41, 5.52, 4.69, 4.27, 3.5, 5.54, 6.07, 4.5, 3.5, 4.29, 6.27, 2.0]
BEST_hyper_parameter
v: [28.53, 12.0, 34.62, 30.39, 20.48, 30.15, 30.6, 29.28, 30.74, 19.99, 14.23, 18.14, 14.94, 16.8]
a: [154.09, 50.0, 114.87, 140.87, 96.46, 116.01, 102.6, 119.86, 48.4, 127.66, 133.81, 65.32, 84.18, 116.69]
d: [3.5, 3.5, 5.41, 4.23, 4.69, 5.1, 3.5, 5.06, 6.07, 4.5, 3.5, 3.5, 6.27, 2.0]

iteration: 90
best: [5.77, 7.44, 9.34, 11.86, 15.58, 19.98, 28.99, 31.67, 33.41, 34.55, 36.51, 39.19, 41.46, 42.42]
time: [5.69, 7.19, 1000, 1000, 1000, 1000, 1000, 1000, 1000, 1000, 1000, 1000, 1000, 1000]
current_hyper_parameter
v: [28.53, 12.0, 31.53, 34.57, 20.48, 30.15, 30.6, 26.07, 19.3, 19.99, 15.29, 12.04, 15.11, 28.28]
a: [154.09, 50.0, 29.85, 127.98, 96.46, 116.01, 102.6, 119.86, 132.5, 127.66, 146.42, 110.62, 84.18, 77.44]
d: [3.5, 3.5, 4.95, 3.91, 4.69, 5.1, 3.5, 5.06, 6.07, 4.5, 3.85, 6.24, 6.27, 2.0]
BEST_hyper_parameter
v: [28.53, 12.0, 34.62, 30.39, 20.48, 30.15, 30.6, 29.28, 30.74, 19.99, 14.23, 18.14, 14.94, 16.8]
a: [154.09, 50.0, 114.87, 140.87, 96.46, 116.01, 102.6, 119.86, 48.4, 127.66, 133.81, 65.32, 84.18, 116.69]
d: [3.5, 3.5, 5.41, 4.23, 4.69, 5.1, 3.5, 5.06, 6.07, 4.5, 3.5, 3.5, 6.27, 2.0]

iteration: 91
best: [5.77, 7.44, 9.34, 11.86, 15.58, 19.98, 28.99, 31.67, 33.41, 34.55, 36.51, 39.19, 41.46, 42.42]
time: [5.68, 7.25, 10.98, 16.48, 1000, 1000, 1000, 1000, 1000, 1000, 1000, 1000, 1000, 1000]
current_hyper_parameter
v: [28.53, 12.0, 21.88, 29.03, 20.48, 21.84, 30.6, 21.4, 29.24, 16.59, 14.23, 22.42, 14.94, 28.43]
a: [154.09, 50.0, 45.14, 111.04, 96.46, 58.72, 102.6, 21.87, 95.2, 74.48, 133.81, 20.42, 84.18, 124.09]
d: [3.5, 3.5, 3.61, 4.19, 4.69, 6.25, 3.5, 5.06, 3.51, 4.45, 3.5, 5.36, 6.27, 2.0]
BEST_hyper_parameter
v: [28.53, 12.0, 34.62, 30.39, 20.48, 30.15, 30.6, 29.28, 30.74, 19.99, 14.23, 18.14, 14.94, 16.8]
a: [154.09, 50.0, 114.87, 140.87, 96.46, 116.01, 102.6, 119.86, 48.4, 127.66, 133.81, 65.32, 84.18, 116.69]
d: [3.5, 3.5, 5.41, 4.23, 4.69, 5.1, 3.5, 5.06, 6.07, 4.5, 3.5, 3.5, 6.27, 2.0]
mutation at idx = 0

iteration: 92
best: [5.77, 7.44, 9.34, 11.86, 15.58, 19.98, 28.99, 31.67, 33.41, 34.55, 36.51, 39.19, 41.46, 42.42]
time: [5.75, 7.55, 10.2, 12.85, 15.39, 19.03, 29.76, 32.41, 1000, 1000, 1000, 1000, 1000, 1000]
current_hyper_parameter
v: [27.49, 12.0, 34.62, 32.98, 32.02, 28.5, 20.65, 25.42, 15.27, 18.66, 19.91, 18.14, 8.71, 11.41]
a: [154.09, 50.0, 114.87, 45.1, 97.64, 116.01, 102.6, 119.86, 133.87, 127.66, 122.1, 65.32, 84.96, 116.69]
d: [5.7, 3.5, 5.41, 6.01, 3.94, 4.27, 3.5, 5.06, 6.07, 4.5, 3.5, 3.5, 6.27, 2.0]
BEST_hyper_parameter
v: [28.53, 12.0, 34.62, 30.39, 20.48, 30.15, 30.6, 29.28, 30.74, 19.99, 14.23, 18.14, 14.94, 16.8]
a: [154.09, 50.0, 114.87, 140.87, 96.46, 116.01, 102.6, 119.86, 48.4, 127.66, 133.81, 65.32, 84.18, 116.69]
d: [3.5, 3.5, 5.41, 4.23, 4.69, 5.1, 3.5, 5.06, 6.07, 4.5, 3.5, 3.5, 6.27, 2.0]
mutation at idx = 0

iteration: 93
best: [5.77, 7.44, 9.34, 11.86, 15.58, 19.98, 28.99, 31.67, 33.41, 34.55, 36.51, 39.19, 41.46, 42.42]
time: [6.02, 7.98, 12.6, 17.84, 21.51, 26.9, 39.21, 1000, 1000, 1000, 1000, 1000, 1000, 1000]
current_hyper_parameter
v: [13.4, 12.0, 32.18, 30.39, 18.83, 30.15, 30.6, 13.53, 15.67, 18.88, 14.23, 29.8, 27.34, 16.8]
a: [154.09, 50.0, 28.89, 140.87, 32.48, 116.01, 102.6, 35.37, 149.09, 137.6, 133.81, 65.32, 37.87, 116.69]
d: [3.5, 3.5, 5.41, 4.23, 4.69, 5.1, 3.5, 5.06, 6.07, 3.84, 3.5, 3.5, 5.02, 2.0]
BEST_hyper_parameter
v: [28.53, 12.0, 34.62, 30.39, 20.48, 30.15, 30.6, 29.28, 30.74, 19.99, 14.23, 18.14, 14.94, 16.8]
a: [154.09, 50.0, 114.87, 140.87, 96.46, 116.01, 102.6, 119.86, 48.4, 127.66, 133.81, 65.32, 84.18, 116.69]
d: [3.5, 3.5, 5.41, 4.23, 4.69, 5.1, 3.5, 5.06, 6.07, 4.5, 3.5, 3.5, 6.27, 2.0]

iteration: 94
best: [5.77, 7.44, 9.34, 11.86, 15.58, 19.98, 28.99, 31.67, 33.41, 34.55, 36.51, 39.19, 41.46, 42.42]
time: [5.71, 7.23, 10.58, 14.54, 1000, 1000, 1000, 1000, 1000, 1000, 1000, 1000, 1000, 1000]
current_hyper_parameter
v: [28.53, 15.13, 13.59, 19.13, 22.34, 8.77, 30.6, 17.55, 30.74, 24.03, 15.63, 31.55, 14.94, 31.33]
a: [154.09, 120.26, 114.87, 20.95, 96.46, 116.01, 102.6, 119.86, 48.4, 127.66, 100.52, 65.32, 84.18, 116.69]
d: [3.5, 3.5, 5.41, 4.23, 5.23, 5.1, 3.5, 5.06, 6.07, 4.15, 3.5, 3.74, 6.27, 2.0]
BEST_hyper_parameter
v: [28.53, 12.0, 34.62, 30.39, 20.48, 30.15, 30.6, 29.28, 30.74, 19.99, 14.23, 18.14, 14.94, 16.8]
a: [154.09, 50.0, 114.87, 140.87, 96.46, 116.01, 102.6, 119.86, 48.4, 127.66, 133.81, 65.32, 84.18, 116.69]
d: [3.5, 3.5, 5.41, 4.23, 4.69, 5.1, 3.5, 5.06, 6.07, 4.5, 3.5, 3.5, 6.27, 2.0]

iteration: 95
best: [5.77, 7.44, 9.34, 11.86, 15.58, 19.98, 28.99, 31.67, 33.41, 34.55, 36.51, 39.19, 41.46, 42.42]
time: [5.69, 7.24, 11.1, 13.42, 15.94, 19.82, 30.69, 33.4, 1000, 1000, 1000, 1000, 1000, 1000]
current_hyper_parameter
v: [28.53, 12.0, 33.79, 30.39, 20.48, 24.15, 23.72, 29.28, 14.87, 26.39, 28.69, 18.14, 32.43, 24.44]
a: [154.09, 50.0, 44.5, 140.87, 96.46, 70.28, 114.84, 119.86, 48.4, 127.66, 25.44, 65.32, 110.27, 85.99]
d: [3.5, 3.5, 4.77, 4.23, 4.69, 5.1, 4.77, 5.06, 5.15, 5.16, 4.99, 3.5, 5.23, 2.0]
BEST_hyper_parameter
v: [28.53, 12.0, 34.62, 30.39, 20.48, 30.15, 30.6, 29.28, 30.74, 19.99, 14.23, 18.14, 14.94, 16.8]
a: [154.09, 50.0, 114.87, 140.87, 96.46, 116.01, 102.6, 119.86, 48.4, 127.66, 133.81, 65.32, 84.18, 116.69]
d: [3.5, 3.5, 5.41, 4.23, 4.69, 5.1, 3.5, 5.06, 6.07, 4.5, 3.5, 3.5, 6.27, 2.0]

iteration: 96
best: [5.77, 7.44, 9.34, 11.86, 15.58, 19.98, 28.99, 31.67, 33.41, 34.55, 36.51, 39.19, 41.46, 42.42]
time: [5.7, 7.26, 10.66, 15.98, 18.46, 21.84, 1000, 1000, 1000, 1000, 1000, 1000, 1000, 1000]
current_hyper_parameter
v: [28.53, 12.0, 13.65, 24.25, 31.06, 30.15, 31.58, 30.06, 12.38, 17.74, 14.23, 18.14, 34.18, 16.8]
a: [154.09, 50.0, 114.87, 140.87, 81.53, 116.01, 102.6, 63.28, 150.5, 116.52, 133.81, 65.32, 97.54, 116.69]
d: [3.5, 3.5, 5.1, 4.23, 4.69, 5.1, 4.98, 5.06, 4.49, 3.52, 3.5, 3.5, 4.38, 2.0]
BEST_hyper_parameter
v: [28.53, 12.0, 34.62, 30.39, 20.48, 30.15, 30.6, 29.28, 30.74, 19.99, 14.23, 18.14, 14.94, 16.8]
a: [154.09, 50.0, 114.87, 140.87, 96.46, 116.01, 102.6, 119.86, 48.4, 127.66, 133.81, 65.32, 84.18, 116.69]
d: [3.5, 3.5, 5.41, 4.23, 4.69, 5.1, 3.5, 5.06, 6.07, 4.5, 3.5, 3.5, 6.27, 2.0]

iteration: 97
best: [5.77, 7.44, 9.34, 11.86, 15.58, 19.98, 28.99, 31.67, 33.41, 34.55, 36.51, 39.19, 41.46, 42.42]
time: [5.72, 7.24, 11.34, 14.51, 1000, 1000, 1000, 1000, 1000, 1000, 1000, 1000, 1000, 1000]
current_hyper_parameter
v: [28.53, 12.0, 34.1, 11.61, 20.48, 12.27, 14.0, 32.82, 30.74, 30.01, 14.23, 9.7, 10.14, 30.52]
a: [154.09, 50.0, 40.66, 140.87, 96.46, 103.75, 102.6, 148.34, 48.4, 92.74, 133.81, 65.32, 84.18, 63.31]
d: [3.5, 3.5, 5.41, 5.34, 4.69, 5.1, 3.5, 5.06, 6.07, 4.5, 3.5, 3.5, 6.27, 2.0]
BEST_hyper_parameter
v: [28.53, 12.0, 34.62, 30.39, 20.48, 30.15, 30.6, 29.28, 30.74, 19.99, 14.23, 18.14, 14.94, 16.8]
a: [154.09, 50.0, 114.87, 140.87, 96.46, 116.01, 102.6, 119.86, 48.4, 127.66, 133.81, 65.32, 84.18, 116.69]
d: [3.5, 3.5, 5.41, 4.23, 4.69, 5.1, 3.5, 5.06, 6.07, 4.5, 3.5, 3.5, 6.27, 2.0]

iteration: 98
best: [5.77, 7.44, 9.34, 11.86, 15.58, 19.98, 28.99, 31.67, 33.41, 34.55, 36.51, 39.19, 41.46, 42.42]
time: [5.74, 7.39, 11.33, 15.42, 18.19, 21.56, 36.51, 43.62, 1000, 1000, 1000, 1000, 1000, 1000]
current_hyper_parameter
v: [28.53, 12.0, 22.14, 13.44, 20.48, 19.72, 12.32, 24.27, 30.74, 12.69, 10.83, 25.92, 12.11, 32.82]
a: [154.09, 50.0, 39.74, 35.32, 96.46, 116.01, 74.51, 80.45, 48.4, 40.09, 133.81, 152.29, 110.05, 77.74]
d: [3.5, 3.5, 5.41, 4.23, 4.69, 3.58, 3.5, 5.06, 6.07, 4.5, 3.5, 5.28, 6.27, 2.0]
BEST_hyper_parameter
v: [28.53, 12.0, 34.62, 30.39, 20.48, 30.15, 30.6, 29.28, 30.74, 19.99, 14.23, 18.14, 14.94, 16.8]
a: [154.09, 50.0, 114.87, 140.87, 96.46, 116.01, 102.6, 119.86, 48.4, 127.66, 133.81, 65.32, 84.18, 116.69]
d: [3.5, 3.5, 5.41, 4.23, 4.69, 5.1, 3.5, 5.06, 6.07, 4.5, 3.5, 3.5, 6.27, 2.0]

iteration: 99
best: [5.77, 7.44, 9.34, 11.86, 15.58, 19.98, 28.99, 31.67, 33.41, 34.55, 36.51, 39.19, 41.46, 42.42]
time: [5.69, 7.25, 10.19, 13.25, 16.38, 19.74, 39.11, 42.91, 1000, 1000, 1000, 1000, 1000, 1000]
current_hyper_parameter
v: [28.53, 12.0, 27.05, 14.49, 31.45, 27.69, 13.63, 12.61, 30.04, 30.87, 14.23, 8.72, 14.94, 16.8]
a: [154.09, 50.0, 97.43, 44.23, 65.4, 116.01, 21.18, 101.03, 48.4, 51.9, 133.81, 103.4, 84.18, 116.69]
d: [3.5, 3.5, 5.41, 4.15, 3.91, 5.11, 3.5, 5.06, 5.75, 3.96, 3.5, 4.02, 6.27, 2.0]
BEST_hyper_parameter
v: [28.53, 12.0, 34.62, 30.39, 20.48, 30.15, 30.6, 29.28, 30.74, 19.99, 14.23, 18.14, 14.94, 16.8]
a: [154.09, 50.0, 114.87, 140.87, 96.46, 116.01, 102.6, 119.86, 48.4, 127.66, 133.81, 65.32, 84.18, 116.69]
d: [3.5, 3.5, 5.41, 4.23, 4.69, 5.1, 3.5, 5.06, 6.07, 4.5, 3.5, 3.5, 6.27, 2.0]

iteration: 100
best: [5.77, 7.44, 9.34, 11.86, 15.58, 19.98, 28.99, 31.67, 33.41, 34.55, 36.51, 39.19, 41.46, 42.42]
time: [5.71, 7.33, 13.87, 17.16, 1000, 1000, 1000, 1000, 1000, 1000, 1000, 1000, 1000, 1000]
current_hyper_parameter
v: [28.53, 12.0, 12.85, 9.51, 25.97, 11.79, 26.67, 28.72, 17.23, 10.3, 24.34, 24.67, 8.63, 9.89]
a: [154.09, 50.0, 144.11, 114.93, 108.03, 47.26, 82.83, 119.86, 136.48, 78.11, 133.81, 82.92, 101.64, 116.69]
d: [3.5, 3.5, 5.47, 4.23, 4.69, 5.0, 4.38, 5.58, 5.85, 4.5, 5.17, 4.28, 4.01, 2.0]
BEST_hyper_parameter
v: [28.53, 12.0, 34.62, 30.39, 20.48, 30.15, 30.6, 29.28, 30.74, 19.99, 14.23, 18.14, 14.94, 16.8]
a: [154.09, 50.0, 114.87, 140.87, 96.46, 116.01, 102.6, 119.86, 48.4, 127.66, 133.81, 65.32, 84.18, 116.69]
d: [3.5, 3.5, 5.41, 4.23, 4.69, 5.1, 3.5, 5.06, 6.07, 4.5, 3.5, 3.5, 6.27, 2.0]

iteration: 101
best: [5.77, 7.44, 9.34, 11.86, 15.58, 19.98, 28.99, 31.67, 33.41, 34.55, 36.51, 39.19, 41.46, 42.42]
time: [5.72, 7.24, 10.16, 16.37, 19.03, 23.5, 41.36, 1000, 1000, 1000, 1000, 1000, 1000, 1000]
current_hyper_parameter
v: [28.53, 12.0, 29.75, 26.67, 23.69, 9.31, 13.48, 29.28, 15.85, 9.96, 14.23, 25.99, 14.94, 8.97]
a: [154.09, 50.0, 100.12, 27.06, 123.26, 116.01, 102.6, 119.86, 70.78, 41.94, 133.81, 65.32, 84.18, 54.56]
d: [3.5, 3.5, 5.27, 5.47, 5.51, 5.1, 5.81, 5.06, 6.07, 4.96, 3.5, 4.05, 6.27, 2.0]
BEST_hyper_parameter
v: [28.53, 12.0, 34.62, 30.39, 20.48, 30.15, 30.6, 29.28, 30.74, 19.99, 14.23, 18.14, 14.94, 16.8]
a: [154.09, 50.0, 114.87, 140.87, 96.46, 116.01, 102.6, 119.86, 48.4, 127.66, 133.81, 65.32, 84.18, 116.69]
d: [3.5, 3.5, 5.41, 4.23, 4.69, 5.1, 3.5, 5.06, 6.07, 4.5, 3.5, 3.5, 6.27, 2.0]

iteration: 102
best: [5.77, 7.44, 9.34, 11.86, 15.58, 19.98, 28.99, 31.67, 33.41, 34.55, 36.51, 39.19, 41.46, 42.42]
time: [5.66, 7.24, 10.49, 13.7, 19.56, 22.46, 33.18, 36.18, 1000, 1000, 1000, 1000, 1000, 1000]
current_hyper_parameter
v: [28.53, 12.0, 19.47, 11.8, 20.48, 34.7, 27.33, 21.54, 31.75, 19.99, 14.23, 12.88, 21.73, 12.83]
a: [154.09, 50.0, 83.12, 93.53, 96.46, 141.37, 44.73, 119.86, 138.65, 127.66, 133.81, 65.32, 27.2, 115.88]
d: [3.5, 3.5, 3.56, 4.23, 4.69, 5.36, 4.62, 4.97, 5.84, 4.5, 3.5, 5.92, 6.27, 2.0]
BEST_hyper_parameter
v: [28.53, 12.0, 34.62, 30.39, 20.48, 30.15, 30.6, 29.28, 30.74, 19.99, 14.23, 18.14, 14.94, 16.8]
a: [154.09, 50.0, 114.87, 140.87, 96.46, 116.01, 102.6, 119.86, 48.4, 127.66, 133.81, 65.32, 84.18, 116.69]
d: [3.5, 3.5, 5.41, 4.23, 4.69, 5.1, 3.5, 5.06, 6.07, 4.5, 3.5, 3.5, 6.27, 2.0]

iteration: 103
best: [5.77, 7.44, 9.34, 11.86, 15.58, 19.98, 28.99, 31.67, 33.41, 34.55, 36.51, 39.19, 41.46, 42.42]
time: [5.69, 7.25, 9.99, 15.02, 1000, 1000, 1000, 1000, 1000, 1000, 1000, 1000, 1000, 1000]
current_hyper_parameter
v: [28.53, 12.0, 34.62, 34.04, 34.58, 34.47, 27.67, 29.28, 30.74, 33.73, 28.34, 19.11, 14.94, 16.8]
a: [154.09, 50.0, 114.87, 140.87, 37.65, 155.64, 155.32, 119.86, 48.4, 42.69, 118.15, 65.32, 84.18, 116.69]
d: [3.5, 3.5, 5.41, 4.23, 4.69, 5.23, 5.3, 5.06, 6.07, 4.5, 5.45, 3.5, 6.27, 2.0]
BEST_hyper_parameter
v: [28.53, 12.0, 34.62, 30.39, 20.48, 30.15, 30.6, 29.28, 30.74, 19.99, 14.23, 18.14, 14.94, 16.8]
a: [154.09, 50.0, 114.87, 140.87, 96.46, 116.01, 102.6, 119.86, 48.4, 127.66, 133.81, 65.32, 84.18, 116.69]
d: [3.5, 3.5, 5.41, 4.23, 4.69, 5.1, 3.5, 5.06, 6.07, 4.5, 3.5, 3.5, 6.27, 2.0]

iteration: 104
best: [5.77, 7.44, 9.34, 11.86, 15.58, 19.98, 28.99, 31.67, 33.41, 34.55, 36.51, 39.19, 41.46, 42.42]
time: [5.69, 7.2, 9.96, 15.22, 33.86, 37.03, 1000, 1000, 1000, 1000, 1000, 1000, 1000, 1000]
current_hyper_parameter
v: [28.53, 12.0, 32.49, 30.39, 30.12, 30.15, 28.46, 14.27, 30.74, 12.24, 22.6, 18.14, 17.14, 24.18]
a: [154.09, 50.0, 114.87, 140.87, 96.46, 116.01, 101.67, 119.86, 48.4, 45.91, 133.81, 65.32, 21.29, 116.69]
d: [3.5, 3.5, 5.41, 4.23, 4.69, 5.1, 3.5, 5.06, 6.07, 6.12, 3.5, 3.5, 5.72, 2.0]
BEST_hyper_parameter
v: [28.53, 12.0, 34.62, 30.39, 20.48, 30.15, 30.6, 29.28, 30.74, 19.99, 14.23, 18.14, 14.94, 16.8]
a: [154.09, 50.0, 114.87, 140.87, 96.46, 116.01, 102.6, 119.86, 48.4, 127.66, 133.81, 65.32, 84.18, 116.69]
d: [3.5, 3.5, 5.41, 4.23, 4.69, 5.1, 3.5, 5.06, 6.07, 4.5, 3.5, 3.5, 6.27, 2.0]

iteration: 105
best: [5.77, 7.44, 9.34, 11.86, 15.58, 19.98, 28.99, 31.67, 33.41, 34.55, 36.51, 39.19, 41.46, 42.42]
time: [5.69, 7.21, 9.95, 12.45, 18.34, 24.9, 38.62, 42.28, 1000, 1000, 1000, 1000, 1000, 1000]
current_hyper_parameter
v: [28.53, 12.0, 34.62, 16.07, 16.75, 30.15, 15.77, 14.91, 30.18, 17.77, 14.23, 31.49, 29.91, 15.18]
a: [154.09, 50.0, 114.87, 120.88, 111.94, 116.01, 85.93, 49.59, 20.79, 128.74, 133.81, 109.34, 84.18, 116.69]
d: [3.5, 3.5, 5.41, 4.23, 4.69, 5.1, 4.33, 5.06, 6.07, 6.06, 3.5, 3.5, 6.27, 2.0]
BEST_hyper_parameter
v: [28.53, 12.0, 34.62, 30.39, 20.48, 30.15, 30.6, 29.28, 30.74, 19.99, 14.23, 18.14, 14.94, 16.8]
a: [154.09, 50.0, 114.87, 140.87, 96.46, 116.01, 102.6, 119.86, 48.4, 127.66, 133.81, 65.32, 84.18, 116.69]
d: [3.5, 3.5, 5.41, 4.23, 4.69, 5.1, 3.5, 5.06, 6.07, 4.5, 3.5, 3.5, 6.27, 2.0]

iteration: 106
best: [5.77, 7.44, 9.34, 11.86, 15.58, 19.98, 28.99, 31.67, 33.41, 34.55, 36.51, 39.19, 41.46, 42.42]
time: [5.72, 7.42, 10.08, 12.8, 18.84, 25.38, 36.36, 42.08, 43.47, 1000, 1000, 1000, 1000, 1000]
current_hyper_parameter
v: [28.53, 12.0, 34.62, 29.95, 20.48, 30.15, 22.95, 21.89, 17.11, 19.99, 26.63, 18.14, 10.78, 16.47]
a: [154.09, 50.0, 114.87, 48.1, 96.46, 116.01, 102.6, 119.86, 155.48, 127.66, 124.42, 65.32, 46.39, 116.69]
d: [3.5, 3.5, 5.41, 5.47, 4.69, 5.1, 3.5, 5.06, 6.07, 4.5, 3.5, 3.5, 6.27, 2.0]
BEST_hyper_parameter
v: [28.53, 12.0, 34.62, 30.39, 20.48, 30.15, 30.6, 29.28, 30.74, 19.99, 14.23, 18.14, 14.94, 16.8]
a: [154.09, 50.0, 114.87, 140.87, 96.46, 116.01, 102.6, 119.86, 48.4, 127.66, 133.81, 65.32, 84.18, 116.69]
d: [3.5, 3.5, 5.41, 4.23, 4.69, 5.1, 3.5, 5.06, 6.07, 4.5, 3.5, 3.5, 6.27, 2.0]

iteration: 107
best: [5.77, 7.44, 9.34, 11.86, 15.58, 19.98, 28.99, 31.67, 33.41, 34.55, 36.51, 39.19, 41.46, 42.42]
time: [5.69, 7.2, 9.94, 1000, 1000, 1000, 1000, 1000, 1000, 1000, 1000, 1000, 1000, 1000]
current_hyper_parameter
v: [28.53, 12.0, 34.62, 30.93, 9.36, 31.79, 27.24, 29.28, 11.16, 19.99, 35.0, 13.1, 19.71, 29.81]
a: [154.09, 50.0, 114.87, 140.87, 72.69, 49.51, 102.6, 119.86, 151.45, 127.66, 133.81, 90.75, 31.49, 81.22]
d: [3.5, 3.5, 5.41, 4.23, 6.38, 6.14, 3.5, 5.06, 6.07, 4.5, 3.5, 3.5, 6.27, 2.0]
BEST_hyper_parameter
v: [28.53, 12.0, 34.62, 30.39, 20.48, 30.15, 30.6, 29.28, 30.74, 19.99, 14.23, 18.14, 14.94, 16.8]
a: [154.09, 50.0, 114.87, 140.87, 96.46, 116.01, 102.6, 119.86, 48.4, 127.66, 133.81, 65.32, 84.18, 116.69]
d: [3.5, 3.5, 5.41, 4.23, 4.69, 5.1, 3.5, 5.06, 6.07, 4.5, 3.5, 3.5, 6.27, 2.0]

iteration: 108
best: [5.77, 7.44, 9.34, 11.86, 15.58, 19.98, 28.99, 31.67, 33.41, 34.55, 36.51, 39.19, 41.46, 42.42]
time: [5.68, 7.25, 9.98, 12.91, 17.6, 24.27, 34.3, 37.24, 38.61, 1000, 1000, 1000, 1000, 1000]
current_hyper_parameter
v: [28.53, 12.0, 22.11, 14.02, 9.37, 10.57, 30.6, 19.84, 28.52, 32.88, 33.78, 16.09, 15.55, 10.28]
a: [154.09, 50.0, 156.92, 58.2, 44.71, 69.91, 102.6, 96.2, 147.36, 127.66, 47.04, 94.17, 61.35, 55.96]
d: [3.5, 3.5, 5.41, 4.5, 4.69, 5.1, 3.5, 4.42, 6.07, 6.09, 3.5, 5.72, 6.27, 2.0]
BEST_hyper_parameter
v: [28.53, 12.0, 34.62, 30.39, 20.48, 30.15, 30.6, 29.28, 30.74, 19.99, 14.23, 18.14, 14.94, 16.8]
a: [154.09, 50.0, 114.87, 140.87, 96.46, 116.01, 102.6, 119.86, 48.4, 127.66, 133.81, 65.32, 84.18, 116.69]
d: [3.5, 3.5, 5.41, 4.23, 4.69, 5.1, 3.5, 5.06, 6.07, 4.5, 3.5, 3.5, 6.27, 2.0]

iteration: 109
best: [5.77, 7.44, 9.34, 11.86, 15.58, 19.98, 28.99, 31.67, 33.41, 34.55, 36.51, 39.19, 41.46, 42.42]
time: [5.68, 7.2, 10.04, 15.29, 24.19, 27.42, 1000, 1000, 1000, 1000, 1000, 1000, 1000, 1000]
current_hyper_parameter
v: [28.53, 12.0, 24.66, 30.39, 28.23, 24.77, 10.07, 8.82, 30.74, 20.73, 16.6, 10.66, 24.19, 34.01]
a: [154.09, 50.0, 114.87, 140.87, 123.45, 107.1, 53.26, 101.22, 48.4, 127.66, 75.9, 65.32, 87.63, 48.97]
d: [3.5, 3.5, 5.41, 4.23, 4.69, 5.1, 6.25, 5.06, 6.07, 6.35, 3.5, 3.5, 6.27, 2.0]
BEST_hyper_parameter
v: [28.53, 12.0, 34.62, 30.39, 20.48, 30.15, 30.6, 29.28, 30.74, 19.99, 14.23, 18.14, 14.94, 16.8]
a: [154.09, 50.0, 114.87, 140.87, 96.46, 116.01, 102.6, 119.86, 48.4, 127.66, 133.81, 65.32, 84.18, 116.69]
d: [3.5, 3.5, 5.41, 4.23, 4.69, 5.1, 3.5, 5.06, 6.07, 4.5, 3.5, 3.5, 6.27, 2.0]

iteration: 110
best: [5.77, 7.44, 9.34, 11.86, 15.58, 19.98, 28.99, 31.67, 33.41, 34.55, 36.51, 39.19, 41.46, 42.42]
time: [5.72, 7.3, 10.03, 12.53, 18.33, 21.45, 30.78, 33.28, 1000, 1000, 1000, 1000, 1000, 1000]
current_hyper_parameter
v: [28.53, 12.0, 34.62, 23.58, 20.48, 30.15, 33.2, 29.82, 14.43, 33.35, 14.23, 17.98, 20.87, 20.44]
a: [154.09, 50.0, 114.87, 72.34, 96.46, 116.01, 83.0, 119.86, 48.4, 46.44, 133.81, 22.29, 137.58, 116.69]
d: [3.5, 3.5, 5.41, 4.23, 4.69, 5.1, 3.5, 3.97, 5.03, 4.31, 3.5, 3.97, 5.18, 2.0]
BEST_hyper_parameter
v: [28.53, 12.0, 34.62, 30.39, 20.48, 30.15, 30.6, 29.28, 30.74, 19.99, 14.23, 18.14, 14.94, 16.8]
a: [154.09, 50.0, 114.87, 140.87, 96.46, 116.01, 102.6, 119.86, 48.4, 127.66, 133.81, 65.32, 84.18, 116.69]
d: [3.5, 3.5, 5.41, 4.23, 4.69, 5.1, 3.5, 5.06, 6.07, 4.5, 3.5, 3.5, 6.27, 2.0]

iteration: 111
best: [5.77, 7.44, 9.34, 11.86, 15.58, 19.98, 28.99, 31.67, 33.41, 34.55, 36.51, 39.19, 41.46, 42.42]
time: [5.7, 7.2, 11.03, 13.39, 19.68, 33.74, 42.79, 1000, 1000, 1000, 1000, 1000, 1000, 1000]
current_hyper_parameter
v: [28.53, 12.0, 18.59, 30.39, 24.22, 30.15, 30.6, 9.41, 12.03, 34.89, 12.49, 18.14, 18.35, 31.88]
a: [154.09, 50.0, 44.66, 140.87, 86.32, 116.01, 102.6, 150.88, 27.24, 153.56, 142.7, 65.32, 86.36, 71.25]
d: [3.5, 3.5, 4.04, 4.23, 5.47, 5.1, 3.5, 6.09, 6.07, 5.5, 3.5, 3.5, 6.35, 2.0]
BEST_hyper_parameter
v: [28.53, 12.0, 34.62, 30.39, 20.48, 30.15, 30.6, 29.28, 30.74, 19.99, 14.23, 18.14, 14.94, 16.8]
a: [154.09, 50.0, 114.87, 140.87, 96.46, 116.01, 102.6, 119.86, 48.4, 127.66, 133.81, 65.32, 84.18, 116.69]
d: [3.5, 3.5, 5.41, 4.23, 4.69, 5.1, 3.5, 5.06, 6.07, 4.5, 3.5, 3.5, 6.27, 2.0]

iteration: 112
best: [5.77, 7.44, 9.34, 11.86, 15.58, 19.98, 28.99, 31.67, 33.41, 34.55, 36.51, 39.19, 41.46, 42.42]
time: [5.67, 7.24, 11.04, 13.35, 1000, 1000, 1000, 1000, 1000, 1000, 1000, 1000, 1000, 1000]
current_hyper_parameter
v: [28.53, 12.0, 10.11, 30.39, 28.54, 8.51, 30.65, 25.36, 18.58, 32.7, 21.05, 18.14, 23.68, 16.8]
a: [154.09, 50.0, 114.87, 140.87, 113.68, 116.01, 102.6, 119.86, 48.4, 21.93, 133.81, 65.32, 59.44, 116.69]
d: [3.5, 3.5, 4.69, 4.23, 4.69, 5.9, 4.33, 5.06, 4.77, 3.6, 3.5, 3.5, 5.24, 2.0]
BEST_hyper_parameter
v: [28.53, 12.0, 34.62, 30.39, 20.48, 30.15, 30.6, 29.28, 30.74, 19.99, 14.23, 18.14, 14.94, 16.8]
a: [154.09, 50.0, 114.87, 140.87, 96.46, 116.01, 102.6, 119.86, 48.4, 127.66, 133.81, 65.32, 84.18, 116.69]
d: [3.5, 3.5, 5.41, 4.23, 4.69, 5.1, 3.5, 5.06, 6.07, 4.5, 3.5, 3.5, 6.27, 2.0]

iteration: 113
best: [5.77, 7.44, 9.34, 11.86, 15.58, 19.98, 28.99, 31.67, 33.41, 34.55, 36.51, 39.19, 41.46, 42.42]
time: [5.68, 7.2, 9.95, 17.01, 1000, 1000, 1000, 1000, 1000, 1000, 1000, 1000, 1000, 1000]
current_hyper_parameter
v: [28.53, 12.0, 32.07, 11.08, 31.85, 30.15, 30.6, 29.28, 30.31, 32.22, 18.2, 17.33, 23.6, 27.32]
a: [154.09, 50.0, 114.87, 21.56, 96.46, 116.01, 102.6, 119.86, 48.4, 110.47, 133.81, 69.23, 121.2, 114.09]
d: [3.5, 3.5, 5.41, 4.32, 3.72, 5.1, 3.5, 5.06, 3.94, 4.5, 4.14, 3.5, 4.7, 2.0]
BEST_hyper_parameter
v: [28.53, 12.0, 34.62, 30.39, 20.48, 30.15, 30.6, 29.28, 30.74, 19.99, 14.23, 18.14, 14.94, 16.8]
a: [154.09, 50.0, 114.87, 140.87, 96.46, 116.01, 102.6, 119.86, 48.4, 127.66, 133.81, 65.32, 84.18, 116.69]
d: [3.5, 3.5, 5.41, 4.23, 4.69, 5.1, 3.5, 5.06, 6.07, 4.5, 3.5, 3.5, 6.27, 2.0]

iteration: 114
best: [5.77, 7.44, 9.34, 11.86, 15.58, 19.98, 28.99, 31.67, 33.41, 34.55, 36.51, 39.19, 41.46, 42.42]
time: [5.66, 7.29, 10.47, 12.76, 1000, 1000, 1000, 1000, 1000, 1000, 1000, 1000, 1000, 1000]
current_hyper_parameter
v: [28.53, 12.0, 19.34, 30.39, 20.58, 19.29, 27.66, 22.29, 30.74, 16.53, 14.23, 26.85, 31.97, 17.07]
a: [154.09, 50.0, 97.07, 140.87, 26.57, 65.94, 155.99, 64.1, 48.4, 127.66, 133.81, 67.76, 143.27, 149.27]
d: [3.5, 3.5, 5.41, 4.23, 4.69, 5.1, 5.26, 6.1, 6.07, 5.07, 3.5, 3.5, 6.27, 2.0]
BEST_hyper_parameter
v: [28.53, 12.0, 34.62, 30.39, 20.48, 30.15, 30.6, 29.28, 30.74, 19.99, 14.23, 18.14, 14.94, 16.8]
a: [154.09, 50.0, 114.87, 140.87, 96.46, 116.01, 102.6, 119.86, 48.4, 127.66, 133.81, 65.32, 84.18, 116.69]
d: [3.5, 3.5, 5.41, 4.23, 4.69, 5.1, 3.5, 5.06, 6.07, 4.5, 3.5, 3.5, 6.27, 2.0]

iteration: 115
best: [5.77, 7.44, 9.34, 11.86, 15.58, 19.98, 28.99, 31.67, 33.41, 34.55, 36.51, 39.19, 41.46, 42.42]
time: [5.67, 7.17, 10.69, 12.91, 16.39, 20.42, 34.9, 38.06, 39.83, 41.42, 1000, 1000, 1000, 1000]
current_hyper_parameter
v: [28.53, 12.0, 24.83, 30.39, 20.16, 10.46, 19.03, 13.03, 19.0, 24.5, 31.11, 18.14, 17.63, 14.89]
a: [154.09, 50.0, 60.73, 140.87, 30.64, 61.85, 102.6, 68.29, 48.4, 127.66, 63.22, 65.32, 58.11, 56.19]
d: [3.5, 3.5, 5.2, 4.23, 4.69, 5.1, 6.21, 6.4, 5.99, 5.36, 3.5, 3.5, 6.27, 2.0]
BEST_hyper_parameter
v: [28.53, 12.0, 34.62, 30.39, 20.48, 30.15, 30.6, 29.28, 30.74, 19.99, 14.23, 18.14, 14.94, 16.8]
a: [154.09, 50.0, 114.87, 140.87, 96.46, 116.01, 102.6, 119.86, 48.4, 127.66, 133.81, 65.32, 84.18, 116.69]
d: [3.5, 3.5, 5.41, 4.23, 4.69, 5.1, 3.5, 5.06, 6.07, 4.5, 3.5, 3.5, 6.27, 2.0]

iteration: 116
best: [5.77, 7.44, 9.34, 11.86, 15.58, 19.98, 28.99, 31.67, 33.41, 34.55, 36.51, 39.19, 41.46, 42.42]
time: [5.7, 7.28, 10.53, 13.82, 19.41, 1000, 1000, 1000, 1000, 1000, 1000, 1000, 1000, 1000]
current_hyper_parameter
v: [28.53, 12.0, 18.55, 10.07, 22.39, 28.7, 30.6, 26.23, 9.35, 19.99, 12.19, 8.57, 14.94, 22.04]
a: [154.09, 50.0, 88.07, 140.87, 120.15, 94.58, 102.6, 108.68, 126.4, 127.66, 133.81, 135.89, 84.18, 106.96]
d: [3.5, 3.5, 5.41, 4.23, 4.69, 6.32, 3.5, 5.06, 6.07, 4.5, 3.96, 3.5, 6.27, 2.0]
BEST_hyper_parameter
v: [28.53, 12.0, 34.62, 30.39, 20.48, 30.15, 30.6, 29.28, 30.74, 19.99, 14.23, 18.14, 14.94, 16.8]
a: [154.09, 50.0, 114.87, 140.87, 96.46, 116.01, 102.6, 119.86, 48.4, 127.66, 133.81, 65.32, 84.18, 116.69]
d: [3.5, 3.5, 5.41, 4.23, 4.69, 5.1, 3.5, 5.06, 6.07, 4.5, 3.5, 3.5, 6.27, 2.0]

iteration: 117
best: [5.77, 7.44, 9.34, 11.86, 15.58, 19.98, 28.99, 31.67, 33.41, 34.55, 36.51, 39.19, 41.46, 42.42]
time: [5.67, 7.29, 10.07, 12.82, 15.28, 26.66, 1000, 1000, 1000, 1000, 1000, 1000, 1000, 1000]
current_hyper_parameter
v: [28.53, 12.0, 28.35, 15.42, 26.96, 23.81, 17.03, 14.53, 8.74, 21.52, 14.23, 30.1, 14.94, 16.8]
a: [154.09, 50.0, 122.66, 60.54, 126.41, 141.2, 71.49, 119.88, 115.06, 80.46, 133.81, 65.32, 84.18, 116.69]
d: [3.5, 3.5, 5.41, 4.23, 4.05, 6.24, 6.38, 5.06, 6.07, 4.5, 3.5, 3.5, 6.27, 2.0]
BEST_hyper_parameter
v: [28.53, 12.0, 34.62, 30.39, 20.48, 30.15, 30.6, 29.28, 30.74, 19.99, 14.23, 18.14, 14.94, 16.8]
a: [154.09, 50.0, 114.87, 140.87, 96.46, 116.01, 102.6, 119.86, 48.4, 127.66, 133.81, 65.32, 84.18, 116.69]
d: [3.5, 3.5, 5.41, 4.23, 4.69, 5.1, 3.5, 5.06, 6.07, 4.5, 3.5, 3.5, 6.27, 2.0]

iteration: 118
best: [5.77, 7.44, 9.34, 11.86, 15.58, 19.98, 28.99, 31.67, 33.41, 34.55, 36.51, 39.19, 41.46, 42.42]
time: [5.7, 7.31, 10.07, 13.12, 1000, 1000, 1000, 1000, 1000, 1000, 1000, 1000, 1000, 1000]
current_hyper_parameter
v: [28.53, 12.0, 30.5, 16.84, 30.03, 28.95, 30.6, 11.48, 26.73, 23.51, 9.94, 15.53, 20.42, 21.65]
a: [154.09, 50.0, 114.87, 33.51, 21.65, 35.32, 102.6, 99.37, 59.54, 127.66, 133.81, 134.17, 48.57, 116.69]
d: [3.5, 3.5, 4.53, 4.69, 5.13, 4.46, 3.5, 5.06, 6.19, 4.02, 3.5, 6.21, 5.32, 2.0]
BEST_hyper_parameter
v: [28.53, 12.0, 34.62, 30.39, 20.48, 30.15, 30.6, 29.28, 30.74, 19.99, 14.23, 18.14, 14.94, 16.8]
a: [154.09, 50.0, 114.87, 140.87, 96.46, 116.01, 102.6, 119.86, 48.4, 127.66, 133.81, 65.32, 84.18, 116.69]
d: [3.5, 3.5, 5.41, 4.23, 4.69, 5.1, 3.5, 5.06, 6.07, 4.5, 3.5, 3.5, 6.27, 2.0]
