
iteration: 1
best: [1000.0, 1000.0, 1000.0, 1000.0, 1000.0, 1000.0, 1000.0, 1000.0, 1000.0, 1000.0, 1000.0, 1000.0, 1000.0, 1000.0]
time: [6.65, 9.14, 13.64, 17.61, 24.76, 28.66, 49.48, 53.57, 55.82, 58.6, 60.44, 63.58, 69.71, 76.46]
current_hyper_parameter
v: [12.0, 12.0, 12.0, 12.0, 12.0, 12.0, 12.0, 12.0, 12.0, 12.0, 12.0, 12.0, 12.0, 12.0]
a: [50.0, 50.0, 50.0, 50.0, 50.0, 50.0, 50.0, 50.0, 50.0, 50.0, 50.0, 50.0, 50.0, 50.0]
d: [3.5, 3.5, 3.5, 3.5, 3.5, 3.5, 3.5, 3.5, 3.5, 3.5, 3.5, 3.5, 3.5, 2.0]
BEST_hyper_parameter
v: [-1.0, -1.0, -1.0, -1.0, -1.0, -1.0, -1.0, -1.0, -1.0, -1.0, -1.0, -1.0, -1.0, -1.0]
a: [-1.0, -1.0, -1.0, -1.0, -1.0, -1.0, -1.0, -1.0, -1.0, -1.0, -1.0, -1.0, -1.0, -1.0]
d: [-1.0, -1.0, -1.0, -1.0, -1.0, -1.0, -1.0, -1.0, -1.0, -1.0, -1.0, -1.0, -1.0, -1.0]
WIN: random_idx = 6

iteration: 2
best: [6.65, 9.14, 13.64, 17.61, 24.76, 28.66, 49.48, 53.57, 55.82, 58.6, 60.44, 63.58, 69.71, 76.46]
time: [6.66, 9.13, 13.58, 17.36, 21.39, 25.5, 49.0, 53.29, 55.46, 58.28, 60.13, 63.13, 65.78, 1000]
current_hyper_parameter
v: [12.0, 12.0, 12.0, 12.0, 12.0, 12.0, 9.93, 12.0, 12.0, 12.0, 12.0, 12.0, 12.0, 12.0]
a: [50.0, 50.0, 50.0, 50.0, 50.0, 50.0, 59.47, 50.0, 50.0, 50.0, 50.0, 50.0, 50.0, 50.0]
d: [3.5, 3.5, 3.5, 3.5, 3.5, 3.5, 3.72, 3.5, 3.5, 3.5, 3.5, 3.5, 3.5, 2.0]
BEST_hyper_parameter
v: [12.0, 12.0, 12.0, 12.0, 12.0, 12.0, 12.0, 12.0, 12.0, 12.0, 12.0, 12.0, 12.0, 12.0]
a: [50.0, 50.0, 50.0, 50.0, 50.0, 50.0, 50.0, 50.0, 50.0, 50.0, 50.0, 50.0, 50.0, 50.0]
d: [3.5, 3.5, 3.5, 3.5, 3.5, 3.5, 3.5, 3.5, 3.5, 3.5, 3.5, 3.5, 3.5, 2.0]
mutation at idx = 3

iteration: 3
best: [6.65, 9.14, 13.64, 17.61, 21.39, 25.5, 49.48, 53.57, 55.82, 58.6, 60.44, 63.58, 65.78, 76.46]
time: [6.74, 9.24, 13.69, 20.17, 27.15, 30.92, 51.79, 55.89, 58.14, 60.74, 62.94, 66.01, 68.97, 70.44]
current_hyper_parameter
v: [12.0, 12.0, 12.0, 29.96, 12.0, 12.0, 12.0, 12.0, 12.0, 12.0, 12.0, 12.0, 12.0, 12.63]
a: [50.0, 50.0, 50.0, 50.0, 50.0, 50.0, 50.0, 50.0, 50.0, 50.0, 50.0, 50.0, 50.0, 95.62]
d: [3.5, 3.5, 3.5, 6.0, 3.5, 3.5, 3.5, 3.5, 3.5, 3.5, 3.5, 3.5, 3.5, 2.0]
BEST_hyper_parameter
v: [12.0, 12.0, 12.0, 12.0, 12.0, 12.0, 12.0, 12.0, 12.0, 12.0, 12.0, 12.0, 12.0, 12.0]
a: [50.0, 50.0, 50.0, 50.0, 50.0, 50.0, 50.0, 50.0, 50.0, 50.0, 50.0, 50.0, 50.0, 50.0]
d: [3.5, 3.5, 3.5, 3.5, 3.5, 3.5, 3.5, 3.5, 3.5, 3.5, 3.5, 3.5, 3.5, 2.0]
WIN: random_idx = 8

iteration: 4
best: [6.65, 9.14, 13.64, 17.61, 21.39, 25.5, 49.48, 53.57, 55.82, 58.6, 60.44, 63.58, 65.78, 70.44]
time: [6.64, 9.09, 13.52, 17.05, 20.96, 24.84, 45.62, 49.7, 51.47, 53.57, 58.32, 61.39, 64.1, 65.5]
current_hyper_parameter
v: [12.0, 12.0, 12.0, 29.96, 12.0, 12.0, 12.0, 12.0, 17.81, 12.0, 12.0, 12.0, 12.0, 12.63]
a: [50.0, 50.0, 50.0, 50.0, 50.0, 50.0, 50.0, 50.0, 83.64, 50.0, 50.0, 50.0, 50.0, 95.62]
d: [3.5, 3.5, 3.5, 6.0, 3.5, 3.5, 3.5, 3.5, 3.5, 3.5, 3.5, 3.5, 3.5, 2.0]
BEST_hyper_parameter
v: [12.0, 12.0, 12.0, 29.96, 12.0, 12.0, 12.0, 12.0, 12.0, 12.0, 12.0, 12.0, 12.0, 12.63]
a: [50.0, 50.0, 50.0, 50.0, 50.0, 50.0, 50.0, 50.0, 50.0, 50.0, 50.0, 50.0, 50.0, 95.62]
d: [3.5, 3.5, 3.5, 6.0, 3.5, 3.5, 3.5, 3.5, 3.5, 3.5, 3.5, 3.5, 3.5, 2.0]
WIN: random_idx = 5

iteration: 5
best: [6.65, 9.14, 13.64, 17.05, 21.39, 24.84, 45.62, 49.7, 51.47, 53.57, 58.32, 61.39, 64.1, 65.5]
time: [6.55, 9.03, 13.55, 20.13, 27.08, 31.02, 51.11, 55.26, 57.07, 59.37, 61.04, 63.89, 1000, 1000]
current_hyper_parameter
v: [12.0, 12.0, 12.0, 29.96, 12.0, 9.25, 12.0, 12.0, 17.81, 12.0, 12.0, 12.0, 12.0, 12.63]
a: [50.0, 50.0, 50.0, 50.0, 50.0, 119.53, 50.0, 50.0, 83.64, 50.0, 50.0, 50.0, 50.0, 95.62]
d: [3.5, 3.5, 3.5, 6.0, 3.5, 3.5, 3.5, 3.5, 3.5, 3.5, 3.5, 3.5, 3.5, 2.0]
BEST_hyper_parameter
v: [12.0, 12.0, 12.0, 29.96, 12.0, 12.0, 12.0, 12.0, 17.81, 12.0, 12.0, 12.0, 12.0, 12.63]
a: [50.0, 50.0, 50.0, 50.0, 50.0, 50.0, 50.0, 50.0, 83.64, 50.0, 50.0, 50.0, 50.0, 95.62]
d: [3.5, 3.5, 3.5, 6.0, 3.5, 3.5, 3.5, 3.5, 3.5, 3.5, 3.5, 3.5, 3.5, 2.0]
mutation at idx = 0

iteration: 6
best: [6.65, 9.14, 13.64, 17.05, 21.39, 24.84, 45.62, 49.7, 51.47, 53.57, 58.32, 61.39, 64.1, 65.5]
time: [5.83, 7.49, 11.38, 17.93, 24.76, 29.54, 41.62, 1000, 1000, 1000, 1000, 1000, 1000, 1000]
current_hyper_parameter
v: [19.79, 12.0, 12.0, 28.6, 14.64, 30.0, 28.86, 25.81, 26.98, 27.74, 31.23, 32.57, 12.85, 12.63]
a: [148.16, 50.0, 50.0, 50.0, 50.0, 34.2, 68.08, 36.34, 157.1, 59.66, 132.49, 29.93, 74.8, 95.62]
d: [3.81, 3.5, 3.5, 6.04, 3.5, 4.08, 3.5, 4.13, 3.5, 5.65, 3.5, 3.92, 3.5, 2.0]
BEST_hyper_parameter
v: [12.0, 12.0, 12.0, 29.96, 12.0, 12.0, 12.0, 12.0, 17.81, 12.0, 12.0, 12.0, 12.0, 12.63]
a: [50.0, 50.0, 50.0, 50.0, 50.0, 50.0, 50.0, 50.0, 83.64, 50.0, 50.0, 50.0, 50.0, 95.62]
d: [3.5, 3.5, 3.5, 6.0, 3.5, 3.5, 3.5, 3.5, 3.5, 3.5, 3.5, 3.5, 3.5, 2.0]
mutation at idx = 2

iteration: 7
best: [5.83, 7.49, 11.38, 17.05, 21.39, 24.84, 45.62, 49.7, 51.47, 53.57, 58.32, 61.39, 64.1, 65.5]
time: [5.81, 7.45, 10.61, 14.25, 18.96, 22.93, 43.58, 46.88, 1000, 1000, 1000, 1000, 1000, 1000]
current_hyper_parameter
v: [19.79, 12.0, 16.5, 25.08, 9.11, 12.0, 12.0, 14.6, 12.02, 12.0, 28.97, 16.24, 19.36, 15.21]
a: [148.16, 50.0, 114.66, 27.49, 50.0, 50.0, 50.0, 143.08, 83.64, 50.0, 76.51, 50.0, 72.19, 95.62]
d: [3.81, 3.5, 5.1, 6.0, 5.33, 3.5, 3.5, 3.5, 3.5, 3.5, 6.1, 3.5, 6.32, 2.0]
BEST_hyper_parameter
v: [19.79, 12.0, 12.0, 29.96, 12.0, 12.0, 12.0, 12.0, 17.81, 12.0, 12.0, 12.0, 12.0, 12.63]
a: [148.16, 50.0, 50.0, 50.0, 50.0, 50.0, 50.0, 50.0, 83.64, 50.0, 50.0, 50.0, 50.0, 95.62]
d: [3.81, 3.5, 3.5, 6.0, 3.5, 3.5, 3.5, 3.5, 3.5, 3.5, 3.5, 3.5, 3.5, 2.0]

iteration: 8
best: [5.83, 7.49, 10.61, 14.25, 18.96, 22.93, 43.58, 46.88, 51.47, 53.57, 58.32, 61.39, 64.1, 65.5]
time: [5.77, 7.43, 10.64, 17.38, 28.8, 33.13, 54.1, 57.55, 63.58, 1000, 1000, 1000, 1000, 1000]
current_hyper_parameter
v: [19.79, 12.0, 16.5, 25.08, 9.11, 12.0, 12.0, 14.6, 28.51, 12.0, 24.42, 9.3, 12.0, 15.59]
a: [148.16, 50.0, 114.66, 27.49, 50.0, 50.0, 50.0, 143.08, 83.64, 50.0, 158.99, 50.0, 50.0, 81.32]
d: [3.81, 3.5, 5.1, 6.0, 5.33, 3.5, 3.5, 3.5, 6.27, 3.5, 3.5, 3.5, 3.5, 2.0]
BEST_hyper_parameter
v: [19.79, 12.0, 16.5, 25.08, 9.11, 12.0, 12.0, 14.6, 17.81, 12.0, 12.0, 12.0, 12.0, 12.63]
a: [148.16, 50.0, 114.66, 27.49, 50.0, 50.0, 50.0, 143.08, 83.64, 50.0, 50.0, 50.0, 50.0, 95.62]
d: [3.81, 3.5, 5.1, 6.0, 5.33, 3.5, 3.5, 3.5, 3.5, 3.5, 3.5, 3.5, 3.5, 2.0]

iteration: 9
best: [5.83, 7.49, 10.61, 14.25, 18.96, 22.93, 43.58, 46.88, 51.47, 53.57, 58.32, 61.39, 64.1, 65.5]
time: [5.82, 7.51, 10.69, 17.86, 1000, 1000, 1000, 1000, 1000, 1000, 1000, 1000, 1000, 1000]
current_hyper_parameter
v: [19.79, 12.0, 16.5, 9.83, 21.9, 22.89, 18.6, 24.97, 17.81, 15.11, 12.0, 23.77, 28.87, 12.63]
a: [148.16, 50.0, 114.66, 155.15, 24.52, 141.03, 85.5, 103.28, 83.64, 134.87, 50.0, 143.33, 83.12, 95.62]
d: [3.81, 3.5, 5.1, 5.65, 5.33, 3.5, 3.5, 3.5, 3.5, 5.88, 3.5, 3.5, 5.95, 2.0]
BEST_hyper_parameter
v: [19.79, 12.0, 16.5, 25.08, 9.11, 12.0, 12.0, 14.6, 17.81, 12.0, 12.0, 12.0, 12.0, 12.63]
a: [148.16, 50.0, 114.66, 27.49, 50.0, 50.0, 50.0, 143.08, 83.64, 50.0, 50.0, 50.0, 50.0, 95.62]
d: [3.81, 3.5, 5.1, 6.0, 5.33, 3.5, 3.5, 3.5, 3.5, 3.5, 3.5, 3.5, 3.5, 2.0]

iteration: 10
best: [5.83, 7.49, 10.61, 14.25, 18.96, 22.93, 43.58, 46.88, 51.47, 53.57, 58.32, 61.39, 64.1, 65.5]
time: [5.8, 7.49, 10.68, 13.32, 19.88, 35.75, 52.68, 57.17, 58.8, 1000, 1000, 1000, 1000, 1000]
current_hyper_parameter
v: [19.79, 12.0, 16.5, 14.84, 11.71, 9.23, 22.18, 9.31, 19.47, 12.0, 12.13, 25.17, 16.63, 10.88]
a: [148.16, 50.0, 114.66, 158.92, 110.13, 50.0, 27.03, 52.57, 134.53, 50.0, 150.09, 99.09, 113.88, 76.98]
d: [3.81, 3.5, 5.1, 4.43, 5.33, 6.49, 5.37, 3.5, 3.5, 3.5, 4.44, 3.62, 5.19, 2.0]
BEST_hyper_parameter
v: [19.79, 12.0, 16.5, 25.08, 9.11, 12.0, 12.0, 14.6, 17.81, 12.0, 12.0, 12.0, 12.0, 12.63]
a: [148.16, 50.0, 114.66, 27.49, 50.0, 50.0, 50.0, 143.08, 83.64, 50.0, 50.0, 50.0, 50.0, 95.62]
d: [3.81, 3.5, 5.1, 6.0, 5.33, 3.5, 3.5, 3.5, 3.5, 3.5, 3.5, 3.5, 3.5, 2.0]

iteration: 11
best: [5.83, 7.49, 10.61, 13.32, 18.96, 22.93, 43.58, 46.88, 51.47, 53.57, 58.32, 61.39, 64.1, 65.5]
time: [5.77, 7.48, 10.69, 16.48, 21.16, 25.51, 46.53, 49.31, 1000, 1000, 1000, 1000, 1000, 1000]
current_hyper_parameter
v: [19.79, 12.0, 16.5, 14.84, 25.63, 12.0, 12.0, 24.95, 17.81, 23.74, 25.96, 31.7, 21.04, 17.09]
a: [148.16, 50.0, 114.66, 158.92, 49.23, 50.0, 50.0, 143.08, 83.64, 130.03, 84.62, 141.18, 50.0, 95.62]
d: [3.81, 3.5, 5.1, 4.43, 4.07, 3.5, 3.5, 3.5, 3.5, 3.5, 5.94, 4.48, 4.44, 2.0]
BEST_hyper_parameter
v: [19.79, 12.0, 16.5, 14.84, 9.11, 12.0, 12.0, 14.6, 17.81, 12.0, 12.0, 12.0, 12.0, 12.63]
a: [148.16, 50.0, 114.66, 158.92, 50.0, 50.0, 50.0, 143.08, 83.64, 50.0, 50.0, 50.0, 50.0, 95.62]
d: [3.81, 3.5, 5.1, 4.43, 5.33, 3.5, 3.5, 3.5, 3.5, 3.5, 3.5, 3.5, 3.5, 2.0]

iteration: 12
best: [5.83, 7.49, 10.61, 13.32, 18.96, 22.93, 43.58, 46.88, 51.47, 53.57, 58.32, 61.39, 64.1, 65.5]
time: [5.77, 7.46, 10.68, 13.39, 18.09, 24.93, 47.53, 51.65, 53.2, 58.22, 66.36, 1000, 1000, 1000]
current_hyper_parameter
v: [19.79, 12.0, 16.5, 14.84, 9.11, 21.55, 12.0, 10.56, 18.18, 18.26, 12.0, 16.83, 28.78, 14.75]
a: [148.16, 50.0, 114.66, 158.92, 50.0, 36.57, 50.0, 71.83, 151.43, 50.0, 50.0, 50.0, 98.93, 95.62]
d: [3.81, 3.5, 5.1, 4.43, 5.33, 5.23, 3.5, 3.5, 3.63, 3.5, 3.5, 3.5, 5.82, 2.0]
BEST_hyper_parameter
v: [19.79, 12.0, 16.5, 14.84, 9.11, 12.0, 12.0, 14.6, 17.81, 12.0, 12.0, 12.0, 12.0, 12.63]
a: [148.16, 50.0, 114.66, 158.92, 50.0, 50.0, 50.0, 143.08, 83.64, 50.0, 50.0, 50.0, 50.0, 95.62]
d: [3.81, 3.5, 5.1, 4.43, 5.33, 3.5, 3.5, 3.5, 3.5, 3.5, 3.5, 3.5, 3.5, 2.0]

iteration: 13
best: [5.83, 7.49, 10.61, 13.32, 18.09, 22.93, 43.58, 46.88, 51.47, 53.57, 58.32, 61.39, 64.1, 65.5]
time: [5.77, 7.46, 10.69, 13.31, 20.14, 23.22, 36.38, 38.99, 1000, 1000, 1000, 1000, 1000, 1000]
current_hyper_parameter
v: [19.79, 12.0, 16.5, 14.84, 9.11, 22.94, 23.0, 33.68, 27.15, 19.58, 21.15, 22.69, 34.32, 28.84]
a: [148.16, 50.0, 114.66, 158.92, 50.0, 112.57, 50.0, 115.49, 83.64, 147.93, 62.18, 89.32, 50.0, 140.92]
d: [3.81, 3.5, 5.1, 4.43, 5.33, 3.5, 3.5, 6.05, 3.5, 5.67, 3.81, 3.96, 3.5, 2.0]
BEST_hyper_parameter
v: [19.79, 12.0, 16.5, 14.84, 9.11, 12.0, 12.0, 14.6, 17.81, 12.0, 12.0, 12.0, 12.0, 12.63]
a: [148.16, 50.0, 114.66, 158.92, 50.0, 50.0, 50.0, 143.08, 83.64, 50.0, 50.0, 50.0, 50.0, 95.62]
d: [3.81, 3.5, 5.1, 4.43, 5.33, 3.5, 3.5, 3.5, 3.5, 3.5, 3.5, 3.5, 3.5, 2.0]
mutation at idx = 2

iteration: 14
best: [5.83, 7.49, 10.61, 13.32, 18.09, 22.93, 43.58, 46.88, 51.47, 53.57, 58.32, 61.39, 64.1, 65.5]
time: [5.82, 7.5, 10.26, 1000, 1000, 1000, 1000, 1000, 1000, 1000, 1000, 1000, 1000, 1000]
current_hyper_parameter
v: [19.79, 12.0, 25.8, 14.84, 14.88, 25.53, 12.0, 23.0, 18.27, 27.27, 19.96, 13.63, 12.0, 12.63]
a: [148.16, 50.0, 114.66, 158.92, 59.82, 68.13, 50.0, 142.51, 83.64, 69.7, 23.21, 83.59, 50.0, 95.62]
d: [3.81, 3.5, 5.1, 4.43, 5.33, 5.44, 3.5, 5.4, 3.5, 5.03, 3.5, 3.5, 3.5, 2.0]
BEST_hyper_parameter
v: [19.79, 12.0, 16.5, 14.84, 9.11, 12.0, 12.0, 14.6, 17.81, 12.0, 12.0, 12.0, 12.0, 12.63]
a: [148.16, 50.0, 114.66, 158.92, 50.0, 50.0, 50.0, 143.08, 83.64, 50.0, 50.0, 50.0, 50.0, 95.62]
d: [3.81, 3.5, 5.1, 4.43, 5.33, 3.5, 3.5, 3.5, 3.5, 3.5, 3.5, 3.5, 3.5, 2.0]

iteration: 15
best: [5.83, 7.49, 10.61, 13.32, 18.09, 22.93, 43.58, 46.88, 51.47, 53.57, 58.32, 61.39, 64.1, 65.5]
time: [5.84, 7.5, 10.72, 13.32, 19.89, 1000, 1000, 1000, 1000, 1000, 1000, 1000, 1000, 1000]
current_hyper_parameter
v: [19.79, 12.0, 16.5, 14.84, 30.49, 14.64, 8.81, 14.6, 14.63, 13.21, 23.4, 12.0, 12.0, 17.02]
a: [148.16, 50.0, 114.66, 158.92, 50.0, 127.95, 158.84, 143.08, 90.96, 84.64, 50.0, 50.0, 50.0, 95.62]
d: [3.81, 3.5, 5.1, 4.43, 4.09, 3.5, 5.04, 3.5, 6.07, 3.5, 5.0, 3.5, 3.5, 2.0]
BEST_hyper_parameter
v: [19.79, 12.0, 16.5, 14.84, 9.11, 12.0, 12.0, 14.6, 17.81, 12.0, 12.0, 12.0, 12.0, 12.63]
a: [148.16, 50.0, 114.66, 158.92, 50.0, 50.0, 50.0, 143.08, 83.64, 50.0, 50.0, 50.0, 50.0, 95.62]
d: [3.81, 3.5, 5.1, 4.43, 5.33, 3.5, 3.5, 3.5, 3.5, 3.5, 3.5, 3.5, 3.5, 2.0]
mutation at idx = 0
mutation at idx = 2

iteration: 16
best: [5.83, 7.49, 10.61, 13.32, 18.09, 22.93, 43.58, 46.88, 51.47, 53.57, 58.32, 61.39, 64.1, 65.5]
time: [5.83, 7.63, 10.5, 16.65, 23.78, 29.1, 49.87, 56.74, 65.03, 1000, 1000, 1000, 1000, 1000]
current_hyper_parameter
v: [21.16, 12.0, 20.84, 14.84, 32.34, 12.0, 12.0, 15.26, 12.29, 33.47, 29.52, 9.57, 17.04, 12.63]
a: [109.94, 50.0, 121.5, 158.92, 103.47, 50.0, 50.0, 128.03, 43.4, 80.08, 22.22, 27.27, 149.07, 95.62]
d: [3.81, 3.5, 4.48, 4.43, 3.74, 3.5, 3.5, 3.5, 3.5, 5.48, 3.5, 3.5, 3.5, 2.0]
BEST_hyper_parameter
v: [19.79, 12.0, 16.5, 14.84, 9.11, 12.0, 12.0, 14.6, 17.81, 12.0, 12.0, 12.0, 12.0, 12.63]
a: [148.16, 50.0, 114.66, 158.92, 50.0, 50.0, 50.0, 143.08, 83.64, 50.0, 50.0, 50.0, 50.0, 95.62]
d: [3.81, 3.5, 5.1, 4.43, 5.33, 3.5, 3.5, 3.5, 3.5, 3.5, 3.5, 3.5, 3.5, 2.0]

iteration: 17
best: [5.83, 7.49, 10.61, 13.32, 18.09, 22.93, 43.58, 46.88, 51.47, 53.57, 58.32, 61.39, 64.1, 65.5]
time: [5.83, 7.5, 10.69, 1000, 1000, 1000, 1000, 1000, 1000, 1000, 1000, 1000, 1000, 1000]
current_hyper_parameter
v: [19.79, 12.0, 16.5, 14.84, 9.11, 18.21, 12.0, 23.74, 9.69, 24.65, 34.25, 29.66, 12.0, 33.93]
a: [148.16, 50.0, 114.66, 158.92, 50.0, 147.86, 50.0, 118.68, 83.64, 50.0, 50.0, 31.34, 50.0, 132.16]
d: [3.81, 3.5, 5.1, 4.43, 5.33, 4.53, 3.5, 3.5, 3.5, 3.5, 3.5, 3.5, 3.5, 2.0]
BEST_hyper_parameter
v: [19.79, 12.0, 16.5, 14.84, 9.11, 12.0, 12.0, 14.6, 17.81, 12.0, 12.0, 12.0, 12.0, 12.63]
a: [148.16, 50.0, 114.66, 158.92, 50.0, 50.0, 50.0, 143.08, 83.64, 50.0, 50.0, 50.0, 50.0, 95.62]
d: [3.81, 3.5, 5.1, 4.43, 5.33, 3.5, 3.5, 3.5, 3.5, 3.5, 3.5, 3.5, 3.5, 2.0]
mutation at idx = 0

iteration: 18
best: [5.83, 7.49, 10.61, 13.32, 18.09, 22.93, 43.58, 46.88, 51.47, 53.57, 58.32, 61.39, 64.1, 65.5]
time: [7.78, 10.56, 14.06, 17.51, 24.05, 26.98, 44.59, 47.14, 53.31, 56.65, 1000, 1000, 1000, 1000]
current_hyper_parameter
v: [10.33, 12.0, 16.5, 11.09, 34.11, 34.45, 12.0, 26.47, 32.49, 28.61, 14.73, 12.0, 10.42, 21.93]
a: [21.65, 50.0, 114.66, 56.16, 50.0, 74.31, 50.0, 143.08, 74.87, 50.0, 133.32, 50.0, 114.32, 95.62]
d: [5.96, 3.5, 5.1, 6.23, 4.44, 4.2, 3.5, 3.5, 4.26, 4.43, 6.28, 3.5, 4.88, 2.0]
BEST_hyper_parameter
v: [19.79, 12.0, 16.5, 14.84, 9.11, 12.0, 12.0, 14.6, 17.81, 12.0, 12.0, 12.0, 12.0, 12.63]
a: [148.16, 50.0, 114.66, 158.92, 50.0, 50.0, 50.0, 143.08, 83.64, 50.0, 50.0, 50.0, 50.0, 95.62]
d: [3.81, 3.5, 5.1, 4.43, 5.33, 3.5, 3.5, 3.5, 3.5, 3.5, 3.5, 3.5, 3.5, 2.0]

iteration: 19
best: [5.83, 7.49, 10.61, 13.32, 18.09, 22.93, 43.58, 46.88, 51.47, 53.57, 58.32, 61.39, 64.1, 65.5]
time: [8.66, 12.58, 18.48, 1000, 1000, 1000, 1000, 1000, 1000, 1000, 1000, 1000, 1000, 1000]
current_hyper_parameter
v: [30.89, 21.51, 29.06, 12.5, 9.11, 28.03, 24.85, 27.11, 17.81, 12.0, 28.64, 23.58, 23.66, 12.63]
a: [22.57, 24.18, 130.35, 158.92, 50.0, 50.0, 50.0, 159.94, 83.64, 50.0, 50.0, 142.87, 23.68, 95.62]
d: [3.75, 3.5, 3.95, 4.43, 5.33, 5.37, 3.5, 3.5, 3.5, 3.5, 3.5, 3.5, 4.86, 2.0]
BEST_hyper_parameter
v: [19.79, 12.0, 16.5, 14.84, 9.11, 12.0, 12.0, 14.6, 17.81, 12.0, 12.0, 12.0, 12.0, 12.63]
a: [148.16, 50.0, 114.66, 158.92, 50.0, 50.0, 50.0, 143.08, 83.64, 50.0, 50.0, 50.0, 50.0, 95.62]
d: [3.81, 3.5, 5.1, 4.43, 5.33, 3.5, 3.5, 3.5, 3.5, 3.5, 3.5, 3.5, 3.5, 2.0]

iteration: 20
best: [5.83, 7.49, 10.61, 13.32, 18.09, 22.93, 43.58, 46.88, 51.47, 53.57, 58.32, 61.39, 64.1, 65.5]
time: [5.81, 7.44, 11.04, 1000, 1000, 1000, 1000, 1000, 1000, 1000, 1000, 1000, 1000, 1000]
current_hyper_parameter
v: [19.79, 10.87, 10.97, 14.84, 25.61, 12.0, 28.51, 25.84, 30.47, 28.49, 31.17, 14.26, 32.1, 27.91]
a: [148.16, 154.62, 114.66, 158.92, 39.66, 50.0, 147.5, 55.31, 87.55, 50.0, 48.37, 21.9, 56.26, 40.33]
d: [3.81, 3.5, 4.7, 4.43, 5.33, 3.5, 3.5, 5.61, 5.87, 4.07, 3.5, 3.82, 3.5, 2.0]
BEST_hyper_parameter
v: [19.79, 12.0, 16.5, 14.84, 9.11, 12.0, 12.0, 14.6, 17.81, 12.0, 12.0, 12.0, 12.0, 12.63]
a: [148.16, 50.0, 114.66, 158.92, 50.0, 50.0, 50.0, 143.08, 83.64, 50.0, 50.0, 50.0, 50.0, 95.62]
d: [3.81, 3.5, 5.1, 4.43, 5.33, 3.5, 3.5, 3.5, 3.5, 3.5, 3.5, 3.5, 3.5, 2.0]

iteration: 21
best: [5.83, 7.49, 10.61, 13.32, 18.09, 22.93, 43.58, 46.88, 51.47, 53.57, 58.32, 61.39, 64.1, 65.5]
time: [5.78, 7.47, 10.69, 15.96, 22.21, 27.18, 50.06, 55.75, 1000, 1000, 1000, 1000, 1000, 1000]
current_hyper_parameter
v: [19.79, 12.0, 16.5, 27.37, 30.84, 12.0, 10.65, 34.13, 17.81, 28.17, 28.68, 12.15, 12.0, 12.63]
a: [148.16, 50.0, 114.66, 129.01, 50.0, 50.0, 50.0, 133.71, 83.64, 91.12, 121.48, 106.98, 50.0, 95.62]
d: [3.81, 3.5, 5.1, 3.59, 5.33, 3.5, 3.5, 4.41, 3.5, 3.5, 3.5, 4.11, 3.5, 2.0]
BEST_hyper_parameter
v: [19.79, 12.0, 16.5, 14.84, 9.11, 12.0, 12.0, 14.6, 17.81, 12.0, 12.0, 12.0, 12.0, 12.63]
a: [148.16, 50.0, 114.66, 158.92, 50.0, 50.0, 50.0, 143.08, 83.64, 50.0, 50.0, 50.0, 50.0, 95.62]
d: [3.81, 3.5, 5.1, 4.43, 5.33, 3.5, 3.5, 3.5, 3.5, 3.5, 3.5, 3.5, 3.5, 2.0]
mutation at idx = 1

iteration: 22
best: [5.83, 7.49, 10.61, 13.32, 18.09, 22.93, 43.58, 46.88, 51.47, 53.57, 58.32, 61.39, 64.1, 65.5]
time: [5.84, 7.4, 10.49, 13.16, 16.58, 20.47, 40.6, 44.16, 45.75, 47.83, 50.12, 52.71, 54.35, 55.42]
current_hyper_parameter
v: [19.79, 13.32, 16.5, 14.84, 20.77, 12.0, 12.94, 13.83, 32.1, 10.91, 12.0, 12.0, 31.13, 26.1]
a: [148.16, 128.78, 114.66, 158.92, 29.39, 50.0, 50.0, 94.55, 83.64, 104.57, 50.0, 50.0, 146.4, 45.62]
d: [3.81, 4.67, 5.1, 4.43, 5.33, 3.5, 4.92, 4.2, 5.51, 3.83, 3.5, 3.5, 5.47, 2.0]
BEST_hyper_parameter
v: [19.79, 12.0, 16.5, 14.84, 9.11, 12.0, 12.0, 14.6, 17.81, 12.0, 12.0, 12.0, 12.0, 12.63]
a: [148.16, 50.0, 114.66, 158.92, 50.0, 50.0, 50.0, 143.08, 83.64, 50.0, 50.0, 50.0, 50.0, 95.62]
d: [3.81, 3.5, 5.1, 4.43, 5.33, 3.5, 3.5, 3.5, 3.5, 3.5, 3.5, 3.5, 3.5, 2.0]
WIN: random_idx = 10

iteration: 23
best: [5.83, 7.49, 10.61, 13.32, 16.58, 20.47, 40.6, 44.16, 45.75, 47.83, 50.12, 52.71, 54.35, 55.42]
time: [5.79, 7.39, 10.51, 13.2, 16.46, 20.26, 40.12, 43.63, 45.24, 47.15, 1000, 1000, 1000, 1000]
current_hyper_parameter
v: [19.79, 13.32, 16.5, 14.84, 20.77, 12.0, 12.94, 13.83, 32.1, 10.91, 9.59, 12.0, 31.13, 26.1]
a: [148.16, 128.78, 114.66, 158.92, 29.39, 50.0, 50.0, 94.55, 83.64, 104.57, 50.0, 50.0, 146.4, 45.62]
d: [3.81, 4.67, 5.1, 4.43, 5.33, 3.5, 4.92, 4.2, 5.51, 3.83, 3.5, 3.5, 5.47, 2.0]
BEST_hyper_parameter
v: [19.79, 13.32, 16.5, 14.84, 20.77, 12.0, 12.94, 13.83, 32.1, 10.91, 12.0, 12.0, 31.13, 26.1]
a: [148.16, 128.78, 114.66, 158.92, 29.39, 50.0, 50.0, 94.55, 83.64, 104.57, 50.0, 50.0, 146.4, 45.62]
d: [3.81, 4.67, 5.1, 4.43, 5.33, 3.5, 4.92, 4.2, 5.51, 3.83, 3.5, 3.5, 5.47, 2.0]
mutation at idx = 2
mutation at idx = 8

iteration: 24
best: [5.83, 7.49, 10.61, 13.32, 16.58, 20.47, 40.6, 43.63, 45.24, 47.15, 50.12, 52.71, 54.35, 55.42]
time: [5.79, 7.42, 11.14, 14.2, 21.14, 25.93, 45.97, 49.57, 50.88, 1000, 1000, 1000, 1000, 1000]
current_hyper_parameter
v: [19.79, 13.32, 20.07, 14.84, 20.77, 12.0, 12.94, 13.83, 29.4, 10.91, 22.43, 26.86, 25.42, 26.1]
a: [148.16, 128.78, 35.42, 158.92, 29.39, 50.0, 50.0, 94.55, 143.11, 104.57, 94.0, 50.0, 54.18, 45.62]
d: [3.81, 4.67, 3.82, 4.43, 5.33, 3.5, 4.92, 4.2, 5.51, 3.83, 3.86, 5.22, 6.07, 2.0]
BEST_hyper_parameter
v: [19.79, 13.32, 16.5, 14.84, 20.77, 12.0, 12.94, 13.83, 32.1, 10.91, 12.0, 12.0, 31.13, 26.1]
a: [148.16, 128.78, 114.66, 158.92, 29.39, 50.0, 50.0, 94.55, 83.64, 104.57, 50.0, 50.0, 146.4, 45.62]
d: [3.81, 4.67, 5.1, 4.43, 5.33, 3.5, 4.92, 4.2, 5.51, 3.83, 3.5, 3.5, 5.47, 2.0]

iteration: 25
best: [5.83, 7.49, 10.61, 13.32, 16.58, 20.47, 40.6, 43.63, 45.24, 47.15, 50.12, 52.71, 54.35, 55.42]
time: [5.84, 7.41, 10.76, 13.54, 1000, 1000, 1000, 1000, 1000, 1000, 1000, 1000, 1000, 1000]
current_hyper_parameter
v: [19.79, 13.32, 12.51, 14.84, 20.77, 19.94, 12.94, 23.87, 32.1, 10.91, 31.3, 24.36, 18.36, 23.18]
a: [148.16, 128.78, 114.66, 158.92, 29.39, 100.23, 50.0, 24.99, 83.64, 104.57, 152.4, 83.39, 146.4, 45.62]
d: [3.81, 4.67, 5.1, 4.43, 5.33, 4.4, 4.92, 6.25, 5.51, 3.83, 3.5, 3.5, 6.05, 2.0]
BEST_hyper_parameter
v: [19.79, 13.32, 16.5, 14.84, 20.77, 12.0, 12.94, 13.83, 32.1, 10.91, 12.0, 12.0, 31.13, 26.1]
a: [148.16, 128.78, 114.66, 158.92, 29.39, 50.0, 50.0, 94.55, 83.64, 104.57, 50.0, 50.0, 146.4, 45.62]
d: [3.81, 4.67, 5.1, 4.43, 5.33, 3.5, 4.92, 4.2, 5.51, 3.83, 3.5, 3.5, 5.47, 2.0]

iteration: 26
best: [5.83, 7.49, 10.61, 13.32, 16.58, 20.47, 40.6, 43.63, 45.24, 47.15, 50.12, 52.71, 54.35, 55.42]
time: [5.82, 7.41, 10.5, 13.21, 16.69, 22.45, 32.25, 1000, 1000, 1000, 1000, 1000, 1000, 1000]
current_hyper_parameter
v: [19.79, 13.32, 16.5, 14.84, 20.77, 22.62, 29.44, 32.83, 32.1, 26.35, 24.9, 12.0, 25.33, 25.67]
a: [148.16, 128.78, 114.66, 158.92, 29.39, 78.76, 110.8, 57.29, 83.64, 104.57, 131.85, 50.0, 146.4, 45.62]
d: [3.81, 4.67, 5.1, 4.43, 5.33, 3.5, 5.7, 5.27, 5.51, 3.83, 3.5, 3.5, 5.47, 2.0]
BEST_hyper_parameter
v: [19.79, 13.32, 16.5, 14.84, 20.77, 12.0, 12.94, 13.83, 32.1, 10.91, 12.0, 12.0, 31.13, 26.1]
a: [148.16, 128.78, 114.66, 158.92, 29.39, 50.0, 50.0, 94.55, 83.64, 104.57, 50.0, 50.0, 146.4, 45.62]
d: [3.81, 4.67, 5.1, 4.43, 5.33, 3.5, 4.92, 4.2, 5.51, 3.83, 3.5, 3.5, 5.47, 2.0]

iteration: 27
best: [5.83, 7.49, 10.61, 13.32, 16.58, 20.47, 40.6, 43.63, 45.24, 47.15, 50.12, 52.71, 54.35, 55.42]
time: [5.79, 7.41, 10.48, 13.2, 32.08, 1000, 1000, 1000, 1000, 1000, 1000, 1000, 1000, 1000]
current_hyper_parameter
v: [19.79, 13.32, 16.5, 14.84, 20.77, 23.27, 27.95, 10.79, 34.47, 10.91, 12.0, 10.22, 15.78, 31.8]
a: [148.16, 128.78, 114.66, 158.92, 29.39, 135.12, 153.95, 131.09, 158.75, 104.57, 50.0, 86.55, 32.41, 45.62]
d: [3.81, 4.67, 5.1, 4.43, 5.33, 5.85, 4.92, 5.53, 4.43, 3.83, 3.5, 3.5, 5.47, 2.0]
BEST_hyper_parameter
v: [19.79, 13.32, 16.5, 14.84, 20.77, 12.0, 12.94, 13.83, 32.1, 10.91, 12.0, 12.0, 31.13, 26.1]
a: [148.16, 128.78, 114.66, 158.92, 29.39, 50.0, 50.0, 94.55, 83.64, 104.57, 50.0, 50.0, 146.4, 45.62]
d: [3.81, 4.67, 5.1, 4.43, 5.33, 3.5, 4.92, 4.2, 5.51, 3.83, 3.5, 3.5, 5.47, 2.0]
mutation at idx = 2

iteration: 28
best: [5.83, 7.49, 10.61, 13.32, 16.58, 20.47, 40.6, 43.63, 45.24, 47.15, 50.12, 52.71, 54.35, 55.42]
time: [5.83, 7.4, 10.74, 16.63, 22.86, 40.05, 1000, 1000, 1000, 1000, 1000, 1000, 1000, 1000]
current_hyper_parameter
v: [19.79, 13.32, 25.94, 14.84, 33.24, 24.32, 30.31, 26.23, 32.1, 31.73, 26.51, 20.05, 20.5, 31.03]
a: [148.16, 128.78, 51.7, 158.92, 65.97, 32.43, 21.05, 94.55, 83.64, 86.96, 50.0, 60.39, 123.45, 36.64]
d: [3.81, 4.67, 5.1, 4.43, 5.33, 4.55, 6.2, 4.2, 5.51, 3.57, 3.5, 3.85, 5.55, 2.0]
BEST_hyper_parameter
v: [19.79, 13.32, 16.5, 14.84, 20.77, 12.0, 12.94, 13.83, 32.1, 10.91, 12.0, 12.0, 31.13, 26.1]
a: [148.16, 128.78, 114.66, 158.92, 29.39, 50.0, 50.0, 94.55, 83.64, 104.57, 50.0, 50.0, 146.4, 45.62]
d: [3.81, 4.67, 5.1, 4.43, 5.33, 3.5, 4.92, 4.2, 5.51, 3.83, 3.5, 3.5, 5.47, 2.0]

iteration: 29
best: [5.83, 7.49, 10.61, 13.32, 16.58, 20.47, 40.6, 43.63, 45.24, 47.15, 50.12, 52.71, 54.35, 55.42]
time: [5.8, 7.38, 10.48, 13.38, 20.27, 24.43, 41.0, 44.26, 45.8, 47.59, 50.06, 1000, 1000, 1000]
current_hyper_parameter
v: [19.79, 13.32, 16.5, 13.0, 20.63, 25.23, 14.6, 13.83, 33.04, 15.69, 8.56, 26.45, 32.07, 29.32]
a: [148.16, 128.78, 114.66, 158.92, 29.39, 60.08, 117.6, 94.55, 83.64, 104.57, 123.15, 139.21, 31.7, 58.56]
d: [3.81, 4.67, 5.1, 3.77, 5.33, 3.5, 4.92, 4.2, 5.51, 5.2, 3.5, 3.5, 5.47, 2.0]
BEST_hyper_parameter
v: [19.79, 13.32, 16.5, 14.84, 20.77, 12.0, 12.94, 13.83, 32.1, 10.91, 12.0, 12.0, 31.13, 26.1]
a: [148.16, 128.78, 114.66, 158.92, 29.39, 50.0, 50.0, 94.55, 83.64, 104.57, 50.0, 50.0, 146.4, 45.62]
d: [3.81, 4.67, 5.1, 4.43, 5.33, 3.5, 4.92, 4.2, 5.51, 3.83, 3.5, 3.5, 5.47, 2.0]

iteration: 30
best: [5.83, 7.49, 10.61, 13.32, 16.58, 20.47, 40.6, 43.63, 45.24, 47.15, 50.12, 52.71, 54.35, 55.42]
time: [5.81, 7.38, 10.51, 16.3, 1000, 1000, 1000, 1000, 1000, 1000, 1000, 1000, 1000, 1000]
current_hyper_parameter
v: [19.79, 13.32, 16.5, 14.84, 22.33, 12.0, 8.6, 33.91, 17.18, 19.91, 28.15, 14.49, 33.43, 8.82]
a: [148.16, 128.78, 114.66, 158.92, 137.01, 50.0, 36.5, 99.32, 83.64, 104.57, 159.87, 50.0, 146.4, 73.03]
d: [3.81, 4.67, 5.1, 4.43, 5.33, 3.5, 4.92, 4.2, 5.51, 6.08, 3.5, 3.5, 5.47, 2.0]
BEST_hyper_parameter
v: [19.79, 13.32, 16.5, 14.84, 20.77, 12.0, 12.94, 13.83, 32.1, 10.91, 12.0, 12.0, 31.13, 26.1]
a: [148.16, 128.78, 114.66, 158.92, 29.39, 50.0, 50.0, 94.55, 83.64, 104.57, 50.0, 50.0, 146.4, 45.62]
d: [3.81, 4.67, 5.1, 4.43, 5.33, 3.5, 4.92, 4.2, 5.51, 3.83, 3.5, 3.5, 5.47, 2.0]
