
iteration: 1
best: [5.76, 7.24, 9.8, 12.49, 14.79, 18.72, 26.0, 29.24, 31.39, 33.03, 44.44, 46.65, 48.79, 50.25]
time: [7.05, 8.78, 11.32, 13.75, 16.09, 20.88, 31.92, 35.16, 1000, 1000, 1000, 1000, 1000, 1000]
current_hyper_parameter
v: [22.2, 33.54, 22.86, 23.87, 28.13, 34.6, 24.08, 33.12, 19.33, 12.08, 21.44, 27.34, 14.63, 26.83]
a: [33.7, 96.0, 143.51, 75.79, 133.5, 54.02, 153.77, 83.57, 70.02, 58.14, 60.14, 57.08, 83.64, 119.87]
d: [3.54, 3.51, 3.5, 4.69, 4.74, 5.12, 5.33, 3.78, 4.69, 5.12, 5.78, 4.95, 3.63, 2.0]
BEST_hyper_parameter
v: [22.2, 33.54, 22.86, 23.87, 28.13, 34.6, 24.08, 33.12, 19.33, 12.08, 21.44, 27.34, 14.63, 26.83]
a: [33.7, 96.0, 143.51, 75.79, 133.5, 54.02, 153.77, 83.57, 70.02, 58.14, 60.14, 57.08, 83.64, 119.87]
d: [3.54, 3.51, 3.5, 4.69, 4.74, 5.12, 5.33, 3.78, 4.69, 5.12, 5.78, 4.95, 3.63, 2.0]

iteration: 2
best: [5.76, 7.24, 9.8, 12.49, 14.79, 18.72, 26.0, 29.24, 31.39, 33.03, 44.44, 46.65, 48.79, 50.25]
time: [9.93, 11.54, 14.04, 19.91, 22.46, 34.43, 1000, 1000, 1000, 1000, 1000, 1000, 1000, 1000]
current_hyper_parameter
v: [34.0, 33.54, 22.86, 30.1, 22.39, 12.04, 18.03, 21.24, 19.33, 12.08, 21.44, 19.06, 14.63, 26.83]
a: [33.7, 96.0, 143.51, 37.87, 130.11, 127.47, 153.77, 115.72, 70.02, 58.14, 60.14, 21.81, 83.64, 119.87]
d: [5.24, 3.51, 3.5, 6.3, 3.6, 4.72, 6.31, 3.78, 4.69, 5.12, 5.78, 5.29, 3.63, 2.0]
BEST_hyper_parameter
v: [22.2, 33.54, 22.86, 23.87, 28.13, 34.6, 24.08, 33.12, 19.33, 12.08, 21.44, 27.34, 14.63, 26.83]
a: [33.7, 96.0, 143.51, 75.79, 133.5, 54.02, 153.77, 83.57, 70.02, 58.14, 60.14, 57.08, 83.64, 119.87]
d: [3.54, 3.51, 3.5, 4.69, 4.74, 5.12, 5.33, 3.78, 4.69, 5.12, 5.78, 4.95, 3.63, 2.0]

iteration: 3
best: [5.76, 7.24, 9.8, 12.49, 14.79, 18.72, 26.0, 29.24, 31.39, 33.03, 44.44, 46.65, 48.79, 50.25]
time: [7.25, 9.0, 12.28, 15.47, 1000, 1000, 1000, 1000, 1000, 1000, 1000, 1000, 1000, 1000]
current_hyper_parameter
v: [22.2, 29.07, 28.97, 15.55, 28.13, 17.05, 33.27, 29.25, 31.12, 18.67, 13.87, 33.5, 26.13, 29.59]
a: [33.7, 96.0, 43.57, 75.79, 133.5, 75.51, 153.77, 91.23, 70.02, 135.3, 60.14, 41.43, 59.47, 93.05]
d: [3.54, 3.91, 3.5, 4.69, 4.74, 4.87, 4.04, 5.68, 4.69, 4.4, 5.78, 4.95, 5.27, 2.0]
BEST_hyper_parameter
v: [22.2, 33.54, 22.86, 23.87, 28.13, 34.6, 24.08, 33.12, 19.33, 12.08, 21.44, 27.34, 14.63, 26.83]
a: [33.7, 96.0, 143.51, 75.79, 133.5, 54.02, 153.77, 83.57, 70.02, 58.14, 60.14, 57.08, 83.64, 119.87]
d: [3.54, 3.51, 3.5, 4.69, 4.74, 5.12, 5.33, 3.78, 4.69, 5.12, 5.78, 4.95, 3.63, 2.0]

iteration: 4
best: [5.76, 7.24, 9.8, 12.49, 14.79, 18.72, 26.0, 29.24, 31.39, 33.03, 44.44, 46.65, 48.79, 50.25]
time: [9.82, 14.35, 16.79, 20.08, 34.32, 1000, 1000, 1000, 1000, 1000, 1000, 1000, 1000, 1000]
current_hyper_parameter
v: [19.07, 30.78, 22.86, 25.77, 28.38, 34.6, 25.4, 29.4, 19.33, 34.79, 24.24, 17.14, 9.69, 17.08]
a: [33.7, 123.29, 143.51, 48.14, 133.5, 54.02, 114.45, 83.57, 70.02, 102.66, 60.14, 159.11, 108.33, 138.47]
d: [5.7, 6.24, 3.5, 3.92, 4.74, 5.12, 4.38, 5.16, 4.69, 5.12, 6.01, 4.38, 3.63, 2.0]
BEST_hyper_parameter
v: [22.2, 33.54, 22.86, 23.87, 28.13, 34.6, 24.08, 33.12, 19.33, 12.08, 21.44, 27.34, 14.63, 26.83]
a: [33.7, 96.0, 143.51, 75.79, 133.5, 54.02, 153.77, 83.57, 70.02, 58.14, 60.14, 57.08, 83.64, 119.87]
d: [3.54, 3.51, 3.5, 4.69, 4.74, 5.12, 5.33, 3.78, 4.69, 5.12, 5.78, 4.95, 3.63, 2.0]

iteration: 5
best: [5.76, 7.24, 9.8, 12.49, 14.79, 18.72, 26.0, 29.24, 31.39, 33.03, 44.44, 46.65, 48.79, 50.25]
time: [7.2, 10.56, 13.74, 16.59, 1000, 1000, 1000, 1000, 1000, 1000, 1000, 1000, 1000, 1000]
current_hyper_parameter
v: [12.15, 28.83, 21.51, 13.42, 28.13, 34.6, 14.73, 30.57, 19.33, 20.43, 12.72, 17.99, 30.13, 30.37]
a: [33.7, 26.54, 117.29, 75.79, 133.5, 54.02, 153.77, 148.22, 70.02, 72.31, 144.39, 57.08, 48.07, 76.4]
d: [5.25, 3.51, 5.89, 5.39, 4.74, 5.12, 4.28, 3.78, 4.69, 5.12, 5.78, 4.95, 3.63, 2.0]
BEST_hyper_parameter
v: [22.2, 33.54, 22.86, 23.87, 28.13, 34.6, 24.08, 33.12, 19.33, 12.08, 21.44, 27.34, 14.63, 26.83]
a: [33.7, 96.0, 143.51, 75.79, 133.5, 54.02, 153.77, 83.57, 70.02, 58.14, 60.14, 57.08, 83.64, 119.87]
d: [3.54, 3.51, 3.5, 4.69, 4.74, 5.12, 5.33, 3.78, 4.69, 5.12, 5.78, 4.95, 3.63, 2.0]

iteration: 6
best: [5.76, 7.24, 9.8, 12.49, 14.79, 18.72, 26.0, 29.24, 31.39, 33.03, 44.44, 46.65, 48.79, 50.25]
time: [7.25, 9.61, 13.29, 16.03, 1000, 1000, 1000, 1000, 1000, 1000, 1000, 1000, 1000, 1000]
current_hyper_parameter
v: [22.2, 34.25, 12.05, 18.18, 27.43, 30.24, 27.24, 33.12, 19.33, 12.08, 31.87, 30.8, 9.93, 33.58]
a: [33.7, 56.84, 143.51, 102.3, 133.5, 86.04, 111.5, 83.57, 70.02, 58.14, 40.01, 57.08, 83.64, 119.87]
d: [3.54, 3.51, 4.47, 4.69, 4.74, 5.12, 5.33, 3.78, 4.69, 5.12, 3.65, 4.95, 6.13, 2.0]
BEST_hyper_parameter
v: [22.2, 33.54, 22.86, 23.87, 28.13, 34.6, 24.08, 33.12, 19.33, 12.08, 21.44, 27.34, 14.63, 26.83]
a: [33.7, 96.0, 143.51, 75.79, 133.5, 54.02, 153.77, 83.57, 70.02, 58.14, 60.14, 57.08, 83.64, 119.87]
d: [3.54, 3.51, 3.5, 4.69, 4.74, 5.12, 5.33, 3.78, 4.69, 5.12, 5.78, 4.95, 3.63, 2.0]

iteration: 7
best: [5.76, 7.24, 9.8, 12.49, 14.79, 18.72, 26.0, 29.24, 31.39, 33.03, 44.44, 46.65, 48.79, 50.25]
time: [7.03, 8.73, 11.32, 13.73, 27.79, 1000, 1000, 1000, 1000, 1000, 1000, 1000, 1000, 1000]
current_hyper_parameter
v: [22.2, 19.15, 32.43, 33.05, 28.13, 29.78, 25.82, 29.68, 34.28, 16.51, 12.7, 32.57, 18.4, 34.64]
a: [33.7, 137.03, 86.59, 75.79, 133.5, 55.89, 85.6, 83.57, 70.02, 52.9, 111.9, 107.02, 92.53, 77.49]
d: [3.54, 4.68, 5.76, 4.69, 4.74, 5.12, 5.33, 3.78, 6.28, 5.31, 4.52, 4.81, 4.33, 2.0]
BEST_hyper_parameter
v: [22.2, 33.54, 22.86, 23.87, 28.13, 34.6, 24.08, 33.12, 19.33, 12.08, 21.44, 27.34, 14.63, 26.83]
a: [33.7, 96.0, 143.51, 75.79, 133.5, 54.02, 153.77, 83.57, 70.02, 58.14, 60.14, 57.08, 83.64, 119.87]
d: [3.54, 3.51, 3.5, 4.69, 4.74, 5.12, 5.33, 3.78, 4.69, 5.12, 5.78, 4.95, 3.63, 2.0]

iteration: 8
best: [5.76, 7.24, 9.8, 12.49, 14.79, 18.72, 26.0, 29.24, 31.39, 33.03, 44.44, 46.65, 48.79, 50.25]
time: [9.9, 11.52, 14.04, 16.52, 18.89, 22.87, 33.21, 36.51, 38.07, 40.4, 1000, 1000, 1000, 1000]
current_hyper_parameter
v: [28.0, 33.54, 22.86, 23.87, 29.86, 16.25, 28.22, 21.66, 19.33, 24.55, 19.73, 8.68, 14.63, 31.6]
a: [35.41, 96.0, 143.51, 75.79, 131.13, 104.76, 78.94, 83.57, 70.02, 58.14, 33.63, 83.32, 83.64, 40.08]
d: [6.0, 3.51, 3.5, 4.69, 4.51, 5.64, 4.54, 3.77, 4.69, 5.12, 5.92, 4.95, 3.63, 2.0]
BEST_hyper_parameter
v: [22.2, 33.54, 22.86, 23.87, 28.13, 34.6, 24.08, 33.12, 19.33, 12.08, 21.44, 27.34, 14.63, 26.83]
a: [33.7, 96.0, 143.51, 75.79, 133.5, 54.02, 153.77, 83.57, 70.02, 58.14, 60.14, 57.08, 83.64, 119.87]
d: [3.54, 3.51, 3.5, 4.69, 4.74, 5.12, 5.33, 3.78, 4.69, 5.12, 5.78, 4.95, 3.63, 2.0]

iteration: 9
best: [5.76, 7.24, 9.8, 12.49, 14.79, 18.72, 26.0, 29.24, 31.39, 33.03, 44.44, 46.65, 48.79, 50.25]
time: [7.09, 8.75, 11.43, 17.19, 1000, 1000, 1000, 1000, 1000, 1000, 1000, 1000, 1000, 1000]
current_hyper_parameter
v: [22.2, 33.54, 22.86, 23.87, 27.94, 16.97, 20.47, 23.1, 19.33, 33.7, 21.44, 31.96, 33.38, 34.37]
a: [33.7, 96.0, 143.51, 75.79, 155.2, 62.23, 153.77, 85.25, 70.02, 58.14, 60.14, 29.74, 144.31, 22.82]
d: [3.54, 3.51, 3.5, 4.69, 4.74, 3.83, 5.33, 3.78, 4.69, 5.12, 5.78, 4.65, 4.7, 2.0]
BEST_hyper_parameter
v: [22.2, 33.54, 22.86, 23.87, 28.13, 34.6, 24.08, 33.12, 19.33, 12.08, 21.44, 27.34, 14.63, 26.83]
a: [33.7, 96.0, 143.51, 75.79, 133.5, 54.02, 153.77, 83.57, 70.02, 58.14, 60.14, 57.08, 83.64, 119.87]
d: [3.54, 3.51, 3.5, 4.69, 4.74, 5.12, 5.33, 3.78, 4.69, 5.12, 5.78, 4.95, 3.63, 2.0]

iteration: 10
best: [5.76, 7.24, 9.8, 12.49, 14.79, 18.72, 26.0, 29.24, 31.39, 33.03, 44.44, 46.65, 48.79, 50.25]
time: [7.06, 8.73, 11.37, 13.38, 1000, 1000, 1000, 1000, 1000, 1000, 1000, 1000, 1000, 1000]
current_hyper_parameter
v: [22.2, 20.2, 20.5, 27.41, 28.13, 34.6, 26.35, 11.98, 10.72, 26.16, 21.44, 27.34, 30.89, 25.36]
a: [33.7, 136.54, 157.67, 122.88, 133.5, 54.02, 153.77, 39.81, 146.34, 51.18, 60.14, 57.08, 97.13, 158.55]
d: [3.54, 3.99, 6.4, 4.69, 4.74, 5.12, 6.15, 6.29, 3.62, 5.12, 5.78, 4.95, 3.63, 2.0]
BEST_hyper_parameter
v: [22.2, 33.54, 22.86, 23.87, 28.13, 34.6, 24.08, 33.12, 19.33, 12.08, 21.44, 27.34, 14.63, 26.83]
a: [33.7, 96.0, 143.51, 75.79, 133.5, 54.02, 153.77, 83.57, 70.02, 58.14, 60.14, 57.08, 83.64, 119.87]
d: [3.54, 3.51, 3.5, 4.69, 4.74, 5.12, 5.33, 3.78, 4.69, 5.12, 5.78, 4.95, 3.63, 2.0]

iteration: 11
best: [5.76, 7.24, 9.8, 12.49, 14.79, 18.72, 26.0, 29.24, 31.39, 33.03, 44.44, 46.65, 48.79, 50.25]
time: [7.25, 8.96, 12.21, 14.49, 1000, 1000, 1000, 1000, 1000, 1000, 1000, 1000, 1000, 1000]
current_hyper_parameter
v: [22.2, 22.1, 13.27, 32.0, 13.79, 34.6, 17.26, 33.12, 25.09, 12.08, 21.44, 28.37, 32.42, 26.83]
a: [33.7, 131.71, 36.62, 155.6, 133.5, 54.02, 153.77, 83.57, 64.73, 58.14, 60.14, 35.19, 83.64, 119.87]
d: [3.54, 5.77, 3.5, 5.22, 4.72, 5.12, 4.31, 3.78, 4.69, 5.12, 5.78, 4.95, 3.63, 2.0]
BEST_hyper_parameter
v: [22.2, 33.54, 22.86, 23.87, 28.13, 34.6, 24.08, 33.12, 19.33, 12.08, 21.44, 27.34, 14.63, 26.83]
a: [33.7, 96.0, 143.51, 75.79, 133.5, 54.02, 153.77, 83.57, 70.02, 58.14, 60.14, 57.08, 83.64, 119.87]
d: [3.54, 3.51, 3.5, 4.69, 4.74, 5.12, 5.33, 3.78, 4.69, 5.12, 5.78, 4.95, 3.63, 2.0]

iteration: 12
best: [5.76, 7.24, 9.8, 12.49, 14.79, 18.72, 26.0, 29.24, 31.39, 33.03, 44.44, 46.65, 48.79, 50.25]
time: [5.87, 7.31, 9.9, 12.28, 18.29, 23.44, 35.07, 38.06, 39.66, 41.62, 1000, 1000, 1000, 1000]
current_hyper_parameter
v: [16.48, 33.54, 22.86, 23.1, 28.13, 34.6, 33.51, 33.12, 14.02, 16.85, 21.44, 23.38, 17.35, 30.94]
a: [154.71, 96.0, 143.51, 75.79, 133.5, 54.02, 52.43, 83.57, 72.53, 108.23, 60.14, 73.68, 22.95, 26.5]
d: [6.04, 3.51, 3.5, 4.19, 4.74, 5.12, 5.33, 3.78, 4.69, 5.12, 5.78, 4.95, 3.87, 2.0]
BEST_hyper_parameter
v: [22.2, 33.54, 22.86, 23.87, 28.13, 34.6, 24.08, 33.12, 19.33, 12.08, 21.44, 27.34, 14.63, 26.83]
a: [33.7, 96.0, 143.51, 75.79, 133.5, 54.02, 153.77, 83.57, 70.02, 58.14, 60.14, 57.08, 83.64, 119.87]
d: [3.54, 3.51, 3.5, 4.69, 4.74, 5.12, 5.33, 3.78, 4.69, 5.12, 5.78, 4.95, 3.63, 2.0]

iteration: 13
best: [5.76, 7.24, 9.8, 12.49, 14.79, 18.72, 26.0, 29.24, 31.39, 33.03, 44.44, 46.65, 48.79, 50.25]
time: [7.07, 8.77, 11.46, 17.2, 22.82, 28.61, 41.83, 44.63, 46.04, 47.9, 1000, 1000, 1000, 1000]
current_hyper_parameter
v: [22.2, 33.54, 22.86, 23.87, 28.13, 13.92, 21.01, 25.79, 18.66, 15.68, 21.44, 33.79, 14.63, 33.55]
a: [33.7, 96.0, 143.51, 75.79, 133.5, 54.02, 94.97, 83.57, 148.08, 137.45, 60.14, 126.26, 83.64, 159.91]
d: [3.54, 3.51, 3.5, 4.69, 4.74, 6.48, 5.33, 4.57, 4.69, 5.12, 5.78, 4.95, 3.63, 2.0]
BEST_hyper_parameter
v: [22.2, 33.54, 22.86, 23.87, 28.13, 34.6, 24.08, 33.12, 19.33, 12.08, 21.44, 27.34, 14.63, 26.83]
a: [33.7, 96.0, 143.51, 75.79, 133.5, 54.02, 153.77, 83.57, 70.02, 58.14, 60.14, 57.08, 83.64, 119.87]
d: [3.54, 3.51, 3.5, 4.69, 4.74, 5.12, 5.33, 3.78, 4.69, 5.12, 5.78, 4.95, 3.63, 2.0]

iteration: 14
best: [5.76, 7.24, 9.8, 12.49, 14.79, 18.72, 26.0, 29.24, 31.39, 33.03, 44.44, 46.65, 48.79, 50.25]
time: [6.99, 8.76, 11.84, 14.42, 20.53, 1000, 1000, 1000, 1000, 1000, 1000, 1000, 1000, 1000]
current_hyper_parameter
v: [10.32, 23.32, 15.98, 25.0, 15.52, 34.6, 25.54, 21.38, 28.51, 16.87, 19.35, 15.64, 26.32, 22.82]
a: [33.7, 79.84, 97.12, 75.79, 88.74, 54.02, 153.77, 83.57, 61.1, 58.14, 78.77, 91.98, 83.64, 119.87]
d: [5.45, 4.95, 4.74, 3.82, 4.74, 5.12, 5.33, 3.78, 5.93, 5.12, 4.35, 4.95, 3.63, 2.0]
BEST_hyper_parameter
v: [22.2, 33.54, 22.86, 23.87, 28.13, 34.6, 24.08, 33.12, 19.33, 12.08, 21.44, 27.34, 14.63, 26.83]
a: [33.7, 96.0, 143.51, 75.79, 133.5, 54.02, 153.77, 83.57, 70.02, 58.14, 60.14, 57.08, 83.64, 119.87]
d: [3.54, 3.51, 3.5, 4.69, 4.74, 5.12, 5.33, 3.78, 4.69, 5.12, 5.78, 4.95, 3.63, 2.0]

iteration: 15
best: [5.76, 7.24, 9.8, 12.49, 14.79, 18.72, 26.0, 29.24, 31.39, 33.03, 44.44, 46.65, 48.79, 50.25]
time: [5.83, 7.68, 10.15, 12.97, 18.69, 23.31, 33.11, 1000, 1000, 1000, 1000, 1000, 1000, 1000]
current_hyper_parameter
v: [21.74, 10.33, 29.28, 10.87, 22.4, 20.1, 30.12, 17.32, 8.99, 30.65, 20.94, 13.36, 14.63, 31.92]
a: [129.78, 96.0, 143.51, 75.79, 94.89, 54.02, 117.03, 78.34, 65.59, 147.79, 137.07, 101.2, 83.64, 23.56]
d: [6.14, 6.22, 3.64, 6.41, 4.74, 4.01, 5.33, 5.63, 5.53, 3.86, 4.44, 6.43, 3.63, 2.0]
BEST_hyper_parameter
v: [22.2, 33.54, 22.86, 23.87, 28.13, 34.6, 24.08, 33.12, 19.33, 12.08, 21.44, 27.34, 14.63, 26.83]
a: [33.7, 96.0, 143.51, 75.79, 133.5, 54.02, 153.77, 83.57, 70.02, 58.14, 60.14, 57.08, 83.64, 119.87]
d: [3.54, 3.51, 3.5, 4.69, 4.74, 5.12, 5.33, 3.78, 4.69, 5.12, 5.78, 4.95, 3.63, 2.0]

iteration: 16
best: [5.76, 7.24, 9.8, 12.49, 14.79, 18.72, 26.0, 29.24, 31.39, 33.03, 44.44, 46.65, 48.79, 50.25]
time: [7.03, 8.74, 11.45, 17.25, 24.13, 1000, 1000, 1000, 1000, 1000, 1000, 1000, 1000, 1000]
current_hyper_parameter
v: [22.2, 33.54, 22.86, 23.87, 15.85, 31.5, 15.02, 29.92, 29.23, 12.08, 16.73, 28.08, 11.41, 17.81]
a: [33.7, 96.0, 143.51, 75.79, 118.67, 73.54, 153.77, 72.46, 111.36, 58.14, 60.14, 147.53, 83.64, 87.59]
d: [3.54, 3.51, 3.5, 4.69, 4.74, 3.59, 5.33, 5.43, 4.69, 5.12, 5.78, 5.52, 5.35, 2.0]
BEST_hyper_parameter
v: [22.2, 33.54, 22.86, 23.87, 28.13, 34.6, 24.08, 33.12, 19.33, 12.08, 21.44, 27.34, 14.63, 26.83]
a: [33.7, 96.0, 143.51, 75.79, 133.5, 54.02, 153.77, 83.57, 70.02, 58.14, 60.14, 57.08, 83.64, 119.87]
d: [3.54, 3.51, 3.5, 4.69, 4.74, 5.12, 5.33, 3.78, 4.69, 5.12, 5.78, 4.95, 3.63, 2.0]

iteration: 17
best: [5.76, 7.24, 9.8, 12.49, 14.79, 18.72, 26.0, 29.24, 31.39, 33.03, 44.44, 46.65, 48.79, 50.25]
time: [8.24, 10.08, 12.67, 15.34, 20.8, 24.31, 34.36, 37.22, 39.52, 41.69, 46.11, 1000, 1000, 1000]
current_hyper_parameter
v: [23.04, 24.48, 22.86, 23.87, 29.04, 18.82, 24.08, 34.28, 29.0, 12.21, 12.48, 31.73, 14.63, 23.05]
a: [21.36, 90.73, 143.51, 75.79, 133.5, 113.63, 153.77, 83.57, 70.02, 98.51, 143.15, 57.08, 83.64, 103.42]
d: [3.54, 5.9, 3.5, 4.69, 5.42, 5.12, 5.33, 3.64, 3.91, 5.12, 5.62, 6.04, 3.63, 2.0]
BEST_hyper_parameter
v: [22.2, 33.54, 22.86, 23.87, 28.13, 34.6, 24.08, 33.12, 19.33, 12.08, 21.44, 27.34, 14.63, 26.83]
a: [33.7, 96.0, 143.51, 75.79, 133.5, 54.02, 153.77, 83.57, 70.02, 58.14, 60.14, 57.08, 83.64, 119.87]
d: [3.54, 3.51, 3.5, 4.69, 4.74, 5.12, 5.33, 3.78, 4.69, 5.12, 5.78, 4.95, 3.63, 2.0]

iteration: 18
best: [5.76, 7.24, 9.8, 12.49, 14.79, 18.72, 26.0, 29.24, 31.39, 33.03, 44.44, 46.65, 48.79, 50.25]
time: [6.59, 8.53, 11.2, 14.38, 16.88, 23.4, 1000, 1000, 1000, 1000, 1000, 1000, 1000, 1000]
current_hyper_parameter
v: [11.94, 18.72, 25.05, 25.71, 28.13, 34.86, 13.0, 30.62, 22.17, 22.96, 21.44, 11.77, 34.19, 26.83]
a: [50.23, 96.0, 115.79, 33.83, 133.5, 31.47, 27.83, 83.57, 140.19, 138.99, 60.14, 72.17, 83.64, 119.87]
d: [3.54, 3.62, 3.5, 4.69, 4.74, 4.83, 5.33, 4.55, 5.05, 5.29, 5.78, 3.65, 5.36, 2.0]
BEST_hyper_parameter
v: [22.2, 33.54, 22.86, 23.87, 28.13, 34.6, 24.08, 33.12, 19.33, 12.08, 21.44, 27.34, 14.63, 26.83]
a: [33.7, 96.0, 143.51, 75.79, 133.5, 54.02, 153.77, 83.57, 70.02, 58.14, 60.14, 57.08, 83.64, 119.87]
d: [3.54, 3.51, 3.5, 4.69, 4.74, 5.12, 5.33, 3.78, 4.69, 5.12, 5.78, 4.95, 3.63, 2.0]

iteration: 19
best: [5.76, 7.24, 9.8, 12.49, 14.79, 18.72, 26.0, 29.24, 31.39, 33.03, 44.44, 46.65, 48.79, 50.25]
time: [6.28, 8.34, 11.19, 13.61, 15.92, 19.32, 28.52, 31.15, 32.99, 35.46, 37.59, 40.06, 1000, 1000]
current_hyper_parameter
v: [18.2, 12.0, 22.86, 24.81, 21.53, 34.87, 33.43, 30.95, 22.51, 16.54, 9.89, 30.78, 9.99, 28.01]
a: [55.9, 96.0, 143.51, 97.66, 118.22, 145.23, 80.24, 96.83, 70.02, 54.27, 60.14, 57.08, 63.31, 89.7]
d: [3.54, 3.51, 3.5, 5.95, 4.74, 5.12, 5.33, 4.0, 4.69, 3.67, 3.96, 4.95, 6.22, 2.0]
BEST_hyper_parameter
v: [22.2, 33.54, 22.86, 23.87, 28.13, 34.6, 24.08, 33.12, 19.33, 12.08, 21.44, 27.34, 14.63, 26.83]
a: [33.7, 96.0, 143.51, 75.79, 133.5, 54.02, 153.77, 83.57, 70.02, 58.14, 60.14, 57.08, 83.64, 119.87]
d: [3.54, 3.51, 3.5, 4.69, 4.74, 5.12, 5.33, 3.78, 4.69, 5.12, 5.78, 4.95, 3.63, 2.0]

iteration: 20
best: [5.76, 7.24, 9.8, 12.49, 14.79, 18.72, 26.0, 29.24, 31.39, 33.03, 44.44, 46.65, 48.79, 50.25]
time: [6.12, 7.66, 9.95, 12.92, 20.02, 23.38, 32.36, 1000, 1000, 1000, 1000, 1000, 1000, 1000]
current_hyper_parameter
v: [34.51, 20.3, 34.54, 11.57, 16.58, 13.37, 31.67, 9.76, 25.62, 33.9, 9.89, 15.06, 34.83, 29.21]
a: [67.43, 134.53, 130.21, 89.95, 39.21, 111.93, 140.33, 77.61, 154.78, 58.14, 60.14, 54.22, 24.03, 119.87]
d: [3.54, 3.51, 4.15, 4.73, 4.74, 4.02, 4.56, 6.47, 4.69, 4.61, 5.78, 4.95, 5.01, 2.0]
BEST_hyper_parameter
v: [22.2, 33.54, 22.86, 23.87, 28.13, 34.6, 24.08, 33.12, 19.33, 12.08, 21.44, 27.34, 14.63, 26.83]
a: [33.7, 96.0, 143.51, 75.79, 133.5, 54.02, 153.77, 83.57, 70.02, 58.14, 60.14, 57.08, 83.64, 119.87]
d: [3.54, 3.51, 3.5, 4.69, 4.74, 5.12, 5.33, 3.78, 4.69, 5.12, 5.78, 4.95, 3.63, 2.0]

iteration: 21
best: [5.76, 7.24, 9.8, 12.49, 14.79, 18.72, 26.0, 29.24, 31.39, 33.03, 44.44, 46.65, 48.79, 50.25]
time: [7.1, 8.75, 11.42, 14.1, 16.42, 20.99, 35.32, 39.42, 41.2, 1000, 1000, 1000, 1000, 1000]
current_hyper_parameter
v: [22.2, 33.54, 22.86, 23.87, 28.13, 20.92, 24.08, 15.07, 23.4, 12.08, 21.44, 30.54, 12.26, 23.44]
a: [33.7, 96.0, 143.51, 75.79, 133.5, 54.02, 153.77, 58.33, 155.05, 58.14, 60.14, 136.32, 21.93, 43.04]
d: [3.54, 3.51, 3.5, 4.69, 4.74, 5.92, 5.33, 3.78, 4.69, 5.12, 5.78, 5.17, 3.63, 2.0]
BEST_hyper_parameter
v: [22.2, 33.54, 22.86, 23.87, 28.13, 34.6, 24.08, 33.12, 19.33, 12.08, 21.44, 27.34, 14.63, 26.83]
a: [33.7, 96.0, 143.51, 75.79, 133.5, 54.02, 153.77, 83.57, 70.02, 58.14, 60.14, 57.08, 83.64, 119.87]
d: [3.54, 3.51, 3.5, 4.69, 4.74, 5.12, 5.33, 3.78, 4.69, 5.12, 5.78, 4.95, 3.63, 2.0]

iteration: 22
best: [5.76, 7.24, 9.8, 12.49, 14.79, 18.72, 26.0, 29.24, 31.39, 33.03, 44.44, 46.65, 48.79, 50.25]
time: [7.02, 8.68, 11.79, 17.67, 23.35, 28.91, 43.64, 46.66, 48.26, 50.38, 1000, 1000, 1000, 1000]
current_hyper_parameter
v: [24.21, 33.54, 27.57, 23.87, 24.61, 18.55, 17.56, 31.27, 20.51, 13.88, 9.06, 29.45, 31.79, 14.91]
a: [33.7, 96.0, 72.32, 75.79, 103.7, 54.02, 93.72, 83.57, 57.96, 151.06, 60.14, 147.73, 105.15, 95.64]
d: [3.54, 3.51, 3.5, 4.69, 5.72, 5.47, 5.33, 5.85, 4.5, 5.12, 5.78, 4.95, 4.37, 2.0]
BEST_hyper_parameter
v: [22.2, 33.54, 22.86, 23.87, 28.13, 34.6, 24.08, 33.12, 19.33, 12.08, 21.44, 27.34, 14.63, 26.83]
a: [33.7, 96.0, 143.51, 75.79, 133.5, 54.02, 153.77, 83.57, 70.02, 58.14, 60.14, 57.08, 83.64, 119.87]
d: [3.54, 3.51, 3.5, 4.69, 4.74, 5.12, 5.33, 3.78, 4.69, 5.12, 5.78, 4.95, 3.63, 2.0]

iteration: 23
best: [5.76, 7.24, 9.8, 12.49, 14.79, 18.72, 26.0, 29.24, 31.39, 33.03, 44.44, 46.65, 48.79, 50.25]
time: [6.02, 7.52, 10.04, 15.76, 26.25, 1000, 1000, 1000, 1000, 1000, 1000, 1000, 1000, 1000]
current_hyper_parameter
v: [13.89, 26.76, 31.7, 16.32, 14.08, 29.47, 31.72, 9.23, 21.81, 24.69, 31.86, 27.07, 18.87, 21.99]
a: [131.36, 96.0, 101.38, 111.05, 133.5, 98.99, 153.77, 132.94, 98.27, 50.7, 36.01, 57.08, 43.66, 66.55]
d: [5.68, 3.51, 5.11, 4.69, 4.74, 5.85, 4.19, 3.78, 3.63, 5.12, 5.78, 4.79, 3.63, 2.0]
BEST_hyper_parameter
v: [22.2, 33.54, 22.86, 23.87, 28.13, 34.6, 24.08, 33.12, 19.33, 12.08, 21.44, 27.34, 14.63, 26.83]
a: [33.7, 96.0, 143.51, 75.79, 133.5, 54.02, 153.77, 83.57, 70.02, 58.14, 60.14, 57.08, 83.64, 119.87]
d: [3.54, 3.51, 3.5, 4.69, 4.74, 5.12, 5.33, 3.78, 4.69, 5.12, 5.78, 4.95, 3.63, 2.0]

iteration: 24
best: [5.76, 7.24, 9.8, 12.49, 14.79, 18.72, 26.0, 29.24, 31.39, 33.03, 44.44, 46.65, 48.79, 50.25]
time: [7.08, 8.73, 11.39, 16.87, 31.35, 35.91, 47.06, 50.07, 52.3, 1000, 1000, 1000, 1000, 1000]
current_hyper_parameter
v: [22.2, 33.54, 22.86, 32.83, 28.13, 34.6, 24.08, 26.33, 9.09, 24.28, 21.95, 26.66, 27.44, 33.84]
a: [33.7, 96.0, 143.51, 136.88, 133.5, 54.02, 153.77, 83.57, 70.02, 29.7, 50.67, 57.08, 83.64, 121.29]
d: [3.54, 3.51, 3.5, 4.69, 4.74, 5.12, 5.33, 6.34, 4.69, 5.12, 5.78, 4.95, 6.2, 2.0]
BEST_hyper_parameter
v: [22.2, 33.54, 22.86, 23.87, 28.13, 34.6, 24.08, 33.12, 19.33, 12.08, 21.44, 27.34, 14.63, 26.83]
a: [33.7, 96.0, 143.51, 75.79, 133.5, 54.02, 153.77, 83.57, 70.02, 58.14, 60.14, 57.08, 83.64, 119.87]
d: [3.54, 3.51, 3.5, 4.69, 4.74, 5.12, 5.33, 3.78, 4.69, 5.12, 5.78, 4.95, 3.63, 2.0]

iteration: 25
best: [5.76, 7.24, 9.8, 12.49, 14.79, 18.72, 26.0, 29.24, 31.39, 33.03, 44.44, 46.65, 48.79, 50.25]
time: [5.73, 7.57, 11.87, 17.69, 20.74, 24.88, 34.79, 38.94, 40.62, 45.41, 1000, 1000, 1000, 1000]
current_hyper_parameter
v: [30.65, 27.46, 8.95, 23.87, 19.48, 16.6, 28.97, 12.01, 29.77, 12.08, 18.41, 9.22, 32.1, 26.45]
a: [142.33, 33.92, 96.97, 75.79, 70.54, 54.02, 120.44, 83.57, 98.67, 58.14, 111.61, 57.08, 71.57, 119.87]
d: [6.15, 3.9, 3.5, 4.69, 5.58, 5.12, 5.33, 3.78, 4.17, 5.12, 5.78, 4.95, 4.86, 2.0]
BEST_hyper_parameter
v: [22.2, 33.54, 22.86, 23.87, 28.13, 34.6, 24.08, 33.12, 19.33, 12.08, 21.44, 27.34, 14.63, 26.83]
a: [33.7, 96.0, 143.51, 75.79, 133.5, 54.02, 153.77, 83.57, 70.02, 58.14, 60.14, 57.08, 83.64, 119.87]
d: [3.54, 3.51, 3.5, 4.69, 4.74, 5.12, 5.33, 3.78, 4.69, 5.12, 5.78, 4.95, 3.63, 2.0]
mutation at idx = 1

iteration: 26
best: [5.76, 7.24, 9.8, 12.49, 14.79, 18.72, 26.0, 29.24, 31.39, 33.03, 44.44, 46.65, 48.79, 50.25]
time: [7.06, 9.33, 12.02, 15.1, 25.54, 33.35, 48.21, 1000, 1000, 1000, 1000, 1000, 1000, 1000]
current_hyper_parameter
v: [22.2, 15.9, 22.86, 13.59, 23.91, 23.94, 16.96, 33.12, 8.57, 27.37, 34.34, 11.21, 15.65, 26.83]
a: [33.7, 67.2, 143.51, 53.57, 76.07, 54.02, 115.13, 83.57, 70.02, 58.14, 118.2, 41.61, 112.64, 119.87]
d: [3.54, 4.96, 3.5, 4.69, 4.74, 5.12, 5.33, 3.78, 3.64, 5.38, 4.58, 4.95, 3.58, 2.0]
BEST_hyper_parameter
v: [22.2, 33.54, 22.86, 23.87, 28.13, 34.6, 24.08, 33.12, 19.33, 12.08, 21.44, 27.34, 14.63, 26.83]
a: [33.7, 96.0, 143.51, 75.79, 133.5, 54.02, 153.77, 83.57, 70.02, 58.14, 60.14, 57.08, 83.64, 119.87]
d: [3.54, 3.51, 3.5, 4.69, 4.74, 5.12, 5.33, 3.78, 4.69, 5.12, 5.78, 4.95, 3.63, 2.0]

iteration: 27
best: [5.76, 7.24, 9.8, 12.49, 14.79, 18.72, 26.0, 29.24, 31.39, 33.03, 44.44, 46.65, 48.79, 50.25]
time: [6.31, 8.14, 10.76, 13.25, 19.14, 22.58, 32.8, 35.25, 1000, 1000, 1000, 1000, 1000, 1000]
current_hyper_parameter
v: [10.82, 20.75, 22.86, 23.87, 28.13, 21.59, 27.16, 34.8, 29.37, 23.94, 21.44, 26.15, 14.63, 12.2]
a: [125.74, 73.34, 143.51, 75.79, 133.5, 146.46, 64.9, 142.63, 32.69, 87.97, 60.14, 39.49, 83.64, 119.87]
d: [3.54, 5.16, 3.5, 4.69, 4.74, 5.12, 4.38, 3.78, 4.69, 5.12, 5.78, 4.95, 3.63, 2.0]
BEST_hyper_parameter
v: [22.2, 33.54, 22.86, 23.87, 28.13, 34.6, 24.08, 33.12, 19.33, 12.08, 21.44, 27.34, 14.63, 26.83]
a: [33.7, 96.0, 143.51, 75.79, 133.5, 54.02, 153.77, 83.57, 70.02, 58.14, 60.14, 57.08, 83.64, 119.87]
d: [3.54, 3.51, 3.5, 4.69, 4.74, 5.12, 5.33, 3.78, 4.69, 5.12, 5.78, 4.95, 3.63, 2.0]
