
iteration: 1
best: [5.77, 7.44, 9.34, 11.86, 15.58, 19.98, 28.99, 31.67, 33.41, 34.55, 36.51, 39.19, 41.46, 42.42]
time: [5.59, 7.22, 9.79, 1000, 1000, 1000, 1000, 1000, 1000, 1000, 1000, 1000, 1000, 1000]
current_hyper_parameter
v: [28.53, 12.0, 34.62, 30.39, 20.48, 30.15, 30.6, 29.28, 30.74, 19.99, 14.23, 18.14, 14.94, 16.8]
a: [154.09, 50.0, 114.87, 140.87, 96.46, 116.01, 102.6, 119.86, 48.4, 127.66, 133.81, 65.32, 84.18, 116.69]
d: [3.5, 3.5, 5.41, 4.23, 4.69, 5.1, 3.5, 5.06, 6.07, 4.5, 3.5, 3.5, 6.27, 2.0]
BEST_hyper_parameter
v: [28.53, 12.0, 34.62, 30.39, 20.48, 30.15, 30.6, 29.28, 30.74, 19.99, 14.23, 18.14, 14.94, 16.8]
a: [154.09, 50.0, 114.87, 140.87, 96.46, 116.01, 102.6, 119.86, 48.4, 127.66, 133.81, 65.32, 84.18, 116.69]
d: [3.5, 3.5, 5.41, 4.23, 4.69, 5.1, 3.5, 5.06, 6.07, 4.5, 3.5, 3.5, 6.27, 2.0]

iteration: 2
best: [5.77, 7.44, 9.34, 11.86, 15.58, 19.98, 28.99, 31.67, 33.41, 34.55, 36.51, 39.19, 41.46, 42.42]
time: [5.68, 7.2, 9.92, 15.25, 21.66, 28.73, 1000, 1000, 1000, 1000, 1000, 1000, 1000, 1000]
current_hyper_parameter
v: [28.53, 12.0, 34.62, 34.21, 20.48, 30.15, 21.35, 29.28, 30.74, 17.0, 34.72, 19.7, 17.93, 27.92]
a: [154.09, 50.0, 114.87, 140.87, 96.46, 116.01, 102.6, 119.86, 48.4, 127.66, 124.2, 51.47, 33.11, 123.33]
d: [3.5, 3.5, 5.41, 4.23, 4.69, 5.1, 3.5, 5.06, 6.07, 4.5, 3.5, 5.38, 6.3, 2.0]
BEST_hyper_parameter
v: [28.53, 12.0, 34.62, 30.39, 20.48, 30.15, 30.6, 29.28, 30.74, 19.99, 14.23, 18.14, 14.94, 16.8]
a: [154.09, 50.0, 114.87, 140.87, 96.46, 116.01, 102.6, 119.86, 48.4, 127.66, 133.81, 65.32, 84.18, 116.69]
d: [3.5, 3.5, 5.41, 4.23, 4.69, 5.1, 3.5, 5.06, 6.07, 4.5, 3.5, 3.5, 6.27, 2.0]

iteration: 3
best: [5.77, 7.44, 9.34, 11.86, 15.58, 19.98, 28.99, 31.67, 33.41, 34.55, 36.51, 39.19, 41.46, 42.42]
time: [5.7, 7.32, 10.05, 1000, 1000, 1000, 1000, 1000, 1000, 1000, 1000, 1000, 1000, 1000]
current_hyper_parameter
v: [28.53, 12.0, 34.62, 26.5, 34.55, 31.2, 28.72, 29.28, 10.52, 19.99, 12.48, 18.14, 34.96, 16.8]
a: [154.09, 50.0, 114.87, 148.04, 45.84, 138.53, 142.72, 119.86, 31.55, 127.66, 112.97, 65.32, 80.14, 116.69]
d: [3.5, 3.5, 5.41, 4.23, 4.54, 5.1, 3.5, 5.06, 4.06, 4.5, 3.5, 3.5, 6.27, 2.0]
BEST_hyper_parameter
v: [28.53, 12.0, 34.62, 30.39, 20.48, 30.15, 30.6, 29.28, 30.74, 19.99, 14.23, 18.14, 14.94, 16.8]
a: [154.09, 50.0, 114.87, 140.87, 96.46, 116.01, 102.6, 119.86, 48.4, 127.66, 133.81, 65.32, 84.18, 116.69]
d: [3.5, 3.5, 5.41, 4.23, 4.69, 5.1, 3.5, 5.06, 6.07, 4.5, 3.5, 3.5, 6.27, 2.0]

iteration: 4
best: [5.77, 7.44, 9.34, 11.86, 15.58, 19.98, 28.99, 31.67, 33.41, 34.55, 36.51, 39.19, 41.46, 42.42]
time: [5.67, 7.19, 9.93, 15.87, 1000, 1000, 1000, 1000, 1000, 1000, 1000, 1000, 1000, 1000]
current_hyper_parameter
v: [28.53, 12.0, 34.62, 28.68, 20.48, 12.41, 10.87, 29.28, 29.0, 19.99, 14.23, 25.58, 14.94, 22.13]
a: [154.09, 50.0, 114.87, 140.87, 96.46, 116.01, 120.23, 119.86, 48.4, 127.66, 133.81, 60.67, 84.18, 116.69]
d: [3.5, 3.5, 5.41, 3.93, 4.69, 6.31, 3.5, 5.06, 4.74, 4.5, 3.5, 3.5, 6.27, 2.0]
BEST_hyper_parameter
v: [28.53, 12.0, 34.62, 30.39, 20.48, 30.15, 30.6, 29.28, 30.74, 19.99, 14.23, 18.14, 14.94, 16.8]
a: [154.09, 50.0, 114.87, 140.87, 96.46, 116.01, 102.6, 119.86, 48.4, 127.66, 133.81, 65.32, 84.18, 116.69]
d: [3.5, 3.5, 5.41, 4.23, 4.69, 5.1, 3.5, 5.06, 6.07, 4.5, 3.5, 3.5, 6.27, 2.0]

iteration: 5
best: [5.77, 7.44, 9.34, 11.86, 15.58, 19.98, 28.99, 31.67, 33.41, 34.55, 36.51, 39.19, 41.46, 42.42]
time: [5.67, 7.24, 9.94, 16.01, 29.58, 40.42, 1000, 1000, 1000, 1000, 1000, 1000, 1000, 1000]
current_hyper_parameter
v: [28.53, 12.0, 34.62, 30.39, 33.45, 25.43, 30.45, 33.58, 12.68, 14.78, 14.23, 24.99, 14.94, 19.72]
a: [154.09, 50.0, 114.87, 140.87, 96.46, 116.01, 60.5, 52.7, 69.13, 127.66, 133.81, 65.32, 84.18, 116.69]
d: [3.5, 3.5, 5.41, 4.23, 5.11, 5.1, 3.5, 4.95, 6.18, 5.95, 3.5, 3.81, 6.27, 2.0]
BEST_hyper_parameter
v: [28.53, 12.0, 34.62, 30.39, 20.48, 30.15, 30.6, 29.28, 30.74, 19.99, 14.23, 18.14, 14.94, 16.8]
a: [154.09, 50.0, 114.87, 140.87, 96.46, 116.01, 102.6, 119.86, 48.4, 127.66, 133.81, 65.32, 84.18, 116.69]
d: [3.5, 3.5, 5.41, 4.23, 4.69, 5.1, 3.5, 5.06, 6.07, 4.5, 3.5, 3.5, 6.27, 2.0]

iteration: 6
best: [5.77, 7.44, 9.34, 11.86, 15.58, 19.98, 28.99, 31.67, 33.41, 34.55, 36.51, 39.19, 41.46, 42.42]
time: [5.68, 7.21, 9.93, 12.26, 18.43, 21.16, 39.45, 1000, 1000, 1000, 1000, 1000, 1000, 1000]
current_hyper_parameter
v: [28.53, 12.0, 34.62, 20.85, 11.88, 17.41, 8.55, 29.28, 13.83, 27.7, 11.11, 24.99, 34.52, 16.8]
a: [154.09, 50.0, 114.87, 132.05, 84.58, 151.73, 102.6, 119.86, 99.7, 127.66, 127.36, 148.1, 149.81, 116.69]
d: [3.5, 3.5, 5.41, 4.23, 4.69, 4.24, 3.69, 5.06, 6.27, 6.44, 5.45, 5.0, 6.27, 2.0]
BEST_hyper_parameter
v: [28.53, 12.0, 34.62, 30.39, 20.48, 30.15, 30.6, 29.28, 30.74, 19.99, 14.23, 18.14, 14.94, 16.8]
a: [154.09, 50.0, 114.87, 140.87, 96.46, 116.01, 102.6, 119.86, 48.4, 127.66, 133.81, 65.32, 84.18, 116.69]
d: [3.5, 3.5, 5.41, 4.23, 4.69, 5.1, 3.5, 5.06, 6.07, 4.5, 3.5, 3.5, 6.27, 2.0]
mutation at idx = 1
mutation at idx = 3

iteration: 7
best: [5.77, 7.44, 9.34, 11.86, 15.58, 19.98, 28.99, 31.67, 33.41, 34.55, 36.51, 39.19, 41.46, 42.42]
time: [5.68, 7.22, 9.89, 12.82, 18.63, 21.8, 37.87, 1000, 1000, 1000, 1000, 1000, 1000, 1000]
current_hyper_parameter
v: [28.53, 32.98, 34.62, 10.37, 20.48, 34.41, 13.21, 17.67, 30.74, 21.49, 12.83, 18.77, 11.89, 22.29]
a: [154.09, 68.97, 114.87, 133.14, 96.46, 116.01, 40.69, 144.01, 48.4, 127.66, 133.81, 81.79, 42.27, 64.37]
d: [3.5, 3.5, 5.41, 4.23, 4.69, 3.54, 6.06, 5.06, 6.07, 5.42, 5.53, 5.82, 6.27, 2.0]
BEST_hyper_parameter
v: [28.53, 12.0, 34.62, 30.39, 20.48, 30.15, 30.6, 29.28, 30.74, 19.99, 14.23, 18.14, 14.94, 16.8]
a: [154.09, 50.0, 114.87, 140.87, 96.46, 116.01, 102.6, 119.86, 48.4, 127.66, 133.81, 65.32, 84.18, 116.69]
d: [3.5, 3.5, 5.41, 4.23, 4.69, 5.1, 3.5, 5.06, 6.07, 4.5, 3.5, 3.5, 6.27, 2.0]

iteration: 8
best: [5.77, 7.44, 9.34, 11.86, 15.58, 19.98, 28.99, 31.67, 33.41, 34.55, 36.51, 39.19, 41.46, 42.42]
time: [5.68, 7.24, 9.97, 15.04, 1000, 1000, 1000, 1000, 1000, 1000, 1000, 1000, 1000, 1000]
current_hyper_parameter
v: [28.53, 12.0, 34.62, 30.39, 22.99, 30.15, 23.93, 21.68, 30.74, 30.95, 9.3, 30.92, 23.49, 29.57]
a: [154.09, 50.0, 114.87, 140.87, 92.13, 116.01, 89.31, 113.85, 48.4, 64.7, 133.81, 65.32, 40.88, 35.2]
d: [3.5, 3.5, 5.41, 4.23, 4.69, 5.1, 4.01, 5.06, 6.07, 4.5, 3.5, 3.5, 6.27, 2.0]
BEST_hyper_parameter
v: [28.53, 12.0, 34.62, 30.39, 20.48, 30.15, 30.6, 29.28, 30.74, 19.99, 14.23, 18.14, 14.94, 16.8]
a: [154.09, 50.0, 114.87, 140.87, 96.46, 116.01, 102.6, 119.86, 48.4, 127.66, 133.81, 65.32, 84.18, 116.69]
d: [3.5, 3.5, 5.41, 4.23, 4.69, 5.1, 3.5, 5.06, 6.07, 4.5, 3.5, 3.5, 6.27, 2.0]

iteration: 9
best: [5.77, 7.44, 9.34, 11.86, 15.58, 19.98, 28.99, 31.67, 33.41, 34.55, 36.51, 39.19, 41.46, 42.42]
time: [5.69, 7.24, 9.98, 15.95, 36.81, 1000, 1000, 1000, 1000, 1000, 1000, 1000, 1000, 1000]
current_hyper_parameter
v: [28.53, 12.0, 34.62, 27.8, 22.65, 22.11, 30.6, 26.86, 30.74, 19.99, 14.23, 18.14, 14.94, 16.8]
a: [154.09, 50.0, 114.87, 115.27, 108.07, 101.9, 102.6, 123.23, 48.4, 127.66, 133.81, 65.32, 84.18, 116.69]
d: [3.5, 3.5, 5.41, 4.23, 3.96, 5.1, 3.5, 5.06, 6.07, 4.5, 3.5, 3.5, 6.27, 2.0]
BEST_hyper_parameter
v: [28.53, 12.0, 34.62, 30.39, 20.48, 30.15, 30.6, 29.28, 30.74, 19.99, 14.23, 18.14, 14.94, 16.8]
a: [154.09, 50.0, 114.87, 140.87, 96.46, 116.01, 102.6, 119.86, 48.4, 127.66, 133.81, 65.32, 84.18, 116.69]
d: [3.5, 3.5, 5.41, 4.23, 4.69, 5.1, 3.5, 5.06, 6.07, 4.5, 3.5, 3.5, 6.27, 2.0]

iteration: 10
best: [5.77, 7.44, 9.34, 11.86, 15.58, 19.98, 28.99, 31.67, 33.41, 34.55, 36.51, 39.19, 41.46, 42.42]
time: [5.69, 7.19, 9.9, 15.12, 22.18, 28.7, 1000, 1000, 1000, 1000, 1000, 1000, 1000, 1000]
current_hyper_parameter
v: [28.53, 12.0, 34.62, 30.39, 21.25, 30.15, 21.57, 17.22, 12.49, 24.72, 13.37, 17.91, 26.04, 19.82]
a: [154.09, 50.0, 114.87, 140.87, 96.46, 116.01, 102.6, 93.27, 35.03, 34.33, 27.74, 67.64, 74.06, 27.0]
d: [3.5, 3.5, 5.41, 4.23, 5.4, 5.1, 5.96, 4.13, 6.07, 4.58, 6.28, 3.5, 5.21, 2.0]
BEST_hyper_parameter
v: [28.53, 12.0, 34.62, 30.39, 20.48, 30.15, 30.6, 29.28, 30.74, 19.99, 14.23, 18.14, 14.94, 16.8]
a: [154.09, 50.0, 114.87, 140.87, 96.46, 116.01, 102.6, 119.86, 48.4, 127.66, 133.81, 65.32, 84.18, 116.69]
d: [3.5, 3.5, 5.41, 4.23, 4.69, 5.1, 3.5, 5.06, 6.07, 4.5, 3.5, 3.5, 6.27, 2.0]

iteration: 11
best: [5.77, 7.44, 9.34, 11.86, 15.58, 19.98, 28.99, 31.67, 33.41, 34.55, 36.51, 39.19, 41.46, 42.42]
time: [5.7, 7.3, 10.0, 15.56, 32.64, 35.93, 1000, 1000, 1000, 1000, 1000, 1000, 1000, 1000]
current_hyper_parameter
v: [28.53, 12.0, 34.62, 30.39, 32.48, 14.91, 27.36, 21.66, 30.74, 10.8, 22.28, 22.92, 14.94, 14.78]
a: [154.09, 50.0, 114.87, 140.87, 39.33, 64.08, 86.78, 119.86, 48.4, 79.96, 130.2, 65.32, 84.18, 116.69]
d: [3.5, 3.5, 5.41, 4.23, 4.69, 5.1, 5.18, 5.95, 6.07, 4.5, 3.5, 4.45, 6.27, 2.0]
BEST_hyper_parameter
v: [28.53, 12.0, 34.62, 30.39, 20.48, 30.15, 30.6, 29.28, 30.74, 19.99, 14.23, 18.14, 14.94, 16.8]
a: [154.09, 50.0, 114.87, 140.87, 96.46, 116.01, 102.6, 119.86, 48.4, 127.66, 133.81, 65.32, 84.18, 116.69]
d: [3.5, 3.5, 5.41, 4.23, 4.69, 5.1, 3.5, 5.06, 6.07, 4.5, 3.5, 3.5, 6.27, 2.0]

iteration: 12
best: [5.77, 7.44, 9.34, 11.86, 15.58, 19.98, 28.99, 31.67, 33.41, 34.55, 36.51, 39.19, 41.46, 42.42]
time: [5.68, 7.26, 9.97, 12.42, 14.84, 21.56, 41.53, 1000, 1000, 1000, 1000, 1000, 1000, 1000]
current_hyper_parameter
v: [28.53, 12.0, 34.62, 17.85, 31.15, 28.35, 30.6, 24.76, 19.92, 19.99, 30.37, 26.78, 17.19, 16.8]
a: [154.09, 50.0, 114.87, 109.91, 96.46, 143.17, 102.6, 39.09, 43.48, 127.66, 133.81, 28.28, 84.18, 116.69]
d: [3.5, 3.5, 5.41, 4.23, 4.67, 5.87, 3.5, 4.91, 4.91, 4.5, 5.82, 3.5, 6.27, 2.0]
BEST_hyper_parameter
v: [28.53, 12.0, 34.62, 30.39, 20.48, 30.15, 30.6, 29.28, 30.74, 19.99, 14.23, 18.14, 14.94, 16.8]
a: [154.09, 50.0, 114.87, 140.87, 96.46, 116.01, 102.6, 119.86, 48.4, 127.66, 133.81, 65.32, 84.18, 116.69]
d: [3.5, 3.5, 5.41, 4.23, 4.69, 5.1, 3.5, 5.06, 6.07, 4.5, 3.5, 3.5, 6.27, 2.0]

iteration: 13
best: [5.77, 7.44, 9.34, 11.86, 15.58, 19.98, 28.99, 31.67, 33.41, 34.55, 36.51, 39.19, 41.46, 42.42]
time: [5.67, 7.23, 9.93, 15.13, 34.58, 42.22, 1000, 1000, 1000, 1000, 1000, 1000, 1000, 1000]
current_hyper_parameter
v: [28.53, 12.0, 34.62, 30.39, 20.48, 12.14, 18.55, 26.7, 30.74, 13.38, 25.43, 26.42, 14.94, 16.8]
a: [154.09, 50.0, 114.87, 140.87, 96.46, 116.01, 113.42, 107.24, 48.4, 127.66, 133.81, 145.58, 84.18, 116.69]
d: [3.5, 3.5, 5.41, 4.23, 4.69, 5.1, 4.62, 5.91, 6.07, 4.5, 5.66, 3.5, 6.27, 2.0]
BEST_hyper_parameter
v: [28.53, 12.0, 34.62, 30.39, 20.48, 30.15, 30.6, 29.28, 30.74, 19.99, 14.23, 18.14, 14.94, 16.8]
a: [154.09, 50.0, 114.87, 140.87, 96.46, 116.01, 102.6, 119.86, 48.4, 127.66, 133.81, 65.32, 84.18, 116.69]
d: [3.5, 3.5, 5.41, 4.23, 4.69, 5.1, 3.5, 5.06, 6.07, 4.5, 3.5, 3.5, 6.27, 2.0]

iteration: 14
best: [5.77, 7.44, 9.34, 11.86, 15.58, 19.98, 28.99, 31.67, 33.41, 34.55, 36.51, 39.19, 41.46, 42.42]
time: [5.71, 7.24, 9.96, 12.56, 16.16, 21.14, 33.24, 48.19, 1000, 1000, 1000, 1000, 1000, 1000]
current_hyper_parameter
v: [28.53, 12.0, 34.62, 12.96, 9.91, 32.03, 25.17, 12.61, 30.74, 19.99, 14.23, 16.6, 10.35, 16.8]
a: [154.09, 50.0, 114.87, 140.87, 43.1, 29.66, 123.87, 132.69, 48.4, 127.66, 133.81, 125.47, 23.23, 116.69]
d: [3.5, 3.5, 5.41, 6.23, 4.69, 5.1, 3.5, 5.06, 6.07, 4.5, 3.5, 3.5, 6.27, 2.0]
BEST_hyper_parameter
v: [28.53, 12.0, 34.62, 30.39, 20.48, 30.15, 30.6, 29.28, 30.74, 19.99, 14.23, 18.14, 14.94, 16.8]
a: [154.09, 50.0, 114.87, 140.87, 96.46, 116.01, 102.6, 119.86, 48.4, 127.66, 133.81, 65.32, 84.18, 116.69]
d: [3.5, 3.5, 5.41, 4.23, 4.69, 5.1, 3.5, 5.06, 6.07, 4.5, 3.5, 3.5, 6.27, 2.0]

iteration: 15
best: [5.77, 7.44, 9.34, 11.86, 15.58, 19.98, 28.99, 31.67, 33.41, 34.55, 36.51, 39.19, 41.46, 42.42]
time: [5.68, 7.25, 9.93, 19.66, 25.06, 28.59, 37.7, 40.47, 1000, 1000, 1000, 1000, 1000, 1000]
current_hyper_parameter
v: [28.53, 12.0, 34.62, 30.39, 20.48, 30.09, 30.6, 29.28, 30.74, 24.85, 27.9, 13.77, 14.94, 16.8]
a: [154.09, 50.0, 114.87, 140.87, 96.46, 96.95, 102.6, 119.86, 48.4, 78.15, 133.81, 65.32, 84.18, 116.69]
d: [3.5, 3.5, 5.41, 4.23, 4.69, 5.1, 3.5, 5.06, 6.07, 3.7, 3.5, 4.38, 6.27, 2.0]
BEST_hyper_parameter
v: [28.53, 12.0, 34.62, 30.39, 20.48, 30.15, 30.6, 29.28, 30.74, 19.99, 14.23, 18.14, 14.94, 16.8]
a: [154.09, 50.0, 114.87, 140.87, 96.46, 116.01, 102.6, 119.86, 48.4, 127.66, 133.81, 65.32, 84.18, 116.69]
d: [3.5, 3.5, 5.41, 4.23, 4.69, 5.1, 3.5, 5.06, 6.07, 4.5, 3.5, 3.5, 6.27, 2.0]

iteration: 16
best: [5.77, 7.44, 9.34, 11.86, 15.58, 19.98, 28.99, 31.67, 33.41, 34.55, 36.51, 39.19, 41.46, 42.42]
time: [5.67, 7.28, 10.03, 15.99, 1000, 1000, 1000, 1000, 1000, 1000, 1000, 1000, 1000, 1000]
current_hyper_parameter
v: [28.53, 12.0, 34.62, 30.39, 20.48, 12.24, 30.6, 12.26, 30.74, 14.77, 16.82, 26.77, 14.94, 28.71]
a: [154.09, 50.0, 114.87, 140.87, 96.46, 116.01, 102.6, 84.92, 48.4, 127.66, 133.81, 69.02, 84.18, 137.87]
d: [3.5, 3.5, 5.41, 4.23, 4.69, 5.1, 3.5, 5.06, 6.07, 5.45, 4.87, 6.26, 6.27, 2.0]
BEST_hyper_parameter
v: [28.53, 12.0, 34.62, 30.39, 20.48, 30.15, 30.6, 29.28, 30.74, 19.99, 14.23, 18.14, 14.94, 16.8]
a: [154.09, 50.0, 114.87, 140.87, 96.46, 116.01, 102.6, 119.86, 48.4, 127.66, 133.81, 65.32, 84.18, 116.69]
d: [3.5, 3.5, 5.41, 4.23, 4.69, 5.1, 3.5, 5.06, 6.07, 4.5, 3.5, 3.5, 6.27, 2.0]

iteration: 17
best: [5.77, 7.44, 9.34, 11.86, 15.58, 19.98, 28.99, 31.67, 33.41, 34.55, 36.51, 39.19, 41.46, 42.42]
time: [5.69, 7.21, 9.93, 15.65, 23.11, 25.75, 35.4, 1000, 1000, 1000, 1000, 1000, 1000, 1000]
current_hyper_parameter
v: [28.53, 12.0, 34.62, 16.67, 15.72, 34.56, 33.88, 12.14, 17.85, 25.15, 18.54, 18.14, 29.43, 19.43]
a: [154.09, 50.0, 114.87, 82.52, 30.8, 125.97, 80.36, 27.54, 93.92, 60.41, 121.96, 65.32, 120.73, 128.77]
d: [3.5, 3.5, 5.41, 4.23, 3.66, 5.1, 3.5, 5.06, 3.56, 4.5, 3.5, 3.5, 4.33, 2.0]
BEST_hyper_parameter
v: [28.53, 12.0, 34.62, 30.39, 20.48, 30.15, 30.6, 29.28, 30.74, 19.99, 14.23, 18.14, 14.94, 16.8]
a: [154.09, 50.0, 114.87, 140.87, 96.46, 116.01, 102.6, 119.86, 48.4, 127.66, 133.81, 65.32, 84.18, 116.69]
d: [3.5, 3.5, 5.41, 4.23, 4.69, 5.1, 3.5, 5.06, 6.07, 4.5, 3.5, 3.5, 6.27, 2.0]
mutation at idx = 2

iteration: 18
best: [5.77, 7.44, 9.34, 11.86, 15.58, 19.98, 28.99, 31.67, 33.41, 34.55, 36.51, 39.19, 41.46, 42.42]
time: [5.67, 7.25, 10.04, 1000, 1000, 1000, 1000, 1000, 1000, 1000, 1000, 1000, 1000, 1000]
current_hyper_parameter
v: [28.53, 12.0, 26.85, 30.39, 13.96, 23.68, 24.72, 22.5, 30.74, 12.22, 10.57, 19.57, 25.06, 22.38]
a: [154.09, 50.0, 114.87, 140.87, 64.31, 116.01, 39.62, 33.28, 48.4, 110.34, 73.84, 65.32, 49.18, 125.08]
d: [3.5, 3.5, 4.93, 4.23, 4.69, 5.1, 3.5, 5.22, 6.07, 4.5, 3.5, 3.5, 6.27, 2.0]
BEST_hyper_parameter
v: [28.53, 12.0, 34.62, 30.39, 20.48, 30.15, 30.6, 29.28, 30.74, 19.99, 14.23, 18.14, 14.94, 16.8]
a: [154.09, 50.0, 114.87, 140.87, 96.46, 116.01, 102.6, 119.86, 48.4, 127.66, 133.81, 65.32, 84.18, 116.69]
d: [3.5, 3.5, 5.41, 4.23, 4.69, 5.1, 3.5, 5.06, 6.07, 4.5, 3.5, 3.5, 6.27, 2.0]
mutation at idx = 1

iteration: 19
best: [5.77, 7.44, 9.34, 11.86, 15.58, 19.98, 28.99, 31.67, 33.41, 34.55, 36.51, 39.19, 41.46, 42.42]
time: [5.66, 7.17, 9.61, 14.84, 21.56, 24.62, 34.38, 36.99, 42.44, 1000, 1000, 1000, 1000, 1000]
current_hyper_parameter
v: [28.53, 31.87, 34.62, 26.93, 24.66, 34.02, 30.6, 29.28, 26.64, 19.99, 17.5, 10.78, 17.46, 23.74]
a: [154.09, 83.37, 114.87, 114.76, 44.11, 65.88, 102.6, 119.86, 93.1, 127.66, 100.64, 133.11, 47.93, 135.92]
d: [3.5, 4.38, 5.41, 4.57, 4.69, 6.4, 3.5, 5.06, 6.07, 4.5, 4.37, 5.63, 6.27, 2.0]
BEST_hyper_parameter
v: [28.53, 12.0, 34.62, 30.39, 20.48, 30.15, 30.6, 29.28, 30.74, 19.99, 14.23, 18.14, 14.94, 16.8]
a: [154.09, 50.0, 114.87, 140.87, 96.46, 116.01, 102.6, 119.86, 48.4, 127.66, 133.81, 65.32, 84.18, 116.69]
d: [3.5, 3.5, 5.41, 4.23, 4.69, 5.1, 3.5, 5.06, 6.07, 4.5, 3.5, 3.5, 6.27, 2.0]

iteration: 20
best: [5.77, 7.44, 9.34, 11.86, 15.58, 19.98, 28.99, 31.67, 33.41, 34.55, 36.51, 39.19, 41.46, 42.42]
time: [5.68, 7.26, 9.96, 12.36, 18.23, 22.0, 36.48, 39.0, 1000, 1000, 1000, 1000, 1000, 1000]
current_hyper_parameter
v: [28.53, 12.0, 34.62, 18.12, 22.19, 14.46, 16.34, 29.28, 10.62, 13.87, 22.06, 24.53, 25.05, 9.92]
a: [154.09, 50.0, 114.87, 140.87, 96.46, 119.2, 72.34, 119.86, 88.45, 45.25, 34.59, 65.32, 54.04, 109.25]
d: [3.5, 3.5, 5.41, 4.23, 4.69, 4.49, 3.5, 5.06, 6.07, 4.5, 5.86, 5.6, 6.27, 2.0]
BEST_hyper_parameter
v: [28.53, 12.0, 34.62, 30.39, 20.48, 30.15, 30.6, 29.28, 30.74, 19.99, 14.23, 18.14, 14.94, 16.8]
a: [154.09, 50.0, 114.87, 140.87, 96.46, 116.01, 102.6, 119.86, 48.4, 127.66, 133.81, 65.32, 84.18, 116.69]
d: [3.5, 3.5, 5.41, 4.23, 4.69, 5.1, 3.5, 5.06, 6.07, 4.5, 3.5, 3.5, 6.27, 2.0]
mutation at idx = 3

iteration: 21
best: [5.77, 7.44, 9.34, 11.86, 15.58, 19.98, 28.99, 31.67, 33.41, 34.55, 36.51, 39.19, 41.46, 42.42]
time: [5.69, 7.27, 9.96, 1000, 1000, 1000, 1000, 1000, 1000, 1000, 1000, 1000, 1000, 1000]
current_hyper_parameter
v: [28.53, 12.0, 34.62, 29.2, 20.48, 23.08, 17.98, 31.09, 10.45, 15.2, 15.89, 17.06, 14.14, 16.8]
a: [154.09, 50.0, 114.87, 140.87, 96.46, 83.73, 102.6, 105.16, 60.58, 127.66, 122.93, 64.35, 84.18, 116.69]
d: [3.5, 3.5, 5.41, 3.67, 4.69, 6.05, 3.5, 3.62, 6.07, 4.5, 6.15, 4.09, 5.88, 2.0]
BEST_hyper_parameter
v: [28.53, 12.0, 34.62, 30.39, 20.48, 30.15, 30.6, 29.28, 30.74, 19.99, 14.23, 18.14, 14.94, 16.8]
a: [154.09, 50.0, 114.87, 140.87, 96.46, 116.01, 102.6, 119.86, 48.4, 127.66, 133.81, 65.32, 84.18, 116.69]
d: [3.5, 3.5, 5.41, 4.23, 4.69, 5.1, 3.5, 5.06, 6.07, 4.5, 3.5, 3.5, 6.27, 2.0]
mutation at idx = 2

iteration: 22
best: [5.77, 7.44, 9.34, 11.86, 15.58, 19.98, 28.99, 31.67, 33.41, 34.55, 36.51, 39.19, 41.46, 42.42]
time: [5.66, 7.25, 10.33, 12.35, 1000, 1000, 1000, 1000, 1000, 1000, 1000, 1000, 1000, 1000]
current_hyper_parameter
v: [28.53, 12.0, 17.22, 30.4, 20.48, 16.58, 32.18, 9.62, 23.59, 19.99, 23.87, 14.61, 14.94, 16.8]
a: [154.09, 50.0, 114.87, 148.69, 96.46, 88.52, 102.6, 61.03, 109.99, 127.66, 133.81, 133.27, 84.18, 116.69]
d: [3.5, 3.5, 5.96, 4.23, 4.69, 3.99, 3.5, 5.06, 6.07, 4.5, 4.5, 6.36, 6.27, 2.0]
BEST_hyper_parameter
v: [28.53, 12.0, 34.62, 30.39, 20.48, 30.15, 30.6, 29.28, 30.74, 19.99, 14.23, 18.14, 14.94, 16.8]
a: [154.09, 50.0, 114.87, 140.87, 96.46, 116.01, 102.6, 119.86, 48.4, 127.66, 133.81, 65.32, 84.18, 116.69]
d: [3.5, 3.5, 5.41, 4.23, 4.69, 5.1, 3.5, 5.06, 6.07, 4.5, 3.5, 3.5, 6.27, 2.0]

iteration: 23
best: [5.77, 7.44, 9.34, 11.86, 15.58, 19.98, 28.99, 31.67, 33.41, 34.55, 36.51, 39.19, 41.46, 42.42]
time: [5.69, 7.2, 9.93, 15.12, 25.32, 30.0, 38.98, 42.16, 1000, 1000, 1000, 1000, 1000, 1000]
current_hyper_parameter
v: [28.53, 12.0, 34.62, 30.39, 22.66, 29.01, 32.31, 18.94, 19.28, 16.84, 14.23, 14.26, 14.94, 32.86]
a: [154.09, 50.0, 114.87, 140.87, 98.01, 58.01, 149.45, 119.86, 48.4, 127.66, 133.81, 65.32, 84.18, 134.5]
d: [3.5, 3.5, 5.41, 4.23, 4.86, 5.32, 5.73, 4.75, 6.07, 4.5, 3.5, 3.5, 6.27, 2.0]
BEST_hyper_parameter
v: [28.53, 12.0, 34.62, 30.39, 20.48, 30.15, 30.6, 29.28, 30.74, 19.99, 14.23, 18.14, 14.94, 16.8]
a: [154.09, 50.0, 114.87, 140.87, 96.46, 116.01, 102.6, 119.86, 48.4, 127.66, 133.81, 65.32, 84.18, 116.69]
d: [3.5, 3.5, 5.41, 4.23, 4.69, 5.1, 3.5, 5.06, 6.07, 4.5, 3.5, 3.5, 6.27, 2.0]

iteration: 24
best: [5.77, 7.44, 9.34, 11.86, 15.58, 19.98, 28.99, 31.67, 33.41, 34.55, 36.51, 39.19, 41.46, 42.42]
time: [5.69, 7.25, 9.98, 12.4, 18.7, 21.79, 34.32, 1000, 1000, 1000, 1000, 1000, 1000, 1000]
current_hyper_parameter
v: [28.53, 12.0, 34.62, 30.9, 12.2, 30.15, 30.6, 29.28, 22.88, 19.99, 22.79, 22.74, 21.55, 16.54]
a: [154.09, 50.0, 114.87, 73.03, 130.05, 116.01, 102.6, 119.86, 48.4, 127.66, 64.99, 113.48, 131.57, 129.31]
d: [3.5, 3.5, 5.41, 4.23, 4.69, 5.1, 3.5, 5.06, 4.75, 4.5, 5.46, 3.5, 6.27, 2.0]
BEST_hyper_parameter
v: [28.53, 12.0, 34.62, 30.39, 20.48, 30.15, 30.6, 29.28, 30.74, 19.99, 14.23, 18.14, 14.94, 16.8]
a: [154.09, 50.0, 114.87, 140.87, 96.46, 116.01, 102.6, 119.86, 48.4, 127.66, 133.81, 65.32, 84.18, 116.69]
d: [3.5, 3.5, 5.41, 4.23, 4.69, 5.1, 3.5, 5.06, 6.07, 4.5, 3.5, 3.5, 6.27, 2.0]

iteration: 25
best: [5.77, 7.44, 9.34, 11.86, 15.58, 19.98, 28.99, 31.67, 33.41, 34.55, 36.51, 39.19, 41.46, 42.42]
time: [5.68, 7.24, 9.93, 15.18, 29.45, 36.11, 1000, 1000, 1000, 1000, 1000, 1000, 1000, 1000]
current_hyper_parameter
v: [28.53, 12.0, 34.62, 30.39, 33.08, 21.86, 30.6, 29.28, 30.74, 19.99, 34.07, 11.89, 10.61, 31.1]
a: [154.09, 50.0, 114.87, 140.87, 96.46, 85.02, 102.6, 119.86, 48.4, 127.66, 133.81, 65.32, 131.72, 94.06]
d: [3.5, 3.5, 5.41, 4.23, 4.69, 4.98, 3.5, 5.06, 6.07, 4.5, 6.31, 3.5, 3.78, 2.0]
BEST_hyper_parameter
v: [28.53, 12.0, 34.62, 30.39, 20.48, 30.15, 30.6, 29.28, 30.74, 19.99, 14.23, 18.14, 14.94, 16.8]
a: [154.09, 50.0, 114.87, 140.87, 96.46, 116.01, 102.6, 119.86, 48.4, 127.66, 133.81, 65.32, 84.18, 116.69]
d: [3.5, 3.5, 5.41, 4.23, 4.69, 5.1, 3.5, 5.06, 6.07, 4.5, 3.5, 3.5, 6.27, 2.0]
mutation at idx = 0

iteration: 26
best: [5.77, 7.44, 9.34, 11.86, 15.58, 19.98, 28.99, 31.67, 33.41, 34.55, 36.51, 39.19, 41.46, 42.42]
time: [5.83, 7.54, 10.15, 12.35, 1000, 1000, 1000, 1000, 1000, 1000, 1000, 1000, 1000, 1000]
current_hyper_parameter
v: [18.42, 12.0, 34.62, 19.2, 20.48, 34.26, 24.35, 29.28, 33.43, 26.64, 14.23, 18.14, 27.91, 19.06]
a: [154.09, 50.0, 114.87, 140.87, 96.46, 41.74, 140.86, 119.86, 155.38, 127.66, 133.81, 65.32, 84.18, 56.79]
d: [3.5, 3.5, 5.41, 3.96, 4.69, 5.1, 4.5, 5.06, 5.18, 4.5, 3.5, 3.5, 6.27, 2.0]
BEST_hyper_parameter
v: [28.53, 12.0, 34.62, 30.39, 20.48, 30.15, 30.6, 29.28, 30.74, 19.99, 14.23, 18.14, 14.94, 16.8]
a: [154.09, 50.0, 114.87, 140.87, 96.46, 116.01, 102.6, 119.86, 48.4, 127.66, 133.81, 65.32, 84.18, 116.69]
d: [3.5, 3.5, 5.41, 4.23, 4.69, 5.1, 3.5, 5.06, 6.07, 4.5, 3.5, 3.5, 6.27, 2.0]
mutation at idx = 2
mutation at idx = 3

iteration: 27
best: [5.77, 7.44, 9.34, 11.86, 15.58, 19.98, 28.99, 31.67, 33.41, 34.55, 36.51, 39.19, 41.46, 42.42]
time: [5.69, 7.25, 11.54, 15.99, 1000, 1000, 1000, 1000, 1000, 1000, 1000, 1000, 1000, 1000]
current_hyper_parameter
v: [28.53, 12.0, 10.26, 21.93, 12.13, 28.06, 26.94, 29.28, 29.2, 17.43, 15.12, 18.14, 13.98, 8.52]
a: [154.09, 50.0, 31.79, 26.7, 27.75, 118.4, 35.37, 119.86, 72.96, 22.4, 70.55, 65.32, 61.66, 116.69]
d: [3.5, 3.5, 5.41, 4.02, 4.69, 4.83, 5.94, 5.06, 6.07, 4.5, 5.42, 3.5, 4.09, 2.0]
BEST_hyper_parameter
v: [28.53, 12.0, 34.62, 30.39, 20.48, 30.15, 30.6, 29.28, 30.74, 19.99, 14.23, 18.14, 14.94, 16.8]
a: [154.09, 50.0, 114.87, 140.87, 96.46, 116.01, 102.6, 119.86, 48.4, 127.66, 133.81, 65.32, 84.18, 116.69]
d: [3.5, 3.5, 5.41, 4.23, 4.69, 5.1, 3.5, 5.06, 6.07, 4.5, 3.5, 3.5, 6.27, 2.0]

iteration: 28
best: [5.77, 7.44, 9.34, 11.86, 15.58, 19.98, 28.99, 31.67, 33.41, 34.55, 36.51, 39.19, 41.46, 42.42]
time: [5.69, 7.25, 10.07, 12.22, 18.31, 34.15, 43.58, 1000, 1000, 1000, 1000, 1000, 1000, 1000]
current_hyper_parameter
v: [28.53, 12.0, 27.71, 25.96, 14.66, 10.49, 32.14, 27.43, 12.99, 14.13, 14.23, 18.14, 18.32, 34.02]
a: [154.09, 50.0, 105.19, 140.87, 93.36, 140.64, 138.93, 119.86, 145.1, 127.66, 133.81, 65.32, 79.22, 97.21]
d: [3.5, 3.5, 5.49, 3.7, 4.69, 3.88, 3.5, 5.06, 6.07, 6.33, 3.5, 3.5, 5.86, 2.0]
BEST_hyper_parameter
v: [28.53, 12.0, 34.62, 30.39, 20.48, 30.15, 30.6, 29.28, 30.74, 19.99, 14.23, 18.14, 14.94, 16.8]
a: [154.09, 50.0, 114.87, 140.87, 96.46, 116.01, 102.6, 119.86, 48.4, 127.66, 133.81, 65.32, 84.18, 116.69]
d: [3.5, 3.5, 5.41, 4.23, 4.69, 5.1, 3.5, 5.06, 6.07, 4.5, 3.5, 3.5, 6.27, 2.0]

iteration: 29
best: [5.77, 7.44, 9.34, 11.86, 15.58, 19.98, 28.99, 31.67, 33.41, 34.55, 36.51, 39.19, 41.46, 42.42]
time: [5.69, 7.23, 9.94, 15.2, 21.5, 26.0, 35.99, 1000, 1000, 1000, 1000, 1000, 1000, 1000]
current_hyper_parameter
v: [28.53, 12.0, 34.62, 30.39, 33.35, 16.02, 30.6, 24.32, 30.7, 13.4, 14.23, 18.66, 27.36, 18.64]
a: [154.09, 50.0, 114.87, 140.87, 73.36, 53.16, 102.6, 52.38, 30.56, 132.91, 133.81, 96.08, 52.4, 116.69]
d: [3.5, 3.5, 5.41, 4.23, 4.69, 3.66, 3.5, 5.06, 5.48, 5.28, 3.5, 3.5, 3.56, 2.0]
BEST_hyper_parameter
v: [28.53, 12.0, 34.62, 30.39, 20.48, 30.15, 30.6, 29.28, 30.74, 19.99, 14.23, 18.14, 14.94, 16.8]
a: [154.09, 50.0, 114.87, 140.87, 96.46, 116.01, 102.6, 119.86, 48.4, 127.66, 133.81, 65.32, 84.18, 116.69]
d: [3.5, 3.5, 5.41, 4.23, 4.69, 5.1, 3.5, 5.06, 6.07, 4.5, 3.5, 3.5, 6.27, 2.0]

iteration: 30
best: [5.77, 7.44, 9.34, 11.86, 15.58, 19.98, 28.99, 31.67, 33.41, 34.55, 36.51, 39.19, 41.46, 42.42]
time: [5.72, 7.29, 10.05, 16.16, 1000, 1000, 1000, 1000, 1000, 1000, 1000, 1000, 1000, 1000]
current_hyper_parameter
v: [28.53, 12.0, 34.62, 27.17, 25.34, 9.94, 28.32, 25.17, 31.85, 13.95, 26.01, 26.89, 14.94, 16.8]
a: [154.09, 50.0, 114.87, 29.81, 96.46, 112.95, 35.73, 78.68, 48.4, 127.66, 133.81, 36.93, 84.18, 116.69]
d: [3.5, 3.5, 5.41, 6.03, 5.7, 5.1, 4.22, 5.06, 5.08, 4.5, 3.5, 3.5, 6.27, 2.0]
BEST_hyper_parameter
v: [28.53, 12.0, 34.62, 30.39, 20.48, 30.15, 30.6, 29.28, 30.74, 19.99, 14.23, 18.14, 14.94, 16.8]
a: [154.09, 50.0, 114.87, 140.87, 96.46, 116.01, 102.6, 119.86, 48.4, 127.66, 133.81, 65.32, 84.18, 116.69]
d: [3.5, 3.5, 5.41, 4.23, 4.69, 5.1, 3.5, 5.06, 6.07, 4.5, 3.5, 3.5, 6.27, 2.0]

iteration: 31
best: [5.77, 7.44, 9.34, 11.86, 15.58, 19.98, 28.99, 31.67, 33.41, 34.55, 36.51, 39.19, 41.46, 42.42]
time: [5.69, 7.25, 9.93, 17.2, 24.81, 27.69, 38.39, 40.93, 1000, 1000, 1000, 1000, 1000, 1000]
current_hyper_parameter
v: [28.53, 12.0, 34.62, 30.39, 17.82, 30.32, 19.66, 29.28, 30.74, 11.59, 14.23, 16.01, 14.94, 16.8]
a: [154.09, 50.0, 114.87, 140.87, 96.46, 116.01, 154.65, 119.86, 48.4, 75.43, 133.81, 51.31, 84.18, 116.69]
d: [3.5, 3.5, 5.41, 4.23, 5.71, 5.1, 4.89, 5.06, 6.07, 4.5, 3.5, 3.5, 6.27, 2.0]
BEST_hyper_parameter
v: [28.53, 12.0, 34.62, 30.39, 20.48, 30.15, 30.6, 29.28, 30.74, 19.99, 14.23, 18.14, 14.94, 16.8]
a: [154.09, 50.0, 114.87, 140.87, 96.46, 116.01, 102.6, 119.86, 48.4, 127.66, 133.81, 65.32, 84.18, 116.69]
d: [3.5, 3.5, 5.41, 4.23, 4.69, 5.1, 3.5, 5.06, 6.07, 4.5, 3.5, 3.5, 6.27, 2.0]

iteration: 32
best: [5.77, 7.44, 9.34, 11.86, 15.58, 19.98, 28.99, 31.67, 33.41, 34.55, 36.51, 39.19, 41.46, 42.42]
time: [5.7, 7.23, 9.96, 15.27, 21.45, 26.87, 38.6, 1000, 1000, 1000, 1000, 1000, 1000, 1000]
current_hyper_parameter
v: [28.53, 12.0, 34.62, 30.39, 18.83, 34.66, 25.09, 34.79, 27.59, 8.93, 8.67, 34.55, 25.04, 18.02]
a: [154.09, 50.0, 114.87, 140.87, 137.71, 37.69, 112.8, 31.15, 48.4, 127.66, 133.81, 91.97, 126.24, 116.69]
d: [3.5, 3.5, 5.41, 4.23, 4.66, 5.77, 4.88, 5.06, 4.69, 4.5, 3.61, 5.7, 6.27, 2.0]
BEST_hyper_parameter
v: [28.53, 12.0, 34.62, 30.39, 20.48, 30.15, 30.6, 29.28, 30.74, 19.99, 14.23, 18.14, 14.94, 16.8]
a: [154.09, 50.0, 114.87, 140.87, 96.46, 116.01, 102.6, 119.86, 48.4, 127.66, 133.81, 65.32, 84.18, 116.69]
d: [3.5, 3.5, 5.41, 4.23, 4.69, 5.1, 3.5, 5.06, 6.07, 4.5, 3.5, 3.5, 6.27, 2.0]

iteration: 33
best: [5.77, 7.44, 9.34, 11.86, 15.58, 19.98, 28.99, 31.67, 33.41, 34.55, 36.51, 39.19, 41.46, 42.42]
time: [5.7, 7.26, 10.0, 12.8, 18.83, 22.65, 33.13, 36.36, 1000, 1000, 1000, 1000, 1000, 1000]
current_hyper_parameter
v: [28.53, 12.0, 34.62, 31.47, 20.48, 30.05, 32.46, 14.57, 27.51, 19.99, 30.35, 26.77, 14.94, 33.89]
a: [154.09, 50.0, 114.87, 50.35, 96.46, 66.37, 70.56, 151.34, 48.4, 127.66, 138.66, 65.32, 84.18, 49.25]
d: [3.5, 3.5, 5.41, 3.82, 4.69, 5.45, 3.5, 5.06, 6.07, 4.5, 3.87, 3.5, 6.27, 2.0]
BEST_hyper_parameter
v: [28.53, 12.0, 34.62, 30.39, 20.48, 30.15, 30.6, 29.28, 30.74, 19.99, 14.23, 18.14, 14.94, 16.8]
a: [154.09, 50.0, 114.87, 140.87, 96.46, 116.01, 102.6, 119.86, 48.4, 127.66, 133.81, 65.32, 84.18, 116.69]
d: [3.5, 3.5, 5.41, 4.23, 4.69, 5.1, 3.5, 5.06, 6.07, 4.5, 3.5, 3.5, 6.27, 2.0]

iteration: 34
best: [5.77, 7.44, 9.34, 11.86, 15.58, 19.98, 28.99, 31.67, 33.41, 34.55, 36.51, 39.19, 41.46, 42.42]
time: [5.69, 7.24, 9.97, 1000, 1000, 1000, 1000, 1000, 1000, 1000, 1000, 1000, 1000, 1000]
current_hyper_parameter
v: [28.53, 12.0, 34.62, 30.39, 20.48, 30.15, 26.56, 29.28, 13.02, 20.64, 14.23, 14.5, 17.45, 13.73]
a: [154.09, 50.0, 114.87, 140.87, 96.46, 116.01, 43.32, 119.86, 48.4, 142.77, 133.81, 65.32, 84.18, 116.69]
d: [3.5, 3.5, 5.41, 4.23, 4.69, 5.1, 5.9, 5.06, 6.07, 4.5, 3.5, 3.5, 5.72, 2.0]
BEST_hyper_parameter
v: [28.53, 12.0, 34.62, 30.39, 20.48, 30.15, 30.6, 29.28, 30.74, 19.99, 14.23, 18.14, 14.94, 16.8]
a: [154.09, 50.0, 114.87, 140.87, 96.46, 116.01, 102.6, 119.86, 48.4, 127.66, 133.81, 65.32, 84.18, 116.69]
d: [3.5, 3.5, 5.41, 4.23, 4.69, 5.1, 3.5, 5.06, 6.07, 4.5, 3.5, 3.5, 6.27, 2.0]
mutation at idx = 1

iteration: 35
best: [5.77, 7.44, 9.34, 11.86, 15.58, 19.98, 28.99, 31.67, 33.41, 34.55, 36.51, 39.19, 41.46, 42.42]
time: [5.68, 7.11, 9.82, 15.16, 21.42, 24.03, 33.06, 1000, 1000, 1000, 1000, 1000, 1000, 1000]
current_hyper_parameter
v: [28.53, 19.26, 34.62, 34.32, 24.31, 30.15, 30.6, 11.36, 19.55, 13.12, 11.66, 27.62, 19.25, 27.17]
a: [154.09, 158.98, 114.87, 142.12, 53.7, 116.01, 102.6, 69.92, 48.4, 69.86, 133.81, 130.93, 68.57, 116.69]
d: [3.5, 3.5, 5.41, 4.23, 4.69, 5.1, 3.5, 4.29, 3.73, 4.36, 6.48, 3.5, 5.87, 2.0]
BEST_hyper_parameter
v: [28.53, 12.0, 34.62, 30.39, 20.48, 30.15, 30.6, 29.28, 30.74, 19.99, 14.23, 18.14, 14.94, 16.8]
a: [154.09, 50.0, 114.87, 140.87, 96.46, 116.01, 102.6, 119.86, 48.4, 127.66, 133.81, 65.32, 84.18, 116.69]
d: [3.5, 3.5, 5.41, 4.23, 4.69, 5.1, 3.5, 5.06, 6.07, 4.5, 3.5, 3.5, 6.27, 2.0]
mutation at idx = 1

iteration: 36
best: [5.77, 7.44, 9.34, 11.86, 15.58, 19.98, 28.99, 31.67, 33.41, 34.55, 36.51, 39.19, 41.46, 42.42]
time: [5.68, 7.18, 9.89, 1000, 1000, 1000, 1000, 1000, 1000, 1000, 1000, 1000, 1000, 1000]
current_hyper_parameter
v: [28.53, 29.61, 34.62, 30.39, 15.73, 32.2, 27.29, 31.97, 30.74, 23.58, 17.34, 27.68, 27.03, 21.22]
a: [154.09, 82.11, 114.87, 140.87, 123.79, 76.04, 138.01, 49.22, 48.4, 138.25, 122.65, 42.7, 84.18, 42.98]
d: [3.5, 3.52, 5.41, 4.23, 4.69, 4.86, 3.5, 5.06, 6.07, 4.08, 3.5, 6.3, 6.27, 2.0]
BEST_hyper_parameter
v: [28.53, 12.0, 34.62, 30.39, 20.48, 30.15, 30.6, 29.28, 30.74, 19.99, 14.23, 18.14, 14.94, 16.8]
a: [154.09, 50.0, 114.87, 140.87, 96.46, 116.01, 102.6, 119.86, 48.4, 127.66, 133.81, 65.32, 84.18, 116.69]
d: [3.5, 3.5, 5.41, 4.23, 4.69, 5.1, 3.5, 5.06, 6.07, 4.5, 3.5, 3.5, 6.27, 2.0]

iteration: 37
best: [5.77, 7.44, 9.34, 11.86, 15.58, 19.98, 28.99, 31.67, 33.41, 34.55, 36.51, 39.19, 41.46, 42.42]
time: [5.68, 7.3, 10.05, 15.14, 1000, 1000, 1000, 1000, 1000, 1000, 1000, 1000, 1000, 1000]
current_hyper_parameter
v: [28.53, 12.0, 34.62, 28.62, 34.9, 8.54, 26.36, 29.28, 30.74, 19.99, 26.98, 32.46, 20.32, 16.8]
a: [154.09, 50.0, 114.87, 147.07, 108.28, 78.89, 109.31, 119.86, 48.4, 127.66, 133.81, 95.72, 84.18, 116.69]
d: [3.5, 3.5, 5.41, 4.23, 6.38, 5.1, 4.39, 5.06, 6.07, 4.5, 3.5, 5.05, 4.43, 2.0]
BEST_hyper_parameter
v: [28.53, 12.0, 34.62, 30.39, 20.48, 30.15, 30.6, 29.28, 30.74, 19.99, 14.23, 18.14, 14.94, 16.8]
a: [154.09, 50.0, 114.87, 140.87, 96.46, 116.01, 102.6, 119.86, 48.4, 127.66, 133.81, 65.32, 84.18, 116.69]
d: [3.5, 3.5, 5.41, 4.23, 4.69, 5.1, 3.5, 5.06, 6.07, 4.5, 3.5, 3.5, 6.27, 2.0]

iteration: 38
best: [5.77, 7.44, 9.34, 11.86, 15.58, 19.98, 28.99, 31.67, 33.41, 34.55, 36.51, 39.19, 41.46, 42.42]
time: [5.7, 7.25, 10.0, 1000, 1000, 1000, 1000, 1000, 1000, 1000, 1000, 1000, 1000, 1000]
current_hyper_parameter
v: [28.53, 12.0, 34.62, 30.39, 26.47, 19.83, 22.79, 13.86, 28.61, 10.75, 17.79, 18.14, 27.09, 28.14]
a: [154.09, 50.0, 114.87, 140.87, 25.81, 91.53, 34.44, 91.92, 48.4, 140.0, 110.66, 65.32, 84.18, 44.63]
d: [3.5, 3.5, 5.41, 4.23, 4.07, 5.1, 3.5, 6.4, 3.84, 4.55, 3.5, 3.5, 6.27, 2.0]
BEST_hyper_parameter
v: [28.53, 12.0, 34.62, 30.39, 20.48, 30.15, 30.6, 29.28, 30.74, 19.99, 14.23, 18.14, 14.94, 16.8]
a: [154.09, 50.0, 114.87, 140.87, 96.46, 116.01, 102.6, 119.86, 48.4, 127.66, 133.81, 65.32, 84.18, 116.69]
d: [3.5, 3.5, 5.41, 4.23, 4.69, 5.1, 3.5, 5.06, 6.07, 4.5, 3.5, 3.5, 6.27, 2.0]
mutation at idx = 2

iteration: 39
best: [5.77, 7.44, 9.34, 11.86, 15.58, 19.98, 28.99, 31.67, 33.41, 34.55, 36.51, 39.19, 41.46, 42.42]
time: [5.66, 7.24, 10.17, 13.05, 18.82, 22.28, 35.13, 39.17, 41.4, 43.84, 1000, 1000, 1000, 1000]
current_hyper_parameter
v: [28.53, 12.0, 21.37, 11.31, 31.85, 17.92, 29.69, 33.21, 10.81, 13.38, 33.67, 24.26, 34.99, 20.6]
a: [154.09, 50.0, 114.87, 95.31, 108.03, 88.02, 33.91, 40.92, 48.4, 50.66, 84.1, 65.32, 84.18, 116.69]
d: [3.5, 3.5, 5.87, 4.14, 4.2, 5.1, 3.5, 5.06, 4.27, 5.33, 4.98, 3.5, 5.7, 2.0]
BEST_hyper_parameter
v: [28.53, 12.0, 34.62, 30.39, 20.48, 30.15, 30.6, 29.28, 30.74, 19.99, 14.23, 18.14, 14.94, 16.8]
a: [154.09, 50.0, 114.87, 140.87, 96.46, 116.01, 102.6, 119.86, 48.4, 127.66, 133.81, 65.32, 84.18, 116.69]
d: [3.5, 3.5, 5.41, 4.23, 4.69, 5.1, 3.5, 5.06, 6.07, 4.5, 3.5, 3.5, 6.27, 2.0]

iteration: 40
best: [5.77, 7.44, 9.34, 11.86, 15.58, 19.98, 28.99, 31.67, 33.41, 34.55, 36.51, 39.19, 41.46, 42.42]
time: [5.66, 7.22, 9.94, 13.09, 19.31, 23.63, 33.99, 38.51, 44.2, 1000, 1000, 1000, 1000, 1000]
current_hyper_parameter
v: [28.53, 12.0, 34.62, 11.34, 27.72, 15.71, 28.57, 9.96, 11.84, 13.16, 26.04, 9.65, 14.03, 14.65]
a: [154.09, 50.0, 114.87, 26.03, 68.52, 31.2, 141.36, 135.05, 50.87, 105.31, 131.6, 75.23, 111.25, 95.75]
d: [3.5, 3.5, 5.41, 3.6, 4.69, 5.1, 5.73, 4.12, 5.81, 4.5, 5.66, 3.5, 4.87, 2.0]
BEST_hyper_parameter
v: [28.53, 12.0, 34.62, 30.39, 20.48, 30.15, 30.6, 29.28, 30.74, 19.99, 14.23, 18.14, 14.94, 16.8]
a: [154.09, 50.0, 114.87, 140.87, 96.46, 116.01, 102.6, 119.86, 48.4, 127.66, 133.81, 65.32, 84.18, 116.69]
d: [3.5, 3.5, 5.41, 4.23, 4.69, 5.1, 3.5, 5.06, 6.07, 4.5, 3.5, 3.5, 6.27, 2.0]
mutation at idx = 2

iteration: 41
best: [5.77, 7.44, 9.34, 11.86, 15.58, 19.98, 28.99, 31.67, 33.41, 34.55, 36.51, 39.19, 41.46, 42.42]
time: [5.7, 7.28, 10.95, 16.7, 1000, 1000, 1000, 1000, 1000, 1000, 1000, 1000, 1000, 1000]
current_hyper_parameter
v: [28.53, 12.0, 10.82, 22.51, 11.1, 9.27, 32.73, 29.28, 30.74, 34.59, 28.44, 33.67, 14.94, 23.14]
a: [154.09, 50.0, 114.87, 140.87, 104.52, 51.28, 102.6, 119.86, 48.4, 82.54, 70.51, 65.32, 84.18, 116.69]
d: [3.5, 3.5, 5.41, 5.42, 4.69, 4.24, 3.5, 5.06, 6.07, 4.5, 3.5, 3.5, 6.27, 2.0]
BEST_hyper_parameter
v: [28.53, 12.0, 34.62, 30.39, 20.48, 30.15, 30.6, 29.28, 30.74, 19.99, 14.23, 18.14, 14.94, 16.8]
a: [154.09, 50.0, 114.87, 140.87, 96.46, 116.01, 102.6, 119.86, 48.4, 127.66, 133.81, 65.32, 84.18, 116.69]
d: [3.5, 3.5, 5.41, 4.23, 4.69, 5.1, 3.5, 5.06, 6.07, 4.5, 3.5, 3.5, 6.27, 2.0]

iteration: 42
best: [5.77, 7.44, 9.34, 11.86, 15.58, 19.98, 28.99, 31.67, 33.41, 34.55, 36.51, 39.19, 41.46, 42.42]
time: [5.66, 7.22, 10.28, 13.27, 1000, 1000, 1000, 1000, 1000, 1000, 1000, 1000, 1000, 1000]
current_hyper_parameter
v: [28.53, 12.0, 23.45, 16.95, 24.62, 23.86, 20.61, 30.12, 30.74, 13.0, 19.56, 20.08, 14.94, 22.29]
a: [154.09, 50.0, 91.77, 54.88, 29.99, 69.15, 144.95, 123.69, 48.4, 82.06, 133.81, 65.32, 84.18, 61.45]
d: [3.5, 3.5, 3.84, 3.75, 4.69, 5.1, 4.63, 5.06, 6.07, 4.5, 6.5, 4.96, 6.27, 2.0]
BEST_hyper_parameter
v: [28.53, 12.0, 34.62, 30.39, 20.48, 30.15, 30.6, 29.28, 30.74, 19.99, 14.23, 18.14, 14.94, 16.8]
a: [154.09, 50.0, 114.87, 140.87, 96.46, 116.01, 102.6, 119.86, 48.4, 127.66, 133.81, 65.32, 84.18, 116.69]
d: [3.5, 3.5, 5.41, 4.23, 4.69, 5.1, 3.5, 5.06, 6.07, 4.5, 3.5, 3.5, 6.27, 2.0]

iteration: 43
best: [5.77, 7.44, 9.34, 11.86, 15.58, 19.98, 28.99, 31.67, 33.41, 34.55, 36.51, 39.19, 41.46, 42.42]
time: [5.7, 7.21, 9.95, 12.49, 18.37, 21.52, 37.98, 1000, 1000, 1000, 1000, 1000, 1000, 1000]
current_hyper_parameter
v: [28.53, 12.0, 34.62, 18.61, 20.8, 23.23, 11.51, 16.33, 8.72, 27.14, 15.17, 20.27, 25.07, 16.8]
a: [154.09, 50.0, 114.87, 86.56, 102.61, 116.01, 88.05, 119.86, 33.02, 127.66, 43.28, 147.87, 84.18, 116.69]
d: [3.5, 3.5, 5.41, 3.82, 5.68, 5.1, 3.5, 5.06, 6.07, 3.58, 3.5, 5.29, 4.33, 2.0]
BEST_hyper_parameter
v: [28.53, 12.0, 34.62, 30.39, 20.48, 30.15, 30.6, 29.28, 30.74, 19.99, 14.23, 18.14, 14.94, 16.8]
a: [154.09, 50.0, 114.87, 140.87, 96.46, 116.01, 102.6, 119.86, 48.4, 127.66, 133.81, 65.32, 84.18, 116.69]
d: [3.5, 3.5, 5.41, 4.23, 4.69, 5.1, 3.5, 5.06, 6.07, 4.5, 3.5, 3.5, 6.27, 2.0]
mutation at idx = 1

iteration: 44
best: [5.77, 7.44, 9.34, 11.86, 15.58, 19.98, 28.99, 31.67, 33.41, 34.55, 36.51, 39.19, 41.46, 42.42]
time: [5.68, 7.14, 9.85, 15.05, 24.38, 27.4, 39.43, 42.85, 1000, 1000, 1000, 1000, 1000, 1000]
current_hyper_parameter
v: [28.53, 33.38, 34.62, 30.39, 19.8, 30.15, 23.77, 14.98, 10.39, 17.18, 14.23, 13.52, 13.52, 16.8]
a: [154.09, 80.94, 114.87, 140.87, 97.14, 116.01, 32.33, 124.92, 80.21, 47.75, 133.81, 65.32, 62.27, 116.69]
d: [3.5, 3.5, 5.41, 4.23, 6.42, 5.1, 4.76, 4.19, 6.07, 4.96, 3.5, 3.5, 4.42, 2.0]
BEST_hyper_parameter
v: [28.53, 12.0, 34.62, 30.39, 20.48, 30.15, 30.6, 29.28, 30.74, 19.99, 14.23, 18.14, 14.94, 16.8]
a: [154.09, 50.0, 114.87, 140.87, 96.46, 116.01, 102.6, 119.86, 48.4, 127.66, 133.81, 65.32, 84.18, 116.69]
d: [3.5, 3.5, 5.41, 4.23, 4.69, 5.1, 3.5, 5.06, 6.07, 4.5, 3.5, 3.5, 6.27, 2.0]
mutation at idx = 0

iteration: 45
best: [5.77, 7.44, 9.34, 11.86, 15.58, 19.98, 28.99, 31.67, 33.41, 34.55, 36.51, 39.19, 41.46, 42.42]
time: [5.95, 7.99, 10.72, 16.13, 24.11, 39.86, 1000, 1000, 1000, 1000, 1000, 1000, 1000, 1000]
current_hyper_parameter
v: [15.01, 12.0, 34.62, 17.09, 20.6, 30.15, 23.35, 20.48, 15.84, 16.54, 22.46, 34.23, 34.31, 22.82]
a: [154.09, 50.0, 114.87, 139.75, 96.46, 116.01, 20.1, 35.6, 120.58, 127.66, 133.81, 118.36, 65.78, 52.63]
d: [6.48, 3.5, 5.41, 4.15, 4.69, 5.1, 3.5, 4.02, 6.07, 4.5, 5.58, 5.01, 4.67, 2.0]
BEST_hyper_parameter
v: [28.53, 12.0, 34.62, 30.39, 20.48, 30.15, 30.6, 29.28, 30.74, 19.99, 14.23, 18.14, 14.94, 16.8]
a: [154.09, 50.0, 114.87, 140.87, 96.46, 116.01, 102.6, 119.86, 48.4, 127.66, 133.81, 65.32, 84.18, 116.69]
d: [3.5, 3.5, 5.41, 4.23, 4.69, 5.1, 3.5, 5.06, 6.07, 4.5, 3.5, 3.5, 6.27, 2.0]

iteration: 46
best: [5.77, 7.44, 9.34, 11.86, 15.58, 19.98, 28.99, 31.67, 33.41, 34.55, 36.51, 39.19, 41.46, 42.42]
time: [5.68, 7.25, 10.64, 12.89, 16.28, 18.98, 29.4, 38.9, 42.22, 1000, 1000, 1000, 1000, 1000]
current_hyper_parameter
v: [28.53, 12.0, 13.35, 30.39, 19.69, 30.15, 33.08, 30.26, 15.95, 22.7, 32.31, 23.67, 14.33, 15.6]
a: [154.09, 50.0, 151.65, 140.87, 40.58, 116.01, 56.41, 130.48, 48.4, 127.66, 28.12, 65.32, 84.18, 116.69]
d: [3.5, 3.5, 4.14, 4.23, 3.68, 5.1, 6.19, 5.06, 3.83, 4.5, 5.46, 3.5, 6.27, 2.0]
BEST_hyper_parameter
v: [28.53, 12.0, 34.62, 30.39, 20.48, 30.15, 30.6, 29.28, 30.74, 19.99, 14.23, 18.14, 14.94, 16.8]
a: [154.09, 50.0, 114.87, 140.87, 96.46, 116.01, 102.6, 119.86, 48.4, 127.66, 133.81, 65.32, 84.18, 116.69]
d: [3.5, 3.5, 5.41, 4.23, 4.69, 5.1, 3.5, 5.06, 6.07, 4.5, 3.5, 3.5, 6.27, 2.0]

iteration: 47
best: [5.77, 7.44, 9.34, 11.86, 15.58, 19.98, 28.99, 31.67, 33.41, 34.55, 36.51, 39.19, 41.46, 42.42]
time: [5.69, 7.19, 9.91, 12.21, 1000, 1000, 1000, 1000, 1000, 1000, 1000, 1000, 1000, 1000]
current_hyper_parameter
v: [28.53, 12.0, 34.62, 20.65, 30.94, 30.15, 30.6, 29.28, 11.97, 23.06, 13.12, 18.14, 14.94, 16.8]
a: [154.09, 50.0, 114.87, 140.87, 96.46, 116.01, 102.6, 119.86, 55.48, 127.66, 133.81, 65.32, 84.18, 116.69]
d: [3.5, 3.5, 5.41, 4.23, 4.69, 5.1, 3.5, 5.06, 6.07, 4.5, 3.5, 3.5, 6.27, 2.0]
BEST_hyper_parameter
v: [28.53, 12.0, 34.62, 30.39, 20.48, 30.15, 30.6, 29.28, 30.74, 19.99, 14.23, 18.14, 14.94, 16.8]
a: [154.09, 50.0, 114.87, 140.87, 96.46, 116.01, 102.6, 119.86, 48.4, 127.66, 133.81, 65.32, 84.18, 116.69]
d: [3.5, 3.5, 5.41, 4.23, 4.69, 5.1, 3.5, 5.06, 6.07, 4.5, 3.5, 3.5, 6.27, 2.0]
mutation at idx = 0

iteration: 48
best: [5.77, 7.44, 9.34, 11.86, 15.58, 19.98, 28.99, 31.67, 33.41, 34.55, 36.51, 39.19, 41.46, 42.42]
time: [5.66, 7.22, 9.95, 15.35, 24.55, 28.29, 38.77, 48.95, 1000, 1000, 1000, 1000, 1000, 1000]
current_hyper_parameter
v: [33.1, 12.0, 34.62, 30.39, 28.35, 17.47, 23.01, 33.36, 30.74, 29.51, 16.12, 18.14, 14.94, 23.22]
a: [154.09, 50.0, 114.87, 140.87, 140.06, 112.21, 145.86, 119.86, 48.4, 104.7, 133.81, 65.32, 84.18, 116.69]
d: [3.5, 3.5, 5.41, 4.23, 4.7, 5.72, 3.5, 5.06, 6.07, 5.38, 5.15, 3.5, 6.27, 2.0]
BEST_hyper_parameter
v: [28.53, 12.0, 34.62, 30.39, 20.48, 30.15, 30.6, 29.28, 30.74, 19.99, 14.23, 18.14, 14.94, 16.8]
a: [154.09, 50.0, 114.87, 140.87, 96.46, 116.01, 102.6, 119.86, 48.4, 127.66, 133.81, 65.32, 84.18, 116.69]
d: [3.5, 3.5, 5.41, 4.23, 4.69, 5.1, 3.5, 5.06, 6.07, 4.5, 3.5, 3.5, 6.27, 2.0]
mutation at idx = 1

iteration: 49
best: [5.77, 7.44, 9.34, 11.86, 15.58, 19.98, 28.99, 31.67, 33.41, 34.55, 36.51, 39.19, 41.46, 42.42]
time: [5.7, 7.27, 9.97, 15.22, 22.85, 26.21, 38.93, 43.34, 1000, 1000, 1000, 1000, 1000, 1000]
current_hyper_parameter
v: [28.53, 13.31, 34.62, 31.99, 9.09, 14.92, 30.89, 13.76, 27.72, 11.02, 23.61, 25.84, 18.49, 13.15]
a: [154.09, 50.0, 114.87, 143.91, 85.5, 103.01, 39.68, 61.09, 48.4, 127.66, 110.93, 31.21, 138.77, 116.69]
d: [3.5, 3.5, 5.41, 4.62, 4.69, 6.11, 3.7, 5.06, 6.07, 5.92, 3.5, 3.77, 5.15, 2.0]
BEST_hyper_parameter
v: [28.53, 12.0, 34.62, 30.39, 20.48, 30.15, 30.6, 29.28, 30.74, 19.99, 14.23, 18.14, 14.94, 16.8]
a: [154.09, 50.0, 114.87, 140.87, 96.46, 116.01, 102.6, 119.86, 48.4, 127.66, 133.81, 65.32, 84.18, 116.69]
d: [3.5, 3.5, 5.41, 4.23, 4.69, 5.1, 3.5, 5.06, 6.07, 4.5, 3.5, 3.5, 6.27, 2.0]
mutation at idx = 0

iteration: 50
best: [5.77, 7.44, 9.34, 11.86, 15.58, 19.98, 28.99, 31.67, 33.41, 34.55, 36.51, 39.19, 41.46, 42.42]
time: [5.69, 7.48, 10.14, 12.87, 18.87, 21.65, 35.99, 39.84, 1000, 1000, 1000, 1000, 1000, 1000]
current_hyper_parameter
v: [34.05, 12.0, 34.62, 21.08, 17.77, 30.15, 12.01, 9.82, 24.69, 22.07, 11.77, 18.14, 21.9, 28.1]
a: [154.09, 50.0, 114.87, 41.93, 96.45, 116.01, 46.05, 148.5, 87.58, 61.36, 30.39, 65.32, 37.61, 119.08]
d: [5.51, 3.5, 5.41, 6.13, 6.25, 5.1, 3.5, 5.06, 5.98, 4.5, 3.5, 3.5, 6.27, 2.0]
BEST_hyper_parameter
v: [28.53, 12.0, 34.62, 30.39, 20.48, 30.15, 30.6, 29.28, 30.74, 19.99, 14.23, 18.14, 14.94, 16.8]
a: [154.09, 50.0, 114.87, 140.87, 96.46, 116.01, 102.6, 119.86, 48.4, 127.66, 133.81, 65.32, 84.18, 116.69]
d: [3.5, 3.5, 5.41, 4.23, 4.69, 5.1, 3.5, 5.06, 6.07, 4.5, 3.5, 3.5, 6.27, 2.0]

iteration: 51
best: [5.77, 7.44, 9.34, 11.86, 15.58, 19.98, 28.99, 31.67, 33.41, 34.55, 36.51, 39.19, 41.46, 42.42]
time: [5.66, 7.24, 9.94, 15.14, 34.57, 42.89, 1000, 1000, 1000, 1000, 1000, 1000, 1000, 1000]
current_hyper_parameter
v: [28.53, 12.0, 34.62, 30.39, 28.75, 12.78, 33.22, 22.01, 31.29, 18.88, 25.81, 30.48, 14.94, 32.36]
a: [154.09, 50.0, 114.87, 140.87, 96.46, 73.62, 144.04, 119.86, 48.4, 81.62, 153.26, 102.81, 84.18, 101.23]
d: [3.5, 3.5, 5.41, 4.23, 4.69, 5.1, 3.5, 5.06, 6.07, 4.5, 3.5, 5.79, 6.27, 2.0]
BEST_hyper_parameter
v: [28.53, 12.0, 34.62, 30.39, 20.48, 30.15, 30.6, 29.28, 30.74, 19.99, 14.23, 18.14, 14.94, 16.8]
a: [154.09, 50.0, 114.87, 140.87, 96.46, 116.01, 102.6, 119.86, 48.4, 127.66, 133.81, 65.32, 84.18, 116.69]
d: [3.5, 3.5, 5.41, 4.23, 4.69, 5.1, 3.5, 5.06, 6.07, 4.5, 3.5, 3.5, 6.27, 2.0]

iteration: 52
best: [5.77, 7.44, 9.34, 11.86, 15.58, 19.98, 28.99, 31.67, 33.41, 34.55, 36.51, 39.19, 41.46, 42.42]
time: [5.73, 7.48, 10.17, 15.24, 1000, 1000, 1000, 1000, 1000, 1000, 1000, 1000, 1000, 1000]
current_hyper_parameter
v: [28.53, 12.0, 34.62, 30.66, 34.7, 11.11, 22.19, 16.65, 30.6, 12.49, 14.23, 26.17, 14.94, 23.35]
a: [154.09, 50.0, 114.87, 140.87, 116.42, 155.3, 83.01, 82.84, 102.96, 103.48, 133.81, 26.18, 84.18, 77.21]
d: [3.5, 3.5, 5.41, 4.23, 4.69, 5.1, 6.04, 4.96, 5.66, 4.5, 3.5, 5.04, 6.27, 2.0]
BEST_hyper_parameter
v: [28.53, 12.0, 34.62, 30.39, 20.48, 30.15, 30.6, 29.28, 30.74, 19.99, 14.23, 18.14, 14.94, 16.8]
a: [154.09, 50.0, 114.87, 140.87, 96.46, 116.01, 102.6, 119.86, 48.4, 127.66, 133.81, 65.32, 84.18, 116.69]
d: [3.5, 3.5, 5.41, 4.23, 4.69, 5.1, 3.5, 5.06, 6.07, 4.5, 3.5, 3.5, 6.27, 2.0]

iteration: 53
best: [5.77, 7.44, 9.34, 11.86, 15.58, 19.98, 28.99, 31.67, 33.41, 34.55, 36.51, 39.19, 41.46, 42.42]
time: [5.68, 7.25, 9.94, 15.14, 25.59, 29.99, 39.69, 42.73, 43.93, 1000, 1000, 1000, 1000, 1000]
current_hyper_parameter
v: [28.53, 12.0, 34.62, 30.39, 28.1, 10.56, 30.6, 21.8, 22.64, 9.76, 28.57, 18.14, 25.72, 16.8]
a: [154.09, 50.0, 114.87, 140.87, 153.36, 109.41, 102.6, 149.8, 68.3, 127.66, 135.68, 65.32, 84.18, 116.69]
d: [3.5, 3.5, 5.41, 4.23, 4.69, 4.11, 3.5, 5.08, 6.07, 5.83, 3.89, 3.5, 6.27, 2.0]
BEST_hyper_parameter
v: [28.53, 12.0, 34.62, 30.39, 20.48, 30.15, 30.6, 29.28, 30.74, 19.99, 14.23, 18.14, 14.94, 16.8]
a: [154.09, 50.0, 114.87, 140.87, 96.46, 116.01, 102.6, 119.86, 48.4, 127.66, 133.81, 65.32, 84.18, 116.69]
d: [3.5, 3.5, 5.41, 4.23, 4.69, 5.1, 3.5, 5.06, 6.07, 4.5, 3.5, 3.5, 6.27, 2.0]

iteration: 54
best: [5.77, 7.44, 9.34, 11.86, 15.58, 19.98, 28.99, 31.67, 33.41, 34.55, 36.51, 39.19, 41.46, 42.42]
time: [5.66, 7.31, 10.02, 15.62, 19.91, 25.91, 38.57, 44.67, 46.3, 1000, 1000, 1000, 1000, 1000]
current_hyper_parameter
v: [28.53, 12.0, 34.62, 17.43, 11.72, 19.34, 27.92, 29.28, 13.5, 9.32, 34.51, 11.79, 23.79, 9.58]
a: [154.09, 50.0, 114.87, 140.87, 96.46, 116.01, 89.09, 119.86, 125.59, 32.14, 133.81, 63.5, 69.52, 116.69]
d: [3.5, 3.5, 5.41, 6.17, 4.69, 5.1, 3.5, 5.06, 6.48, 5.64, 3.5, 5.61, 6.27, 2.0]
BEST_hyper_parameter
v: [28.53, 12.0, 34.62, 30.39, 20.48, 30.15, 30.6, 29.28, 30.74, 19.99, 14.23, 18.14, 14.94, 16.8]
a: [154.09, 50.0, 114.87, 140.87, 96.46, 116.01, 102.6, 119.86, 48.4, 127.66, 133.81, 65.32, 84.18, 116.69]
d: [3.5, 3.5, 5.41, 4.23, 4.69, 5.1, 3.5, 5.06, 6.07, 4.5, 3.5, 3.5, 6.27, 2.0]

iteration: 55
best: [5.77, 7.44, 9.34, 11.86, 15.58, 19.98, 28.99, 31.67, 33.41, 34.55, 36.51, 39.19, 41.46, 42.42]
time: [5.67, 7.24, 9.95, 12.52, 14.92, 18.03, 28.31, 31.82, 33.72, 35.34, 1000, 1000, 1000, 1000]
current_hyper_parameter
v: [28.53, 12.0, 34.62, 32.53, 33.14, 29.82, 34.59, 12.69, 34.26, 29.03, 29.24, 20.27, 10.64, 16.8]
a: [154.09, 50.0, 114.87, 58.38, 96.46, 147.44, 46.82, 93.02, 48.4, 116.26, 77.57, 93.77, 84.18, 116.69]
d: [3.5, 3.5, 5.41, 6.5, 4.69, 5.1, 3.75, 4.95, 6.1, 4.5, 3.5, 5.5, 6.27, 2.0]
BEST_hyper_parameter
v: [28.53, 12.0, 34.62, 30.39, 20.48, 30.15, 30.6, 29.28, 30.74, 19.99, 14.23, 18.14, 14.94, 16.8]
a: [154.09, 50.0, 114.87, 140.87, 96.46, 116.01, 102.6, 119.86, 48.4, 127.66, 133.81, 65.32, 84.18, 116.69]
d: [3.5, 3.5, 5.41, 4.23, 4.69, 5.1, 3.5, 5.06, 6.07, 4.5, 3.5, 3.5, 6.27, 2.0]
mutation at idx = 7

iteration: 56
best: [5.77, 7.44, 9.34, 11.86, 15.58, 18.03, 28.99, 31.67, 33.41, 34.55, 36.51, 39.19, 41.46, 42.42]
time: [5.71, 7.29, 9.98, 15.1, 1000, 1000, 1000, 1000, 1000, 1000, 1000, 1000, 1000, 1000]
current_hyper_parameter
v: [28.53, 12.0, 34.62, 30.39, 20.48, 29.82, 30.6, 22.97, 30.74, 19.99, 14.08, 22.59, 8.93, 17.1]
a: [154.09, 50.0, 114.87, 140.87, 96.46, 147.44, 102.6, 37.23, 48.4, 127.66, 106.03, 65.32, 53.63, 44.09]
d: [3.5, 3.5, 5.41, 4.23, 4.69, 5.1, 3.5, 3.56, 6.07, 4.5, 3.84, 4.13, 4.69, 2.0]
BEST_hyper_parameter
v: [28.53, 12.0, 34.62, 30.39, 20.48, 29.82, 30.6, 29.28, 30.74, 19.99, 14.23, 18.14, 14.94, 16.8]
a: [154.09, 50.0, 114.87, 140.87, 96.46, 147.44, 102.6, 119.86, 48.4, 127.66, 133.81, 65.32, 84.18, 116.69]
d: [3.5, 3.5, 5.41, 4.23, 4.69, 5.1, 3.5, 5.06, 6.07, 4.5, 3.5, 3.5, 6.27, 2.0]

iteration: 57
best: [5.77, 7.44, 9.34, 11.86, 15.58, 18.03, 28.99, 31.67, 33.41, 34.55, 36.51, 39.19, 41.46, 42.42]
time: [5.68, 7.24, 9.95, 1000, 1000, 1000, 1000, 1000, 1000, 1000, 1000, 1000, 1000, 1000]
current_hyper_parameter
v: [28.53, 12.0, 34.62, 33.37, 19.87, 29.82, 32.26, 24.38, 30.74, 32.15, 14.23, 19.67, 26.6, 16.8]
a: [154.09, 50.0, 114.87, 120.47, 96.46, 147.44, 102.6, 41.39, 48.4, 127.66, 133.81, 118.99, 84.18, 116.69]
d: [3.5, 3.5, 5.41, 4.37, 4.62, 5.1, 6.41, 4.65, 6.07, 4.31, 3.5, 3.5, 6.09, 2.0]
BEST_hyper_parameter
v: [28.53, 12.0, 34.62, 30.39, 20.48, 29.82, 30.6, 29.28, 30.74, 19.99, 14.23, 18.14, 14.94, 16.8]
a: [154.09, 50.0, 114.87, 140.87, 96.46, 147.44, 102.6, 119.86, 48.4, 127.66, 133.81, 65.32, 84.18, 116.69]
d: [3.5, 3.5, 5.41, 4.23, 4.69, 5.1, 3.5, 5.06, 6.07, 4.5, 3.5, 3.5, 6.27, 2.0]

iteration: 58
best: [5.77, 7.44, 9.34, 11.86, 15.58, 18.03, 28.99, 31.67, 33.41, 34.55, 36.51, 39.19, 41.46, 42.42]
time: [5.68, 7.25, 9.94, 12.76, 18.49, 30.23, 40.98, 1000, 1000, 1000, 1000, 1000, 1000, 1000]
current_hyper_parameter
v: [28.53, 12.0, 34.62, 22.1, 34.72, 29.68, 30.6, 29.28, 8.99, 31.43, 11.64, 14.45, 16.07, 19.05]
a: [154.09, 50.0, 114.87, 51.72, 147.97, 28.31, 102.6, 119.86, 22.41, 127.66, 159.12, 80.19, 84.18, 137.2]
d: [3.5, 3.5, 5.41, 3.54, 3.94, 5.1, 3.5, 5.06, 4.49, 4.93, 3.5, 3.5, 6.27, 2.0]
BEST_hyper_parameter
v: [28.53, 12.0, 34.62, 30.39, 20.48, 29.82, 30.6, 29.28, 30.74, 19.99, 14.23, 18.14, 14.94, 16.8]
a: [154.09, 50.0, 114.87, 140.87, 96.46, 147.44, 102.6, 119.86, 48.4, 127.66, 133.81, 65.32, 84.18, 116.69]
d: [3.5, 3.5, 5.41, 4.23, 4.69, 5.1, 3.5, 5.06, 6.07, 4.5, 3.5, 3.5, 6.27, 2.0]
mutation at idx = 2

iteration: 59
best: [5.77, 7.44, 9.34, 11.86, 15.58, 18.03, 28.99, 31.67, 33.41, 34.55, 36.51, 39.19, 41.46, 42.42]
time: [5.7, 7.29, 10.88, 16.71, 21.02, 23.57, 45.43, 1000, 1000, 1000, 1000, 1000, 1000, 1000]
current_hyper_parameter
v: [28.53, 12.0, 12.64, 30.39, 11.3, 20.24, 9.23, 29.28, 33.93, 13.97, 12.38, 17.77, 9.97, 21.06]
a: [154.09, 50.0, 114.87, 140.87, 74.0, 147.44, 102.6, 119.86, 133.16, 46.78, 62.31, 138.09, 91.01, 73.95]
d: [3.5, 3.5, 6.3, 4.23, 5.87, 5.73, 5.31, 5.06, 3.82, 4.5, 3.5, 3.5, 6.27, 2.0]
BEST_hyper_parameter
v: [28.53, 12.0, 34.62, 30.39, 20.48, 29.82, 30.6, 29.28, 30.74, 19.99, 14.23, 18.14, 14.94, 16.8]
a: [154.09, 50.0, 114.87, 140.87, 96.46, 147.44, 102.6, 119.86, 48.4, 127.66, 133.81, 65.32, 84.18, 116.69]
d: [3.5, 3.5, 5.41, 4.23, 4.69, 5.1, 3.5, 5.06, 6.07, 4.5, 3.5, 3.5, 6.27, 2.0]

iteration: 60
best: [5.77, 7.44, 9.34, 11.86, 15.58, 18.03, 28.99, 31.67, 33.41, 34.55, 36.51, 39.19, 41.46, 42.42]
time: [5.71, 7.27, 11.34, 17.04, 1000, 1000, 1000, 1000, 1000, 1000, 1000, 1000, 1000, 1000]
current_hyper_parameter
v: [28.53, 12.0, 23.3, 30.39, 27.55, 16.43, 11.39, 29.28, 15.9, 14.79, 35.0, 8.94, 14.94, 18.46]
a: [154.09, 50.0, 36.44, 140.87, 99.53, 79.12, 102.6, 119.86, 107.93, 149.43, 133.81, 70.83, 84.18, 116.69]
d: [3.5, 3.5, 4.41, 4.23, 5.57, 6.49, 3.5, 5.06, 5.3, 6.06, 3.5, 3.5, 6.27, 2.0]
BEST_hyper_parameter
v: [28.53, 12.0, 34.62, 30.39, 20.48, 29.82, 30.6, 29.28, 30.74, 19.99, 14.23, 18.14, 14.94, 16.8]
a: [154.09, 50.0, 114.87, 140.87, 96.46, 147.44, 102.6, 119.86, 48.4, 127.66, 133.81, 65.32, 84.18, 116.69]
d: [3.5, 3.5, 5.41, 4.23, 4.69, 5.1, 3.5, 5.06, 6.07, 4.5, 3.5, 3.5, 6.27, 2.0]

iteration: 61
best: [5.77, 7.44, 9.34, 11.86, 15.58, 18.03, 28.99, 31.67, 33.41, 34.55, 36.51, 39.19, 41.46, 42.42]
time: [5.68, 7.26, 10.92, 13.94, 16.29, 19.9, 32.1, 38.13, 1000, 1000, 1000, 1000, 1000, 1000]
current_hyper_parameter
v: [28.53, 12.0, 21.72, 27.81, 29.33, 33.0, 15.41, 26.7, 30.74, 28.68, 19.35, 26.21, 34.02, 28.71]
a: [154.09, 50.0, 51.78, 49.7, 125.38, 147.44, 102.6, 107.79, 48.4, 138.26, 133.81, 135.42, 137.87, 114.75]
d: [3.5, 3.5, 5.41, 6.1, 4.69, 4.0, 3.5, 6.05, 6.07, 5.01, 3.5, 6.43, 6.27, 2.0]
BEST_hyper_parameter
v: [28.53, 12.0, 34.62, 30.39, 20.48, 29.82, 30.6, 29.28, 30.74, 19.99, 14.23, 18.14, 14.94, 16.8]
a: [154.09, 50.0, 114.87, 140.87, 96.46, 147.44, 102.6, 119.86, 48.4, 127.66, 133.81, 65.32, 84.18, 116.69]
d: [3.5, 3.5, 5.41, 4.23, 4.69, 5.1, 3.5, 5.06, 6.07, 4.5, 3.5, 3.5, 6.27, 2.0]

iteration: 62
best: [5.77, 7.44, 9.34, 11.86, 15.58, 18.03, 28.99, 31.67, 33.41, 34.55, 36.51, 39.19, 41.46, 42.42]
time: [5.68, 7.25, 10.33, 15.79, 21.96, 25.43, 38.33, 40.83, 42.33, 1000, 1000, 1000, 1000, 1000]
current_hyper_parameter
v: [28.53, 12.0, 17.74, 20.21, 21.33, 11.62, 19.29, 26.25, 21.77, 15.73, 20.97, 9.1, 14.94, 16.8]
a: [154.09, 50.0, 114.87, 133.51, 46.24, 147.44, 102.6, 119.86, 108.12, 114.94, 84.11, 65.32, 84.18, 116.69]
d: [3.5, 3.5, 5.41, 5.0, 4.24, 3.74, 6.34, 4.64, 6.07, 4.73, 6.34, 3.63, 6.27, 2.0]
BEST_hyper_parameter
v: [28.53, 12.0, 34.62, 30.39, 20.48, 29.82, 30.6, 29.28, 30.74, 19.99, 14.23, 18.14, 14.94, 16.8]
a: [154.09, 50.0, 114.87, 140.87, 96.46, 147.44, 102.6, 119.86, 48.4, 127.66, 133.81, 65.32, 84.18, 116.69]
d: [3.5, 3.5, 5.41, 4.23, 4.69, 5.1, 3.5, 5.06, 6.07, 4.5, 3.5, 3.5, 6.27, 2.0]

iteration: 63
best: [5.77, 7.44, 9.34, 11.86, 15.58, 18.03, 28.99, 31.67, 33.41, 34.55, 36.51, 39.19, 41.46, 42.42]
time: [5.68, 7.19, 9.91, 19.51, 25.8, 30.04, 40.78, 1000, 1000, 1000, 1000, 1000, 1000, 1000]
current_hyper_parameter
v: [28.53, 12.0, 34.62, 21.26, 30.86, 18.88, 26.16, 29.28, 21.57, 33.71, 10.82, 33.36, 32.38, 32.42]
a: [154.09, 50.0, 114.87, 140.87, 96.46, 62.94, 102.6, 119.86, 48.4, 35.58, 93.86, 65.32, 88.97, 81.05]
d: [3.5, 3.5, 5.41, 4.23, 6.08, 5.1, 5.01, 5.06, 6.07, 5.02, 5.37, 3.5, 6.27, 2.0]
BEST_hyper_parameter
v: [28.53, 12.0, 34.62, 30.39, 20.48, 29.82, 30.6, 29.28, 30.74, 19.99, 14.23, 18.14, 14.94, 16.8]
a: [154.09, 50.0, 114.87, 140.87, 96.46, 147.44, 102.6, 119.86, 48.4, 127.66, 133.81, 65.32, 84.18, 116.69]
d: [3.5, 3.5, 5.41, 4.23, 4.69, 5.1, 3.5, 5.06, 6.07, 4.5, 3.5, 3.5, 6.27, 2.0]

iteration: 64
best: [5.77, 7.44, 9.34, 11.86, 15.58, 18.03, 28.99, 31.67, 33.41, 34.55, 36.51, 39.19, 41.46, 42.42]
time: [5.68, 7.26, 9.97, 15.16, 30.08, 34.6, 1000, 1000, 1000, 1000, 1000, 1000, 1000, 1000]
current_hyper_parameter
v: [28.53, 12.0, 34.62, 30.39, 22.5, 10.97, 25.66, 23.22, 30.74, 30.03, 12.53, 11.89, 33.75, 17.28]
a: [154.09, 50.0, 114.87, 140.87, 113.69, 67.48, 102.6, 32.04, 48.4, 127.66, 102.94, 42.99, 84.18, 129.41]
d: [3.5, 3.5, 5.41, 4.23, 4.69, 4.93, 4.06, 5.91, 6.07, 6.45, 6.01, 6.29, 6.27, 2.0]
BEST_hyper_parameter
v: [28.53, 12.0, 34.62, 30.39, 20.48, 29.82, 30.6, 29.28, 30.74, 19.99, 14.23, 18.14, 14.94, 16.8]
a: [154.09, 50.0, 114.87, 140.87, 96.46, 147.44, 102.6, 119.86, 48.4, 127.66, 133.81, 65.32, 84.18, 116.69]
d: [3.5, 3.5, 5.41, 4.23, 4.69, 5.1, 3.5, 5.06, 6.07, 4.5, 3.5, 3.5, 6.27, 2.0]

iteration: 65
best: [5.77, 7.44, 9.34, 11.86, 15.58, 18.03, 28.99, 31.67, 33.41, 34.55, 36.51, 39.19, 41.46, 42.42]
time: [5.69, 7.27, 10.0, 19.86, 31.94, 35.42, 1000, 1000, 1000, 1000, 1000, 1000, 1000, 1000]
current_hyper_parameter
v: [28.53, 12.0, 34.62, 30.61, 17.12, 13.14, 17.42, 29.28, 11.55, 16.17, 20.18, 34.2, 20.62, 34.34]
a: [154.09, 50.0, 114.87, 140.87, 51.79, 88.28, 102.6, 119.86, 158.65, 56.13, 133.81, 60.33, 84.18, 118.58]
d: [3.5, 3.5, 5.41, 5.33, 4.33, 5.1, 3.5, 5.06, 6.32, 4.36, 3.5, 3.5, 6.27, 2.0]
BEST_hyper_parameter
v: [28.53, 12.0, 34.62, 30.39, 20.48, 29.82, 30.6, 29.28, 30.74, 19.99, 14.23, 18.14, 14.94, 16.8]
a: [154.09, 50.0, 114.87, 140.87, 96.46, 147.44, 102.6, 119.86, 48.4, 127.66, 133.81, 65.32, 84.18, 116.69]
d: [3.5, 3.5, 5.41, 4.23, 4.69, 5.1, 3.5, 5.06, 6.07, 4.5, 3.5, 3.5, 6.27, 2.0]

iteration: 66
best: [5.77, 7.44, 9.34, 11.86, 15.58, 18.03, 28.99, 31.67, 33.41, 34.55, 36.51, 39.19, 41.46, 42.42]
time: [5.7, 7.26, 9.98, 12.81, 15.52, 18.87, 28.37, 31.36, 1000, 1000, 1000, 1000, 1000, 1000]
current_hyper_parameter
v: [28.53, 12.0, 34.62, 12.56, 20.48, 23.07, 26.57, 29.28, 31.42, 24.54, 27.27, 28.62, 8.58, 20.64]
a: [154.09, 50.0, 114.87, 79.93, 96.46, 145.9, 126.21, 119.86, 28.84, 23.5, 123.33, 65.32, 118.94, 104.43]
d: [3.5, 3.5, 5.41, 4.23, 4.69, 4.05, 3.5, 5.06, 6.07, 3.81, 3.5, 5.61, 6.27, 2.0]
BEST_hyper_parameter
v: [28.53, 12.0, 34.62, 30.39, 20.48, 29.82, 30.6, 29.28, 30.74, 19.99, 14.23, 18.14, 14.94, 16.8]
a: [154.09, 50.0, 114.87, 140.87, 96.46, 147.44, 102.6, 119.86, 48.4, 127.66, 133.81, 65.32, 84.18, 116.69]
d: [3.5, 3.5, 5.41, 4.23, 4.69, 5.1, 3.5, 5.06, 6.07, 4.5, 3.5, 3.5, 6.27, 2.0]

iteration: 67
best: [5.77, 7.44, 9.34, 11.86, 15.58, 18.03, 28.99, 31.67, 33.41, 34.55, 36.51, 39.19, 41.46, 42.42]
time: [5.65, 7.23, 9.95, 17.62, 22.07, 25.35, 33.72, 36.57, 42.12, 44.27, 1000, 1000, 1000, 1000]
current_hyper_parameter
v: [28.53, 12.0, 34.62, 30.39, 20.48, 29.82, 30.6, 29.28, 19.09, 19.99, 34.02, 30.5, 33.01, 25.84]
a: [154.09, 50.0, 114.87, 140.87, 96.46, 147.44, 102.6, 119.86, 67.64, 127.66, 52.98, 37.48, 84.18, 101.12]
d: [3.5, 3.5, 5.41, 4.23, 4.69, 5.1, 3.5, 5.06, 4.05, 4.5, 3.5, 4.53, 6.18, 2.0]
BEST_hyper_parameter
v: [28.53, 12.0, 34.62, 30.39, 20.48, 29.82, 30.6, 29.28, 30.74, 19.99, 14.23, 18.14, 14.94, 16.8]
a: [154.09, 50.0, 114.87, 140.87, 96.46, 147.44, 102.6, 119.86, 48.4, 127.66, 133.81, 65.32, 84.18, 116.69]
d: [3.5, 3.5, 5.41, 4.23, 4.69, 5.1, 3.5, 5.06, 6.07, 4.5, 3.5, 3.5, 6.27, 2.0]

iteration: 68
best: [5.77, 7.44, 9.34, 11.86, 15.58, 18.03, 28.99, 31.67, 33.41, 34.55, 36.51, 39.19, 41.46, 42.42]
time: [5.67, 7.23, 9.95, 1000, 1000, 1000, 1000, 1000, 1000, 1000, 1000, 1000, 1000, 1000]
current_hyper_parameter
v: [28.53, 12.0, 34.62, 27.38, 9.06, 18.72, 29.25, 13.15, 32.67, 19.99, 30.75, 13.89, 24.79, 21.0]
a: [154.09, 50.0, 114.87, 140.87, 26.94, 57.97, 50.24, 119.86, 48.4, 127.66, 51.86, 26.68, 123.51, 67.04]
d: [3.5, 3.5, 5.41, 3.94, 5.37, 5.1, 4.62, 3.94, 4.29, 4.5, 3.98, 3.53, 6.27, 2.0]
BEST_hyper_parameter
v: [28.53, 12.0, 34.62, 30.39, 20.48, 29.82, 30.6, 29.28, 30.74, 19.99, 14.23, 18.14, 14.94, 16.8]
a: [154.09, 50.0, 114.87, 140.87, 96.46, 147.44, 102.6, 119.86, 48.4, 127.66, 133.81, 65.32, 84.18, 116.69]
d: [3.5, 3.5, 5.41, 4.23, 4.69, 5.1, 3.5, 5.06, 6.07, 4.5, 3.5, 3.5, 6.27, 2.0]

iteration: 69
best: [5.77, 7.44, 9.34, 11.86, 15.58, 18.03, 28.99, 31.67, 33.41, 34.55, 36.51, 39.19, 41.46, 42.42]
time: [5.68, 7.25, 9.94, 12.81, 18.75, 21.77, 32.6, 35.31, 1000, 1000, 1000, 1000, 1000, 1000]
current_hyper_parameter
v: [28.53, 12.0, 34.62, 11.58, 17.66, 29.82, 28.67, 29.28, 30.74, 14.67, 29.18, 11.88, 14.94, 16.8]
a: [154.09, 50.0, 114.87, 100.65, 102.54, 147.44, 62.38, 119.86, 48.4, 21.2, 51.79, 40.73, 84.18, 116.69]
d: [3.5, 3.5, 5.41, 4.23, 4.05, 5.1, 3.5, 5.06, 6.07, 4.67, 4.37, 3.5, 6.27, 2.0]
BEST_hyper_parameter
v: [28.53, 12.0, 34.62, 30.39, 20.48, 29.82, 30.6, 29.28, 30.74, 19.99, 14.23, 18.14, 14.94, 16.8]
a: [154.09, 50.0, 114.87, 140.87, 96.46, 147.44, 102.6, 119.86, 48.4, 127.66, 133.81, 65.32, 84.18, 116.69]
d: [3.5, 3.5, 5.41, 4.23, 4.69, 5.1, 3.5, 5.06, 6.07, 4.5, 3.5, 3.5, 6.27, 2.0]
mutation at idx = 3

iteration: 70
best: [5.77, 7.44, 9.34, 11.86, 15.58, 18.03, 28.99, 31.67, 33.41, 34.55, 36.51, 39.19, 41.46, 42.42]
time: [5.66, 7.24, 9.96, 1000, 1000, 1000, 1000, 1000, 1000, 1000, 1000, 1000, 1000, 1000]
current_hyper_parameter
v: [28.53, 12.0, 34.62, 32.76, 12.75, 29.82, 29.63, 29.28, 13.45, 18.07, 15.89, 18.14, 11.88, 10.4]
a: [154.09, 50.0, 114.87, 135.64, 106.28, 147.44, 129.39, 119.86, 83.06, 127.66, 133.81, 65.32, 138.42, 116.69]
d: [3.5, 3.5, 5.41, 4.23, 4.74, 5.1, 3.5, 5.06, 6.07, 4.5, 3.5, 3.5, 4.64, 2.0]
BEST_hyper_parameter
v: [28.53, 12.0, 34.62, 30.39, 20.48, 29.82, 30.6, 29.28, 30.74, 19.99, 14.23, 18.14, 14.94, 16.8]
a: [154.09, 50.0, 114.87, 140.87, 96.46, 147.44, 102.6, 119.86, 48.4, 127.66, 133.81, 65.32, 84.18, 116.69]
d: [3.5, 3.5, 5.41, 4.23, 4.69, 5.1, 3.5, 5.06, 6.07, 4.5, 3.5, 3.5, 6.27, 2.0]

iteration: 71
best: [5.77, 7.44, 9.34, 11.86, 15.58, 18.03, 28.99, 31.67, 33.41, 34.55, 36.51, 39.19, 41.46, 42.42]
time: [5.67, 7.23, 9.94, 15.07, 31.95, 34.81, 1000, 1000, 1000, 1000, 1000, 1000, 1000, 1000]
current_hyper_parameter
v: [28.53, 12.0, 34.62, 30.39, 20.48, 26.16, 19.3, 19.59, 15.42, 23.12, 14.23, 30.18, 11.29, 16.8]
a: [154.09, 50.0, 114.87, 140.87, 96.46, 119.81, 38.91, 119.86, 101.32, 127.66, 133.81, 138.91, 84.18, 116.69]
d: [3.5, 3.5, 5.41, 4.23, 4.69, 6.27, 5.76, 4.31, 5.85, 4.95, 3.5, 3.5, 6.27, 2.0]
BEST_hyper_parameter
v: [28.53, 12.0, 34.62, 30.39, 20.48, 29.82, 30.6, 29.28, 30.74, 19.99, 14.23, 18.14, 14.94, 16.8]
a: [154.09, 50.0, 114.87, 140.87, 96.46, 147.44, 102.6, 119.86, 48.4, 127.66, 133.81, 65.32, 84.18, 116.69]
d: [3.5, 3.5, 5.41, 4.23, 4.69, 5.1, 3.5, 5.06, 6.07, 4.5, 3.5, 3.5, 6.27, 2.0]

iteration: 72
best: [5.77, 7.44, 9.34, 11.86, 15.58, 18.03, 28.99, 31.67, 33.41, 34.55, 36.51, 39.19, 41.46, 42.42]
time: [5.65, 7.23, 9.99, 1000, 1000, 1000, 1000, 1000, 1000, 1000, 1000, 1000, 1000, 1000]
current_hyper_parameter
v: [28.53, 12.0, 34.62, 30.97, 17.86, 29.82, 32.07, 29.28, 16.92, 19.99, 32.24, 9.03, 14.94, 26.99]
a: [154.09, 50.0, 114.87, 25.63, 57.48, 147.44, 43.44, 119.86, 80.02, 127.66, 140.15, 65.32, 84.18, 111.54]
d: [3.5, 3.5, 5.41, 4.23, 5.66, 5.1, 6.17, 5.06, 6.02, 4.5, 3.5, 3.5, 6.27, 2.0]
BEST_hyper_parameter
v: [28.53, 12.0, 34.62, 30.39, 20.48, 29.82, 30.6, 29.28, 30.74, 19.99, 14.23, 18.14, 14.94, 16.8]
a: [154.09, 50.0, 114.87, 140.87, 96.46, 147.44, 102.6, 119.86, 48.4, 127.66, 133.81, 65.32, 84.18, 116.69]
d: [3.5, 3.5, 5.41, 4.23, 4.69, 5.1, 3.5, 5.06, 6.07, 4.5, 3.5, 3.5, 6.27, 2.0]

iteration: 73
best: [5.77, 7.44, 9.34, 11.86, 15.58, 18.03, 28.99, 31.67, 33.41, 34.55, 36.51, 39.19, 41.46, 42.42]
time: [5.69, 7.25, 9.98, 1000, 1000, 1000, 1000, 1000, 1000, 1000, 1000, 1000, 1000, 1000]
current_hyper_parameter
v: [28.53, 12.0, 34.62, 25.52, 20.48, 28.09, 9.66, 21.45, 15.07, 19.99, 9.13, 18.14, 10.71, 25.64]
a: [154.09, 50.0, 114.87, 140.87, 96.46, 110.3, 102.6, 119.86, 48.4, 127.66, 144.59, 65.32, 112.47, 40.29]
d: [3.5, 3.5, 5.41, 3.84, 4.69, 5.1, 5.63, 6.42, 6.37, 4.5, 5.45, 3.5, 6.27, 2.0]
BEST_hyper_parameter
v: [28.53, 12.0, 34.62, 30.39, 20.48, 29.82, 30.6, 29.28, 30.74, 19.99, 14.23, 18.14, 14.94, 16.8]
a: [154.09, 50.0, 114.87, 140.87, 96.46, 147.44, 102.6, 119.86, 48.4, 127.66, 133.81, 65.32, 84.18, 116.69]
d: [3.5, 3.5, 5.41, 4.23, 4.69, 5.1, 3.5, 5.06, 6.07, 4.5, 3.5, 3.5, 6.27, 2.0]

iteration: 74
best: [5.77, 7.44, 9.34, 11.86, 15.58, 18.03, 28.99, 31.67, 33.41, 34.55, 36.51, 39.19, 41.46, 42.42]
time: [5.7, 7.2, 9.94, 15.11, 24.25, 28.43, 38.44, 1000, 1000, 1000, 1000, 1000, 1000, 1000]
current_hyper_parameter
v: [28.53, 12.0, 34.62, 34.14, 21.73, 12.16, 29.26, 9.68, 20.79, 15.57, 33.57, 19.9, 14.94, 11.81]
a: [154.09, 50.0, 114.87, 140.87, 96.46, 108.84, 106.85, 59.91, 77.31, 158.72, 106.62, 65.32, 84.18, 116.69]
d: [3.5, 3.5, 5.41, 4.48, 5.5, 4.97, 5.73, 5.06, 4.49, 4.5, 6.22, 3.5, 6.27, 2.0]
BEST_hyper_parameter
v: [28.53, 12.0, 34.62, 30.39, 20.48, 29.82, 30.6, 29.28, 30.74, 19.99, 14.23, 18.14, 14.94, 16.8]
a: [154.09, 50.0, 114.87, 140.87, 96.46, 147.44, 102.6, 119.86, 48.4, 127.66, 133.81, 65.32, 84.18, 116.69]
d: [3.5, 3.5, 5.41, 4.23, 4.69, 5.1, 3.5, 5.06, 6.07, 4.5, 3.5, 3.5, 6.27, 2.0]

iteration: 75
best: [5.77, 7.44, 9.34, 11.86, 15.58, 18.03, 28.99, 31.67, 33.41, 34.55, 36.51, 39.19, 41.46, 42.42]
time: [5.67, 7.25, 9.95, 16.46, 1000, 1000, 1000, 1000, 1000, 1000, 1000, 1000, 1000, 1000]
current_hyper_parameter
v: [28.53, 12.0, 34.62, 34.79, 20.25, 25.54, 13.19, 29.28, 11.29, 26.26, 9.15, 26.24, 14.94, 16.45]
a: [154.09, 50.0, 114.87, 64.42, 27.98, 147.44, 133.38, 119.86, 30.32, 127.66, 148.71, 141.63, 84.18, 68.16]
d: [3.5, 3.5, 5.41, 5.01, 5.78, 5.11, 3.5, 5.06, 3.6, 4.5, 3.5, 3.5, 6.27, 2.0]
BEST_hyper_parameter
v: [28.53, 12.0, 34.62, 30.39, 20.48, 29.82, 30.6, 29.28, 30.74, 19.99, 14.23, 18.14, 14.94, 16.8]
a: [154.09, 50.0, 114.87, 140.87, 96.46, 147.44, 102.6, 119.86, 48.4, 127.66, 133.81, 65.32, 84.18, 116.69]
d: [3.5, 3.5, 5.41, 4.23, 4.69, 5.1, 3.5, 5.06, 6.07, 4.5, 3.5, 3.5, 6.27, 2.0]
mutation at idx = 1

iteration: 76
best: [5.77, 7.44, 9.34, 11.86, 15.58, 18.03, 28.99, 31.67, 33.41, 34.55, 36.51, 39.19, 41.46, 42.42]
time: [5.68, 7.19, 9.66, 18.96, 31.23, 37.46, 1000, 1000, 1000, 1000, 1000, 1000, 1000, 1000]
current_hyper_parameter
v: [28.53, 29.15, 34.62, 20.16, 8.99, 33.76, 30.6, 16.43, 10.51, 23.44, 23.25, 30.3, 23.45, 16.8]
a: [154.09, 70.75, 114.87, 157.72, 159.97, 147.44, 102.6, 119.86, 31.99, 76.24, 40.26, 65.32, 47.98, 116.69]
d: [3.5, 6.44, 5.41, 5.01, 5.91, 5.07, 3.5, 6.21, 4.93, 4.5, 3.5, 3.5, 4.22, 2.0]
BEST_hyper_parameter
v: [28.53, 12.0, 34.62, 30.39, 20.48, 29.82, 30.6, 29.28, 30.74, 19.99, 14.23, 18.14, 14.94, 16.8]
a: [154.09, 50.0, 114.87, 140.87, 96.46, 147.44, 102.6, 119.86, 48.4, 127.66, 133.81, 65.32, 84.18, 116.69]
d: [3.5, 3.5, 5.41, 4.23, 4.69, 5.1, 3.5, 5.06, 6.07, 4.5, 3.5, 3.5, 6.27, 2.0]

iteration: 77
best: [5.77, 7.44, 9.34, 11.86, 15.58, 18.03, 28.99, 31.67, 33.41, 34.55, 36.51, 39.19, 41.46, 42.42]
time: [5.72, 7.3, 10.03, 12.98, 15.78, 19.62, 31.26, 34.43, 36.25, 37.95, 1000, 1000, 1000, 1000]
current_hyper_parameter
v: [28.53, 12.0, 34.62, 10.46, 17.6, 12.08, 22.79, 21.56, 30.74, 19.99, 16.02, 34.37, 14.94, 16.8]
a: [154.09, 50.0, 114.87, 88.61, 96.46, 114.51, 102.6, 63.98, 48.4, 127.66, 133.81, 65.32, 84.18, 116.69]
d: [3.5, 3.5, 5.41, 4.94, 4.69, 4.21, 5.32, 4.39, 6.07, 4.5, 5.46, 3.5, 6.27, 2.0]
BEST_hyper_parameter
v: [28.53, 12.0, 34.62, 30.39, 20.48, 29.82, 30.6, 29.28, 30.74, 19.99, 14.23, 18.14, 14.94, 16.8]
a: [154.09, 50.0, 114.87, 140.87, 96.46, 147.44, 102.6, 119.86, 48.4, 127.66, 133.81, 65.32, 84.18, 116.69]
d: [3.5, 3.5, 5.41, 4.23, 4.69, 5.1, 3.5, 5.06, 6.07, 4.5, 3.5, 3.5, 6.27, 2.0]

iteration: 78
best: [5.77, 7.44, 9.34, 11.86, 15.58, 18.03, 28.99, 31.67, 33.41, 34.55, 36.51, 39.19, 41.46, 42.42]
time: [5.71, 7.3, 10.0, 12.42, 18.07, 22.27, 37.41, 40.0, 1000, 1000, 1000, 1000, 1000, 1000]
current_hyper_parameter
v: [28.53, 12.0, 34.62, 28.25, 20.48, 20.41, 11.74, 25.8, 30.74, 19.99, 26.77, 22.39, 14.94, 16.8]
a: [154.09, 50.0, 114.87, 78.13, 96.46, 147.44, 156.29, 140.6, 48.4, 127.66, 37.36, 65.32, 84.18, 116.69]
d: [3.5, 3.5, 5.41, 4.69, 4.69, 5.1, 3.5, 5.06, 6.07, 4.5, 5.75, 3.5, 6.27, 2.0]
BEST_hyper_parameter
v: [28.53, 12.0, 34.62, 30.39, 20.48, 29.82, 30.6, 29.28, 30.74, 19.99, 14.23, 18.14, 14.94, 16.8]
a: [154.09, 50.0, 114.87, 140.87, 96.46, 147.44, 102.6, 119.86, 48.4, 127.66, 133.81, 65.32, 84.18, 116.69]
d: [3.5, 3.5, 5.41, 4.23, 4.69, 5.1, 3.5, 5.06, 6.07, 4.5, 3.5, 3.5, 6.27, 2.0]

iteration: 79
best: [5.77, 7.44, 9.34, 11.86, 15.58, 18.03, 28.99, 31.67, 33.41, 34.55, 36.51, 39.19, 41.46, 42.42]
time: [5.68, 7.29, 10.03, 1000, 1000, 1000, 1000, 1000, 1000, 1000, 1000, 1000, 1000, 1000]
current_hyper_parameter
v: [28.53, 12.0, 34.62, 30.39, 20.48, 16.76, 22.25, 20.09, 27.37, 25.75, 16.45, 11.96, 14.94, 16.8]
a: [154.09, 50.0, 114.87, 140.87, 96.46, 64.54, 150.95, 159.19, 150.15, 140.74, 61.43, 124.74, 84.18, 116.69]
d: [3.5, 3.5, 5.41, 4.23, 4.69, 5.1, 3.74, 5.06, 5.56, 4.5, 3.5, 5.49, 6.27, 2.0]
BEST_hyper_parameter
v: [28.53, 12.0, 34.62, 30.39, 20.48, 29.82, 30.6, 29.28, 30.74, 19.99, 14.23, 18.14, 14.94, 16.8]
a: [154.09, 50.0, 114.87, 140.87, 96.46, 147.44, 102.6, 119.86, 48.4, 127.66, 133.81, 65.32, 84.18, 116.69]
d: [3.5, 3.5, 5.41, 4.23, 4.69, 5.1, 3.5, 5.06, 6.07, 4.5, 3.5, 3.5, 6.27, 2.0]
mutation at idx = 2

iteration: 80
best: [5.77, 7.44, 9.34, 11.86, 15.58, 18.03, 28.99, 31.67, 33.41, 34.55, 36.51, 39.19, 41.46, 42.42]
time: [5.68, 7.25, 10.08, 1000, 1000, 1000, 1000, 1000, 1000, 1000, 1000, 1000, 1000, 1000]
current_hyper_parameter
v: [28.53, 12.0, 24.73, 30.39, 24.81, 14.18, 19.62, 26.23, 25.15, 19.99, 18.44, 31.76, 17.01, 16.8]
a: [154.09, 50.0, 114.87, 140.87, 37.35, 105.7, 56.35, 148.87, 92.77, 127.66, 133.81, 69.65, 84.18, 116.69]
d: [3.5, 3.5, 6.23, 4.23, 5.61, 5.9, 3.5, 5.06, 6.07, 4.5, 3.5, 3.5, 5.71, 2.0]
BEST_hyper_parameter
v: [28.53, 12.0, 34.62, 30.39, 20.48, 29.82, 30.6, 29.28, 30.74, 19.99, 14.23, 18.14, 14.94, 16.8]
a: [154.09, 50.0, 114.87, 140.87, 96.46, 147.44, 102.6, 119.86, 48.4, 127.66, 133.81, 65.32, 84.18, 116.69]
d: [3.5, 3.5, 5.41, 4.23, 4.69, 5.1, 3.5, 5.06, 6.07, 4.5, 3.5, 3.5, 6.27, 2.0]

iteration: 81
best: [5.77, 7.44, 9.34, 11.86, 15.58, 18.03, 28.99, 31.67, 33.41, 34.55, 36.51, 39.19, 41.46, 42.42]
time: [5.67, 7.24, 9.95, 1000, 1000, 1000, 1000, 1000, 1000, 1000, 1000, 1000, 1000, 1000]
current_hyper_parameter
v: [28.53, 12.0, 34.62, 30.39, 19.99, 33.08, 25.73, 32.06, 26.57, 17.84, 34.91, 15.8, 14.94, 20.81]
a: [154.09, 50.0, 114.87, 140.87, 45.29, 116.97, 54.13, 117.0, 48.4, 127.66, 136.75, 127.31, 84.18, 116.69]
d: [3.5, 3.5, 5.41, 4.23, 4.69, 4.92, 3.5, 4.31, 6.07, 4.5, 3.5, 6.24, 6.27, 2.0]
BEST_hyper_parameter
v: [28.53, 12.0, 34.62, 30.39, 20.48, 29.82, 30.6, 29.28, 30.74, 19.99, 14.23, 18.14, 14.94, 16.8]
a: [154.09, 50.0, 114.87, 140.87, 96.46, 147.44, 102.6, 119.86, 48.4, 127.66, 133.81, 65.32, 84.18, 116.69]
d: [3.5, 3.5, 5.41, 4.23, 4.69, 5.1, 3.5, 5.06, 6.07, 4.5, 3.5, 3.5, 6.27, 2.0]

iteration: 82
best: [5.77, 7.44, 9.34, 11.86, 15.58, 18.03, 28.99, 31.67, 33.41, 34.55, 36.51, 39.19, 41.46, 42.42]
time: [5.67, 7.24, 9.94, 12.26, 18.02, 1000, 1000, 1000, 1000, 1000, 1000, 1000, 1000, 1000]
current_hyper_parameter
v: [28.53, 12.0, 34.62, 20.39, 17.83, 15.07, 27.1, 16.99, 27.77, 13.43, 9.53, 10.04, 14.94, 16.8]
a: [154.09, 50.0, 114.87, 127.03, 116.01, 121.76, 89.34, 154.72, 48.4, 144.34, 133.81, 51.59, 84.18, 116.69]
d: [3.5, 3.5, 5.41, 4.23, 4.94, 5.1, 3.5, 4.54, 6.07, 4.5, 3.75, 3.5, 6.27, 2.0]
BEST_hyper_parameter
v: [28.53, 12.0, 34.62, 30.39, 20.48, 29.82, 30.6, 29.28, 30.74, 19.99, 14.23, 18.14, 14.94, 16.8]
a: [154.09, 50.0, 114.87, 140.87, 96.46, 147.44, 102.6, 119.86, 48.4, 127.66, 133.81, 65.32, 84.18, 116.69]
d: [3.5, 3.5, 5.41, 4.23, 4.69, 5.1, 3.5, 5.06, 6.07, 4.5, 3.5, 3.5, 6.27, 2.0]

iteration: 83
best: [5.77, 7.44, 9.34, 11.86, 15.58, 18.03, 28.99, 31.67, 33.41, 34.55, 36.51, 39.19, 41.46, 42.42]
time: [5.66, 7.23, 9.95, 15.18, 24.49, 48.06, 1000, 1000, 1000, 1000, 1000, 1000, 1000, 1000]
current_hyper_parameter
v: [28.53, 12.0, 34.62, 30.39, 26.64, 29.82, 15.79, 31.25, 24.36, 25.64, 24.42, 11.32, 22.47, 19.14]
a: [154.09, 50.0, 114.87, 140.87, 96.46, 147.44, 102.6, 119.86, 109.83, 36.31, 110.75, 65.32, 84.18, 82.32]
d: [3.5, 3.5, 5.41, 4.23, 4.69, 5.1, 3.5, 3.58, 6.07, 5.37, 3.5, 3.5, 4.77, 2.0]
BEST_hyper_parameter
v: [28.53, 12.0, 34.62, 30.39, 20.48, 29.82, 30.6, 29.28, 30.74, 19.99, 14.23, 18.14, 14.94, 16.8]
a: [154.09, 50.0, 114.87, 140.87, 96.46, 147.44, 102.6, 119.86, 48.4, 127.66, 133.81, 65.32, 84.18, 116.69]
d: [3.5, 3.5, 5.41, 4.23, 4.69, 5.1, 3.5, 5.06, 6.07, 4.5, 3.5, 3.5, 6.27, 2.0]

iteration: 84
best: [5.77, 7.44, 9.34, 11.86, 15.58, 18.03, 28.99, 31.67, 33.41, 34.55, 36.51, 39.19, 41.46, 42.42]
time: [5.7, 7.23, 9.96, 15.09, 34.54, 37.66, 1000, 1000, 1000, 1000, 1000, 1000, 1000, 1000]
current_hyper_parameter
v: [28.53, 12.0, 34.62, 28.29, 34.34, 31.93, 27.07, 14.12, 30.74, 30.77, 20.1, 18.14, 14.94, 16.8]
a: [154.09, 50.0, 114.87, 140.87, 96.46, 159.81, 102.6, 119.86, 48.4, 127.66, 88.99, 65.32, 84.18, 116.69]
d: [3.5, 3.5, 5.41, 4.23, 3.54, 6.02, 3.5, 5.06, 6.07, 4.5, 3.5, 3.5, 6.27, 2.0]
BEST_hyper_parameter
v: [28.53, 12.0, 34.62, 30.39, 20.48, 29.82, 30.6, 29.28, 30.74, 19.99, 14.23, 18.14, 14.94, 16.8]
a: [154.09, 50.0, 114.87, 140.87, 96.46, 147.44, 102.6, 119.86, 48.4, 127.66, 133.81, 65.32, 84.18, 116.69]
d: [3.5, 3.5, 5.41, 4.23, 4.69, 5.1, 3.5, 5.06, 6.07, 4.5, 3.5, 3.5, 6.27, 2.0]

iteration: 85
best: [5.77, 7.44, 9.34, 11.86, 15.58, 18.03, 28.99, 31.67, 33.41, 34.55, 36.51, 39.19, 41.46, 42.42]
time: [5.66, 7.18, 9.92, 12.24, 15.46, 20.88, 29.88, 32.76, 1000, 1000, 1000, 1000, 1000, 1000]
current_hyper_parameter
v: [28.53, 12.0, 34.62, 27.84, 18.91, 29.82, 30.6, 29.28, 28.38, 19.99, 16.25, 14.99, 13.82, 27.67]
a: [154.09, 50.0, 114.87, 97.12, 54.49, 147.44, 102.6, 119.86, 48.4, 127.66, 54.08, 71.94, 68.61, 116.69]
d: [3.5, 3.5, 5.41, 4.23, 4.11, 5.1, 3.5, 5.06, 6.07, 4.5, 3.5, 5.44, 6.27, 2.0]
BEST_hyper_parameter
v: [28.53, 12.0, 34.62, 30.39, 20.48, 29.82, 30.6, 29.28, 30.74, 19.99, 14.23, 18.14, 14.94, 16.8]
a: [154.09, 50.0, 114.87, 140.87, 96.46, 147.44, 102.6, 119.86, 48.4, 127.66, 133.81, 65.32, 84.18, 116.69]
d: [3.5, 3.5, 5.41, 4.23, 4.69, 5.1, 3.5, 5.06, 6.07, 4.5, 3.5, 3.5, 6.27, 2.0]

iteration: 86
best: [5.77, 7.44, 9.34, 11.86, 15.58, 18.03, 28.99, 31.67, 33.41, 34.55, 36.51, 39.19, 41.46, 42.42]
time: [5.7, 7.25, 9.96, 15.97, 35.18, 38.81, 1000, 1000, 1000, 1000, 1000, 1000, 1000, 1000]
current_hyper_parameter
v: [28.53, 12.0, 34.62, 30.39, 20.48, 16.77, 15.29, 27.18, 30.74, 19.99, 26.65, 32.97, 14.94, 24.88]
a: [154.09, 50.0, 114.87, 140.87, 96.46, 147.44, 104.0, 112.98, 48.4, 127.66, 131.55, 65.32, 84.18, 103.91]
d: [3.5, 3.5, 5.41, 4.23, 4.69, 5.1, 3.5, 4.01, 6.07, 4.5, 4.63, 3.5, 6.27, 2.0]
BEST_hyper_parameter
v: [28.53, 12.0, 34.62, 30.39, 20.48, 29.82, 30.6, 29.28, 30.74, 19.99, 14.23, 18.14, 14.94, 16.8]
a: [154.09, 50.0, 114.87, 140.87, 96.46, 147.44, 102.6, 119.86, 48.4, 127.66, 133.81, 65.32, 84.18, 116.69]
d: [3.5, 3.5, 5.41, 4.23, 4.69, 5.1, 3.5, 5.06, 6.07, 4.5, 3.5, 3.5, 6.27, 2.0]

iteration: 87
best: [5.77, 7.44, 9.34, 11.86, 15.58, 18.03, 28.99, 31.67, 33.41, 34.55, 36.51, 39.19, 41.46, 42.42]
time: [5.68, 7.25, 9.98, 12.36, 19.4, 22.25, 32.41, 34.85, 43.37, 1000, 1000, 1000, 1000, 1000]
current_hyper_parameter
v: [28.53, 12.0, 34.62, 18.98, 22.72, 30.79, 30.04, 29.28, 8.72, 19.99, 17.41, 8.95, 33.58, 34.79]
a: [154.09, 50.0, 114.87, 121.11, 34.24, 129.4, 81.14, 119.86, 84.03, 127.66, 54.3, 113.11, 118.88, 106.89]
d: [3.5, 3.5, 5.41, 4.23, 4.69, 5.84, 3.78, 5.06, 5.84, 4.5, 3.5, 3.6, 6.27, 2.0]
BEST_hyper_parameter
v: [28.53, 12.0, 34.62, 30.39, 20.48, 29.82, 30.6, 29.28, 30.74, 19.99, 14.23, 18.14, 14.94, 16.8]
a: [154.09, 50.0, 114.87, 140.87, 96.46, 147.44, 102.6, 119.86, 48.4, 127.66, 133.81, 65.32, 84.18, 116.69]
d: [3.5, 3.5, 5.41, 4.23, 4.69, 5.1, 3.5, 5.06, 6.07, 4.5, 3.5, 3.5, 6.27, 2.0]
mutation at idx = 0
mutation at idx = 2

iteration: 88
best: [5.77, 7.44, 9.34, 11.86, 15.58, 18.03, 28.99, 31.67, 33.41, 34.55, 36.51, 39.19, 41.46, 42.42]
time: [5.89, 7.75, 11.64, 16.99, 19.46, 23.84, 36.58, 39.36, 1000, 1000, 1000, 1000, 1000, 1000]
current_hyper_parameter
v: [13.78, 12.0, 13.1, 30.39, 20.48, 10.2, 20.18, 23.79, 30.74, 14.17, 18.59, 17.56, 14.94, 16.8]
a: [156.41, 50.0, 73.59, 140.87, 96.46, 147.44, 99.64, 101.36, 48.4, 74.65, 133.81, 42.6, 84.18, 116.69]
d: [3.5, 3.5, 5.41, 4.23, 4.69, 4.87, 4.01, 5.06, 6.07, 4.5, 5.97, 4.34, 6.27, 2.0]
BEST_hyper_parameter
v: [28.53, 12.0, 34.62, 30.39, 20.48, 29.82, 30.6, 29.28, 30.74, 19.99, 14.23, 18.14, 14.94, 16.8]
a: [154.09, 50.0, 114.87, 140.87, 96.46, 147.44, 102.6, 119.86, 48.4, 127.66, 133.81, 65.32, 84.18, 116.69]
d: [3.5, 3.5, 5.41, 4.23, 4.69, 5.1, 3.5, 5.06, 6.07, 4.5, 3.5, 3.5, 6.27, 2.0]

iteration: 89
best: [5.77, 7.44, 9.34, 11.86, 15.58, 18.03, 28.99, 31.67, 33.41, 34.55, 36.51, 39.19, 41.46, 42.42]
time: [5.69, 7.25, 9.95, 15.8, 22.75, 26.65, 36.28, 39.21, 40.44, 42.25, 1000, 1000, 1000, 1000]
current_hyper_parameter
v: [28.53, 12.0, 34.62, 13.25, 20.48, 26.86, 30.46, 29.38, 33.05, 19.73, 26.04, 8.96, 17.92, 16.8]
a: [154.09, 50.0, 114.87, 143.31, 96.46, 64.65, 102.6, 104.09, 115.64, 20.78, 141.35, 134.64, 84.18, 116.69]
d: [3.5, 3.5, 5.41, 4.23, 4.69, 4.86, 3.5, 5.06, 4.12, 4.69, 4.67, 5.16, 6.27, 2.0]
BEST_hyper_parameter
v: [28.53, 12.0, 34.62, 30.39, 20.48, 29.82, 30.6, 29.28, 30.74, 19.99, 14.23, 18.14, 14.94, 16.8]
a: [154.09, 50.0, 114.87, 140.87, 96.46, 147.44, 102.6, 119.86, 48.4, 127.66, 133.81, 65.32, 84.18, 116.69]
d: [3.5, 3.5, 5.41, 4.23, 4.69, 5.1, 3.5, 5.06, 6.07, 4.5, 3.5, 3.5, 6.27, 2.0]

iteration: 90
best: [5.77, 7.44, 9.34, 11.86, 15.58, 18.03, 28.99, 31.67, 33.41, 34.55, 36.51, 39.19, 41.46, 42.42]
time: [5.71, 7.42, 10.1, 15.86, 23.24, 27.97, 38.09, 42.52, 43.85, 1000, 1000, 1000, 1000, 1000]
current_hyper_parameter
v: [28.53, 12.0, 34.62, 10.87, 17.61, 18.27, 33.99, 9.29, 24.56, 19.99, 23.45, 28.38, 25.27, 34.53]
a: [154.09, 50.0, 114.87, 131.39, 28.99, 26.1, 102.6, 119.86, 116.69, 127.66, 52.56, 155.15, 84.18, 78.77]
d: [3.5, 3.5, 5.41, 4.23, 4.69, 5.1, 3.5, 5.06, 4.74, 4.5, 3.5, 3.5, 5.9, 2.0]
BEST_hyper_parameter
v: [28.53, 12.0, 34.62, 30.39, 20.48, 29.82, 30.6, 29.28, 30.74, 19.99, 14.23, 18.14, 14.94, 16.8]
a: [154.09, 50.0, 114.87, 140.87, 96.46, 147.44, 102.6, 119.86, 48.4, 127.66, 133.81, 65.32, 84.18, 116.69]
d: [3.5, 3.5, 5.41, 4.23, 4.69, 5.1, 3.5, 5.06, 6.07, 4.5, 3.5, 3.5, 6.27, 2.0]
mutation at idx = 2

iteration: 91
best: [5.77, 7.44, 9.34, 11.86, 15.58, 18.03, 28.99, 31.67, 33.41, 34.55, 36.51, 39.19, 41.46, 42.42]
time: [5.69, 7.29, 10.58, 13.96, 1000, 1000, 1000, 1000, 1000, 1000, 1000, 1000, 1000, 1000]
current_hyper_parameter
v: [28.53, 12.0, 16.96, 16.57, 34.88, 29.82, 20.65, 21.75, 29.58, 13.72, 14.71, 30.94, 28.51, 22.26]
a: [154.09, 50.0, 114.87, 40.77, 44.94, 147.44, 102.6, 119.86, 48.4, 109.8, 95.72, 65.32, 144.13, 89.13]
d: [3.5, 3.5, 5.41, 4.23, 4.69, 5.1, 4.74, 5.56, 6.07, 5.82, 4.52, 5.08, 5.64, 2.0]
BEST_hyper_parameter
v: [28.53, 12.0, 34.62, 30.39, 20.48, 29.82, 30.6, 29.28, 30.74, 19.99, 14.23, 18.14, 14.94, 16.8]
a: [154.09, 50.0, 114.87, 140.87, 96.46, 147.44, 102.6, 119.86, 48.4, 127.66, 133.81, 65.32, 84.18, 116.69]
d: [3.5, 3.5, 5.41, 4.23, 4.69, 5.1, 3.5, 5.06, 6.07, 4.5, 3.5, 3.5, 6.27, 2.0]

iteration: 92
best: [5.77, 7.44, 9.34, 11.86, 15.58, 18.03, 28.99, 31.67, 33.41, 34.55, 36.51, 39.19, 41.46, 42.42]
time: [5.67, 7.18, 9.93, 1000, 1000, 1000, 1000, 1000, 1000, 1000, 1000, 1000, 1000, 1000]
current_hyper_parameter
v: [28.53, 12.0, 34.62, 12.16, 19.58, 31.14, 30.6, 34.6, 32.32, 16.8, 9.09, 30.15, 33.8, 32.26]
a: [154.09, 50.0, 114.87, 140.87, 31.69, 106.68, 102.6, 107.74, 22.67, 127.66, 36.61, 133.97, 84.38, 116.69]
d: [3.5, 3.5, 5.41, 4.23, 4.69, 5.1, 3.5, 5.06, 6.07, 4.5, 3.5, 3.5, 6.27, 2.0]
BEST_hyper_parameter
v: [28.53, 12.0, 34.62, 30.39, 20.48, 29.82, 30.6, 29.28, 30.74, 19.99, 14.23, 18.14, 14.94, 16.8]
a: [154.09, 50.0, 114.87, 140.87, 96.46, 147.44, 102.6, 119.86, 48.4, 127.66, 133.81, 65.32, 84.18, 116.69]
d: [3.5, 3.5, 5.41, 4.23, 4.69, 5.1, 3.5, 5.06, 6.07, 4.5, 3.5, 3.5, 6.27, 2.0]

iteration: 93
best: [5.77, 7.44, 9.34, 11.86, 15.58, 18.03, 28.99, 31.67, 33.41, 34.55, 36.51, 39.19, 41.46, 42.42]
time: [5.69, 7.28, 9.96, 12.38, 15.0, 18.27, 30.34, 33.89, 35.39, 37.35, 38.49, 40.9, 42.41, 1000]
current_hyper_parameter
v: [28.53, 12.0, 34.62, 24.57, 20.48, 29.82, 30.6, 24.2, 29.62, 29.32, 14.23, 18.14, 27.53, 26.45]
a: [154.09, 50.0, 114.87, 83.05, 96.46, 147.44, 102.6, 84.11, 68.88, 73.51, 133.81, 65.32, 152.54, 107.9]
d: [3.5, 3.5, 5.41, 4.23, 4.69, 5.1, 3.5, 6.3, 5.38, 6.18, 3.5, 3.5, 3.78, 2.0]
BEST_hyper_parameter
v: [28.53, 12.0, 34.62, 30.39, 20.48, 29.82, 30.6, 29.28, 30.74, 19.99, 14.23, 18.14, 14.94, 16.8]
a: [154.09, 50.0, 114.87, 140.87, 96.46, 147.44, 102.6, 119.86, 48.4, 127.66, 133.81, 65.32, 84.18, 116.69]
d: [3.5, 3.5, 5.41, 4.23, 4.69, 5.1, 3.5, 5.06, 6.07, 4.5, 3.5, 3.5, 6.27, 2.0]
mutation at idx = 0
mutation at idx = 1

iteration: 94
best: [5.77, 7.44, 9.34, 11.86, 15.58, 18.03, 28.99, 31.67, 33.41, 34.55, 36.51, 39.19, 41.46, 42.42]
time: [7.69, 10.17, 12.83, 1000, 1000, 1000, 1000, 1000, 1000, 1000, 1000, 1000, 1000, 1000]
current_hyper_parameter
v: [18.9, 20.89, 34.62, 30.39, 20.48, 29.82, 15.03, 29.28, 27.51, 20.44, 14.23, 31.05, 14.94, 8.6]
a: [25.71, 50.0, 114.87, 140.87, 96.46, 147.44, 102.6, 119.86, 48.4, 127.66, 133.81, 141.41, 84.18, 150.79]
d: [3.5, 4.68, 5.41, 4.23, 4.69, 5.1, 4.05, 5.06, 3.96, 4.29, 3.5, 3.6, 6.27, 2.0]
BEST_hyper_parameter
v: [28.53, 12.0, 34.62, 30.39, 20.48, 29.82, 30.6, 29.28, 30.74, 19.99, 14.23, 18.14, 14.94, 16.8]
a: [154.09, 50.0, 114.87, 140.87, 96.46, 147.44, 102.6, 119.86, 48.4, 127.66, 133.81, 65.32, 84.18, 116.69]
d: [3.5, 3.5, 5.41, 4.23, 4.69, 5.1, 3.5, 5.06, 6.07, 4.5, 3.5, 3.5, 6.27, 2.0]

iteration: 95
best: [5.77, 7.44, 9.34, 11.86, 15.58, 18.03, 28.99, 31.67, 33.41, 34.55, 36.51, 39.19, 41.46, 42.42]
time: [6.22, 8.39, 12.76, 16.28, 1000, 1000, 1000, 1000, 1000, 1000, 1000, 1000, 1000, 1000]
current_hyper_parameter
v: [12.23, 12.0, 9.61, 17.8, 27.06, 16.4, 15.8, 10.56, 13.81, 19.99, 32.64, 34.68, 19.2, 22.14]
a: [103.93, 50.0, 129.13, 49.96, 27.01, 85.37, 20.39, 120.2, 150.43, 127.66, 27.91, 65.32, 23.92, 116.69]
d: [3.5, 3.5, 5.41, 4.23, 4.69, 5.1, 5.19, 5.06, 5.99, 4.5, 3.5, 6.44, 5.6, 2.0]
BEST_hyper_parameter
v: [28.53, 12.0, 34.62, 30.39, 20.48, 29.82, 30.6, 29.28, 30.74, 19.99, 14.23, 18.14, 14.94, 16.8]
a: [154.09, 50.0, 114.87, 140.87, 96.46, 147.44, 102.6, 119.86, 48.4, 127.66, 133.81, 65.32, 84.18, 116.69]
d: [3.5, 3.5, 5.41, 4.23, 4.69, 5.1, 3.5, 5.06, 6.07, 4.5, 3.5, 3.5, 6.27, 2.0]
mutation at idx = 1

iteration: 96
best: [5.77, 7.44, 9.34, 11.86, 15.58, 18.03, 28.99, 31.67, 33.41, 34.55, 36.51, 39.19, 41.46, 42.42]
time: [5.68, 1000, 1000, 1000, 1000, 1000, 1000, 1000, 1000, 1000, 1000, 1000, 1000, 1000]
current_hyper_parameter
v: [28.53, 16.33, 34.62, 30.39, 10.78, 31.5, 30.6, 29.28, 18.3, 20.01, 10.5, 18.14, 14.94, 16.8]
a: [154.09, 20.61, 114.87, 140.87, 157.39, 23.79, 102.6, 119.86, 153.19, 127.66, 108.9, 65.32, 84.18, 116.69]
d: [3.5, 3.5, 5.41, 4.23, 4.69, 6.03, 3.5, 5.06, 6.07, 4.5, 5.0, 3.5, 6.27, 2.0]
BEST_hyper_parameter
v: [28.53, 12.0, 34.62, 30.39, 20.48, 29.82, 30.6, 29.28, 30.74, 19.99, 14.23, 18.14, 14.94, 16.8]
a: [154.09, 50.0, 114.87, 140.87, 96.46, 147.44, 102.6, 119.86, 48.4, 127.66, 133.81, 65.32, 84.18, 116.69]
d: [3.5, 3.5, 5.41, 4.23, 4.69, 5.1, 3.5, 5.06, 6.07, 4.5, 3.5, 3.5, 6.27, 2.0]
mutation at idx = 0

iteration: 97
best: [5.77, 7.44, 9.34, 11.86, 15.58, 18.03, 28.99, 31.67, 33.41, 34.55, 36.51, 39.19, 41.46, 42.42]
time: [5.96, 8.01, 11.8, 17.04, 19.45, 22.77, 30.9, 33.51, 34.69, 36.13, 1000, 1000, 1000, 1000]
current_hyper_parameter
v: [21.89, 12.0, 20.58, 30.39, 23.61, 29.82, 32.1, 29.28, 19.29, 21.28, 34.55, 18.14, 9.24, 16.7]
a: [88.18, 50.0, 55.72, 140.87, 96.46, 147.44, 102.6, 119.86, 124.19, 132.26, 139.49, 65.32, 76.52, 114.3]
d: [5.78, 3.5, 5.41, 4.23, 4.24, 5.1, 3.5, 5.06, 6.07, 4.5, 3.71, 3.5, 4.59, 2.0]
BEST_hyper_parameter
v: [28.53, 12.0, 34.62, 30.39, 20.48, 29.82, 30.6, 29.28, 30.74, 19.99, 14.23, 18.14, 14.94, 16.8]
a: [154.09, 50.0, 114.87, 140.87, 96.46, 147.44, 102.6, 119.86, 48.4, 127.66, 133.81, 65.32, 84.18, 116.69]
d: [3.5, 3.5, 5.41, 4.23, 4.69, 5.1, 3.5, 5.06, 6.07, 4.5, 3.5, 3.5, 6.27, 2.0]
mutation at idx = 1

iteration: 98
best: [5.77, 7.44, 9.34, 11.86, 15.58, 18.03, 28.99, 31.67, 33.41, 34.55, 36.51, 39.19, 41.46, 42.42]
time: [5.67, 7.21, 10.43, 13.25, 15.77, 21.3, 39.33, 41.95, 46.77, 1000, 1000, 1000, 1000, 1000]
current_hyper_parameter
v: [28.53, 9.83, 26.88, 26.87, 25.18, 26.84, 16.85, 29.28, 21.7, 19.99, 21.51, 15.49, 14.94, 16.54]
a: [154.09, 57.36, 75.73, 49.34, 135.65, 37.32, 33.73, 119.86, 86.99, 127.66, 73.61, 79.91, 84.18, 116.69]
d: [3.5, 3.5, 5.71, 4.23, 3.95, 5.1, 5.74, 5.06, 6.07, 4.5, 3.5, 4.16, 6.27, 2.0]
BEST_hyper_parameter
v: [28.53, 12.0, 34.62, 30.39, 20.48, 29.82, 30.6, 29.28, 30.74, 19.99, 14.23, 18.14, 14.94, 16.8]
a: [154.09, 50.0, 114.87, 140.87, 96.46, 147.44, 102.6, 119.86, 48.4, 127.66, 133.81, 65.32, 84.18, 116.69]
d: [3.5, 3.5, 5.41, 4.23, 4.69, 5.1, 3.5, 5.06, 6.07, 4.5, 3.5, 3.5, 6.27, 2.0]

iteration: 99
best: [5.77, 7.44, 9.34, 11.86, 15.58, 18.03, 28.99, 31.67, 33.41, 34.55, 36.51, 39.19, 41.46, 42.42]
time: [5.7, 7.26, 10.35, 12.94, 18.28, 21.28, 30.32, 33.0, 41.88, 1000, 1000, 1000, 1000, 1000]
current_hyper_parameter
v: [28.53, 12.0, 32.84, 14.96, 30.24, 29.82, 27.37, 19.31, 25.38, 21.19, 24.42, 18.14, 14.94, 22.88]
a: [154.09, 50.0, 79.5, 140.87, 104.47, 147.44, 102.6, 119.86, 48.4, 120.36, 145.42, 65.32, 84.18, 116.69]
d: [3.5, 3.5, 4.53, 5.4, 5.37, 5.1, 3.5, 5.06, 6.07, 4.5, 3.66, 3.5, 6.27, 2.0]
BEST_hyper_parameter
v: [28.53, 12.0, 34.62, 30.39, 20.48, 29.82, 30.6, 29.28, 30.74, 19.99, 14.23, 18.14, 14.94, 16.8]
a: [154.09, 50.0, 114.87, 140.87, 96.46, 147.44, 102.6, 119.86, 48.4, 127.66, 133.81, 65.32, 84.18, 116.69]
d: [3.5, 3.5, 5.41, 4.23, 4.69, 5.1, 3.5, 5.06, 6.07, 4.5, 3.5, 3.5, 6.27, 2.0]

iteration: 100
best: [5.77, 7.44, 9.34, 11.86, 15.58, 18.03, 28.99, 31.67, 33.41, 34.55, 36.51, 39.19, 41.46, 42.42]
time: [5.69, 7.25, 9.95, 12.8, 1000, 1000, 1000, 1000, 1000, 1000, 1000, 1000, 1000, 1000]
current_hyper_parameter
v: [28.53, 12.0, 34.62, 11.42, 24.6, 29.82, 20.6, 25.7, 30.74, 27.04, 8.53, 9.2, 17.47, 31.55]
a: [154.09, 50.0, 114.87, 103.75, 116.99, 147.44, 65.09, 119.86, 48.4, 127.66, 133.81, 102.41, 151.8, 100.39]
d: [3.5, 3.5, 5.41, 4.66, 4.69, 5.1, 4.25, 4.61, 6.07, 4.5, 4.18, 6.43, 6.27, 2.0]
BEST_hyper_parameter
v: [28.53, 12.0, 34.62, 30.39, 20.48, 29.82, 30.6, 29.28, 30.74, 19.99, 14.23, 18.14, 14.94, 16.8]
a: [154.09, 50.0, 114.87, 140.87, 96.46, 147.44, 102.6, 119.86, 48.4, 127.66, 133.81, 65.32, 84.18, 116.69]
d: [3.5, 3.5, 5.41, 4.23, 4.69, 5.1, 3.5, 5.06, 6.07, 4.5, 3.5, 3.5, 6.27, 2.0]
mutation at idx = 0
mutation at idx = 3

iteration: 101
best: [5.77, 7.44, 9.34, 11.86, 15.58, 18.03, 28.99, 31.67, 33.41, 34.55, 36.51, 39.19, 41.46, 42.42]
time: [6.91, 9.47, 12.29, 14.82, 22.24, 25.84, 35.91, 38.44, 39.73, 41.36, 45.97, 1000, 1000, 1000]
current_hyper_parameter
v: [16.02, 12.0, 34.62, 26.42, 9.19, 26.27, 26.91, 29.28, 30.74, 25.79, 34.12, 31.68, 19.51, 17.11]
a: [38.43, 50.0, 114.87, 42.0, 96.46, 147.44, 102.6, 119.86, 48.4, 95.35, 90.02, 36.79, 109.27, 53.59]
d: [3.5, 3.5, 5.41, 4.23, 4.69, 5.1, 3.5, 5.06, 6.07, 4.68, 4.22, 5.91, 6.27, 2.0]
BEST_hyper_parameter
v: [28.53, 12.0, 34.62, 30.39, 20.48, 29.82, 30.6, 29.28, 30.74, 19.99, 14.23, 18.14, 14.94, 16.8]
a: [154.09, 50.0, 114.87, 140.87, 96.46, 147.44, 102.6, 119.86, 48.4, 127.66, 133.81, 65.32, 84.18, 116.69]
d: [3.5, 3.5, 5.41, 4.23, 4.69, 5.1, 3.5, 5.06, 6.07, 4.5, 3.5, 3.5, 6.27, 2.0]

iteration: 102
best: [5.77, 7.44, 9.34, 11.86, 15.58, 18.03, 28.99, 31.67, 33.41, 34.55, 36.51, 39.19, 41.46, 42.42]
time: [5.88, 7.62, 10.22, 12.79, 24.06, 1000, 1000, 1000, 1000, 1000, 1000, 1000, 1000, 1000]
current_hyper_parameter
v: [16.57, 12.0, 34.62, 33.57, 20.48, 29.82, 12.15, 29.28, 17.2, 17.26, 29.33, 18.14, 14.94, 33.11]
a: [154.09, 50.0, 114.87, 56.56, 96.46, 147.44, 102.6, 119.86, 147.66, 113.31, 151.51, 65.32, 84.18, 116.69]
d: [3.5, 3.5, 5.41, 3.7, 4.69, 5.1, 3.5, 5.06, 6.07, 5.59, 3.71, 3.5, 6.27, 2.0]
BEST_hyper_parameter
v: [28.53, 12.0, 34.62, 30.39, 20.48, 29.82, 30.6, 29.28, 30.74, 19.99, 14.23, 18.14, 14.94, 16.8]
a: [154.09, 50.0, 114.87, 140.87, 96.46, 147.44, 102.6, 119.86, 48.4, 127.66, 133.81, 65.32, 84.18, 116.69]
d: [3.5, 3.5, 5.41, 4.23, 4.69, 5.1, 3.5, 5.06, 6.07, 4.5, 3.5, 3.5, 6.27, 2.0]
mutation at idx = 1

iteration: 103
best: [5.77, 7.44, 9.34, 11.86, 15.58, 18.03, 28.99, 31.67, 33.41, 34.55, 36.51, 39.19, 41.46, 42.42]
time: [5.68, 7.01, 9.25, 11.3, 16.9, 31.62, 40.52, 1000, 1000, 1000, 1000, 1000, 1000, 1000]
current_hyper_parameter
v: [28.53, 24.75, 34.62, 30.39, 27.75, 31.78, 30.6, 33.91, 33.07, 29.8, 30.45, 27.96, 30.84, 18.99]
a: [154.09, 151.56, 114.87, 140.87, 96.46, 147.44, 102.6, 42.21, 84.93, 51.93, 97.64, 155.65, 35.13, 46.92]
d: [3.5, 3.5, 5.41, 4.23, 4.69, 5.1, 3.5, 5.06, 6.23, 5.07, 3.5, 3.5, 3.6, 2.0]
BEST_hyper_parameter
v: [28.53, 12.0, 34.62, 30.39, 20.48, 29.82, 30.6, 29.28, 30.74, 19.99, 14.23, 18.14, 14.94, 16.8]
a: [154.09, 50.0, 114.87, 140.87, 96.46, 147.44, 102.6, 119.86, 48.4, 127.66, 133.81, 65.32, 84.18, 116.69]
d: [3.5, 3.5, 5.41, 4.23, 4.69, 5.1, 3.5, 5.06, 6.07, 4.5, 3.5, 3.5, 6.27, 2.0]
mutation at idx = 0

iteration: 104
best: [5.77, 7.44, 9.34, 11.86, 15.58, 18.03, 28.99, 31.67, 33.41, 34.55, 36.51, 39.19, 41.46, 42.42]
time: [5.82, 7.64, 10.23, 1000, 1000, 1000, 1000, 1000, 1000, 1000, 1000, 1000, 1000, 1000]
current_hyper_parameter
v: [20.74, 12.0, 34.62, 30.39, 24.53, 34.27, 21.51, 25.33, 21.3, 19.99, 10.35, 26.56, 10.39, 20.04]
a: [142.62, 50.0, 114.87, 140.87, 54.21, 133.19, 102.95, 119.86, 54.23, 127.66, 133.81, 65.32, 84.18, 116.69]
d: [6.09, 3.5, 5.41, 4.23, 4.69, 5.1, 3.5, 5.0, 6.07, 4.5, 3.5, 3.5, 6.41, 2.0]
BEST_hyper_parameter
v: [28.53, 12.0, 34.62, 30.39, 20.48, 29.82, 30.6, 29.28, 30.74, 19.99, 14.23, 18.14, 14.94, 16.8]
a: [154.09, 50.0, 114.87, 140.87, 96.46, 147.44, 102.6, 119.86, 48.4, 127.66, 133.81, 65.32, 84.18, 116.69]
d: [3.5, 3.5, 5.41, 4.23, 4.69, 5.1, 3.5, 5.06, 6.07, 4.5, 3.5, 3.5, 6.27, 2.0]

iteration: 105
best: [5.77, 7.44, 9.34, 11.86, 15.58, 18.03, 28.99, 31.67, 33.41, 34.55, 36.51, 39.19, 41.46, 42.42]
time: [5.66, 7.23, 9.93, 15.8, 27.13, 1000, 1000, 1000, 1000, 1000, 1000, 1000, 1000, 1000]
current_hyper_parameter
v: [28.53, 12.0, 34.62, 30.39, 16.09, 29.82, 30.6, 10.33, 13.31, 31.2, 10.88, 18.14, 14.94, 18.22]
a: [154.09, 50.0, 114.87, 140.87, 120.35, 147.44, 102.6, 45.84, 48.4, 84.14, 22.28, 65.32, 84.18, 116.69]
d: [3.5, 3.5, 5.41, 4.23, 4.69, 5.1, 3.5, 5.06, 6.07, 6.49, 3.5, 3.5, 6.27, 2.0]
BEST_hyper_parameter
v: [28.53, 12.0, 34.62, 30.39, 20.48, 29.82, 30.6, 29.28, 30.74, 19.99, 14.23, 18.14, 14.94, 16.8]
a: [154.09, 50.0, 114.87, 140.87, 96.46, 147.44, 102.6, 119.86, 48.4, 127.66, 133.81, 65.32, 84.18, 116.69]
d: [3.5, 3.5, 5.41, 4.23, 4.69, 5.1, 3.5, 5.06, 6.07, 4.5, 3.5, 3.5, 6.27, 2.0]

iteration: 106
best: [5.77, 7.44, 9.34, 11.86, 15.58, 18.03, 28.99, 31.67, 33.41, 34.55, 36.51, 39.19, 41.46, 42.42]
time: [5.68, 7.25, 9.94, 16.19, 1000, 1000, 1000, 1000, 1000, 1000, 1000, 1000, 1000, 1000]
current_hyper_parameter
v: [28.53, 12.0, 34.62, 9.84, 8.62, 11.28, 26.9, 33.03, 30.74, 14.54, 11.99, 19.6, 26.07, 10.97]
a: [154.09, 50.0, 114.87, 140.87, 142.6, 127.4, 102.6, 58.45, 48.4, 127.66, 134.23, 65.32, 117.0, 106.85]
d: [3.5, 3.5, 5.41, 5.08, 6.4, 6.44, 3.5, 5.69, 6.07, 4.5, 5.46, 6.25, 4.53, 2.0]
BEST_hyper_parameter
v: [28.53, 12.0, 34.62, 30.39, 20.48, 29.82, 30.6, 29.28, 30.74, 19.99, 14.23, 18.14, 14.94, 16.8]
a: [154.09, 50.0, 114.87, 140.87, 96.46, 147.44, 102.6, 119.86, 48.4, 127.66, 133.81, 65.32, 84.18, 116.69]
d: [3.5, 3.5, 5.41, 4.23, 4.69, 5.1, 3.5, 5.06, 6.07, 4.5, 3.5, 3.5, 6.27, 2.0]

iteration: 107
best: [5.77, 7.44, 9.34, 11.86, 15.58, 18.03, 28.99, 31.67, 33.41, 34.55, 36.51, 39.19, 41.46, 42.42]
time: [5.69, 7.26, 9.97, 13.06, 17.2, 21.77, 32.1, 38.97, 1000, 1000, 1000, 1000, 1000, 1000]
current_hyper_parameter
v: [28.53, 12.0, 34.62, 17.08, 9.82, 24.41, 30.6, 10.9, 33.11, 13.72, 8.99, 19.02, 14.94, 9.5]
a: [154.09, 50.0, 114.87, 31.38, 96.46, 36.59, 102.6, 131.84, 159.06, 127.66, 93.61, 65.32, 84.18, 150.42]
d: [3.5, 3.5, 5.41, 4.23, 4.69, 5.1, 3.5, 5.26, 5.94, 5.26, 3.5, 3.56, 6.27, 2.0]
BEST_hyper_parameter
v: [28.53, 12.0, 34.62, 30.39, 20.48, 29.82, 30.6, 29.28, 30.74, 19.99, 14.23, 18.14, 14.94, 16.8]
a: [154.09, 50.0, 114.87, 140.87, 96.46, 147.44, 102.6, 119.86, 48.4, 127.66, 133.81, 65.32, 84.18, 116.69]
d: [3.5, 3.5, 5.41, 4.23, 4.69, 5.1, 3.5, 5.06, 6.07, 4.5, 3.5, 3.5, 6.27, 2.0]
mutation at idx = 0

iteration: 108
best: [5.77, 7.44, 9.34, 11.86, 15.58, 18.03, 28.99, 31.67, 33.41, 34.55, 36.51, 39.19, 41.46, 42.42]
time: [5.67, 7.24, 9.97, 12.02, 24.19, 37.59, 1000, 1000, 1000, 1000, 1000, 1000, 1000, 1000]
current_hyper_parameter
v: [34.11, 12.0, 34.62, 34.22, 20.48, 24.22, 8.86, 17.76, 26.97, 31.0, 14.23, 13.03, 34.56, 16.8]
a: [154.09, 50.0, 114.87, 140.87, 96.46, 29.87, 102.6, 78.93, 149.18, 74.88, 133.81, 89.81, 121.68, 116.69]
d: [3.5, 3.5, 5.41, 4.23, 4.69, 5.1, 3.5, 5.32, 6.07, 4.95, 3.5, 3.5, 6.27, 2.0]
BEST_hyper_parameter
v: [28.53, 12.0, 34.62, 30.39, 20.48, 29.82, 30.6, 29.28, 30.74, 19.99, 14.23, 18.14, 14.94, 16.8]
a: [154.09, 50.0, 114.87, 140.87, 96.46, 147.44, 102.6, 119.86, 48.4, 127.66, 133.81, 65.32, 84.18, 116.69]
d: [3.5, 3.5, 5.41, 4.23, 4.69, 5.1, 3.5, 5.06, 6.07, 4.5, 3.5, 3.5, 6.27, 2.0]
mutation at idx = 0

iteration: 109
best: [5.77, 7.44, 9.34, 11.86, 15.58, 18.03, 28.99, 31.67, 33.41, 34.55, 36.51, 39.19, 41.46, 42.42]
time: [5.99, 8.04, 10.78, 16.25, 24.07, 26.99, 35.96, 38.52, 39.84, 41.69, 1000, 1000, 1000, 1000]
current_hyper_parameter
v: [23.33, 12.0, 34.62, 30.39, 24.37, 20.88, 32.92, 29.28, 30.74, 15.82, 11.23, 25.38, 26.78, 16.8]
a: [83.28, 50.0, 114.87, 140.87, 149.24, 147.44, 102.6, 119.86, 48.4, 68.28, 64.53, 65.32, 134.9, 116.69]
d: [5.57, 3.5, 5.41, 4.23, 4.69, 5.2, 3.5, 5.06, 6.07, 5.83, 3.5, 6.29, 6.27, 2.0]
BEST_hyper_parameter
v: [28.53, 12.0, 34.62, 30.39, 20.48, 29.82, 30.6, 29.28, 30.74, 19.99, 14.23, 18.14, 14.94, 16.8]
a: [154.09, 50.0, 114.87, 140.87, 96.46, 147.44, 102.6, 119.86, 48.4, 127.66, 133.81, 65.32, 84.18, 116.69]
d: [3.5, 3.5, 5.41, 4.23, 4.69, 5.1, 3.5, 5.06, 6.07, 4.5, 3.5, 3.5, 6.27, 2.0]
