
iteration: 1
best: [1000.0, 1000.0, 1000.0, 1000.0, 1000.0, 1000.0, 1000.0, 1000.0, 1000.0, 1000.0, 1000.0, 1000.0, 1000.0, 1000.0]
time: [6.56, 9.07, 13.55, 17.41, 21.43, 25.57, 46.07, 50.23, 52.43, 55.07, 56.97, 59.9, 62.9, 64.88]
current_hyper_parameter
v: [12.0, 12.0, 12.0, 12.0, 12.0, 12.0, 12.0, 12.0, 12.0, 12.0, 12.0, 12.0, 12.0, 12.0]
a: [50.0, 50.0, 50.0, 50.0, 50.0, 50.0, 50.0, 50.0, 50.0, 50.0, 50.0, 50.0, 50.0, 50.0]
d: [3.5, 3.5, 3.5, 3.5, 3.5, 3.5, 3.5, 3.5, 3.5, 3.5, 3.5, 3.5, 3.5, 2.0]
BEST_hyper_parameter
v: [-1.0, -1.0, -1.0, -1.0, -1.0, -1.0, -1.0, -1.0, -1.0, -1.0, -1.0, -1.0, -1.0, -1.0]
a: [-1.0, -1.0, -1.0, -1.0, -1.0, -1.0, -1.0, -1.0, -1.0, -1.0, -1.0, -1.0, -1.0, -1.0]
d: [-1.0, -1.0, -1.0, -1.0, -1.0, -1.0, -1.0, -1.0, -1.0, -1.0, -1.0, -1.0, -1.0, -1.0]

iteration: 2
best: [1000.0, 1000.0, 1000.0, 1000.0, 1000.0, 1000.0, 1000.0, 1000.0, 1000.0, 1000.0, 1000.0, 1000.0, 1000.0, 64.88]
time: [5.83, 7.27, 9.83, 16.45, 21.18, 24.82, 40.66, 52.34, 56.08, 1000, 1000, 1000, 1000, 1000]
current_hyper_parameter
v: [22.02, 19.6, 20.83, 10.58, 32.08, 30.04, 27.47, 9.43, 32.36, 25.22, 10.63, 24.33, 13.5, 25.65]
a: [134.28, 152.95, 137.97, 26.57, 43.88, 59.58, 21.82, 74.92, 103.02, 22.99, 137.98, 47.44, 40.76, 76.68]
d: [4.64, 5.36, 5.67, 4.8, 3.51, 5.09, 5.38, 6.26, 4.91, 4.25, 6.06, 5.42, 3.6, 2.0]
BEST_hyper_parameter
v: [12.0, 12.0, 12.0, 12.0, 12.0, 12.0, 12.0, 12.0, 12.0, 12.0, 12.0, 12.0, 12.0, 12.0]
a: [50.0, 50.0, 50.0, 50.0, 50.0, 50.0, 50.0, 50.0, 50.0, 50.0, 50.0, 50.0, 50.0, 50.0]
d: [3.5, 3.5, 3.5, 3.5, 3.5, 3.5, 3.5, 3.5, 3.5, 3.5, 3.5, 3.5, 3.5, 2.0]

iteration: 3
best: [1000.0, 1000.0, 1000.0, 1000.0, 1000.0, 1000.0, 1000.0, 1000.0, 1000.0, 1000.0, 1000.0, 1000.0, 1000.0, 64.88]
time: [5.88, 7.66, 11.1, 14.48, 1000, 1000, 1000, 1000, 1000, 1000, 1000, 1000, 1000, 1000]
current_hyper_parameter
v: [15.08, 21.41, 15.01, 15.71, 18.82, 11.38, 9.07, 10.22, 21.48, 34.43, 11.61, 22.09, 16.39, 28.4]
a: [145.96, 58.87, 76.8, 47.51, 132.36, 45.72, 112.96, 139.98, 123.08, 39.24, 41.85, 159.48, 56.29, 86.28]
d: [5.48, 6.29, 5.44, 5.91, 4.5, 4.31, 5.01, 5.12, 3.61, 4.44, 4.52, 5.16, 5.59, 2.0]
BEST_hyper_parameter
v: [12.0, 12.0, 12.0, 12.0, 12.0, 12.0, 12.0, 12.0, 12.0, 12.0, 12.0, 12.0, 12.0, 12.0]
a: [50.0, 50.0, 50.0, 50.0, 50.0, 50.0, 50.0, 50.0, 50.0, 50.0, 50.0, 50.0, 50.0, 50.0]
d: [3.5, 3.5, 3.5, 3.5, 3.5, 3.5, 3.5, 3.5, 3.5, 3.5, 3.5, 3.5, 3.5, 2.0]

iteration: 4
best: [1000.0, 1000.0, 1000.0, 1000.0, 1000.0, 1000.0, 1000.0, 1000.0, 1000.0, 1000.0, 1000.0, 1000.0, 1000.0, 64.88]
time: [5.82, 7.29, 9.72, 15.26, 23.91, 26.9, 42.19, 46.21, 47.61, 1000, 1000, 1000, 1000, 1000]
current_hyper_parameter
v: [25.19, 19.47, 28.11, 15.46, 22.4, 30.61, 18.87, 9.31, 26.71, 33.16, 32.3, 34.27, 30.49, 28.55]
a: [111.16, 141.12, 142.01, 153.05, 67.2, 80.04, 28.4, 155.77, 152.77, 23.45, 70.44, 144.56, 110.1, 36.39]
d: [4.84, 4.48, 6.11, 3.52, 5.33, 5.4, 5.74, 4.55, 3.72, 5.75, 4.71, 5.92, 4.47, 2.0]
BEST_hyper_parameter
v: [12.0, 12.0, 12.0, 12.0, 12.0, 12.0, 12.0, 12.0, 12.0, 12.0, 12.0, 12.0, 12.0, 12.0]
a: [50.0, 50.0, 50.0, 50.0, 50.0, 50.0, 50.0, 50.0, 50.0, 50.0, 50.0, 50.0, 50.0, 50.0]
d: [3.5, 3.5, 3.5, 3.5, 3.5, 3.5, 3.5, 3.5, 3.5, 3.5, 3.5, 3.5, 3.5, 2.0]

iteration: 5
best: [1000.0, 1000.0, 1000.0, 1000.0, 1000.0, 1000.0, 1000.0, 1000.0, 1000.0, 1000.0, 1000.0, 1000.0, 1000.0, 64.88]
time: [5.7, 7.03, 9.36, 15.02, 1000, 1000, 1000, 1000, 1000, 1000, 1000, 1000, 1000, 1000]
current_hyper_parameter
v: [34.46, 28.55, 33.14, 31.83, 17.41, 12.02, 24.61, 21.67, 28.74, 9.75, 16.93, 27.49, 22.65, 25.6]
a: [148.72, 100.02, 112.56, 87.81, 73.12, 105.73, 83.42, 124.68, 79.44, 146.57, 111.67, 71.83, 76.32, 150.46]
d: [5.94, 4.09, 3.76, 6.42, 6.21, 5.09, 4.6, 4.37, 6.12, 6.34, 6.43, 5.08, 4.64, 2.0]
BEST_hyper_parameter
v: [12.0, 12.0, 12.0, 12.0, 12.0, 12.0, 12.0, 12.0, 12.0, 12.0, 12.0, 12.0, 12.0, 12.0]
a: [50.0, 50.0, 50.0, 50.0, 50.0, 50.0, 50.0, 50.0, 50.0, 50.0, 50.0, 50.0, 50.0, 50.0]
d: [3.5, 3.5, 3.5, 3.5, 3.5, 3.5, 3.5, 3.5, 3.5, 3.5, 3.5, 3.5, 3.5, 2.0]

iteration: 6
best: [1000.0, 1000.0, 1000.0, 1000.0, 1000.0, 1000.0, 1000.0, 1000.0, 1000.0, 1000.0, 1000.0, 1000.0, 1000.0, 64.88]
time: [5.72, 7.38, 10.8, 16.65, 24.0, 26.33, 40.75, 44.32, 1000, 1000, 1000, 1000, 1000, 1000]
current_hyper_parameter
v: [33.08, 27.23, 15.17, 34.79, 10.11, 31.69, 21.29, 21.93, 20.31, 30.84, 11.76, 20.07, 13.6, 31.45]
a: [122.65, 39.78, 78.84, 124.43, 142.46, 131.84, 20.53, 62.9, 37.86, 21.08, 147.12, 145.61, 127.59, 58.88]
d: [3.74, 5.7, 6.13, 4.42, 5.67, 3.94, 5.74, 4.7, 3.83, 5.8, 4.01, 3.64, 6.48, 2.0]
BEST_hyper_parameter
v: [12.0, 12.0, 12.0, 12.0, 12.0, 12.0, 12.0, 12.0, 12.0, 12.0, 12.0, 12.0, 12.0, 12.0]
a: [50.0, 50.0, 50.0, 50.0, 50.0, 50.0, 50.0, 50.0, 50.0, 50.0, 50.0, 50.0, 50.0, 50.0]
d: [3.5, 3.5, 3.5, 3.5, 3.5, 3.5, 3.5, 3.5, 3.5, 3.5, 3.5, 3.5, 3.5, 2.0]

iteration: 7
best: [1000.0, 1000.0, 1000.0, 1000.0, 1000.0, 1000.0, 1000.0, 1000.0, 1000.0, 1000.0, 1000.0, 1000.0, 1000.0, 64.88]
time: [5.97, 7.95, 11.43, 14.72, 22.18, 24.84, 45.18, 1000, 1000, 1000, 1000, 1000, 1000, 1000]
current_hyper_parameter
v: [25.5, 11.87, 19.57, 17.43, 11.72, 24.23, 12.16, 18.08, 9.94, 24.68, 33.24, 16.54, 14.28, 30.75]
a: [86.07, 69.32, 71.52, 48.92, 42.26, 128.21, 58.2, 21.72, 112.88, 131.84, 113.58, 86.11, 72.79, 65.22]
d: [5.39, 3.97, 3.88, 4.7, 4.21, 4.35, 5.86, 4.07, 4.42, 5.76, 3.94, 4.03, 4.95, 2.0]
BEST_hyper_parameter
v: [12.0, 12.0, 12.0, 12.0, 12.0, 12.0, 12.0, 12.0, 12.0, 12.0, 12.0, 12.0, 12.0, 12.0]
a: [50.0, 50.0, 50.0, 50.0, 50.0, 50.0, 50.0, 50.0, 50.0, 50.0, 50.0, 50.0, 50.0, 50.0]
d: [3.5, 3.5, 3.5, 3.5, 3.5, 3.5, 3.5, 3.5, 3.5, 3.5, 3.5, 3.5, 3.5, 2.0]

iteration: 8
best: [1000.0, 1000.0, 1000.0, 1000.0, 1000.0, 1000.0, 1000.0, 1000.0, 1000.0, 1000.0, 1000.0, 1000.0, 1000.0, 64.88]
time: [6.67, 1000, 1000, 1000, 1000, 1000, 1000, 1000, 1000, 1000, 1000, 1000, 1000, 1000]
current_hyper_parameter
v: [13.49, 14.2, 28.0, 10.06, 27.3, 16.74, 30.85, 25.33, 13.01, 30.08, 19.52, 31.76, 26.15, 25.67]
a: [45.41, 26.43, 74.64, 103.07, 112.69, 150.1, 83.86, 158.0, 90.47, 143.52, 138.26, 99.07, 123.04, 61.7]
d: [5.02, 6.2, 5.86, 5.76, 6.45, 5.27, 4.55, 5.92, 6.29, 4.91, 6.37, 6.0, 3.83, 2.0]
BEST_hyper_parameter
v: [12.0, 12.0, 12.0, 12.0, 12.0, 12.0, 12.0, 12.0, 12.0, 12.0, 12.0, 12.0, 12.0, 12.0]
a: [50.0, 50.0, 50.0, 50.0, 50.0, 50.0, 50.0, 50.0, 50.0, 50.0, 50.0, 50.0, 50.0, 50.0]
d: [3.5, 3.5, 3.5, 3.5, 3.5, 3.5, 3.5, 3.5, 3.5, 3.5, 3.5, 3.5, 3.5, 2.0]

iteration: 9
best: [1000.0, 1000.0, 1000.0, 1000.0, 1000.0, 1000.0, 1000.0, 1000.0, 1000.0, 1000.0, 1000.0, 1000.0, 1000.0, 64.88]
time: [6.69, 8.22, 11.07, 14.13, 19.96, 25.89, 35.75, 1000, 1000, 1000, 1000, 1000, 1000, 1000]
current_hyper_parameter
v: [11.06, 28.82, 19.68, 13.41, 29.54, 14.86, 28.48, 12.93, 15.62, 10.85, 13.47, 34.23, 19.13, 19.72]
a: [45.7, 107.52, 93.81, 88.98, 76.91, 56.97, 144.7, 120.41, 33.6, 72.53, 138.55, 122.5, 42.59, 47.12]
d: [5.14, 3.88, 5.69, 3.94, 4.17, 5.75, 3.89, 6.11, 5.79, 4.44, 3.84, 6.35, 4.12, 2.0]
BEST_hyper_parameter
v: [12.0, 12.0, 12.0, 12.0, 12.0, 12.0, 12.0, 12.0, 12.0, 12.0, 12.0, 12.0, 12.0, 12.0]
a: [50.0, 50.0, 50.0, 50.0, 50.0, 50.0, 50.0, 50.0, 50.0, 50.0, 50.0, 50.0, 50.0, 50.0]
d: [3.5, 3.5, 3.5, 3.5, 3.5, 3.5, 3.5, 3.5, 3.5, 3.5, 3.5, 3.5, 3.5, 2.0]

iteration: 10
best: [1000.0, 1000.0, 1000.0, 1000.0, 1000.0, 1000.0, 1000.0, 1000.0, 1000.0, 1000.0, 1000.0, 1000.0, 1000.0, 64.88]
time: [9.79, 12.53, 15.33, 1000, 1000, 1000, 1000, 1000, 1000, 1000, 1000, 1000, 1000, 1000]
current_hyper_parameter
v: [8.94, 33.17, 21.38, 26.66, 30.69, 26.53, 29.35, 30.3, 31.52, 16.72, 12.7, 9.72, 17.87, 11.66]
a: [64.49, 74.05, 117.29, 89.97, 79.34, 79.19, 52.19, 91.12, 31.62, 130.35, 78.4, 48.69, 134.35, 128.21]
d: [6.5, 4.57, 6.05, 5.86, 3.5, 4.65, 4.35, 5.33, 3.59, 4.65, 5.94, 6.4, 3.81, 2.0]
BEST_hyper_parameter
v: [12.0, 12.0, 12.0, 12.0, 12.0, 12.0, 12.0, 12.0, 12.0, 12.0, 12.0, 12.0, 12.0, 12.0]
a: [50.0, 50.0, 50.0, 50.0, 50.0, 50.0, 50.0, 50.0, 50.0, 50.0, 50.0, 50.0, 50.0, 50.0]
d: [3.5, 3.5, 3.5, 3.5, 3.5, 3.5, 3.5, 3.5, 3.5, 3.5, 3.5, 3.5, 3.5, 2.0]

iteration: 11
best: [1000.0, 1000.0, 1000.0, 1000.0, 1000.0, 1000.0, 1000.0, 1000.0, 1000.0, 1000.0, 1000.0, 1000.0, 1000.0, 64.88]
time: [5.81, 7.65, 11.33, 1000, 1000, 1000, 1000, 1000, 1000, 1000, 1000, 1000, 1000, 1000]
current_hyper_parameter
v: [21.21, 11.2, 23.75, 23.6, 16.22, 17.34, 23.23, 34.17, 18.29, 33.27, 12.38, 20.0, 29.99, 25.41]
a: [137.96, 70.05, 47.21, 88.16, 71.32, 32.84, 29.87, 26.99, 142.0, 104.45, 73.14, 59.82, 112.53, 51.6]
d: [4.3, 4.35, 3.59, 3.74, 5.28, 6.4, 4.58, 3.61, 4.24, 3.72, 6.34, 4.4, 6.33, 2.0]
BEST_hyper_parameter
v: [12.0, 12.0, 12.0, 12.0, 12.0, 12.0, 12.0, 12.0, 12.0, 12.0, 12.0, 12.0, 12.0, 12.0]
a: [50.0, 50.0, 50.0, 50.0, 50.0, 50.0, 50.0, 50.0, 50.0, 50.0, 50.0, 50.0, 50.0, 50.0]
d: [3.5, 3.5, 3.5, 3.5, 3.5, 3.5, 3.5, 3.5, 3.5, 3.5, 3.5, 3.5, 3.5, 2.0]

iteration: 12
best: [1000.0, 1000.0, 1000.0, 1000.0, 1000.0, 1000.0, 1000.0, 1000.0, 1000.0, 1000.0, 1000.0, 1000.0, 1000.0, 64.88]
time: [6.22, 7.86, 11.35, 14.52, 28.36, 46.77, 1000, 1000, 1000, 1000, 1000, 1000, 1000, 1000]
current_hyper_parameter
v: [10.42, 30.93, 15.17, 19.73, 24.93, 27.48, 8.94, 25.1, 19.69, 29.67, 13.82, 22.41, 10.34, 31.06]
a: [128.35, 90.67, 35.68, 61.63, 107.67, 125.94, 77.26, 61.31, 58.44, 89.52, 20.87, 107.67, 125.46, 128.77]
d: [4.3, 5.39, 4.52, 4.48, 5.71, 5.38, 4.18, 4.21, 3.95, 4.18, 5.22, 6.13, 3.55, 2.0]
BEST_hyper_parameter
v: [12.0, 12.0, 12.0, 12.0, 12.0, 12.0, 12.0, 12.0, 12.0, 12.0, 12.0, 12.0, 12.0, 12.0]
a: [50.0, 50.0, 50.0, 50.0, 50.0, 50.0, 50.0, 50.0, 50.0, 50.0, 50.0, 50.0, 50.0, 50.0]
d: [3.5, 3.5, 3.5, 3.5, 3.5, 3.5, 3.5, 3.5, 3.5, 3.5, 3.5, 3.5, 3.5, 2.0]

iteration: 13
best: [1000.0, 1000.0, 1000.0, 1000.0, 1000.0, 1000.0, 1000.0, 1000.0, 1000.0, 1000.0, 1000.0, 1000.0, 1000.0, 64.88]
time: [5.99, 7.7, 11.19, 13.63, 1000, 1000, 1000, 1000, 1000, 1000, 1000, 1000, 1000, 1000]
current_hyper_parameter
v: [16.64, 23.26, 11.0, 32.26, 33.13, 23.01, 14.81, 32.0, 18.92, 15.49, 32.49, 12.16, 21.96, 27.72]
a: [107.57, 69.71, 125.94, 99.1, 32.98, 84.06, 153.06, 143.44, 49.06, 31.8, 48.72, 157.97, 47.21, 135.9]
d: [4.77, 6.31, 4.62, 5.55, 6.36, 3.62, 3.66, 3.51, 3.87, 4.72, 4.88, 6.08, 4.0, 2.0]
BEST_hyper_parameter
v: [12.0, 12.0, 12.0, 12.0, 12.0, 12.0, 12.0, 12.0, 12.0, 12.0, 12.0, 12.0, 12.0, 12.0]
a: [50.0, 50.0, 50.0, 50.0, 50.0, 50.0, 50.0, 50.0, 50.0, 50.0, 50.0, 50.0, 50.0, 50.0]
d: [3.5, 3.5, 3.5, 3.5, 3.5, 3.5, 3.5, 3.5, 3.5, 3.5, 3.5, 3.5, 3.5, 2.0]

iteration: 14
best: [1000.0, 1000.0, 1000.0, 1000.0, 1000.0, 1000.0, 1000.0, 1000.0, 1000.0, 1000.0, 1000.0, 1000.0, 1000.0, 64.88]
time: [6.01, 8.24, 11.23, 13.2, 23.17, 40.02, 54.48, 57.4, 58.7, 60.06, 1000, 1000, 1000, 1000]
current_hyper_parameter
v: [19.14, 16.37, 22.04, 32.25, 24.45, 20.45, 16.06, 15.56, 32.93, 17.75, 33.68, 27.86, 11.22, 26.58]
a: [94.77, 23.56, 109.58, 140.36, 141.2, 142.91, 158.01, 139.07, 110.69, 154.81, 97.02, 110.44, 136.93, 21.37]
d: [5.9, 5.42, 5.71, 4.52, 3.61, 5.53, 3.89, 6.25, 5.83, 5.0, 6.49, 4.4, 6.49, 2.0]
BEST_hyper_parameter
v: [12.0, 12.0, 12.0, 12.0, 12.0, 12.0, 12.0, 12.0, 12.0, 12.0, 12.0, 12.0, 12.0, 12.0]
a: [50.0, 50.0, 50.0, 50.0, 50.0, 50.0, 50.0, 50.0, 50.0, 50.0, 50.0, 50.0, 50.0, 50.0]
d: [3.5, 3.5, 3.5, 3.5, 3.5, 3.5, 3.5, 3.5, 3.5, 3.5, 3.5, 3.5, 3.5, 2.0]

iteration: 15
best: [1000.0, 1000.0, 1000.0, 1000.0, 1000.0, 1000.0, 1000.0, 1000.0, 1000.0, 1000.0, 1000.0, 1000.0, 1000.0, 64.88]
time: [5.94, 7.32, 1000, 1000, 1000, 1000, 1000, 1000, 1000, 1000, 1000, 1000, 1000, 1000]
current_hyper_parameter
v: [17.19, 26.42, 15.85, 28.09, 21.8, 20.99, 18.15, 13.33, 9.12, 24.5, 20.18, 21.91, 32.13, 21.16]
a: [86.67, 150.51, 35.71, 81.71, 86.37, 131.34, 115.94, 84.9, 30.74, 149.08, 81.18, 149.0, 59.92, 132.4]
d: [6.05, 3.69, 5.79, 6.21, 5.37, 4.17, 3.69, 5.87, 5.97, 5.7, 4.03, 6.04, 4.01, 2.0]
BEST_hyper_parameter
v: [12.0, 12.0, 12.0, 12.0, 12.0, 12.0, 12.0, 12.0, 12.0, 12.0, 12.0, 12.0, 12.0, 12.0]
a: [50.0, 50.0, 50.0, 50.0, 50.0, 50.0, 50.0, 50.0, 50.0, 50.0, 50.0, 50.0, 50.0, 50.0]
d: [3.5, 3.5, 3.5, 3.5, 3.5, 3.5, 3.5, 3.5, 3.5, 3.5, 3.5, 3.5, 3.5, 2.0]

iteration: 16
best: [1000.0, 1000.0, 1000.0, 1000.0, 1000.0, 1000.0, 1000.0, 1000.0, 1000.0, 1000.0, 1000.0, 1000.0, 1000.0, 64.88]
time: [5.82, 7.58, 10.46, 13.35, 19.65, 24.37, 39.04, 44.91, 55.22, 57.78, 59.68, 1000, 1000, 1000]
current_hyper_parameter
v: [20.61, 13.7, 18.28, 32.32, 27.85, 25.77, 19.71, 31.42, 15.88, 17.72, 21.19, 23.85, 30.88, 17.16]
a: [137.4, 85.32, 143.8, 54.05, 52.36, 39.67, 95.51, 117.49, 94.28, 115.36, 54.5, 147.12, 45.83, 27.87]
d: [5.11, 4.5, 3.78, 5.01, 6.27, 6.2, 3.68, 5.13, 5.08, 5.64, 3.6, 4.54, 3.88, 2.0]
BEST_hyper_parameter
v: [12.0, 12.0, 12.0, 12.0, 12.0, 12.0, 12.0, 12.0, 12.0, 12.0, 12.0, 12.0, 12.0, 12.0]
a: [50.0, 50.0, 50.0, 50.0, 50.0, 50.0, 50.0, 50.0, 50.0, 50.0, 50.0, 50.0, 50.0, 50.0]
d: [3.5, 3.5, 3.5, 3.5, 3.5, 3.5, 3.5, 3.5, 3.5, 3.5, 3.5, 3.5, 3.5, 2.0]

iteration: 17
best: [1000.0, 1000.0, 1000.0, 1000.0, 1000.0, 1000.0, 1000.0, 1000.0, 1000.0, 1000.0, 1000.0, 1000.0, 1000.0, 64.88]
time: [5.89, 7.43, 1000, 1000, 1000, 1000, 1000, 1000, 1000, 1000, 1000, 1000, 1000, 1000]
current_hyper_parameter
v: [19.42, 21.39, 24.81, 25.04, 24.29, 30.99, 23.75, 34.53, 12.01, 25.77, 18.36, 14.22, 8.86, 26.22]
a: [110.36, 103.77, 22.06, 38.24, 105.46, 140.67, 26.3, 91.81, 88.73, 88.37, 49.53, 152.78, 87.49, 73.26]
d: [4.65, 3.64, 5.37, 5.87, 6.34, 4.88, 5.14, 4.05, 5.51, 3.59, 4.61, 4.66, 3.62, 2.0]
BEST_hyper_parameter
v: [12.0, 12.0, 12.0, 12.0, 12.0, 12.0, 12.0, 12.0, 12.0, 12.0, 12.0, 12.0, 12.0, 12.0]
a: [50.0, 50.0, 50.0, 50.0, 50.0, 50.0, 50.0, 50.0, 50.0, 50.0, 50.0, 50.0, 50.0, 50.0]
d: [3.5, 3.5, 3.5, 3.5, 3.5, 3.5, 3.5, 3.5, 3.5, 3.5, 3.5, 3.5, 3.5, 2.0]

iteration: 18
best: [1000.0, 1000.0, 1000.0, 1000.0, 1000.0, 1000.0, 1000.0, 1000.0, 1000.0, 1000.0, 1000.0, 1000.0, 1000.0, 64.88]
time: [6.12, 7.55, 10.42, 16.41, 25.51, 30.29, 51.53, 54.94, 56.34, 61.05, 63.13, 1000, 1000, 1000]
current_hyper_parameter
v: [28.73, 25.74, 17.42, 16.32, 23.48, 8.63, 10.96, 27.69, 26.26, 11.73, 10.74, 22.05, 21.92, 29.61]
a: [64.75, 137.8, 57.6, 156.53, 29.55, 147.14, 138.84, 53.54, 113.78, 57.25, 149.57, 95.37, 64.02, 100.69]
d: [4.16, 4.49, 3.5, 4.68, 4.5, 4.63, 5.81, 5.4, 5.07, 5.4, 4.11, 5.87, 5.62, 2.0]
BEST_hyper_parameter
v: [12.0, 12.0, 12.0, 12.0, 12.0, 12.0, 12.0, 12.0, 12.0, 12.0, 12.0, 12.0, 12.0, 12.0]
a: [50.0, 50.0, 50.0, 50.0, 50.0, 50.0, 50.0, 50.0, 50.0, 50.0, 50.0, 50.0, 50.0, 50.0]
d: [3.5, 3.5, 3.5, 3.5, 3.5, 3.5, 3.5, 3.5, 3.5, 3.5, 3.5, 3.5, 3.5, 2.0]

iteration: 19
best: [1000.0, 1000.0, 1000.0, 1000.0, 1000.0, 1000.0, 1000.0, 1000.0, 1000.0, 1000.0, 1000.0, 1000.0, 1000.0, 64.88]
time: [6.42, 8.14, 11.13, 14.42, 16.86, 21.63, 32.47, 1000, 1000, 1000, 1000, 1000, 1000, 1000]
current_hyper_parameter
v: [9.55, 21.24, 18.91, 9.4, 25.03, 24.61, 26.23, 18.43, 24.86, 18.95, 32.01, 34.91, 13.41, 33.46]
a: [93.2, 93.85, 84.49, 98.66, 134.04, 46.23, 124.36, 80.4, 132.21, 55.84, 61.85, 101.19, 41.99, 145.62]
d: [5.08, 5.24, 5.33, 5.48, 4.73, 6.36, 5.14, 6.04, 5.05, 4.43, 4.38, 4.04, 5.9, 2.0]
BEST_hyper_parameter
v: [12.0, 12.0, 12.0, 12.0, 12.0, 12.0, 12.0, 12.0, 12.0, 12.0, 12.0, 12.0, 12.0, 12.0]
a: [50.0, 50.0, 50.0, 50.0, 50.0, 50.0, 50.0, 50.0, 50.0, 50.0, 50.0, 50.0, 50.0, 50.0]
d: [3.5, 3.5, 3.5, 3.5, 3.5, 3.5, 3.5, 3.5, 3.5, 3.5, 3.5, 3.5, 3.5, 2.0]

iteration: 20
best: [1000.0, 1000.0, 1000.0, 1000.0, 1000.0, 1000.0, 1000.0, 1000.0, 1000.0, 1000.0, 1000.0, 1000.0, 1000.0, 64.88]
time: [6.43, 7.93, 10.43, 15.93, 1000, 1000, 1000, 1000, 1000, 1000, 1000, 1000, 1000, 1000]
current_hyper_parameter
v: [13.82, 33.34, 26.55, 29.77, 9.85, 18.38, 11.89, 22.81, 22.03, 16.96, 19.78, 27.59, 13.39, 11.38]
a: [57.26, 114.95, 108.44, 83.57, 25.27, 74.28, 23.79, 32.7, 56.51, 97.07, 38.33, 46.27, 34.36, 44.19]
d: [4.31, 4.34, 4.21, 6.2, 5.95, 5.77, 5.22, 4.14, 4.09, 4.15, 4.3, 6.35, 4.29, 2.0]
BEST_hyper_parameter
v: [12.0, 12.0, 12.0, 12.0, 12.0, 12.0, 12.0, 12.0, 12.0, 12.0, 12.0, 12.0, 12.0, 12.0]
a: [50.0, 50.0, 50.0, 50.0, 50.0, 50.0, 50.0, 50.0, 50.0, 50.0, 50.0, 50.0, 50.0, 50.0]
d: [3.5, 3.5, 3.5, 3.5, 3.5, 3.5, 3.5, 3.5, 3.5, 3.5, 3.5, 3.5, 3.5, 2.0]

iteration: 21
best: [1000.0, 1000.0, 1000.0, 1000.0, 1000.0, 1000.0, 1000.0, 1000.0, 1000.0, 1000.0, 1000.0, 1000.0, 1000.0, 64.88]
time: [5.86, 7.55, 11.01, 14.96, 19.49, 26.35, 38.79, 1000, 1000, 1000, 1000, 1000, 1000, 1000]
current_hyper_parameter
v: [25.13, 19.88, 27.59, 8.55, 8.99, 32.23, 28.53, 9.66, 18.13, 24.04, 14.47, 20.81, 22.18, 26.08]
a: [111.04, 65.83, 48.74, 36.31, 47.8, 20.82, 69.79, 42.21, 136.38, 95.64, 144.43, 82.19, 152.82, 22.37]
d: [4.62, 4.26, 5.23, 5.61, 4.68, 5.82, 4.38, 4.72, 6.16, 4.02, 6.19, 5.82, 6.37, 2.0]
BEST_hyper_parameter
v: [12.0, 12.0, 12.0, 12.0, 12.0, 12.0, 12.0, 12.0, 12.0, 12.0, 12.0, 12.0, 12.0, 12.0]
a: [50.0, 50.0, 50.0, 50.0, 50.0, 50.0, 50.0, 50.0, 50.0, 50.0, 50.0, 50.0, 50.0, 50.0]
d: [3.5, 3.5, 3.5, 3.5, 3.5, 3.5, 3.5, 3.5, 3.5, 3.5, 3.5, 3.5, 3.5, 2.0]

iteration: 22
best: [1000.0, 1000.0, 1000.0, 1000.0, 1000.0, 1000.0, 1000.0, 1000.0, 1000.0, 1000.0, 1000.0, 1000.0, 1000.0, 64.88]
time: [6.24, 8.38, 11.29, 13.8, 16.41, 31.0, 1000, 1000, 1000, 1000, 1000, 1000, 1000, 1000]
current_hyper_parameter
v: [19.49, 9.35, 32.1, 15.74, 31.09, 21.27, 27.58, 17.75, 32.43, 34.51, 17.93, 18.28, 29.05, 20.41]
a: [62.04, 106.3, 83.74, 133.11, 82.67, 22.44, 42.19, 94.65, 103.51, 91.54, 147.29, 77.92, 153.62, 50.48]
d: [4.29, 4.51, 5.19, 3.57, 4.7, 4.01, 5.6, 4.01, 5.1, 4.23, 5.5, 5.57, 6.22, 2.0]
BEST_hyper_parameter
v: [12.0, 12.0, 12.0, 12.0, 12.0, 12.0, 12.0, 12.0, 12.0, 12.0, 12.0, 12.0, 12.0, 12.0]
a: [50.0, 50.0, 50.0, 50.0, 50.0, 50.0, 50.0, 50.0, 50.0, 50.0, 50.0, 50.0, 50.0, 50.0]
d: [3.5, 3.5, 3.5, 3.5, 3.5, 3.5, 3.5, 3.5, 3.5, 3.5, 3.5, 3.5, 3.5, 2.0]

iteration: 23
best: [1000.0, 1000.0, 1000.0, 1000.0, 1000.0, 1000.0, 1000.0, 1000.0, 1000.0, 1000.0, 1000.0, 1000.0, 1000.0, 64.88]
time: [5.76, 7.5, 11.79, 17.33, 41.72, 53.66, 65.56, 1000, 1000, 1000, 1000, 1000, 1000, 1000]
current_hyper_parameter
v: [26.28, 22.2, 9.43, 27.85, 17.86, 20.51, 31.78, 33.07, 28.39, 18.35, 12.56, 25.31, 29.26, 13.21]
a: [159.26, 49.2, 38.66, 128.17, 42.03, 90.02, 48.04, 143.69, 53.98, 158.71, 109.91, 26.09, 81.55, 132.32]
d: [4.25, 4.43, 3.8, 5.69, 6.19, 4.32, 4.56, 4.78, 5.54, 5.51, 4.5, 5.22, 3.8, 2.0]
BEST_hyper_parameter
v: [12.0, 12.0, 12.0, 12.0, 12.0, 12.0, 12.0, 12.0, 12.0, 12.0, 12.0, 12.0, 12.0, 12.0]
a: [50.0, 50.0, 50.0, 50.0, 50.0, 50.0, 50.0, 50.0, 50.0, 50.0, 50.0, 50.0, 50.0, 50.0]
d: [3.5, 3.5, 3.5, 3.5, 3.5, 3.5, 3.5, 3.5, 3.5, 3.5, 3.5, 3.5, 3.5, 2.0]

iteration: 24
best: [1000.0, 1000.0, 1000.0, 1000.0, 1000.0, 1000.0, 1000.0, 1000.0, 1000.0, 1000.0, 1000.0, 1000.0, 1000.0, 64.88]
time: [5.77, 7.41, 10.04, 12.24, 19.89, 42.26, 54.72, 57.67, 58.91, 60.56, 62.74, 1000, 1000, 1000]
current_hyper_parameter
v: [33.82, 33.56, 31.47, 28.88, 15.42, 16.95, 27.4, 24.52, 30.26, 14.29, 34.06, 33.17, 16.65, 28.98]
a: [111.33, 55.71, 96.15, 127.07, 23.82, 29.15, 68.84, 120.97, 125.39, 90.25, 57.69, 126.77, 95.99, 39.39]
d: [6.19, 5.15, 5.22, 3.98, 5.64, 5.46, 3.95, 4.29, 4.15, 4.38, 3.79, 5.34, 6.0, 2.0]
BEST_hyper_parameter
v: [12.0, 12.0, 12.0, 12.0, 12.0, 12.0, 12.0, 12.0, 12.0, 12.0, 12.0, 12.0, 12.0, 12.0]
a: [50.0, 50.0, 50.0, 50.0, 50.0, 50.0, 50.0, 50.0, 50.0, 50.0, 50.0, 50.0, 50.0, 50.0]
d: [3.5, 3.5, 3.5, 3.5, 3.5, 3.5, 3.5, 3.5, 3.5, 3.5, 3.5, 3.5, 3.5, 2.0]

iteration: 25
best: [1000.0, 1000.0, 1000.0, 1000.0, 1000.0, 1000.0, 1000.0, 1000.0, 1000.0, 1000.0, 1000.0, 1000.0, 1000.0, 64.88]
time: [6.09, 7.5, 13.71, 19.55, 25.41, 46.8, 65.49, 1000, 1000, 1000, 1000, 1000, 1000, 1000]
current_hyper_parameter
v: [16.29, 25.61, 10.52, 14.54, 13.07, 33.98, 11.08, 29.27, 27.9, 21.67, 24.01, 15.68, 26.96, 22.98]
a: [79.24, 139.66, 72.42, 155.25, 125.91, 69.17, 151.78, 89.23, 145.73, 45.48, 71.73, 49.73, 113.0, 32.28]
d: [5.88, 5.63, 5.8, 4.86, 5.06, 5.55, 4.54, 5.59, 4.98, 4.22, 4.82, 5.8, 3.52, 2.0]
BEST_hyper_parameter
v: [12.0, 12.0, 12.0, 12.0, 12.0, 12.0, 12.0, 12.0, 12.0, 12.0, 12.0, 12.0, 12.0, 12.0]
a: [50.0, 50.0, 50.0, 50.0, 50.0, 50.0, 50.0, 50.0, 50.0, 50.0, 50.0, 50.0, 50.0, 50.0]
d: [3.5, 3.5, 3.5, 3.5, 3.5, 3.5, 3.5, 3.5, 3.5, 3.5, 3.5, 3.5, 3.5, 2.0]

iteration: 26
best: [1000.0, 1000.0, 1000.0, 1000.0, 1000.0, 1000.0, 1000.0, 1000.0, 1000.0, 1000.0, 1000.0, 1000.0, 1000.0, 64.88]
time: [5.74, 7.04, 9.4, 1000, 1000, 1000, 1000, 1000, 1000, 1000, 1000, 1000, 1000, 1000]
current_hyper_parameter
v: [25.52, 23.01, 33.99, 34.13, 20.48, 28.11, 31.8, 27.6, 24.45, 23.79, 10.6, 11.95, 9.77, 16.79]
a: [131.88, 140.18, 101.25, 29.92, 42.96, 65.87, 48.39, 39.32, 42.56, 103.94, 72.47, 81.26, 40.33, 24.36]
d: [5.11, 6.4, 5.15, 5.4, 4.94, 4.18, 5.76, 3.7, 6.3, 3.76, 6.48, 5.15, 5.06, 2.0]
BEST_hyper_parameter
v: [12.0, 12.0, 12.0, 12.0, 12.0, 12.0, 12.0, 12.0, 12.0, 12.0, 12.0, 12.0, 12.0, 12.0]
a: [50.0, 50.0, 50.0, 50.0, 50.0, 50.0, 50.0, 50.0, 50.0, 50.0, 50.0, 50.0, 50.0, 50.0]
d: [3.5, 3.5, 3.5, 3.5, 3.5, 3.5, 3.5, 3.5, 3.5, 3.5, 3.5, 3.5, 3.5, 2.0]

iteration: 27
best: [1000.0, 1000.0, 1000.0, 1000.0, 1000.0, 1000.0, 1000.0, 1000.0, 1000.0, 1000.0, 1000.0, 1000.0, 1000.0, 64.88]
time: [8.04, 1000, 1000, 1000, 1000, 1000, 1000, 1000, 1000, 1000, 1000, 1000, 1000, 1000]
current_hyper_parameter
v: [30.06, 11.1, 26.63, 21.46, 17.26, 15.9, 19.15, 34.59, 27.5, 11.37, 14.22, 30.85, 34.07, 15.96]
a: [27.78, 26.13, 83.79, 55.38, 94.33, 50.49, 135.06, 29.57, 153.32, 113.94, 59.67, 38.79, 82.5, 30.54]
d: [3.93, 5.73, 4.24, 5.25, 4.72, 5.38, 5.01, 4.87, 4.55, 4.18, 4.29, 4.05, 5.65, 2.0]
BEST_hyper_parameter
v: [12.0, 12.0, 12.0, 12.0, 12.0, 12.0, 12.0, 12.0, 12.0, 12.0, 12.0, 12.0, 12.0, 12.0]
a: [50.0, 50.0, 50.0, 50.0, 50.0, 50.0, 50.0, 50.0, 50.0, 50.0, 50.0, 50.0, 50.0, 50.0]
d: [3.5, 3.5, 3.5, 3.5, 3.5, 3.5, 3.5, 3.5, 3.5, 3.5, 3.5, 3.5, 3.5, 2.0]

iteration: 28
best: [1000.0, 1000.0, 1000.0, 1000.0, 1000.0, 1000.0, 1000.0, 1000.0, 1000.0, 1000.0, 1000.0, 1000.0, 1000.0, 64.88]
time: [5.81, 7.56, 11.44, 18.13, 1000, 1000, 1000, 1000, 1000, 1000, 1000, 1000, 1000, 1000]
current_hyper_parameter
v: [22.14, 27.48, 16.82, 17.58, 18.13, 24.28, 20.06, 30.59, 28.93, 29.68, 17.44, 20.19, 21.44, 29.94]
a: [133.39, 49.66, 33.24, 117.58, 20.69, 102.54, 51.31, 83.56, 49.79, 59.22, 42.53, 73.39, 87.7, 68.96]
d: [4.98, 5.96, 5.46, 6.33, 5.96, 4.35, 5.43, 4.38, 4.66, 4.18, 5.5, 5.58, 4.27, 2.0]
BEST_hyper_parameter
v: [12.0, 12.0, 12.0, 12.0, 12.0, 12.0, 12.0, 12.0, 12.0, 12.0, 12.0, 12.0, 12.0, 12.0]
a: [50.0, 50.0, 50.0, 50.0, 50.0, 50.0, 50.0, 50.0, 50.0, 50.0, 50.0, 50.0, 50.0, 50.0]
d: [3.5, 3.5, 3.5, 3.5, 3.5, 3.5, 3.5, 3.5, 3.5, 3.5, 3.5, 3.5, 3.5, 2.0]

iteration: 29
best: [1000.0, 1000.0, 1000.0, 1000.0, 1000.0, 1000.0, 1000.0, 1000.0, 1000.0, 1000.0, 1000.0, 1000.0, 1000.0, 64.88]
time: [6.04, 7.5, 10.02, 13.32, 18.9, 1000, 1000, 1000, 1000, 1000, 1000, 1000, 1000, 1000]
current_hyper_parameter
v: [33.35, 25.8, 24.65, 28.78, 29.94, 33.39, 9.24, 27.96, 22.93, 9.27, 19.08, 32.81, 13.37, 27.69]
a: [65.19, 128.71, 96.05, 31.92, 132.38, 20.98, 94.9, 55.53, 94.54, 137.47, 68.33, 138.93, 153.56, 78.61]
d: [3.76, 4.63, 5.58, 3.71, 4.89, 5.66, 6.13, 5.16, 5.71, 5.73, 5.44, 5.46, 3.81, 2.0]
BEST_hyper_parameter
v: [12.0, 12.0, 12.0, 12.0, 12.0, 12.0, 12.0, 12.0, 12.0, 12.0, 12.0, 12.0, 12.0, 12.0]
a: [50.0, 50.0, 50.0, 50.0, 50.0, 50.0, 50.0, 50.0, 50.0, 50.0, 50.0, 50.0, 50.0, 50.0]
d: [3.5, 3.5, 3.5, 3.5, 3.5, 3.5, 3.5, 3.5, 3.5, 3.5, 3.5, 3.5, 3.5, 2.0]

iteration: 30
best: [1000.0, 1000.0, 1000.0, 1000.0, 1000.0, 1000.0, 1000.0, 1000.0, 1000.0, 1000.0, 1000.0, 1000.0, 1000.0, 64.88]
time: [7.2, 13.19, 17.23, 20.18, 26.4, 29.74, 40.29, 42.83, 47.09, 48.44, 1000, 1000, 1000, 1000]
current_hyper_parameter
v: [10.23, 28.0, 20.64, 14.75, 16.09, 24.69, 21.88, 27.6, 23.3, 33.77, 12.32, 31.26, 31.65, 12.41]
a: [33.9, 32.66, 158.54, 39.72, 107.98, 129.25, 118.56, 135.69, 58.48, 153.57, 68.26, 93.23, 159.18, 103.94]
d: [4.21, 5.14, 5.75, 4.35, 6.4, 6.1, 3.71, 3.61, 4.33, 4.08, 6.34, 5.88, 3.76, 2.0]
BEST_hyper_parameter
v: [12.0, 12.0, 12.0, 12.0, 12.0, 12.0, 12.0, 12.0, 12.0, 12.0, 12.0, 12.0, 12.0, 12.0]
a: [50.0, 50.0, 50.0, 50.0, 50.0, 50.0, 50.0, 50.0, 50.0, 50.0, 50.0, 50.0, 50.0, 50.0]
d: [3.5, 3.5, 3.5, 3.5, 3.5, 3.5, 3.5, 3.5, 3.5, 3.5, 3.5, 3.5, 3.5, 2.0]

iteration: 31
best: [1000.0, 1000.0, 1000.0, 1000.0, 1000.0, 1000.0, 1000.0, 1000.0, 1000.0, 1000.0, 1000.0, 1000.0, 1000.0, 64.88]
time: [6.0, 7.83, 11.53, 14.38, 20.01, 44.14, 59.69, 62.77, 64.42, 67.34, 1000, 1000, 1000, 1000]
current_hyper_parameter
v: [14.68, 14.64, 14.68, 21.6, 26.71, 34.04, 10.95, 20.45, 21.27, 17.64, 9.56, 14.49, 26.43, 13.62]
a: [141.1, 78.27, 44.64, 68.94, 99.59, 138.83, 154.97, 78.19, 90.23, 21.86, 115.83, 47.15, 64.84, 115.05]
d: [5.59, 4.3, 6.06, 4.56, 5.31, 5.5, 5.89, 5.58, 4.18, 6.07, 3.84, 5.59, 3.78, 2.0]
BEST_hyper_parameter
v: [12.0, 12.0, 12.0, 12.0, 12.0, 12.0, 12.0, 12.0, 12.0, 12.0, 12.0, 12.0, 12.0, 12.0]
a: [50.0, 50.0, 50.0, 50.0, 50.0, 50.0, 50.0, 50.0, 50.0, 50.0, 50.0, 50.0, 50.0, 50.0]
d: [3.5, 3.5, 3.5, 3.5, 3.5, 3.5, 3.5, 3.5, 3.5, 3.5, 3.5, 3.5, 3.5, 2.0]

iteration: 32
best: [1000.0, 1000.0, 1000.0, 1000.0, 1000.0, 1000.0, 1000.0, 1000.0, 1000.0, 1000.0, 1000.0, 1000.0, 1000.0, 64.88]
time: [6.1, 7.94, 11.62, 1000, 1000, 1000, 1000, 1000, 1000, 1000, 1000, 1000, 1000, 1000]
current_hyper_parameter
v: [13.56, 13.47, 18.87, 22.04, 18.55, 26.17, 12.85, 29.93, 21.95, 9.08, 25.47, 19.12, 29.16, 21.46]
a: [121.2, 139.66, 34.1, 131.07, 75.4, 80.76, 55.32, 127.24, 38.99, 94.04, 77.87, 57.76, 97.35, 145.19]
d: [5.53, 3.83, 6.1, 3.53, 3.86, 5.85, 4.16, 5.58, 3.54, 4.33, 4.39, 5.71, 5.09, 2.0]
BEST_hyper_parameter
v: [12.0, 12.0, 12.0, 12.0, 12.0, 12.0, 12.0, 12.0, 12.0, 12.0, 12.0, 12.0, 12.0, 12.0]
a: [50.0, 50.0, 50.0, 50.0, 50.0, 50.0, 50.0, 50.0, 50.0, 50.0, 50.0, 50.0, 50.0, 50.0]
d: [3.5, 3.5, 3.5, 3.5, 3.5, 3.5, 3.5, 3.5, 3.5, 3.5, 3.5, 3.5, 3.5, 2.0]

iteration: 33
best: [1000.0, 1000.0, 1000.0, 1000.0, 1000.0, 1000.0, 1000.0, 1000.0, 1000.0, 1000.0, 1000.0, 1000.0, 1000.0, 64.88]
time: [6.38, 7.95, 10.24, 15.61, 28.49, 31.51, 47.14, 51.87, 53.48, 58.69, 1000, 1000, 1000, 1000]
current_hyper_parameter
v: [15.44, 24.43, 29.03, 22.91, 9.93, 25.81, 9.49, 15.41, 33.64, 19.56, 18.94, 20.36, 31.16, 28.43]
a: [50.83, 127.19, 159.37, 111.2, 129.42, 136.36, 51.46, 23.94, 97.9, 64.37, 63.74, 104.67, 21.76, 149.66]
d: [4.18, 5.32, 5.68, 4.97, 3.95, 3.86, 5.07, 3.85, 4.35, 5.81, 4.7, 3.7, 3.66, 2.0]
BEST_hyper_parameter
v: [12.0, 12.0, 12.0, 12.0, 12.0, 12.0, 12.0, 12.0, 12.0, 12.0, 12.0, 12.0, 12.0, 12.0]
a: [50.0, 50.0, 50.0, 50.0, 50.0, 50.0, 50.0, 50.0, 50.0, 50.0, 50.0, 50.0, 50.0, 50.0]
d: [3.5, 3.5, 3.5, 3.5, 3.5, 3.5, 3.5, 3.5, 3.5, 3.5, 3.5, 3.5, 3.5, 2.0]

iteration: 34
best: [1000.0, 1000.0, 1000.0, 1000.0, 1000.0, 1000.0, 1000.0, 1000.0, 1000.0, 1000.0, 1000.0, 1000.0, 1000.0, 64.88]
time: [6.23, 8.49, 11.87, 14.33, 1000, 1000, 1000, 1000, 1000, 1000, 1000, 1000, 1000, 1000]
current_hyper_parameter
v: [22.05, 9.26, 23.88, 18.05, 34.38, 20.47, 32.79, 19.72, 28.09, 9.03, 22.92, 23.42, 21.58, 21.11]
a: [55.87, 60.43, 65.1, 131.39, 138.37, 39.91, 44.09, 34.23, 138.63, 36.38, 22.42, 159.77, 156.4, 127.25]
d: [4.95, 5.16, 5.86, 5.71, 5.75, 5.45, 3.98, 4.19, 3.5, 5.99, 5.18, 5.59, 5.14, 2.0]
BEST_hyper_parameter
v: [12.0, 12.0, 12.0, 12.0, 12.0, 12.0, 12.0, 12.0, 12.0, 12.0, 12.0, 12.0, 12.0, 12.0]
a: [50.0, 50.0, 50.0, 50.0, 50.0, 50.0, 50.0, 50.0, 50.0, 50.0, 50.0, 50.0, 50.0, 50.0]
d: [3.5, 3.5, 3.5, 3.5, 3.5, 3.5, 3.5, 3.5, 3.5, 3.5, 3.5, 3.5, 3.5, 2.0]

iteration: 35
best: [1000.0, 1000.0, 1000.0, 1000.0, 1000.0, 1000.0, 1000.0, 1000.0, 1000.0, 1000.0, 1000.0, 1000.0, 1000.0, 64.88]
time: [7.44, 9.4, 12.41, 14.89, 20.03, 27.3, 37.78, 42.04, 43.93, 45.87, 47.53, 49.58, 55.65, 60.19]
current_hyper_parameter
v: [33.28, 30.31, 34.14, 15.08, 31.29, 32.68, 29.46, 8.7, 25.13, 18.4, 12.2, 16.15, 10.99, 30.56]
a: [31.05, 73.68, 72.13, 122.48, 155.05, 61.03, 78.35, 132.33, 78.13, 52.02, 145.72, 78.2, 30.84, 76.37]
d: [3.89, 4.84, 6.47, 5.75, 3.95, 4.98, 6.04, 3.57, 4.4, 4.31, 4.52, 5.52, 4.61, 2.0]
BEST_hyper_parameter
v: [12.0, 12.0, 12.0, 12.0, 12.0, 12.0, 12.0, 12.0, 12.0, 12.0, 12.0, 12.0, 12.0, 12.0]
a: [50.0, 50.0, 50.0, 50.0, 50.0, 50.0, 50.0, 50.0, 50.0, 50.0, 50.0, 50.0, 50.0, 50.0]
d: [3.5, 3.5, 3.5, 3.5, 3.5, 3.5, 3.5, 3.5, 3.5, 3.5, 3.5, 3.5, 3.5, 2.0]

iteration: 36
best: [1000.0, 1000.0, 1000.0, 1000.0, 1000.0, 1000.0, 1000.0, 1000.0, 1000.0, 1000.0, 1000.0, 1000.0, 1000.0, 60.19]
time: [5.79, 7.52, 10.16, 12.29, 1000, 1000, 1000, 1000, 1000, 1000, 1000, 1000, 1000, 1000]
current_hyper_parameter
v: [21.99, 29.84, 23.04, 20.08, 29.22, 8.86, 12.88, 29.68, 10.09, 21.12, 19.76, 19.73, 11.98, 34.11]
a: [146.34, 54.09, 153.57, 145.01, 88.24, 113.56, 112.41, 127.89, 36.98, 115.51, 126.15, 150.76, 157.49, 36.0]
d: [5.89, 5.03, 4.99, 5.58, 5.09, 4.18, 5.74, 3.82, 4.19, 4.93, 6.07, 5.67, 3.68, 2.0]
BEST_hyper_parameter
v: [33.28, 30.31, 34.14, 15.08, 31.29, 32.68, 29.46, 8.7, 25.13, 18.4, 12.2, 16.15, 10.99, 30.56]
a: [31.05, 73.68, 72.13, 122.48, 155.05, 61.03, 78.35, 132.33, 78.13, 52.02, 145.72, 78.2, 30.84, 76.37]
d: [3.89, 4.84, 6.47, 5.75, 3.95, 4.98, 6.04, 3.57, 4.4, 4.31, 4.52, 5.52, 4.61, 2.0]

iteration: 37
best: [1000.0, 1000.0, 1000.0, 1000.0, 1000.0, 1000.0, 1000.0, 1000.0, 1000.0, 1000.0, 1000.0, 1000.0, 1000.0, 60.19]
time: [17.31, 1000, 1000, 1000, 1000, 1000, 1000, 1000, 1000, 1000, 1000, 1000, 1000, 1000]
current_hyper_parameter
v: [12.49, 28.04, 19.6, 11.36, 19.64, 19.41, 8.51, 27.72, 25.47, 14.04, 26.27, 32.74, 13.12, 31.54]
a: [22.0, 149.82, 123.96, 123.31, 111.49, 115.93, 92.69, 58.74, 92.0, 37.18, 123.51, 60.23, 37.16, 99.63]
d: [6.15, 5.61, 5.38, 4.63, 5.61, 5.33, 5.95, 5.61, 4.28, 5.95, 5.86, 5.5, 4.17, 2.0]
BEST_hyper_parameter
v: [33.28, 30.31, 34.14, 15.08, 31.29, 32.68, 29.46, 8.7, 25.13, 18.4, 12.2, 16.15, 10.99, 30.56]
a: [31.05, 73.68, 72.13, 122.48, 155.05, 61.03, 78.35, 132.33, 78.13, 52.02, 145.72, 78.2, 30.84, 76.37]
d: [3.89, 4.84, 6.47, 5.75, 3.95, 4.98, 6.04, 3.57, 4.4, 4.31, 4.52, 5.52, 4.61, 2.0]

iteration: 38
best: [1000.0, 1000.0, 1000.0, 1000.0, 1000.0, 1000.0, 1000.0, 1000.0, 1000.0, 1000.0, 1000.0, 1000.0, 1000.0, 60.19]
time: [5.76, 7.49, 11.21, 14.38, 20.44, 23.86, 33.66, 1000, 1000, 1000, 1000, 1000, 1000, 1000]
current_hyper_parameter
v: [31.83, 15.23, 32.32, 27.88, 15.73, 18.35, 28.39, 25.38, 23.22, 28.16, 28.45, 24.22, 31.65, 32.15]
a: [97.68, 38.52, 49.04, 56.33, 106.73, 151.89, 109.33, 45.77, 36.27, 49.21, 45.08, 71.41, 25.87, 88.51]
d: [3.57, 4.67, 4.61, 5.89, 5.4, 4.82, 4.94, 3.88, 3.96, 4.82, 4.12, 3.53, 6.43, 2.0]
BEST_hyper_parameter
v: [33.28, 30.31, 34.14, 15.08, 31.29, 32.68, 29.46, 8.7, 25.13, 18.4, 12.2, 16.15, 10.99, 30.56]
a: [31.05, 73.68, 72.13, 122.48, 155.05, 61.03, 78.35, 132.33, 78.13, 52.02, 145.72, 78.2, 30.84, 76.37]
d: [3.89, 4.84, 6.47, 5.75, 3.95, 4.98, 6.04, 3.57, 4.4, 4.31, 4.52, 5.52, 4.61, 2.0]

iteration: 39
best: [1000.0, 1000.0, 1000.0, 1000.0, 1000.0, 1000.0, 1000.0, 1000.0, 1000.0, 1000.0, 1000.0, 1000.0, 1000.0, 60.19]
time: [6.24, 8.62, 11.32, 1000, 1000, 1000, 1000, 1000, 1000, 1000, 1000, 1000, 1000, 1000]
current_hyper_parameter
v: [11.17, 34.78, 27.08, 22.62, 8.7, 16.58, 18.25, 26.87, 23.36, 18.57, 16.59, 12.36, 13.62, 31.55]
a: [105.38, 34.42, 148.09, 142.76, 113.42, 29.21, 108.37, 20.01, 148.05, 99.79, 92.46, 139.05, 94.07, 56.62]
d: [4.6, 4.18, 6.07, 4.63, 3.65, 5.11, 4.02, 3.78, 5.95, 5.69, 4.21, 5.08, 4.02, 2.0]
BEST_hyper_parameter
v: [33.28, 30.31, 34.14, 15.08, 31.29, 32.68, 29.46, 8.7, 25.13, 18.4, 12.2, 16.15, 10.99, 30.56]
a: [31.05, 73.68, 72.13, 122.48, 155.05, 61.03, 78.35, 132.33, 78.13, 52.02, 145.72, 78.2, 30.84, 76.37]
d: [3.89, 4.84, 6.47, 5.75, 3.95, 4.98, 6.04, 3.57, 4.4, 4.31, 4.52, 5.52, 4.61, 2.0]

iteration: 40
best: [1000.0, 1000.0, 1000.0, 1000.0, 1000.0, 1000.0, 1000.0, 1000.0, 1000.0, 1000.0, 1000.0, 1000.0, 1000.0, 60.19]
time: [6.18, 7.57, 10.45, 13.28, 19.43, 22.62, 33.41, 36.33, 45.82, 48.66, 1000, 1000, 1000, 1000]
current_hyper_parameter
v: [32.36, 30.91, 29.95, 15.96, 17.94, 16.4, 31.78, 25.84, 30.07, 29.58, 24.82, 17.24, 14.43, 8.63]
a: [59.72, 154.85, 63.47, 85.71, 59.72, 88.66, 63.09, 140.06, 111.22, 59.73, 46.14, 76.52, 90.26, 122.47]
d: [4.8, 3.94, 3.98, 4.83, 5.36, 5.7, 3.85, 3.8, 6.2, 5.09, 4.16, 6.14, 6.46, 2.0]
BEST_hyper_parameter
v: [33.28, 30.31, 34.14, 15.08, 31.29, 32.68, 29.46, 8.7, 25.13, 18.4, 12.2, 16.15, 10.99, 30.56]
a: [31.05, 73.68, 72.13, 122.48, 155.05, 61.03, 78.35, 132.33, 78.13, 52.02, 145.72, 78.2, 30.84, 76.37]
d: [3.89, 4.84, 6.47, 5.75, 3.95, 4.98, 6.04, 3.57, 4.4, 4.31, 4.52, 5.52, 4.61, 2.0]

iteration: 41
best: [1000.0, 1000.0, 1000.0, 1000.0, 1000.0, 1000.0, 1000.0, 1000.0, 1000.0, 1000.0, 1000.0, 1000.0, 1000.0, 60.19]
time: [5.75, 7.24, 10.65, 16.52, 24.3, 38.18, 1000, 1000, 1000, 1000, 1000, 1000, 1000, 1000]
current_hyper_parameter
v: [32.47, 20.51, 15.21, 26.45, 12.06, 33.42, 11.57, 24.47, 11.63, 28.91, 27.03, 13.15, 30.96, 26.09]
a: [115.24, 106.52, 41.3, 102.86, 97.15, 130.37, 138.5, 54.43, 56.28, 58.64, 20.05, 104.27, 39.11, 151.81]
d: [3.82, 6.49, 3.81, 5.19, 3.81, 5.94, 4.82, 5.55, 4.11, 5.79, 3.8, 3.66, 5.4, 2.0]
BEST_hyper_parameter
v: [33.28, 30.31, 34.14, 15.08, 31.29, 32.68, 29.46, 8.7, 25.13, 18.4, 12.2, 16.15, 10.99, 30.56]
a: [31.05, 73.68, 72.13, 122.48, 155.05, 61.03, 78.35, 132.33, 78.13, 52.02, 145.72, 78.2, 30.84, 76.37]
d: [3.89, 4.84, 6.47, 5.75, 3.95, 4.98, 6.04, 3.57, 4.4, 4.31, 4.52, 5.52, 4.61, 2.0]

iteration: 42
best: [1000.0, 1000.0, 1000.0, 1000.0, 1000.0, 1000.0, 1000.0, 1000.0, 1000.0, 1000.0, 1000.0, 1000.0, 1000.0, 60.19]
time: [5.84, 7.39, 9.75, 12.4, 18.24, 21.25, 29.91, 35.48, 39.04, 40.81, 1000, 1000, 1000, 1000]
current_hyper_parameter
v: [22.75, 17.9, 30.82, 14.0, 18.18, 29.07, 32.84, 31.42, 22.88, 23.6, 16.55, 13.46, 25.68, 20.36]
a: [113.81, 123.23, 158.96, 96.49, 111.1, 141.44, 100.6, 71.66, 55.76, 94.73, 100.48, 32.5, 82.86, 57.51]
d: [6.44, 5.35, 5.49, 5.91, 3.7, 5.71, 6.24, 4.38, 4.72, 5.13, 5.12, 5.73, 6.14, 2.0]
BEST_hyper_parameter
v: [33.28, 30.31, 34.14, 15.08, 31.29, 32.68, 29.46, 8.7, 25.13, 18.4, 12.2, 16.15, 10.99, 30.56]
a: [31.05, 73.68, 72.13, 122.48, 155.05, 61.03, 78.35, 132.33, 78.13, 52.02, 145.72, 78.2, 30.84, 76.37]
d: [3.89, 4.84, 6.47, 5.75, 3.95, 4.98, 6.04, 3.57, 4.4, 4.31, 4.52, 5.52, 4.61, 2.0]

iteration: 43
best: [1000.0, 1000.0, 1000.0, 1000.0, 1000.0, 1000.0, 1000.0, 1000.0, 1000.0, 1000.0, 1000.0, 1000.0, 1000.0, 60.19]
time: [6.47, 8.21, 11.01, 14.36, 20.04, 23.08, 36.62, 39.38, 1000, 1000, 1000, 1000, 1000, 1000]
current_hyper_parameter
v: [20.87, 18.67, 28.45, 20.7, 17.73, 34.86, 11.11, 20.82, 10.28, 13.44, 12.57, 12.65, 10.83, 14.35]
a: [48.74, 110.73, 78.12, 37.11, 154.28, 158.02, 37.11, 136.44, 29.03, 106.88, 70.94, 38.8, 134.25, 63.96]
d: [4.67, 3.9, 4.45, 4.87, 4.41, 5.44, 6.39, 6.34, 6.0, 5.48, 5.24, 3.92, 5.41, 2.0]
BEST_hyper_parameter
v: [33.28, 30.31, 34.14, 15.08, 31.29, 32.68, 29.46, 8.7, 25.13, 18.4, 12.2, 16.15, 10.99, 30.56]
a: [31.05, 73.68, 72.13, 122.48, 155.05, 61.03, 78.35, 132.33, 78.13, 52.02, 145.72, 78.2, 30.84, 76.37]
d: [3.89, 4.84, 6.47, 5.75, 3.95, 4.98, 6.04, 3.57, 4.4, 4.31, 4.52, 5.52, 4.61, 2.0]

iteration: 44
best: [1000.0, 1000.0, 1000.0, 1000.0, 1000.0, 1000.0, 1000.0, 1000.0, 1000.0, 1000.0, 1000.0, 1000.0, 1000.0, 60.19]
time: [6.01, 8.11, 11.27, 14.31, 20.18, 27.51, 46.45, 49.96, 51.51, 1000, 1000, 1000, 1000, 1000]
current_hyper_parameter
v: [12.8, 16.84, 22.54, 20.2, 24.93, 30.97, 15.72, 31.2, 27.16, 16.67, 33.94, 26.66, 10.17, 16.82]
a: [150.63, 39.77, 90.6, 31.66, 90.54, 31.97, 65.48, 42.6, 120.3, 50.11, 143.87, 130.22, 151.64, 110.9]
d: [6.42, 4.82, 5.88, 4.83, 6.45, 3.69, 6.15, 3.93, 4.04, 4.13, 6.43, 4.06, 4.78, 2.0]
BEST_hyper_parameter
v: [33.28, 30.31, 34.14, 15.08, 31.29, 32.68, 29.46, 8.7, 25.13, 18.4, 12.2, 16.15, 10.99, 30.56]
a: [31.05, 73.68, 72.13, 122.48, 155.05, 61.03, 78.35, 132.33, 78.13, 52.02, 145.72, 78.2, 30.84, 76.37]
d: [3.89, 4.84, 6.47, 5.75, 3.95, 4.98, 6.04, 3.57, 4.4, 4.31, 4.52, 5.52, 4.61, 2.0]

iteration: 45
best: [1000.0, 1000.0, 1000.0, 1000.0, 1000.0, 1000.0, 1000.0, 1000.0, 1000.0, 1000.0, 1000.0, 1000.0, 1000.0, 60.19]
time: [6.55, 8.96, 11.5, 17.67, 24.58, 27.26, 38.03, 43.83, 45.92, 1000, 1000, 1000, 1000, 1000]
current_hyper_parameter
v: [10.77, 8.57, 32.59, 20.5, 11.68, 17.57, 21.82, 28.99, 10.74, 9.21, 34.6, 11.62, 10.58, 17.18]
a: [79.02, 98.19, 127.92, 70.51, 123.49, 149.48, 112.07, 63.75, 86.88, 83.47, 74.31, 55.17, 39.6, 47.56]
d: [4.34, 4.47, 6.39, 4.1, 5.31, 5.43, 6.08, 3.64, 4.05, 5.5, 5.67, 4.81, 3.88, 2.0]
BEST_hyper_parameter
v: [33.28, 30.31, 34.14, 15.08, 31.29, 32.68, 29.46, 8.7, 25.13, 18.4, 12.2, 16.15, 10.99, 30.56]
a: [31.05, 73.68, 72.13, 122.48, 155.05, 61.03, 78.35, 132.33, 78.13, 52.02, 145.72, 78.2, 30.84, 76.37]
d: [3.89, 4.84, 6.47, 5.75, 3.95, 4.98, 6.04, 3.57, 4.4, 4.31, 4.52, 5.52, 4.61, 2.0]

iteration: 46
best: [1000.0, 1000.0, 1000.0, 1000.0, 1000.0, 1000.0, 1000.0, 1000.0, 1000.0, 1000.0, 1000.0, 1000.0, 1000.0, 60.19]
time: [6.08, 8.11, 15.72, 21.25, 23.98, 27.74, 38.37, 41.6, 43.35, 45.83, 47.27, 49.82, 52.14, 53.2]
current_hyper_parameter
v: [15.48, 15.47, 19.92, 20.53, 21.71, 25.02, 29.63, 13.03, 30.59, 12.59, 18.22, 29.03, 25.75, 29.85]
a: [90.59, 46.94, 21.92, 37.71, 120.42, 73.3, 65.44, 97.55, 57.94, 57.38, 55.52, 50.37, 53.92, 149.49]
d: [4.61, 3.65, 5.72, 4.28, 5.39, 5.65, 6.26, 4.59, 3.56, 5.05, 6.06, 3.56, 5.95, 2.0]
BEST_hyper_parameter
v: [33.28, 30.31, 34.14, 15.08, 31.29, 32.68, 29.46, 8.7, 25.13, 18.4, 12.2, 16.15, 10.99, 30.56]
a: [31.05, 73.68, 72.13, 122.48, 155.05, 61.03, 78.35, 132.33, 78.13, 52.02, 145.72, 78.2, 30.84, 76.37]
d: [3.89, 4.84, 6.47, 5.75, 3.95, 4.98, 6.04, 3.57, 4.4, 4.31, 4.52, 5.52, 4.61, 2.0]

iteration: 47
best: [1000.0, 1000.0, 1000.0, 1000.0, 1000.0, 1000.0, 1000.0, 1000.0, 1000.0, 1000.0, 1000.0, 1000.0, 1000.0, 53.2]
time: [10.6, 12.4, 15.57, 20.96, 26.49, 29.43, 45.48, 48.44, 1000, 1000, 1000, 1000, 1000, 1000]
current_hyper_parameter
v: [33.79, 17.18, 14.73, 23.41, 11.62, 21.49, 16.47, 19.22, 31.62, 29.85, 32.08, 13.68, 8.84, 12.52]
a: [28.52, 143.91, 101.39, 139.62, 52.02, 84.58, 32.02, 119.53, 144.53, 63.65, 107.99, 63.6, 60.78, 114.98]
d: [4.9, 5.53, 5.33, 4.14, 5.61, 3.62, 5.35, 5.0, 3.83, 4.44, 5.37, 6.47, 5.98, 2.0]
BEST_hyper_parameter
v: [15.48, 15.47, 19.92, 20.53, 21.71, 25.02, 29.63, 13.03, 30.59, 12.59, 18.22, 29.03, 25.75, 29.85]
a: [90.59, 46.94, 21.92, 37.71, 120.42, 73.3, 65.44, 97.55, 57.94, 57.38, 55.52, 50.37, 53.92, 149.49]
d: [4.61, 3.65, 5.72, 4.28, 5.39, 5.65, 6.26, 4.59, 3.56, 5.05, 6.06, 3.56, 5.95, 2.0]

iteration: 48
best: [1000.0, 1000.0, 1000.0, 1000.0, 1000.0, 1000.0, 1000.0, 1000.0, 1000.0, 1000.0, 1000.0, 1000.0, 1000.0, 53.2]
time: [5.82, 7.57, 10.97, 16.67, 20.3, 27.68, 1000, 1000, 1000, 1000, 1000, 1000, 1000, 1000]
current_hyper_parameter
v: [20.09, 17.5, 34.84, 29.97, 26.37, 32.93, 16.49, 25.95, 18.82, 10.46, 26.84, 22.53, 27.47, 23.2]
a: [154.8, 53.6, 56.63, 91.02, 80.84, 56.61, 116.81, 21.78, 139.44, 40.73, 51.35, 65.6, 64.22, 109.99]
d: [5.76, 4.36, 4.04, 5.24, 5.98, 6.04, 4.63, 3.91, 3.87, 3.65, 4.24, 5.42, 5.33, 2.0]
BEST_hyper_parameter
v: [15.48, 15.47, 19.92, 20.53, 21.71, 25.02, 29.63, 13.03, 30.59, 12.59, 18.22, 29.03, 25.75, 29.85]
a: [90.59, 46.94, 21.92, 37.71, 120.42, 73.3, 65.44, 97.55, 57.94, 57.38, 55.52, 50.37, 53.92, 149.49]
d: [4.61, 3.65, 5.72, 4.28, 5.39, 5.65, 6.26, 4.59, 3.56, 5.05, 6.06, 3.56, 5.95, 2.0]

iteration: 49
best: [1000.0, 1000.0, 1000.0, 1000.0, 1000.0, 1000.0, 1000.0, 1000.0, 1000.0, 1000.0, 1000.0, 1000.0, 1000.0, 53.2]
time: [6.22, 8.41, 11.98, 14.3, 17.18, 20.97, 36.49, 41.62, 47.02, 49.82, 1000, 1000, 1000, 1000]
current_hyper_parameter
v: [12.48, 9.87, 14.7, 32.86, 22.54, 21.12, 15.47, 34.27, 17.1, 8.66, 32.95, 23.1, 29.97, 18.41]
a: [123.09, 97.05, 95.57, 107.23, 55.79, 58.26, 132.99, 34.73, 35.66, 115.68, 24.68, 57.82, 140.5, 63.31]
d: [6.36, 4.5, 3.97, 3.59, 5.39, 6.16, 3.63, 5.61, 6.4, 5.97, 5.77, 4.09, 4.44, 2.0]
BEST_hyper_parameter
v: [15.48, 15.47, 19.92, 20.53, 21.71, 25.02, 29.63, 13.03, 30.59, 12.59, 18.22, 29.03, 25.75, 29.85]
a: [90.59, 46.94, 21.92, 37.71, 120.42, 73.3, 65.44, 97.55, 57.94, 57.38, 55.52, 50.37, 53.92, 149.49]
d: [4.61, 3.65, 5.72, 4.28, 5.39, 5.65, 6.26, 4.59, 3.56, 5.05, 6.06, 3.56, 5.95, 2.0]

iteration: 50
best: [1000.0, 1000.0, 1000.0, 1000.0, 1000.0, 1000.0, 1000.0, 1000.0, 1000.0, 1000.0, 1000.0, 1000.0, 1000.0, 53.2]
time: [5.76, 7.08, 10.47, 13.89, 21.03, 24.07, 37.16, 43.15, 51.19, 52.7, 1000, 1000, 1000, 1000]
current_hyper_parameter
v: [23.38, 30.48, 9.87, 15.48, 22.99, 13.66, 18.15, 28.14, 10.71, 30.45, 27.02, 13.14, 13.35, 26.92]
a: [116.8, 112.88, 69.12, 54.55, 35.18, 158.97, 93.33, 106.43, 149.7, 155.69, 90.42, 60.77, 112.8, 73.31]
d: [6.24, 3.85, 4.56, 5.29, 4.03, 4.67, 4.11, 4.79, 4.63, 3.77, 5.41, 5.82, 6.42, 2.0]
BEST_hyper_parameter
v: [15.48, 15.47, 19.92, 20.53, 21.71, 25.02, 29.63, 13.03, 30.59, 12.59, 18.22, 29.03, 25.75, 29.85]
a: [90.59, 46.94, 21.92, 37.71, 120.42, 73.3, 65.44, 97.55, 57.94, 57.38, 55.52, 50.37, 53.92, 149.49]
d: [4.61, 3.65, 5.72, 4.28, 5.39, 5.65, 6.26, 4.59, 3.56, 5.05, 6.06, 3.56, 5.95, 2.0]

iteration: 51
best: [1000.0, 1000.0, 1000.0, 1000.0, 1000.0, 1000.0, 1000.0, 1000.0, 1000.0, 1000.0, 1000.0, 1000.0, 1000.0, 53.2]
time: [6.44, 7.98, 10.56, 13.54, 19.47, 31.47, 46.79, 1000, 1000, 1000, 1000, 1000, 1000, 1000]
current_hyper_parameter
v: [33.06, 33.52, 20.64, 17.9, 17.08, 24.53, 27.23, 22.24, 10.09, 10.88, 13.11, 32.12, 12.99, 22.12]
a: [49.41, 108.48, 118.7, 45.79, 127.91, 78.68, 23.87, 73.48, 121.8, 50.81, 125.93, 148.4, 65.17, 90.61]
d: [4.1, 5.71, 4.61, 4.51, 5.7, 5.28, 4.4, 6.18, 6.34, 5.66, 3.71, 3.52, 3.58, 2.0]
BEST_hyper_parameter
v: [15.48, 15.47, 19.92, 20.53, 21.71, 25.02, 29.63, 13.03, 30.59, 12.59, 18.22, 29.03, 25.75, 29.85]
a: [90.59, 46.94, 21.92, 37.71, 120.42, 73.3, 65.44, 97.55, 57.94, 57.38, 55.52, 50.37, 53.92, 149.49]
d: [4.61, 3.65, 5.72, 4.28, 5.39, 5.65, 6.26, 4.59, 3.56, 5.05, 6.06, 3.56, 5.95, 2.0]

iteration: 52
best: [1000.0, 1000.0, 1000.0, 1000.0, 1000.0, 1000.0, 1000.0, 1000.0, 1000.0, 1000.0, 1000.0, 1000.0, 1000.0, 53.2]
time: [6.01, 7.79, 10.15, 12.28, 1000, 1000, 1000, 1000, 1000, 1000, 1000, 1000, 1000, 1000]
current_hyper_parameter
v: [14.06, 25.14, 32.01, 26.37, 11.53, 31.65, 27.91, 34.18, 33.48, 31.86, 28.32, 31.06, 21.54, 20.88]
a: [139.58, 57.77, 144.11, 91.88, 29.34, 141.78, 111.76, 33.48, 29.22, 120.21, 94.23, 134.9, 41.1, 149.74]
d: [5.8, 5.61, 6.47, 4.51, 6.5, 5.28, 5.98, 5.72, 4.49, 4.77, 6.1, 5.36, 6.14, 2.0]
BEST_hyper_parameter
v: [15.48, 15.47, 19.92, 20.53, 21.71, 25.02, 29.63, 13.03, 30.59, 12.59, 18.22, 29.03, 25.75, 29.85]
a: [90.59, 46.94, 21.92, 37.71, 120.42, 73.3, 65.44, 97.55, 57.94, 57.38, 55.52, 50.37, 53.92, 149.49]
d: [4.61, 3.65, 5.72, 4.28, 5.39, 5.65, 6.26, 4.59, 3.56, 5.05, 6.06, 3.56, 5.95, 2.0]

iteration: 53
best: [1000.0, 1000.0, 1000.0, 1000.0, 1000.0, 1000.0, 1000.0, 1000.0, 1000.0, 1000.0, 1000.0, 1000.0, 1000.0, 53.2]
time: [5.92, 8.05, 11.6, 17.12, 25.6, 29.02, 43.76, 46.57, 51.56, 53.45, 1000, 1000, 1000, 1000]
current_hyper_parameter
v: [15.82, 29.92, 17.37, 34.11, 22.28, 11.47, 19.88, 27.76, 16.45, 22.82, 13.34, 26.62, 22.88, 14.16]
a: [154.47, 23.89, 86.33, 84.73, 35.33, 95.95, 37.6, 104.0, 54.38, 105.91, 27.87, 56.61, 126.77, 42.3]
d: [5.67, 4.18, 6.01, 6.12, 3.54, 3.78, 4.1, 5.61, 4.74, 4.9, 4.71, 5.56, 5.32, 2.0]
BEST_hyper_parameter
v: [15.48, 15.47, 19.92, 20.53, 21.71, 25.02, 29.63, 13.03, 30.59, 12.59, 18.22, 29.03, 25.75, 29.85]
a: [90.59, 46.94, 21.92, 37.71, 120.42, 73.3, 65.44, 97.55, 57.94, 57.38, 55.52, 50.37, 53.92, 149.49]
d: [4.61, 3.65, 5.72, 4.28, 5.39, 5.65, 6.26, 4.59, 3.56, 5.05, 6.06, 3.56, 5.95, 2.0]

iteration: 54
best: [1000.0, 1000.0, 1000.0, 1000.0, 1000.0, 1000.0, 1000.0, 1000.0, 1000.0, 1000.0, 1000.0, 1000.0, 1000.0, 53.2]
time: [6.05, 7.69, 10.73, 13.13, 27.97, 1000, 1000, 1000, 1000, 1000, 1000, 1000, 1000, 1000]
current_hyper_parameter
v: [26.32, 16.39, 29.65, 25.83, 15.64, 18.45, 10.22, 25.36, 32.94, 12.65, 13.24, 32.79, 11.2, 12.5]
a: [69.84, 152.68, 70.28, 94.34, 131.91, 42.98, 102.1, 109.5, 150.24, 112.6, 152.78, 91.99, 50.21, 63.91]
d: [6.3, 3.79, 6.04, 6.42, 5.06, 6.33, 5.25, 5.98, 6.45, 4.43, 4.74, 4.98, 3.67, 2.0]
BEST_hyper_parameter
v: [15.48, 15.47, 19.92, 20.53, 21.71, 25.02, 29.63, 13.03, 30.59, 12.59, 18.22, 29.03, 25.75, 29.85]
a: [90.59, 46.94, 21.92, 37.71, 120.42, 73.3, 65.44, 97.55, 57.94, 57.38, 55.52, 50.37, 53.92, 149.49]
d: [4.61, 3.65, 5.72, 4.28, 5.39, 5.65, 6.26, 4.59, 3.56, 5.05, 6.06, 3.56, 5.95, 2.0]

iteration: 55
best: [1000.0, 1000.0, 1000.0, 1000.0, 1000.0, 1000.0, 1000.0, 1000.0, 1000.0, 1000.0, 1000.0, 1000.0, 1000.0, 53.2]
time: [5.81, 7.26, 9.94, 12.73, 1000, 1000, 1000, 1000, 1000, 1000, 1000, 1000, 1000, 1000]
current_hyper_parameter
v: [19.67, 25.47, 20.27, 11.95, 29.68, 26.16, 12.69, 10.83, 14.08, 16.37, 23.12, 9.03, 11.96, 22.76]
a: [150.68, 97.75, 158.79, 132.62, 103.35, 53.47, 95.74, 36.46, 153.95, 65.71, 81.8, 23.8, 120.2, 101.52]
d: [4.39, 3.84, 5.46, 4.53, 6.44, 5.73, 5.94, 6.1, 4.69, 4.09, 4.12, 4.71, 6.22, 2.0]
BEST_hyper_parameter
v: [15.48, 15.47, 19.92, 20.53, 21.71, 25.02, 29.63, 13.03, 30.59, 12.59, 18.22, 29.03, 25.75, 29.85]
a: [90.59, 46.94, 21.92, 37.71, 120.42, 73.3, 65.44, 97.55, 57.94, 57.38, 55.52, 50.37, 53.92, 149.49]
d: [4.61, 3.65, 5.72, 4.28, 5.39, 5.65, 6.26, 4.59, 3.56, 5.05, 6.06, 3.56, 5.95, 2.0]

iteration: 56
best: [1000.0, 1000.0, 1000.0, 1000.0, 1000.0, 1000.0, 1000.0, 1000.0, 1000.0, 1000.0, 1000.0, 1000.0, 1000.0, 53.2]
time: [6.14, 8.05, 12.0, 18.16, 1000, 1000, 1000, 1000, 1000, 1000, 1000, 1000, 1000, 1000]
current_hyper_parameter
v: [12.32, 12.7, 9.66, 12.75, 26.54, 30.03, 34.91, 32.52, 33.9, 28.99, 10.56, 24.8, 10.65, 9.14]
a: [136.65, 89.75, 106.61, 122.47, 30.07, 94.04, 120.92, 42.84, 77.75, 50.54, 112.5, 107.21, 26.74, 113.18]
d: [4.36, 4.36, 5.95, 5.74, 5.36, 4.46, 5.3, 5.96, 5.16, 3.87, 5.72, 5.49, 4.41, 2.0]
BEST_hyper_parameter
v: [15.48, 15.47, 19.92, 20.53, 21.71, 25.02, 29.63, 13.03, 30.59, 12.59, 18.22, 29.03, 25.75, 29.85]
a: [90.59, 46.94, 21.92, 37.71, 120.42, 73.3, 65.44, 97.55, 57.94, 57.38, 55.52, 50.37, 53.92, 149.49]
d: [4.61, 3.65, 5.72, 4.28, 5.39, 5.65, 6.26, 4.59, 3.56, 5.05, 6.06, 3.56, 5.95, 2.0]

iteration: 57
best: [1000.0, 1000.0, 1000.0, 1000.0, 1000.0, 1000.0, 1000.0, 1000.0, 1000.0, 1000.0, 1000.0, 1000.0, 1000.0, 53.2]
time: [5.71, 7.24, 10.49, 16.3, 1000, 1000, 1000, 1000, 1000, 1000, 1000, 1000, 1000, 1000]
current_hyper_parameter
v: [33.13, 21.16, 27.52, 32.62, 33.11, 21.03, 32.37, 13.01, 15.47, 34.66, 19.65, 20.81, 12.5, 23.94]
a: [135.24, 89.46, 51.3, 99.84, 87.28, 123.69, 71.19, 133.99, 95.29, 135.68, 58.13, 27.79, 144.74, 52.03]
d: [3.95, 5.97, 3.87, 5.67, 4.76, 5.07, 3.95, 4.32, 5.52, 5.04, 3.84, 5.8, 5.63, 2.0]
BEST_hyper_parameter
v: [15.48, 15.47, 19.92, 20.53, 21.71, 25.02, 29.63, 13.03, 30.59, 12.59, 18.22, 29.03, 25.75, 29.85]
a: [90.59, 46.94, 21.92, 37.71, 120.42, 73.3, 65.44, 97.55, 57.94, 57.38, 55.52, 50.37, 53.92, 149.49]
d: [4.61, 3.65, 5.72, 4.28, 5.39, 5.65, 6.26, 4.59, 3.56, 5.05, 6.06, 3.56, 5.95, 2.0]

iteration: 58
best: [1000.0, 1000.0, 1000.0, 1000.0, 1000.0, 1000.0, 1000.0, 1000.0, 1000.0, 1000.0, 1000.0, 1000.0, 1000.0, 53.2]
time: [5.74, 7.61, 10.37, 13.27, 15.85, 18.98, 34.78, 37.88, 39.55, 41.3, 1000, 1000, 1000, 1000]
current_hyper_parameter
v: [31.59, 30.85, 22.14, 11.32, 33.03, 33.46, 15.52, 26.87, 13.7, 17.51, 13.43, 23.03, 12.33, 23.15]
a: [132.31, 24.5, 155.6, 119.97, 91.31, 132.34, 124.89, 62.84, 132.18, 136.84, 149.53, 30.32, 149.74, 39.91]
d: [6.02, 4.7, 3.52, 6.42, 4.75, 3.54, 5.51, 5.46, 5.52, 4.61, 5.84, 4.27, 5.38, 2.0]
BEST_hyper_parameter
v: [15.48, 15.47, 19.92, 20.53, 21.71, 25.02, 29.63, 13.03, 30.59, 12.59, 18.22, 29.03, 25.75, 29.85]
a: [90.59, 46.94, 21.92, 37.71, 120.42, 73.3, 65.44, 97.55, 57.94, 57.38, 55.52, 50.37, 53.92, 149.49]
d: [4.61, 3.65, 5.72, 4.28, 5.39, 5.65, 6.26, 4.59, 3.56, 5.05, 6.06, 3.56, 5.95, 2.0]

iteration: 59
best: [1000.0, 1000.0, 1000.0, 1000.0, 1000.0, 1000.0, 1000.0, 1000.0, 1000.0, 1000.0, 1000.0, 1000.0, 1000.0, 53.2]
time: [6.09, 8.19, 11.0, 14.13, 20.38, 23.47, 33.88, 37.56, 39.23, 40.84, 1000, 1000, 1000, 1000]
current_hyper_parameter
v: [14.07, 9.39, 21.69, 24.56, 16.87, 25.94, 28.98, 30.94, 29.24, 16.86, 19.16, 23.15, 18.25, 29.79]
a: [116.48, 150.02, 133.0, 30.07, 74.6, 74.64, 85.76, 55.75, 118.33, 81.67, 99.2, 45.52, 94.64, 127.66]
d: [6.48, 5.75, 5.62, 3.57, 4.07, 5.14, 4.5, 3.61, 3.84, 6.28, 4.66, 5.52, 4.55, 2.0]
BEST_hyper_parameter
v: [15.48, 15.47, 19.92, 20.53, 21.71, 25.02, 29.63, 13.03, 30.59, 12.59, 18.22, 29.03, 25.75, 29.85]
a: [90.59, 46.94, 21.92, 37.71, 120.42, 73.3, 65.44, 97.55, 57.94, 57.38, 55.52, 50.37, 53.92, 149.49]
d: [4.61, 3.65, 5.72, 4.28, 5.39, 5.65, 6.26, 4.59, 3.56, 5.05, 6.06, 3.56, 5.95, 2.0]

iteration: 60
best: [1000.0, 1000.0, 1000.0, 1000.0, 1000.0, 1000.0, 1000.0, 1000.0, 1000.0, 1000.0, 1000.0, 1000.0, 1000.0, 53.2]
time: [5.76, 7.1, 9.37, 12.22, 16.82, 23.02, 37.32, 40.17, 1000, 1000, 1000, 1000, 1000, 1000]
current_hyper_parameter
v: [29.63, 24.66, 25.17, 23.66, 9.07, 12.94, 15.59, 19.23, 25.31, 30.39, 32.27, 30.26, 12.49, 32.97]
a: [117.35, 119.72, 158.01, 40.15, 94.58, 156.51, 122.56, 128.2, 24.32, 75.01, 24.72, 33.55, 65.81, 98.71]
d: [4.99, 6.33, 6.49, 4.93, 3.75, 4.04, 5.29, 3.92, 6.27, 5.64, 5.48, 4.05, 3.88, 2.0]
BEST_hyper_parameter
v: [15.48, 15.47, 19.92, 20.53, 21.71, 25.02, 29.63, 13.03, 30.59, 12.59, 18.22, 29.03, 25.75, 29.85]
a: [90.59, 46.94, 21.92, 37.71, 120.42, 73.3, 65.44, 97.55, 57.94, 57.38, 55.52, 50.37, 53.92, 149.49]
d: [4.61, 3.65, 5.72, 4.28, 5.39, 5.65, 6.26, 4.59, 3.56, 5.05, 6.06, 3.56, 5.95, 2.0]

iteration: 61
best: [1000.0, 1000.0, 1000.0, 1000.0, 1000.0, 1000.0, 1000.0, 1000.0, 1000.0, 1000.0, 1000.0, 1000.0, 1000.0, 53.2]
time: [5.9, 7.25, 10.0, 12.64, 26.8, 1000, 1000, 1000, 1000, 1000, 1000, 1000, 1000, 1000]
current_hyper_parameter
v: [15.61, 32.92, 33.12, 15.9, 28.06, 12.87, 21.75, 21.81, 18.91, 23.4, 31.04, 30.37, 30.97, 15.29]
a: [135.23, 129.05, 63.71, 123.48, 152.32, 64.31, 136.42, 105.56, 100.63, 82.99, 45.51, 105.59, 151.02, 33.32]
d: [5.26, 3.57, 6.05, 5.83, 6.01, 4.65, 3.84, 5.47, 4.65, 4.26, 6.3, 5.76, 4.21, 2.0]
BEST_hyper_parameter
v: [15.48, 15.47, 19.92, 20.53, 21.71, 25.02, 29.63, 13.03, 30.59, 12.59, 18.22, 29.03, 25.75, 29.85]
a: [90.59, 46.94, 21.92, 37.71, 120.42, 73.3, 65.44, 97.55, 57.94, 57.38, 55.52, 50.37, 53.92, 149.49]
d: [4.61, 3.65, 5.72, 4.28, 5.39, 5.65, 6.26, 4.59, 3.56, 5.05, 6.06, 3.56, 5.95, 2.0]

iteration: 62
best: [1000.0, 1000.0, 1000.0, 1000.0, 1000.0, 1000.0, 1000.0, 1000.0, 1000.0, 1000.0, 1000.0, 1000.0, 1000.0, 53.2]
time: [6.72, 8.64, 11.49, 13.85, 16.5, 21.16, 41.74, 44.84, 46.52, 48.69, 1000, 1000, 1000, 1000]
current_hyper_parameter
v: [15.04, 14.23, 17.97, 19.79, 22.72, 16.33, 12.15, 27.63, 28.19, 13.32, 28.97, 14.47, 29.96, 25.83]
a: [41.95, 132.78, 154.91, 142.3, 70.96, 41.63, 154.71, 86.12, 64.59, 86.12, 110.06, 64.84, 26.4, 52.72]
d: [5.32, 6.12, 4.24, 3.52, 4.47, 5.51, 4.25, 4.54, 4.6, 3.66, 3.94, 6.42, 5.82, 2.0]
BEST_hyper_parameter
v: [15.48, 15.47, 19.92, 20.53, 21.71, 25.02, 29.63, 13.03, 30.59, 12.59, 18.22, 29.03, 25.75, 29.85]
a: [90.59, 46.94, 21.92, 37.71, 120.42, 73.3, 65.44, 97.55, 57.94, 57.38, 55.52, 50.37, 53.92, 149.49]
d: [4.61, 3.65, 5.72, 4.28, 5.39, 5.65, 6.26, 4.59, 3.56, 5.05, 6.06, 3.56, 5.95, 2.0]

iteration: 63
best: [1000.0, 1000.0, 1000.0, 1000.0, 1000.0, 1000.0, 1000.0, 1000.0, 1000.0, 1000.0, 1000.0, 1000.0, 1000.0, 53.2]
time: [5.96, 7.66, 10.36, 12.88, 18.5, 25.88, 42.68, 1000, 1000, 1000, 1000, 1000, 1000, 1000]
current_hyper_parameter
v: [30.19, 15.99, 29.44, 19.17, 26.11, 12.39, 18.02, 17.88, 29.75, 22.0, 12.5, 34.57, 34.94, 32.83]
a: [72.3, 113.83, 89.55, 147.26, 95.18, 42.86, 43.23, 145.04, 45.24, 100.49, 30.33, 107.14, 134.79, 114.46]
d: [5.7, 6.02, 4.38, 4.7, 5.93, 6.41, 5.94, 5.06, 4.15, 6.25, 5.52, 4.77, 3.81, 2.0]
BEST_hyper_parameter
v: [15.48, 15.47, 19.92, 20.53, 21.71, 25.02, 29.63, 13.03, 30.59, 12.59, 18.22, 29.03, 25.75, 29.85]
a: [90.59, 46.94, 21.92, 37.71, 120.42, 73.3, 65.44, 97.55, 57.94, 57.38, 55.52, 50.37, 53.92, 149.49]
d: [4.61, 3.65, 5.72, 4.28, 5.39, 5.65, 6.26, 4.59, 3.56, 5.05, 6.06, 3.56, 5.95, 2.0]

iteration: 64
best: [1000.0, 1000.0, 1000.0, 1000.0, 1000.0, 1000.0, 1000.0, 1000.0, 1000.0, 1000.0, 1000.0, 1000.0, 1000.0, 53.2]
time: [6.08, 8.25, 11.6, 14.39, 17.98, 20.52, 38.57, 42.31, 43.74, 1000, 1000, 1000, 1000, 1000]
current_hyper_parameter
v: [13.74, 11.49, 30.31, 33.67, 10.15, 22.06, 9.05, 11.68, 32.38, 22.29, 32.38, 12.71, 28.85, 8.57]
a: [101.63, 52.19, 67.18, 67.38, 76.25, 123.88, 153.58, 104.91, 111.98, 41.19, 70.83, 58.96, 28.03, 119.26]
d: [5.17, 3.63, 5.14, 3.95, 5.23, 3.74, 6.11, 4.66, 4.1, 5.92, 6.02, 6.37, 4.79, 2.0]
BEST_hyper_parameter
v: [15.48, 15.47, 19.92, 20.53, 21.71, 25.02, 29.63, 13.03, 30.59, 12.59, 18.22, 29.03, 25.75, 29.85]
a: [90.59, 46.94, 21.92, 37.71, 120.42, 73.3, 65.44, 97.55, 57.94, 57.38, 55.52, 50.37, 53.92, 149.49]
d: [4.61, 3.65, 5.72, 4.28, 5.39, 5.65, 6.26, 4.59, 3.56, 5.05, 6.06, 3.56, 5.95, 2.0]

iteration: 65
best: [1000.0, 1000.0, 1000.0, 1000.0, 1000.0, 1000.0, 1000.0, 1000.0, 1000.0, 1000.0, 1000.0, 1000.0, 1000.0, 53.2]
time: [10.32, 13.04, 16.59, 18.81, 1000, 1000, 1000, 1000, 1000, 1000, 1000, 1000, 1000, 1000]
current_hyper_parameter
v: [9.4, 29.86, 27.75, 32.42, 23.71, 19.12, 22.11, 21.32, 13.8, 23.7, 22.29, 26.21, 23.76, 12.15]
a: [23.28, 76.76, 39.55, 106.79, 51.39, 121.77, 139.11, 57.66, 76.31, 30.77, 72.8, 84.19, 33.18, 61.36]
d: [6.31, 5.37, 6.43, 3.71, 6.19, 5.31, 6.31, 3.91, 4.18, 4.3, 6.22, 5.21, 5.91, 2.0]
BEST_hyper_parameter
v: [15.48, 15.47, 19.92, 20.53, 21.71, 25.02, 29.63, 13.03, 30.59, 12.59, 18.22, 29.03, 25.75, 29.85]
a: [90.59, 46.94, 21.92, 37.71, 120.42, 73.3, 65.44, 97.55, 57.94, 57.38, 55.52, 50.37, 53.92, 149.49]
d: [4.61, 3.65, 5.72, 4.28, 5.39, 5.65, 6.26, 4.59, 3.56, 5.05, 6.06, 3.56, 5.95, 2.0]

iteration: 66
best: [1000.0, 1000.0, 1000.0, 1000.0, 1000.0, 1000.0, 1000.0, 1000.0, 1000.0, 1000.0, 1000.0, 1000.0, 1000.0, 53.2]
time: [6.87, 9.81, 13.82, 19.49, 25.96, 30.34, 43.6, 47.12, 48.92, 52.18, 56.58, 1000, 1000, 1000]
current_hyper_parameter
v: [9.14, 8.95, 15.11, 27.14, 13.98, 9.67, 31.1, 21.3, 29.9, 11.98, 31.12, 20.3, 26.62, 11.39]
a: [79.64, 35.33, 66.34, 111.12, 118.5, 145.13, 37.3, 64.4, 56.63, 65.74, 58.46, 140.76, 132.19, 72.83]
d: [5.51, 3.6, 6.15, 5.11, 4.4, 6.36, 5.37, 4.29, 3.63, 5.42, 6.37, 4.2, 5.3, 2.0]
BEST_hyper_parameter
v: [15.48, 15.47, 19.92, 20.53, 21.71, 25.02, 29.63, 13.03, 30.59, 12.59, 18.22, 29.03, 25.75, 29.85]
a: [90.59, 46.94, 21.92, 37.71, 120.42, 73.3, 65.44, 97.55, 57.94, 57.38, 55.52, 50.37, 53.92, 149.49]
d: [4.61, 3.65, 5.72, 4.28, 5.39, 5.65, 6.26, 4.59, 3.56, 5.05, 6.06, 3.56, 5.95, 2.0]

iteration: 67
best: [1000.0, 1000.0, 1000.0, 1000.0, 1000.0, 1000.0, 1000.0, 1000.0, 1000.0, 1000.0, 1000.0, 1000.0, 1000.0, 53.2]
time: [5.87, 7.41, 10.6, 16.78, 23.4, 26.71, 42.92, 49.33, 1000, 1000, 1000, 1000, 1000, 1000]
current_hyper_parameter
v: [22.26, 26.56, 15.6, 16.44, 11.44, 23.94, 13.99, 17.05, 21.06, 14.09, 12.19, 24.16, 26.34, 18.63]
a: [145.09, 90.35, 83.33, 72.74, 103.68, 68.98, 70.45, 96.62, 45.89, 61.99, 89.21, 100.37, 120.28, 86.75]
d: [6.41, 6.3, 4.7, 3.99, 4.51, 4.57, 4.34, 5.15, 5.76, 5.39, 5.68, 5.11, 6.08, 2.0]
BEST_hyper_parameter
v: [15.48, 15.47, 19.92, 20.53, 21.71, 25.02, 29.63, 13.03, 30.59, 12.59, 18.22, 29.03, 25.75, 29.85]
a: [90.59, 46.94, 21.92, 37.71, 120.42, 73.3, 65.44, 97.55, 57.94, 57.38, 55.52, 50.37, 53.92, 149.49]
d: [4.61, 3.65, 5.72, 4.28, 5.39, 5.65, 6.26, 4.59, 3.56, 5.05, 6.06, 3.56, 5.95, 2.0]

iteration: 68
best: [1000.0, 1000.0, 1000.0, 1000.0, 1000.0, 1000.0, 1000.0, 1000.0, 1000.0, 1000.0, 1000.0, 1000.0, 1000.0, 53.2]
time: [5.72, 6.99, 9.29, 15.29, 1000, 1000, 1000, 1000, 1000, 1000, 1000, 1000, 1000, 1000]
current_hyper_parameter
v: [26.49, 29.56, 29.57, 15.14, 23.34, 8.86, 19.31, 30.44, 15.45, 22.87, 17.2, 22.83, 29.77, 19.95]
a: [148.13, 127.15, 112.46, 99.03, 65.92, 124.25, 61.32, 95.9, 35.24, 91.45, 99.61, 78.78, 148.98, 87.61]
d: [4.51, 4.91, 5.45, 5.87, 5.68, 4.95, 5.56, 5.33, 4.32, 6.01, 5.77, 5.66, 4.01, 2.0]
BEST_hyper_parameter
v: [15.48, 15.47, 19.92, 20.53, 21.71, 25.02, 29.63, 13.03, 30.59, 12.59, 18.22, 29.03, 25.75, 29.85]
a: [90.59, 46.94, 21.92, 37.71, 120.42, 73.3, 65.44, 97.55, 57.94, 57.38, 55.52, 50.37, 53.92, 149.49]
d: [4.61, 3.65, 5.72, 4.28, 5.39, 5.65, 6.26, 4.59, 3.56, 5.05, 6.06, 3.56, 5.95, 2.0]

iteration: 69
best: [1000.0, 1000.0, 1000.0, 1000.0, 1000.0, 1000.0, 1000.0, 1000.0, 1000.0, 1000.0, 1000.0, 1000.0, 1000.0, 53.2]
time: [7.68, 14.57, 25.23, 29.01, 34.46, 1000, 1000, 1000, 1000, 1000, 1000, 1000, 1000, 1000]
current_hyper_parameter
v: [23.18, 11.28, 33.99, 14.34, 34.0, 24.77, 21.22, 28.83, 21.07, 9.28, 17.17, 22.34, 14.02, 33.14]
a: [27.96, 27.91, 38.72, 39.71, 159.34, 83.65, 118.58, 131.81, 86.39, 149.82, 150.21, 136.79, 47.6, 21.76]
d: [4.5, 5.72, 5.31, 4.71, 5.06, 3.9, 5.48, 4.49, 3.65, 4.84, 5.9, 6.27, 5.13, 2.0]
BEST_hyper_parameter
v: [15.48, 15.47, 19.92, 20.53, 21.71, 25.02, 29.63, 13.03, 30.59, 12.59, 18.22, 29.03, 25.75, 29.85]
a: [90.59, 46.94, 21.92, 37.71, 120.42, 73.3, 65.44, 97.55, 57.94, 57.38, 55.52, 50.37, 53.92, 149.49]
d: [4.61, 3.65, 5.72, 4.28, 5.39, 5.65, 6.26, 4.59, 3.56, 5.05, 6.06, 3.56, 5.95, 2.0]

iteration: 70
best: [1000.0, 1000.0, 1000.0, 1000.0, 1000.0, 1000.0, 1000.0, 1000.0, 1000.0, 1000.0, 1000.0, 1000.0, 1000.0, 53.2]
time: [5.83, 7.36, 10.56, 12.89, 15.33, 19.13, 37.98, 40.44, 1000, 1000, 1000, 1000, 1000, 1000]
current_hyper_parameter
v: [31.31, 27.46, 18.2, 21.19, 21.89, 16.18, 9.18, 26.84, 27.64, 24.67, 18.48, 26.17, 8.76, 33.95]
a: [83.87, 86.73, 51.28, 154.77, 81.35, 89.32, 143.9, 149.4, 83.07, 81.31, 96.94, 156.77, 147.08, 148.62]
d: [6.32, 6.28, 4.2, 5.7, 3.74, 4.07, 5.54, 4.72, 4.38, 3.66, 6.37, 3.88, 5.7, 2.0]
BEST_hyper_parameter
v: [15.48, 15.47, 19.92, 20.53, 21.71, 25.02, 29.63, 13.03, 30.59, 12.59, 18.22, 29.03, 25.75, 29.85]
a: [90.59, 46.94, 21.92, 37.71, 120.42, 73.3, 65.44, 97.55, 57.94, 57.38, 55.52, 50.37, 53.92, 149.49]
d: [4.61, 3.65, 5.72, 4.28, 5.39, 5.65, 6.26, 4.59, 3.56, 5.05, 6.06, 3.56, 5.95, 2.0]

iteration: 71
best: [1000.0, 1000.0, 1000.0, 1000.0, 1000.0, 1000.0, 1000.0, 1000.0, 1000.0, 1000.0, 1000.0, 1000.0, 1000.0, 53.2]
time: [6.07, 7.99, 11.7, 17.49, 20.31, 23.76, 50.12, 55.75, 1000, 1000, 1000, 1000, 1000, 1000]
current_hyper_parameter
v: [13.02, 32.52, 13.77, 18.43, 18.41, 32.61, 12.74, 30.3, 18.4, 9.66, 31.36, 11.43, 16.28, 25.64]
a: [154.13, 56.79, 69.17, 100.21, 109.87, 107.04, 122.45, 123.04, 105.46, 66.62, 33.01, 62.98, 157.92, 63.04]
d: [5.75, 3.65, 3.52, 4.67, 3.54, 3.65, 5.56, 3.56, 5.86, 5.21, 5.96, 3.95, 5.81, 2.0]
BEST_hyper_parameter
v: [15.48, 15.47, 19.92, 20.53, 21.71, 25.02, 29.63, 13.03, 30.59, 12.59, 18.22, 29.03, 25.75, 29.85]
a: [90.59, 46.94, 21.92, 37.71, 120.42, 73.3, 65.44, 97.55, 57.94, 57.38, 55.52, 50.37, 53.92, 149.49]
d: [4.61, 3.65, 5.72, 4.28, 5.39, 5.65, 6.26, 4.59, 3.56, 5.05, 6.06, 3.56, 5.95, 2.0]

iteration: 72
best: [1000.0, 1000.0, 1000.0, 1000.0, 1000.0, 1000.0, 1000.0, 1000.0, 1000.0, 1000.0, 1000.0, 1000.0, 1000.0, 53.2]
time: [6.66, 8.87, 12.58, 15.4, 26.16, 1000, 1000, 1000, 1000, 1000, 1000, 1000, 1000, 1000]
current_hyper_parameter
v: [13.56, 13.26, 14.71, 24.99, 21.94, 21.7, 33.48, 24.51, 33.51, 30.99, 34.53, 25.83, 27.68, 10.11]
a: [48.8, 71.55, 83.8, 75.07, 101.24, 123.64, 57.12, 154.62, 100.81, 92.32, 53.72, 38.86, 69.06, 27.43]
d: [4.7, 3.83, 5.19, 4.85, 3.85, 4.38, 5.13, 5.21, 5.64, 4.21, 5.63, 6.38, 4.17, 2.0]
BEST_hyper_parameter
v: [15.48, 15.47, 19.92, 20.53, 21.71, 25.02, 29.63, 13.03, 30.59, 12.59, 18.22, 29.03, 25.75, 29.85]
a: [90.59, 46.94, 21.92, 37.71, 120.42, 73.3, 65.44, 97.55, 57.94, 57.38, 55.52, 50.37, 53.92, 149.49]
d: [4.61, 3.65, 5.72, 4.28, 5.39, 5.65, 6.26, 4.59, 3.56, 5.05, 6.06, 3.56, 5.95, 2.0]

iteration: 73
best: [1000.0, 1000.0, 1000.0, 1000.0, 1000.0, 1000.0, 1000.0, 1000.0, 1000.0, 1000.0, 1000.0, 1000.0, 1000.0, 53.2]
time: [5.81, 7.75, 10.11, 20.13, 26.04, 31.59, 41.65, 58.27, 1000, 1000, 1000, 1000, 1000, 1000]
current_hyper_parameter
v: [25.86, 18.11, 34.6, 18.43, 32.73, 8.96, 30.13, 10.56, 22.96, 34.37, 22.72, 22.39, 30.73, 26.36]
a: [148.56, 40.86, 157.22, 27.33, 143.94, 59.21, 121.27, 54.16, 108.53, 125.87, 112.21, 26.18, 77.4, 157.25]
d: [5.79, 3.99, 4.41, 3.65, 5.12, 5.1, 3.6, 4.35, 3.57, 6.14, 5.5, 6.0, 3.96, 2.0]
BEST_hyper_parameter
v: [15.48, 15.47, 19.92, 20.53, 21.71, 25.02, 29.63, 13.03, 30.59, 12.59, 18.22, 29.03, 25.75, 29.85]
a: [90.59, 46.94, 21.92, 37.71, 120.42, 73.3, 65.44, 97.55, 57.94, 57.38, 55.52, 50.37, 53.92, 149.49]
d: [4.61, 3.65, 5.72, 4.28, 5.39, 5.65, 6.26, 4.59, 3.56, 5.05, 6.06, 3.56, 5.95, 2.0]

iteration: 74
best: [1000.0, 1000.0, 1000.0, 1000.0, 1000.0, 1000.0, 1000.0, 1000.0, 1000.0, 1000.0, 1000.0, 1000.0, 1000.0, 53.2]
time: [6.16, 7.76, 11.01, 14.57, 20.96, 24.94, 49.09, 53.7, 1000, 1000, 1000, 1000, 1000, 1000]
current_hyper_parameter
v: [15.4, 32.72, 18.85, 26.53, 32.99, 22.35, 9.68, 8.87, 11.62, 31.08, 30.03, 26.99, 26.16, 25.92]
a: [68.74, 91.07, 36.8, 40.99, 52.37, 41.2, 36.55, 120.51, 114.76, 155.92, 30.64, 159.61, 113.67, 136.26]
d: [3.99, 5.79, 3.84, 4.6, 5.75, 4.87, 4.87, 3.94, 6.15, 3.98, 4.65, 4.24, 3.99, 2.0]
BEST_hyper_parameter
v: [15.48, 15.47, 19.92, 20.53, 21.71, 25.02, 29.63, 13.03, 30.59, 12.59, 18.22, 29.03, 25.75, 29.85]
a: [90.59, 46.94, 21.92, 37.71, 120.42, 73.3, 65.44, 97.55, 57.94, 57.38, 55.52, 50.37, 53.92, 149.49]
d: [4.61, 3.65, 5.72, 4.28, 5.39, 5.65, 6.26, 4.59, 3.56, 5.05, 6.06, 3.56, 5.95, 2.0]

iteration: 75
best: [1000.0, 1000.0, 1000.0, 1000.0, 1000.0, 1000.0, 1000.0, 1000.0, 1000.0, 1000.0, 1000.0, 1000.0, 1000.0, 53.2]
time: [6.04, 7.38, 9.65, 1000, 1000, 1000, 1000, 1000, 1000, 1000, 1000, 1000, 1000, 1000]
current_hyper_parameter
v: [12.72, 31.9, 24.29, 22.46, 17.54, 13.93, 13.94, 18.07, 14.55, 16.73, 10.08, 27.75, 17.54, 22.84]
a: [99.24, 141.86, 157.64, 148.33, 47.31, 35.05, 118.2, 89.6, 42.02, 78.05, 25.55, 139.98, 142.14, 77.46]
d: [5.91, 5.08, 5.06, 4.98, 4.24, 5.86, 5.12, 5.98, 4.18, 6.1, 5.47, 4.34, 3.69, 2.0]
BEST_hyper_parameter
v: [15.48, 15.47, 19.92, 20.53, 21.71, 25.02, 29.63, 13.03, 30.59, 12.59, 18.22, 29.03, 25.75, 29.85]
a: [90.59, 46.94, 21.92, 37.71, 120.42, 73.3, 65.44, 97.55, 57.94, 57.38, 55.52, 50.37, 53.92, 149.49]
d: [4.61, 3.65, 5.72, 4.28, 5.39, 5.65, 6.26, 4.59, 3.56, 5.05, 6.06, 3.56, 5.95, 2.0]

iteration: 76
best: [1000.0, 1000.0, 1000.0, 1000.0, 1000.0, 1000.0, 1000.0, 1000.0, 1000.0, 1000.0, 1000.0, 1000.0, 1000.0, 53.2]
time: [6.04, 7.93, 11.71, 17.73, 30.79, 37.52, 1000, 1000, 1000, 1000, 1000, 1000, 1000, 1000]
current_hyper_parameter
v: [25.75, 13.59, 34.88, 15.46, 32.89, 22.48, 10.24, 31.26, 8.74, 22.25, 26.31, 17.36, 21.47, 32.27]
a: [71.01, 79.78, 44.43, 134.45, 24.05, 65.22, 24.37, 50.56, 23.93, 38.21, 39.77, 103.79, 91.68, 20.65]
d: [4.47, 5.09, 3.61, 5.56, 3.6, 6.19, 5.68, 6.18, 4.97, 6.18, 4.32, 5.95, 4.55, 2.0]
BEST_hyper_parameter
v: [15.48, 15.47, 19.92, 20.53, 21.71, 25.02, 29.63, 13.03, 30.59, 12.59, 18.22, 29.03, 25.75, 29.85]
a: [90.59, 46.94, 21.92, 37.71, 120.42, 73.3, 65.44, 97.55, 57.94, 57.38, 55.52, 50.37, 53.92, 149.49]
d: [4.61, 3.65, 5.72, 4.28, 5.39, 5.65, 6.26, 4.59, 3.56, 5.05, 6.06, 3.56, 5.95, 2.0]

iteration: 77
best: [1000.0, 1000.0, 1000.0, 1000.0, 1000.0, 1000.0, 1000.0, 1000.0, 1000.0, 1000.0, 1000.0, 1000.0, 1000.0, 53.2]
time: [6.74, 9.63, 14.54, 18.52, 25.72, 28.34, 44.81, 49.03, 50.61, 1000, 1000, 1000, 1000, 1000]
current_hyper_parameter
v: [13.73, 22.81, 9.09, 29.95, 13.37, 27.41, 10.4, 25.28, 28.18, 15.49, 31.43, 27.01, 11.5, 14.42]
a: [41.52, 29.17, 134.83, 31.98, 38.64, 119.82, 96.6, 29.55, 98.54, 31.83, 43.05, 125.69, 123.38, 136.82]
d: [4.99, 5.13, 4.48, 4.19, 4.05, 4.1, 3.54, 3.9, 5.01, 4.23, 5.02, 4.77, 5.63, 2.0]
BEST_hyper_parameter
v: [15.48, 15.47, 19.92, 20.53, 21.71, 25.02, 29.63, 13.03, 30.59, 12.59, 18.22, 29.03, 25.75, 29.85]
a: [90.59, 46.94, 21.92, 37.71, 120.42, 73.3, 65.44, 97.55, 57.94, 57.38, 55.52, 50.37, 53.92, 149.49]
d: [4.61, 3.65, 5.72, 4.28, 5.39, 5.65, 6.26, 4.59, 3.56, 5.05, 6.06, 3.56, 5.95, 2.0]

iteration: 78
best: [1000.0, 1000.0, 1000.0, 1000.0, 1000.0, 1000.0, 1000.0, 1000.0, 1000.0, 1000.0, 1000.0, 1000.0, 1000.0, 53.2]
time: [5.89, 7.43, 10.08, 15.21, 20.33, 26.02, 55.24, 1000, 1000, 1000, 1000, 1000, 1000, 1000]
current_hyper_parameter
v: [14.52, 20.02, 22.07, 32.51, 26.81, 12.26, 8.81, 19.34, 25.74, 26.65, 18.13, 11.63, 24.71, 26.73]
a: [132.97, 113.88, 111.62, 144.08, 137.92, 27.62, 141.54, 102.46, 41.97, 106.05, 85.87, 82.49, 91.05, 67.58]
d: [4.7, 5.73, 5.42, 4.64, 4.18, 4.3, 5.64, 5.18, 3.56, 6.13, 5.85, 4.12, 4.79, 2.0]
BEST_hyper_parameter
v: [15.48, 15.47, 19.92, 20.53, 21.71, 25.02, 29.63, 13.03, 30.59, 12.59, 18.22, 29.03, 25.75, 29.85]
a: [90.59, 46.94, 21.92, 37.71, 120.42, 73.3, 65.44, 97.55, 57.94, 57.38, 55.52, 50.37, 53.92, 149.49]
d: [4.61, 3.65, 5.72, 4.28, 5.39, 5.65, 6.26, 4.59, 3.56, 5.05, 6.06, 3.56, 5.95, 2.0]

iteration: 79
best: [1000.0, 1000.0, 1000.0, 1000.0, 1000.0, 1000.0, 1000.0, 1000.0, 1000.0, 1000.0, 1000.0, 1000.0, 1000.0, 53.2]
time: [5.85, 7.37, 10.58, 16.92, 1000, 1000, 1000, 1000, 1000, 1000, 1000, 1000, 1000, 1000]
current_hyper_parameter
v: [18.98, 27.23, 12.25, 9.42, 29.32, 26.02, 33.49, 14.66, 13.0, 26.76, 27.23, 33.9, 26.8, 16.23]
a: [119.55, 91.12, 93.19, 142.97, 28.3, 136.14, 79.39, 147.92, 49.7, 51.09, 112.0, 150.36, 113.23, 24.69]
d: [4.5, 3.57, 5.36, 5.05, 6.25, 5.69, 5.51, 6.36, 4.25, 4.85, 5.31, 3.94, 3.61, 2.0]
BEST_hyper_parameter
v: [15.48, 15.47, 19.92, 20.53, 21.71, 25.02, 29.63, 13.03, 30.59, 12.59, 18.22, 29.03, 25.75, 29.85]
a: [90.59, 46.94, 21.92, 37.71, 120.42, 73.3, 65.44, 97.55, 57.94, 57.38, 55.52, 50.37, 53.92, 149.49]
d: [4.61, 3.65, 5.72, 4.28, 5.39, 5.65, 6.26, 4.59, 3.56, 5.05, 6.06, 3.56, 5.95, 2.0]

iteration: 80
best: [1000.0, 1000.0, 1000.0, 1000.0, 1000.0, 1000.0, 1000.0, 1000.0, 1000.0, 1000.0, 1000.0, 1000.0, 1000.0, 53.2]
time: [8.01, 10.42, 13.02, 15.8, 1000, 1000, 1000, 1000, 1000, 1000, 1000, 1000, 1000, 1000]
current_hyper_parameter
v: [24.58, 11.29, 29.47, 16.76, 21.27, 23.02, 12.02, 10.29, 31.85, 34.24, 15.18, 30.67, 14.5, 29.31]
a: [23.91, 116.9, 117.56, 57.24, 145.23, 149.8, 81.49, 47.89, 91.63, 27.9, 125.08, 54.52, 74.92, 112.0]
d: [6.4, 5.61, 4.79, 5.73, 5.49, 5.83, 5.67, 6.16, 4.35, 5.72, 5.17, 5.91, 4.27, 2.0]
BEST_hyper_parameter
v: [15.48, 15.47, 19.92, 20.53, 21.71, 25.02, 29.63, 13.03, 30.59, 12.59, 18.22, 29.03, 25.75, 29.85]
a: [90.59, 46.94, 21.92, 37.71, 120.42, 73.3, 65.44, 97.55, 57.94, 57.38, 55.52, 50.37, 53.92, 149.49]
d: [4.61, 3.65, 5.72, 4.28, 5.39, 5.65, 6.26, 4.59, 3.56, 5.05, 6.06, 3.56, 5.95, 2.0]

iteration: 81
best: [1000.0, 1000.0, 1000.0, 1000.0, 1000.0, 1000.0, 1000.0, 1000.0, 1000.0, 1000.0, 1000.0, 1000.0, 1000.0, 53.2]
time: [8.29, 1000, 1000, 1000, 1000, 1000, 1000, 1000, 1000, 1000, 1000, 1000, 1000, 1000]
current_hyper_parameter
v: [25.83, 20.06, 23.65, 29.05, 19.43, 28.0, 20.89, 22.92, 31.27, 16.64, 32.23, 19.04, 16.84, 24.57]
a: [22.87, 33.55, 145.4, 27.11, 69.18, 117.27, 94.73, 32.03, 40.67, 134.5, 89.31, 20.72, 60.23, 156.48]
d: [4.51, 6.06, 3.77, 6.28, 4.86, 3.8, 3.73, 5.27, 3.77, 3.64, 4.6, 4.75, 4.11, 2.0]
BEST_hyper_parameter
v: [15.48, 15.47, 19.92, 20.53, 21.71, 25.02, 29.63, 13.03, 30.59, 12.59, 18.22, 29.03, 25.75, 29.85]
a: [90.59, 46.94, 21.92, 37.71, 120.42, 73.3, 65.44, 97.55, 57.94, 57.38, 55.52, 50.37, 53.92, 149.49]
d: [4.61, 3.65, 5.72, 4.28, 5.39, 5.65, 6.26, 4.59, 3.56, 5.05, 6.06, 3.56, 5.95, 2.0]

iteration: 82
best: [1000.0, 1000.0, 1000.0, 1000.0, 1000.0, 1000.0, 1000.0, 1000.0, 1000.0, 1000.0, 1000.0, 1000.0, 1000.0, 53.2]
time: [6.55, 8.61, 11.74, 14.34, 17.13, 25.88, 1000, 1000, 1000, 1000, 1000, 1000, 1000, 1000]
current_hyper_parameter
v: [12.27, 16.47, 22.22, 24.6, 23.85, 18.44, 11.55, 16.36, 10.0, 25.93, 20.04, 31.95, 20.05, 24.17]
a: [49.28, 71.04, 79.26, 67.49, 68.01, 23.78, 20.08, 64.04, 21.46, 126.76, 114.32, 96.7, 130.17, 156.55]
d: [6.49, 5.61, 5.47, 5.01, 6.34, 5.72, 4.95, 6.04, 4.68, 6.44, 4.65, 6.17, 3.54, 2.0]
BEST_hyper_parameter
v: [15.48, 15.47, 19.92, 20.53, 21.71, 25.02, 29.63, 13.03, 30.59, 12.59, 18.22, 29.03, 25.75, 29.85]
a: [90.59, 46.94, 21.92, 37.71, 120.42, 73.3, 65.44, 97.55, 57.94, 57.38, 55.52, 50.37, 53.92, 149.49]
d: [4.61, 3.65, 5.72, 4.28, 5.39, 5.65, 6.26, 4.59, 3.56, 5.05, 6.06, 3.56, 5.95, 2.0]

iteration: 83
best: [1000.0, 1000.0, 1000.0, 1000.0, 1000.0, 1000.0, 1000.0, 1000.0, 1000.0, 1000.0, 1000.0, 1000.0, 1000.0, 53.2]
time: [7.84, 14.87, 18.82, 1000, 1000, 1000, 1000, 1000, 1000, 1000, 1000, 1000, 1000, 1000]
current_hyper_parameter
v: [19.02, 32.53, 24.62, 27.88, 27.77, 14.03, 33.92, 15.71, 27.84, 23.42, 28.59, 9.7, 25.4, 19.34]
a: [26.25, 25.29, 127.73, 159.43, 124.26, 51.42, 139.64, 150.39, 20.87, 130.86, 126.93, 31.16, 106.28, 41.23]
d: [6.29, 3.91, 3.98, 4.75, 6.28, 4.13, 4.18, 4.64, 4.19, 6.09, 5.29, 4.19, 5.72, 2.0]
BEST_hyper_parameter
v: [15.48, 15.47, 19.92, 20.53, 21.71, 25.02, 29.63, 13.03, 30.59, 12.59, 18.22, 29.03, 25.75, 29.85]
a: [90.59, 46.94, 21.92, 37.71, 120.42, 73.3, 65.44, 97.55, 57.94, 57.38, 55.52, 50.37, 53.92, 149.49]
d: [4.61, 3.65, 5.72, 4.28, 5.39, 5.65, 6.26, 4.59, 3.56, 5.05, 6.06, 3.56, 5.95, 2.0]

iteration: 84
best: [1000.0, 1000.0, 1000.0, 1000.0, 1000.0, 1000.0, 1000.0, 1000.0, 1000.0, 1000.0, 1000.0, 1000.0, 1000.0, 53.2]
time: [6.73, 8.36, 1000, 1000, 1000, 1000, 1000, 1000, 1000, 1000, 1000, 1000, 1000, 1000]
current_hyper_parameter
v: [9.42, 26.04, 10.64, 30.09, 34.17, 21.1, 24.26, 25.01, 8.6, 24.48, 28.39, 24.44, 9.72, 19.58]
a: [76.89, 118.58, 23.55, 35.98, 108.46, 60.64, 144.19, 135.28, 149.35, 22.43, 62.54, 96.91, 133.15, 24.82]
d: [3.99, 5.95, 5.89, 6.17, 3.65, 4.86, 4.12, 3.71, 4.11, 4.28, 4.95, 3.88, 6.18, 2.0]
BEST_hyper_parameter
v: [15.48, 15.47, 19.92, 20.53, 21.71, 25.02, 29.63, 13.03, 30.59, 12.59, 18.22, 29.03, 25.75, 29.85]
a: [90.59, 46.94, 21.92, 37.71, 120.42, 73.3, 65.44, 97.55, 57.94, 57.38, 55.52, 50.37, 53.92, 149.49]
d: [4.61, 3.65, 5.72, 4.28, 5.39, 5.65, 6.26, 4.59, 3.56, 5.05, 6.06, 3.56, 5.95, 2.0]

iteration: 85
best: [1000.0, 1000.0, 1000.0, 1000.0, 1000.0, 1000.0, 1000.0, 1000.0, 1000.0, 1000.0, 1000.0, 1000.0, 1000.0, 53.2]
time: [5.69, 7.44, 10.48, 16.23, 22.37, 25.87, 35.38, 1000, 1000, 1000, 1000, 1000, 1000, 1000]
current_hyper_parameter
v: [31.89, 28.44, 23.91, 16.23, 25.66, 25.24, 31.17, 19.62, 33.75, 23.67, 12.3, 19.56, 20.98, 18.1]
a: [131.7, 50.57, 91.19, 115.38, 53.87, 56.45, 124.56, 91.69, 30.98, 39.02, 90.15, 42.49, 55.25, 155.99]
d: [5.48, 4.64, 3.59, 5.28, 4.16, 4.3, 5.95, 4.37, 4.08, 4.24, 4.8, 4.8, 4.98, 2.0]
BEST_hyper_parameter
v: [15.48, 15.47, 19.92, 20.53, 21.71, 25.02, 29.63, 13.03, 30.59, 12.59, 18.22, 29.03, 25.75, 29.85]
a: [90.59, 46.94, 21.92, 37.71, 120.42, 73.3, 65.44, 97.55, 57.94, 57.38, 55.52, 50.37, 53.92, 149.49]
d: [4.61, 3.65, 5.72, 4.28, 5.39, 5.65, 6.26, 4.59, 3.56, 5.05, 6.06, 3.56, 5.95, 2.0]

iteration: 86
best: [1000.0, 1000.0, 1000.0, 1000.0, 1000.0, 1000.0, 1000.0, 1000.0, 1000.0, 1000.0, 1000.0, 1000.0, 1000.0, 53.2]
time: [5.95, 7.77, 11.96, 15.24, 1000, 1000, 1000, 1000, 1000, 1000, 1000, 1000, 1000, 1000]
current_hyper_parameter
v: [17.52, 33.53, 33.72, 20.66, 27.58, 20.02, 12.39, 18.79, 21.32, 8.8, 29.12, 18.38, 23.79, 26.04]
a: [105.41, 57.63, 27.71, 59.48, 29.22, 148.23, 71.86, 31.13, 119.54, 63.56, 85.88, 110.76, 57.55, 143.31]
d: [5.18, 6.09, 5.91, 5.64, 4.17, 4.86, 5.21, 5.93, 6.06, 5.86, 5.66, 4.31, 4.0, 2.0]
BEST_hyper_parameter
v: [15.48, 15.47, 19.92, 20.53, 21.71, 25.02, 29.63, 13.03, 30.59, 12.59, 18.22, 29.03, 25.75, 29.85]
a: [90.59, 46.94, 21.92, 37.71, 120.42, 73.3, 65.44, 97.55, 57.94, 57.38, 55.52, 50.37, 53.92, 149.49]
d: [4.61, 3.65, 5.72, 4.28, 5.39, 5.65, 6.26, 4.59, 3.56, 5.05, 6.06, 3.56, 5.95, 2.0]

iteration: 87
best: [1000.0, 1000.0, 1000.0, 1000.0, 1000.0, 1000.0, 1000.0, 1000.0, 1000.0, 1000.0, 1000.0, 1000.0, 1000.0, 53.2]
time: [6.67, 8.84, 11.24, 14.09, 1000, 1000, 1000, 1000, 1000, 1000, 1000, 1000, 1000, 1000]
current_hyper_parameter
v: [10.06, 13.06, 31.98, 9.5, 32.69, 16.41, 29.28, 22.1, 17.65, 33.74, 14.66, 23.75, 12.62, 31.42]
a: [75.62, 74.01, 156.57, 132.69, 56.99, 63.79, 72.44, 24.05, 51.42, 45.42, 123.52, 82.19, 41.07, 120.61]
d: [5.07, 4.5, 4.32, 6.49, 3.81, 5.85, 6.2, 6.09, 3.99, 5.34, 4.51, 3.62, 6.28, 2.0]
BEST_hyper_parameter
v: [15.48, 15.47, 19.92, 20.53, 21.71, 25.02, 29.63, 13.03, 30.59, 12.59, 18.22, 29.03, 25.75, 29.85]
a: [90.59, 46.94, 21.92, 37.71, 120.42, 73.3, 65.44, 97.55, 57.94, 57.38, 55.52, 50.37, 53.92, 149.49]
d: [4.61, 3.65, 5.72, 4.28, 5.39, 5.65, 6.26, 4.59, 3.56, 5.05, 6.06, 3.56, 5.95, 2.0]

iteration: 88
best: [1000.0, 1000.0, 1000.0, 1000.0, 1000.0, 1000.0, 1000.0, 1000.0, 1000.0, 1000.0, 1000.0, 1000.0, 1000.0, 53.2]
time: [6.14, 7.71, 10.05, 15.94, 22.86, 25.57, 41.75, 45.65, 47.81, 50.69, 52.11, 1000, 1000, 1000]
current_hyper_parameter
v: [19.74, 24.84, 29.13, 11.6, 10.39, 24.64, 10.85, 9.51, 10.7, 8.5, 26.54, 11.88, 20.93, 16.78]
a: [61.42, 105.53, 120.0, 52.99, 90.4, 105.02, 124.66, 87.95, 63.12, 30.31, 51.88, 115.18, 37.68, 37.13]
d: [4.65, 6.03, 4.23, 6.45, 4.96, 4.38, 5.26, 4.13, 3.68, 4.91, 5.36, 3.71, 5.01, 2.0]
BEST_hyper_parameter
v: [15.48, 15.47, 19.92, 20.53, 21.71, 25.02, 29.63, 13.03, 30.59, 12.59, 18.22, 29.03, 25.75, 29.85]
a: [90.59, 46.94, 21.92, 37.71, 120.42, 73.3, 65.44, 97.55, 57.94, 57.38, 55.52, 50.37, 53.92, 149.49]
d: [4.61, 3.65, 5.72, 4.28, 5.39, 5.65, 6.26, 4.59, 3.56, 5.05, 6.06, 3.56, 5.95, 2.0]

iteration: 89
best: [1000.0, 1000.0, 1000.0, 1000.0, 1000.0, 1000.0, 1000.0, 1000.0, 1000.0, 1000.0, 1000.0, 1000.0, 1000.0, 53.2]
time: [5.72, 6.98, 1000, 1000, 1000, 1000, 1000, 1000, 1000, 1000, 1000, 1000, 1000, 1000]
current_hyper_parameter
v: [34.44, 25.15, 13.9, 11.3, 20.03, 10.41, 31.56, 33.84, 34.36, 31.16, 16.15, 29.21, 15.3, 18.45]
a: [115.43, 140.89, 21.38, 112.58, 129.87, 149.67, 74.51, 157.66, 102.04, 106.88, 25.13, 27.34, 90.52, 75.54]
d: [3.99, 5.45, 3.71, 5.31, 4.33, 5.41, 4.89, 5.62, 5.41, 6.01, 6.43, 3.83, 6.24, 2.0]
BEST_hyper_parameter
v: [15.48, 15.47, 19.92, 20.53, 21.71, 25.02, 29.63, 13.03, 30.59, 12.59, 18.22, 29.03, 25.75, 29.85]
a: [90.59, 46.94, 21.92, 37.71, 120.42, 73.3, 65.44, 97.55, 57.94, 57.38, 55.52, 50.37, 53.92, 149.49]
d: [4.61, 3.65, 5.72, 4.28, 5.39, 5.65, 6.26, 4.59, 3.56, 5.05, 6.06, 3.56, 5.95, 2.0]

iteration: 90
best: [1000.0, 1000.0, 1000.0, 1000.0, 1000.0, 1000.0, 1000.0, 1000.0, 1000.0, 1000.0, 1000.0, 1000.0, 1000.0, 53.2]
time: [5.84, 7.76, 11.51, 17.84, 23.21, 27.02, 38.37, 49.75, 51.92, 1000, 1000, 1000, 1000, 1000]
current_hyper_parameter
v: [34.23, 10.33, 33.18, 27.35, 32.84, 31.22, 18.89, 19.72, 21.48, 23.7, 30.41, 17.71, 21.11, 27.77]
a: [99.73, 32.93, 48.15, 90.66, 114.54, 96.69, 137.04, 51.33, 141.95, 47.75, 93.03, 102.99, 40.34, 29.42]
d: [4.78, 5.47, 5.62, 4.26, 3.87, 3.61, 4.73, 4.01, 4.35, 4.31, 4.89, 6.01, 4.94, 2.0]
BEST_hyper_parameter
v: [15.48, 15.47, 19.92, 20.53, 21.71, 25.02, 29.63, 13.03, 30.59, 12.59, 18.22, 29.03, 25.75, 29.85]
a: [90.59, 46.94, 21.92, 37.71, 120.42, 73.3, 65.44, 97.55, 57.94, 57.38, 55.52, 50.37, 53.92, 149.49]
d: [4.61, 3.65, 5.72, 4.28, 5.39, 5.65, 6.26, 4.59, 3.56, 5.05, 6.06, 3.56, 5.95, 2.0]

iteration: 91
best: [1000.0, 1000.0, 1000.0, 1000.0, 1000.0, 1000.0, 1000.0, 1000.0, 1000.0, 1000.0, 1000.0, 1000.0, 1000.0, 53.2]
time: [5.71, 7.14, 9.88, 12.24, 15.02, 19.82, 42.93, 46.82, 49.01, 50.8, 1000, 1000, 1000, 1000]
current_hyper_parameter
v: [29.71, 30.01, 24.65, 20.35, 22.43, 8.55, 11.01, 30.03, 18.65, 31.91, 28.66, 24.75, 9.01, 25.26]
a: [149.76, 93.97, 126.1, 155.59, 64.63, 54.24, 108.77, 41.7, 38.53, 81.1, 29.23, 134.19, 116.77, 42.37]
d: [5.76, 3.5, 5.24, 4.0, 5.09, 5.74, 6.33, 5.19, 5.44, 3.8, 6.06, 5.12, 5.93, 2.0]
BEST_hyper_parameter
v: [15.48, 15.47, 19.92, 20.53, 21.71, 25.02, 29.63, 13.03, 30.59, 12.59, 18.22, 29.03, 25.75, 29.85]
a: [90.59, 46.94, 21.92, 37.71, 120.42, 73.3, 65.44, 97.55, 57.94, 57.38, 55.52, 50.37, 53.92, 149.49]
d: [4.61, 3.65, 5.72, 4.28, 5.39, 5.65, 6.26, 4.59, 3.56, 5.05, 6.06, 3.56, 5.95, 2.0]

iteration: 92
best: [1000.0, 1000.0, 1000.0, 1000.0, 1000.0, 1000.0, 1000.0, 1000.0, 1000.0, 1000.0, 1000.0, 1000.0, 1000.0, 53.2]
time: [7.24, 9.3, 13.38, 16.44, 1000, 1000, 1000, 1000, 1000, 1000, 1000, 1000, 1000, 1000]
current_hyper_parameter
v: [33.63, 31.17, 15.16, 23.2, 28.24, 18.98, 21.87, 23.36, 19.25, 25.92, 12.73, 24.12, 20.4, 26.05]
a: [31.26, 61.2, 29.22, 60.83, 155.51, 75.18, 86.04, 31.85, 51.75, 27.87, 26.58, 136.29, 88.56, 146.53]
d: [6.11, 4.96, 5.41, 5.56, 5.94, 4.47, 3.7, 4.79, 3.7, 5.25, 6.19, 5.28, 5.01, 2.0]
BEST_hyper_parameter
v: [15.48, 15.47, 19.92, 20.53, 21.71, 25.02, 29.63, 13.03, 30.59, 12.59, 18.22, 29.03, 25.75, 29.85]
a: [90.59, 46.94, 21.92, 37.71, 120.42, 73.3, 65.44, 97.55, 57.94, 57.38, 55.52, 50.37, 53.92, 149.49]
d: [4.61, 3.65, 5.72, 4.28, 5.39, 5.65, 6.26, 4.59, 3.56, 5.05, 6.06, 3.56, 5.95, 2.0]

iteration: 93
best: [1000.0, 1000.0, 1000.0, 1000.0, 1000.0, 1000.0, 1000.0, 1000.0, 1000.0, 1000.0, 1000.0, 1000.0, 1000.0, 53.2]
time: [5.76, 7.63, 10.16, 12.81, 15.8, 19.68, 28.93, 1000, 1000, 1000, 1000, 1000, 1000, 1000]
current_hyper_parameter
v: [25.31, 10.25, 32.8, 11.42, 34.24, 11.17, 33.24, 31.59, 20.1, 20.34, 25.83, 29.93, 33.87, 28.33]
a: [145.25, 29.0, 132.15, 74.31, 62.86, 80.36, 112.9, 37.23, 61.94, 31.88, 52.32, 120.58, 90.04, 78.68]
d: [5.7, 5.55, 4.96, 3.53, 3.88, 6.23, 4.55, 4.94, 4.73, 4.05, 3.98, 6.32, 5.95, 2.0]
BEST_hyper_parameter
v: [15.48, 15.47, 19.92, 20.53, 21.71, 25.02, 29.63, 13.03, 30.59, 12.59, 18.22, 29.03, 25.75, 29.85]
a: [90.59, 46.94, 21.92, 37.71, 120.42, 73.3, 65.44, 97.55, 57.94, 57.38, 55.52, 50.37, 53.92, 149.49]
d: [4.61, 3.65, 5.72, 4.28, 5.39, 5.65, 6.26, 4.59, 3.56, 5.05, 6.06, 3.56, 5.95, 2.0]

iteration: 94
best: [1000.0, 1000.0, 1000.0, 1000.0, 1000.0, 1000.0, 1000.0, 1000.0, 1000.0, 1000.0, 1000.0, 1000.0, 1000.0, 53.2]
time: [6.76, 9.41, 12.31, 1000, 1000, 1000, 1000, 1000, 1000, 1000, 1000, 1000, 1000, 1000]
current_hyper_parameter
v: [9.23, 9.7, 21.42, 19.4, 16.53, 23.06, 32.82, 13.83, 26.66, 15.93, 17.2, 18.07, 27.69, 20.04]
a: [143.87, 55.9, 145.03, 24.6, 60.13, 155.05, 23.53, 122.22, 121.1, 109.65, 74.08, 30.64, 41.97, 41.49]
d: [6.32, 4.46, 5.16, 4.41, 6.32, 5.99, 5.73, 6.15, 5.37, 5.61, 6.37, 4.74, 5.08, 2.0]
BEST_hyper_parameter
v: [15.48, 15.47, 19.92, 20.53, 21.71, 25.02, 29.63, 13.03, 30.59, 12.59, 18.22, 29.03, 25.75, 29.85]
a: [90.59, 46.94, 21.92, 37.71, 120.42, 73.3, 65.44, 97.55, 57.94, 57.38, 55.52, 50.37, 53.92, 149.49]
d: [4.61, 3.65, 5.72, 4.28, 5.39, 5.65, 6.26, 4.59, 3.56, 5.05, 6.06, 3.56, 5.95, 2.0]

iteration: 95
best: [1000.0, 1000.0, 1000.0, 1000.0, 1000.0, 1000.0, 1000.0, 1000.0, 1000.0, 1000.0, 1000.0, 1000.0, 1000.0, 53.2]
time: [6.52, 9.07, 15.55, 18.63, 24.67, 27.72, 43.76, 1000, 1000, 1000, 1000, 1000, 1000, 1000]
current_hyper_parameter
v: [15.32, 23.02, 19.74, 9.41, 30.46, 26.18, 10.26, 28.19, 17.28, 30.73, 27.12, 11.66, 33.42, 12.72]
a: [52.57, 31.38, 75.85, 159.53, 68.59, 151.3, 35.56, 78.57, 29.02, 53.84, 87.37, 121.87, 121.01, 134.47]
d: [4.4, 4.59, 5.24, 3.55, 5.52, 5.68, 6.29, 4.36, 6.1, 6.3, 5.38, 4.94, 4.19, 2.0]
BEST_hyper_parameter
v: [15.48, 15.47, 19.92, 20.53, 21.71, 25.02, 29.63, 13.03, 30.59, 12.59, 18.22, 29.03, 25.75, 29.85]
a: [90.59, 46.94, 21.92, 37.71, 120.42, 73.3, 65.44, 97.55, 57.94, 57.38, 55.52, 50.37, 53.92, 149.49]
d: [4.61, 3.65, 5.72, 4.28, 5.39, 5.65, 6.26, 4.59, 3.56, 5.05, 6.06, 3.56, 5.95, 2.0]

iteration: 96
best: [1000.0, 1000.0, 1000.0, 1000.0, 1000.0, 1000.0, 1000.0, 1000.0, 1000.0, 1000.0, 1000.0, 1000.0, 1000.0, 53.2]
time: [6.31, 7.91, 10.44, 13.31, 1000, 1000, 1000, 1000, 1000, 1000, 1000, 1000, 1000, 1000]
current_hyper_parameter
v: [8.68, 28.43, 23.51, 23.06, 32.11, 22.52, 8.54, 27.74, 12.08, 23.98, 30.42, 20.13, 18.22, 21.67]
a: [158.98, 87.2, 135.55, 51.98, 36.93, 109.62, 83.89, 154.96, 21.49, 113.61, 116.15, 20.7, 49.91, 40.43]
d: [6.2, 5.94, 5.3, 4.14, 5.98, 4.64, 4.57, 4.0, 5.85, 5.42, 4.45, 3.51, 6.27, 2.0]
BEST_hyper_parameter
v: [15.48, 15.47, 19.92, 20.53, 21.71, 25.02, 29.63, 13.03, 30.59, 12.59, 18.22, 29.03, 25.75, 29.85]
a: [90.59, 46.94, 21.92, 37.71, 120.42, 73.3, 65.44, 97.55, 57.94, 57.38, 55.52, 50.37, 53.92, 149.49]
d: [4.61, 3.65, 5.72, 4.28, 5.39, 5.65, 6.26, 4.59, 3.56, 5.05, 6.06, 3.56, 5.95, 2.0]

iteration: 97
best: [1000.0, 1000.0, 1000.0, 1000.0, 1000.0, 1000.0, 1000.0, 1000.0, 1000.0, 1000.0, 1000.0, 1000.0, 1000.0, 53.2]
time: [6.65, 8.17, 11.06, 16.44, 1000, 1000, 1000, 1000, 1000, 1000, 1000, 1000, 1000, 1000]
current_hyper_parameter
v: [20.95, 30.29, 13.46, 34.71, 9.51, 29.63, 12.37, 15.86, 28.01, 23.61, 33.38, 32.46, 20.61, 27.61]
a: [37.91, 113.82, 104.33, 113.54, 29.56, 31.45, 109.79, 92.23, 135.63, 135.81, 94.17, 24.06, 84.95, 58.24]
d: [4.63, 5.05, 3.59, 4.01, 4.76, 3.94, 5.38, 3.84, 3.85, 6.49, 4.87, 4.73, 4.41, 2.0]
BEST_hyper_parameter
v: [15.48, 15.47, 19.92, 20.53, 21.71, 25.02, 29.63, 13.03, 30.59, 12.59, 18.22, 29.03, 25.75, 29.85]
a: [90.59, 46.94, 21.92, 37.71, 120.42, 73.3, 65.44, 97.55, 57.94, 57.38, 55.52, 50.37, 53.92, 149.49]
d: [4.61, 3.65, 5.72, 4.28, 5.39, 5.65, 6.26, 4.59, 3.56, 5.05, 6.06, 3.56, 5.95, 2.0]

iteration: 98
best: [1000.0, 1000.0, 1000.0, 1000.0, 1000.0, 1000.0, 1000.0, 1000.0, 1000.0, 1000.0, 1000.0, 1000.0, 1000.0, 53.2]
time: [5.68, 6.92, 9.13, 14.93, 1000, 1000, 1000, 1000, 1000, 1000, 1000, 1000, 1000, 1000]
current_hyper_parameter
v: [34.77, 27.32, 25.59, 16.08, 11.58, 28.58, 14.47, 34.96, 21.57, 21.94, 30.14, 14.82, 12.59, 11.54]
a: [148.47, 158.02, 158.86, 30.83, 25.6, 81.48, 111.62, 95.15, 99.5, 108.61, 128.98, 79.21, 47.06, 63.69]
d: [5.64, 4.77, 3.71, 3.55, 3.92, 6.46, 3.89, 4.36, 5.28, 5.72, 6.24, 3.94, 3.51, 2.0]
BEST_hyper_parameter
v: [15.48, 15.47, 19.92, 20.53, 21.71, 25.02, 29.63, 13.03, 30.59, 12.59, 18.22, 29.03, 25.75, 29.85]
a: [90.59, 46.94, 21.92, 37.71, 120.42, 73.3, 65.44, 97.55, 57.94, 57.38, 55.52, 50.37, 53.92, 149.49]
d: [4.61, 3.65, 5.72, 4.28, 5.39, 5.65, 6.26, 4.59, 3.56, 5.05, 6.06, 3.56, 5.95, 2.0]

iteration: 99
best: [1000.0, 1000.0, 1000.0, 1000.0, 1000.0, 1000.0, 1000.0, 1000.0, 1000.0, 1000.0, 1000.0, 1000.0, 1000.0, 53.2]
time: [5.79, 7.34, 10.15, 12.37, 18.1, 24.24, 35.46, 38.08, 39.49, 41.2, 47.79, 50.09, 1000, 1000]
current_hyper_parameter
v: [26.08, 28.47, 30.28, 32.87, 20.74, 8.98, 26.55, 33.7, 29.14, 13.96, 33.59, 17.05, 18.11, 33.9]
a: [114.42, 80.09, 84.63, 107.29, 109.57, 79.73, 105.85, 88.22, 123.75, 73.35, 52.58, 108.14, 116.41, 33.95]
d: [5.19, 3.96, 3.9, 5.22, 4.24, 5.04, 6.06, 4.61, 6.14, 4.98, 5.58, 6.12, 5.93, 2.0]
BEST_hyper_parameter
v: [15.48, 15.47, 19.92, 20.53, 21.71, 25.02, 29.63, 13.03, 30.59, 12.59, 18.22, 29.03, 25.75, 29.85]
a: [90.59, 46.94, 21.92, 37.71, 120.42, 73.3, 65.44, 97.55, 57.94, 57.38, 55.52, 50.37, 53.92, 149.49]
d: [4.61, 3.65, 5.72, 4.28, 5.39, 5.65, 6.26, 4.59, 3.56, 5.05, 6.06, 3.56, 5.95, 2.0]

iteration: 100
best: [1000.0, 1000.0, 1000.0, 1000.0, 1000.0, 1000.0, 1000.0, 1000.0, 1000.0, 1000.0, 1000.0, 1000.0, 1000.0, 53.2]
time: [5.8, 7.45, 10.31, 13.35, 19.3, 24.64, 46.37, 53.06, 58.3, 1000, 1000, 1000, 1000, 1000]
current_hyper_parameter
v: [22.57, 24.72, 20.08, 12.26, 31.21, 31.01, 10.2, 28.78, 12.04, 30.63, 8.62, 18.24, 24.34, 28.56]
a: [139.62, 66.03, 121.84, 48.96, 90.35, 49.06, 116.13, 56.46, 37.26, 24.24, 87.75, 44.16, 151.69, 139.55]
d: [5.14, 5.51, 4.77, 5.05, 5.22, 4.04, 4.47, 5.1, 4.64, 5.01, 3.81, 6.22, 4.74, 2.0]
BEST_hyper_parameter
v: [15.48, 15.47, 19.92, 20.53, 21.71, 25.02, 29.63, 13.03, 30.59, 12.59, 18.22, 29.03, 25.75, 29.85]
a: [90.59, 46.94, 21.92, 37.71, 120.42, 73.3, 65.44, 97.55, 57.94, 57.38, 55.52, 50.37, 53.92, 149.49]
d: [4.61, 3.65, 5.72, 4.28, 5.39, 5.65, 6.26, 4.59, 3.56, 5.05, 6.06, 3.56, 5.95, 2.0]

iteration: 101
best: [1000.0, 1000.0, 1000.0, 1000.0, 1000.0, 1000.0, 1000.0, 1000.0, 1000.0, 1000.0, 1000.0, 1000.0, 1000.0, 53.2]
time: [5.81, 7.59, 14.9, 19.48, 21.79, 25.92, 44.81, 48.3, 49.85, 51.37, 1000, 1000, 1000, 1000]
current_hyper_parameter
v: [34.78, 33.33, 8.88, 27.61, 33.26, 12.0, 9.45, 18.76, 16.85, 23.81, 18.46, 11.46, 13.56, 12.04]
a: [98.39, 37.07, 89.03, 50.35, 140.29, 143.64, 62.57, 72.04, 140.1, 91.75, 99.18, 117.1, 41.49, 57.05]
d: [3.6, 6.36, 6.48, 5.33, 3.71, 4.12, 4.64, 6.3, 3.8, 5.88, 4.96, 4.75, 3.91, 2.0]
BEST_hyper_parameter
v: [15.48, 15.47, 19.92, 20.53, 21.71, 25.02, 29.63, 13.03, 30.59, 12.59, 18.22, 29.03, 25.75, 29.85]
a: [90.59, 46.94, 21.92, 37.71, 120.42, 73.3, 65.44, 97.55, 57.94, 57.38, 55.52, 50.37, 53.92, 149.49]
d: [4.61, 3.65, 5.72, 4.28, 5.39, 5.65, 6.26, 4.59, 3.56, 5.05, 6.06, 3.56, 5.95, 2.0]

iteration: 102
best: [1000.0, 1000.0, 1000.0, 1000.0, 1000.0, 1000.0, 1000.0, 1000.0, 1000.0, 1000.0, 1000.0, 1000.0, 1000.0, 53.2]
time: [6.1, 8.43, 11.25, 16.63, 32.71, 1000, 1000, 1000, 1000, 1000, 1000, 1000, 1000, 1000]
current_hyper_parameter
v: [16.05, 34.8, 24.97, 28.53, 31.64, 23.91, 24.33, 13.94, 18.85, 32.11, 27.49, 23.05, 27.74, 14.84]
a: [95.5, 24.48, 122.66, 156.32, 113.53, 42.7, 152.66, 60.6, 114.14, 151.49, 53.73, 22.22, 117.88, 133.95]
d: [5.32, 3.93, 6.17, 4.9, 6.38, 5.64, 4.81, 6.04, 5.85, 3.87, 6.39, 6.47, 5.48, 2.0]
BEST_hyper_parameter
v: [15.48, 15.47, 19.92, 20.53, 21.71, 25.02, 29.63, 13.03, 30.59, 12.59, 18.22, 29.03, 25.75, 29.85]
a: [90.59, 46.94, 21.92, 37.71, 120.42, 73.3, 65.44, 97.55, 57.94, 57.38, 55.52, 50.37, 53.92, 149.49]
d: [4.61, 3.65, 5.72, 4.28, 5.39, 5.65, 6.26, 4.59, 3.56, 5.05, 6.06, 3.56, 5.95, 2.0]

iteration: 103
best: [1000.0, 1000.0, 1000.0, 1000.0, 1000.0, 1000.0, 1000.0, 1000.0, 1000.0, 1000.0, 1000.0, 1000.0, 1000.0, 53.2]
time: [6.63, 8.56, 11.41, 14.82, 18.49, 24.53, 39.22, 45.83, 49.55, 52.02, 53.16, 54.5, 1000, 1000]
current_hyper_parameter
v: [24.91, 16.76, 22.23, 8.9, 11.57, 30.58, 23.65, 29.34, 11.48, 34.83, 34.3, 18.86, 16.59, 10.11]
a: [45.18, 88.47, 104.86, 79.92, 73.05, 24.69, 51.55, 35.23, 139.88, 33.69, 87.67, 84.58, 97.7, 140.51]
d: [4.64, 4.28, 4.37, 4.33, 3.66, 4.49, 5.03, 5.24, 5.6, 5.31, 3.95, 4.84, 5.28, 2.0]
BEST_hyper_parameter
v: [15.48, 15.47, 19.92, 20.53, 21.71, 25.02, 29.63, 13.03, 30.59, 12.59, 18.22, 29.03, 25.75, 29.85]
a: [90.59, 46.94, 21.92, 37.71, 120.42, 73.3, 65.44, 97.55, 57.94, 57.38, 55.52, 50.37, 53.92, 149.49]
d: [4.61, 3.65, 5.72, 4.28, 5.39, 5.65, 6.26, 4.59, 3.56, 5.05, 6.06, 3.56, 5.95, 2.0]

iteration: 104
best: [1000.0, 1000.0, 1000.0, 1000.0, 1000.0, 1000.0, 1000.0, 1000.0, 1000.0, 1000.0, 1000.0, 1000.0, 1000.0, 53.2]
time: [6.52, 7.97, 10.34, 15.49, 24.3, 26.98, 42.92, 45.99, 47.71, 1000, 1000, 1000, 1000, 1000]
current_hyper_parameter
v: [28.36, 28.26, 25.69, 31.58, 22.85, 32.06, 15.1, 25.28, 18.27, 29.97, 33.37, 25.51, 8.9, 9.9]
a: [45.64, 149.97, 104.85, 121.92, 76.37, 139.23, 152.84, 56.43, 70.75, 138.54, 22.98, 40.53, 86.33, 84.82]
d: [5.58, 5.44, 6.15, 5.0, 4.13, 5.83, 4.61, 5.56, 4.54, 6.49, 3.64, 5.87, 3.83, 2.0]
BEST_hyper_parameter
v: [15.48, 15.47, 19.92, 20.53, 21.71, 25.02, 29.63, 13.03, 30.59, 12.59, 18.22, 29.03, 25.75, 29.85]
a: [90.59, 46.94, 21.92, 37.71, 120.42, 73.3, 65.44, 97.55, 57.94, 57.38, 55.52, 50.37, 53.92, 149.49]
d: [4.61, 3.65, 5.72, 4.28, 5.39, 5.65, 6.26, 4.59, 3.56, 5.05, 6.06, 3.56, 5.95, 2.0]

iteration: 105
best: [1000.0, 1000.0, 1000.0, 1000.0, 1000.0, 1000.0, 1000.0, 1000.0, 1000.0, 1000.0, 1000.0, 1000.0, 1000.0, 53.2]
time: [5.67, 7.04, 9.31, 12.32, 16.1, 18.98, 28.49, 34.02, 35.39, 37.12, 1000, 1000, 1000, 1000]
current_hyper_parameter
v: [32.41, 25.39, 28.6, 29.52, 31.52, 34.6, 33.74, 29.25, 20.28, 13.19, 24.89, 23.61, 24.14, 12.01]
a: [150.03, 110.01, 148.29, 39.46, 47.21, 120.13, 67.16, 112.56, 133.93, 67.96, 27.6, 64.48, 121.51, 53.11]
d: [5.22, 4.9, 4.31, 5.31, 4.09, 3.54, 5.81, 5.87, 5.2, 4.79, 4.23, 6.34, 5.57, 2.0]
BEST_hyper_parameter
v: [15.48, 15.47, 19.92, 20.53, 21.71, 25.02, 29.63, 13.03, 30.59, 12.59, 18.22, 29.03, 25.75, 29.85]
a: [90.59, 46.94, 21.92, 37.71, 120.42, 73.3, 65.44, 97.55, 57.94, 57.38, 55.52, 50.37, 53.92, 149.49]
d: [4.61, 3.65, 5.72, 4.28, 5.39, 5.65, 6.26, 4.59, 3.56, 5.05, 6.06, 3.56, 5.95, 2.0]

iteration: 106
best: [1000.0, 1000.0, 1000.0, 1000.0, 1000.0, 1000.0, 1000.0, 1000.0, 1000.0, 1000.0, 1000.0, 1000.0, 1000.0, 53.2]
time: [6.02, 7.94, 12.13, 15.86, 22.61, 27.35, 38.19, 52.62, 1000, 1000, 1000, 1000, 1000, 1000]
current_hyper_parameter
v: [16.12, 32.38, 8.54, 29.68, 10.25, 34.35, 25.54, 29.11, 28.08, 12.18, 30.83, 21.89, 25.39, 14.55]
a: [107.05, 49.83, 107.65, 38.6, 154.74, 50.76, 135.39, 152.23, 100.11, 149.84, 70.52, 144.51, 58.89, 22.66]
d: [4.62, 4.94, 4.67, 6.18, 6.03, 3.66, 5.67, 5.48, 5.14, 5.83, 5.09, 4.67, 4.24, 2.0]
BEST_hyper_parameter
v: [15.48, 15.47, 19.92, 20.53, 21.71, 25.02, 29.63, 13.03, 30.59, 12.59, 18.22, 29.03, 25.75, 29.85]
a: [90.59, 46.94, 21.92, 37.71, 120.42, 73.3, 65.44, 97.55, 57.94, 57.38, 55.52, 50.37, 53.92, 149.49]
d: [4.61, 3.65, 5.72, 4.28, 5.39, 5.65, 6.26, 4.59, 3.56, 5.05, 6.06, 3.56, 5.95, 2.0]

iteration: 107
best: [1000.0, 1000.0, 1000.0, 1000.0, 1000.0, 1000.0, 1000.0, 1000.0, 1000.0, 1000.0, 1000.0, 1000.0, 1000.0, 53.2]
time: [5.87, 7.43, 10.99, 16.84, 1000, 1000, 1000, 1000, 1000, 1000, 1000, 1000, 1000, 1000]
current_hyper_parameter
v: [22.33, 27.27, 13.93, 20.02, 20.98, 23.2, 17.93, 25.64, 34.68, 14.91, 24.91, 20.35, 24.17, 10.53]
a: [96.67, 84.16, 22.02, 145.79, 28.18, 29.62, 63.1, 93.37, 150.27, 141.68, 48.36, 77.63, 31.63, 68.26]
d: [3.87, 5.95, 4.66, 3.7, 6.21, 5.41, 5.82, 4.43, 4.78, 4.39, 3.87, 4.26, 5.59, 2.0]
BEST_hyper_parameter
v: [15.48, 15.47, 19.92, 20.53, 21.71, 25.02, 29.63, 13.03, 30.59, 12.59, 18.22, 29.03, 25.75, 29.85]
a: [90.59, 46.94, 21.92, 37.71, 120.42, 73.3, 65.44, 97.55, 57.94, 57.38, 55.52, 50.37, 53.92, 149.49]
d: [4.61, 3.65, 5.72, 4.28, 5.39, 5.65, 6.26, 4.59, 3.56, 5.05, 6.06, 3.56, 5.95, 2.0]

iteration: 108
best: [1000.0, 1000.0, 1000.0, 1000.0, 1000.0, 1000.0, 1000.0, 1000.0, 1000.0, 1000.0, 1000.0, 1000.0, 1000.0, 53.2]
time: [5.75, 7.43, 10.71, 16.13, 21.55, 27.88, 39.09, 41.55, 42.64, 47.09, 1000, 1000, 1000, 1000]
current_hyper_parameter
v: [21.0, 23.55, 15.01, 22.93, 32.76, 33.31, 27.71, 24.05, 34.63, 33.34, 15.35, 18.03, 11.41, 24.67]
a: [145.29, 63.22, 109.96, 109.99, 108.37, 51.9, 80.5, 141.32, 135.35, 126.46, 147.39, 26.56, 127.18, 90.08]
d: [4.5, 3.91, 5.15, 4.57, 5.03, 5.29, 5.45, 5.85, 4.92, 6.17, 5.75, 4.41, 4.77, 2.0]
BEST_hyper_parameter
v: [15.48, 15.47, 19.92, 20.53, 21.71, 25.02, 29.63, 13.03, 30.59, 12.59, 18.22, 29.03, 25.75, 29.85]
a: [90.59, 46.94, 21.92, 37.71, 120.42, 73.3, 65.44, 97.55, 57.94, 57.38, 55.52, 50.37, 53.92, 149.49]
d: [4.61, 3.65, 5.72, 4.28, 5.39, 5.65, 6.26, 4.59, 3.56, 5.05, 6.06, 3.56, 5.95, 2.0]

iteration: 109
best: [1000.0, 1000.0, 1000.0, 1000.0, 1000.0, 1000.0, 1000.0, 1000.0, 1000.0, 1000.0, 1000.0, 1000.0, 1000.0, 53.2]
time: [5.85, 7.48, 10.93, 13.92, 19.93, 40.54, 50.9, 1000, 1000, 1000, 1000, 1000, 1000, 1000]
current_hyper_parameter
v: [34.26, 24.13, 33.13, 12.5, 12.85, 17.66, 26.63, 13.55, 9.95, 17.29, 33.33, 32.57, 25.53, 30.48]
a: [88.76, 68.09, 48.22, 131.25, 145.3, 156.93, 121.65, 78.92, 108.04, 42.8, 111.18, 84.58, 26.37, 46.79]
d: [4.15, 3.93, 5.95, 3.88, 5.51, 4.63, 5.1, 4.9, 6.23, 5.58, 3.66, 6.3, 5.44, 2.0]
BEST_hyper_parameter
v: [15.48, 15.47, 19.92, 20.53, 21.71, 25.02, 29.63, 13.03, 30.59, 12.59, 18.22, 29.03, 25.75, 29.85]
a: [90.59, 46.94, 21.92, 37.71, 120.42, 73.3, 65.44, 97.55, 57.94, 57.38, 55.52, 50.37, 53.92, 149.49]
d: [4.61, 3.65, 5.72, 4.28, 5.39, 5.65, 6.26, 4.59, 3.56, 5.05, 6.06, 3.56, 5.95, 2.0]

iteration: 110
best: [1000.0, 1000.0, 1000.0, 1000.0, 1000.0, 1000.0, 1000.0, 1000.0, 1000.0, 1000.0, 1000.0, 1000.0, 1000.0, 53.2]
time: [5.95, 7.63, 9.89, 12.38, 17.9, 53.67, 1000, 1000, 1000, 1000, 1000, 1000, 1000, 1000]
current_hyper_parameter
v: [34.62, 26.62, 28.6, 13.49, 34.82, 22.54, 18.45, 26.27, 9.63, 22.71, 25.86, 8.81, 8.81, 29.93]
a: [83.24, 101.58, 159.65, 94.4, 87.61, 74.01, 50.02, 155.76, 34.58, 37.27, 50.09, 136.49, 108.89, 34.12]
d: [3.64, 5.32, 5.39, 5.17, 5.68, 5.37, 3.6, 3.68, 4.73, 5.93, 3.5, 6.32, 4.11, 2.0]
BEST_hyper_parameter
v: [15.48, 15.47, 19.92, 20.53, 21.71, 25.02, 29.63, 13.03, 30.59, 12.59, 18.22, 29.03, 25.75, 29.85]
a: [90.59, 46.94, 21.92, 37.71, 120.42, 73.3, 65.44, 97.55, 57.94, 57.38, 55.52, 50.37, 53.92, 149.49]
d: [4.61, 3.65, 5.72, 4.28, 5.39, 5.65, 6.26, 4.59, 3.56, 5.05, 6.06, 3.56, 5.95, 2.0]

iteration: 111
best: [1000.0, 1000.0, 1000.0, 1000.0, 1000.0, 1000.0, 1000.0, 1000.0, 1000.0, 1000.0, 1000.0, 1000.0, 1000.0, 53.2]
time: [5.7, 7.26, 11.02, 14.34, 20.35, 23.19, 35.79, 39.0, 1000, 1000, 1000, 1000, 1000, 1000]
current_hyper_parameter
v: [25.33, 15.59, 12.59, 33.79, 32.3, 23.47, 18.53, 17.31, 10.45, 20.88, 33.23, 15.89, 23.88, 18.17]
a: [152.49, 139.09, 30.64, 56.99, 63.34, 114.31, 46.66, 71.6, 105.52, 66.27, 122.51, 125.36, 75.45, 145.69]
d: [4.7, 4.53, 4.13, 4.47, 4.06, 5.24, 5.77, 4.18, 6.22, 5.3, 3.95, 5.28, 4.78, 2.0]
BEST_hyper_parameter
v: [15.48, 15.47, 19.92, 20.53, 21.71, 25.02, 29.63, 13.03, 30.59, 12.59, 18.22, 29.03, 25.75, 29.85]
a: [90.59, 46.94, 21.92, 37.71, 120.42, 73.3, 65.44, 97.55, 57.94, 57.38, 55.52, 50.37, 53.92, 149.49]
d: [4.61, 3.65, 5.72, 4.28, 5.39, 5.65, 6.26, 4.59, 3.56, 5.05, 6.06, 3.56, 5.95, 2.0]

iteration: 112
best: [1000.0, 1000.0, 1000.0, 1000.0, 1000.0, 1000.0, 1000.0, 1000.0, 1000.0, 1000.0, 1000.0, 1000.0, 1000.0, 53.2]
time: [6.8, 8.43, 11.84, 16.04, 25.83, 46.03, 1000, 1000, 1000, 1000, 1000, 1000, 1000, 1000]
current_hyper_parameter
v: [16.68, 23.02, 8.89, 29.34, 26.92, 26.67, 22.03, 30.26, 17.17, 10.37, 27.82, 11.97, 33.89, 10.48]
a: [39.88, 138.68, 50.91, 37.94, 109.5, 145.11, 92.68, 51.0, 140.3, 148.21, 140.63, 61.85, 128.7, 149.89]
d: [4.01, 5.23, 6.41, 3.66, 6.2, 4.35, 3.79, 5.9, 6.38, 6.18, 5.45, 5.65, 5.23, 2.0]
BEST_hyper_parameter
v: [15.48, 15.47, 19.92, 20.53, 21.71, 25.02, 29.63, 13.03, 30.59, 12.59, 18.22, 29.03, 25.75, 29.85]
a: [90.59, 46.94, 21.92, 37.71, 120.42, 73.3, 65.44, 97.55, 57.94, 57.38, 55.52, 50.37, 53.92, 149.49]
d: [4.61, 3.65, 5.72, 4.28, 5.39, 5.65, 6.26, 4.59, 3.56, 5.05, 6.06, 3.56, 5.95, 2.0]

iteration: 113
best: [1000.0, 1000.0, 1000.0, 1000.0, 1000.0, 1000.0, 1000.0, 1000.0, 1000.0, 1000.0, 1000.0, 1000.0, 1000.0, 53.2]
time: [5.89, 7.88, 11.92, 17.49, 21.08, 24.66, 45.62, 1000, 1000, 1000, 1000, 1000, 1000, 1000]
current_hyper_parameter
v: [32.77, 9.1, 17.56, 22.54, 20.16, 12.29, 10.62, 30.97, 28.64, 31.82, 13.93, 13.17, 24.7, 33.78]
a: [90.49, 55.92, 47.34, 103.03, 41.57, 66.9, 102.78, 139.13, 44.26, 143.61, 69.22, 41.91, 128.22, 74.52]
d: [5.66, 3.64, 6.28, 5.48, 5.76, 6.25, 5.14, 5.64, 5.53, 5.84, 5.51, 5.79, 4.95, 2.0]
BEST_hyper_parameter
v: [15.48, 15.47, 19.92, 20.53, 21.71, 25.02, 29.63, 13.03, 30.59, 12.59, 18.22, 29.03, 25.75, 29.85]
a: [90.59, 46.94, 21.92, 37.71, 120.42, 73.3, 65.44, 97.55, 57.94, 57.38, 55.52, 50.37, 53.92, 149.49]
d: [4.61, 3.65, 5.72, 4.28, 5.39, 5.65, 6.26, 4.59, 3.56, 5.05, 6.06, 3.56, 5.95, 2.0]

iteration: 114
best: [1000.0, 1000.0, 1000.0, 1000.0, 1000.0, 1000.0, 1000.0, 1000.0, 1000.0, 1000.0, 1000.0, 1000.0, 1000.0, 53.2]
time: [6.15, 7.98, 10.7, 13.51, 19.24, 23.63, 36.39, 38.87, 1000, 1000, 1000, 1000, 1000, 1000]
current_hyper_parameter
v: [12.83, 13.71, 27.7, 25.27, 22.23, 19.6, 19.92, 25.87, 10.81, 13.8, 11.15, 34.48, 22.08, 29.03]
a: [122.07, 140.66, 100.42, 49.77, 107.65, 63.22, 148.83, 155.88, 122.6, 122.78, 61.94, 126.33, 81.75, 42.66]
d: [6.34, 4.68, 4.19, 6.23, 3.56, 4.05, 3.99, 5.95, 6.01, 4.35, 3.9, 6.35, 4.48, 2.0]
BEST_hyper_parameter
v: [15.48, 15.47, 19.92, 20.53, 21.71, 25.02, 29.63, 13.03, 30.59, 12.59, 18.22, 29.03, 25.75, 29.85]
a: [90.59, 46.94, 21.92, 37.71, 120.42, 73.3, 65.44, 97.55, 57.94, 57.38, 55.52, 50.37, 53.92, 149.49]
d: [4.61, 3.65, 5.72, 4.28, 5.39, 5.65, 6.26, 4.59, 3.56, 5.05, 6.06, 3.56, 5.95, 2.0]

iteration: 115
best: [1000.0, 1000.0, 1000.0, 1000.0, 1000.0, 1000.0, 1000.0, 1000.0, 1000.0, 1000.0, 1000.0, 1000.0, 1000.0, 53.2]
time: [5.92, 7.86, 11.56, 14.52, 21.85, 25.41, 35.34, 37.81, 1000, 1000, 1000, 1000, 1000, 1000]
current_hyper_parameter
v: [19.42, 13.94, 19.85, 18.42, 8.53, 17.12, 28.33, 27.7, 29.04, 17.02, 9.33, 12.14, 30.27, 15.4]
a: [85.89, 30.97, 49.07, 64.71, 128.52, 135.62, 104.99, 124.58, 42.24, 112.9, 60.04, 92.14, 54.81, 25.32]
d: [4.11, 4.47, 5.58, 5.61, 4.22, 4.92, 6.14, 5.39, 6.48, 5.16, 5.25, 4.91, 5.83, 2.0]
BEST_hyper_parameter
v: [15.48, 15.47, 19.92, 20.53, 21.71, 25.02, 29.63, 13.03, 30.59, 12.59, 18.22, 29.03, 25.75, 29.85]
a: [90.59, 46.94, 21.92, 37.71, 120.42, 73.3, 65.44, 97.55, 57.94, 57.38, 55.52, 50.37, 53.92, 149.49]
d: [4.61, 3.65, 5.72, 4.28, 5.39, 5.65, 6.26, 4.59, 3.56, 5.05, 6.06, 3.56, 5.95, 2.0]

iteration: 116
best: [1000.0, 1000.0, 1000.0, 1000.0, 1000.0, 1000.0, 1000.0, 1000.0, 1000.0, 1000.0, 1000.0, 1000.0, 1000.0, 53.2]
time: [6.33, 8.42, 12.69, 21.55, 28.11, 54.38, 1000, 1000, 1000, 1000, 1000, 1000, 1000, 1000]
current_hyper_parameter
v: [27.41, 12.12, 26.66, 33.59, 17.27, 15.82, 20.77, 9.86, 25.76, 15.26, 21.19, 16.86, 10.7, 32.02]
a: [51.44, 145.29, 26.55, 21.34, 95.75, 49.43, 21.42, 55.81, 131.44, 134.59, 95.3, 74.7, 86.79, 45.93]
d: [5.37, 4.45, 4.52, 3.55, 5.61, 6.13, 6.17, 4.5, 6.43, 5.31, 5.33, 3.55, 4.34, 2.0]
BEST_hyper_parameter
v: [15.48, 15.47, 19.92, 20.53, 21.71, 25.02, 29.63, 13.03, 30.59, 12.59, 18.22, 29.03, 25.75, 29.85]
a: [90.59, 46.94, 21.92, 37.71, 120.42, 73.3, 65.44, 97.55, 57.94, 57.38, 55.52, 50.37, 53.92, 149.49]
d: [4.61, 3.65, 5.72, 4.28, 5.39, 5.65, 6.26, 4.59, 3.56, 5.05, 6.06, 3.56, 5.95, 2.0]

iteration: 117
best: [1000.0, 1000.0, 1000.0, 1000.0, 1000.0, 1000.0, 1000.0, 1000.0, 1000.0, 1000.0, 1000.0, 1000.0, 1000.0, 53.2]
time: [5.75, 6.97, 9.11, 14.23, 1000, 1000, 1000, 1000, 1000, 1000, 1000, 1000, 1000, 1000]
current_hyper_parameter
v: [34.92, 32.19, 31.66, 29.04, 29.63, 13.03, 26.49, 12.22, 34.04, 30.93, 27.26, 28.08, 16.31, 15.77]
a: [100.8, 144.35, 141.83, 155.6, 62.32, 87.2, 63.65, 122.11, 21.49, 32.71, 116.82, 36.96, 53.05, 156.13]
d: [4.07, 5.38, 4.26, 6.03, 5.26, 4.08, 5.58, 4.46, 3.97, 6.27, 6.44, 4.13, 6.29, 2.0]
BEST_hyper_parameter
v: [15.48, 15.47, 19.92, 20.53, 21.71, 25.02, 29.63, 13.03, 30.59, 12.59, 18.22, 29.03, 25.75, 29.85]
a: [90.59, 46.94, 21.92, 37.71, 120.42, 73.3, 65.44, 97.55, 57.94, 57.38, 55.52, 50.37, 53.92, 149.49]
d: [4.61, 3.65, 5.72, 4.28, 5.39, 5.65, 6.26, 4.59, 3.56, 5.05, 6.06, 3.56, 5.95, 2.0]
