
iteration: 1
best: [1000.0, 1000.0, 1000.0, 1000.0, 1000.0, 1000.0, 1000.0, 1000.0, 1000.0, 1000.0, 1000.0, 1000.0, 1000.0, 1000.0]
time: [6.59, 9.03, 13.34, 17.05, 21.05, 25.18, 46.12, 50.96, 53.23, 56.19, 58.11, 60.71, 63.64, 65.48]
current_hyper_parameter
v: [12.0, 12.0, 12.0, 12.0, 12.0, 12.0, 12.0, 12.0, 12.0, 12.0, 12.0, 12.0, 12.0, 12.0]
a: [50.0, 50.0, 50.0, 50.0, 50.0, 50.0, 50.0, 50.0, 50.0, 50.0, 50.0, 50.0, 50.0, 50.0]
d: [3.5, 3.5, 3.5, 3.5, 3.5, 3.5, 3.5, 3.5, 3.5, 3.5, 3.5, 3.5, 3.5, 2.0]
BEST_hyper_parameter
v: [12.0, 12.0, 12.0, 12.0, 12.0, 12.0, 12.0, 12.0, 12.0, 12.0, 12.0, 12.0, 12.0, 12.0]
a: [50.0, 50.0, 50.0, 50.0, 50.0, 50.0, 50.0, 50.0, 50.0, 50.0, 50.0, 50.0, 50.0, 50.0]
d: [3.5, 3.5, 3.5, 3.5, 3.5, 3.5, 3.5, 3.5, 3.5, 3.5, 3.5, 3.5, 3.5, 2.0]

iteration: 2
best: [6.59, 9.03, 13.34, 17.05, 21.05, 25.18, 46.12, 50.96, 53.23, 56.19, 58.11, 60.71, 63.64, 65.48]
time: [6.1, 7.99, 11.88, 15.1, 20.79, 24.06, 37.42, 42.06, 43.8, 50.1, 1000.0, 1000.0, 1000.0, 1000.0]
current_hyper_parameter
v: [30.68, 26.79, 10.67, 23.01, 22.39, 32.96, 33.85, 10.2, 15.2, 11.33, 32.86, 33.7, 8.66, 31.26]
a: [67.44, 58.31, 98.73, 42.29, 105.45, 102.53, 27.96, 32.85, 147.3, 64.22, 40.16, 86.32, 147.16, 152.6]
d: [4.62, 4.86, 5.51, 5.45, 6.44, 6.22, 6.23, 4.26, 4.0, 4.5, 6.03, 3.71, 4.95, 4.17]
BEST_hyper_parameter
v: [12.0, 12.0, 12.0, 12.0, 12.0, 12.0, 12.0, 12.0, 12.0, 12.0, 12.0, 12.0, 12.0, 12.0]
a: [50.0, 50.0, 50.0, 50.0, 50.0, 50.0, 50.0, 50.0, 50.0, 50.0, 50.0, 50.0, 50.0, 50.0]
d: [3.5, 3.5, 3.5, 3.5, 3.5, 3.5, 3.5, 3.5, 3.5, 3.5, 3.5, 3.5, 3.5, 2.0]
