
iteration: 1
best: [1000.0, 1000.0, 1000.0, 1000.0, 1000.0, 1000.0, 1000.0, 1000.0, 1000.0, 1000.0, 1000.0, 1000.0, 1000.0, 1000.0]
time: [6.55, 8.99, 13.33, 17.11, 24.18, 28.09, 48.42, 52.44, 54.62, 57.22, 59.02, 62.09, 67.88, 69.67]
current_hyper_parameter
v: [12.0, 12.0, 12.0, 12.0, 12.0, 12.0, 12.0, 12.0, 12.0, 12.0, 12.0, 12.0, 12.0, 12.0]
a: [50.0, 50.0, 50.0, 50.0, 50.0, 50.0, 50.0, 50.0, 50.0, 50.0, 50.0, 50.0, 50.0, 50.0]
d: [3.5, 3.5, 3.5, 3.5, 3.5, 3.5, 3.5, 3.5, 3.5, 3.5, 3.5, 3.5, 3.5, 2.0]
BEST_hyper_parameter
v: [12.0, 12.0, 12.0, 12.0, 12.0, 12.0, 12.0, 12.0, 12.0, 12.0, 12.0, 12.0, 12.0, 12.0]
a: [50.0, 50.0, 50.0, 50.0, 50.0, 50.0, 50.0, 50.0, 50.0, 50.0, 50.0, 50.0, 50.0, 50.0]
d: [3.5, 3.5, 3.5, 3.5, 3.5, 3.5, 3.5, 3.5, 3.5, 3.5, 3.5, 3.5, 3.5, 2.0]

iteration: 2
best: [6.55, 8.99, 13.33, 17.11, 24.18, 28.09, 48.42, 52.44, 54.62, 57.22, 59.02, 62.09, 67.88, 69.67]
time: [6.6, 9.09, 13.5, 17.3, 21.15, 25.4, 45.93, 50.72, 52.99, 55.88, 57.93, 60.59, 63.1, 64.79]
current_hyper_parameter
v: [12.0, 12.0, 12.0, 12.0, 12.0, 12.0, 12.0, 12.0, 12.0, 12.0, 12.0, 12.0, 12.0, 12.0]
a: [50.0, 50.0, 50.0, 50.0, 50.0, 50.0, 50.0, 50.0, 50.0, 50.0, 42.71, 50.0, 50.0, 50.0]
d: [3.5, 3.5, 3.5, 3.5, 3.5, 3.5, 3.5, 3.5, 3.5, 3.5, 3.5, 3.5, 3.5, 2.0]
BEST_hyper_parameter
v: [12.0, 12.0, 12.0, 12.0, 12.0, 12.0, 12.0, 12.0, 12.0, 12.0, 12.0, 12.0, 12.0, 12.0]
a: [50.0, 50.0, 50.0, 50.0, 50.0, 50.0, 50.0, 50.0, 50.0, 50.0, 50.0, 50.0, 50.0, 50.0]
d: [3.5, 3.5, 3.5, 3.5, 3.5, 3.5, 3.5, 3.5, 3.5, 3.5, 3.5, 3.5, 3.5, 2.0]

iteration: 3
best: [6.6, 9.09, 13.5, 17.3, 21.15, 25.4, 45.93, 50.72, 52.99, 55.88, 57.93, 60.59, 63.1, 64.79]
time: [6.72, 9.18, 13.57, 17.46, 24.57, 28.62, 51.12, 55.39, 57.63, 60.22, 62.16, 65.12, 1000.0, 1000.0]
current_hyper_parameter
v: [12.0, 12.0, 12.0, 12.0, 12.0, 12.0, 11.52, 12.0, 12.0, 12.0, 12.0, 12.0, 12.0, 12.0]
a: [50.0, 50.0, 50.0, 50.0, 50.0, 50.0, 50.0, 50.0, 50.0, 50.0, 42.71, 50.0, 50.0, 76.54]
d: [3.5, 3.5, 3.5, 3.5, 3.5, 3.5, 3.5, 3.5, 3.5, 3.5, 3.5, 3.5, 3.5, 2.0]
BEST_hyper_parameter
v: [12.0, 12.0, 12.0, 12.0, 12.0, 12.0, 12.0, 12.0, 12.0, 12.0, 12.0, 12.0, 12.0, 12.0]
a: [50.0, 50.0, 50.0, 50.0, 50.0, 50.0, 50.0, 50.0, 50.0, 50.0, 42.71, 50.0, 50.0, 50.0]
d: [3.5, 3.5, 3.5, 3.5, 3.5, 3.5, 3.5, 3.5, 3.5, 3.5, 3.5, 3.5, 3.5, 2.0]

iteration: 4
best: [6.6, 9.09, 13.5, 17.3, 21.15, 25.4, 45.93, 50.72, 52.99, 55.88, 57.93, 60.59, 63.1, 64.79]
time: [6.59, 9.06, 13.2, 16.85, 20.23, 24.59, 45.01, 49.24, 51.53, 54.42, 56.32, 59.33, 1000.0, 1000.0]
current_hyper_parameter
v: [12.0, 12.0, 12.0, 12.0, 31.69, 12.0, 12.0, 12.0, 12.0, 12.0, 12.0, 12.0, 12.0, 12.0]
a: [50.0, 50.0, 84.77, 50.0, 50.0, 50.0, 50.0, 50.0, 50.0, 50.0, 42.71, 50.0, 50.0, 50.0]
d: [3.5, 3.5, 3.5, 3.5, 3.5, 3.5, 3.5, 3.5, 3.5, 3.5, 3.5, 3.5, 3.5, 2.0]
BEST_hyper_parameter
v: [12.0, 12.0, 12.0, 12.0, 12.0, 12.0, 12.0, 12.0, 12.0, 12.0, 12.0, 12.0, 12.0, 12.0]
a: [50.0, 50.0, 50.0, 50.0, 50.0, 50.0, 50.0, 50.0, 50.0, 50.0, 42.71, 50.0, 50.0, 50.0]
d: [3.5, 3.5, 3.5, 3.5, 3.5, 3.5, 3.5, 3.5, 3.5, 3.5, 3.5, 3.5, 3.5, 2.0]

iteration: 5
best: [6.6, 9.09, 13.5, 17.3, 21.15, 25.4, 45.93, 50.72, 52.99, 55.88, 57.93, 60.59, 63.1, 64.79]
time: [6.68, 9.15, 13.56, 17.47, 24.18, 28.93, 49.66, 53.77, 55.95, 58.58, 60.62, 63.23, 1000.0, 1000.0]
current_hyper_parameter
v: [12.0, 12.0, 12.0, 12.0, 12.0, 12.0, 12.0, 12.0, 12.0, 12.0, 12.0, 12.0, 12.0, 12.0]
a: [50.0, 50.0, 50.0, 50.0, 84.1, 50.0, 50.0, 50.0, 50.0, 50.0, 42.71, 50.0, 50.0, 50.0]
d: [3.5, 3.5, 3.5, 3.5, 3.5, 3.5, 3.5, 3.5, 3.5, 3.5, 3.5, 3.5, 3.5, 2.0]
BEST_hyper_parameter
v: [12.0, 12.0, 12.0, 12.0, 12.0, 12.0, 12.0, 12.0, 12.0, 12.0, 12.0, 12.0, 12.0, 12.0]
a: [50.0, 50.0, 50.0, 50.0, 50.0, 50.0, 50.0, 50.0, 50.0, 50.0, 42.71, 50.0, 50.0, 50.0]
d: [3.5, 3.5, 3.5, 3.5, 3.5, 3.5, 3.5, 3.5, 3.5, 3.5, 3.5, 3.5, 3.5, 2.0]

iteration: 6
best: [6.6, 9.09, 13.5, 17.3, 21.15, 25.4, 45.93, 50.72, 52.99, 55.88, 57.93, 60.59, 63.1, 64.79]
time: [6.7, 9.17, 13.59, 17.36, 21.24, 25.45, 45.96, 50.65, 52.91, 55.58, 57.47, 60.41, 63.35, 65.31]
current_hyper_parameter
v: [12.0, 12.0, 12.0, 12.0, 12.0, 12.0, 12.0, 12.0, 12.0, 12.0, 12.0, 12.0, 12.0, 12.0]
a: [50.0, 50.0, 50.0, 50.0, 50.0, 50.0, 50.0, 50.0, 50.0, 50.0, 42.71, 50.0, 50.0, 50.0]
d: [3.5, 3.5, 3.5, 3.5, 3.5, 3.5, 3.5, 3.5, 3.5, 3.5, 3.5, 3.5, 3.5, 2.0]
BEST_hyper_parameter
v: [12.0, 12.0, 12.0, 12.0, 12.0, 12.0, 12.0, 12.0, 12.0, 12.0, 12.0, 12.0, 12.0, 12.0]
a: [50.0, 50.0, 50.0, 50.0, 50.0, 50.0, 50.0, 50.0, 50.0, 50.0, 42.71, 50.0, 50.0, 50.0]
d: [3.5, 3.5, 3.5, 3.5, 3.5, 3.5, 3.5, 3.5, 3.5, 3.5, 3.5, 3.5, 3.5, 2.0]

iteration: 7
best: [6.6, 9.09, 13.5, 17.3, 21.15, 25.4, 45.93, 50.72, 52.99, 55.88, 57.93, 60.59, 63.1, 64.79]
time: [6.6, 9.07, 13.52, 17.33, 23.96, 27.92, 48.42, 53.24, 55.51, 58.14, 60.04, 62.25, 64.8, 66.31]
current_hyper_parameter
v: [12.0, 12.0, 12.0, 12.0, 15.49, 12.0, 12.0, 12.0, 12.0, 12.0, 12.0, 12.0, 12.0, 12.0]
a: [50.0, 50.0, 50.0, 50.0, 50.0, 50.0, 50.0, 50.0, 50.0, 50.0, 42.71, 151.99, 50.0, 50.0]
d: [3.5, 3.5, 3.5, 3.5, 3.5, 3.5, 3.5, 3.5, 3.5, 3.5, 3.5, 3.5, 3.5, 2.0]
BEST_hyper_parameter
v: [12.0, 12.0, 12.0, 12.0, 12.0, 12.0, 12.0, 12.0, 12.0, 12.0, 12.0, 12.0, 12.0, 12.0]
a: [50.0, 50.0, 50.0, 50.0, 50.0, 50.0, 50.0, 50.0, 50.0, 50.0, 42.71, 50.0, 50.0, 50.0]
d: [3.5, 3.5, 3.5, 3.5, 3.5, 3.5, 3.5, 3.5, 3.5, 3.5, 3.5, 3.5, 3.5, 2.0]

iteration: 8
best: [6.6, 9.09, 13.5, 17.3, 21.15, 25.4, 45.93, 50.72, 52.99, 55.88, 57.93, 60.59, 63.1, 64.79]
time: [6.7, 9.18, 13.58, 16.85, 20.58, 25.01, 45.48, 49.74, 51.94, 54.5, 56.45, 59.35, 62.33, 64.21]
current_hyper_parameter
v: [12.0, 12.0, 12.0, 12.0, 12.0, 12.0, 12.0, 12.0, 12.0, 12.0, 12.0, 12.0, 12.0, 12.0]
a: [50.0, 50.0, 50.0, 140.55, 50.0, 50.0, 50.0, 50.0, 50.0, 50.0, 42.71, 50.0, 50.0, 50.0]
d: [3.5, 3.5, 3.5, 3.5, 3.5, 3.5, 3.5, 3.5, 3.5, 3.5, 3.5, 3.5, 3.5, 2.0]
BEST_hyper_parameter
v: [12.0, 12.0, 12.0, 12.0, 12.0, 12.0, 12.0, 12.0, 12.0, 12.0, 12.0, 12.0, 12.0, 12.0]
a: [50.0, 50.0, 50.0, 50.0, 50.0, 50.0, 50.0, 50.0, 50.0, 50.0, 42.71, 50.0, 50.0, 50.0]
d: [3.5, 3.5, 3.5, 3.5, 3.5, 3.5, 3.5, 3.5, 3.5, 3.5, 3.5, 3.5, 3.5, 2.0]

iteration: 9
best: [6.7, 9.18, 13.58, 16.85, 20.58, 25.01, 45.48, 49.74, 51.94, 54.5, 56.45, 59.35, 62.33, 64.21]
time: [6.68, 9.15, 13.59, 16.89, 20.69, 25.0, 45.58, 49.7, 51.78, 54.3, 1000.0, 1000.0, 1000.0, 1000.0]
current_hyper_parameter
v: [12.0, 12.0, 12.0, 12.0, 12.0, 12.0, 12.0, 12.0, 20.42, 12.0, 12.0, 12.0, 12.0, 12.0]
a: [50.0, 50.0, 50.0, 140.55, 50.0, 50.0, 50.0, 50.0, 50.0, 50.0, 42.71, 50.0, 50.0, 50.0]
d: [3.5, 3.5, 3.5, 3.5, 3.5, 3.5, 3.5, 3.5, 3.5, 3.5, 3.5, 3.5, 3.5, 2.0]
BEST_hyper_parameter
v: [12.0, 12.0, 12.0, 12.0, 12.0, 12.0, 12.0, 12.0, 12.0, 12.0, 12.0, 12.0, 12.0, 12.0]
a: [50.0, 50.0, 50.0, 140.55, 50.0, 50.0, 50.0, 50.0, 50.0, 50.0, 42.71, 50.0, 50.0, 50.0]
d: [3.5, 3.5, 3.5, 3.5, 3.5, 3.5, 3.5, 3.5, 3.5, 3.5, 3.5, 3.5, 3.5, 2.0]

iteration: 10
best: [6.7, 9.18, 13.58, 16.85, 20.58, 25.01, 45.48, 49.74, 51.94, 54.5, 56.45, 59.35, 62.33, 64.21]
time: [6.72, 9.19, 13.0, 15.93, 19.5, 23.95, 44.48, 48.63, 50.83, 53.42, 55.72, 58.7, 61.79, 63.64]
current_hyper_parameter
v: [12.0, 12.0, 12.0, 12.0, 12.0, 12.0, 12.0, 12.0, 12.0, 12.0, 19.23, 12.0, 12.0, 12.0]
a: [50.0, 50.0, 139.87, 140.55, 50.0, 50.0, 50.0, 50.0, 50.0, 50.0, 42.71, 50.0, 50.0, 50.0]
d: [3.5, 3.5, 3.5, 3.5, 3.5, 3.5, 3.5, 3.5, 3.5, 3.5, 3.5, 3.5, 3.5, 2.0]
BEST_hyper_parameter
v: [12.0, 12.0, 12.0, 12.0, 12.0, 12.0, 12.0, 12.0, 12.0, 12.0, 12.0, 12.0, 12.0, 12.0]
a: [50.0, 50.0, 50.0, 140.55, 50.0, 50.0, 50.0, 50.0, 50.0, 50.0, 42.71, 50.0, 50.0, 50.0]
d: [3.5, 3.5, 3.5, 3.5, 3.5, 3.5, 3.5, 3.5, 3.5, 3.5, 3.5, 3.5, 3.5, 2.0]

iteration: 11
best: [6.72, 9.19, 13.0, 15.93, 19.5, 23.95, 44.48, 48.63, 50.83, 53.42, 55.72, 58.7, 61.79, 63.64]
time: [6.71, 9.18, 13.03, 15.99, 22.23, 39.91, 60.83, 1000.0, 1000.0, 1000.0, 1000.0, 1000.0, 1000.0, 1000.0]
current_hyper_parameter
v: [12.0, 12.0, 12.0, 12.0, 12.0, 12.0, 12.0, 12.0, 12.0, 12.0, 19.23, 12.0, 12.0, 12.0]
a: [50.0, 50.0, 139.87, 140.55, 147.34, 50.0, 50.0, 50.0, 50.0, 50.0, 42.71, 50.0, 50.0, 50.0]
d: [3.5, 3.5, 3.5, 3.5, 3.5, 3.5, 3.5, 3.5, 3.5, 3.5, 3.5, 3.5, 3.5, 2.0]
BEST_hyper_parameter
v: [12.0, 12.0, 12.0, 12.0, 12.0, 12.0, 12.0, 12.0, 12.0, 12.0, 19.23, 12.0, 12.0, 12.0]
a: [50.0, 50.0, 139.87, 140.55, 50.0, 50.0, 50.0, 50.0, 50.0, 50.0, 42.71, 50.0, 50.0, 50.0]
d: [3.5, 3.5, 3.5, 3.5, 3.5, 3.5, 3.5, 3.5, 3.5, 3.5, 3.5, 3.5, 3.5, 2.0]

iteration: 12
best: [6.72, 9.19, 13.0, 15.93, 19.5, 23.95, 44.48, 48.63, 50.83, 53.42, 55.72, 58.7, 61.79, 63.64]
time: [6.74, 9.22, 13.03, 19.33, 23.38, 27.5, 48.99, 53.38, 55.61, 58.18, 59.95, 63.02, 1000.0, 1000.0]
current_hyper_parameter
v: [12.0, 12.0, 12.0, 9.57, 12.0, 12.0, 12.0, 12.0, 12.0, 12.0, 19.23, 12.0, 12.0, 12.0]
a: [50.0, 50.0, 139.87, 140.55, 50.0, 50.0, 21.42, 50.0, 50.0, 50.0, 42.71, 50.0, 50.0, 50.0]
d: [3.5, 3.5, 3.5, 3.5, 3.5, 3.5, 3.5, 3.5, 3.5, 3.5, 3.5, 3.5, 3.5, 2.0]
BEST_hyper_parameter
v: [12.0, 12.0, 12.0, 12.0, 12.0, 12.0, 12.0, 12.0, 12.0, 12.0, 19.23, 12.0, 12.0, 12.0]
a: [50.0, 50.0, 139.87, 140.55, 50.0, 50.0, 50.0, 50.0, 50.0, 50.0, 42.71, 50.0, 50.0, 50.0]
d: [3.5, 3.5, 3.5, 3.5, 3.5, 3.5, 3.5, 3.5, 3.5, 3.5, 3.5, 3.5, 3.5, 2.0]

iteration: 13
best: [6.72, 9.19, 13.0, 15.93, 19.5, 23.95, 44.48, 48.63, 50.83, 53.42, 55.72, 58.7, 61.79, 63.64]
time: [6.72, 9.2, 13.02, 15.94, 19.51, 23.95, 44.5, 48.66, 50.93, 53.8, 55.65, 58.75, 1000.0, 1000.0]
current_hyper_parameter
v: [12.0, 12.0, 12.0, 12.0, 12.0, 12.0, 12.0, 12.0, 12.0, 12.0, 19.23, 12.0, 12.0, 12.0]
a: [50.0, 50.0, 139.87, 140.55, 50.0, 50.0, 50.0, 50.0, 50.0, 50.0, 42.71, 50.0, 50.0, 50.0]
d: [3.5, 3.5, 3.5, 3.5, 3.5, 3.5, 3.5, 3.5, 3.5, 3.5, 3.5, 3.5, 3.5, 2.0]
BEST_hyper_parameter
v: [12.0, 12.0, 12.0, 12.0, 12.0, 12.0, 12.0, 12.0, 12.0, 12.0, 19.23, 12.0, 12.0, 12.0]
a: [50.0, 50.0, 139.87, 140.55, 50.0, 50.0, 50.0, 50.0, 50.0, 50.0, 42.71, 50.0, 50.0, 50.0]
d: [3.5, 3.5, 3.5, 3.5, 3.5, 3.5, 3.5, 3.5, 3.5, 3.5, 3.5, 3.5, 3.5, 2.0]

iteration: 14
best: [6.72, 9.19, 13.0, 15.93, 19.5, 23.95, 44.48, 48.63, 50.83, 53.42, 55.72, 58.7, 61.79, 63.64]
time: [6.73, 9.18, 13.01, 15.95, 19.54, 23.95, 44.5, 48.67, 50.93, 53.8, 55.6, 58.69, 64.73, 1000.0]
current_hyper_parameter
v: [12.0, 12.0, 12.0, 12.0, 12.0, 12.0, 12.0, 12.0, 12.0, 12.0, 19.23, 12.0, 12.0, 12.0]
a: [50.0, 50.0, 139.87, 140.55, 50.0, 50.0, 50.0, 50.0, 50.0, 50.0, 42.71, 50.0, 50.0, 50.0]
d: [3.5, 3.5, 4.72, 3.5, 3.5, 3.5, 3.5, 3.5, 3.5, 3.5, 3.5, 3.5, 3.5, 2.0]
BEST_hyper_parameter
v: [12.0, 12.0, 12.0, 12.0, 12.0, 12.0, 12.0, 12.0, 12.0, 12.0, 19.23, 12.0, 12.0, 12.0]
a: [50.0, 50.0, 139.87, 140.55, 50.0, 50.0, 50.0, 50.0, 50.0, 50.0, 42.71, 50.0, 50.0, 50.0]
d: [3.5, 3.5, 3.5, 3.5, 3.5, 3.5, 3.5, 3.5, 3.5, 3.5, 3.5, 3.5, 3.5, 2.0]
